0.01593
0.01516
0.01659
0.01516
0.01125
0.01497
0.01564
0.01268
0.01316
0.01717
0.01669
0.01936
0.01783
0.01583
0.01554
0.01469
0.01564
0.0145
0.0145
0.01631
0.01402
0.01526
0.01593
0.01678
0.01755
0.0144
0.01841
0.01602
0.01249
0.01545
0.01564
0.01259
0.01392
0.01431
0.01373
0.01984
0.01669
0.02041
0.01326
0.01411
0.01717
0.01726
0.01755
0.01945
0.01621
0.02127
0.01516
0.01717
0.02022
0.01307
0.0164
0.0145
0.01984
0.01507
0.01984
0.01259
0.0165
0.01783
0.01364
0.01488
0.01602
0.01621
0.01736
0.01354
0.01631
0.01526
0.01631
0.01335
0.0165
0.01926
0.01688
0.01211
0.01831
0.07076
0.01726
0.01526
0.01287
0.01411
0.02136
0.01392
0.01583
0.0145
0.01812
0.0145
0.0124
0.01392
0.02146
0.01259
0.01602
0.01574
0.01602
0.0124
0.01192
0.01335
0.01564
0.01116
0.0144
0.01249
0.01669
0.01545
0.01564
0.01431
0.0145
0.01802
0.01345
0.01516
0.01793
0.01249
0.01688
0.01268
0.01392
0.01831
0.01879
0.0145
0.009537
0.01373
0.01211
0.01631
0.01783
0.01774
0.01917
0.02203
0.0248
0.01602
0.01593
0.02136
0.01488
0.01698
0.01612
0.01602
0.01516
0.01564
0.01659
0.01812
0.01678
0.01383
0.01984
0.01707
0.01297
0.01593
0.01764
0.01144
0.01211
0.01411
0.01211
0.01354
0.01488
0.01364
0.01926
0.0164
0.01516
0.0165
0.02546
0.01249
0.01774
0.01802
0.03395
0.0123
0.01593
0.01335
0.01688
0.0165
0.02003
0.02346
0.01812
0.01669
0.02203
0.01478
0.01755
0.02079
0.01402
0.01564
0.01287
0.01717
0.01478
0.01354
0.01526
0.01955
0.0144
0.01631
0.02651
0.01678
0.01717
0.01602
0.01802
0.01717
0.01793
0.01469
0.01669
0.0185
0.01678
0.01802
0.01335
0.01621
0.02985
0.01831
0.03023
0.0185
0.02022
0.01659
0.01936
0.01307
0.01259
0.01497
0.0246
0.01507
0.01974
0.01783
0.01745
0.01364
0.0103
0.01497
0.01631
0.01612
0.01726
0.01154
0.01621
0.01688
0.01163
0.01326
0.01745
0.01688
0.01345
0.01354
0.01068
0.01144
0.01202
0.01278
0.01011
0.01497
0.01221
0.01268
0.01211
0.01106
0.01583
0.01659
0.00906
0.01268
0.01583
0.01211
0.035
0.01373
0.01106
0.01411
0.01411
0.0144
0.01316
0.0165
0.01221
0.01459
0.01717
0.01516
0.01698
0.01612
0.0104
0.01221
0.01221
0.01335
0.02556
0.01526
0.01659
0.01974
0.01554
0.02842
0.01354
0.01602
0.01411
0.01287
0.01259
0.01383
0.01307
0.01478
0.01488
0.01745
0.01564
0.01488
0.01087
0.01478
0.01707
0.01535
0.01497
0.01783
0.01478
0.01497
0.01612
0.01621
0.01278
0.01345
0.01326
0.01535
0.01917
0.02184
0.01717
0.01516
0.01526
0.01612
0.01574
0.02241
0.01383
0.01717
0.01669
0.01383
0.01717
0.01316
0.01411
0.01659
0.02069
0.01526
0.01421
0.01612
0.01783
0.01736
0.01392
0.0164
0.01516
0.01764
0.01459
0.01554
0.0186
0.01411
0.01516
0.01564
0.01612
0.01526
0.01192
0.01774
0.01364
0.01879
0.01822
0.01574
0.01802
0.01869
0.01259
0.01345
0.01974
0.02031
0.01888
0.01392
0.01354
0.01478
0.01516
0.01564
0.01802
0.03138
0.01497
0.01631
0.0206
0.01507
0.01993
0.01669
0.01812
0.01364
0.01926
0.01516
0.01774
0.01278
0.01793
0.01745
0.0186
0.02623
0.01678
0.01659
0.01583
0.01678
0.01307
0.01793
0.02203
0.01507
0.02089
0.01755
0.02346
0.01469
0.01669
0.01841
0.01831
0.01354
0.01545
0.01602
0.01745
0.01774
0.0165
0.01831
0.01678
0.01602
0.01984
0.01793
0.01516
0.0186
0.01326
0.01593
0.01373
0.01287
0.01802
0.01669
0.01345
0.01955
0.01965
0.0205
0.01488
0.01688
0.01717
0.01831
0.01373
0.01335
0.01564
0.01774
0.01802
0.01183
0.0185
0.02165
0.01907
0.01898
0.01736
0.01945
0.02098
0.01726
0.01812
0.01984
0.01268
0.01621
0.01631
0.01488
0.01726
0.01841
0.01907
0.01364
0.01965
0.01354
0.0165
0.01783
0.01717
0.01535
0.01879
0.01392
0.01793
0.01297
0.0124
0.01669
0.01688
0.02308
0.01526
0.02022
0.01822
0.01898
0.01488
0.01822
0.01745
0.01936
0.01507
0.0226
0.01488
0.02108
0.01793
0.01431
0.0185
0.01478
0.01726
0.02041
0.01802
0.01469
0.01707
0.01335
0.02012
0.01163
0.0206
0.01593
0.01917
0.01774
0.01478
0.02289
0.02098
0.01183
0.01736
0.01163
0.01287
0.01488
0.01593
0.01659
0.01984
0.01688
0.01812
0.01783
0.01726
0.01564
0.01402
0.01335
0.01993
0.01593
0.01163
0.01659
0.0186
0.01698
0.0186
0.01993
0.01421
0.01106
0.0144
0.01516
0.0144
0.01345
0.01183
0.01431
0.01163
0.01268
0.01183
0.01574
0.01888
0.01574
0.01278
0.01478
0.01621
0.01364
0.02184
0.02232
0.02127
0.0102
0.01469
0.02089
0.01535
0.01602
0.01163
0.01574
0.01268
0.01564
0.01745
0.01526
0.01764
0.01831
0.01345
0.01373
0.0145
0.08812
0.01898
0.01373
0.01001
0.01411
0.01631
0.01402
0.02127
0.01659
0.01259
0.01068
0.01945
0.01183
0.0124
0.01535
0.01507
0.0124
0.01602
0.01602
0.01192
0.0124
0.01659
0.0164
0.01841
0.01659
0.01354
0.01211
0.01574
0.01669
0.01621
0.01745
0.01421
0.0123
0.01717
0.01755
0.01554
0.01583
0.01535
0.01307
0.02041
0.01478
0.01535
0.0164
0.01945
0.01841
0.01249
0.008869
0.01307
0.01621
0.01602
0.01659
0.01478
0.01402
0.01392
0.01307
0.01669
0.01469
0.01068
0.01488
0.01392
0.01097
0.0145
0.01812
0.01373
0.01249
0.01259
0.01221
0.01068
0.009441
0.01221
0.01583
0.01307
0.01698
0.01574
0.01593
0.008678
0.01411
0.01564
0.01259
0.01163
0.01259
0.01068
0.01287
0.01345
0.01526
0.0145
0.01936
0.0206
0.0145
0.01554
0.01831
0.01764
0.01583
0.01945
0.01516
0.02623
0.02432
0.01707
0.01802
0.01564
0.009441
0.01278
0.02317
0.01907
0.0185
0.01268
0.01459
0.01307
0.01926
0.01421
0.01411
0.01583
0.07162
0.06981
0.01993
0.01545
0.01516
0.01183
0.01526
0.01268
0.01326
0.01421
0.01249
0.01497
0.01516
0.01297
0.01411
0.01774
0.01488
0.01411
0.01488
0.01297
0.01545
0.01841
0.01478
0.01478
0.01345
0.0124
0.01373
0.01106
0.0124
0.01898
0.01526
0.01154
0.01764
0.01297
0.01926
0.01421
0.01097
0.01383
0.01278
0.01774
0.01497
0.01469
0.01411
0.0145
0.01268
0.01202
0.01211
0.01335
0.01373
0.01354
0.01116
0.01221
0.0124
0.01373
0.01373
0.01764
0.01822
0.01564
0.0164
0.01554
0.01364
0.0124
0.01526
0.01755
0.01421
0.01774
0.01459
0.01535
0.0124
0.01621
0.01659
0.01554
0.01593
0.01373
0.01593
0.0144
0.0164
0.01612
0.01898
0.01793
0.01411
0.01411
0.01974
0.01459
0.01307
0.01478
0.01707
0.01745
0.01431
0.01945
0.01392
0.0144
0.05178
0.02241
0.01516
0.01907
0.01736
0.007343
0.01421
0.01183
0.01392
0.01459
0.009632
0.01545
0.01669
0.01764
0.01612
0.01802
0.01545
0.01736
0.0102
0.0185
0.01411
0.01688
0.02146
0.01268
0.0165
0.01669
0.0185
0.0144
0.02184
0.01764
0.01316
0.01631
0.01717
0.01392
0.01593
0.01736
0.01755
0.01678
0.01431
0.01898
0.0164
0.01383
0.01631
0.01154
0.01688
0.02222
0.01392
0.01278
0.01421
0.01631
