20.85
19.7
15.48
9.253
8.887
8.765
13.31
20.21
20.85
20.61
18.43
14.36
8.997
7.52
6.604
6.604
6.604
6.604
6.604
6.604
8.521
9.009
8.691
8.862
12.08
20.02
20.8
20.58
17.04
11.22
10.74
17.75
20.8
20.78
20.39
13.92
14.67
20.75
20.8
20.46
15.16
15.41
16.48
17.09
17.68
17.99
18.29
18.55
18.6
18.77
16.97
16.5
15.87
15.14
10.33
10.97
18.92
20.83
20.8
20.43
15.6
11.79
14.45
16.46
17.19
17.77
18.07
18.43
18.68
17.72
16.55
15.48
15.11
12.06
15.94
20.83
20.83
20.73
20.12
12.67
18.26
20.85
20.83
20.83
20.07
13.67
15.94
16.77
17.24
17.65
17.97
18.14
18.41
18.63
17.46
16.63
16.46
15.48
13.65
10.97
15.75
16.89
17.58
17.97
18.33
18.53
17.24
17.16
16.75
12.92
12.44
16.02
16.94
17.58
17.99
18.31
18.53
17.36
16.97
16.5
15.06
10.53
10.6
10.18
10.44
10.62
10.19
10.79
10.61
10.49
10.62
10.47
13.84
20.07
20.83
20.7
20.04
13.92
15.58
16.58
17.16
17.6
17.97
18.24
18.48
18.51
17.63
17.36
16.97
14.06
11.99
15.89
16.94
17.53
17.97
18.21
18.55
18.36
16.82
16.63
16.04
13.53
12.27
15.82
16.82
17.29
17.75
18.02
18.19
18.46
18.04
17.24
16.6
15.09
11.58
10.12
9.9
9.766
10.24
9.558
9.79
9.912
9.131
9.131
9.131
9.131
9.131
9.131
9.131
9.131
9.143
9.814
10.72
10.41
9.985
9.9
9.692
9.729
10.41
9.729
10.23
9.863
10.01
9.961
9.998
9.863
9.399
9.229
9.045
8.936
8.936
8.936
8.936
8.936
9.033
10.02
14.06
20.51
20.78
20.65
20.31
15.8
10.77
18.02
20.87
20.78
19.02
12.12
10.01
9.961
9.521
9.424
9.326
9.326
9.326
9.326
9.326
9.326
9.326
10.06
9.998
13.62
20.31
20.85
20.53
19.73
14.53
13.5
20.07
20.78
20.73
19.34
18.68
12.45
10.03
9.131
9.131
9.131
9.131
9.131
9.131
9.131
9.131
9.924
11.12
19.07
20.75
20.41
14.72
18.36
20.85
20.61
12.52
10.75
11.22
10.47
10.31
10.38
10.21
9.973
9.521
9.521
9.521
9.521
9.521
9.521
9.79
9.656
10.17
10.22
9.717
9.985
10.18
10.62
10.31
10.06
10.57
18.16
20.85
20.85
20.8
14.75
9.9
9.875
9.57
9.521
9.521
9.521
9.521
9.521
9.521
11.88
19.6
20.85
20.7
19.63
15.19
12.7
20.02
20.83
18.58
17.82
20.83
19.95
13.7
10.17
9.717
9.692
9.521
9.521
9.521
9.521
9.521
9.521
9.521
9.644
10.36
9.924
9.741
9.705
9.766
9.753
9.705
10.23
9.705
9.705
10.19
9.558
9.521
10.94
18.29
20.85
20.83
20.0
10.55
9.839
9.717
9.717
9.717
10.31
11.11
9.741
10.51
9.705
12.01
16.26
17.16
17.72
18.24
18.65
19.04
19.19
19.36
19.48
19.56
19.75
19.82
19.95
19.95
20.14
20.14
20.12
20.17
20.31
20.43
20.51
20.65
20.43
18.41
19.6
20.46
20.68
20.68
20.68
20.68
20.68
19.58
18.31
17.99
17.82
12.39
14.79
16.77
17.46
17.9
18.21
18.46
18.7
18.99
19.17
19.19
19.36
19.46
19.56
19.73
19.75
19.9
19.92
20.09
20.12
20.14
20.31
20.41
20.51
20.65
20.7
19.8
18.53
20.09
20.7
20.87
20.85
20.85
20.65
20.63
19.56
18.7
18.58
17.82
11.49
16.02
17.19
17.92
18.33
18.53
18.95
19.19
19.36
19.36
19.53
19.53
19.68
19.73
19.85
19.92
19.92
20.07
20.12
20.12
20.21
20.31
20.39
20.51
20.51
20.61
20.7
19.21
18.24
20.17
20.87
20.87
20.83
20.65
20.65
20.41
17.43
15.72
15.67
15.67
15.65
10.06
14.87
16.89
17.63
18.12
18.38
18.6
18.9
19.14
19.26
19.36
19.51
19.56
19.73
19.75
19.78
19.95
19.95
20.09
20.12
20.14
20.17
20.31
20.31
20.43
20.51
20.63
20.7
20.7
20.7
18.77
17.43
18.36
20.0
20.68
20.7
20.51
20.48
20.48
20.34
19.9
18.14
17.04
17.04
16.53
15.82
10.17
15.48
16.99
17.63
18.12
18.36
18.63
18.77
19.02
19.17
19.21
19.36
19.46
19.56
19.56
19.73
19.75
19.75
19.82
19.95
19.95
19.97
20.14
20.12
20.12
20.17
20.31
20.31
20.31
20.39
20.65
20.7
20.7
18.31
18.33
19.26
20.39
20.8
20.85
20.48
20.14
19.85
18.82
16.41
15.87
15.75
13.16
11.66
15.67
16.55
16.75
13.26
12.94
11.35
10.69
15.23
16.48
16.97
15.26
12.82
12.94
11.04
11.41
16.28
17.26
17.9
18.29
18.55
18.95
19.19
19.41
19.48
19.65
19.65
19.82
19.85
20.02
20.04
20.12
20.24
20.24
20.43
20.43
20.43
20.51
20.63
20.63
20.8
20.8
19.95
17.87
19.46
20.53
20.87
20.85
20.61
20.48
20.31
18.6
16.06
15.33
15.28
15.28
13.04
11.61
16.28
17.26
17.9
18.31
18.51
18.87
19.14
19.31
19.38
19.58
19.73
19.73
19.87
20.0
20.12
20.12
20.29
20.31
20.46
20.7
20.7
19.92
18.46
20.07
20.34
20.87
20.87
20.61
19.75
19.36
16.53
15.84
15.6
15.48
14.84
11.35
16.11
17.14
17.68
18.07
18.31
18.43
18.6
18.87
18.97
19.14
19.17
19.29
19.36
19.36
19.56
19.56
19.56
19.63
19.75
19.75
19.82
19.92
19.92
20.09
20.12
20.12
20.26
20.31
20.46
20.51
20.68
20.7
19.14
18.63
20.75
20.87
20.87
20.78
20.68
19.36
17.9
16.99
16.85
16.67
12.87
12.1
9.473
12.89
16.85
17.87
18.36
18.73
19.12
19.31
19.51
19.53
19.7
19.75
19.92
19.92
20.04
20.12
20.12
20.14
20.31
20.31
20.31
20.56
20.7
20.7
20.7
18.63
18.97
20.26
20.87
20.85
20.87
20.85
20.8
20.17
16.97
15.31
15.28
15.28
15.28
15.19
9.155
9.644
10.3
9.473
9.778
11.61
19.14
20.75
20.83
19.82
12.32
13.28
16.6
17.36
17.87
18.31
18.55
18.68
18.99
19.21
19.34
19.46
19.53
19.53
19.7
19.7
19.7
19.82
19.9
19.97
20.09
20.19
20.29
20.29
20.29
20.53
20.68
20.68
20.68
20.26
17.43
19.58
20.24
20.46
20.43
20.46
20.43
19.41
16.87
16.82
16.85
16.6
10.56
6.799
6.799
6.799
6.665
6.604
6.604
6.604
6.604
6.604
6.604
6.604
6.604
6.604
6.604
6.604
6.604
6.604
6.604
6.604
6.604
6.604
8.96
9.509
10.4
9.57
9.143
9.79
10.31
9.485
14.36
