20.63
19.63
17.07
10.33
12.13
19.26
20.83
20.8
19.87
19.24
12.72
15.23
20.48
20.85
20.7
14.4
7.971
7.776
7.776
8.508
10.3
16.28
20.8
20.85
20.61
19.56
15.6
16.04
20.83
20.85
20.56
19.7
16.06
15.31
20.65
20.85
20.73
19.65
18.16
17.24
17.5
18.12
18.58
19.04
19.26
19.51
19.75
19.85
18.85
16.92
16.43
16.46
16.31
14.7
10.05
10.11
10.46
9.912
10.05
10.11
13.43
20.0
20.85
20.85
19.95
18.31
16.8
17.07
17.8
18.31
18.65
19.04
19.24
19.43
19.68
19.8
19.24
16.87
16.09
16.06
16.09
15.16
10.57
11.98
18.36
20.85
20.85
20.75
19.7
19.7
19.43
19.36
19.36
19.36
19.36
19.36
19.51
19.75
19.85
18.24
16.7
16.53
16.28
15.19
13.21
12.0
11.66
11.44
11.27
18.75
20.83
19.92
15.53
16.85
17.99
18.63
19.07
19.29
19.46
19.73
18.16
16.04
15.8
15.53
14.26
10.33
15.82
17.48
18.19
18.65
19.07
19.29
19.58
19.82
17.75
16.16
16.09
15.92
15.72
11.17
11.08
11.4
10.52
10.83
11.36
11.05
10.71
13.92
20.09
20.85
20.85
19.8
18.99
18.99
13.7
16.36
20.8
20.85
20.83
19.29
19.21
19.19
19.17
19.17
19.17
19.17
19.31
19.58
19.75
19.24
18.58
18.6
18.43
18.21
13.94
11.55
11.44
11.68
17.87
20.85
20.53
17.19
8.069
7.8
7.776
7.776
7.776
8.191
10.24
10.35
10.27
10.17
10.86
9.619
10.88
11.27
17.53
20.83
20.85
20.8
19.58
19.53
11.89
10.62
12.23
18.41
20.83
20.85
20.46
19.92
19.68
11.63
10.88
11.15
16.92
20.8
20.85
20.75
19.31
19.38
14.94
10.86
10.22
10.45
10.68
12.45
18.8
20.85
20.85
20.29
19.36
19.41
13.53
7.776
7.776
8.118
10.42
12.06
18.63
20.83
20.83
19.73
16.48
18.99
20.83
20.12
19.02
12.01
10.5
11.02
10.31
10.9
10.82
10.8
7.874
7.776
7.776
7.776
7.776
8.142
11.17
10.5
14.84
20.46
20.83
20.83
19.41
18.99
13.09
13.99
19.85
20.83
20.83
19.97
19.38
17.75
11.3
10.38
7.874
7.776
7.776
7.776
7.776
8.081
10.39
10.49
10.27
10.12
10.45
10.49
10.22
10.64
10.13
14.97
20.43
20.85
20.85
19.38
19.02
14.5
11.18
10.44
9.705
8.984
7.922
7.776
7.776
8.069
9.961
10.23
10.6
10.1
10.03
11.24
18.58
20.85
20.75
16.5
10.33
10.16
10.47
10.17
13.04
20.78
20.8
14.33
8.521
7.935
7.776
7.776
7.776
8.069
9.998
10.06
9.888
10.5
17.41
20.85
20.85
20.83
16.46
9.961
10.07
11.39
18.99
20.85
20.85
20.8
14.75
20.58
20.83
20.83
14.23
8.313
7.849
8.057
10.07
10.67
12.57
10.84
9.79
10.89
10.61
10.1
9.766
10.08
16.63
20.83
20.85
20.8
12.01
10.79
10.29
16.21
20.83
20.85
20.83
16.02
14.94
17.8
18.51
18.9
19.36
19.65
19.85
20.14
20.41
20.63
20.7
20.7
20.7
20.7
20.7
20.7
20.73
20.73
20.7
20.75
20.8
20.78
20.83
20.85
19.95
19.8
20.85
20.85
20.85
20.87
19.95
18.97
18.21
11.05
16.65
18.87
19.63
20.07
20.51
20.68
20.7
20.7
20.73
20.7
20.7
20.7
20.7
20.7
20.7
20.7
20.7
20.7
20.7
20.7
20.7
20.7
20.7
20.7
20.7
19.73
20.68
20.87
20.87
20.85
20.85
20.87
20.48
19.14
18.65
18.58
18.58
16.24
12.45
17.77
18.8
19.41
19.75
20.12
20.46
20.68
20.73
20.7
20.7
20.7
20.7
20.7
20.7
20.7
20.7
20.7
20.7
20.7
20.7
20.7
20.7
19.21
20.68
20.85
20.85
20.85
20.87
20.53
20.0
19.95
18.7
11.39
17.87
19.19
19.68
19.92
20.43
20.65
20.73
20.7
20.7
20.7
20.7
20.7
20.7
20.7
20.73
20.7
20.7
20.7
20.7
20.7
20.7
20.7
19.85
18.95
20.83
20.87
20.87
20.85
20.85
20.87
20.85
19.17
19.17
19.17
19.02
18.77
11.87
17.43
18.77
19.41
19.87
20.09
20.46
20.7
20.7
20.7
20.7
20.7
20.7
20.7
20.7
20.7
20.73
20.7
20.75
20.75
20.73
20.78
20.75
19.87
18.77
20.53
20.85
20.83
20.85
20.85
20.63
20.31
20.09
19.53
14.14
16.63
17.94
18.16
15.23
14.99
12.18
16.48
17.92
18.33
18.55
15.48
14.82
14.94
14.38
14.01
17.43
17.87
14.55
14.28
13.11
16.6
18.02
18.41
15.04
14.75
14.4
13.62
17.24
18.21
15.82
14.36
14.36
13.43
16.72
18.04
17.46
14.72
14.77
14.28
17.16
20.78
20.83
19.38
16.16
15.48
17.94
17.55
14.58
14.48
12.13
17.29
18.9
19.58
19.92
20.29
20.61
20.7
20.7
20.7
20.7
20.7
20.7
20.7
20.73
20.7
20.7
20.7
20.7
20.7
20.7
20.7
20.7
19.53
20.68
20.87
20.87
20.85
20.85
20.8
20.12
19.6
19.24
12.08
17.02
19.09
19.78
20.21
20.63
20.7
20.7
20.73
20.7
20.73
20.73
20.7
20.75
20.83
20.78
20.56
20.7
20.87
20.87
20.87
20.87
20.87
20.87
20.87
20.9
20.73
19.95
19.95
19.95
19.95
19.95
19.97
19.19
11.74
17.11
18.16
18.7
19.04
19.43
19.63
19.75
19.92
20.07
20.36
20.53
20.61
20.73
20.73
20.73
20.73
20.7
20.7
20.7
20.7
20.7
20.7
20.7
20.7
20.7
20.7
20.7
20.7
20.7
20.7
20.7
20.7
20.7
20.7
20.7
20.73
19.36
20.68
20.87
20.87
20.87
20.87
20.83
20.68
20.68
20.7
20.7
20.24
20.14
20.14
20.14
20.14
20.17
19.56
11.91
13.94
20.12
20.85
20.85
20.0
17.8
14.87
18.63
20.85
20.85
20.31
18.77
18.51
13.96
14.53
20.46
20.85
20.85
19.68
18.53
12.0
17.92
20.85
20.83
18.51
10.69
10.67
10.52
11.68
11.02
17.14
18.43
19.04
19.58
19.8
20.04
20.39
20.56
20.7
20.7
20.7
20.7
20.7
20.73
20.73
20.7
20.7
20.7
20.7
20.7
20.7
20.7
20.7
20.7
20.7
20.7
20.7
20.7
20.7
20.7
20.7
19.26
20.58
20.87
20.87
20.87
20.87
20.87
20.87
20.87
20.9
20.83
20.43
20.21
20.14
20.12
19.95
19.85
17.19
7.971
7.971
7.874
7.776
7.776
7.776
7.776
7.776
7.776
7.776
7.776
7.776
7.776
7.776
7.776
7.776
7.776
7.776
7.776
9.216
11.61
11.56
10.94
11.73
12.16
15.99
20.65
20.85
20.85
20.63
