0.2762
0.2769
0.1354
0.2937
0.3635
0.2518
0.4257
0.3693
0.1883
0.4311
0.3242
0.1543
0.3639
0.001049
0.0002861
0.1385
0.0
0.0
0.0
0.177
0.4707
0.1322
0.2651
0.2895
0.2934
0.1684
0.4524
0.3319
0.259
0.2491
0.1331
0.4425
0.1474
0.288
0.1793
0.309
0.1438
0.288
0.201
0.141
0.3033
0.08612
1.404
2.063
1.987
1.974
2.072
5.188
3.116
1.146
0.1324
0.0
0.4051
0.1638
0.3735
0.2506
0.3204
0.3368
0.1846
0.3929
0.1221
0.6325
1.971
2.121
2.136
1.898
3.424
4.065
2.649
0.4623
0.2018
0.09975
1.181
2.036
2.09
2.124
2.023
4.81
2.67
0.692
0.2495
0.1822
0.2579
0.2308
0.1226
0.2918
0.5997
1.895
1.91
2.042
1.944
5.017
2.841
1.018
0.3105
0.2254
0.1074
0.293
0.4654
0.1238
0.243
0.1539
0.5638
0.2666
0.3399
0.2205
0.5684
0.3613
0.275
0.1003
1.305
1.669
1.95
2.277
4.224
2.924
2.225
0.3365
0.5867
0.2792
0.3815
0.2926
0.4105
0.127
0.267
0.1495
0.3712
0.441
0.386
0.3735
0.3616
0.4341
0.4005
0.4333
0.317
1.804
2.216
1.947
2.026
4.797
2.469
1.901
0.5287
0.4562
0.1709
0.4448
0.3597
0.1589
0.3193
0.4379
0.3559
0.4959
1.889
2.036
1.938
2.298
5.06
2.359
1.807
0.3338
1.399
2.011
2.139
2.023
4.974
1.718
1.907
0.4204
0.4669
0.4715
0.5325
0.1665
0.1976
0.275
0.3635
0.3906
0.2758
0.1942
0.4822
0.2911
0.149
0.2899
0.0885
0.001717
9.537e-05
0.0006676
0.0
0.0008583
0.0
0.4257
0.1402
0.2647
0.4646
0.1081
0.4303
0.1072
0.1558
0.1413
0.2605
0.3391
0.1251
0.1005
0.1028
0.3033
0.1945
0.3174
0.0004768
0.0006676
0.0
0.0003815
0.0
0.0
0.0
0.2411
0.2544
0.169
0.1812
0.4677
0.116
0.1438
0.3319
0.1829
0.2872
0.164
0.1713
0.2518
0.2026
0.2144
0.2377
0.149
0.3384
0.01373
0.0003815
0.0004768
0.0
0.0
0.3212
0.4082
0.1152
0.1837
0.2598
0.2113
0.1848
0.2579
0.2869
0.1753
0.3181
0.1587
0.1965
0.5203
0.8331
0.6744
0.6546
0.3811
0.1629
0.2781
0.1884
0.0001907
0.0
0.0
0.01259
0.1883
0.1545
0.1284
0.127
0.3288
0.2045
0.3742
0.1631
0.2193
0.1419
0.1522
0.1699
0.148
0.2148
0.3002
0.1078
0.1686
0.3319
0.01698
0.0001907
0.0
0.0
0.0
0.1181
0.3208
0.1596
0.296
0.2396
0.05598
0.3284
0.3609
0.338
0.3246
0.1781
0.1972
0.1677
0.186
0.1436
0.1463
0.3292
0.1717
0.1322
0.1337
0.4021
0.0002861
9.537e-05
0.0
0.0
0.01545
0.2262
0.7004
0.4204
0.09842
0.1081
0.296
0.2316
0.1602
0.5539
0.1753
0.3033
0.1371
0.3181
0.2132
0.1503
0.1532
0.0
0.0004768
0.0009537
0.0
0.0
0.0
0.0004768
0.0004768
0.1644
0.1621
0.248
0.3922
0.09937
0.1621
0.4234
0.1141
0.2342
0.09127
0.1825
0.09623
0.412
0.2079
0.219
0.1081
0.1514
0.3601
0.001621
9.537e-05
9.537e-05
0.0
0.0
0.007629
0.6332
0.5981
0.2583
0.3983
0.3529
0.1549
0.3838
0.4486
0.2224
0.3544
0.3906
0.1507
0.1513
0.428
0.1801
0.4929
0.1715
0.1549
0.9933
1.389
1.242
1.457
1.538
1.608
1.883
2.063
1.981
2.228
2.094
2.469
2.347
1.95
1.828
1.822
2.115
1.694
1.746
1.733
1.895
8.398
6.628
7.336
8.435
5.493
5.609
4.688
3.43
1.494
1.028
0.618
1.244
0.9537
1.26
1.137
1.373
2.063
1.794
1.761
1.974
1.852
2.261
1.932
1.886
1.614
1.691
1.865
2.112
2.161
1.947
1.871
1.898
1.797
4.248
7.117
6.201
7.19
6.604
6.604
5.219
3.894
3.656
2.6
1.262
0.47
1.276
2.155
2.249
2.029
1.981
2.103
2.255
2.023
1.862
1.813
2.1
1.865
1.7
1.81
1.691
1.678
1.433
1.569
1.572
1.52
1.454
2.094
8.618
6.049
5.872
8.679
7.483
4.761
3.546
3.018
2.93
1.178
0.5913
1.166
1.501
1.779
1.849
2.319
2.274
1.926
1.654
1.544
1.5
1.266
1.404
1.231
1.198
1.045
1.149
1.189
1.367
1.402
1.491
1.462
1.862
1.794
1.456
3.973
6.543
2.325
5.695
7.532
6.207
6.47
4.852
3.912
4.266
3.125
1.021
1.514
0.6508
0.9796
0.9659
1.286
1.682
1.511
1.271
1.346
1.259
1.143
1.096
1.044
1.135
1.059
1.01
1.366
1.157
1.074
1.018
1.212
1.195
1.199
1.125
0.9995
0.9216
0.9933
1.137
1.108
1.196
1.042
1.065
1.125
3.955
6.036
2.005
3.156
3.851
5.42
4.272
5.237
4.474
4.144
4.504
3.625
3.912
3.278
1.593
0.8179
0.4509
1.083
1.088
3.29
1.987
0.9735
0.0247
1.028
1.193
1.305
3.033
3.284
1.678
1.321
0.1364
1.025
1.118
2.026
2.396
0.9766
0.4654
0.1858
0.1261
0.3372
0.07439
0.5302
0.827
0.827
1.761
2.441
1.018
0.6599
0.1122
0.5783
0.9018
1.305
3.29
1.001
0.3906
0.4387
0.7111
0.9216
1.889
2.454
0.853
0.5661
0.1965
0.1484
0.1066
0.3754
0.2628
0.1795
0.219
0.2548
0.02613
0.8667
1.254
1.451
1.306
1.048
0.7767
0.8881
0.8331
0.8575
0.9811
1.033
0.9537
1.062
1.036
1.062
0.8743
0.9186
0.8881
0.8591
0.8926
0.8896
0.8713
0.8514
0.914
0.853
1.007
0.9033
0.972
0.8789
0.9033
0.8179
1.044
1.144
1.202
1.303
1.314
4.913
5.383
2.048
5.89
8.252
6.47
5.64
5.682
4.468
3.979
2.997
1.303
1.369
0.7668
1.035
1.457
1.694
1.73
1.913
1.944
1.788
1.546
1.27
1.16
1.143
1.146
1.157
1.126
1.05
0.9476
1.196
1.114
1.237
1.147
1.208
1.076
1.096
1.236
1.172
1.173
1.076
2.576
7.19
3.192
4.822
4.175
5.908
4.694
4.492
5.09
2.454
4.333
3.864
3.265
3.156
1.639
1.587
0.4242
1.262
0.2075
0.7721
0.7713
0.5577
1.001
0.7782
0.8316
0.795
0.8011
0.8423
0.8759
0.9216
0.8636
0.8087
0.8759
0.8713
0.9186
0.8057
0.8057
0.8286
0.885
0.9674
0.7889
0.8682
0.9064
0.8606
0.8865
0.8316
0.8606
0.9644
0.8926
0.9201
0.946
0.9293
0.8682
0.8789
0.7919
0.8545
0.8987
0.8148
0.9705
0.8591
0.972
1.45
7.092
3.29
2.313
4.254
3.656
5.768
4.449
4.193
4.022
3.973
4.523
3.467
2.96
2.338
2.292
0.7683
1.367
0.2968
0.2911
0.2254
0.3189
0.1417
0.1049
0.07448
0.227
0.2541
0.4448
0.2892
0.2716
0.0001907
0.0005722
0.0
0.0
0.01535
0.3086
0.3101
0.3033
0.2117
0.1528
0.2563
0.3258
0.2964
0.1406
0.2228
0.2735
0.7019
0.2972
0.1263
0.1009
0.2029
0.2522
0.02546
9.537e-05
0.0004768
0.0005722
9.537e-05
0.0
0.0
0.0
0.0
0.0
0.0002861
0.0
0.0009537
0.0
0.0
0.0
0.0
0.0
0.0
0.0
0.0
0.8942
0.3639
0.8652
0.6378
0.1287
0.3475
0.9613
0.2674
0.1511
0.4433
