22.53
16.85
22.19
17.48
22.34
17.09
22.34
17.85
22.95
21.31
26.76
22.29
26.71
22.71
27.1
22.0
26.66
22.12
27.1
21.51
27.05
21.61
26.71
22.24
27.59
21.53
26.71
22.12
26.27
21.41
27.83
21.51
30.03
24.02
27.88
21.07
26.07
20.41
26.07
20.8
25.93
20.95
24.9
20.46
25.39
21.12
25.73
20.63
24.88
19.85
25.39
20.29
25.39
19.8
23.85
21.26
28.32
22.73
22.97
20.48
27.49
19.02
21.88
18.04
22.41
18.19
22.36
18.19
23.05
18.04
22.83
19.34
27.2
21.12
23.27
17.58
21.9
17.72
22.22
17.43
22.58
17.7
22.12
18.38
22.49
17.94
22.09
18.92
22.07
17.8
21.95
18.12
22.27
17.19
21.14
17.97
22.05
17.5
22.09
17.58
21.66
17.63
21.83
17.31
21.75
17.11
21.63
17.09
21.7
17.21
22.0
17.97
24.95
17.48
20.68
16.58
20.97
16.38
20.7
16.24
20.19
16.14
21.63
19.65
22.66
16.46
20.07
16.36
21.19
18.77
24.15
19.53
20.31
15.89
20.14
15.99
20.21
16.33
20.51
16.21
20.58
16.26
24.44
19.78
22.71
19.75
23.44
17.87
22.58
17.94
22.61
18.73
22.95
21.41
28.12
23.1
27.15
22.36
27.54
24.32
26.56
22.19
26.66
25.98
28.61
22.56
26.9
23.19
28.12
26.71
27.0
21.85
26.81
25.39
31.54
22.12
26.07
25.93
27.78
24.66
25.78
22.07
26.66
22.61
26.81
22.24
26.86
23.0
27.1
22.63
23.14
17.07
22.12
17.99
26.22
21.36
23.73
18.09
23.1
18.53
23.12
23.1
26.42
20.53
23.39
18.51
23.17
18.75
22.85
18.19
25.93
19.34
24.02
19.02
23.85
19.41
22.9
19.09
22.41
17.21
24.17
21.39
23.07
20.85
24.0
20.31
24.9
22.02
26.56
22.68
26.03
21.22
28.42
23.71
27.93
24.51
28.66
26.07
24.27
23.05
24.73
20.92
24.44
23.02
24.34
20.53
26.32
23.22
31.01
24.34
26.42
21.78
27.2
21.12
25.68
21.17
25.93
24.88
26.03
20.58
23.68
19.26
23.73
20.14
24.78
21.95
28.47
26.03
29.35
26.46
27.49
26.22
30.42
25.24
29.64
24.54
30.96
24.78
29.93
26.37
29.35
25.93
28.56
25.39
28.56
25.15
28.81
24.17
28.42
24.93
28.08
23.41
27.15
23.17
28.03
25.2
30.52
26.81
31.2
29.98
28.66
23.93
29.2
24.0
27.2
22.31
26.9
23.88
27.44
27.1
28.27
23.02
27.25
22.24
25.63
24.46
27.0
22.41
28.66
20.61
26.17
24.85
24.66
21.09
23.63
20.61
23.46
18.75
22.63
20.21
20.97
17.02
21.17
16.97
23.29
18.26
22.19
17.58
23.17
20.63
24.66
21.36
25.63
21.97
29.64
31.98
29.69
23.85
28.03
23.32
23.85
19.65
23.95
20.7
25.73
25.1
26.42
24.29
27.1
24.56
24.9
20.43
21.29
18.12
20.26
20.31
22.85
22.19
25.78
20.39
21.83
18.82
21.53
18.14
20.95
18.68
21.31
18.19
21.85
19.34
21.0
18.73
20.7
17.11
19.92
18.36
22.31
21.9
21.29
20.63
20.31
18.14
23.22
18.95
20.34
18.21
20.51
18.82
21.51
19.48
26.17
21.58
22.29
19.92
22.34
19.56
22.44
21.26
24.32
23.27
27.1
24.54
28.47
26.42
32.03
24.51
27.0
24.39
25.29
25.29
27.29
26.76
26.9
22.12
24.63
21.92
23.78
24.24
23.54
20.95
24.17
21.7
24.83
22.92
25.1
24.37
28.56
27.78
29.93
27.59
31.64
29.0
30.27
29.54
30.42
29.35
32.71
30.18
35.5
29.88
30.37
28.32
30.08
29.93
31.64
28.76
28.76
26.32
28.52
27.39
30.18
27.98
29.54
29.69
29.79
29.69
33.35
30.37
31.1
28.52
30.57
27.98
29.74
27.98
29.83
27.2
29.79
28.66
36.57
27.83
30.76
26.71
30.96
28.27
30.47
23.24
27.69
26.32
29.79
24.66
26.81
22.61
24.32
20.85
24.73
22.27
25.44
19.19
23.78
20.31
24.07
20.63
25.34
22.58
26.61
20.02
23.85
20.48
23.71
21.75
24.22
21.07
24.19
23.02
23.68
18.8
23.44
19.29
22.95
20.8
23.34
19.9
23.12
20.46
24.68
20.63
24.88
24.9
24.73
22.44
24.05
22.24
26.07
24.39
28.12
20.02
23.83
20.12
22.19
18.38
25.73
19.8
22.22
19.51
23.27
20.56
24.22
20.73
25.78
24.29
27.54
26.76
30.86
29.88
31.84
28.66
32.67
29.3
34.91
29.44
35.99
29.59
32.37
24.68
28.56
25.1
28.47
24.68
28.27
24.41
27.0
26.12
27.64
23.9
26.71
23.93
25.88
22.88
25.39
22.51
25.05
20.9
25.39
24.19
27.34
22.85
24.85
22.9
24.71
20.95
24.73
21.12
28.71
23.83
28.03
19.9
23.61
18.7
20.8
21.51
21.02
19.09
23.61
21.19
21.7
17.75
22.34
19.31
24.68
20.61
24.0
21.8
26.66
20.7
24.24
21.0
23.85
17.82
20.14
17.68
24.02
22.29
21.41
16.28
20.73
18.19
21.61
17.77
21.75
18.38
22.17
21.56
27.54
28.42
23.49
17.26
22.0
17.02
21.41
17.94
21.53
16.04
22.14
17.04
20.19
15.77
23.27
20.78
21.7
15.5
22.39
17.58
20.8
20.24
24.39
16.6
21.26
17.9
21.29
16.5
23.17
16.82
20.36
16.46
20.73
21.73
21.17
19.17
24.17
17.55
20.65
16.06
21.17
15.72
20.65
15.38
24.0
15.92
19.9
15.6
20.29
15.72
19.48
15.92
20.12
15.72
19.38
16.33
20.51
17.38
21.58
16.67
20.65
14.97
22.83
15.36
19.8
16.06
20.7
16.65
20.36
16.72
21.36
16.48
27.0
22.29
19.17
17.14
21.07
17.41
20.95
16.67
20.29
16.19
20.17
13.55
20.09
21.7
25.59
22.49
24.68
23.14
27.59
23.44
31.59
28.27
29.69
24.58
32.08
27.44
30.37
26.32
31.84
27.1
31.1
27.64
30.81
29.05
30.52
24.8
29.54
24.88
28.08
24.05
28.12
24.07
28.86
26.71
33.11
31.49
31.88
29.2
27.88
25.2
27.29
23.44
26.86
23.75
29.35
25.34
29.54
25.34
29.39
25.1
27.49
25.39
25.88
21.63
26.81
22.02
26.12
23.17
27.34
25.15
29.79
26.32
29.15
27.0
37.79
26.61
31.15
27.1
28.37
25.63
29.3
24.0
30.03
24.68
27.64
24.44
28.52
25.98
29.05
25.15
28.42
23.75
25.88
22.97
30.66
23.68
24.05
20.21
25.98
18.92
28.32
26.61
30.18
24.61
28.61
24.78
28.71
25.0
31.4
26.37
29.1
24.83
27.78
28.32
31.49
27.2
29.88
27.49
26.37
23.61
25.68
22.41
27.93
22.58
26.76
21.83
24.73
21.8
24.46
18.75
22.39
18.29
