0.02279
0.02604
0.02346
0.02604
0.02537
0.0267
0.02537
0.02737
0.02413
0.02737
0.02604
0.02804
0.02537
0.02737
0.02537
0.02737
0.02604
0.0267
0.0247
0.0267
0.02537
0.02737
0.0247
0.02737
0.0247
0.0267
0.02413
0.02604
0.0247
0.0267
0.02537
0.02737
0.0247
2.466
19.7
31.79
29.88
28.56
27.15
29.1
22.07
27.93
24.02
10.06
10.56
32.81
32.91
33.79
29.0
29.64
27.64
29.35
21.39
15.94
21.48
26.95
29.0
9.534
32.08
31.45
29.54
29.98
28.52
27.83
29.1
24.78
12.29
32.08
31.01
33.25
33.84
25.15
31.79
28.52
16.63
16.46
30.32
28.37
30.32
30.47
29.0
33.54
25.78
21.0
23.17
21.17
15.45
11.16
25.29
27.93
25.15
26.76
29.49
25.2
26.37
24.39
6.458
23.97
24.83
26.76
29.1
31.4
31.93
33.45
31.35
31.64
26.86
31.4
31.05
31.45
29.83
30.62
30.32
33.01
27.88
29.69
29.59
20.56
32.71
34.03
31.3
27.05
22.58
28.12
29.1
26.9
14.33
16.94
14.5
18.12
16.21
19.97
24.66
25.98
23.27
10.21
30.52
30.96
28.76
31.01
29.2
30.18
25.34
20.73
23.46
28.71
19.26
17.77
16.02
34.38
31.45
30.62
28.32
26.76
32.86
26.22
17.21
17.21
14.45
24.02
23.61
23.51
25.73
22.75
22.88
21.73
28.56
22.53
16.33
16.85
16.16
0.222
0.1211
0.02804
0.0247
0.02737
0.02604
0.02737
0.02604
0.02804
0.02537
0.02804
0.0247
0.0267
0.02413
0.0267
0.0247
0.02737
0.02537
0.0267
0.02537
0.02737
0.02604
0.02737
0.02604
0.02861
0.02737
0.02804
0.02537
0.02737
0.0267
0.02737
0.0267
0.02737
0.02537
0.0267
0.0247
0.0267
0.02604
0.02861
0.02604
0.02804
0.02604
0.02861
0.02537
0.02737
0.02537
0.02737
0.02604
0.02928
0.02537
0.02804
0.02537
0.02804
0.02604
0.02804
0.02604
0.02737
0.02604
0.02737
0.02537
0.02737
0.02604
0.02737
0.02604
0.02804
0.0267
0.02804
0.02604
0.02804
0.0247
0.02861
0.02604
0.02861
0.0267
0.02804
0.0267
0.02737
0.02537
0.02737
0.02537
0.0267
0.02537
0.02737
0.0247
0.02737
0.02413
0.02737
0.02537
0.02804
0.02537
0.02804
0.02537
0.0267
0.02413
0.02737
0.0247
0.02604
0.02413
0.02737
0.02537
0.02737
0.0247
0.02861
0.02604
0.02737
0.0247
0.02737
0.0247
0.02737
0.02604
0.02804
0.02861
0.02804
0.0247
0.02737
0.02537
0.02737
0.02537
0.0267
0.02604
0.0267
0.02537
0.02804
0.02604
0.02804
0.02537
0.02804
0.02604
0.02737
0.0247
0.02804
0.02537
0.02737
0.02537
0.02804
0.02604
0.02737
0.0267
0.02804
0.02604
0.02804
0.02604
0.02804
0.02537
0.02737
0.02537
0.02737
0.02537
0.02737
0.02413
0.02737
0.02537
0.02804
0.02537
0.02737
0.02537
0.02737
0.02537
0.0267
0.02537
0.02737
0.0247
0.02737
0.0247
0.02737
0.0247
0.02804
0.02537
0.0267
0.02537
0.02737
0.0247
0.02604
0.0247
0.0267
0.02413
0.02804
0.02604
0.02861
0.02604
0.02861
0.02537
0.02861
0.02537
0.02804
0.02537
0.02737
0.0247
0.0267
0.02537
0.02737
0.0247
0.02804
13.09
29.35
29.88
31.01
29.0
28.71
31.35
32.96
28.61
30.18
30.81
29.69
28.03
28.37
30.08
29.59
28.91
29.54
30.52
29.64
29.39
15.5
22.17
26.27
27.1
25.34
21.39
21.41
22.56
24.76
23.8
23.78
4.419
21.22
26.32
31.74
31.25
30.08
28.08
25.49
24.66
27.05
24.12
23.66
24.63
27.69
30.08
29.49
23.41
23.71
30.03
29.25
26.66
28.76
29.64
27.78
16.48
17.94
24.05
30.57
28.42
27.05
31.45
25.49
24.19
28.56
17.97
6.311
29.93
27.15
28.96
28.47
27.93
27.73
32.08
29.79
26.12
29.1
29.54
26.71
28.71
28.42
27.73
31.49
29.44
25.98
25.83
25.88
25.24
13.33
19.56
27.2
25.2
21.9
20.12
25.59
20.39
25.98
22.46
20.87
6.079
24.17
29.49
30.57
26.37
27.1
29.05
24.29
27.1
27.64
29.05
30.37
31.01
32.18
28.56
27.88
28.66
24.76
24.37
25.15
26.17
28.27
21.88
11.67
20.8
28.37
28.32
31.64
26.66
22.46
21.83
21.24
20.36
10.58
9.888
24.63
27.1
27.73
30.03
28.96
28.08
24.9
25.15
27.83
25.73
25.73
23.39
25.98
28.27
29.35
29.39
27.59
29.64
28.66
26.27
24.29
29.83
15.87
16.14
27.39
28.42
29.39
31.01
29.98
26.51
27.15
24.71
6.018
19.21
24.66
24.19
25.93
29.15
29.0
32.62
32.03
30.66
30.91
27.98
30.18
30.42
29.15
29.1
28.03
24.44
30.52
29.93
28.56
29.69
16.8
21.41
31.79
33.64
34.33
30.47
27.88
27.54
27.0
8.875
24.37
30.42
28.37
27.1
31.2
29.98
16.09
32.76
29.05
30.57
16.48
32.28
27.0
26.07
20.51
24.93
25.15
16.36
18.26
22.36
20.68
20.43
15.94
18.7
20.02
9.9
22.29
22.49
27.34
23.85
22.58
13.55
24.32
23.83
22.14
26.12
13.23
22.12
28.61
25.73
25.59
26.07
25.59
30.27
30.13
31.2
33.35
32.71
33.79
27.83
26.56
24.68
29.98
29.64
31.59
31.59
32.03
23.12
13.33
29.98
33.74
31.35
31.4
28.47
30.22
28.66
14.21
20.68
32.37
27.83
28.47
27.1
30.27
28.86
30.08
23.46
25.68
29.1
29.3
31.2
29.88
29.98
30.27
29.83
29.35
31.01
33.64
32.18
17.33
25.73
31.64
29.64
29.74
27.98
27.05
27.44
26.61
14.79
15.94
26.37
31.59
32.86
32.03
30.47
27.0
27.49
30.13
25.68
24.83
24.32
23.73
22.07
20.61
27.34
28.22
28.91
31.1
30.47
31.79
31.4
21.09
26.71
30.08
28.22
29.49
27.69
24.68
23.9
24.22
23.44
10.86
24.07
18.68
24.73
20.41
22.46
18.9
18.85
17.19
14.82
14.65
15.41
14.99
15.72
21.92
9.204
26.32
29.59
31.25
29.83
29.2
30.57
32.03
25.98
27.25
27.83
26.66
27.25
27.15
30.86
31.25
29.69
27.34
28.03
24.93
26.66
28.27
32.23
18.65
25.63
25.39
23.58
24.63
23.68
23.05
23.44
22.61
25.54
24.73
4.535
21.51
25.83
29.25
30.57
28.52
26.37
28.42
29.59
30.66
23.54
21.7
21.58
23.05
20.48
18.16
16.77
21.48
27.05
27.69
27.69
29.39
27.64
28.81
25.44
17.8
23.95
28.08
27.69
26.71
23.24
27.15
27.0
27.54
24.83
14.26
16.48
18.29
17.5
15.84
23.12
27.29
28.81
10.47
0.7172
0.2304
0.0247
0.02737
0.0247
7.117
11.16
16.89
14.82
7.275
0.1667
0.05856
0.02346
0.02604
0.02346
0.02604
0.02346
0.02737
0.0247
0.02737
0.0247
0.02737
0.0247
0.02604
0.02737
0.02737
0.02604
0.02861
0.02604
0.02737
0.02604
0.02737
0.02604
0.02861
0.0247
0.02861
0.0247
0.02737
0.0247
0.02737
0.0247
0.02861
0.02604
0.02737
0.02604
0.02861
0.02737
0.02861
0.02604
0.02861
