17.38
21.8
20.04
19.82
20.12
22.24
20.0
16.28
17.53
15.11
15.97
14.94
11.5
11.98
9.766
11.69
11.51
12.46
14.89
13.92
13.96
13.09
14.31
12.05
11.38
13.92
15.11
16.14
18.26
19.07
20.09
24.56
24.39
23.12
24.88
26.03
24.49
20.87
11.05
9.045
9.155
9.802
12.29
12.87
11.91
11.83
11.85
13.53
13.21
17.29
18.8
18.09
18.24
17.38
21.02
24.88
19.97
20.65
19.6
19.85
19.63
19.48
16.26
18.09
20.36
18.29
16.19
20.04
16.06
13.75
13.84
15.45
16.65
17.97
14.92
17.24
20.21
19.29
19.26
21.41
16.38
15.6
17.38
11.63
9.07
11.44
8.582
10.42
15.92
15.45
13.38
12.3
12.41
10.88
13.7
14.92
14.28
18.63
15.5
15.55
17.6
24.15
24.71
24.27
22.58
21.31
21.26
19.02
19.31
20.21
15.5
14.33
15.28
18.04
18.58
13.89
18.85
18.63
20.61
17.48
10.16
15.7
12.06
16.46
20.75
22.36
19.51
13.89
11.6
10.12
11.82
11.49
11.49
14.87
10.44
10.28
12.52
10.61
11.33
12.12
8.105
9.021
9.998
9.973
11.07
18.43
19.9
22.39
24.22
24.0
22.29
21.8
21.92
21.88
21.36
20.21
18.73
21.85
18.19
17.75
17.53
16.97
15.7
15.55
9.998
9.668
10.77
10.67
10.08
14.89
17.36
15.5
13.57
9.863
11.71
9.607
11.76
11.82
12.32
12.89
14.14
16.58
11.74
17.65
18.24
16.19
16.04
20.19
17.58
20.51
15.53
17.99
15.06
14.75
16.55
18.02
19.95
21.19
22.78
20.21
18.38
18.26
17.53
17.41
19.12
20.56
15.36
15.87
15.21
12.96
15.33
12.52
12.6
13.79
13.53
13.96
14.06
20.26
19.78
18.48
19.6
18.26
13.13
13.23
13.57
13.16
12.17
12.19
11.16
15.04
9.29
8.63
9.827
8.459
8.716
8.423
8.887
9.814
11.15
13.21
14.11
16.58
14.97
16.48
19.92
20.39
18.31
16.04
19.58
21.26
19.38
20.9
19.58
20.19
17.53
15.77
15.26
17.85
16.06
12.6
13.48
10.79
13.62
16.5
16.92
20.19
19.8
19.38
19.29
18.29
20.83
19.68
18.85
17.8
17.41
15.89
14.77
13.35
17.07
13.77
14.38
15.14
18.02
16.46
17.7
14.23
14.4
15.09
15.43
17.36
17.92
17.31
17.46
18.33
16.99
20.02
19.95
20.19
22.24
19.14
17.09
17.46
16.06
16.89
18.02
17.33
11.93
17.31
18.33
17.41
12.65
13.89
20.21
18.8
15.45
15.62
13.77
14.21
16.63
17.14
17.38
16.53
16.58
17.31
11.83
16.28
16.82
18.31
22.95
20.58
22.78
22.29
20.75
19.46
18.36
17.48
19.38
18.73
18.41
16.41
16.85
17.75
18.48
20.02
17.31
17.6
16.46
16.02
17.09
15.82
16.97
15.58
16.28
14.55
14.5
14.7
16.19
14.75
13.53
14.65
15.55
15.65
14.92
13.84
17.41
17.21
16.7
17.24
18.09
15.01
14.7
16.04
16.97
15.14
15.97
18.46
18.12
15.62
16.65
14.48
13.55
14.92
12.11
16.7
9.937
17.9
23.41
23.56
14.72
17.48
18.75
19.8
19.78
19.36
21.97
19.26
15.53
17.65
16.36
15.67
15.99
14.87
16.99
23.24
20.31
10.64
11.13
11.35
8.472
14.89
13.6
15.8
19.21
18.48
19.12
15.94
14.94
13.79
15.06
13.09
11.02
12.39
15.53
14.87
16.11
15.33
14.55
13.4
13.82
12.87
9.668
9.045
7.617
7.971
13.26
11.71
14.79
17.55
17.9
20.7
19.17
20.39
18.97
16.06
18.6
19.02
20.09
17.55
17.21
16.19
15.99
15.65
13.84
13.7
7.019
8.484
9.033
12.74
14.55
18.21
20.8
21.24
21.63
14.97
16.14
12.74
16.14
17.58
14.92
17.5
17.68
16.6
20.24
19.68
17.55
13.33
16.24
14.75
12.23
16.63
18.12
13.48
14.36
13.26
16.28
18.58
15.75
16.26
17.36
12.79
13.16
14.79
19.53
19.8
14.4
19.58
20.68
23.9
14.5
15.87
16.55
12.99
18.21
10.29
6.384
8.667
9.399
11.24
15.77
14.06
13.31
15.92
16.7
16.28
11.98
12.62
13.09
12.96
10.8
10.82
9.766
10.47
11.44
11.4
11.96
10.75
10.66
10.8
10.71
15.11
17.9
17.63
19.46
23.29
19.65
18.75
19.95
18.38
18.41
19.46
19.09
21.88
20.46
20.75
19.78
19.63
18.31
21.66
20.17
19.21
19.73
20.36
18.24
16.92
17.75
18.8
20.26
22.61
20.14
19.36
18.53
17.97
17.94
16.58
18.36
19.43
20.68
18.24
18.24
20.14
17.48
17.85
16.14
16.67
16.89
14.31
12.74
16.24
21.04
21.53
20.83
17.14
21.58
25.83
25.83
23.93
21.8
16.46
12.74
14.36
16.7
13.75
15.5
16.7
12.79
12.19
22.97
25.78
13.55
11.46
9.314
10.29
11.93
11.6
11.38
11.35
15.26
18.33
18.6
21.02
23.9
23.41
17.77
19.58
19.38
18.33
16.04
14.16
12.52
15.19
14.33
13.18
16.21
16.16
16.26
16.99
14.87
17.14
18.87
19.85
23.0
18.16
19.6
19.7
14.79
14.45
16.31
18.41
18.29
12.92
12.92
13.31
16.09
12.65
16.28
13.31
17.33
20.56
17.94
19.09
15.41
14.36
13.77
15.28
16.75
16.04
17.04
14.23
10.78
12.57
11.9
22.56
16.33
10.6
12.21
17.99
15.72
12.7
15.23
15.97
12.55
13.26
12.65
18.07
14.82
17.87
14.77
17.21
22.97
22.14
21.66
22.8
20.0
19.92
18.38
24.17
20.73
21.29
24.29
22.17
21.09
24.61
23.29
13.45
15.7
13.57
12.32
15.26
15.82
19.92
19.65
21.31
25.59
20.92
20.75
20.09
18.26
12.24
12.62
14.45
14.04
12.48
14.7
15.45
14.82
11.22
14.87
13.77
15.45
11.43
10.06
13.38
13.11
14.62
16.63
18.92
22.12
23.05
21.85
22.0
21.17
21.22
19.63
22.17
17.8
18.95
18.26
16.53
14.55
16.5
13.48
11.15
11.35
5.212
6.97
11.67
13.28
16.02
17.02
17.5
19.12
17.99
16.36
18.43
14.31
18.12
18.75
20.24
18.46
20.43
23.12
19.95
19.65
20.83
22.88
18.65
16.92
15.06
16.94
17.72
14.87
13.62
17.58
16.94
13.84
20.0
16.58
16.26
16.67
14.89
19.31
21.22
19.65
17.36
18.43
21.95
19.29
11.12
11.72
12.17
11.47
11.23
14.84
19.38
20.92
22.12
21.41
17.68
14.18
24.29
17.94
15.11
10.58
8.105
7.69
9.68
12.39
9.302
8.228
8.13
10.28
9.839
9.509
9.961
10.71
11.57
11.89
14.97
14.04
15.99
18.21
19.31
21.19
21.41
20.65
19.7
17.19
16.6
17.21
19.34
20.85
19.56
16.43
13.09
12.87
18.85
