6.213
6.213
6.213
6.213
6.213
6.213
6.213
6.213
6.213
6.213
6.213
6.213
6.213
6.213
6.213
6.213
6.213
6.213
6.213
6.213
6.213
6.213
6.213
6.213
6.213
6.213
6.213
6.213
6.213
6.213
6.213
6.213
6.445
8.484
13.87
15.5
16.16
16.8
17.16
17.5
17.82
17.99
15.28
14.5
14.21
13.48
10.06
17.29
20.46
19.29
17.92
15.11
11.18
14.36
15.8
16.36
16.82
17.19
17.38
17.65
17.82
17.16
14.75
14.5
14.31
13.67
9.363
7.996
13.23
15.62
16.43
17.02
17.31
17.55
17.8
17.46
14.6
14.31
14.28
14.14
10.53
9.497
17.97
20.85
20.83
19.34
14.16
13.99
15.67
16.38
16.87
17.19
17.5
17.85
15.55
14.5
14.04
11.76
9.937
15.04
16.04
16.55
16.94
17.26
17.41
17.58
17.68
14.79
13.75
12.77
11.1
10.52
15.11
16.06
16.55
17.04
17.26
17.46
17.8
16.53
14.5
14.31
13.31
11.08
9.363
9.912
9.546
8.801
9.949
8.984
9.094
9.326
9.448
9.924
8.777
14.55
16.11
16.85
17.29
17.65
17.87
15.36
14.45
13.99
9.351
10.03
9.241
9.692
9.021
9.412
9.558
8.984
9.387
10.71
19.53
20.07
17.53
16.58
12.94
15.5
16.36
17.02
17.41
17.65
17.85
16.33
14.7
14.43
12.92
9.656
10.03
18.87
20.46
18.92
17.92
12.82
9.29
9.277
8.923
9.07
9.045
8.02
6.409
6.409
6.409
6.409
6.409
7.08
8.923
8.948
9.021
8.801
8.948
9.082
8.875
8.716
9.265
9.473
16.19
20.02
20.17
18.16
17.19
13.82
9.216
8.85
6.409
6.409
6.409
6.409
6.409
7.043
8.801
8.826
12.84
20.07
19.82
16.7
10.88
9.033
8.252
13.09
19.65
20.65
19.21
14.38
10.33
9.277
17.16
20.78
20.24
14.09
6.921
6.934
6.934
7.678
9.058
9.009
8.96
8.948
8.838
13.23
20.04
20.36
18.29
17.31
13.45
13.99
20.07
20.56
19.31
17.77
16.94
10.68
6.616
6.409
6.409
6.409
6.409
7.104
8.545
15.21
20.31
19.46
17.43
15.87
10.45
8.752
8.667
9.021
16.11
20.26
20.51
18.9
18.07
16.14
12.96
19.87
20.58
18.92
17.6
9.497
6.262
6.909
8.936
8.997
9.717
8.911
9.436
8.655
9.351
10.8
18.82
20.56
19.6
17.7
17.6
10.73
9.619
9.082
15.77
20.31
20.46
18.58
13.33
6.396
6.299
7.3
9.216
8.704
8.777
16.16
20.61
20.0
17.72
16.43
9.106
12.65
19.92
20.63
18.97
17.7
13.43
8.643
8.63
8.447
6.409
6.409
6.409
6.409
6.409
7.031
8.63
9.265
17.8
20.8
19.63
18.14
14.09
10.5
18.53
20.58
19.97
17.58
15.87
9.692
9.717
17.65
20.8
20.73
18.95
14.6
6.433
6.311
6.213
6.885
9.314
10.39
17.99
20.73
20.7
19.02
17.41
11.58
9.192
8.289
12.5
19.38
20.7
20.43
18.21
15.67
8.728
13.18
19.6
20.68
20.0
17.53
11.52
15.31
16.48
17.02
17.53
17.87
18.02
18.31
18.51
18.68
18.77
18.92
18.97
18.97
19.02
19.17
19.17
19.17
19.21
19.34
19.36
19.36
19.36
19.53
19.53
19.56
19.6
19.73
19.73
19.73
19.8
20.04
20.12
20.12
20.07
16.92
16.97
17.75
19.26
19.9
19.9
19.9
19.87
19.9
19.9
19.9
19.24
17.6
17.41
17.04
15.45
10.88
15.84
16.85
17.48
17.85
18.09
18.38
18.53
18.75
18.77
18.9
18.97
18.97
18.99
19.17
19.17
19.17
19.31
19.34
19.43
19.53
19.53
19.53
19.53
19.65
19.73
19.73
19.87
20.12
20.12
20.12
17.53
16.85
17.99
19.09
19.82
20.48
20.46
20.46
20.46
20.48
20.0
17.16
17.02
17.04
16.94
16.55
10.13
15.53
16.6
17.11
17.58
17.85
18.02
18.33
18.53
18.7
18.77
18.85
18.97
18.95
18.99
19.14
19.29
19.34
19.34
19.34
19.51
19.53
19.53
19.6
19.73
19.73
19.73
19.73
19.87
20.07
20.12
20.12
19.46
16.87
17.29
18.92
19.68
20.09
20.09
20.07
20.07
20.09
20.12
20.04
18.09
17.16
16.92
10.24
15.5
16.75
17.33
17.77
17.94
18.24
18.48
18.65
18.77
18.87
18.97
18.97
18.97
18.97
19.14
19.17
19.19
19.36
19.36
19.36
19.34
19.48
19.56
19.53
19.56
19.56
19.7
19.73
19.73
19.75
19.92
20.04
20.12
20.12
19.14
16.5
16.5
16.85
18.58
19.92
19.92
19.9
19.9
19.9
19.9
19.75
18.95
17.21
16.89
16.46
9.082
13.96
16.21
16.67
13.53
13.16
13.06
9.583
14.7
16.26
16.87
17.33
17.6
17.85
18.07
18.33
18.58
18.68
18.77
18.95
18.95
19.14
19.14
19.29
19.34
19.43
19.53
19.63
19.73
19.73
19.87
20.07
20.12
20.12
20.12
17.43
17.33
18.77
19.24
19.53
19.53
19.51
19.51
19.51
19.48
19.38
18.46
17.82
17.82
17.82
17.48
15.41
11.54
15.65
16.43
16.92
17.31
17.6
17.8
17.97
18.04
18.31
18.48
18.58
18.77
18.77
18.9
18.99
19.17
19.17
19.24
19.34
19.38
19.53
19.53
19.68
19.73
19.73
19.92
20.12
20.12
20.12
17.63
16.92
18.29
19.21
20.65
20.85
20.85
20.85
19.53
17.8
17.55
16.58
9.668
15.41
16.77
17.53
17.9
18.09
18.43
18.6
18.77
18.95
18.97
18.97
18.97
19.09
19.17
19.17
19.31
19.36
19.36
19.34
19.51
19.56
19.53
19.53
19.73
19.73
19.73
19.73
19.82
20.0
20.12
20.12
20.26
20.31
20.17
17.02
16.92
18.58
19.87
20.29
20.21
19.97
19.9
19.87
19.02
17.99
17.75
17.31
10.83
14.7
16.58
17.31
17.72
17.92
18.31
18.58
18.77
18.92
18.97
18.97
18.97
19.12
19.14
19.14
19.19
19.34
19.43
19.53
19.53
19.53
19.63
19.75
19.73
19.73
19.8
19.95
20.12
20.12
19.6
16.53
17.09
18.24
19.34
19.41
19.53
19.51
19.51
19.51
19.51
19.51
19.09
17.7
17.63
17.53
17.14
16.77
9.558
9.717
8.972
15.87
20.39
20.36
18.41
15.82
15.01
19.29
20.24
19.97
17.77
16.92
12.39
9.509
9.033
10.8
11.11
18.58
19.95
19.48
17.5
13.28
9.363
8.997
9.021
9.204
9.326
8.74
9.595
9.473
15.28
19.68
20.46
18.82
16.94
11.68
9.314
11.39
20.21
20.8
17.53
6.445
6.323
6.213
6.213
6.213
6.213
6.213
6.213
6.213
6.213
6.213
6.213
6.213
6.213
6.213
6.213
6.213
6.213
8.081
8.923
9.802
9.619
8.984
9.729
9.961
9.131
9.204
9.436
9.485
