19.14
18.48
21.56
16.5
19.75
16.38
22.22
35.16
26.9
16.02
15.82
25.15
31.64
19.75
1.215
0.5234
0.04816
0.02604
0.0247
7.458
8.044
11.98
13.38
16.24
16.6
17.92
31.45
30.62
14.26
16.41
14.4
15.8
15.06
18.26
41.21
37.74
33.06
35.99
33.98
34.72
21.22
19.73
38.96
39.55
38.67
34.72
40.33
31.88
13.5
13.77
24.8
36.96
38.28
35.89
34.57
34.47
34.18
17.48
13.55
12.3
32.76
41.46
39.36
37.21
31.45
32.13
23.12
2.673
34.62
39.65
39.7
37.26
31.35
32.76
19.12
14.26
17.46
29.79
34.47
14.16
12.35
20.78
34.96
40.04
35.79
31.79
35.5
29.44
13.7
36.47
39.84
37.35
31.84
34.13
29.39
16.85
14.14
15.31
16.19
23.39
33.06
23.19
19.95
30.37
27.1
17.21
31.1
31.05
12.38
17.36
21.83
38.67
39.75
39.7
33.3
35.84
20.29
17.85
21.46
19.51
20.51
20.09
18.6
20.31
29.93
24.1
13.4
20.09
18.58
18.63
18.16
16.63
19.19
13.43
33.59
38.53
40.43
38.13
34.52
33.69
15.41
20.17
21.24
25.34
27.93
27.98
13.57
18.58
17.9
21.09
18.97
18.41
18.48
18.95
19.19
18.75
22.17
13.48
31.3
31.01
29.88
32.81
31.35
35.21
26.37
17.43
18.46
12.5
16.14
18.99
12.94
18.77
18.36
17.99
14.33
12.38
15.33
17.04
13.99
14.89
17.07
9.29
22.09
37.4
17.68
0.7553
0.3437
11.18
17.36
32.67
34.42
14.94
10.8
14.94
17.87
11.4
9.351
10.97
11.84
19.34
17.85
18.65
21.24
16.43
18.24
18.77
31.59
28.81
9.021
0.8026
0.2735
8.643
17.16
15.77
20.07
27.39
28.56
17.9
18.53
17.72
16.31
16.41
12.55
17.26
24.78
30.96
14.31
17.68
19.75
29.15
29.69
7.69
0.7919
0.2007
0.02604
8.875
11.84
13.01
18.16
20.14
28.03
27.0
12.65
17.19
18.31
17.11
15.77
14.4
18.24
18.04
20.41
24.58
29.79
29.2
15.87
30.37
27.15
18.46
1.212
11.71
18.14
15.33
17.26
17.92
25.15
31.88
17.82
14.01
13.04
13.55
15.38
12.72
17.11
21.61
26.95
23.71
13.87
16.72
25.44
29.15
22.05
4.596
0.6409
10.62
17.46
15.09
15.77
13.33
11.68
17.53
17.7
13.87
12.34
20.34
23.19
27.15
17.8
13.89
14.5
19.36
27.44
27.05
17.48
0.9323
0.4738
0.0391
0.02604
9.18
14.36
11.18
12.55
14.28
16.14
15.36
11.96
13.57
9.192
18.33
22.95
26.07
13.92
15.67
15.55
13.84
18.85
21.48
21.44
15.87
0.8484
0.4768
0.03128
8.801
12.74
13.77
19.75
25.59
24.07
12.57
15.43
12.72
20.85
21.39
21.17
16.89
25.0
22.58
22.12
13.21
18.21
19.78
21.0
18.7
3.705
0.5836
0.1198
11.1
19.58
19.82
15.28
20.85
17.99
14.38
14.77
16.16
14.75
13.87
17.65
16.41
12.16
23.44
20.31
23.32
13.33
17.07
23.83
22.56
19.09
12.37
26.37
23.1
27.29
28.37
26.81
28.17
27.98
23.34
28.61
28.03
23.8
24.46
27.2
27.1
29.83
27.0
27.39
29.05
25.49
28.71
29.2
26.12
24.8
21.36
18.29
26.07
23.9
25.05
23.32
26.37
23.36
24.22
23.54
22.44
20.21
6.519
11.9
29.2
27.88
31.45
30.62
27.15
24.34
25.98
29.05
27.49
29.74
29.59
30.47
25.59
28.37
29.39
30.76
25.0
23.32
26.51
30.03
28.08
25.78
21.78
28.37
27.78
27.88
27.69
26.86
25.39
23.56
24.49
19.14
21.75
11.27
20.7
25.59
21.97
20.12
18.65
17.9
17.99
21.56
20.61
20.75
20.17
18.36
20.73
22.02
29.44
27.49
25.05
22.39
19.87
23.41
18.16
18.19
18.77
21.48
19.68
21.83
23.34
24.24
21.46
21.95
16.46
29.44
28.27
25.73
22.83
27.98
25.68
23.0
22.09
22.53
19.53
11.45
30.37
26.51
29.93
31.4
29.69
26.51
25.88
27.78
28.08
25.15
29.25
31.25
28.12
26.42
27.44
26.27
27.49
25.63
23.51
25.34
31.93
26.95
25.49
20.21
21.9
27.34
23.29
24.85
22.61
27.0
23.93
25.0
23.88
25.83
13.06
16.14
30.03
30.32
26.27
27.69
24.27
24.85
25.93
25.39
25.98
26.76
28.52
28.76
30.86
29.44
27.64
24.71
26.32
23.71
21.92
24.32
21.73
19.51
23.44
24.98
21.9
20.87
28.12
24.93
27.1
28.56
24.46
19.68
19.31
20.68
20.0
23.19
12.32
24.22
24.78
29.74
25.1
24.78
21.02
27.0
26.12
15.72
24.76
30.13
29.25
26.46
29.49
14.94
28.61
28.03
24.05
24.1
19.95
23.88
30.47
29.49
31.05
18.38
28.56
25.63
24.1
21.63
21.8
19.7
20.75
21.22
22.78
13.13
30.52
31.4
26.32
26.61
15.8
26.95
27.93
23.85
29.64
14.58
20.51
31.98
32.52
31.93
29.93
31.1
33.3
32.76
32.08
27.15
26.42
23.85
20.29
17.33
14.99
15.04
15.62
15.77
16.04
15.04
15.26
15.87
16.58
15.65
15.8
15.43
15.06
15.01
15.53
15.33
16.28
18.51
18.95
16.72
16.24
23.73
27.2
26.07
26.9
27.0
24.78
18.41
1.648
0.2655
28.27
31.69
32.03
32.52
27.73
26.81
29.2
30.71
28.86
28.08
31.49
31.35
29.15
28.56
26.03
23.22
19.8
18.16
16.77
15.31
15.53
15.01
14.89
14.72
14.82
14.97
13.94
15.38
17.77
16.31
15.26
15.33
15.28
15.09
14.92
14.79
14.72
15.21
15.77
24.54
24.8
22.05
19.46
22.58
21.51
23.51
13.48
24.54
17.53
21.04
6.409
22.19
16.24
22.34
17.72
19.8
23.83
26.32
14.7
25.1
19.43
13.75
28.03
25.54
19.7
16.53
19.17
19.68
21.53
22.83
19.95
15.09
16.75
21.12
24.37
24.24
17.16
20.04
17.53
18.51
18.31
19.75
21.63
22.95
23.22
24.49
14.62
20.68
20.73
24.02
24.1
16.46
12.34
13.31
13.18
18.63
9.631
24.93
24.44
26.9
29.49
26.71
23.8
25.63
25.15
21.04
28.03
29.64
27.34
26.9
27.39
26.71
23.27
23.93
25.73
24.37
24.27
21.8
22.8
16.94
18.21
19.38
20.95
18.82
17.48
26.71
30.81
28.52
28.66
25.68
22.07
23.68
23.46
21.97
17.02
15.16
16.41
20.51
22.39
23.0
18.24
13.33
16.19
15.75
16.5
17.07
15.5
17.19
19.56
21.51
22.83
15.01
6.335
21.39
24.63
24.46
13.57
0.8286
0.4013
0.02604
0.02861
0.02604
0.02861
0.02604
0.02861
0.02604
0.02861
0.02604
0.02861
0.02604
0.02861
0.02604
20.61
19.31
19.53
19.24
18.82
6.982
13.28
15.62
16.92
18.09
18.92
