0.1654
0.1602
0.3937
0.275
0.1314
0.06781
0.2342
0.3143
0.3323
0.1513
0.3178
0.2346
0.2518
0.1347
0.3338
0.008392
0.0001907
0.0002861
9.537e-05
9.537e-05
0.0
0.0
0.0
0.0
0.0
0.0
0.0
0.0
0.0
0.0
0.0
0.0
0.1219
0.05121
0.7568
0.9781
0.9033
0.8041
0.7256
3.772
3.625
3.491
2.023
0.0535
0.6409
0.8484
0.9064
0.9766
0.8347
5.377
3.079
2.524
0.4425
0.07544
0.6462
0.7843
0.8362
0.9491
0.9384
5.975
3.259
1.543
0.1017
0.7843
0.8408
0.8102
0.8286
1.788
5.463
2.985
0.9674
0.3204
0.1232
0.3777
0.1957
0.1383
0.7179
0.7477
0.8392
0.9033
0.9155
5.865
3.058
1.236
0.09861
0.4044
0.1396
0.1156
0.3704
0.02337
0.6073
0.9415
0.8011
0.8057
0.975
6.274
3.015
0.827
0.4021
0.06552
0.6996
0.8499
0.8804
0.9506
3.296
3.943
2.563
0.3582
0.3044
0.5341
0.1287
0.2266
0.2937
0.3532
0.7118
0.7965
0.9628
0.9964
6.03
2.859
0.824
0.4959
0.5341
0.515
0.4234
0.5074
0.4372
0.1923
0.6424
0.2892
0.1471
0.2571
0.5508
0.7561
0.6264
0.1192
0.1274
0.4578
0.07954
0.6966
0.7408
0.9201
1.143
1.959
5.31
3.101
0.4913
0.5997
0.3757
0.4555
0.3311
0.2926
0.004292
0.3922
0.3754
0.3487
0.8255
0.946
0.7523
0.8392
5.225
3.149
2.081
0.4684
0.2525
0.2903
0.3136
0.6874
0.03033
0.4494
0.3155
0.3571
0.3914
0.3765
0.2949
0.349
0.2319
0.1501
0.3105
0.1625
0.3586
0.4982
0.1314
0.1471
0.3193
0.0003815
9.537e-05
0.2071
0.3086
0.1772
0.5379
0.2048
0.1516
0.3296
0.2922
0.1337
0.1463
0.4211
0.2563
0.164
0.3155
0.2056
0.3155
0.2987
0.1862
0.2605
0.3021
0.1484
0.3441
0.09317
0.0002861
0.1738
0.3586
0.3227
0.2678
0.1635
0.4326
0.2026
0.2094
0.415
0.4311
0.4692
0.3521
0.1089
0.1436
0.3319
0.3403
0.1404
0.1322
0.3456
0.1696
0.1665
0.4738
0.03462
0.0001907
0.01297
0.2926
0.1947
0.2022
0.2769
0.3563
0.103
0.116
0.4517
0.4898
0.08593
0.4738
0.2575
0.2346
0.6592
0.1684
0.1146
0.09279
0.2937
0.2609
0.2018
0.1617
0.3227
0.0824
0.08678
0.3796
0.3082
0.1648
0.5333
0.1123
0.09699
0.211
0.222
0.1389
0.5943
0.1532
0.2884
0.2495
0.1062
0.3513
0.2357
0.1928
0.145
0.325
0.0927
9.537e-05
0.0003815
0.0
0.01383
0.2022
0.4417
0.4395
0.1373
0.2632
0.2754
0.3368
0.2552
0.2316
0.2319
0.1335
0.3189
0.1245
0.1879
0.1795
0.4677
0.1995
0.243
0.1425
0.2766
0.1207
9.537e-05
9.537e-05
0.4128
0.1759
0.2701
0.145
0.296
0.172
0.2396
0.1526
0.1348
0.1505
0.4227
0.1314
0.1522
0.3929
0.1354
0.346
0.5135
0.1688
0.1717
0.2186
0.1459
0.3609
0.1015
0.0002861
0.2594
0.1862
0.1453
0.5119
0.1171
0.1127
0.07486
0.3082
0.1701
0.04892
0.005531
0.189
0.1436
0.2678
0.1593
0.346
0.3719
0.317
0.1213
0.1484
0.2968
9.537e-05
9.537e-05
0.0
0.1095
0.5615
0.4311
0.3582
0.3593
0.2216
0.1486
0.3586
0.2483
0.0309
0.6454
0.7172
0.8423
0.9232
0.9857
0.9598
0.8545
0.6737
0.531
0.4776
0.4532
0.5402
0.7347
0.7553
0.7736
0.7484
0.8072
0.9232
0.9216
0.8835
0.8774
0.8606
3.973
8.154
10.39
8.838
8.594
9.277
7.776
6.152
4.889
3.632
1.341
0.3212
0.8255
0.7713
0.7492
0.6958
0.6996
0.7416
0.6958
0.8041
0.8133
0.7843
0.8133
0.9171
0.8209
0.7462
0.8499
0.9415
0.8957
0.9384
0.9293
0.8698
5.255
9.546
7.727
8.35
8.704
6.567
7.983
6.036
4.559
3.455
1.303
0.3834
0.8698
0.7339
0.7477
0.8682
0.8026
1.009
0.8392
0.8942
0.8713
0.8453
0.7889
0.7874
0.7462
0.6676
0.7217
0.7332
0.8591
0.8026
0.7446
0.9705
4.138
6.519
8.765
8.154
8.533
8.997
6.238
6.604
5.298
3.577
4.132
1.385
0.3174
0.7065
0.7919
0.7713
0.7607
0.8804
0.8575
0.7774
0.7645
0.8484
0.7904
0.7812
0.724
0.7301
0.753
0.7843
0.7355
0.8835
0.975
0.8591
0.7378
2.75
3.4
6.311
7.654
8.252
8.875
9.814
6.384
6.995
4.785
2.783
4.352
1.276
0.6866
0.3784
0.5386
0.5363
0.5447
0.531
0.5753
0.6233
0.6607
0.6958
0.5814
0.6241
0.489
0.5669
0.5363
0.6042
0.7828
0.8301
0.8072
0.7278
0.7019
0.6958
0.7271
0.7484
0.7858
0.8545
3.564
6.372
10.18
11.96
8.167
9.595
6.396
6.653
5.988
3.381
4.474
1.636
0.1673
0.7408
0.798
0.8911
0.8713
0.8728
0.9018
0.7759
0.7874
0.7683
0.8057
0.882
0.7256
0.7568
0.7568
0.7484
0.7599
0.7843
0.7271
0.7202
0.7568
1.883
7.239
8.936
8.606
8.85
8.13
6.763
7.373
5.383
4.462
4.395
2.02
0.1089
0.4715
0.634
4.425
1.569
0.108
0.5623
0.6561
4.578
2.036
0.0864
0.4822
0.6126
4.358
1.956
0.1047
0.4959
0.6165
2.951
3.073
0.6744
0.2029
0.1234
0.4028
0.06084
0.515
0.576
4.266
1.917
0.4868
0.1841
0.1183
0.3937
0.243
0.1181
0.2277
0.193
0.4013
0.8347
0.8575
0.8591
0.8438
0.9445
0.9003
0.7858
0.7698
0.75
0.7607
0.8987
0.8286
0.9048
0.7423
0.6836
0.6287
0.705
0.7568
0.6889
0.6386
0.6821
5.627
6.348
3.503
5.707
4.559
3.778
9.375
4.59
6.628
6.104
5.804
3.851
4.504
3.778
2.747
2.979
1.479
0.1783
0.4112
0.486
0.4822
0.5219
0.4898
0.4768
0.5562
0.5867
0.5417
0.5463
0.4745
0.6134
0.5043
0.4753
0.5829
0.4761
0.5096
0.705
0.9079
0.9308
0.827
0.8163
0.7111
0.7332
0.7286
0.6783
0.605
0.6165
4.651
5.334
6.183
4.919
9.692
5.286
7.446
5.035
5.328
5.542
4.218
4.181
4.132
1.984
0.264
0.127
0.1331
0.3021
0.1923
0.2239
0.157
0.2697
0.1783
1.477
0.7324
0.05331
1.228
0.1635
0.2659
0.04597
0.1175
0.1884
0.3738
0.2865
0.1251
0.1097
0.2907
0.127
0.2201
1.163
0.3357
0.7965
0.8072
0.6714
0.6828
0.6439
0.8682
0.4471
0.7729
0.2518
0.1352
0.3975
0.3265
0.1293
0.1505
0.3769
0.6653
0.6874
0.3174
0.1156
0.1404
0.3063
0.1987
0.2682
0.09003
0.09575
0.2663
0.4799
0.6149
0.3269
0.362
0.4753
0.4128
0.3193
0.6378
0.5371
0.3746
0.3063
0.1249
0.1331
0.3181
0.1511
0.6355
0.1247
0.1404
0.2251
0.3017
0.1476
0.1102
0.1251
0.3147
0.3136
0.4341
0.3452
0.5959
0.296
0.6439
0.2823
0.01078
0.5493
0.4593
0.2579
0.1207
0.243
0.2609
0.4684
0.3407
0.3704
0.4921
0.2285
0.1213
0.3845
0.01106
0.004578
0.3201
0.3407
0.3124
0.3235
0.2792
0.2731
0.4715
0.1406
0.275
0.4456
0.1583
0.6088
0.1352
0.1656
0.3048
0.2995
0.2129
0.2457
0.5287
0.2716
0.1236
0.2865
0.0824
0.0
0.0
0.0
0.0005722
0.0
0.0007629
0.0
0.0
0.0006676
0.0
0.0
0.0
0.0
0.0
0.0102
0.634
0.6226
0.4234
0.8545
0.4364
0.6294
0.02689
0.8667
0.3376
0.08631
0.1062
