9.29
9.192
9.338
9.424
9.424
9.351
9.521
9.192
9.18
9.436
9.351
11.24
11.28
10.06
9.314
9.277
9.29
9.412
9.68
9.705
9.827
9.68
9.717
9.851
9.692
9.998
9.912
9.497
9.399
9.619
9.546
9.546
9.436
9.424
9.57
9.875
9.9
10.03
9.814
9.949
9.888
9.985
9.68
9.68
9.729
9.314
9.546
9.766
9.741
9.839
9.949
10.14
11.73
11.6
11.29
9.241
9.18
9.229
9.607
10.07
9.924
9.814
9.546
9.68
9.619
9.485
9.68
9.888
9.705
9.766
10.03
10.06
10.11
9.949
9.912
10.03
9.937
11.34
16.06
16.06
16.06
16.06
16.06
16.09
16.09
16.06
16.06
16.06
16.06
15.92
15.5
15.33
15.33
15.31
14.72
14.75
14.72
14.89
14.38
14.48
14.14
14.4
13.96
13.96
14.09
14.04
13.96
14.11
14.14
13.77
13.75
13.77
13.89
13.04
12.87
12.72
12.67
12.79
12.72
12.67
12.21
11.82
11.9
11.82
11.93
11.84
11.84
12.13
12.11
11.88
12.04
11.88
11.84
12.01
11.88
11.87
11.85
11.9
12.13
12.19
12.19
12.21
12.21
12.18
12.1
11.66
11.65
11.84
11.85
12.15
11.51
11.0
11.04
11.04
11.04
11.19
11.04
11.22
11.34
11.17
11.13
11.11
11.24
10.9
10.58
10.44
10.45
10.46
10.27
10.27
10.27
10.27
10.27
10.45
10.55
10.53
10.14
10.1
10.33
10.36
10.16
10.17
10.07
10.18
10.6
10.69
10.66
10.8
10.35
10.22
10.07
10.17
10.08
10.27
10.49
10.13
10.1
10.12
9.363
9.326
9.521
9.949
9.668
9.509
9.229
9.18
9.497
9.741
9.973
9.753
9.46
9.485
9.583
9.583
9.497
9.485
9.631
9.814
9.937
10.08
9.692
9.68
9.68
9.631
9.534
9.473
9.412
9.668
9.814
9.912
10.18
10.06
10.42
9.705
9.814
9.546
9.363
9.448
9.314
9.399
9.155
9.155
9.143
9.143
9.534
9.68
9.119
9.155
9.338
9.229
9.094
9.241
9.546
9.57
9.546
9.326
9.241
9.082
9.106
9.277
9.265
9.192
9.497
9.399
9.29
9.29
9.387
9.546
9.485
9.558
9.802
9.851
9.692
9.595
9.741
10.01
9.753
9.485
9.546
9.595
9.485
9.729
9.888
10.01
9.851
9.827
9.863
9.705
9.814
9.937
9.863
9.973
9.692
9.802
9.741
9.912
9.998
9.814
9.973
9.79
9.534
9.668
9.68
9.814
9.216
9.106
9.253
9.424
9.619
9.509
9.717
9.558
9.424
9.436
9.546
9.546
9.57
9.729
9.558
9.631
9.558
9.717
9.387
9.741
9.375
10.71
16.06
16.06
16.06
16.06
16.06
16.06
16.06
16.06
15.8
15.75
15.31
15.33
14.7
14.72
14.87
14.72
14.87
15.55
15.06
14.92
14.99
14.77
14.53
14.53
14.77
14.75
14.72
14.75
14.72
14.33
14.23
14.45
13.79
13.79
13.55
13.4
13.28
13.18
13.4
13.33
13.04
13.13
12.89
12.72
12.82
13.16
13.35
13.38
13.21
13.18
13.62
13.5
13.35
13.4
13.53
13.4
13.5
13.55
13.55
13.55
13.65
13.75
13.77
13.77
13.75
13.62
13.18
13.35
13.21
13.48
13.26
12.62
12.35
12.41
12.39
12.02
12.04
12.01
11.99
12.17
12.04
12.21
12.19
12.07
11.66
11.82
11.91
12.01
11.9
11.94
11.83
11.62
11.56
11.54
11.77
11.63
11.19
10.68
10.85
11.1
11.3
11.0
10.84
11.01
10.95
11.23
11.23
10.95
10.85
11.05
10.85
10.64
10.94
10.91
10.58
10.44
10.25
10.14
10.25
10.39
9.705
9.729
9.619
9.546
9.717
9.68
9.863
9.827
10.01
10.02
9.79
9.631
9.973
9.875
9.9
9.875
9.949
10.01
9.753
9.949
9.949
10.6
10.07
10.18
10.25
10.07
9.973
9.924
9.888
9.973
9.875
9.741
9.937
10.03
10.19
10.3
9.875
10.07
10.14
10.38
10.1
9.729
9.937
9.314
9.253
9.277
9.29
9.644
9.631
8.997
8.887
8.752
9.143
9.131
9.094
9.192
9.155
9.106
9.18
9.131
8.936
8.789
8.997
8.911
9.033
8.899
9.045
9.18
9.033
9.241
9.412
9.192
9.253
9.497
9.509
9.766
9.656
9.717
9.924
9.644
9.106
9.314
9.546
9.412
9.338
9.534
9.521
9.802
10.06
10.25
9.888
9.619
9.692
9.741
9.546
9.766
9.668
9.717
9.766
9.79
10.05
9.68
9.851
9.961
9.656
9.619
9.497
9.583
9.644
9.534
9.583
9.863
9.875
9.778
9.924
9.985
10.01
9.79
9.705
9.888
9.985
10.07
10.18
10.07
10.18
10.07
9.924
9.949
9.705
9.57
9.802
9.729
11.07
15.97
15.99
15.99
15.99
15.99
15.97
15.99
15.99
15.87
15.8
15.84
15.89
15.92
15.99
15.99
15.67
15.48
15.6
15.62
15.97
15.99
15.99
15.99
15.99
15.97
15.99
15.97
15.89
15.7
15.6
15.75
15.84
15.97
15.43
15.04
15.21
15.36
15.43
15.06
15.01
14.99
14.79
14.67
14.65
14.6
14.33
14.26
14.55
14.53
14.5
14.28
14.31
14.58
14.16
13.94
13.53
13.55
13.67
13.65
13.65
13.62
13.57
13.7
13.5
13.21
12.89
13.48
13.6
13.4
13.33
13.48
13.48
13.62
13.62
13.48
13.62
13.01
13.09
13.18
13.18
13.26
12.55
12.44
12.05
12.01
12.15
12.16
12.38
12.45
12.57
12.48
12.07
11.9
12.05
12.32
12.84
11.68
11.17
11.22
11.4
11.41
11.27
11.29
11.41
10.85
10.97
10.9
10.97
10.89
10.93
10.93
10.96
11.07
11.04
11.16
11.27
11.19
10.91
10.9
10.82
10.78
10.9
10.74
11.06
10.18
9.827
9.766
9.387
9.351
9.338
9.583
9.668
9.595
9.79
9.814
9.631
9.668
9.814
9.705
9.741
9.973
9.998
10.19
10.28
10.12
10.13
10.08
9.583
9.692
9.863
9.9
10.12
