0.04511
0.04148
0.008678
0.05178
0.0003815
0.05531
0.04034
0.04129
0.03834
0.002098
0.04377
0.04272
0.04501
0.09184
0.04034
0.03281
0.04168
0.03719
0.04215
0.03748
0.05102
0.0391
0.04263
0.05169
0.03948
0.04244
0.0432
0.04416
0.04215
0.04511
0.04234
0.03881
0.03414
0.04168
0.03796
0.04349
0.03843
0.05684
0.03719
0.04492
0.04988
0.02127
0.05646
0.04158
0.0371
0.03014
0.0433
0.03986
0.04683
0.05903
0.05112
0.04635
0.04091
0.04482
0.04034
0.04787
0.03672
0.1036
0.1556
0.04759
0.03691
0.04616
0.04129
0.04711
0.04416
0.0495
0.04702
0.04711
0.03586
0.04482
0.03834
0.05217
0.05817
0.05264
0.03872
0.03691
0.04244
0.04644
0.04072
0.04101
0.04349
0.0412
0.05074
0.04396
0.04177
0.05369
0.04349
0.03862
0.04225
0.04921
0.04358
0.04883
0.05035
0.03967
0.04015
0.05035
0.04082
0.04454
0.05016
0.05264
0.04444
0.05512
0.05102
0.04196
0.04473
0.04053
0.04978
0.04063
0.04711
0.04206
0.04072
0.04644
0.04768
0.04549
0.04396
0.04196
0.05102
0.04387
0.04635
0.04549
0.03757
0.04463
0.0514
0.04301
0.04683
0.04272
0.05569
0.03443
0.0411
0.03242
0.04044
0.03147
0.03843
0.0392
0.04063
0.02823
0.04282
0.05264
0.02193
0.03757
0.03576
0.0392
0.03824
0.03958
0.03204
0.03939
0.04597
0.03767
0.04902
0.04177
0.04292
0.04959
0.05436
0.04234
0.04139
0.03843
0.04158
0.04349
0.04263
0.04177
0.0392
0.04387
0.05751
0.04387
0.05627
0.04768
0.06638
0.04921
0.04845
0.0392
0.05512
0.04864
0.104
0.05236
0.04835
0.04692
0.03271
0.0638
0.2529
0.07544
0.06523
0.05579
0.06685
0.06189
0.0699
0.0596
0.05369
0.0679
0.05808
0.068
0.06914
0.0659
0.08154
0.06962
0.08554
0.07906
0.0597
0.05312
0.05569
0.06733
0.06313
0.0556
0.06685
0.06399
0.06533
0.06056
0.05474
0.05808
0.1169
0.05198
0.04911
0.06495
0.06456
0.06084
0.0577
0.06218
0.05798
0.06132
0.1017
0.05941
0.06313
0.072
0.06781
0.0577
0.06657
0.06685
0.06027
0.05112
0.06599
0.06866
0.08364
0.08936
0.07868
0.06208
0.05713
0.06256
0.0596
0.06409
0.0598
0.06151
0.05941
0.05884
0.06409
0.06437
0.06142
0.06847
0.06132
0.05713
0.05465
0.06504
0.06113
0.05798
0.07992
0.05569
0.06475
0.05999
0.06247
0.0597
0.05884
0.06084
0.05522
0.05779
0.05589
0.05503
0.05436
0.06065
0.04873
0.05369
0.05522
0.02909
0.06981
0.0474
0.05178
0.05369
0.05846
0.05779
0.05312
0.06132
0.0618
0.05922
0.05255
0.05741
0.05713
0.0535
0.05302
0.04683
0.04816
0.05512
0.0411
0.04358
0.05445
0.06189
0.04921
0.05341
0.05169
0.05684
0.05388
0.06456
0.06552
0.05274
0.05503
0.05741
0.05407
0.04129
0.0495
0.04864
0.05436
0.05112
0.05589
0.06571
0.05684
0.05407
0.05474
0.0514
0.05331
0.0474
0.04501
0.05217
0.05512
0.06227
0.04702
0.06294
0.05341
0.05693
0.05426
0.03948
0.04911
0.04778
0.04988
0.05026
0.05255
0.05789
0.03948
0.04778
0.03757
0.04816
0.0474
0.04845
0.0433
0.04377
0.03929
0.04292
0.04597
0.03853
0.03805
0.04206
0.03643
0.03214
0.0371
0.035
0.03767
0.03986
0.03605
0.03872
0.03662
0.03891
0.02651
0.03939
0.04177
0.04244
0.04539
0.03653
0.04253
0.04444
0.03433
0.04139
0.03548
0.04511
0.04196
0.03366
0.035
0.03128
0.03109
0.02985
0.03452
0.03586
0.03452
0.03529
0.03452
0.03157
0.03462
0.03567
0.0411
0.04034
0.04349
0.04349
0.04282
0.03376
0.0411
0.0351
0.0351
0.03109
0.0308
0.03376
0.02909
0.03214
0.03834
0.0349
0.0309
0.02155
0.02823
0.02985
0.02928
0.02556
0.02947
0.03014
0.02775
0.02193
0.0288
0.02289
0.02537
0.02365
0.02871
0.02184
0.02356
0.02584
0.02632
0.03834
0.03319
0.02937
0.02832
0.02937
0.03166
0.0309
0.02747
0.02184
0.0329
0.02165
0.02623
0.02327
0.02909
0.02317
0.03042
0.02651
0.02871
0.0246
0.03014
0.02632
0.02327
0.03262
0.03166
0.02861
0.03061
0.03138
0.03185
0.03538
0.02451
0.02565
0.02451
0.02832
0.0247
0.02651
0.02909
0.02756
0.03109
0.02346
0.02556
0.02699
0.0248
0.02222
0.02518
0.01926
0.02823
0.02251
0.02279
0.02165
0.02403
0.02537
0.02518
0.02003
0.0268
0.02441
0.02422
0.02918
0.02537
0.03576
0.03681
0.04387
0.03128
0.03242
0.03071
0.02737
0.02251
0.02575
0.02232
0.02632
0.02728
0.0227
0.02546
0.0246
0.02604
0.02232
0.02451
0.0248
0.0246
0.03262
0.02174
0.02451
0.02489
0.0349
0.02403
0.02661
0.02575
0.02766
0.02995
0.02241
0.02804
0.02289
0.02718
0.02785
0.02804
0.02861
0.03071
0.033
0.03262
0.02851
0.03214
0.03109
0.03204
0.0309
0.03109
0.0351
0.03052
0.02956
0.03328
0.03729
0.03881
0.03452
0.02794
0.03405
0.03557
0.03757
0.0371
0.03719
0.03805
0.03271
0.03643
0.03166
0.03557
0.03481
0.03891
0.03786
0.03948
0.03633
0.03614
0.0329
0.03319
0.03481
0.03347
0.0308
0.03815
0.03424
0.0351
0.03595
0.03719
0.03767
0.03252
0.02909
0.03462
0.02804
0.02985
0.03986
0.03862
0.03643
0.0329
0.03147
0.03176
0.03357
0.03195
0.02804
0.035
0.02985
0.03271
0.03433
0.03605
0.03042
0.03557
0.02985
0.03748
0.03395
0.03834
0.03061
0.03834
0.03586
0.03014
0.04005
0.03939
0.04797
0.03519
0.03986
0.03948
0.03691
0.03471
0.03843
0.0391
0.03872
0.03443
0.03977
0.035
0.04015
0.04511
0.03586
0.03691
0.05121
0.06237
0.03195
0.035
0.02632
0.04253
0.03548
0.0371
0.03214
0.04101
0.0288
0.03786
0.03929
0.05188
0.04673
0.03891
0.03881
0.309
0.04177
0.03452
0.03281
0.03796
0.04034
0.03529
0.03366
0.03624
0.03624
0.03538
0.03462
0.03729
0.02823
0.03128
0.03309
0.035
0.0268
0.02756
0.02413
0.0308
0.04139
0.03548
0.03099
0.037
0.03834
0.04463
0.03567
0.03185
0.02747
0.03214
0.03443
0.03204
0.03176
0.03252
0.03242
0.03386
0.02623
0.02708
0.03242
0.033
0.03586
0.03824
0.0289
0.03166
0.0886
0.033
0.03147
0.03653
0.03338
0.03319
0.03424
0.03719
0.03614
0.03567
0.05188
0.02823
0.033
0.1043
0.03252
0.03519
0.04063
0.03138
0.02708
0.02842
0.02565
0.03338
0.1734
0.03481
0.02651
0.03271
0.02584
0.03281
0.03471
0.03281
0.03166
0.03004
0.03176
0.02928
0.03395
0.03529
0.02699
0.03376
0.02956
0.02813
0.03443
0.02689
0.03185
0.02775
0.02594
0.03119
0.02842
0.02708
0.02108
0.03185
0.02871
0.02956
0.02823
0.03109
0.03042
0.02937
0.033
0.03004
0.02975
0.03128
0.03233
0.02451
0.02947
0.0289
0.03529
0.02985
0.03252
0.02985
0.02537
0.0186
0.02241
0.01755
0.01984
0.01764
0.01631
0.02556
0.02193
0.02489
0.01812
0.02441
0.02089
0.02546
0.0185
0.01717
0.02298
0.02155
0.01678
0.02136
0.01431
0.02041
0.01659
0.01459
0.01345
0.02069
0.01736
0.01736
0.01879
0.02384
0.01678
0.02089
0.01984
0.0267
0.02356
0.02279
0.02155
0.02584
0.0268
0.0248
0.0248
0.02737
0.02203
0.02794
0.02718
0.02861
0.0227
0.02623
0.02127
0.02613
0.02079
0.02441
0.01736
0.02794
0.02594
0.02222
0.02193
0.02289
0.02337
0.02565
0.02317
0.02232
0.02584
0.02651
0.02422
0.02365
0.02365
0.02851
0.02422
0.02966
0.02356
0.03033
0.02947
0.02842
0.02518
0.02766
0.02527
0.02737
0.03109
0.03185
0.02651
0.02766
0.03157
0.03223
0.02747
0.03138
0.02584
0.03128
0.03109
0.0329
0.03176
0.02718
0.0309
0.02918
0.03052
0.02794
0.03252
0.02432
0.03395
0.03052
0.03643
0.04311
0.03452
0.03338
0.02823
0.03128
0.037
0.03462
0.04082
0.03614
0.0351
0.06762
0.02108
0.037
0.0411
0.03996
0.0473
0.03929
0.0309
0.03252
0.03233
0.03281
0.03538
0.04911
0.02966
0.03862
0.03185
0.03843
0.03119
0.03633
0.03338
0.05322
0.03614
0.03548
0.03204
0.0329
0.04158
0.02899
0.04234
0.03099
0.03605
0.03548
0.03061
0.03548
0.02174
0.03071
0.03309
0.03958
0.033
