0.2407
0.2354
0.2171
0.185
0.2747
0.3025
0.7317
0.7996
0.7195
1.242
1.028
0.6943
1.161
1.28
0.6378
0.4776
0.5226
0.6348
0.6371
0.9705
0.8636
0.7133
0.354
0.0123
0.1339
3.699
4.871
8.459
4.541
4.26
5.292
1.837
0.115
0.3712
0.3139
0.267
0.1972
0.2506
0.09165
0.07687
0.2235
0.3544
0.0001907
0.006962
0.1411
0.2052
0.1928
0.1251
0.1387
0.1371
0.2842
0.06533
0.8087
0.1831
0.01125
0.02947
0.03891
0.02432
0.04282
0.04978
0.007439
0.4196
0.2007
0.04644
0.007915
0.005436
0.01392
0.002956
0.486
0.5829
0.3551
0.322
0.4082
0.1898
0.2201
0.3056
0.2949
0.222
0.2434
0.2537
0.2106
0.2113
0.2575
0.2151
0.2159
0.214
0.2117
0.235
0.2586
0.2377
0.1669
0.1802
0.211
0.2987
0.634
0.7355
1.06
1.042
0.6783
0.3052
0.3159
0.3853
0.8881
1.239
0.9781
0.4211
0.3471
0.3571
0.4036
0.4471
0.4692
0.4227
0.4524
0.4486
0.4303
0.1852
0.272
0.2262
0.2495
5.115
4.993
6.183
5.432
3.693
3.558
4.486
0.5951
0.1137
0.6981
0.3487
0.01211
0.04568
0.02832
0.0289
0.0289
0.02623
0.2918
0.08907
0.2617
0.04797
0.007248
0.007439
0.004673
0.01373
0.1705
0.9811
0.5257
0.5081
0.2125
0.2312
0.285
0.2781
0.2312
0.2243
0.2357
0.2293
0.1915
0.2357
0.2594
0.2037
0.1877
0.1833
0.1995
0.1768
0.1898
0.1616
0.2316
0.1995
0.2197
0.2499
0.3506
0.9109
0.7378
1.253
0.9918
0.3506
0.3456
0.4936
0.7294
1.312
0.8835
0.4341
0.5417
0.576
0.6889
0.7103
0.6973
0.4173
0.3471
3.424
4.626
6.25
5.878
4.913
3.796
3.992
0.3494
0.1019
0.002956
0.8789
0.1253
0.04587
0.03395
0.03977
0.03462
0.1564
0.518
0.02699
0.01698
0.05283
0.9628
0.5203
0.4631
0.2377
0.2499
0.3094
0.2743
0.2033
0.2018
0.1867
0.1497
0.1987
0.2438
0.2235
0.2197
0.2048
0.2232
0.1995
0.2125
0.1869
0.2979
0.5966
1.17
1.537
1.125
0.9872
1.321
1.372
0.5821
0.547
0.4608
0.4494
0.457
0.5333
0.4616
0.4639
0.5707
0.7103
0.563
0.01297
0.008488
0.01106
1.721
6.36
4.23
3.003
4.15
4.327
4.529
3.21
0.0001907
0.1295
1.018
0.03414
0.0577
0.0536
0.03519
0.415
0.301
0.01059
0.02031
0.6264
0.6126
0.4341
0.4211
0.1602
0.2163
0.198
0.3185
0.312
0.2686
0.2861
0.2579
0.2701
0.2613
0.2506
0.2621
0.2682
0.3063
0.5089
0.296
0.9567
0.7607
1.361
0.9583
0.8972
0.8987
1.271
1.149
0.4456
0.3864
0.4837
0.5524
0.6065
0.9277
1.987
0.8835
0.576
0.2384
0.01431
2.094
4.639
5.31
2.2
3.003
3.32
3.497
4.181
1.981
0.09451
0.0007629
0.0004768
0.001621
0.0
0.0
0.0
0.0
0.0
0.0
0.0
0.0
0.0
0.0
0.0
0.0
0.0003815
0.0
0.0
0.0
0.0
0.0
0.0
0.0
0.0
0.0
9.537e-05
0.0
0.0
0.0
0.0
0.0
0.0
0.0
0.0
0.0
0.0
0.0
0.0009537
0.0
0.0
0.0
9.537e-05
0.0
0.0
0.0
0.0
0.0
0.0
0.0
9.537e-05
0.0
0.0
0.0
0.0
0.0
0.0
0.0
0.0
0.0
0.0
0.0
0.0
0.0
0.0
0.0
0.0
0.0
0.0
0.0
0.0
0.0
0.0
0.0
0.0
0.0
0.0
0.0
0.0
0.0
0.0
0.0
0.0
0.0
0.0
0.0
0.0
0.0
0.0
0.0
0.0
0.0
0.0
0.0
0.0
0.0
0.0
0.01898
0.5653
0.4173
0.2193
0.2171
0.2869
0.164
0.4265
0.2819
0.285
0.2369
0.1408
0.2846
0.3414
0.3311
0.3555
0.3716
0.2552
0.2823
0.2422
0.2594
0.3246
0.2842
0.2159
0.2178
0.2125
0.2617
0.2277
0.2472
0.1926
0.2186
0.2506
0.2151
0.2201
0.2213
0.1801
0.1871
0.1312
0.2304
0.3262
1.096
0.2491
0.499
0.383
1.372
0.7362
0.7713
2.017
1.418
0.441
0.3849
0.351
0.3582
0.3826
0.1156
0.1036
0.1198
0.1255
0.1806
0.8408
7.91
6.726
7.043
7.178
3.088
0.2079
0.002098
0.02232
0.5051
0.4112
0.2232
0.2346
0.2651
0.1995
0.3983
0.2083
0.144
0.19
0.2251
0.1846
0.2769
0.2846
0.3365
0.2476
0.3063
0.3185
0.441
0.3288
0.2682
0.2544
0.2106
0.144
0.2319
0.2281
0.243
0.2518
0.238
0.2903
0.2739
0.2831
0.3593
0.2754
0.2193
0.1852
0.2213
0.2056
0.2293
0.5394
0.8286
0.227
0.486
0.7454
0.8881
0.9155
0.6569
1.045
1.395
0.9628
0.1913
0.2831
0.2766
0.3166
0.3284
0.1106
0.1062
0.131
0.1781
0.1816
3.528
6.335
5.273
6.274
5.554
4.956
0.1814
0.03729
0.01135
0.1122
0.8896
0.2823
0.2518
0.3075
0.182
0.4333
0.2075
0.2335
0.2548
0.3544
0.4555
0.3834
0.4128
0.3643
0.3582
0.2625
0.2216
0.2178
0.2567
0.1801
0.2769
0.211
0.1968
0.201
0.2148
0.2663
0.2129
0.2129
0.2499
0.2693
0.2026
0.2209
0.2178
0.2262
0.2399
0.3571
0.6493
0.7805
0.412
0.7111
1.128
0.9491
1.639
1.361
0.8652
0.6744
0.4379
0.4066
0.4356
0.1286
0.1324
0.08192
0.1791
0.3056
8.472
8.337
7.983
5.096
3.815
0.1844
0.001335
0.0005722
0.0
0.001049
0.001144
0.0
0.1314
0.0
0.0
0.0
0.0
0.0
0.0
0.0
0.0
0.0
0.003338
0.2865
0.6027
0.2979
0.2884
0.2857
0.4471
0.259
0.3292
0.47
0.4951
0.3742
0.412
0.3277
0.3143
0.2144
0.2136
0.2602
0.2243
0.2487
0.2411
0.2586
0.2708
0.246
0.2613
0.2537
0.2319
0.2598
0.2663
0.2815
0.3693
1.208
0.6851
1.524
2.164
1.617
0.396
0.3811
0.3868
0.3567
0.4166
0.3952
0.428
0.3887
0.3902
0.4105
0.1953
0.2155
0.2556
0.1499
1.468
7.861
7.275
10.84
4.443
0.1841
0.01059
0.08583
0.7889
0.2468
0.2865
0.396
0.4929
0.2651
0.28
0.4883
0.428
0.4204
0.3967
0.4051
0.3426
0.2659
0.2548
0.2491
0.2262
0.28
0.2861
0.309
0.3052
0.296
0.3014
0.2953
0.3063
0.2911
0.3151
1.323
1.033
2.194
1.581
1.352
0.4227
0.4517
0.4135
0.5119
0.4539
0.4532
0.5394
0.2457
0.3098
0.2926
0.01116
4.205
6.775
7.971
10.63
2.71
0.2068
0.001812
0.01678
0.035
0.7889
0.3181
0.3609
0.2953
0.4028
0.2693
0.2964
0.3098
0.4257
0.4242
0.3769
0.4326
0.396
0.3445
0.2964
0.3086
0.2636
0.2499
0.2609
0.2769
0.304
0.2834
0.2735
0.2953
0.238
0.264
0.2537
0.2625
0.2998
0.7652
0.8484
0.8362
1.408
2.057
1.581
1.08
0.4028
0.4318
0.4227
0.4219
0.5119
0.1476
0.2319
0.359
0.5165
9.595
8.435
12.07
2.823
0.2003
0.01249
0.05941
0.8255
0.3109
0.3662
0.2968
0.502
0.2605
0.3407
0.4684
0.4929
0.4677
0.4257
0.3483
0.2773
0.2922
0.3212
0.3395
0.3487
0.3529
0.3403
0.333
0.3117
0.362
1.369
1.462
1.959
1.849
0.7072
0.5219
0.5928
0.6187
0.9003
1.143
0.4913
0.1665
0.1728
9.583
10.08
8.093
4.431
0.007915
0.002861
0.01583
0.5257
0.4105
