21.19
18.53
19.82
19.31
18.53
19.34
17.11
17.94
21.07
17.9
17.94
21.12
21.97
16.94
18.85
16.16
17.02
22.56
23.51
17.94
16.65
18.38
16.16
16.48
18.58
21.41
21.24
17.07
14.48
16.55
16.63
18.43
21.61
20.68
19.87
17.02
16.36
17.04
19.95
21.36
21.12
17.8
17.94
17.9
20.78
18.51
17.38
18.12
18.04
18.33
20.24
21.73
20.51
18.82
20.73
16.33
18.21
17.92
18.51
20.46
19.02
19.21
16.31
15.97
18.68
19.56
18.95
18.48
17.97
15.8
17.11
16.19
18.92
17.65
17.26
18.33
19.41
17.92
14.23
14.77
17.36
16.97
17.94
19.56
21.92
18.87
19.56
16.28
14.82
14.11
15.21
15.36
17.09
19.17
20.97
21.58
17.53
18.46
18.38
16.21
17.68
16.7
14.62
16.19
15.16
16.75
19.63
18.19
18.53
18.55
19.82
17.21
17.97
18.04
19.41
19.09
19.07
18.26
19.24
16.58
18.7
19.73
19.7
18.14
18.04
17.36
17.26
17.48
18.97
18.36
19.09
19.8
20.83
18.73
18.02
14.6
16.11
20.51
19.63
20.87
20.39
16.75
15.43
15.58
16.58
19.95
20.9
20.09
24.15
21.34
22.66
19.14
22.44
22.19
20.46
16.31
15.8
17.43
18.65
17.31
17.58
17.77
16.8
15.92
17.11
18.48
15.28
18.46
19.02
17.43
15.14
14.92
16.8
16.7
17.43
15.28
18.26
18.04
16.26
16.72
15.26
15.62
15.7
14.09
19.12
18.14
18.82
20.85
20.26
14.72
15.21
16.5
16.21
19.31
20.8
20.12
22.31
16.8
15.48
16.48
17.58
18.99
18.63
19.31
19.51
17.97
16.58
15.33
15.31
16.48
15.87
18.77
19.65
17.41
20.02
16.21
16.67
18.8
18.12
18.26
18.63
17.9
21.51
20.02
19.78
17.31
17.94
20.21
19.36
18.85
19.68
21.31
19.07
16.24
15.65
15.87
17.8
20.78
19.53
19.21
19.85
19.53
16.77
18.75
19.78
19.48
19.53
19.7
17.19
15.82
18.38
19.46
21.22
17.87
16.11
17.07
18.75
19.31
21.04
20.78
18.92
18.33
16.14
18.09
16.65
17.82
20.53
22.53
18.51
18.8
15.6
16.89
18.46
19.29
22.63
19.87
20.43
16.09
14.21
16.06
22.12
19.51
19.68
17.8
16.41
18.38
19.73
20.95
15.55
15.06
19.53
16.36
16.82
18.85
18.75
20.02
18.63
15.5
16.48
19.24
17.5
19.12
20.21
19.46
19.6
20.75
19.85
16.87
16.21
14.82
16.72
17.8
18.7
22.97
18.7
17.7
17.8
18.46
19.7
19.24
17.36
16.53
16.38
17.87
19.95
21.31
19.53
21.31
20.17
20.21
21.61
21.92
21.24
20.24
15.77
15.92
18.65
18.07
16.55
15.41
16.97
19.09
19.21
19.29
18.51
19.82
18.92
18.12
20.19
19.48
19.17
20.48
22.51
19.43
19.31
18.58
18.97
19.56
18.75
17.21
15.99
19.09
17.75
20.61
19.56
18.02
20.07
18.02
19.87
18.38
19.12
17.68
18.82
19.68
20.36
18.19
18.09
18.73
18.73
17.68
17.14
16.33
17.6
18.73
20.58
19.85
19.41
18.68
18.68
16.99
16.38
17.07
19.73
19.68
20.87
22.12
19.95
19.65
18.73
17.82
17.7
20.19
19.82
20.14
21.29
17.48
18.21
20.48
22.9
20.65
19.46
18.29
16.46
15.72
16.92
19.21
17.7
15.23
18.24
20.26
18.68
18.75
19.85
17.87
17.02
19.82
17.33
19.07
16.11
16.26
16.63
18.26
20.97
20.24
15.01
16.55
16.09
18.68
20.95
23.41
15.67
14.99
16.7
16.02
18.95
16.16
16.38
16.48
19.26
17.41
18.07
17.26
19.48
16.38
18.38
17.48
18.19
16.48
18.43
17.48
18.58
16.14
18.51
19.6
19.14
21.97
17.63
19.17
19.63
20.43
18.58
17.7
20.87
15.82
18.16
18.97
22.83
17.65
20.14
20.43
21.85
19.56
19.36
18.55
16.09
13.94
15.92
20.7
22.97
24.39
20.83
15.97
14.45
17.11
18.46
21.19
20.8
16.04
16.06
18.58
20.7
22.71
22.78
20.41
17.38
19.78
20.46
23.19
23.49
14.38
16.28
20.51
20.83
16.65
15.89
18.68
18.02
18.75
19.92
20.78
21.92
18.51
18.68
19.8
19.36
18.99
20.58
20.68
20.39
19.53
16.09
15.89
16.63
20.07
21.48
19.29
19.17
16.82
15.33
19.14
17.94
20.0
22.95
23.78
25.88
21.61
19.04
20.04
15.5
15.87
19.73
23.0
21.73
20.0
19.34
20.9
19.63
16.8
18.19
18.6
19.29
18.58
21.51
18.26
15.84
15.72
19.48
19.19
20.07
21.56
21.88
21.97
21.14
20.85
18.26
19.02
18.02
17.43
16.65
17.8
18.29
17.99
19.63
21.41
20.7
20.85
20.48
19.6
16.5
17.53
17.43
16.31
15.89
18.29
16.36
16.82
19.29
21.41
20.43
19.53
17.48
18.73
17.29
17.68
16.99
16.92
17.8
20.51
21.19
20.02
18.63
19.12
16.58
16.19
15.97
17.68
18.31
20.26
19.24
20.43
19.7
19.58
19.38
18.73
18.87
18.33
17.68
19.43
17.29
19.34
19.75
19.07
17.63
15.62
21.39
17.87
20.51
21.92
22.71
19.73
19.31
18.85
19.87
21.24
19.78
22.0
19.9
18.53
20.19
22.12
17.6
18.38
18.55
16.87
17.82
16.97
19.56
18.29
17.41
18.04
18.97
20.83
17.55
18.77
21.85
17.65
17.43
16.87
19.34
19.36
16.97
17.65
17.29
18.31
19.17
18.43
18.07
18.43
15.38
15.23
19.17
19.97
18.46
16.67
15.67
17.09
22.17
20.17
21.8
19.29
15.77
17.94
18.38
19.19
20.19
20.09
20.61
22.68
20.53
22.05
23.44
17.94
16.6
19.12
18.41
17.85
20.61
21.24
19.21
19.41
18.92
18.58
