8.826
8.606
8.997
8.496
8.911
8.63
8.801
18.33
20.58
17.07
10.02
11.91
20.8
20.63
8.044
6.543
6.409
6.409
6.409
7.41
8.582
8.936
8.74
8.594
8.704
8.63
14.94
20.8
17.16
8.887
8.777
8.923
8.618
10.44
16.38
17.6
18.07
18.55
16.75
14.33
11.76
10.94
16.28
17.5
18.14
18.07
15.53
14.75
9.387
8.667
11.74
16.63
17.65
18.21
18.53
15.43
13.65
9.998
8.411
8.704
13.23
17.02
17.85
18.38
16.8
14.87
13.43
8.728
13.99
16.94
17.85
18.38
15.92
14.4
10.56
8.423
8.752
12.94
20.8
18.85
9.18
11.25
16.41
17.5
18.19
18.07
15.36
14.09
10.25
15.53
17.33
17.99
18.14
15.36
14.48
11.65
8.545
8.606
8.826
9.839
19.87
20.58
17.04
19.14
20.61
18.26
17.75
20.8
17.8
9.375
11.34
16.5
17.58
18.21
17.04
14.33
11.38
9.131
9.192
9.314
9.265
9.265
9.18
9.534
18.92
20.46
12.7
9.717
9.18
9.192
9.192
9.082
9.253
9.277
13.89
17.29
18.12
18.68
16.65
14.16
11.02
9.192
9.204
9.985
19.14
20.63
14.5
9.399
9.277
9.265
9.167
9.07
9.058
9.131
9.07
9.167
9.375
9.131
15.43
17.07
17.85
18.16
18.36
15.41
13.6
10.74
9.009
9.229
9.216
8.936
9.009
9.033
9.229
9.229
8.997
8.85
9.216
9.155
9.412
8.936
9.155
8.545
11.32
20.46
18.09
6.836
6.604
7.837
8.875
13.65
20.78
14.5
9.119
8.923
8.923
9.412
8.813
8.533
9.351
9.192
8.667
8.936
9.216
8.716
8.801
8.667
17.63
20.75
15.38
6.775
6.531
7.593
9.277
8.813
8.936
14.97
20.8
17.21
9.058
8.923
8.936
9.119
8.728
9.314
17.6
20.7
16.38
8.972
9.387
18.14
20.63
12.96
6.812
6.531
6.409
7.605
8.826
8.569
8.875
9.631
18.99
20.7
14.94
9.265
9.18
8.899
8.728
8.875
8.826
8.923
9.363
9.827
18.82
20.56
14.18
15.43
20.8
19.24
7.129
8.081
9.253
8.582
8.765
9.29
12.1
20.8
19.73
8.85
8.875
8.984
8.789
8.484
9.009
10.28
20.02
20.8
20.14
9.656
11.87
20.68
20.7
11.06
6.714
8.13
8.997
8.972
8.862
9.119
8.679
9.155
9.265
8.826
9.033
9.326
17.07
20.83
19.31
10.19
8.74
8.862
16.92
20.83
19.38
6.995
6.677
6.604
6.604
7.776
8.826
9.338
8.545
8.679
8.765
8.936
8.484
8.569
9.033
10.58
19.46
20.83
18.26
13.72
9.229
8.838
11.01
19.9
20.83
18.95
8.362
6.677
6.604
7.739
8.411
8.74
9.839
18.73
20.73
18.31
14.21
8.594
12.41
20.48
20.83
17.6
16.02
20.83
19.97
14.99
10.68
19.41
20.83
19.65
16.75
6.836
6.604
7.849
9.546
9.363
8.923
9.375
9.119
8.948
9.07
9.058
8.74
8.838
9.058
9.143
8.545
14.18
20.8
20.39
18.43
14.06
18.46
20.83
19.24
14.33
15.97
17.21
17.82
18.31
18.51
18.87
19.19
19.36
19.53
19.53
19.65
19.73
19.8
19.92
20.02
20.12
20.12
20.24
20.31
20.31
20.51
20.7
20.7
19.97
17.72
20.53
20.78
20.85
20.85
20.85
20.87
19.14
18.41
18.38
18.31
12.12
10.12
16.19
17.5
18.16
18.51
18.87
19.14
19.36
19.53
19.53
19.7
19.8
19.92
19.92
20.07
20.12
20.19
20.31
20.43
20.51
20.65
20.7
20.7
19.43
18.87
20.68
20.85
20.85
20.85
20.65
18.38
17.72
17.43
17.43
12.74
14.77
16.87
17.65
18.07
18.33
18.46
18.6
18.87
19.17
19.24
19.36
19.53
19.56
19.6
19.78
19.78
19.92
19.92
20.02
20.12
20.24
20.31
20.31
20.31
20.31
20.43
20.65
20.7
20.7
20.43
17.41
20.51
20.85
20.85
20.85
20.85
20.46
17.82
17.41
17.24
17.19
10.95
15.97
17.36
18.04
18.43
18.75
19.07
19.31
19.41
19.53
19.6
19.73
19.85
19.95
20.12
20.12
20.17
20.31
20.31
20.31
20.48
20.65
20.7
20.7
18.29
18.8
20.56
20.85
20.85
20.85
20.85
20.26
18.95
18.77
18.77
14.97
11.15
16.46
17.55
18.16
18.46
18.65
19.02
19.26
19.36
19.53
19.56
19.73
19.8
19.92
19.95
20.12
20.12
20.17
20.31
20.31
20.34
20.56
20.7
20.7
20.7
19.97
17.65
20.51
20.85
20.78
20.65
20.68
20.48
20.02
19.48
19.07
18.97
12.55
14.31
16.41
17.02
13.67
13.18
13.13
19.07
19.9
14.45
11.78
16.28
17.09
14.62
13.94
12.02
15.06
16.67
15.7
13.16
12.52
11.56
16.19
16.09
13.16
11.47
12.96
16.43
16.94
13.5
13.13
12.6
17.29
20.04
18.82
15.04
13.87
16.7
14.62
13.06
10.23
14.65
16.53
15.53
13.09
11.06
12.19
16.87
17.87
18.46
18.82
19.17
19.34
19.58
19.73
19.78
19.92
19.92
20.02
20.12
20.12
20.12
20.31
20.31
20.31
20.31
20.31
20.51
20.51
20.65
20.7
20.7
20.7
20.7
20.7
20.29
18.07
20.24
20.41
20.87
20.87
20.85
20.85
20.56
18.02
17.46
17.43
16.11
8.74
8.777
14.53
17.14
17.99
18.46
18.75
19.14
19.34
19.51
19.53
19.73
19.73
19.92
20.07
20.12
20.12
20.19
20.31
20.31
20.31
20.51
20.51
20.7
20.7
20.7
20.7
20.7
18.38
19.68
20.29
20.58
20.87
20.87
20.85
20.68
20.68
20.68
20.39
17.41
17.04
17.04
17.02
16.31
12.89
15.67
19.78
19.29
15.09
11.47
9.497
11.44
8.96
11.47
9.338
12.05
12.3
13.01
19.17
19.51
14.77
12.04
11.17
13.31
16.53
19.8
17.85
14.6
11.05
9.705
15.06
20.51
20.26
17.11
12.34
17.19
20.78
20.04
15.99
10.46
9.619
9.424
9.351
10.83
16.41
14.67
19.29
19.07
12.89
10.02
11.34
19.6
20.73
18.29
12.82
9.607
9.265
10.44
9.094
15.11
17.09
17.82
18.36
18.73
18.99
19.26
19.48
19.53
19.65
19.78
19.92
19.92
20.0
20.12
20.24
20.31
20.31
20.39
20.51
20.51
20.63
20.7
20.7
20.7
20.7
20.31
17.87
20.51
20.85
20.85
20.85
20.85
19.04
17.16
17.04
17.04
16.11
9.656
9.058
10.9
19.85
20.83
19.26
11.66
9.216
9.18
9.204
9.253
9.021
9.363
12.46
20.31
20.83
18.9
11.8
11.58
19.58
20.58
15.67
6.848
6.738
6.604
6.604
6.604
6.604
6.604
6.604
6.604
6.604
6.604
6.604
6.604
6.604
6.604
9.644
9.57
9.534
9.583
9.802
8.887
11.07
9.497
9.387
9.521
10.22
