16.97
9.863
8.728
8.936
8.887
14.65
20.68
20.8
18.82
14.82
10.12
18.02
20.83
20.65
18.26
8.142
6.519
6.409
6.409
6.641
8.813
8.74
8.569
8.728
8.838
8.545
8.533
8.667
8.826
8.74
8.655
8.569
8.679
9.009
8.655
9.155
9.985
18.55
20.85
20.29
17.85
11.88
15.55
16.75
17.36
17.8
18.09
18.41
18.68
16.26
15.01
13.04
12.04
10.35
8.569
14.18
16.58
17.36
17.85
18.12
18.46
18.21
15.14
13.75
11.88
10.29
8.826
14.43
16.38
17.16
17.7
17.99
18.31
18.58
15.92
14.04
12.02
11.52
9.473
8.667
10.45
17.77
20.61
20.8
20.07
17.99
14.18
15.53
16.67
17.24
17.7
17.99
18.12
18.46
18.29
14.82
14.48
14.21
13.31
11.32
8.74
8.777
9.021
9.033
11.76
15.92
16.92
17.38
17.9
18.12
18.51
16.43
14.31
11.94
11.34
9.485
9.277
9.082
9.448
9.241
9.229
9.021
9.485
9.094
9.424
9.131
9.521
9.668
8.948
9.436
9.485
9.631
9.497
8.801
8.74
13.26
16.41
17.26
17.82
18.12
18.53
18.55
15.09
13.96
12.37
11.3
9.46
9.375
8.63
10.5
15.82
17.04
17.75
18.07
18.43
17.33
14.75
13.6
12.57
9.302
8.74
13.13
16.38
17.26
17.85
18.16
18.41
16.46
14.87
13.55
11.87
10.88
10.1
9.509
17.24
20.75
20.53
17.5
12.1
9.314
8.643
8.215
10.56
19.17
20.8
18.9
11.87
7.837
9.033
9.106
8.887
9.106
8.972
8.96
9.546
8.301
14.23
20.48
20.68
16.55
9.387
9.131
9.326
9.021
8.655
8.63
6.58
6.409
6.409
6.409
6.409
7.507
8.936
9.131
9.045
9.094
9.668
9.045
8.923
9.473
8.582
8.899
8.96
9.131
10.25
18.04
20.8
20.75
18.36
12.96
11.28
19.21
20.85
19.82
17.85
11.56
9.082
9.216
12.05
19.29
20.78
20.46
15.84
10.47
16.38
20.65
20.58
18.87
15.28
9.131
9.656
10.55
18.85
20.83
19.73
16.04
6.726
6.531
6.409
7.971
9.167
9.155
9.131
9.607
8.948
9.363
17.43
20.85
18.8
9.949
17.8
20.83
20.26
17.92
14.45
8.923
8.826
14.82
20.51
20.75
17.31
6.799
6.604
7.483
9.045
9.033
9.07
9.155
9.375
9.253
9.534
12.82
20.31
20.83
19.07
12.52
9.009
8.984
9.448
8.765
8.74
9.302
9.753
18.38
20.83
20.07
12.34
7.739
8.96
8.765
9.973
18.77
20.85
20.02
12.94
8.923
8.997
16.77
20.83
19.26
16.36
8.838
8.911
15.33
20.61
20.61
16.11
6.873
6.604
6.604
6.604
7.605
8.777
10.39
19.02
20.85
20.83
19.36
11.78
8.521
8.679
8.765
9.9
18.16
20.85
19.65
15.28
8.655
9.045
7.312
6.604
6.47
6.409
6.409
6.409
7.666
9.363
9.277
9.485
9.18
9.46
9.656
8.691
8.374
8.557
12.52
19.8
20.83
19.41
15.48
14.48
16.99
17.7
18.19
18.48
18.82
19.12
19.24
19.38
19.53
19.53
19.6
19.73
19.87
19.92
19.97
20.12
20.24
20.31
20.31
20.31
20.56
20.7
20.7
20.63
17.36
17.43
19.17
20.12
20.85
20.85
20.85
20.87
20.78
20.65
19.65
19.58
19.07
18.29
11.78
15.31
17.19
17.82
18.29
18.53
18.85
19.21
19.34
19.36
19.51
19.68
19.73
19.8
19.92
19.92
20.12
20.12
20.24
20.31
20.31
20.34
20.51
20.68
20.7
20.7
19.53
17.33
17.94
20.51
20.85
20.85
20.87
20.7
20.46
20.48
20.46
18.43
17.9
17.24
13.04
13.31
16.77
17.5
18.02
18.36
18.65
18.95
19.14
19.34
19.41
19.56
19.68
19.73
19.73
19.87
19.95
19.97
20.12
20.12
20.12
20.21
20.31
20.31
20.48
20.61
20.7
20.7
20.7
17.97
16.6
17.9
20.09
20.85
20.75
20.48
20.48
20.48
20.51
20.12
19.34
18.65
18.21
17.92
11.35
14.21
16.82
17.58
18.19
18.38
18.53
18.82
19.07
19.26
19.36
19.36
19.48
19.56
19.56
19.56
19.7
19.82
19.92
19.92
20.04
20.12
20.26
20.31
20.31
20.31
20.36
20.51
20.68
20.7
20.7
18.24
16.38
17.31
19.12
20.87
20.85
20.85
20.87
20.68
20.51
19.95
19.14
18.04
17.82
17.55
9.937
15.11
17.02
17.63
18.12
18.43
18.63
19.04
19.24
19.34
19.51
19.63
19.73
19.8
19.92
19.92
20.02
20.12
20.12
20.24
20.31
20.31
20.51
20.7
20.7
20.7
20.7
17.8
16.85
17.48
19.31
20.51
20.85
20.85
20.85
20.8
20.31
18.43
18.21
18.19
17.8
11.41
11.27
15.7
16.75
15.6
12.35
12.67
10.5
16.77
19.92
19.65
17.16
14.99
19.34
19.92
18.82
14.58
14.92
19.41
20.07
18.55
14.75
16.5
19.73
20.02
17.97
13.18
17.82
19.73
19.85
16.43
9.68
15.7
17.16
17.72
18.24
18.51
18.73
19.12
19.29
19.43
19.53
19.53
19.56
19.65
19.73
19.73
19.73
19.85
19.92
19.92
19.92
19.92
20.12
20.12
20.12
20.12
20.14
20.31
20.31
20.31
20.31
20.31
20.48
20.51
20.68
20.7
20.7
20.7
20.7
19.09
16.6
18.6
20.53
20.85
20.85
20.87
20.87
20.9
20.39
18.95
18.6
18.6
17.82
10.19
9.009
15.26
17.11
17.7
18.26
18.46
18.73
19.07
19.34
19.36
19.48
19.6
19.73
19.73
19.82
19.92
19.92
20.12
20.12
20.29
20.31
20.31
20.41
20.58
20.7
20.7
20.7
20.63
16.58
17.43
19.46
20.87
20.87
20.87
20.65
20.48
20.48
20.19
19.02
17.82
17.68
17.63
17.5
16.82
12.01
12.82
9.973
14.09
13.21
19.41
19.56
15.84
13.5
19.63
20.61
16.38
9.937
10.91
11.05
13.43
20.29
20.24
16.33
10.39
9.558
9.851
10.78
18.38
20.68
19.63
16.67
12.06
16.65
17.48
18.07
18.51
18.73
19.02
19.34
19.38
19.53
19.65
19.73
19.73
19.9
20.09
20.14
20.19
20.31
20.31
20.31
20.51
20.68
20.7
20.7
20.7
17.92
17.26
18.85
20.48
20.48
20.48
20.48
20.48
20.48
20.51
20.17
19.75
19.73
19.21
18.99
18.21
10.44
15.99
20.68
20.83
19.04
18.6
14.65
11.66
17.87
20.31
20.09
15.72
9.387
9.509
10.72
18.24
20.73
20.61
17.58
10.11
9.326
9.045
9.058
9.241
9.18
9.192
9.143
9.229
9.302
10.68
13.67
20.0
20.58
18.92
15.41
6.775
6.604
6.604
6.604
6.604
6.604
6.604
6.604
6.604
6.604
6.604
6.604
6.604
10.01
9.558
9.399
10.02
9.338
9.436
9.631
10.27
9.814
10.51
9.436
