0.2628
0.4005
0.2716
0.2361
0.2701
0.201
0.243
0.3777
0.3265
0.1194
0.2995
0.2197
0.2361
0.2869
0.1688
0.3429
0.0185
0.0
0.0
0.0
0.0
0.003529
0.2609
0.4311
0.1675
0.2102
0.3315
0.3395
0.275
0.1947
0.3132
0.2304
0.2563
0.1053
0.9766
1.59
1.736
1.456
1.546
1.53
2.28
4.578
3.577
3.265
0.5302
0.5219
0.1936
0.4158
0.002384
0.1671
0.4852
1.234
1.642
1.978
2.164
2.185
5.701
2.472
3.802
0.724
1.102
2.386
2.167
2.417
2.274
5.145
1.926
3.406
1.239
0.5478
0.2304
0.1223
0.4333
0.1926
0.3967
0.4257
0.1278
0.2289
0.1789
0.2678
0.2308
0.3231
0.1791
0.2869
0.1827
0.2834
0.1286
0.2655
0.2251
0.8286
1.62
1.776
2.213
1.489
3.204
3.253
2.985
1.825
0.2842
0.08631
1.466
1.852
1.88
2.057
1.981
4.999
4.15
2.222
0.1373
1.132
1.733
2.652
3.021
5.951
2.838
2.728
0.3742
0.7469
0.1787
0.3052
0.1472
0.4822
0.1507
1.408
2.722
2.847
2.353
3.79
4.529
3.387
1.654
0.1698
1.114
1.971
2.182
1.99
1.904
4.95
2.344
3.772
0.8331
0.219
0.4875
0.4272
0.301
0.4074
0.2773
0.1535
0.3666
0.4219
0.3937
0.5348
0.2884
0.1205
0.267
0.2243
0.4868
0.3731
0.3826
0.1236
0.2384
0.206
0.5836
1.225
1.477
1.376
1.648
1.569
2.649
3.888
2.121
3.65
1.315
0.5745
0.2861
0.3647
0.312
0.3555
0.4723
0.3269
0.4005
0.2876
0.0
0.0003815
0.0
0.0
0.0
9.537e-05
0.0
0.0
9.537e-05
0.4082
0.1278
0.2575
0.1549
0.3952
0.1469
0.2789
0.4547
0.23
0.2796
0.1688
0.2602
0.2232
0.2201
0.2293
0.0001907
0.0001907
0.0
0.0
0.0
0.0
0.0
0.0
9.537e-05
0.1844
0.2171
0.3159
0.2693
0.4158
0.08688
0.1118
0.09041
0.3433
0.4837
0.3094
0.161
0.2583
0.4944
0.1505
0.0004768
9.537e-05
0.0006676
9.537e-05
0.0
0.0
9.537e-05
0.0
0.0
0.0124
0.3292
0.3403
0.3105
0.2438
0.246
0.2277
0.2594
0.2594
0.5287
0.2342
0.4349
0.4707
0.4883
0.3223
0.3181
0.0
0.0005722
0.0
0.0
0.0
0.0
9.537e-05
0.0
0.0145
0.3315
0.1263
0.1091
0.2754
0.1614
0.47
0.1667
0.2491
0.201
0.3235
0.2598
0.1312
0.09995
0.3132
0.05264
9.537e-05
0.0
9.537e-05
0.0
0.0
0.0
0.0
0.006104
0.001812
0.425
0.5119
0.194
0.3418
0.2655
0.1492
0.4784
0.1734
0.2846
0.235
0.7843
0.1865
0.2899
0.198
9.537e-05
9.537e-05
0.0002861
0.0
0.0
9.537e-05
0.0
0.0
0.0
9.537e-05
0.01469
0.2201
0.1575
0.1511
0.2476
0.388
0.2621
0.2151
0.06924
0.0001907
0.0
0.0
0.1822
0.16
9.537e-05
0.0
0.0
0.0
0.0
0.0
0.0
0.0
0.0
0.0002861
0.06323
0.3311
0.1127
0.07229
0.2117
0.2834
0.0001907
0.0006676
0.0
0.0
0.0
0.0
0.0
0.0
0.0
0.0
0.0
0.0
0.0
9.537e-05
0.0
0.0
0.0
0.3647
0.4028
0.827
0.09842
0.1093
0.5035
1.16
1.025
1.344
1.227
1.395
1.486
1.468
1.46
1.019
1.103
1.091
1.131
0.9323
0.9201
1.03
0.9644
1.218
1.389
1.422
1.666
1.408
1.228
1.297
1.323
1.291
0.9735
1.004
1.134
1.236
1.137
2.808
5.939
6.958
6.787
4.828
7.239
5.719
7.129
7.642
5.872
5.908
6.909
3.333
3.65
2.533
3.308
1.736
0.8835
0.6241
1.361
1.428
1.434
1.733
1.55
1.544
1.593
1.459
1.54
1.614
1.376
1.465
1.349
1.468
1.34
1.506
1.675
1.544
1.454
1.494
1.421
1.59
1.392
1.752
1.59
1.654
5.426
7.239
5.615
4.59
4.84
8.618
7.935
7.751
7.666
7.678
5.017
3.387
2.438
2.664
2.231
0.4463
1.031
1.031
0.7828
0.8179
0.9354
0.9247
0.9277
1.32
1.112
1.006
1.004
1.102
0.9949
1.118
0.9583
0.9598
0.8926
0.9445
1.083
1.044
1.106
1.134
0.9705
1.057
1.154
1.126
1.199
1.17
0.9445
0.7706
0.8804
0.8118
0.9705
0.9827
1.122
5.347
6.873
6.958
6.47
10.94
7.593
6.738
7.642
5.261
3.619
4.352
3.528
1.95
3.036
0.2747
0.9247
1.204
0.9949
1.117
1.163
1.224
1.134
1.335
1.321
1.149
1.12
1.053
0.9689
0.8179
1.015
1.045
1.042
0.9857
1.1
1.035
1.181
1.375
1.508
1.447
1.149
0.7774
0.827
0.9476
0.9033
0.9491
0.9109
0.9109
0.9247
2.249
3.632
4.346
6.592
5.573
3.149
9.155
7.458
8.228
8.057
7.031
6.628
3.235
4.034
2.667
3.314
2.298
0.3967
0.8926
0.8301
0.8667
0.9674
2.905
4.968
2.274
1.788
0.235
0.4761
0.6973
0.8347
1.73
3.674
1.561
1.189
0.2373
0.1528
0.0658
0.07458
0.3799
0.05455
0.4395
0.5486
0.6035
0.679
2.332
3.229
1.44
0.9186
0.4105
0.6721
0.7431
0.8057
4.242
1.498
1.076
0.2384
0.1184
0.05102
0.06809
0.4128
0.09441
0.4578
0.5264
0.6287
0.7179
2.6
2.902
1.41
1.062
0.1976
1.256
1.321
1.523
1.538
1.228
1.254
1.186
1.204
1.375
1.123
1.126
0.8774
0.8453
0.9781
1.007
1.054
1.068
1.05
1.102
1.039
1.089
1.154
1.019
0.9155
0.9125
0.8881
0.8606
0.9506
0.8041
0.7454
0.8957
0.8255
0.9369
1.204
1.381
5.627
8.032
4.749
3.784
8.154
6.445
7.788
6.995
9.277
6.763
5.121
3.036
2.795
1.807
0.0
9.537e-05
0.824
1.097
0.9766
1.172
1.482
1.503
1.291
1.495
1.483
1.537
1.675
1.862
1.547
1.305
1.198
1.096
1.099
1.224
1.273
1.439
1.288
1.367
1.276
1.523
1.341
1.332
1.439
1.34
4.108
7.703
3.546
3.357
4.163
6.311
6.897
3.607
6.885
4.938
6.409
5.75
3.369
4.028
3.296
2.399
2.826
1.064
1.201
0.1875
1.353
0.2785
0.8148
0.9583
0.111
0.2804
0.1244
0.09403
0.1131
0.3387
0.3571
0.5745
0.2399
0.09508
0.06628
0.08135
0.3529
0.4478
0.6645
0.8148
0.1188
0.9949
1.387
1.332
1.378
1.505
1.503
1.633
1.584
1.501
1.534
1.361
1.427
1.666
1.318
1.407
1.208
1.138
1.37
1.421
1.379
1.456
1.302
1.508
1.543
1.488
9.537e-05
0.0
0.285
0.2464
0.3166
0.285
0.2502
0.4364
0.2659
0.07572
0.08955
0.2075
0.2697
0.2014
0.09031
0.33
0.2464
0.05531
0.1066
0.05903
0.2098
0.2449
0.2529
0.132
0.2888
0.09489
0.07324
0.08793
0.3452
0.02413
0.001049
0.001907
0.0
9.537e-05
0.1009
0.2419
0.09718
0.07496
0.1484
0.2892
0.02317
0.0004768
9.537e-05
0.0
0.0
0.0
0.0
0.0
0.0
0.0
0.0
0.0
0.0
0.0
0.0
0.0
0.0
0.0
0.0
0.0
0.0
0.0
0.0
0.0
0.0
0.0
0.0001907
0.0
0.0
0.0
0.0006676
0.0
0.0
0.0
9.537e-05
0.0
0.0
0.0
0.0
