0.2224
0.214
0.4478
1.064
1.143
0.9338
0.4044
0.9048
1.212
0.9827
0.428
0.3803
0.3521
0.3658
0.5074
0.6035
0.8255
1.059
0.8575
0.3792
0.03433
0.02584
0.02861
1.295
4.633
6.458
3.632
4.053
3.345
2.145
0.2777
0.3571
0.1167
0.3117
0.4898
0.1137
0.1347
0.3254
0.0002861
0.0005722
0.0
0.0
0.0
0.1282
0.193
0.1654
0.2888
0.05465
0.1333
0.2251
0.1627
0.2777
0.2117
0.2628
0.4631
0.1663
0.3216
0.1881
0.06285
0.9277
0.004673
0.04311
0.05026
0.03567
0.01888
0.04597
0.03796
0.004196
0.3944
0.1957
0.01631
0.006866
0.006866
0.001621
1.07
0.473
0.4318
0.2056
0.1858
0.2453
0.238
0.2804
0.2617
0.2579
0.198
0.1698
0.2289
0.2838
0.2464
0.19
0.186
0.1961
0.1797
0.1802
0.1633
0.168
0.1877
0.7004
0.827
1.06
1.093
0.2495
0.3239
0.6836
1.192
1.001
0.383
0.4181
0.4623
1.375
0.4684
0.3586
0.3761
0.3899
0.4021
0.4288
0.4333
0.3708
0.3605
0.1047
0.01211
0.02737
0.02022
0.4959
4.211
4.602
3.101
3.845
3.052
3.149
3.168
0.001907
0.05512
0.9567
0.2037
0.00782
0.03042
0.04749
0.033
0.03147
0.04759
0.04282
0.4707
0.05817
0.01993
0.00658
1.086
0.5074
0.3895
0.1776
0.1972
0.2186
0.2354
0.1961
0.2262
0.2415
0.2193
0.2399
0.2014
0.2018
0.1755
0.1869
0.1738
0.2262
0.2388
0.2861
0.8575
0.7904
1.033
0.724
0.3143
0.6432
1.335
1.102
0.2289
0.2781
0.4005
0.3326
0.325
0.4097
0.4356
0.4112
0.3632
0.4066
0.5608
1.028
0.7782
0.0823
0.02661
0.02813
0.02708
5.06
4.938
4.34
4.199
3.625
3.073
0.00248
0.03986
0.7599
0.1368
0.0432
0.04349
0.04559
0.04444
0.02375
0.3639
0.1806
0.0102
0.01192
0.008488
0.8224
0.5264
0.47
0.2285
0.1776
0.2056
0.2193
0.2789
0.2357
0.309
0.2617
0.2514
0.2232
0.2441
0.2388
0.2464
0.235
0.2392
0.2296
0.3506
0.8041
1.205
1.068
0.5501
0.8453
1.3
0.9216
0.3628
0.341
0.3796
0.4242
0.388
0.7095
0.7935
0.7034
0.7347
0.856
0.1192
0.008965
0.00906
0.02251
0.02546
0.3609
4.523
3.076
3.534
3.833
4.688
3.693
0.5707
0.05665
0.6721
0.1633
0.05102
0.04301
0.0598
0.02127
0.2956
0.3155
0.02003
0.007439
0.008583
0.002384
0.7652
0.3727
0.325
0.322
0.1944
0.1968
0.246
0.243
0.3326
0.3059
0.235
0.3063
0.2514
0.2472
0.2308
0.23
0.2411
0.2407
0.275
0.3212
0.8926
0.6874
1.205
0.7668
0.592
1.1
1.427
0.692
0.3975
0.3296
0.3166
0.4753
0.6752
0.724
0.6828
0.621
0.5722
0.7233
0.7133
0.02117
0.033
0.02613
3.674
4.102
4.236
3.607
4.614
3.571
0.0227
0.01621
0.0003815
0.0
0.0
0.0009537
0.0
0.0
0.0
9.537e-05
0.002098
0.0
0.0
0.0
0.0
0.0
0.0
0.0
0.0
0.0
0.0
9.537e-05
0.0
0.0006676
0.0
0.0
0.0
0.0
0.0
0.0
0.0
0.0
0.0
0.0
0.0
0.0
0.0
0.0
0.0
0.0
0.0
0.0
0.0
0.0
0.0
0.0
0.0
0.0001907
0.0
0.00124
0.0
0.0
0.0
9.537e-05
0.0
0.0
0.0
0.0
0.0
0.0002861
0.0
0.0002861
0.0
9.537e-05
0.0
0.0002861
0.0
9.537e-05
0.0
0.0001907
0.0
0.0
0.0
0.0
9.537e-05
0.0001907
0.0
0.0
0.0
0.0001907
0.0
0.0
0.0
0.0
0.0
0.0
0.0
0.0004768
0.0
0.0002861
0.0
0.0
0.0
0.0
0.0
0.0
0.0
0.0
0.0
0.0
0.0
0.02689
0.6126
0.4494
0.2926
0.3048
0.2544
0.4593
0.2529
0.23
0.3326
0.4059
0.388
0.4005
0.3624
0.3307
0.2491
0.2659
0.2567
0.2415
0.2419
0.214
0.2472
0.2357
0.2636
0.2636
0.1953
0.2075
0.2426
0.2472
0.227
0.2182
0.6859
0.4204
0.3078
1.067
1.237
1.474
1.244
0.3551
0.2499
0.2483
0.23
0.2659
0.2537
0.2834
0.2914
0.2556
0.2659
0.246
0.2804
0.3345
0.1642
0.09842
0.1038
0.132
0.1432
0.02508
0.3944
7.239
7.19
5.573
2.679
0.03195
0.1373
0.003624
0.0004768
0.01974
0.4143
0.4967
0.2567
0.2655
0.3109
0.1768
0.3574
0.1894
0.1579
0.1919
0.1465
0.2167
0.2747
0.3006
0.2739
0.3384
0.3033
0.2689
0.259
0.2522
0.235
0.2354
0.2029
0.177
0.1682
0.1844
0.2354
0.2357
0.2605
0.2384
0.2598
0.2541
0.1926
0.1553
0.1341
0.1629
0.1804
0.2197
0.6119
0.5867
0.2132
0.4494
0.721
0.6149
0.7996
0.9262
0.8865
0.6622
0.7378
0.2254
0.1905
0.2018
0.2193
0.2995
0.259
0.2541
0.156
0.07429
0.06056
0.0658
0.08001
0.0946
0.2888
0.1801
3.088
7.483
7.385
3.467
0.05674
0.3822
2.469
0.01755
0.304
0.5768
0.2827
0.3197
0.3223
0.3124
0.1921
0.1732
0.2167
0.1753
0.2995
0.3983
0.275
0.3029
0.2998
0.296
0.2762
0.2167
0.2686
0.256
0.1921
0.1766
0.198
0.1804
0.2514
0.2205
0.1886
0.2113
0.1999
0.1841
0.2289
0.219
0.2144
0.2357
1.071
0.2705
0.7416
1.624
1.785
0.9247
0.2464
0.4509
0.3784
0.3426
0.3471
0.3544
0.3777
0.4829
0.4738
0.2369
0.2872
0.2804
0.01392
0.1305
7.764
7.922
6.055
2.96
0.1991
0.005722
0.001144
0.0
0.0
0.0
0.0
0.0
0.0
0.0007629
0.0
0.0
0.0
0.0
0.0
0.0
0.0
0.0
0.0
0.0
9.537e-05
9.537e-05
0.0
0.0
0.0
0.0003815
0.0
9.537e-05
9.537e-05
0.0009537
0.0
0.0001907
0.0
0.0
0.0
0.0
0.02604
0.7843
0.2544
0.1549
0.2625
0.2892
0.3323
0.2407
0.189
0.2064
0.2079
0.2468
0.3101
0.333
0.3212
0.3376
0.3456
0.3277
0.2316
0.2567
0.2075
0.2064
0.2144
0.2129
0.1894
0.2224
0.238
0.2056
0.2071
0.2296
0.2167
0.2613
0.2129
0.2071
0.2075
0.2563
0.2373
0.4631
0.8072
0.5959
1.266
1.559
1.642
0.3826
0.2995
0.4082
0.3284
0.3983
0.2792
0.3445
0.3635
0.3513
0.1289
0.1642
0.2079
0.1654
0.1383
0.007153
0.01087
5.634
6.335
6.238
3.711
0.02117
1.141
1.764
0.002575
0.01354
0.005245
0.8194
0.3124
0.2869
0.3139
0.3906
0.2438
0.1854
0.2842
0.2995
0.4173
0.4082
0.3757
0.272
0.2716
0.2308
0.2392
0.272
0.264
0.2712
0.2487
0.288
0.2678
0.2552
0.2663
0.193
0.2102
0.2174
0.201
0.3338
1.001
0.4707
1.265
1.779
0.9064
0.9323
0.3208
0.3086
0.2777
0.2628
0.2876
0.3426
0.341
0.3529
0.4463
0.4883
0.2079
0.2487
0.2182
0.02384
0.02594
6.158
7.458
7.031
4.077
0.01402
0.19
0.007343
0.002193
0.02108
0.6119
0.4944
0.4562
0.3071
0.4158
0.2148
0.2079
0.3193
0.3765
0.3529
0.4601
0.4097
0.2785
0.3025
0.2907
0.2651
0.2789
0.3098
0.301
0.2945
0.23
0.2098
0.2384
0.2949
1.244
0.7439
1.062
2.158
1.715
0.6187
0.6294
0.708
0.8148
1.134
0.6508
0.3551
0.008106
2.515
8.484
10.64
2.768
0.04435
0.003147
0.001335
0.0
0.0
0.0
0.0
0.0
9.537e-05
0.0
0.0
