0.02604
0.02604
0.02604
0.02604
0.02604
0.02604
0.02604
0.02604
0.02604
0.02604
0.02346
0.02861
0.02604
0.02604
0.02604
0.02604
0.02346
0.02861
0.02604
0.02604
0.02604
0.02861
0.02346
0.02861
0.02346
0.02861
0.02346
0.02604
0.02604
0.02604
0.02604
0.02861
1.544
16.04
23.85
25.34
25.24
26.12
24.24
23.41
16.89
23.32
24.68
21.53
5.072
25.83
22.85
28.37
26.27
24.93
27.78
21.88
27.49
23.34
16.7
9.106
21.24
25.98
25.44
25.29
25.2
23.93
19.78
21.26
18.73
15.94
17.14
17.38
20.73
25.39
26.51
25.49
25.29
24.07
26.17
23.88
18.36
14.84
13.06
4.175
3.302
12.18
12.77
26.56
22.51
15.55
13.53
16.43
15.21
19.24
20.46
21.44
25.73
22.05
13.06
13.11
11.65
17.8
26.37
26.76
27.49
28.86
25.63
27.29
25.49
18.09
18.87
21.95
21.73
12.27
3.333
8.813
28.71
29.49
27.0
25.29
27.88
24.98
25.34
23.56
16.14
16.28
14.7
19.78
24.19
24.66
21.53
9.717
14.11
18.68
12.57
19.29
14.26
7.751
22.75
29.69
29.64
28.86
30.32
23.54
27.1
26.66
18.87
17.6
15.01
20.73
24.39
23.56
18.77
17.48
18.58
19.92
23.05
22.53
13.31
19.38
24.02
18.63
19.17
10.46
10.8
19.78
18.46
19.95
20.43
19.9
18.97
20.26
15.26
21.14
21.53
18.41
16.28
12.84
12.87
15.75
15.94
14.14
13.26
16.26
16.02
16.7
23.56
23.36
19.31
0.9399
0.4349
11.15
16.06
14.92
15.77
14.33
10.78
0.4791
14.72
12.65
8.704
13.13
10.42
6.714
9.68
23.66
21.9
19.07
13.79
10.72
15.01
22.75
11.45
12.94
17.04
10.23
13.6
13.09
9.741
11.07
17.29
14.58
17.43
9.729
13.18
15.53
19.73
21.24
21.02
11.05
15.99
16.92
15.87
14.38
21.83
22.73
23.22
7.483
0.6462
9.46
13.65
15.14
17.24
18.31
18.85
20.7
11.49
14.26
14.62
14.84
14.53
13.82
13.84
14.53
14.28
13.28
14.4
15.33
14.94
14.75
14.55
20.75
8.179
10.12
14.28
12.52
13.77
14.53
12.62
13.4
13.5
16.06
15.21
19.65
22.58
14.79
18.19
20.56
13.33
14.43
11.61
16.31
21.04
20.68
19.63
5.005
0.6096
8.984
10.51
14.48
17.19
20.75
23.61
12.41
14.65
15.11
13.26
13.09
12.3
14.38
12.01
14.04
14.53
14.21
15.97
18.6
13.06
16.82
15.11
14.58
14.67
11.28
1.709
2.191
7.129
12.92
14.14
15.01
14.48
14.99
14.43
11.85
12.08
12.74
11.9
15.45
14.38
14.21
14.4
13.99
2.06
0.4791
0.08335
0.02861
0.02346
7.629
12.1
12.13
14.45
11.88
14.01
18.09
17.94
18.9
14.23
14.84
13.55
14.53
12.55
14.5
12.1
11.85
14.55
14.89
19.29
19.43
17.99
6.299
0.6508
9.729
16.26
16.24
19.46
19.87
21.0
13.01
12.77
16.63
19.26
21.12
16.14
13.26
12.39
14.45
3.116
16.87
0.4639
8.044
13.28
12.74
13.65
16.85
24.85
12.24
16.77
29.05
28.47
29.25
31.4
29.2
27.98
30.52
25.59
24.8
24.66
25.44
27.69
26.56
28.91
28.91
25.34
26.27
27.88
29.74
29.64
27.44
20.8
3.467
9.753
12.82
17.65
22.83
21.83
27.73
29.93
26.76
21.7
26.17
18.65
8.728
12.23
29.54
28.47
24.02
21.61
27.29
28.61
31.2
30.22
30.22
29.0
27.15
27.59
28.27
26.95
30.03
27.34
28.12
28.96
26.12
29.3
29.59
19.24
15.62
19.75
25.93
23.83
24.63
24.71
18.19
17.02
16.67
20.21
16.94
12.55
8.35
3.784
23.54
24.1
28.76
25.2
26.27
21.04
19.95
27.49
27.49
25.24
24.8
27.49
26.37
24.58
22.68
21.56
20.12
20.73
21.9
22.56
22.61
22.46
22.17
26.81
27.39
15.77
12.19
23.56
25.63
26.86
26.22
25.44
25.1
17.65
20.8
24.12
20.21
5.029
26.51
25.93
24.78
26.56
28.56
28.52
25.54
26.37
25.05
24.58
26.32
22.75
19.17
19.29
20.14
24.07
25.59
22.68
24.66
19.04
24.71
26.27
26.61
27.69
26.9
7.495
14.94
25.68
27.83
23.24
26.76
26.42
21.95
21.53
22.66
21.14
15.92
12.23
23.93
26.81
25.44
25.0
22.97
23.46
24.02
23.75
25.93
24.37
23.32
25.54
23.97
22.58
23.05
21.46
23.24
24.17
24.95
24.95
21.63
21.7
22.19
23.14
22.75
22.19
11.83
18.14
23.34
22.12
22.71
21.46
23.58
22.61
21.0
21.46
20.85
19.58
8.459
21.56
24.29
25.98
16.06
18.14
17.85
14.23
11.88
16.36
21.09
18.68
14.16
16.31
20.36
20.41
15.92
13.45
18.51
21.31
23.34
16.85
21.29
17.38
19.12
17.14
14.77
16.58
10.96
18.26
21.73
21.39
21.39
21.12
19.65
12.94
17.24
18.33
18.31
16.75
14.77
17.07
18.99
16.65
17.99
17.43
16.43
14.04
9.143
18.48
18.38
17.48
17.26
16.43
17.11
17.63
17.63
17.24
18.46
18.38
17.16
16.28
16.06
15.58
16.09
15.77
15.21
15.6
16.67
17.21
21.24
24.51
21.29
22.92
24.78
22.24
21.51
23.14
21.39
25.05
27.49
13.77
11.28
15.6
17.14
18.12
18.41
19.95
20.48
19.29
18.36
20.31
19.24
19.75
19.8
11.56
13.23
18.38
18.33
18.7
18.7
17.99
18.16
19.58
20.56
20.8
19.6
19.24
25.93
26.9
26.07
25.39
27.59
26.51
25.78
31.84
26.86
23.36
23.05
25.54
20.65
21.95
21.24
22.78
10.73
20.43
22.05
19.7
22.97
22.92
21.46
20.9
19.85
16.89
15.04
14.67
14.7
9.351
13.01
15.04
12.52
15.62
14.11
14.89
13.5
14.94
20.31
19.85
19.26
19.53
20.75
20.75
20.58
18.92
17.8
18.7
20.29
20.12
19.63
19.97
19.21
17.99
17.94
19.04
17.99
17.6
15.43
14.82
14.53
14.6
14.6
14.4
14.6
14.62
14.6
15.11
16.24
15.84
15.23
14.99
10.06
16.5
16.67
16.28
16.53
16.48
16.04
15.87
16.33
16.02
14.38
14.16
14.55
14.84
15.41
15.38
8.789
11.93
14.97
12.82
12.6
12.3
13.26
14.45
15.33
18.33
18.26
16.16
11.02
13.99
13.96
13.99
15.5
15.36
14.7
14.6
12.57
14.79
15.04
14.99
14.87
15.43
10.99
12.41
13.4
12.11
12.27
13.04
12.52
13.6
14.04
13.4
15.26
15.04
15.55
15.41
10.93
13.72
15.84
14.48
15.01
14.67
11.68
0.6767
0.375
0.03128
0.02604
0.02604
0.02604
0.02604
0.02604
0.02604
0.02861
0.02346
0.02861
0.02346
0.02604
0.04425
14.36
14.28
15.23
14.82
14.72
14.5
13.77
12.7
13.6
14.01
14.14
