30.52
30.81
30.18
29.98
29.98
29.54
30.62
29.93
30.22
31.3
29.93
29.54
29.64
30.27
30.22
29.2
29.83
30.76
29.64
29.88
30.66
29.49
29.64
29.79
29.98
30.57
30.81
31.2
30.42
29.88
29.44
29.88
30.32
30.18
30.37
30.32
30.81
30.13
30.47
29.54
30.08
29.49
29.83
29.64
29.83
29.79
30.37
29.88
29.54
27.98
28.27
27.54
27.59
25.34
26.22
24.0
23.66
23.66
25.44
24.22
25.68
25.24
24.39
23.1
24.17
23.27
22.61
22.61
21.63
21.09
21.09
20.07
20.65
21.02
20.04
19.04
17.97
17.55
15.67
18.48
18.43
18.48
18.77
18.58
17.14
16.26
14.18
14.04
14.6
14.75
14.43
13.65
12.41
11.38
11.21
11.01
10.62
10.08
10.6
10.55
10.28
10.07
9.937
10.6
10.17
9.326
10.08
10.31
11.27
10.74
9.668
8.887
9.949
9.106
9.253
8.459
9.888
10.64
10.62
10.45
9.424
9.692
10.06
9.021
10.23
10.71
10.08
9.949
9.814
8.252
9.9
10.38
10.24
9.68
9.448
9.668
10.05
10.42
10.27
10.5
10.33
10.95
11.4
11.05
11.72
9.766
12.65
12.13
12.22
13.16
13.18
12.67
12.92
13.4
13.28
13.7
13.72
13.6
13.94
15.09
15.11
15.55
15.65
16.63
17.04
17.65
18.58
20.56
20.63
22.75
23.68
24.02
24.68
24.95
23.34
25.0
24.71
26.46
27.69
28.71
28.56
29.44
29.15
29.79
29.3
29.74
29.15
29.49
29.25
29.1
29.0
29.25
28.86
28.86
28.61
28.66
28.47
28.81
29.0
28.91
29.1
28.86
29.05
28.86
29.15
29.35
29.49
29.59
29.79
29.64
29.44
29.69
29.69
29.3
29.44
29.39
29.69
29.88
29.54
29.54
29.74
29.3
29.15
29.88
29.59
29.74
29.79
29.2
29.1
29.44
28.86
29.49
29.15
29.2
29.39
29.3
29.15
29.2
28.96
29.25
29.15
29.15
29.54
29.0
29.15
29.44
28.47
29.3
29.2
29.25
29.59
29.64
29.44
29.2
29.25
29.44
29.05
29.54
29.3
30.03
29.83
29.69
29.39
29.15
29.05
29.69
29.3
29.0
29.0
29.0
28.81
29.35
29.35
29.49
29.1
29.2
28.96
29.05
28.76
29.59
29.15
28.96
29.15
29.0
29.0
29.05
29.35
29.25
29.93
29.2
29.79
29.93
29.79
28.91
29.25
28.86
29.05
28.86
29.3
29.0
29.64
29.35
29.44
29.93
29.05
29.25
28.81
28.81
28.86
29.59
30.18
29.3
29.15
29.44
29.1
29.39
29.88
29.74
28.96
29.39
29.49
28.96
28.03
29.1
28.32
28.12
28.61
27.34
27.49
27.1
26.42
25.73
25.73
25.0
24.76
24.56
23.78
23.44
22.88
22.19
21.44
20.65
19.95
18.92
18.58
18.09
17.72
17.26
17.31
16.48
15.84
14.62
14.14
13.67
13.23
13.06
12.84
12.72
12.46
12.18
11.99
11.51
11.36
16.36
12.32
12.67
12.52
12.52
12.7
12.28
11.06
10.9
10.93
10.93
10.71
9.143
8.704
10.42
10.99
10.8
11.21
6.58
8.997
8.972
8.716
8.557
8.63
8.594
8.459
9.631
10.51
10.71
10.53
10.28
10.93
11.12
11.01
10.69
9.631
11.05
11.58
11.52
9.778
11.44
11.99
11.57
10.23
12.21
11.68
11.4
13.04
11.11
12.94
13.57
13.53
13.23
12.89
10.86
10.88
15.01
15.14
14.31
16.24
17.19
17.43
18.16
18.31
19.12
19.53
18.19
19.04
19.41
20.0
20.41
18.82
18.12
20.26
21.63
23.39
23.78
26.71
27.34
28.03
29.25
29.35
29.2
29.3
29.15
29.39
29.49
29.1
29.39
29.74
29.3
29.15
29.0
28.42
28.86
29.69
28.91
28.76
28.61
28.81
29.0
28.52
29.44
29.0
29.49
29.64
29.49
29.74
29.44
29.15
29.49
29.54
29.3
29.35
29.0
29.1
29.59
28.91
28.86
29.54
29.69
29.25
29.64
29.54
29.64
30.13
30.03
29.79
29.59
29.15
28.86
29.69
29.59
29.59
29.35
29.3
29.35
29.35
29.49
29.25
29.0
29.3
29.49
29.0
29.49
29.83
29.44
29.49
29.59
29.2
29.39
29.64
29.35
29.93
29.3
29.64
29.54
29.69
29.79
29.79
29.69
29.59
29.49
29.35
29.54
29.54
29.44
29.83
29.64
29.1
29.3
29.35
29.44
29.3
29.54
29.44
29.49
28.81
29.39
29.3
29.59
28.86
29.39
29.83
29.3
29.49
29.39
29.69
29.25
29.54
29.44
29.54
29.39
29.3
29.3
30.22
29.59
29.83
29.15
29.3
29.54
29.98
30.08
30.52
30.22
29.79
29.93
29.3
29.2
29.35
29.39
28.81
29.35
29.05
29.35
29.69
29.59
30.08
29.69
30.03
29.74
30.47
29.88
29.25
29.54
29.1
29.44
29.44
29.44
29.25
29.49
28.81
28.56
28.52
28.08
27.88
27.25
27.44
26.81
26.56
25.78
25.2
24.66
23.75
23.29
22.41
21.97
21.68
20.02
19.43
18.63
18.29
17.82
16.87
16.36
15.48
16.33
15.84
14.94
13.6
13.16
13.67
13.23
13.11
12.74
12.22
12.12
11.89
11.56
12.18
12.55
10.31
10.41
11.22
11.47
11.25
10.5
10.64
10.85
10.46
10.33
10.01
8.887
7.629
10.49
9.924
10.6
9.521
8.777
9.753
9.79
9.387
9.326
8.459
8.154
8.179
8.179
8.923
7.983
7.385
8.228
8.691
8.984
9.241
9.607
9.644
10.28
10.55
9.814
10.28
10.42
9.949
10.07
9.473
9.399
9.375
9.802
11.51
12.19
14.04
13.89
14.38
14.26
14.21
14.09
13.84
13.92
14.21
14.21
14.5
15.43
15.53
15.53
12.38
17.41
17.16
17.43
18.12
18.92
19.51
19.95
20.12
20.65
22.46
23.61
24.46
23.75
24.51
26.9
28.27
28.66
29.44
29.83
29.59
29.2
29.35
29.54
29.69
29.79
29.69
29.98
29.88
29.88
29.93
29.49
29.44
29.93
29.83
29.93
29.93
29.88
29.79
29.64
29.59
30.13
29.59
29.98
29.74
29.74
30.03
29.64
29.39
29.49
29.79
29.49
29.39
29.54
29.44
29.3
29.69
29.79
29.83
29.64
29.49
29.49
29.69
29.2
29.15
29.25
28.56
29.39
29.35
29.2
29.2
29.1
29.54
29.49
29.88
29.39
29.15
29.64
29.64
29.54
29.44
29.54
29.98
29.69
29.35
29.1
29.49
29.59
