20.12
19.53
18.97
19.68
20.48
21.51
19.38
20.34
22.14
19.9
16.97
18.53
18.65
18.92
23.02
17.55
16.92
16.36
15.16
20.85
18.77
17.87
17.02
15.82
15.84
18.97
17.63
17.5
16.26
19.04
15.8
16.31
15.28
15.94
18.29
16.87
16.04
16.19
19.04
18.97
17.04
15.72
18.65
15.82
16.77
18.07
17.07
16.26
17.11
17.29
16.41
17.48
16.89
14.67
15.21
15.7
16.99
17.43
19.48
14.97
15.33
14.16
16.92
15.38
15.7
16.97
14.92
16.87
13.75
15.14
15.92
14.55
13.21
14.94
13.45
13.28
12.94
14.53
14.06
15.26
15.53
14.06
14.53
14.38
13.21
14.23
15.26
15.21
17.33
15.16
14.38
14.33
16.67
14.31
14.72
15.41
15.01
16.02
16.19
15.09
15.82
15.92
15.94
16.26
15.19
14.79
14.48
16.85
15.11
15.77
14.43
14.77
16.28
16.11
16.6
16.36
16.36
16.41
18.7
17.09
17.75
18.09
17.38
16.94
16.55
18.12
16.09
17.33
20.12
18.6
18.99
17.6
18.9
18.21
18.48
17.43
18.73
17.09
18.63
18.97
19.73
19.14
19.14
17.04
18.46
18.43
17.14
18.63
18.9
21.22
20.0
17.6
17.19
15.53
17.41
18.99
19.17
20.7
18.09
17.31
17.21
16.06
20.29
17.97
19.12
20.85
16.85
17.5
19.58
19.12
19.02
19.21
18.36
17.94
19.38
18.77
20.12
19.56
17.63
15.75
17.58
17.33
20.8
20.63
18.9
17.02
17.5
18.68
16.89
17.04
17.41
17.5
18.97
16.53
16.85
15.94
15.87
16.7
18.31
19.82
18.65
20.04
17.19
16.89
16.06
18.16
17.16
18.87
17.38
14.72
16.33
16.7
18.12
19.56
19.87
16.92
14.77
15.26
15.43
20.78
18.58
17.58
18.53
18.68
16.31
15.41
16.33
17.48
17.09
19.02
17.14
17.97
15.72
15.21
18.24
18.38
16.28
17.85
16.5
17.07
15.75
15.92
17.02
18.36
19.21
18.24
18.7
15.84
17.16
15.82
15.77
16.89
16.55
17.82
19.17
21.39
17.46
17.29
18.63
17.7
17.77
17.75
20.73
15.94
17.04
18.85
20.29
16.8
19.21
17.72
18.04
20.46
20.68
18.92
17.46
17.11
19.29
17.6
18.97
17.92
17.07
15.97
18.12
17.92
20.0
20.53
18.46
17.55
16.6
16.89
19.29
17.43
19.02
17.72
19.78
17.87
18.29
17.38
18.85
16.97
16.16
18.31
18.02
18.38
19.09
18.24
16.28
16.21
15.82
17.41
18.6
17.58
18.6
19.9
15.5
15.6
18.19
17.26
16.63
17.43
16.19
13.99
15.16
18.26
17.99
17.14
15.06
15.53
15.92
15.65
14.92
16.43
16.09
17.68
17.31
17.77
15.48
15.87
16.94
16.14
17.6
17.94
17.31
15.94
15.89
16.77
15.45
16.04
17.94
17.43
19.53
16.65
17.65
16.14
17.68
15.8
16.53
17.29
16.7
17.36
17.11
16.75
17.29
17.21
15.11
16.7
18.38
19.29
18.75
16.8
17.24
17.26
20.56
18.77
18.51
20.36
18.12
18.21
19.51
19.95
17.29
19.51
20.04
19.68
18.75
17.43
18.12
17.36
19.21
16.04
18.38
19.31
19.34
19.14
19.78
19.31
18.53
18.29
19.68
20.53
20.41
19.21
19.82
19.65
16.65
18.38
15.6
15.8
18.92
18.38
18.53
15.8
16.97
15.99
16.72
16.94
17.82
15.92
17.72
15.33
15.28
19.14
18.38
16.65
16.75
17.77
18.43
14.87
16.06
17.97
16.11
17.14
17.75
15.23
15.75
18.73
18.31
17.07
16.77
14.58
16.89
17.29
17.68
16.97
15.45
18.51
16.28
15.8
15.43
17.16
19.36
19.12
15.87
17.33
14.82
15.38
18.48
18.02
15.6
18.24
16.36
15.87
17.77
18.24
17.85
16.19
15.53
16.28
16.19
17.26
15.62
18.92
18.9
15.87
14.77
17.19
16.36
16.55
16.43
18.51
17.9
15.16
15.94
15.58
16.63
16.06
17.24
16.65
15.89
17.8
16.48
15.75
19.92
16.21
16.87
16.97
17.21
17.02
17.68
17.48
19.14
19.09
17.07
19.58
16.63
18.51
19.9
21.73
16.8
15.58
18.43
18.14
18.14
18.02
16.16
16.53
17.65
16.38
17.58
19.02
19.43
16.04
16.24
18.65
18.48
19.04
20.12
20.04
19.17
17.5
17.55
16.02
20.51
19.6
18.65
17.97
18.58
15.72
15.36
16.36
18.73
15.97
15.6
16.65
16.36
15.58
15.48
19.41
18.29
16.26
15.58
14.7
14.31
15.38
17.02
18.55
15.67
14.53
15.72
15.04
15.06
15.65
14.7
15.38
15.11
13.65
13.6
14.55
15.65
16.06
16.46
17.29
14.09
13.75
15.11
19.65
14.79
16.19
17.24
16.24
15.45
15.16
14.82
15.45
16.11
17.53
18.75
16.82
16.87
16.11
15.8
16.85
16.09
18.55
18.07
17.97
18.16
16.75
16.77
15.77
18.12
18.14
22.29
19.09
17.97
18.51
17.48
20.43
20.78
18.95
18.55
18.95
19.41
21.53
20.7
18.68
21.17
19.63
19.8
21.12
19.68
21.19
21.48
20.78
18.19
19.38
21.02
17.94
18.92
17.85
19.6
19.51
20.12
21.68
19.36
17.8
18.6
19.7
21.75
20.41
20.26
18.43
20.7
21.8
19.68
20.07
20.36
19.36
18.82
18.95
19.38
17.21
20.09
18.26
19.34
20.43
19.26
18.43
18.04
18.7
18.6
21.48
19.53
18.31
17.82
17.85
18.58
17.19
19.73
19.48
19.95
18.31
18.36
19.09
18.8
20.8
19.78
18.24
20.07
19.87
19.7
16.06
16.75
16.7
20.12
19.56
21.26
17.9
17.55
18.63
17.21
18.75
18.12
18.85
17.82
19.21
17.07
16.94
16.21
18.07
17.65
19.04
