14.97
13.7
13.33
16.77
2.298
0.1015
12.79
21.34
23.58
20.46
13.31
14.53
11.8
11.93
0.1381
0.07811
0.02346
0.02346
0.02346
0.02346
0.02346
0.02604
0.02604
0.02346
9.888
13.45
0.1406
0.09375
16.82
21.51
22.05
12.74
13.21
8.398
21.31
23.17
25.05
26.76
26.46
26.17
23.58
22.95
22.8
20.34
13.45
15.06
13.6
8.862
22.24
22.29
23.07
25.44
26.12
26.37
23.56
21.95
24.17
20.48
15.6
14.16
12.55
12.55
16.16
19.63
21.19
23.93
27.54
28.81
26.66
24.61
27.64
22.29
14.82
15.01
21.97
25.44
15.36
17.24
18.04
18.24
16.72
11.35
21.31
21.85
23.58
25.78
26.51
26.56
26.61
26.12
16.43
19.38
23.1
24.68
26.07
23.88
23.54
22.73
24.56
24.95
14.77
13.92
14.72
14.06
11.88
22.09
24.15
26.81
27.54
29.39
24.37
26.27
21.63
15.11
21.92
22.8
26.86
28.37
27.64
21.97
23.22
22.73
15.67
13.62
16.09
15.7
17.77
21.46
18.24
12.46
14.92
15.09
15.65
13.72
8.582
22.34
21.19
24.51
25.73
24.58
22.9
21.04
19.63
22.75
23.49
12.99
16.63
12.82
17.07
0.5524
12.87
16.82
32.08
28.27
19.95
35.69
31.88
10.12
42.58
42.92
43.12
39.31
39.16
22.95
21.8
17.04
21.12
20.41
17.9
27.1
36.87
24.54
18.19
17.14
19.95
23.22
18.51
17.65
14.92
19.9
21.85
6.091
0.1459
0.0495
0.02346
0.02604
0.02346
0.5234
19.97
37.11
29.49
15.97
17.43
20.0
6.165
16.82
10.27
17.11
16.09
19.87
22.53
36.96
27.29
16.16
18.87
5.182
0.1249
0.0495
0.02346
0.03128
0.02604
0.4112
17.94
19.04
15.14
20.26
13.79
19.14
17.46
26.81
35.69
18.77
17.5
34.77
30.76
17.16
28.32
36.28
20.21
34.18
31.35
8.008
0.6248
0.1562
0.02604
0.3853
13.31
18.68
29.79
35.69
13.72
20.73
20.36
35.89
24.19
13.96
15.62
16.65
18.77
18.99
14.62
16.33
14.16
6.494
0.1198
0.06771
0.02604
0.02604
0.02079
0.4112
14.99
16.19
16.14
11.68
17.48
18.75
19.75
15.62
12.35
12.46
15.82
15.16
16.14
13.75
14.5
15.97
15.48
3.687
0.1249
0.04168
0.02604
0.02604
0.02604
0.2655
14.04
13.79
14.28
12.4
14.18
18.29
21.48
20.07
12.87
14.38
14.04
13.48
14.6
14.31
15.28
12.84
17.02
6.958
0.1511
0.05207
0.02604
0.02604
0.02079
0.177
14.87
17.6
32.76
34.13
17.26
16.72
18.87
13.09
12.01
22.83
15.8
18.02
17.87
14.36
24.17
38.96
22.95
12.13
0.4166
0.0885
0.02079
0.02604
0.02079
0.02604
13.96
16.94
36.72
29.83
14.11
19.07
15.97
17.19
38.62
28.71
14.82
18.87
27.88
39.31
15.87
15.09
17.9
37.16
28.22
4.541
0.4791
0.0885
0.02604
0.02079
15.72
19.9
18.77
14.58
15.43
16.26
19.75
20.61
22.27
11.95
12.07
29.25
25.39
10.23
39.55
40.33
36.08
32.32
28.52
27.34
24.15
22.34
25.44
25.78
35.79
42.43
43.95
41.6
42.24
42.92
41.89
27.98
40.53
43.7
43.8
33.98
35.21
32.86
15.01
41.06
41.5
41.26
41.55
41.94
40.04
36.91
37.94
38.38
37.06
35.55
33.54
34.81
36.72
35.35
19.95
19.38
22.39
24.15
28.08
30.86
29.69
25.73
23.93
25.39
12.22
22.97
22.73
25.39
27.93
28.76
31.49
31.59
31.25
31.45
31.15
31.93
31.69
30.96
30.62
29.69
31.79
31.84
30.13
30.22
29.74
16.87
19.58
24.58
44.29
41.31
35.4
31.64
28.42
24.41
2.963
0.07296
16.24
24.0
24.39
24.98
25.44
27.05
27.88
27.83
32.57
34.67
34.72
33.2
32.52
32.86
33.3
32.86
33.89
33.59
31.69
24.54
18.16
18.75
20.21
19.56
22.58
33.2
31.49
29.2
34.08
19.24
17.36
28.27
28.03
29.54
31.01
30.57
29.69
29.69
29.35
28.32
28.27
29.44
29.64
29.39
28.81
27.59
26.56
27.34
27.69
28.12
33.2
16.24
18.68
21.51
24.95
28.12
26.81
23.49
23.27
25.0
25.93
16.14
12.74
20.97
21.61
25.59
26.22
31.05
33.01
31.84
31.79
31.88
31.98
34.57
34.86
33.84
32.13
31.2
30.76
30.52
30.13
29.98
12.94
16.77
18.87
22.22
22.46
22.31
24.63
24.83
25.59
26.12
26.95
13.89
16.24
21.88
22.19
23.8
25.49
25.98
28.17
37.6
37.7
38.09
38.13
38.33
38.62
38.92
38.28
38.67
38.62
38.87
16.8
28.91
39.84
39.75
36.82
32.37
33.89
23.24
21.92
34.77
38.23
32.91
38.09
17.43
39.6
32.28
38.13
17.09
37.6
33.06
35.84
21.36
35.25
38.38
30.03
27.69
28.86
37.4
20.17
28.22
16.53
34.33
35.79
30.32
22.8
17.31
20.07
21.31
18.51
17.07
18.19
7.776
35.11
37.45
38.04
38.72
38.43
38.72
38.72
38.82
38.77
38.72
38.87
38.67
37.79
37.55
33.06
26.66
13.94
32.13
30.96
30.66
28.32
21.56
18.68
17.19
19.41
19.58
16.8
9.79
19.9
18.43
20.0
23.39
24.24
36.28
38.13
38.18
37.6
37.7
37.99
38.87
38.77
39.11
37.4
33.69
33.11
31.35
11.54
17.75
18.24
18.02
18.51
19.41
19.75
30.86
33.45
34.18
27.69
21.36
33.15
27.49
23.14
20.85
17.36
17.16
17.6
17.04
18.29
17.46
17.53
17.72
26.61
42.53
40.87
42.68
42.09
42.92
41.8
42.09
30.03
43.16
41.11
7.617
30.08
19.63
22.56
24.88
19.41
32.91
25.34
22.56
15.04
15.8
15.28
14.89
14.06
23.17
23.0
20.21
18.41
23.8
16.72
24.12
19.46
16.72
18.53
21.07
20.87
23.51
22.49
24.56
15.38
16.55
15.62
20.09
21.73
21.61
16.33
21.22
18.7
19.58
26.37
17.31
21.75
19.02
22.49
21.0
17.04
8.667
16.06
18.6
18.8
18.68
18.19
18.09
17.82
17.29
16.04
15.23
14.94
17.97
22.92
27.15
26.03
25.44
30.47
32.62
27.44
25.59
22.17
25.05
25.15
27.49
23.07
23.97
27.0
24.9
15.21
16.8
20.61
20.39
22.71
24.9
28.32
26.95
26.61
26.46
20.68
13.75
14.84
16.46
17.24
16.33
13.7
16.55
14.18
14.79
20.68
23.44
23.14
18.41
6.531
13.67
19.29
22.83
23.27
25.34
13.13
17.92
12.82
23.71
28.56
27.73
15.94
17.19
15.77
14.36
14.55
16.75
11.45
0.2075
0.08802
0.0246
0.02651
0.02327
0.02651
0.02441
0.02747
0.02537
0.02737
0.02441
0.02584
0.0247
0.02699
0.02489
0.02651
0.02527
0.02766
0.0246
0.02689
0.02556
0.0267
13.23
15.82
13.43
15.14
15.72
15.7
16.87
17.77
