20.48
19.65
19.82
18.51
18.82
17.97
17.65
16.97
19.43
17.68
16.82
16.6
17.87
19.02
19.14
19.53
17.94
18.77
15.48
16.55
17.04
18.07
21.58
18.85
19.29
18.43
19.7
18.31
16.48
15.26
17.87
15.65
17.55
18.97
19.95
20.39
19.07
18.58
18.46
18.9
19.02
18.77
20.02
17.75
18.12
19.07
20.53
20.95
16.26
18.77
18.07
19.56
19.63
18.6
18.21
19.65
18.65
17.92
17.75
17.24
18.21
17.63
19.21
19.12
18.12
16.72
18.77
18.82
18.6
19.17
19.17
17.24
17.94
18.58
19.09
18.14
18.9
21.88
19.48
19.73
18.26
15.92
17.21
17.58
18.43
17.99
19.97
17.02
17.53
17.99
18.92
18.09
19.6
18.16
18.92
19.17
19.46
19.53
18.73
19.24
18.73
18.87
18.85
17.5
17.72
17.63
18.33
17.9
16.7
19.31
18.73
18.09
17.63
17.36
17.6
18.41
20.09
20.61
20.56
22.31
22.05
15.7
16.58
15.87
15.99
17.14
17.29
16.31
18.14
18.46
19.12
20.43
19.41
17.87
18.8
18.53
18.6
18.33
18.14
18.21
17.14
18.97
16.58
17.29
15.89
17.29
17.58
18.9
17.53
18.19
18.12
18.68
18.09
16.72
16.8
17.38
18.77
19.09
19.78
19.46
17.97
21.46
19.48
20.24
16.31
17.29
18.95
16.87
16.31
16.16
17.07
18.33
19.75
19.97
18.02
16.63
17.33
18.58
17.82
16.94
15.94
16.58
18.53
18.65
18.04
17.77
18.12
18.75
18.33
19.21
17.94
18.12
19.24
18.48
17.65
17.92
19.63
17.14
15.99
18.09
17.11
19.63
18.43
18.7
17.36
16.87
17.53
16.92
15.72
16.75
16.19
17.48
18.73
20.7
17.21
18.33
18.75
19.43
17.11
16.53
17.43
18.16
16.58
16.55
17.9
18.77
18.9
19.07
19.02
18.73
20.21
18.51
17.6
15.55
15.53
15.92
17.36
19.17
18.99
16.16
14.97
17.09
16.48
17.41
18.38
18.31
17.09
18.31
18.14
19.17
19.17
18.53
17.5
16.87
17.58
17.72
17.68
15.84
16.8
17.92
19.09
17.46
18.73
17.99
17.6
17.16
18.65
19.41
19.97
18.04
16.04
16.89
17.85
16.8
16.92
17.36
17.07
17.19
17.46
16.99
17.6
16.16
16.43
16.65
16.53
19.53
20.46
19.63
17.41
16.7
15.53
15.65
16.82
18.33
18.55
19.04
19.68
20.19
21.63
17.55
18.82
17.31
17.55
17.24
19.46
18.31
19.38
19.31
21.48
18.99
18.48
17.19
17.55
19.26
20.53
21.07
18.04
17.63
19.19
19.48
19.04
16.63
17.92
19.51
19.21
19.14
20.63
18.26
19.26
19.56
17.38
18.07
18.14
16.97
17.46
18.31
15.7
16.38
17.02
17.72
17.77
20.87
18.33
19.68
17.92
16.48
17.19
16.11
17.75
17.5
19.75
18.92
17.55
17.02
18.95
18.26
18.99
18.53
17.9
18.99
17.68
18.24
18.99
18.92
19.6
19.63
19.43
17.8
19.95
18.85
18.63
17.36
18.38
17.21
17.63
17.36
16.94
16.41
17.26
17.9
20.63
18.99
21.39
20.24
17.11
15.41
16.28
18.02
19.9
18.58
17.8
15.36
16.72
16.53
18.58
18.24
18.12
18.9
19.09
16.09
18.36
18.14
17.63
18.43
20.39
16.24
17.72
16.94
16.67
15.36
13.92
16.7
17.02
17.19
19.04
18.95
19.29
17.94
18.65
17.6
16.58
16.33
16.06
17.97
18.8
22.31
18.43
17.92
17.11
19.51
18.77
17.58
17.68
19.17
17.31
17.85
18.63
17.82
17.09
17.48
18.33
19.07
18.97
20.29
16.5
16.33
17.8
16.82
18.21
19.41
17.8
17.07
17.65
20.73
19.7
20.51
18.65
17.41
17.77
18.75
19.41
20.07
18.16
18.21
21.17
18.97
18.29
18.16
17.11
17.68
18.07
17.82
18.19
18.58
16.8
15.16
15.67
20.39
17.58
16.82
17.85
18.51
16.04
16.46
20.46
18.36
16.85
17.19
17.38
17.21
18.24
19.07
19.85
19.95
20.09
15.72
15.26
16.43
18.14
19.02
20.7
19.26
17.68
17.43
16.33
16.65
17.55
17.53
18.51
18.02
18.95
19.63
18.53
16.58
17.41
17.43
18.12
19.6
18.58
17.99
18.85
17.8
20.0
18.87
21.26
18.14
16.82
18.92
20.36
22.07
19.21
18.99
16.92
17.75
20.24
17.97
17.6
20.9
16.97
15.99
16.33
20.31
18.85
18.85
18.36
17.85
14.89
16.55
17.19
17.31
17.9
17.11
16.55
17.87
17.6
20.09
17.92
16.55
16.92
16.99
16.31
17.26
17.65
17.16
18.68
20.8
16.87
15.89
17.65
18.31
18.8
18.6
16.58
16.11
19.51
18.97
17.82
18.82
19.04
16.28
17.46
16.26
17.6
17.58
18.12
20.12
19.73
20.09
19.43
18.63
16.53
15.16
16.63
16.11
15.21
17.31
17.99
20.09
17.31
16.46
16.58
18.12
18.77
20.09
20.12
19.8
17.8
14.75
15.11
16.11
15.48
16.55
16.36
18.73
18.58
19.12
19.6
19.8
17.8
18.31
17.72
19.41
20.53
20.19
17.77
15.65
16.55
14.97
16.02
17.07
18.26
15.92
16.85
17.36
19.6
18.8
19.87
18.9
20.7
19.07
19.31
19.95
19.56
20.19
19.04
18.36
21.41
18.77
16.94
15.5
16.31
20.51
18.48
19.41
20.24
21.19
19.58
21.92
17.97
18.82
17.72
19.07
19.7
22.97
19.38
18.63
18.53
16.5
18.14
18.97
18.41
18.33
19.78
20.0
19.07
19.31
19.43
17.43
18.41
17.63
16.53
18.41
18.65
19.02
21.95
19.36
20.17
17.6
18.6
18.63
18.31
20.0
19.65
21.24
21.29
17.41
17.38
17.16
19.34
20.41
18.43
18.92
20.53
21.12
20.34
19.38
19.17
21.0
18.41
19.9
19.95
19.58
21.31
22.56
20.21
18.09
18.92
21.24
22.39
19.53
20.56
18.65
18.26
21.02
19.78
19.6
20.68
20.56
19.31
17.99
20.41
20.36
20.09
19.85
21.9
23.12
22.24
23.34
23.05
21.95
19.65
17.09
16.85
18.38
19.07
20.24
21.78
16.14
15.41
