7.227
7.166
7.043
7.654
7.69
6.921
6.86
6.738
6.604
6.604
6.677
6.787
6.848
6.848
6.799
6.86
6.97
6.787
6.787
7.092
6.848
6.824
7.056
7.007
7.178
7.422
7.129
6.982
6.934
6.787
6.86
6.921
6.836
6.982
6.982
7.617
7.947
7.324
6.812
6.812
7.08
6.97
7.068
7.275
7.275
6.995
6.982
6.934
7.141
6.946
6.787
6.909
6.787
6.946
6.885
7.019
7.007
6.982
6.982
6.982
7.251
7.031
6.982
6.982
6.982
6.921
7.031
7.446
7.117
7.19
7.263
6.958
6.848
6.848
6.873
6.982
6.958
6.824
6.873
7.068
7.068
9.9
16.09
16.04
15.94
15.94
15.99
16.09
15.89
15.41
15.65
15.89
15.75
15.72
15.75
16.02
16.02
15.97
15.94
15.53
15.26
14.89
14.21
14.18
14.18
14.26
14.23
14.18
14.18
14.18
14.16
14.18
14.18
14.18
14.18
14.18
14.18
14.16
14.18
14.18
14.18
14.18
14.18
14.16
14.16
14.16
13.99
13.99
13.99
13.79
13.79
13.79
13.79
13.79
13.79
13.79
13.79
13.79
13.77
13.77
13.77
13.77
13.77
13.79
13.79
13.79
13.79
13.67
12.82
12.82
12.82
12.82
12.82
12.82
12.82
12.82
12.7
12.62
12.62
12.62
12.62
12.62
12.62
12.62
12.62
12.62
12.62
12.62
12.62
12.62
12.62
12.62
12.62
12.6
12.5
12.37
12.22
11.82
11.65
11.45
11.45
11.35
11.27
11.25
11.25
11.02
10.73
10.68
10.68
10.68
10.68
10.51
10.49
10.49
10.47
10.49
10.49
10.49
10.39
10.29
10.28
10.29
10.28
9.814
9.131
8.923
8.911
8.728
7.837
8.02
7.751
7.751
7.751
7.629
7.349
7.178
7.251
7.227
7.263
7.495
7.446
7.581
7.251
7.239
7.629
7.971
7.458
7.373
7.544
7.532
7.41
7.41
7.324
7.251
7.385
7.434
7.19
7.324
7.849
8.447
7.703
7.373
7.507
7.849
7.471
7.568
7.434
7.483
7.422
7.202
7.373
7.532
7.69
7.349
7.068
7.068
7.117
6.995
7.397
7.239
7.007
7.043
7.129
6.982
7.043
7.336
6.995
7.263
7.703
8.374
7.288
6.982
6.982
7.239
7.068
7.178
7.178
7.605
7.349
7.043
7.275
7.251
7.056
7.617
7.41
7.056
7.202
7.043
6.97
6.787
7.117
7.227
7.556
7.239
7.031
7.007
7.031
7.349
7.19
7.104
7.129
7.129
7.104
7.507
7.288
7.092
7.214
7.007
6.995
6.995
7.117
7.202
8.057
7.288
6.641
6.677
6.836
6.641
6.58
6.567
6.75
6.702
6.836
6.848
6.995
6.628
6.763
6.799
6.934
6.787
6.824
6.787
6.873
6.86
6.921
6.787
6.824
6.848
6.836
6.787
6.836
6.702
7.019
7.446
6.897
6.982
7.031
6.995
7.08
7.043
6.982
7.043
7.19
6.958
6.921
6.775
6.787
9.29
16.06
16.09
15.38
15.36
15.6
15.8
15.41
15.33
15.21
15.26
15.36
15.36
15.36
15.33
15.28
15.26
15.43
15.55
14.94
14.82
14.79
14.75
14.79
14.97
14.77
14.58
14.58
14.58
14.55
14.55
14.58
14.55
14.55
14.55
14.55
14.58
14.55
14.55
14.58
14.55
14.55
14.55
14.55
14.55
14.58
14.55
14.58
14.55
14.58
14.58
14.55
14.55
14.58
14.58
14.55
14.43
14.28
14.16
14.16
14.16
14.16
14.16
14.16
14.18
14.18
14.18
14.18
14.09
13.99
13.99
13.99
13.99
13.84
13.79
13.79
13.79
13.79
13.62
13.57
13.6
13.57
13.6
13.6
13.6
13.6
13.6
13.6
13.6
13.6
13.57
13.6
13.57
13.06
12.52
12.43
12.43
12.43
12.32
12.02
11.77
11.43
11.18
11.07
11.06
11.06
11.06
11.06
11.07
11.07
11.06
11.06
10.96
10.86
10.86
10.75
10.68
10.51
10.45
10.29
10.1
10.1
10.1
10.1
10.08
10.1
10.1
10.1
10.1
10.08
9.9
9.814
9.534
9.509
9.509
9.509
9.509
9.204
9.094
8.643
8.533
8.398
8.337
8.203
8.142
8.13
8.057
6.982
7.129
7.349
6.641
6.726
6.616
6.604
6.592
6.433
6.799
6.592
6.75
6.665
6.641
6.628
6.641
6.506
6.592
6.494
6.628
6.946
6.506
6.47
6.628
6.75
6.897
6.494
6.592
6.665
6.665
6.653
6.787
6.616
6.519
6.592
7.092
7.556
6.641
6.641
6.604
6.543
6.592
6.641
6.531
6.763
7.178
7.8
6.653
6.665
6.665
6.653
6.726
6.824
6.787
6.641
6.763
6.665
6.592
6.604
6.677
6.604
7.214
7.3
6.677
7.092
6.946
6.641
6.592
6.592
6.592
6.677
6.604
6.738
6.787
6.726
6.653
6.689
6.97
6.677
6.494
6.506
6.543
6.616
6.946
6.726
6.787
7.056
6.787
6.689
6.592
6.592
6.445
6.396
7.239
7.617
6.86
6.592
6.592
6.836
6.787
6.946
6.921
6.934
6.75
6.396
6.445
6.665
6.531
6.653
6.628
6.799
6.787
6.787
6.799
6.775
6.726
6.641
6.824
6.689
6.641
6.653
6.616
6.653
6.592
6.824
6.885
6.604
6.641
6.86
6.665
6.677
6.47
6.592
6.763
6.86
6.616
6.848
6.641
6.616
6.616
7.532
15.94
15.21
15.58
15.89
15.43
15.45
15.36
15.16
15.23
15.14
15.31
15.11
15.04
15.19
15.16
14.55
14.45
14.7
14.33
14.21
14.48
14.21
14.18
14.18
14.18
14.23
14.18
14.18
14.23
14.16
14.16
14.18
14.16
14.16
14.16
14.21
14.23
14.16
14.18
14.18
14.18
14.18
14.16
14.23
14.38
14.16
14.16
14.16
14.18
14.16
14.01
13.96
13.99
13.99
13.99
13.99
13.99
13.99
13.99
13.99
13.99
13.99
13.99
13.99
13.96
13.96
13.99
13.96
13.96
13.99
13.92
13.6
13.43
13.16
12.82
12.82
12.82
12.82
12.82
12.82
12.82
12.82
12.82
12.82
12.79
12.82
12.82
12.79
12.62
12.5
12.3
12.01
11.63
11.38
11.27
11.27
11.22
10.93
10.88
10.8
10.22
9.546
9.241
9.119
9.07
8.582
8.533
8.325
8.13
7.959
7.874
8.057
7.947
7.996
8.264
8.386
8.008
8.032
7.947
7.764
7.764
7.678
7.556
7.556
7.556
7.556
7.605
7.471
7.3
7.166
7.19
7.007
6.799
7.031
7.031
6.531
6.604
6.714
6.653
6.787
6.946
6.909
6.921
6.812
6.641
6.592
6.702
6.677
6.604
6.799
6.714
6.689
6.995
6.824
6.885
7.043
6.702
6.689
6.86
6.873
