25.44
22.29
25.39
21.66
21.75
18.14
21.66
18.7
22.17
18.87
21.92
18.9
21.95
18.51
21.8
18.58
21.7
19.04
21.22
17.36
20.83
17.48
20.53
17.38
21.02
17.24
21.8
17.8
20.65
17.6
23.36
22.61
20.14
15.82
18.58
15.65
18.75
15.5
19.29
15.67
18.77
17.36
20.29
17.38
21.14
18.04
20.09
16.53
19.75
16.5
21.31
20.7
21.46
20.53
22.17
16.24
19.68
16.67
19.9
16.33
19.36
16.43
19.7
16.67
20.14
16.24
19.95
16.14
20.26
16.7
19.65
16.75
20.09
16.24
19.68
15.6
18.6
14.97
20.48
20.07
21.09
17.07
19.92
17.5
20.48
17.16
20.0
17.02
20.14
17.65
21.09
18.46
21.7
17.63
21.24
18.77
21.73
18.46
21.61
18.36
21.34
18.31
21.34
18.41
24.44
21.26
21.51
17.87
21.51
18.09
21.39
18.31
21.19
18.48
21.46
18.53
21.8
18.31
22.41
18.65
20.24
18.16
23.24
21.22
24.56
21.68
21.63
20.02
22.63
19.02
20.75
18.31
22.19
17.9
20.87
17.75
21.36
17.99
23.34
18.77
21.14
17.41
22.17
19.19
22.14
19.12
23.97
18.97
23.97
19.8
23.14
21.02
23.93
21.09
23.58
20.92
24.56
20.07
23.02
18.92
23.17
19.48
22.88
20.09
22.92
20.58
23.46
19.97
24.0
23.68
25.83
20.24
24.12
21.8
23.49
20.41
24.68
21.68
24.88
21.58
25.34
23.32
24.12
22.29
23.49
20.21
23.95
21.51
24.05
21.46
28.22
22.83
23.75
20.24
23.61
20.7
24.83
22.51
24.1
25.15
28.52
21.63
25.39
22.39
25.34
22.63
25.44
23.05
26.07
22.39
25.83
22.8
26.56
23.24
25.34
23.24
25.68
23.56
24.85
21.66
25.0
22.51
24.41
22.14
27.49
24.19
26.42
21.53
25.59
24.05
27.39
21.78
25.98
22.53
26.17
21.58
26.17
23.85
25.2
21.97
25.44
21.78
24.24
22.17
25.63
20.24
23.32
21.88
22.95
21.61
24.49
21.7
25.15
22.0
26.37
26.61
28.52
25.63
27.59
25.0
27.34
23.36
26.81
23.85
27.69
24.44
28.12
24.1
27.69
24.41
28.08
25.1
28.17
25.73
27.69
27.05
27.69
24.15
27.1
26.12
28.52
24.29
27.15
24.44
27.59
27.25
32.03
26.81
28.71
24.34
26.32
23.39
26.81
23.58
26.51
23.88
26.61
23.97
27.2
25.0
26.46
23.63
29.44
25.98
28.42
22.68
26.71
25.29
26.66
24.29
26.17
22.46
25.59
24.44
26.42
22.83
25.68
22.24
26.03
22.46
25.93
24.15
29.15
24.05
25.15
22.71
25.68
23.17
30.57
23.71
23.29
19.97
27.29
23.22
23.58
18.77
22.09
17.8
21.92
20.56
23.68
21.61
25.2
20.29
22.85
18.73
21.95
18.85
22.71
19.73
20.97
19.17
22.02
19.12
20.51
19.41
21.22
20.14
21.48
19.56
21.78
20.02
21.53
19.21
20.61
19.46
21.12
19.58
24.12
21.22
23.12
21.46
21.83
21.36
22.09
21.44
24.17
19.41
21.29
22.88
23.93
19.31
21.14
18.99
20.0
19.24
21.14
19.07
21.26
19.14
20.8
18.43
20.36
19.26
20.51
20.31
21.56
19.8
21.7
20.04
22.53
21.19
22.09
20.61
21.22
19.65
22.24
20.97
22.53
21.29
25.15
23.73
24.73
25.39
24.93
25.34
24.15
21.88
25.88
21.46
23.17
25.59
23.61
20.31
22.14
20.24
21.97
20.12
22.19
20.58
24.19
22.05
23.63
22.49
25.54
21.68
23.68
22.78
24.46
22.12
24.93
22.05
23.51
23.0
25.59
24.66
24.61
23.02
25.29
22.36
24.12
22.36
23.71
24.07
25.59
24.68
25.0
22.17
24.32
25.49
27.73
25.83
27.64
26.71
27.0
25.15
26.46
25.34
27.05
26.12
27.15
25.44
26.51
25.63
28.91
25.15
27.39
25.68
31.3
25.1
27.73
24.93
29.44
27.44
30.08
25.98
29.15
27.54
30.13
25.54
26.32
24.05
29.25
25.29
27.83
26.27
28.81
24.39
27.25
25.78
30.37
27.0
26.32
24.58
26.76
24.44
28.03
24.12
27.73
25.73
27.69
25.54
26.42
22.29
25.05
23.07
27.49
22.68
25.44
23.39
26.27
25.05
25.54
22.07
25.78
21.85
26.9
25.44
24.63
21.09
25.39
22.68
22.29
19.43
22.44
20.73
22.05
18.55
20.7
20.17
23.73
21.19
22.75
20.9
22.68
20.19
22.63
20.24
22.83
21.97
25.68
24.29
28.42
28.91
32.18
27.69
28.27
25.44
27.64
25.1
26.32
23.19
27.69
27.78
29.69
26.17
26.12
22.73
28.03
23.12
24.95
23.12
24.88
21.22
24.8
22.19
25.1
22.05
25.49
22.58
24.98
21.51
27.88
23.9
24.54
21.44
21.53
19.87
24.88
21.39
23.29
18.65
20.92
17.92
22.66
19.7
22.29
19.34
22.9
21.95
23.68
19.02
22.27
19.43
23.29
20.14
22.22
19.97
23.27
20.41
22.8
20.39
22.49
21.68
22.49
20.36
26.03
18.82
21.92
21.75
22.07
19.7
22.14
19.07
22.39
19.65
23.27
20.61
24.73
24.51
25.34
20.12
23.24
22.9
22.73
18.48
21.46
18.33
20.78
18.92
23.05
20.21
20.68
19.36
20.65
17.14
20.31
19.92
21.09
17.48
20.51
18.63
22.27
17.68
21.22
17.29
20.0
17.75
21.26
17.26
21.02
20.02
21.36
16.72
19.46
18.26
20.39
16.87
20.61
17.97
23.58
19.8
20.21
17.8
20.78
17.02
23.07
17.72
25.2
22.63
24.1
21.02
22.02
18.51
21.07
18.14
21.31
22.68
25.34
18.41
22.36
17.85
21.36
17.14
19.75
16.43
19.43
15.89
20.51
19.8
22.34
18.09
23.34
19.09
22.0
19.21
20.9
18.16
23.36
19.9
22.51
17.29
22.61
19.04
19.43
12.96
14.33
23.19
17.19
18.8
23.83
18.36
21.14
18.46
21.58
17.41
21.12
19.51
21.97
19.46
24.1
19.43
24.07
23.71
23.61
18.8
22.92
20.53
23.36
20.12
22.85
21.53
25.83
21.95
23.97
18.82
23.54
21.48
25.63
25.15
27.78
23.19
27.69
26.37
25.24
22.46
23.97
23.46
23.29
19.48
24.0
21.26
23.58
20.12
23.1
19.51
23.58
24.22
22.88
19.48
25.68
24.17
24.61
21.0
22.95
23.88
24.49
20.21
20.17
19.12
25.39
20.63
23.75
21.58
25.05
22.27
23.83
20.24
24.05
20.24
23.78
22.09
24.29
21.04
24.68
21.44
23.88
21.66
25.59
22.68
25.93
23.46
22.27
18.68
23.1
16.55
25.29
22.19
24.24
19.85
22.61
19.58
25.59
22.78
26.32
21.53
23.54
20.46
26.42
22.56
25.83
22.46
23.36
21.44
25.78
21.14
23.49
20.95
24.73
21.85
24.68
21.31
23.66
20.87
23.68
19.48
22.88
20.26
