0.4562
0.4364
0.4532
0.4402
0.5249
0.3792
0.4875
0.3937
0.4028
0.4456
0.457
0.4623
0.4608
0.5104
0.4601
0.4761
0.4295
0.4349
0.5341
0.4616
0.4738
0.5501
0.4959
0.4791
0.4593
0.4196
0.2388
0.4463
0.5524
0.4547
0.5066
0.5043
0.4555
0.4837
0.4364
0.4257
0.4257
0.4044
0.3155
0.1787
0.1783
0.2823
0.3628
0.4089
0.4433
0.399
0.3658
0.4044
0.3983
0.3693
0.3735
0.3193
0.3883
0.4372
0.4486
0.7523
0.3613
0.362
0.2785
0.3792
0.4585
0.5203
0.2293
0.3384
0.4944
0.592
0.6706
0.5394
0.3746
0.4181
0.2178
0.2224
0.4265
0.396
0.4349
0.2441
0.2434
0.2396
0.2499
0.2361
0.2388
0.2422
0.2373
0.2346
0.2201
0.367
0.2342
0.2247
0.2312
0.3487
0.4036
0.3677
0.3922
0.3174
0.3311
0.3479
0.2163
0.2319
0.2388
0.2808
0.2491
0.2758
0.5257
0.3593
0.3407
0.2964
0.2548
0.2895
0.4211
0.5188
0.4547
0.2102
0.293
0.2251
0.2712
0.3803
0.2766
0.2991
0.3197
0.2186
0.2007
0.2365
0.2689
0.2525
0.2316
0.1526
0.227
0.346
0.5074
0.5104
0.6111
0.4128
0.3094
0.2472
0.325
0.3639
0.3201
0.2827
0.3105
0.4883
0.272
0.2872
0.3551
0.4257
0.3571
0.4288
0.3513
0.2621
0.2216
0.4105
0.4883
0.6302
0.5051
0.4387
0.4547
0.3067
0.4929
0.2327
0.2342
0.2674
0.3128
0.2644
0.3407
0.3624
0.3136
0.2968
0.4829
0.2247
0.2541
0.3231
0.3872
0.3391
0.3929
0.346
0.3269
0.2728
0.3654
0.2747
0.2888
0.3548
0.3479
0.317
0.3304
0.2674
0.3193
0.3731
0.3998
0.3853
0.3761
0.3452
0.3674
0.3525
1.106
0.009441
0.006676
0.005913
0.004959
0.008774
0.005722
0.006294
0.00658
0.007343
0.007629
0.006962
0.006199
0.005817
0.009441
0.008297
0.006962
0.006771
0.007534
0.00658
0.008774
0.007343
0.00515
0.006676
0.00639
0.005817
0.007057
0.006962
0.004196
0.01917
0.007439
0.04349
0.02499
0.004673
0.009632
0.007057
0.00658
0.00658
0.01478
0.008202
0.007343
0.008297
0.006676
0.006008
0.00906
0.008202
0.007725
0.007343
0.006676
0.007153
0.008392
0.006962
0.005341
0.006008
0.00906
0.007725
0.01059
0.007343
0.00658
0.0104
0.00639
0.007343
0.008392
0.005436
0.0102
0.007629
0.01621
0.007534
0.006771
0.007439
0.0391
0.008869
0.009441
0.0104
0.0102
0.005722
0.006962
0.009918
0.007915
0.00515
0.006294
0.005531
0.007534
0.006771
0.009155
0.007248
0.006008
0.007629
0.006962
0.01116
0.006866
0.008869
0.01144
0.007439
0.005913
0.006962
0.0102
0.01535
0.01316
0.04368
0.01974
0.008869
0.01011
0.008202
0.008106
0.009155
0.008869
0.006294
0.01011
0.01078
0.006866
0.006008
0.008583
0.006104
0.0123
0.006199
0.007248
0.007534
0.006294
0.009441
0.006866
0.008774
0.008965
0.007629
0.007153
0.009251
0.005054
0.006771
0.005817
0.008202
0.008678
0.009441
0.008392
0.01736
0.007057
0.008965
0.04444
0.009632
0.008869
0.0103
0.01259
0.008202
0.01364
0.009251
0.008488
0.007534
0.00782
0.008678
0.009441
0.006676
0.008678
0.009727
0.007725
0.01078
0.008965
0.008869
0.00658
0.00639
0.0102
0.01059
0.007725
0.0103
0.007439
0.006485
0.006104
0.009727
0.008678
0.008297
0.006104
0.01583
0.00658
0.04311
0.00906
0.004959
0.007153
0.01068
0.008106
0.01049
0.007057
0.0104
0.008297
0.007915
0.007153
0.005913
0.008774
0.009727
0.01068
0.00639
0.009727
0.006294
0.005722
0.007343
0.006676
0.008774
0.00782
0.006962
0.006771
0.008678
0.007439
0.004768
0.008392
0.007057
0.007343
0.007057
0.007629
0.008583
0.005913
0.005436
0.007153
0.006104
0.008583
0.007915
0.008774
0.008106
0.007343
0.008583
0.007248
0.008392
0.006676
0.004959
0.005531
0.007248
0.005245
0.008202
0.008202
0.007153
0.007534
0.004768
0.008011
0.007153
0.006866
0.007439
0.005341
0.004768
0.007343
0.006676
0.006199
0.00515
0.007915
0.005722
0.006866
0.006294
0.008106
0.006962
0.00639
0.005913
0.006294
0.004673
0.007248
0.005722
0.006866
0.005245
0.004959
0.01211
0.00515
0.008965
0.005817
0.004482
0.006008
0.006866
0.006771
0.007248
0.005627
0.008202
0.009441
0.005913
0.005817
0.007915
0.005817
0.006771
0.008011
0.007534
0.008297
0.008678
0.007439
0.007439
0.007343
0.005722
0.006199
0.00658
0.005722
0.01001
0.00639
0.004768
0.006676
0.005341
0.005913
0.005436
0.007248
0.005817
0.006676
0.008297
0.00515
0.00515
0.008011
0.005531
0.006199
0.006676
0.005436
0.00782
0.007629
0.006294
0.008011
0.00639
0.008011
0.007725
0.006008
0.006962
0.007629
0.008965
0.006294
0.008583
0.008392
0.009441
0.00658
0.006771
0.01163
0.01144
0.007629
0.05026
0.0102
0.005722
0.005245
0.005436
0.008106
0.0103
0.005341
0.008106
0.005245
0.009346
0.008297
0.008202
0.005627
0.00658
0.005722
0.007343
0.006199
0.006676
0.005817
0.005722
0.008488
0.007153
0.008392
0.006104
0.009632
0.008297
0.009441
0.007153
0.007248
0.01097
0.006676
0.05217
0.01974
0.006199
0.00782
0.007915
0.007343
0.008965
0.005817
0.006294
0.005913
0.007629
0.007629
0.007439
0.00639
0.009155
0.008869
0.008297
0.008488
0.007915
0.006962
0.007725
0.007153
0.007629
0.01001
0.007343
0.008297
0.007153
0.00782
0.007153
0.006676
0.004768
0.008869
0.01335
0.009918
0.0102
0.007725
0.03681
0.02089
0.007629
0.007439
0.007725
0.009441
0.008202
0.008202
0.008297
0.008774
0.007725
0.008869
0.008869
0.006294
0.009155
0.007725
0.00658
0.009251
0.006676
0.008583
0.00658
0.009251
0.008488
0.009727
0.005722
0.005531
0.005817
0.00658
0.009346
0.008106
0.00782
0.008583
0.008869
0.006008
0.008392
0.00658
0.03576
0.006866
0.0103
0.01211
0.006485
0.008392
0.006485
0.005722
0.008011
0.006771
0.00658
0.009918
0.006199
0.007439
0.01078
0.005627
0.008678
0.007248
0.00658
0.008106
0.008202
0.006962
0.005817
0.006485
0.009537
0.007725
0.006008
0.006676
0.006008
0.00782
0.006199
0.007343
0.009251
0.0103
0.006485
0.006866
0.03672
0.0104
0.01097
0.01287
0.007248
0.007153
0.008392
0.005531
0.007915
0.01163
0.006485
0.007343
0.006104
0.008392
0.007915
0.00515
0.008488
0.007153
0.005817
0.006485
0.008488
0.008106
0.006294
0.007153
0.0103
0.005817
0.00906
0.01068
0.007725
0.01001
0.00782
0.008106
0.005245
0.006485
0.006771
0.00782
0.005245
0.007248
0.007725
0.008202
0.006866
0.006294
0.005913
0.006294
0.007725
0.007153
0.009346
0.007534
0.006771
0.008202
0.008869
0.005722
0.006294
0.009251
0.007629
0.005531
0.008202
0.008869
0.007534
0.007915
0.00782
0.005054
0.007057
0.01106
0.005817
0.007057
0.005245
0.008488
0.006771
0.007629
0.007153
0.008106
0.005531
0.006676
0.00639
0.008392
0.007629
0.005913
0.005817
0.008965
0.009537
0.009823
1.752
0.6966
0.00906
0.007629
0.006008
0.00639
0.01688
0.006676
0.00639
0.006485
0.00658
0.00639
0.006008
0.006962
0.006866
0.008297
0.00782
0.004768
0.005817
0.006485
0.00658
0.006008
0.005817
0.005722
0.006676
0.006485
0.009346
0.006008
0.006294
0.008583
0.005531
0.005341
0.00639
0.006962
0.007248
0.005245
0.007629
0.007153
0.006962
0.005341
0.005531
0.005913
0.005341
0.007057
0.005913
0.008297
0.007534
0.005913
0.006485
0.007057
0.005913
0.008392
0.006199
0.004768
0.007057
0.006104
0.007343
0.00658
0.00639
0.006771
0.005245
0.006866
0.00782
0.007725
0.007248
0.02089
0.008106
0.03767
0.008202
0.008583
0.007915
0.007915
0.007057
0.006199
0.01192
0.008869
0.005531
0.004959
0.008297
0.0102
0.01049
0.006676
0.006294
0.006485
0.006008
0.007534
0.005817
0.006771
0.004578
0.005627
0.008488
0.006962
0.005436
0.00658
0.006771
0.006104
0.01431
0.008965
0.006771
0.04559
0.02155
0.006199
0.004959
