0.04148
0.03777
0.0452
0.07496
0.04644
0.3616
0.05341
0.02804
0.04425
0.1028
0.04282
0.03386
0.04082
0.02832
0.04091
0.02985
0.04892
0.03271
0.03595
0.03223
0.03347
0.1064
0.03204
0.02518
0.03014
0.03538
0.03204
0.03624
0.0391
0.03033
0.0329
0.03414
0.03843
0.1062
0.03929
0.0432
0.04168
0.02975
0.02956
0.04225
0.1217
0.04463
0.03529
0.03376
0.03347
0.03271
0.1139
0.03109
0.04883
0.02975
0.03099
0.03529
0.03185
0.03633
0.03061
0.02851
0.033
0.02899
0.03185
0.03738
0.03338
0.09365
0.02489
0.02632
0.02966
0.02861
0.0247
0.02718
0.02069
0.02508
0.02356
0.02108
0.0391
0.02718
0.03777
0.02785
0.02623
0.02613
0.08984
0.01755
0.02127
0.03252
0.02861
0.02432
0.09527
0.02584
0.02556
0.02642
0.03033
0.04663
0.02508
0.03033
0.037
0.03071
0.02995
0.02232
0.1072
0.01812
0.02146
0.02785
0.01736
0.02375
0.08774
0.05064
0.02451
0.01755
0.02098
0.02775
0.08516
0.02203
0.05112
0.02613
0.02098
0.02794
0.02956
0.02375
0.05054
0.02327
0.04711
0.02413
0.08745
0.02022
0.0165
0.1833
0.02184
0.02069
0.04816
0.04148
0.03538
0.02956
0.02537
0.02937
0.1219
0.02413
0.01879
0.01793
0.03223
0.02489
0.09184
0.0205
0.01888
0.02413
0.02327
0.02012
0.09022
0.02413
0.01888
0.0186
0.02079
0.0185
0.1204
0.0248
0.02728
0.03519
0.02298
0.02508
0.1053
0.02184
0.02413
0.0227
0.02069
0.01926
0.03233
0.0226
0.0268
0.02413
0.02403
0.02689
0.02508
0.0206
0.03023
0.0206
0.02394
0.02546
0.0289
0.02422
0.02689
0.02432
0.02995
0.02518
0.0309
0.02832
0.03757
0.02909
0.02728
0.02756
0.02546
0.05522
0.1236
0.037
0.03471
0.03862
0.03796
0.04349
0.03796
0.03653
0.0411
0.04025
0.03204
0.03109
0.03576
0.03777
0.03719
0.03376
0.03424
0.03786
0.03185
0.03271
0.03538
0.03691
0.02775
0.03262
0.03557
0.03147
0.03805
0.0349
0.03557
0.03214
0.02947
0.03376
0.03624
0.03595
0.04721
0.0289
0.04187
0.03176
0.03424
0.05531
0.08669
0.033
0.03338
0.04578
0.0411
0.03529
0.03538
0.0433
0.04969
0.03614
0.03519
0.04435
0.03242
0.03681
0.04654
0.03881
0.03757
0.04101
0.03643
0.04444
0.04406
0.0349
0.033
0.04215
0.04148
0.0432
0.03624
0.03977
0.03014
0.03824
0.04072
0.04063
0.0411
0.03624
0.03653
0.03443
0.03891
0.03462
0.0349
0.03633
0.03166
0.04625
0.03386
0.0349
0.03843
0.03424
0.03138
0.02851
0.03433
0.03777
0.4097
0.04244
0.03624
0.03471
0.03786
0.04387
0.03386
0.04005
0.03042
0.04101
0.02813
0.03033
0.03376
0.04148
0.02861
0.03653
0.04139
0.05579
0.05341
0.04368
0.04454
0.03481
0.04225
0.0329
0.03309
0.068
0.08917
0.1385
0.04663
0.04101
0.03691
0.03672
0.03347
0.03557
0.04711
0.03853
0.06895
0.1051
0.05789
0.0411
0.05102
0.05817
0.04873
0.0412
0.04377
0.03462
0.0432
0.02851
0.03891
0.04654
0.03071
0.03757
0.03662
0.033
0.03538
0.03948
0.03138
0.02804
0.03138
0.03366
0.02689
0.03948
0.02928
0.02594
0.03414
0.02451
0.02842
0.02785
0.02871
0.02708
0.03233
0.0267
0.0288
0.02127
0.03128
0.01936
0.02384
0.02441
0.02317
0.02165
0.02728
0.0164
0.02556
0.02041
0.02623
0.02422
0.02003
0.02069
0.02298
0.01717
0.01783
0.01926
0.0248
0.02003
0.02537
0.01583
0.02546
0.01898
0.02213
0.01812
0.02031
0.02089
0.01678
0.01907
0.01411
0.01621
0.0308
0.01802
0.02508
0.01936
0.01898
0.01678
0.01526
0.01793
0.03967
0.0145
0.0205
0.01822
0.02441
0.01678
0.01593
0.01688
0.01755
0.01822
0.01926
0.01698
0.02251
0.01831
0.01984
0.01659
0.0205
0.02203
0.01984
0.0185
0.01469
0.02031
0.02012
0.01898
0.02222
0.01669
0.02146
0.01841
0.02174
0.01926
0.0246
0.02308
0.02003
0.02117
0.0206
0.01621
0.02098
0.02346
0.02708
0.02632
0.02289
0.02136
0.02861
0.0186
0.02136
0.01907
0.02613
0.02251
0.02337
0.02298
0.02289
0.01869
0.01831
0.01926
0.01745
0.0248
0.02279
0.02537
0.03471
0.04692
0.03357
0.02527
0.03395
0.3567
0.0494
0.04148
0.03662
0.04091
0.05255
0.02832
0.04473
0.02966
0.03576
0.03529
0.03462
0.03214
0.03996
0.04225
0.02975
0.0412
0.03414
0.04282
0.0308
0.03386
0.03977
0.03109
0.03328
0.03214
0.03757
0.02689
0.03471
0.0515
0.05178
0.08793
0.07048
0.07229
0.1226
0.07124
0.1842
0.0433
0.05751
0.0411
0.03767
0.03376
0.03977
0.0349
0.04034
0.03757
0.02899
0.03567
0.141
0.03777
0.04482
0.02728
0.08612
0.1013
0.04225
0.05407
0.06542
0.03357
0.03805
0.04959
0.037
0.04444
0.04339
0.04892
0.03195
0.03414
0.03481
0.04196
0.04177
0.04597
0.04034
0.04501
0.03242
0.03862
0.03748
0.03271
0.0411
0.03786
0.02832
0.0514
0.08869
0.03195
0.02851
0.04539
0.04215
0.06113
0.03958
0.03576
0.035
0.03557
0.04787
0.03767
0.1066
0.07601
0.415
0.04501
0.04578
0.03967
0.04339
0.03777
0.04015
0.05169
0.0597
0.05026
0.04311
0.05484
0.04168
0.06094
0.04778
0.08163
0.04778
0.03958
0.03328
0.0392
0.03214
0.03242
0.03548
0.02012
0.03309
0.03662
0.04387
0.03824
0.04416
0.05112
0.04539
0.03967
0.03757
0.03176
0.03262
0.03405
0.03214
0.04244
0.0329
0.03405
0.03147
0.04015
0.04158
0.04082
0.02689
0.0411
0.037
0.03567
0.03281
0.03901
0.03262
0.02651
0.01965
0.03395
0.03872
0.04139
0.03023
0.02995
0.03357
0.03376
0.03204
0.03939
0.02985
0.03557
0.03252
0.03185
0.03395
0.02718
0.03414
0.04511
0.04139
0.03986
0.04129
0.03233
0.02136
0.03395
0.0329
0.03357
0.1509
0.1198
0.03176
0.02728
0.02565
0.02375
0.02222
0.02947
0.02537
0.02518
0.02537
0.02499
0.02499
0.02794
0.02737
0.02975
0.03195
0.0308
0.02975
0.02699
0.02079
0.02031
0.01926
0.02985
0.02089
0.02975
0.02518
0.02594
0.01688
0.01974
0.3124
0.02108
0.02537
0.04044
0.0246
0.02337
0.02365
0.04663
0.02661
0.02584
0.02432
0.02594
0.02823
0.02642
0.01812
0.02241
0.02527
0.01736
0.02527
0.02365
0.01869
0.02546
0.02346
0.02069
0.02184
0.02651
0.0267
0.02146
0.02937
0.0226
0.02155
0.02146
0.02079
0.02804
0.02308
0.02527
0.02947
0.0206
0.02089
0.01974
0.03548
0.02327
0.02251
0.02613
0.09499
0.04034
0.03691
0.02146
0.02441
0.02193
0.02546
0.02527
0.02232
0.02108
0.03319
0.03357
0.02136
0.04988
0.03357
0.03023
0.08631
0.02193
0.03138
0.03138
0.04025
0.02518
0.02928
0.03643
0.02289
0.02413
0.03052
0.03347
0.03633
0.03862
0.03529
0.03014
0.02851
0.02937
0.02861
0.02508
0.02146
0.03538
0.02832
0.03099
0.04177
0.03452
0.02985
0.02775
0.0433
0.03777
0.0392
0.03939
0.0371
0.03214
0.0268
0.03433
0.04072
0.0288
0.04148
0.0452
0.04034
0.03309
0.03805
0.03166
0.03357
0.05236
0.07162
0.05445
0.06256
0.06008
0.04663
0.0412
0.03309
0.0371
0.03538
0.04492
0.03567
0.04358
0.04492
0.04148
0.0452
0.04044
0.04501
0.04168
0.04787
0.03233
0.05589
0.03481
0.03872
0.02937
0.05274
0.03891
0.03414
0.0494
0.03796
0.04311
0.05426
0.04206
0.04902
0.03719
0.04826
0.03643
0.03796
0.03643
0.04692
0.03557
