0.02861
0.02604
0.02604
0.02604
0.02861
0.02604
0.02861
0.02604
0.03128
0.02604
0.02861
0.02604
0.02861
0.02604
0.02861
0.02604
0.02861
0.02604
0.02861
0.02604
0.02861
0.02604
0.02861
0.02604
0.02861
0.02604
0.02861
0.02604
0.02604
0.02604
0.02861
0.02604
0.02604
4.047
34.28
35.6
35.21
35.06
30.66
16.55
29.05
28.71
22.17
2.121
18.26
33.4
33.45
36.43
32.91
27.73
36.43
29.83
16.24
9.216
12.99
18.65
12.01
26.61
36.33
36.57
35.3
34.13
27.83
32.57
23.78
19.38
35.21
34.18
30.66
35.45
32.18
34.57
24.02
16.85
15.26
30.42
31.88
17.92
21.02
4.102
20.83
35.64
32.62
31.3
28.91
24.78
29.15
27.0
20.26
21.14
32.62
33.64
34.96
31.69
23.24
31.98
26.76
22.95
25.93
27.15
16.28
16.53
27.59
28.81
24.19
16.55
13.21
29.0
31.2
33.25
32.28
31.1
35.69
29.1
7.214
33.11
34.62
33.64
34.91
29.74
34.52
27.69
6.787
31.88
33.64
34.81
34.67
26.61
23.78
30.03
22.41
17.09
18.75
27.93
29.05
15.82
18.14
32.67
33.98
32.86
31.1
25.93
35.6
28.12
16.55
19.38
18.73
18.02
35.4
35.25
35.99
34.77
23.88
25.98
25.73
13.7
14.72
16.6
21.83
20.65
27.83
11.65
29.3
31.15
31.15
30.96
30.03
27.2
28.96
30.18
29.44
29.2
29.39
30.37
33.35
32.76
33.79
30.76
28.12
31.88
33.4
34.42
33.5
23.41
25.05
30.86
30.03
29.79
29.69
28.81
28.56
25.24
23.49
21.73
0.6302
0.1354
0.03643
0.02079
0.03128
0.02604
0.02604
0.02604
0.03128
0.02604
0.02604
0.02604
0.02604
0.02604
0.03128
0.02604
0.03128
0.02604
0.03128
0.02604
0.03128
0.02604
0.02604
0.02604
0.03128
0.02604
0.03128
0.03128
0.02604
0.03128
0.02604
0.03128
0.02604
0.03128
0.02604
0.03128
0.02604
0.02604
0.03128
0.02604
0.03128
0.02604
0.03128
0.03128
0.03128
0.02604
0.03128
0.02604
0.03643
0.02604
0.03128
0.03128
0.03128
0.02604
0.03128
0.02604
0.03128
0.03128
0.02604
0.02604
0.03128
0.02604
0.03128
0.03128
0.02604
0.03128
0.03128
0.02604
0.03643
0.02604
0.02604
0.03128
0.03128
0.02604
0.03128
0.02604
0.03128
0.02604
0.02604
0.03128
0.03128
0.02604
0.03128
0.02604
0.03128
0.02604
0.03128
0.02604
0.03128
0.03128
0.03128
0.02604
0.03128
0.03128
0.02604
0.03128
0.02604
0.03128
0.03128
0.02604
0.03128
0.03128
0.02604
0.03128
0.03128
0.02604
0.03128
0.03128
0.03128
0.02604
0.03128
0.02604
0.03128
0.02604
0.03128
0.02604
0.03128
0.02604
0.03128
0.02604
0.03128
0.02604
0.03128
0.02604
0.02604
0.02079
0.03128
0.02604
0.03128
0.02604
0.03128
0.02604
0.03128
0.02604
0.02604
0.02604
0.03128
0.02604
0.03128
0.02604
0.02604
0.02604
0.02604
0.03128
0.03128
0.02604
0.02604
0.02604
0.02604
0.02604
0.03128
0.02604
0.03128
0.02604
0.03128
0.02604
0.03128
0.03128
0.03128
0.02604
0.03128
0.02604
0.03128
0.02604
0.03128
0.02604
0.02604
0.02604
0.03128
1.474
14.87
20.58
17.55
15.21
16.55
17.14
15.72
17.43
26.12
28.91
29.2
29.35
28.66
27.2
26.03
24.73
24.66
25.88
26.51
26.51
25.68
25.88
27.1
31.49
31.4
28.76
20.95
13.23
20.53
22.05
21.97
32.47
31.15
25.88
16.46
18.43
20.68
22.05
15.26
3.278
18.65
21.48
21.78
22.58
22.44
22.12
21.44
22.97
25.1
30.81
34.67
32.32
28.96
26.42
25.63
23.61
21.9
21.31
19.36
19.14
21.39
21.46
20.29
19.46
19.8
19.26
19.04
20.73
15.6
15.67
15.94
20.34
21.88
21.51
19.36
20.58
20.87
18.09
17.9
24.07
25.73
21.83
3.198
13.28
21.26
32.62
30.71
28.08
24.88
22.8
23.93
24.27
22.97
21.68
21.97
22.27
22.88
22.19
20.53
20.31
21.14
20.87
21.78
21.83
22.14
23.05
22.36
21.17
20.36
19.85
21.26
21.51
14.28
13.96
17.19
19.24
20.58
21.58
21.58
23.85
22.12
15.21
16.31
17.85
16.55
16.09
16.06
5.28
18.99
18.73
20.02
20.7
19.7
17.21
16.06
15.21
15.58
15.99
17.43
16.55
16.53
17.07
17.02
17.26
22.41
24.49
22.73
22.83
23.27
23.36
24.22
24.85
25.73
29.05
29.54
27.2
27.34
31.1
16.72
19.87
17.16
18.14
20.02
23.41
24.34
24.61
23.44
20.26
20.95
23.56
18.26
7.666
11.68
21.41
21.12
22.8
23.8
23.66
22.73
24.56
24.29
24.07
23.0
28.52
30.03
29.79
28.71
26.86
26.42
25.54
25.05
24.51
24.49
26.37
28.03
27.44
26.32
26.27
17.77
18.92
22.17
23.9
23.83
23.71
22.73
22.24
22.9
26.95
27.15
25.68
7.104
21.83
29.3
29.15
26.95
29.39
14.84
23.44
25.34
24.15
29.35
17.02
18.04
28.37
28.76
20.46
20.83
20.87
14.36
20.14
22.46
23.41
18.97
19.07
18.8
12.79
17.72
25.98
29.64
24.98
29.1
15.87
13.55
30.47
31.45
35.06
34.86
33.06
31.1
27.93
25.93
23.8
22.34
22.56
21.88
22.17
23.46
23.02
21.58
20.78
20.75
20.92
21.41
21.07
20.51
20.43
22.66
22.14
16.24
18.8
18.41
22.17
23.24
24.0
25.98
24.98
20.41
21.51
22.9
23.02
11.96
12.79
20.63
20.58
21.78
23.1
25.63
25.05
26.07
25.68
24.63
25.59
23.66
22.95
23.14
24.17
21.36
23.34
31.74
30.42
30.13
28.96
29.0
27.93
27.54
27.39
25.98
14.48
18.68
18.58
21.85
23.07
20.31
19.24
18.19
18.16
23.88
24.83
24.24
23.85
8.484
22.12
18.07
7.202
21.85
18.04
16.11
16.36
13.77
15.8
18.29
17.33
15.33
14.92
15.23
17.94
15.33
18.16
12.79
15.82
17.29
18.41
21.85
21.63
21.17
16.5
19.82
23.22
22.61
23.88
16.46
17.94
19.7
19.29
21.56
23.66
22.61
14.36
18.53
17.02
16.87
18.29
21.39
21.17
18.65
13.28
15.67
13.62
12.99
16.63
14.55
16.14
19.48
19.31
18.31
16.31
16.31
18.82
17.31
13.21
18.19
14.99
16.26
14.55
13.65
16.09
15.19
14.43
14.28
14.01
13.31
16.72
14.38
15.43
15.16
16.24
15.48
14.36
12.74
14.11
15.41
17.09
18.55
16.02
16.38
13.7
13.77
13.99
15.97
15.6
15.65
16.58
13.7
14.43
13.6
13.6
12.37
12.01
12.94
0.2136
0.1303
0.02604
0.03128
0.02604
10.42
14.38
16.58
14.06
16.94
15.92
13.04
14.01
15.19
14.75
6.714
16.58
15.01
12.11
11.24
11.46
11.96
0.2342
0.1041
0.02604
0.03128
0.02604
0.02604
0.03128
0.02604
0.02604
0.03128
0.03128
0.03128
0.02604
0.03128
0.02604
0.03128
0.02604
0.02604
0.02604
0.03128
0.02604
0.03128
0.02079
0.03128
0.02604
0.03128
7.458
12.79
13.23
8.276
12.74
