5.829
5.829
5.829
5.829
5.829
5.829
5.829
5.829
5.829
5.829
5.829
5.829
5.829
5.829
5.829
5.829
5.829
5.829
5.829
5.829
5.829
5.829
5.829
5.829
5.829
5.829
5.829
5.829
5.829
5.829
5.829
5.829
5.829
6.726
12.24
16.36
17.21
17.7
18.07
15.65
14.33
13.7
10.88
11.04
16.06
17.14
17.72
17.55
15.21
14.18
10.06
12.99
16.24
17.16
17.58
17.99
15.5
14.18
10.07
8.362
17.92
20.51
13.48
13.89
16.58
17.33
17.82
16.87
14.79
13.35
9.216
8.606
8.74
8.862
18.43
19.58
9.351
11.66
16.06
17.09
17.63
17.53
14.53
13.62
11.87
8.374
11.79
15.97
17.02
17.65
17.29
14.75
13.01
8.972
8.582
8.728
8.398
9.741
15.72
16.89
17.58
17.43
14.5
12.92
8.179
10.75
15.97
17.02
17.6
17.94
14.92
13.11
9.741
13.06
16.48
17.33
17.87
16.11
13.55
9.9
9.253
8.423
13.43
16.28
17.21
17.8
16.36
14.18
11.61
8.74
10.72
15.82
16.92
17.46
17.87
16.21
14.77
12.82
9.119
12.45
16.28
17.19
17.6
17.29
14.7
12.39
8.936
15.53
16.89
17.5
17.9
14.79
13.82
11.94
11.3
20.26
19.46
14.45
8.643
13.57
16.33
17.21
17.77
17.14
14.89
14.18
10.73
9.045
8.801
8.948
8.96
8.582
6.995
5.884
5.829
5.829
5.829
5.829
5.829
5.829
5.829
5.829
5.829
5.829
5.829
5.829
5.829
5.829
5.829
5.829
5.829
5.829
5.829
5.829
5.829
5.829
5.829
5.829
5.829
5.829
5.829
5.829
5.829
5.829
5.829
5.829
5.829
5.829
5.829
5.829
5.829
5.829
5.829
5.829
5.829
5.829
5.829
5.829
5.829
5.829
5.829
5.829
5.829
5.829
5.829
5.829
5.829
5.829
5.829
5.829
5.829
5.829
5.829
5.829
5.829
5.829
5.829
5.829
5.829
5.829
5.829
5.829
5.829
5.829
5.829
5.829
5.829
5.829
5.829
5.829
5.829
5.829
5.829
5.829
5.829
5.829
5.829
5.829
5.829
5.829
5.829
5.829
5.829
5.829
5.829
5.829
5.829
5.829
5.829
5.829
5.829
5.829
5.829
5.829
5.829
5.829
5.829
5.829
5.829
5.829
5.829
5.829
5.829
5.829
5.829
5.829
5.829
5.829
5.829
5.829
5.829
5.829
5.829
5.829
5.829
5.829
5.829
5.829
5.829
5.829
5.829
5.829
5.829
5.829
5.829
5.829
5.829
5.829
5.829
5.829
5.829
5.829
5.829
5.829
5.829
5.829
5.829
5.829
5.829
5.829
5.829
5.829
5.829
5.829
5.829
5.829
5.829
5.829
5.829
5.829
5.829
5.829
5.829
5.829
5.829
5.829
5.829
5.829
5.829
5.829
5.829
5.829
5.829
5.829
5.829
5.829
5.829
5.829
5.829
5.829
5.829
5.829
5.829
5.829
5.829
5.829
5.829
5.829
5.829
5.829
5.829
5.829
5.829
5.829
8.545
14.7
16.31
17.02
17.55
17.85
18.31
18.7
18.77
18.85
18.97
18.97
18.97
19.14
19.17
19.17
19.24
19.36
19.51
19.56
19.73
19.75
19.92
20.0
17.53
17.72
19.9
20.46
20.26
20.26
20.12
18.46
18.14
17.6
10.1
12.08
16.5
17.5
17.87
18.16
18.51
18.75
18.87
19.07
19.17
19.19
19.34
19.38
19.53
19.53
19.7
19.73
20.09
20.12
20.09
17.07
19.29
20.85
20.56
20.26
20.29
19.63
17.48
17.11
16.87
9.961
15.26
16.97
17.6
17.9
18.07
18.36
18.58
18.7
18.8
18.97
19.12
19.19
19.34
19.53
19.53
19.65
19.73
19.85
20.04
20.19
17.65
16.67
18.73
20.21
20.85
20.65
20.46
20.21
18.41
18.12
17.26
9.888
15.09
16.75
17.55
17.94
18.26
18.6
18.82
18.95
19.07
19.14
19.29
19.41
19.51
19.53
19.7
19.78
19.9
20.12
20.12
17.99
18.65
20.85
20.75
20.29
20.29
20.31
19.46
17.24
17.24
13.09
9.399
15.67
16.92
17.65
17.94
18.29
18.58
18.77
18.92
18.97
19.09
19.26
19.41
19.53
19.56
19.7
19.73
19.8
20.07
20.12
19.9
15.72
16.63
18.41
20.58
20.85
20.85
20.68
20.36
19.63
19.07
18.16
8.325
13.67
16.7
17.55
18.02
18.43
18.65
18.8
18.99
19.02
19.14
19.26
19.36
19.36
19.53
19.53
19.68
19.8
20.07
20.12
20.12
19.8
17.7
18.04
20.56
20.85
20.8
20.43
20.29
19.82
19.41
18.75
13.16
14.5
16.31
17.07
14.67
13.45
12.21
11.83
15.48
16.36
16.92
14.62
13.38
13.23
9.741
13.5
16.02
16.92
14.5
13.35
11.58
12.52
16.6
13.99
12.6
10.49
16.28
14.72
12.52
10.19
16.31
17.38
17.99
18.38
18.8
18.92
19.12
19.24
19.31
19.46
19.63
19.7
19.75
19.92
20.14
20.26
19.07
16.55
19.78
20.78
20.78
20.8
20.29
19.12
18.63
11.66
10.71
16.5
17.53
18.07
18.55
18.87
19.09
19.14
19.34
19.34
19.53
19.6
19.73
19.75
19.92
20.02
20.26
19.41
17.36
19.17
20.65
20.65
20.65
20.65
20.65
19.29
18.38
18.14
16.97
10.11
12.7
16.09
16.99
17.55
17.87
18.24
18.55
18.75
18.95
19.12
19.14
19.34
19.53
19.53
19.56
19.65
19.73
19.92
20.09
20.12
19.8
17.43
18.19
19.6
20.04
20.04
19.63
19.24
17.7
15.6
15.48
15.48
9.302
8.154
10.29
15.67
16.8
17.48
17.87
18.16
18.55
18.82
18.95
19.07
19.21
19.34
19.43
19.53
19.7
19.7
19.7
19.8
20.07
20.09
20.14
18.55
18.04
19.56
20.46
20.85
20.85
20.85
20.19
19.29
17.7
16.09
9.949
9.778
10.13
11.32
10.58
9.509
9.302
9.216
16.16
17.55
18.07
18.6
18.95
19.14
19.21
19.38
19.53
19.65
19.73
19.87
20.09
20.29
20.29
17.21
19.78
20.75
20.83
20.83
19.68
18.73
18.46
18.07
11.24
10.19
9.631
8.826
9.814
8.862
9.29
10.18
9.509
8.862
10.01
9.888
17.04
20.7
20.73
15.04
10.19
9.46
9.094
14.43
20.56
20.61
14.23
9.973
9.009
12.48
20.46
20.63
15.62
9.485
9.607
8.899
9.143
9.045
8.875
8.887
9.021
8.887
8.997
9.009
8.655
8.85
9.009
7.593
6.018
6.024
6.024
6.024
6.024
6.024
6.073
9.326
8.691
8.533
8.35
7.874
7.788
6.049
6.018
6.024
6.024
6.024
6.024
6.024
6.024
6.024
6.024
6.024
6.024
6.024
6.024
6.024
6.024
6.024
6.024
6.024
6.024
6.024
6.024
6.024
6.024
6.024
6.024
6.024
6.024
6.024
6.024
6.024
6.024
6.024
6.024
6.024
6.024
6.024
6.024
6.024
