0.0
0.0
4.089
0.6348
0.0007629
0.001144
0.0007629
0.0007629
0.0006676
0.0009537
0.001049
0.0008583
0.0007629
0.001526
0.001144
0.0009537
0.0006676
0.0009537
0.0007629
0.0009537
0.0006676
0.0006676
0.001144
0.001049
0.0009537
0.0006676
0.0007629
0.0008583
0.001144
0.0007629
0.001049
0.001717
0.001049
0.00124
0.0006676
0.0008583
0.0008583
0.0009537
0.0008583
0.0009537
0.0008583
0.0006676
0.0008583
0.0006676
0.0006676
0.0009537
0.0008583
0.001049
0.0006676
0.0009537
0.0005722
0.0007629
0.0007629
0.004959
0.0
0.0
