0.3906
0.1896
0.3784
0.3487
0.2316
0.2388
0.1951
0.4013
0.3529
0.1652
0.296
0.1453
0.3429
0.1984
0.2342
0.1932
0.0
9.537e-05
0.0
9.537e-05
0.08326
0.3433
0.4356
0.1453
0.3189
0.2617
0.2937
0.165
0.1549
0.1482
0.3811
0.1383
0.2472
0.304
0.1797
0.349
0.4089
0.1236
0.0
9.537e-05
0.0003815
0.0
0.0
0.04721
0.2525
0.2403
0.1301
0.02012
9.537e-05
0.1427
0.01774
0.4578
0.194
0.3307
0.4425
0.4883
0.04005
0.05207
0.05064
0.02918
0.312
0.1619
0.01373
0.01259
0.007725
0.7668
0.4936
0.3757
0.1818
0.2331
0.2777
0.2861
0.2281
0.2239
0.211
0.2708
0.2636
0.2483
0.23
0.2338
0.2323
0.2445
0.2861
0.8987
0.8621
1.161
0.5783
0.2998
0.7133
0.9857
0.9598
0.3788
0.4066
0.8987
1.433
0.4913
0.6393
0.8484
0.795
0.3609
0.1495
0.2598
4.883
7.251
3.705
3.699
3.394
3.955
0.01698
0.1263
0.885
0.07277
0.06762
0.04034
0.03061
0.322
0.152
0.01202
0.0123
0.5714
0.5745
0.6798
0.3338
0.2304
0.2846
0.2907
0.2399
0.2201
0.2144
0.2438
0.2682
0.2506
0.2357
0.3273
0.2167
0.2689
0.2995
0.8377
1.019
1.015
0.6226
0.7034
1.073
1.05
0.4211
0.4448
0.4967
0.5074
0.7057
0.7591
1.224
1.144
0.4463
0.07524
0.01173
1.974
6.396
4.242
3.656
3.705
4.077
2.548
0.1186
0.4753
0.5127
0.04206
0.04082
0.0473
0.03614
0.4501
0.2247
0.03176
0.03796
1.05
0.5188
0.4257
0.2007
0.176
0.1921
0.1965
0.1833
0.2136
0.2129
0.2068
0.2518
0.2209
0.23
0.2804
0.285
0.2468
0.301
0.9506
1.253
0.8545
0.6432
1.178
1.657
0.4837
0.388
0.4211
0.415
0.631
0.5844
0.5379
0.7446
0.8514
0.2472
0.01125
0.5905
4.425
5.804
3.595
3.821
3.571
4.468
0.0206
0.1225
0.3525
0.6218
0.04501
0.03214
0.04044
0.01745
0.3635
0.1421
0.01316
0.01869
0.1827
0.9583
0.5936
0.2289
0.2285
0.2644
0.2792
0.2064
0.2296
0.2048
0.2293
0.2026
0.2178
0.2174
0.248
0.2285
0.2396
0.4852
1.082
1.025
1.062
0.692
1.886
1.292
0.5295
0.4204
0.4967
0.5386
0.6844
0.7874
0.7545
0.798
0.7706
0.1596
0.01965
0.01554
5.237
4.749
4.102
4.022
4.742
3.644
0.04139
0.2407
0.7545
0.04206
0.03605
0.04559
0.03891
0.37
0.2235
0.01793
0.01993
0.9354
0.425
0.4486
0.1804
0.2045
0.2293
0.2464
0.2174
0.473
0.2411
0.2285
0.2308
0.2243
0.2258
0.198
0.2041
0.2316
0.605
0.9354
1.224
1.221
1.166
1.003
0.5333
0.6248
0.3845
0.4707
1.241
0.6737
0.6714
0.6538
0.6973
0.7019
0.06018
0.02165
1.289
6.213
4.211
3.992
4.767
4.858
1.524
0.1144
0.0001907
0.0
0.0
0.0
0.0
0.0
9.537e-05
0.0
0.0
0.0001907
0.0
0.0
0.0
9.537e-05
0.0
0.0
0.0
0.0
0.0
0.0
0.0001907
0.0
9.537e-05
0.0
0.0001907
0.0
0.0
0.0
9.537e-05
0.0
0.0
0.0
0.0
0.0
0.0
0.0
0.0
0.0
0.0
0.0
0.0
0.0
0.0
0.0
0.0
0.0
0.0002861
0.0
0.0
0.0
0.0
0.0
0.0
0.0
9.537e-05
0.0
0.0
0.0
0.0
0.0
0.0
0.0
0.0001907
0.0
0.0
0.0
0.0
0.0
0.0
0.0
0.0
0.0
0.0
0.0
0.0
0.0
0.0
0.0
0.0
0.0
9.537e-05
0.0
0.0
0.0
0.0
0.0
0.0
0.0
0.0
0.0
0.0
0.0
0.0
0.0
0.0
0.0
0.0
0.0
0.0
0.0
0.0001907
0.0
0.0
0.0
0.0
0.0
0.0
0.0
0.0
0.0
0.0
0.0
0.0
0.0
0.0
0.0
9.537e-05
0.0
0.0
0.0
9.537e-05
0.0
0.0
0.0
0.0
0.0
9.537e-05
0.01698
0.5287
0.4578
0.4219
0.4395
0.4272
0.3185
0.4066
0.4326
0.4723
0.3502
0.2487
0.2331
0.2491
0.2701
0.2552
0.2598
0.2598
0.2705
0.2594
1.384
1.086
1.633
1.712
0.4303
0.3536
0.4364
0.4776
0.6081
0.6683
0.7904
0.7874
0.165
0.01078
1.569
7.91
5.774
6.677
4.437
0.006008
0.002098
0.0
0.0
0.0
0.0
0.0
0.0
0.0
0.0
0.0
0.0
9.537e-05
0.01402
0.5203
0.4852
0.563
0.5203
0.2808
0.3258
0.4433
0.441
0.4219
0.346
0.28
0.293
0.2899
0.2605
0.2701
0.2525
0.2419
0.2651
0.3563
1.552
1.433
1.663
1.384
0.428
0.4585
0.499
0.5936
0.6905
0.6653
0.8011
0.2941
0.009251
0.009727
5.701
10.75
8.911
1.761
0.003529
0.0001907
0.0
0.0
0.0
0.0008583
0.0
0.0
0.0
0.0
0.01688
0.6973
0.3792
0.473
0.5219
0.3075
0.3685
0.5295
0.4784
0.4578
0.362
0.2853
0.2678
0.2659
0.2655
0.2552
0.2666
0.2972
0.2876
0.4288
1.797
1.721
1.242
1.718
0.4547
0.4807
0.4608
0.576
0.7523
0.7782
0.6233
0.165
0.01354
2.026
8.655
7.141
7.141
2.017
0.001431
0.005054
0.0
0.0005722
0.0
0.0001907
0.0
0.0
0.0
0.0
0.0
0.0
0.0
0.0
0.0
0.0
0.0
9.537e-05
0.0
0.0
0.0
0.0
0.0
0.0
0.0
0.0
0.0
0.0
0.0
0.001335
0.001526
9.537e-05
0.1953
0.0001907
0.0
0.0
0.0
9.537e-05
0.0
0.0
0.0
0.0
0.0
0.0
0.0
0.0
0.0
0.0
9.537e-05
9.537e-05
0.0
0.0
0.0
0.0004768
0.0
0.0
0.0
0.0
0.0
0.0
0.0
0.0
0.0
0.0
0.0
9.537e-05
0.0
9.537e-05
0.0
9.537e-05
0.0
0.0
0.06809
0.0
0.0
0.0
0.0
0.0
0.0
0.0
0.06151
0.0
0.0
0.0
0.0
9.537e-05
0.0
0.0
0.0
0.0
0.0
0.0
0.0
0.0
0.0
0.0
0.0
0.00639
0.01698
0.9232
0.3498
0.4303
0.4898
0.248
0.2766
0.4547
0.5562
0.4745
0.378
0.3254
0.2544
0.3136
0.2441
0.2647
0.248
0.243
0.2674
0.2686
0.3242
0.3002
0.301
0.4585
1.491
2.185
1.773
1.074
0.499
0.4379
0.4738
0.5188
0.4944
0.779
0.3803
0.2476
0.2594
9.436
9.119
8.167
0.1759
0.002766
0.0001907
0.00124
0.0
0.0
0.0
9.537e-05
0.0
0.0
0.0006676
0.0007629
0.0
0.0
0.0
9.537e-05
0.0
0.0
0.0
0.0
0.0
0.0
0.0
0.0
0.0
0.0003815
0.0
0.0
0.0
0.0
0.0
0.0001907
0.0
9.537e-05
0.0
0.0
0.0
0.0
0.0
0.0
0.0
9.537e-05
0.0
0.00124
0.0004768
0.0
0.0
0.0002861
0.0
0.0
0.0
0.0
0.0
0.0
0.0
0.0
0.0
0.0
0.0
9.537e-05
0.0
0.0
0.0
9.537e-05
0.0
0.0
0.0
0.0
0.0
0.0
0.0
0.0
0.0
0.0
0.0
9.537e-05
0.0
0.0
0.0
0.0
0.0
0.0
0.0
0.0
0.0
0.0
0.0
9.537e-05
0.0
9.537e-05
0.0
0.0
0.0
0.0
0.0
0.0
0.0
0.0
0.0
0.0
0.0
0.0
0.0
0.0
0.0
0.0
0.0
9.537e-05
0.0
0.0
