18.82
27.98
33.89
17.5
17.92
7.166
4.944
14.33
15.19
17.38
15.82
23.58
29.3
15.48
0.7858
0.3437
0.02604
0.02604
0.02604
6.055
15.36
17.48
32.13
30.71
16.02
19.07
33.25
25.98
17.94
32.47
30.91
14.97
16.75
13.99
19.63
35.94
34.62
33.35
32.86
25.73
29.98
28.42
19.36
18.73
33.35
35.4
34.67
34.28
29.98
31.59
30.66
13.09
2.338
0.1511
12.29
23.07
27.64
35.69
34.86
33.35
33.01
32.52
16.16
5.524
25.29
34.47
33.35
33.01
31.2
24.83
28.52
22.12
10.24
27.54
28.61
18.6
18.51
14.45
16.55
14.06
14.33
15.01
15.19
13.87
12.89
8.911
29.1
29.35
34.57
32.37
30.96
21.31
26.42
22.83
14.43
25.78
27.25
33.25
32.42
28.37
31.2
31.3
16.31
14.87
17.82
8.154
31.45
34.08
34.38
33.01
26.71
27.98
31.05
8.801
33.3
34.52
37.01
37.65
32.96
31.84
17.14
16.97
17.82
10.35
17.72
18.48
18.09
14.31
10.82
14.4
15.7
18.58
14.09
12.08
26.32
33.11
32.91
33.79
29.54
26.46
30.91
21.39
18.19
17.58
26.66
33.06
24.73
12.0
32.23
31.98
34.77
33.79
24.76
21.09
29.0
22.27
29.39
30.57
21.0
11.79
27.39
35.45
33.54
31.98
26.12
30.13
27.83
21.22
29.2
29.79
18.75
16.48
29.93
31.45
19.58
19.34
20.04
18.24
17.11
15.45
16.8
14.92
0.1667
0.09375
0.02604
0.02604
0.02079
0.03128
0.02079
3.589
14.99
17.04
3.162
6.458
17.5
16.21
17.92
26.42
33.74
21.34
15.14
16.16
17.58
14.23
18.58
2.905
0.1511
0.04168
0.02604
0.02604
0.02604
0.02604
0.02604
5.524
15.41
17.82
15.58
16.65
16.63
13.48
11.12
14.48
14.23
14.31
15.38
19.04
14.62
15.65
18.51
6.226
0.1719
0.05732
0.02604
0.03128
0.02604
0.02604
0.02604
0.4326
9.729
16.94
14.87
17.02
15.26
16.58
15.36
16.75
12.01
11.23
17.31
16.72
19.36
19.51
28.76
32.52
17.68
0.7759
0.3178
0.02604
0.02604
0.02604
0.02604
0.02604
11.82
15.31
28.32
33.01
18.75
20.61
31.79
28.32
14.65
17.92
16.48
25.05
27.83
26.56
17.21
16.36
0.2811
0.1354
0.02604
0.02604
0.02604
0.03128
0.02079
10.47
27.69
29.88
17.07
16.58
15.92
14.01
15.87
24.68
26.17
23.61
15.21
14.55
15.33
17.65
16.89
3.143
0.1406
0.04168
0.02079
0.03128
0.02079
0.03128
0.02079
0.03128
10.77
12.23
16.72
26.22
34.62
22.92
13.09
14.6
14.65
14.09
13.09
14.97
16.46
12.38
20.51
12.89
0.1875
0.1041
0.02079
0.02604
0.02604
0.02604
0.02079
0.02604
0.7607
18.43
16.36
27.29
34.81
21.73
14.55
17.33
19.09
32.86
31.35
13.72
19.31
12.35
16.02
3.998
0.1926
0.04692
0.02604
0.02604
0.02604
0.02604
0.02604
0.5676
14.92
1.834
15.14
12.7
12.07
17.41
13.84
18.21
12.99
22.36
30.32
29.59
25.49
33.15
23.49
11.89
20.19
19.09
18.14
31.74
38.04
37.35
39.01
35.99
27.05
36.23
34.18
31.45
26.86
30.86
27.98
32.62
27.54
25.44
34.08
31.4
26.56
13.38
27.59
30.71
27.49
27.05
27.49
23.75
24.39
20.75
15.92
16.43
12.07
21.53
35.45
36.72
35.4
36.67
38.09
35.55
29.0
30.57
26.27
23.83
20.92
26.81
27.69
35.01
37.45
32.62
30.96
35.21
40.33
15.38
22.27
36.57
37.79
39.01
36.82
35.11
32.37
10.77
28.42
37.45
37.21
37.3
37.99
35.21
32.57
28.81
27.88
39.21
39.65
35.84
35.99
33.89
37.01
39.65
38.09
28.96
17.33
33.15
41.02
38.82
36.43
32.03
33.15
23.29
8.167
30.22
34.77
38.96
39.16
37.21
34.03
36.47
35.11
32.71
30.81
35.25
38.87
36.57
39.75
38.96
40.23
39.11
14.14
23.78
35.01
36.96
36.52
33.06
29.88
33.69
20.21
19.29
36.96
39.4
38.82
36.57
36.13
37.06
37.89
37.94
37.99
39.4
39.06
39.94
39.06
39.21
37.84
37.55
12.57
16.43
37.06
36.57
38.43
35.4
25.54
30.13
23.68
8.032
10.67
19.97
21.7
22.78
21.9
25.15
26.12
34.57
35.25
33.11
31.93
31.88
31.05
30.57
31.1
35.21
38.96
40.23
40.67
37.55
29.25
13.6
16.5
21.04
20.9
20.41
21.85
19.51
23.22
21.63
19.75
19.43
20.83
18.07
10.68
22.44
23.12
24.15
26.51
20.9
23.0
24.44
5.518
24.12
23.73
22.71
22.51
21.97
32.71
29.49
32.37
37.01
26.03
37.06
25.59
27.93
38.18
33.2
38.38
19.56
38.23
37.89
29.88
30.32
26.76
36.91
31.54
36.08
23.9
28.12
34.77
31.1
36.87
29.79
34.33
18.9
21.95
28.96
27.15
30.47
24.49
15.84
18.95
20.43
19.78
16.41
17.87
20.95
15.6
32.57
29.39
9.57
20.8
22.27
21.63
20.14
19.48
18.21
17.02
16.28
15.33
15.16
15.14
15.89
16.11
16.28
16.14
16.04
16.02
17.43
17.87
17.85
18.07
18.43
19.07
20.04
22.41
24.0
25.29
24.58
23.9
24.22
23.56
20.17
14.89
17.7
18.97
19.29
19.12
19.17
19.43
18.46
19.19
21.56
23.24
24.15
16.19
12.6
21.7
23.51
26.22
25.1
22.61
20.53
17.11
16.77
15.26
15.09
14.99
15.14
15.28
15.28
15.6
15.06
15.28
15.55
15.14
15.16
15.45
15.45
15.67
15.72
15.41
15.33
15.36
15.53
15.21
15.23
15.36
15.28
15.14
15.8
18.31
18.43
14.82
15.8
15.41
15.38
15.43
15.87
16.38
18.9
20.24
19.34
16.19
15.82
16.26
16.5
20.83
13.13
18.43
15.72
17.68
16.14
19.65
29.59
19.73
15.97
20.17
16.8
17.11
14.09
16.36
16.7
18.09
18.95
21.0
15.99
18.46
16.75
28.22
27.78
15.89
15.48
14.26
15.77
15.55
15.7
17.31
14.11
15.89
15.77
15.04
15.01
15.48
17.29
16.85
13.13
15.6
15.65
18.12
20.12
21.66
14.28
14.26
16.55
14.97
16.92
18.14
20.09
18.58
13.57
13.7
13.55
16.65
14.77
14.36
15.67
15.65
13.55
15.23
15.21
16.14
16.55
20.19
16.48
16.75
14.67
15.58
16.26
13.31
17.14
13.43
15.33
15.75
17.38
18.21
18.6
17.99
13.89
15.84
15.94
15.84
16.87
15.41
13.48
15.48
15.62
17.33
18.65
14.58
14.5
14.75
13.28
14.36
5.981
8.972
0.1289
0.09375
0.0267
0.02804
0.03061
0.02928
0.03061
0.0267
0.02928
0.02604
0.02928
0.02537
0.02861
0.02604
0.02804
0.02861
0.02995
0.02737
18.87
16.31
16.33
16.24
17.26
15.55
16.94
16.77
15.97
15.89
15.21
