17.99
13.53
12.82
16.26
17.21
16.24
21.34
15.67
16.89
14.06
18.48
15.01
18.07
18.16
22.34
17.77
18.6
22.92
18.85
22.07
18.38
21.44
18.48
19.7
16.04
17.97
16.48
14.45
18.02
13.72
16.36
13.4
19.14
15.65
20.09
14.31
17.72
14.79
18.53
18.26
21.09
20.97
16.09
18.48
18.12
15.99
18.65
15.28
17.75
14.82
17.68
14.23
19.43
19.63
18.63
19.41
15.11
15.67
21.8
18.87
18.04
20.26
16.6
26.71
15.33
15.87
16.33
15.84
13.99
13.45
18.04
22.02
20.75
15.62
16.77
15.11
18.55
25.29
18.87
16.94
22.97
21.92
20.19
17.68
16.48
25.44
16.75
13.6
16.7
16.09
14.04
16.92
15.55
16.85
14.28
17.53
13.75
17.16
17.43
27.29
23.24
16.28
13.45
17.58
16.46
14.11
16.7
13.28
15.92
13.4
16.02
14.55
14.94
13.21
17.9
15.09
17.33
13.43
10.16
11.74
15.53
11.58
13.94
11.34
17.07
16.06
16.94
12.57
14.92
11.35
13.87
10.89
14.28
10.72
14.72
15.48
17.87
12.74
14.97
11.23
14.75
12.22
15.77
15.36
17.11
12.72
15.21
11.96
15.33
13.26
17.9
16.8
16.28
14.75
12.45
22.27
16.19
13.62
16.97
13.43
16.55
18.99
18.55
14.62
24.8
18.26
15.09
15.11
13.53
17.55
15.33
17.65
13.45
19.12
16.04
15.45
14.33
18.53
16.43
19.63
16.75
17.14
22.46
15.04
18.75
15.5
18.21
16.63
17.11
14.79
22.31
16.5
16.7
19.21
14.26
18.73
17.19
23.75
21.85
15.09
18.19
15.53
18.58
15.8
19.73
19.04
16.97
19.68
18.02
20.63
19.9
19.17
20.34
20.07
19.75
19.24
24.37
19.56
20.39
17.48
20.0
26.37
21.66
24.39
20.95
18.53
21.12
17.38
21.61
22.39
25.98
18.85
23.14
19.68
21.53
23.73
24.39
21.9
23.24
24.34
27.69
23.56
24.39
23.83
26.71
21.92
25.78
26.76
26.56
21.75
24.66
21.07
24.17
19.04
24.15
25.05
26.32
20.24
24.95
20.63
25.54
21.85
24.0
21.31
23.88
21.39
25.2
24.19
20.41
18.63
21.31
17.82
22.41
19.41
21.39
17.75
21.85
20.41
22.17
18.46
20.78
16.67
19.04
16.53
16.7
20.65
16.63
20.07
17.53
22.0
18.65
17.72
21.61
19.07
20.46
18.26
19.87
18.36
20.41
17.36
22.29
22.44
23.73
22.02
23.66
21.19
23.66
20.61
24.58
21.09
24.49
22.95
29.54
27.78
25.73
24.37
26.37
23.49
29.69
25.05
27.2
23.22
26.37
24.05
25.93
22.51
25.44
22.41
25.73
23.93
27.69
24.37
25.93
25.54
26.71
23.19
25.98
26.95
28.56
22.83
24.85
20.46
25.78
24.83
26.66
24.37
25.15
24.12
24.32
22.88
26.56
18.95
23.71
21.97
22.46
18.97
21.0
16.85
23.0
19.12
17.11
18.82
16.58
18.95
16.14
22.27
18.12
21.0
19.85
19.21
21.56
21.29
23.56
19.82
20.51
18.43
20.78
19.21
23.51
18.04
19.53
18.12
22.63
22.66
23.24
16.09
18.53
15.75
14.31
17.55
18.8
25.24
20.46
18.48
21.8
18.51
22.92
15.97
21.61
16.11
18.12
17.04
18.21
15.89
18.07
18.07
19.65
17.53
18.73
16.67
18.9
21.0
22.31
22.66
16.6
13.82
16.14
18.14
16.19
14.67
19.38
15.14
15.65
19.53
16.7
16.87
14.77
16.65
15.99
25.2
17.82
15.87
17.29
16.5
18.16
18.21
16.19
17.24
15.26
17.97
16.24
19.8
21.07
18.97
18.07
16.28
17.68
17.36
17.82
19.73
21.14
19.04
23.83
19.58
16.75
18.95
19.92
24.0
17.07
15.89
20.95
18.9
21.14
19.46
18.77
16.11
16.36
16.75
15.82
18.29
16.26
17.65
15.97
16.06
19.17
19.26
22.27
17.72
22.24
15.99
16.87
16.72
17.11
17.63
18.9
21.26
17.6
23.49
18.02
20.19
18.14
18.29
16.48
16.63
19.92
21.39
23.46
20.31
21.8
18.95
19.46
20.31
16.8
20.29
25.0
21.53
19.48
20.61
17.6
19.02
18.26
24.39
24.76
19.46
19.73
21.41
18.31
20.58
20.65
22.36
20.92
23.54
22.05
25.29
21.34
24.46
20.36
22.53
22.78
25.73
20.09
23.14
23.34
28.08
19.34
21.17
24.15
24.68
20.83
19.97
21.0
24.32
23.32
22.78
22.19
23.27
21.24
21.53
20.73
21.17
18.7
24.49
19.58
19.97
24.9
19.63
19.51
21.73
22.66
22.46
23.32
25.24
19.8
25.05
20.97
24.73
21.92
22.83
22.09
25.2
22.41
22.29
22.17
24.66
21.95
24.76
20.97
23.51
21.0
23.39
21.68
26.32
23.12
25.44
22.44
25.54
22.02
24.39
25.98
22.73
21.34
22.85
21.53
25.68
22.58
25.24
25.15
26.81
24.98
26.32
24.34
29.2
21.24
24.22
20.43
21.29
19.12
21.97
19.34
21.46
19.73
22.92
22.66
25.59
20.29
21.68
21.83
25.88
19.04
21.24
20.02
22.95
19.43
24.17
22.49
22.09
23.75
25.05
22.66
25.1
27.54
25.68
21.56
26.27
21.95
24.68
21.68
27.49
21.63
22.58
19.48
23.02
20.04
23.22
21.44
27.25
27.05
23.22
21.34
24.51
20.29
25.44
23.56
23.29
21.56
23.61
21.41
22.27
19.95
23.73
22.88
24.93
21.85
22.83
22.9
26.22
25.49
25.24
23.95
21.97
19.58
21.31
18.51
33.2
20.43
17.07
19.19
17.53
17.7
19.43
16.11
18.73
16.97
18.9
14.79
19.04
17.11
19.78
17.48
22.07
21.44
24.41
21.07
26.81
23.75
27.73
23.19
20.78
18.8
20.87
18.58
19.95
16.38
19.34
18.7
24.19
20.17
24.46
21.09
23.93
19.87
23.46
21.88
20.0
17.82
19.85
18.43
24.07
21.85
22.97
17.33
19.29
15.43
24.27
15.77
14.38
23.95
14.89
17.41
23.83
16.14
17.26
21.0
23.12
23.32
17.97
18.43
15.89
21.83
17.72
20.0
17.24
23.41
16.87
20.02
17.02
19.56
18.14
19.41
15.8
18.16
15.7
18.9
15.6
18.46
27.29
22.12
17.68
18.43
18.77
21.39
18.87
20.8
18.75
20.48
17.87
15.75
18.53
19.02
13.4
16.24
14.06
18.16
17.11
30.37
25.2
16.65
17.41
20.85
17.09
22.24
18.31
18.16
16.14
19.9
12.94
18.36
28.81
23.9
17.02
14.23
22.68
14.72
14.28
18.14
16.21
16.41
13.11
15.04
18.12
20.75
18.7
20.14
14.21
16.36
12.82
19.51
17.5
13.09
16.65
21.26
19.63
14.89
20.56
21.17
16.92
19.56
17.65
20.19
18.21
20.36
16.48
21.78
18.85
25.39
21.48
23.9
21.48
25.39
24.61
24.63
23.34
28.27
22.36
25.44
20.97
22.56
19.56
23.17
19.75
26.66
25.93
26.56
27.88
26.81
25.15
22.71
23.36
28.08
22.19
24.8
20.87
22.09
20.73
25.93
23.88
24.9
19.24
22.24
19.26
21.63
19.09
21.58
17.55
18.92
21.48
16.75
22.34
24.83
20.7
21.75
19.38
20.95
21.7
24.68
21.75
22.36
24.02
22.83
24.12
23.61
19.58
22.75
19.92
22.56
20.61
22.68
19.68
22.9
19.82
22.27
19.43
22.31
20.41
21.46
19.12
20.58
18.31
23.17
17.02
25.15
21.31
23.34
23.8
27.73
22.83
28.52
24.68
27.83
25.98
25.73
20.75
22.36
20.04
23.9
19.87
22.97
19.12
25.54
24.27
23.95
20.53
24.66
19.95
23.02
22.27
22.02
20.48
23.17
20.46
25.98
21.17
