17.41
14.92
14.84
14.55
15.6
19.78
19.31
18.29
14.53
18.65
20.14
20.85
17.7
2.191
0.5623
0.09375
0.02604
0.03128
0.02604
7.19
13.65
15.92
25.78
25.59
16.5
15.11
23.63
22.19
20.24
15.43
12.92
14.79
14.58
11.74
17.58
22.14
21.14
14.67
15.09
16.99
18.92
24.49
23.51
23.61
23.02
21.95
23.05
19.82
22.75
23.88
14.28
8.997
17.72
20.63
22.68
24.15
24.98
26.71
24.39
17.9
19.58
21.68
20.7
11.36
18.07
22.44
23.29
22.34
28.03
29.54
25.93
17.99
20.24
26.56
15.6
13.79
14.55
23.29
25.93
24.61
16.06
18.63
16.53
16.04
16.41
14.09
16.92
20.61
26.12
10.21
18.92
20.48
22.34
26.12
25.2
25.15
23.88
17.16
19.75
20.65
15.53
13.26
16.14
15.67
24.76
24.24
17.02
16.33
13.09
13.94
19.56
19.75
20.65
21.31
28.32
25.98
24.15
25.73
23.85
14.31
13.11
15.31
14.36
12.82
15.65
15.5
15.33
13.43
13.75
13.92
14.82
15.19
18.29
20.53
18.02
10.72
13.7
19.09
18.6
17.9
19.6
24.8
30.03
25.98
16.65
19.19
21.07
16.02
18.29
15.21
9.888
20.85
20.97
21.41
21.46
21.44
21.83
22.46
14.89
20.17
21.53
21.48
8.923
17.9
18.85
20.02
25.15
24.19
24.1
22.24
18.38
17.6
19.12
17.82
17.65
10.96
15.36
15.65
16.99
19.6
20.09
6.567
0.7133
0.177
0.03128
0.02604
0.02604
0.03128
0.02604
8.362
18.09
20.07
19.7
14.94
14.87
12.79
15.26
17.43
26.61
23.02
15.09
15.53
15.26
15.5
21.53
6.873
0.7393
0.1875
0.02604
0.03128
0.02604
0.02604
0.03128
8.167
14.43
14.75
12.13
15.43
15.14
15.58
19.43
17.82
13.21
13.21
13.11
12.74
13.89
17.55
18.65
16.72
16.5
7.056
0.7607
0.2396
0.02604
0.03128
0.02604
6.14
13.62
13.7
13.18
12.89
13.13
13.65
14.82
13.92
12.35
12.5
14.04
13.26
15.41
14.53
13.38
13.45
0.1875
0.1249
0.02604
0.02604
0.02604
0.03128
0.02604
0.03128
11.91
14.87
15.67
15.48
15.5
16.26
14.92
12.84
13.13
13.04
13.13
12.65
12.92
12.21
13.43
3.961
0.1616
0.05732
0.02604
0.03128
0.03128
0.03128
0.02604
8.313
14.45
13.06
15.41
3.394
15.06
12.96
15.16
14.62
14.43
15.36
15.55
15.21
15.16
15.89
11.57
10.62
0.3647
0.1041
0.02604
0.03128
0.02604
0.03128
0.02604
0.03128
15.94
21.31
22.07
17.99
12.79
12.33
12.11
12.34
15.97
17.72
17.99
21.41
12.99
13.38
14.01
3.491
0.177
0.05207
0.02604
0.03128
0.02604
0.02604
0.02604
0.03128
6.128
13.53
11.66
14.89
13.31
14.75
16.04
16.31
24.95
14.79
14.26
11.67
14.45
10.82
14.21
13.18
15.21
15.33
15.55
15.62
6.396
0.6355
0.198
3.888
15.87
12.89
17.72
13.94
12.17
10.33
18.43
20.12
22.51
22.14
23.54
23.97
23.88
23.8
18.97
15.62
15.31
15.33
15.28
15.11
15.14
16.75
17.65
16.33
17.09
15.89
16.11
15.11
15.7
15.92
16.09
17.46
17.11
17.97
16.8
15.7
15.48
17.33
17.36
16.21
17.92
19.95
18.36
9.534
9.692
15.58
15.99
18.33
19.46
19.34
18.29
16.55
18.31
18.12
18.51
18.8
18.65
19.53
14.4
3.271
19.29
21.04
19.29
19.82
18.75
17.16
15.55
17.07
26.71
23.83
21.41
20.85
22.41
24.1
24.1
22.31
20.8
19.78
21.14
21.41
20.07
19.36
19.75
19.7
25.34
25.2
24.19
23.17
23.22
23.0
16.77
9.534
14.79
22.41
23.02
22.8
22.51
24.37
23.46
18.53
16.28
16.65
19.46
19.51
12.04
3.888
22.09
27.05
28.96
26.95
24.27
24.19
23.85
22.24
22.39
23.22
24.39
25.05
25.05
23.71
24.46
25.24
24.83
23.51
25.73
26.71
24.27
23.29
21.51
20.29
19.9
18.55
19.58
12.96
12.72
22.02
19.09
19.12
20.65
16.55
13.28
17.07
18.31
16.33
15.7
20.83
24.66
17.97
8.411
3.204
12.57
19.41
18.58
18.29
19.14
19.12
19.65
18.73
21.31
21.02
18.92
18.19
17.85
16.87
16.09
18.14
20.21
18.75
18.36
17.48
19.09
19.31
19.12
17.94
15.6
16.11
17.29
17.14
15.84
18.53
18.85
18.99
19.12
17.82
16.33
16.41
11.45
14.09
15.77
15.94
16.55
21.0
20.61
17.31
16.7
20.17
18.24
17.02
16.53
16.7
18.02
9.583
5.566
20.17
19.07
19.46
18.46
20.26
16.7
18.26
17.5
18.38
15.41
17.21
20.7
21.56
21.75
26.03
20.58
18.58
18.87
19.17
19.75
11.69
19.51
19.36
19.92
17.41
14.6
17.5
19.51
19.46
20.92
20.78
19.09
9.973
20.14
16.8
18.63
18.77
16.8
19.78
20.41
11.62
16.72
18.75
18.43
23.34
16.14
18.43
16.6
5.554
20.95
19.21
17.11
15.53
16.99
20.31
23.51
23.95
23.17
23.95
23.51
23.17
21.97
30.08
30.81
28.86
27.93
28.32
34.81
31.69
29.35
27.59
27.05
29.88
27.49
18.31
12.79
17.92
19.41
18.99
15.92
20.31
20.02
21.97
18.48
18.31
25.49
20.09
20.26
11.1
9.644
20.46
21.83
22.56
21.61
21.48
23.73
28.22
26.51
25.68
23.66
24.07
25.54
24.54
30.91
27.88
24.9
23.12
21.31
20.51
22.22
21.73
21.17
19.19
19.29
19.87
21.78
25.73
19.73
11.99
16.09
21.14
22.66
23.0
22.19
20.73
21.75
19.73
20.09
18.6
17.26
15.48
11.13
7.825
15.62
15.16
14.82
12.89
18.77
15.48
14.99
15.31
14.65
14.6
14.84
15.14
12.57
15.41
15.45
13.18
19.65
14.4
16.7
14.36
13.92
19.56
24.49
20.8
23.68
17.63
14.09
14.94
15.87
19.8
19.85
18.75
14.7
21.12
16.02
12.77
14.72
17.29
7.288
20.95
20.34
18.38
17.11
18.12
17.19
18.33
18.95
19.56
20.04
18.07
17.09
16.43
18.02
19.29
18.6
16.26
15.16
15.75
15.38
16.97
17.75
17.16
16.16
16.36
15.89
15.36
16.16
15.67
16.92
15.38
15.92
15.23
15.53
16.67
16.65
15.65
12.96
9.631
9.521
17.16
16.06
16.21
15.55
16.06
15.53
15.77
15.92
15.62
16.19
17.68
16.89
15.48
17.68
17.14
2.896
16.53
15.36
15.65
16.06
15.41
13.96
14.23
13.82
14.38
14.23
14.16
16.06
15.8
15.38
15.92
12.15
0.75
0.3803
0.03128
0.02604
0.02604
0.02604
0.03128
0.02604
0.02604
0.02604
0.03128
0.02604
0.02604
0.02604
0.03128
0.02604
0.02604
0.02604
0.03128
0.02079
0.03128
11.56
16.97
18.92
15.75
15.04
13.38
13.92
15.92
14.48
15.53
