18.87
27.05
16.24
13.35
13.09
22.02
24.95
18.07
26.9
16.36
13.26
14.72
26.07
19.02
11.35
11.15
10.89
10.89
10.89
10.97
13.13
13.38
13.43
13.06
13.18
13.11
13.33
13.11
13.26
13.35
13.4
13.11
13.21
13.18
13.33
13.13
13.38
12.7
11.07
11.07
11.07
11.07
11.07
12.55
13.06
20.78
26.12
17.65
26.56
19.46
18.82
30.62
31.35
32.18
32.03
31.25
29.2
25.93
25.49
19.53
30.13
41.21
43.07
43.07
43.16
43.16
43.16
43.16
43.16
43.12
43.16
43.16
43.16
43.16
43.12
43.07
43.12
43.16
43.16
43.16
43.16
43.16
43.21
43.21
43.21
43.21
43.21
43.26
43.21
43.21
43.21
42.82
41.75
23.22
16.21
16.65
18.87
20.48
18.07
20.29
19.07
13.89
12.74
13.67
13.23
16.8
30.13
31.15
31.93
31.88
31.01
28.86
25.78
25.44
18.26
33.11
41.55
43.07
43.07
42.97
42.97
42.97
42.92
42.97
42.92
42.97
42.97
43.02
43.16
43.12
43.16
43.31
43.31
43.31
43.31
43.36
43.36
43.36
43.41
43.41
43.41
43.41
43.41
43.41
43.41
43.46
43.51
42.48
41.55
35.64
21.12
19.68
20.29
16.55
12.55
16.38
29.98
31.15
31.84
31.79
30.32
28.47
25.49
23.41
22.83
40.67
43.07
43.07
42.09
41.99
41.99
41.99
41.99
41.94
41.99
41.99
42.04
41.99
42.77
43.07
43.12
43.12
43.16
43.16
43.16
43.16
43.16
43.21
43.21
43.21
43.21
43.21
43.21
43.16
43.21
42.77
33.15
16.33
16.09
18.82
20.78
18.55
20.36
20.19
14.11
12.82
12.65
28.17
30.42
31.64
31.74
31.25
28.76
26.03
25.05
20.75
34.81
42.29
43.07
43.26
43.36
43.36
43.31
43.36
43.31
43.36
43.36
43.36
43.36
43.31
43.31
43.36
43.36
43.36
43.36
43.36
43.41
43.41
43.41
43.41
43.41
43.41
43.46
43.41
43.41
43.41
43.21
39.31
17.19
16.14
17.11
20.41
19.14
19.19
19.31
15.84
12.67
18.8
30.08
31.1
31.79
31.69
30.91
28.56
25.98
25.24
17.94
32.96
41.75
43.07
42.97
42.58
42.58
42.58
42.58
42.58
42.53
42.58
42.58
42.63
42.58
42.92
43.07
43.12
43.12
43.12
43.12
42.97
42.87
42.82
42.82
42.82
42.82
42.82
42.82
42.82
42.82
42.33
31.93
16.58
16.21
19.26
21.36
19.51
19.63
17.09
12.67
11.38
11.12
11.08
11.08
11.08
11.08
11.08
11.08
11.08
11.08
11.08
11.08
11.08
11.08
11.08
11.08
11.08
11.08
11.08
11.08
11.08
11.08
11.08
11.08
11.08
11.08
11.08
11.08
11.08
11.08
11.08
11.08
11.08
11.08
11.08
11.08
11.08
11.08
11.08
11.08
11.08
11.08
11.08
11.08
11.08
11.08
11.08
11.08
11.08
11.08
11.08
11.08
11.08
11.08
11.08
11.08
11.08
11.08
11.08
11.08
11.08
11.08
11.08
11.08
11.08
11.08
11.08
11.08
11.08
11.08
11.08
11.08
11.08
11.08
11.08
11.08
11.08
11.08
11.08
11.08
11.08
11.08
11.08
11.08
11.08
11.08
11.08
11.08
11.08
11.08
11.08
11.08
11.08
11.08
11.08
11.08
11.08
11.08
11.08
11.08
11.08
11.08
11.08
11.08
11.08
11.08
11.08
11.08
11.08
11.08
11.08
11.08
11.08
11.08
11.08
11.21
14.18
38.53
43.07
43.21
43.36
43.36
43.36
43.36
43.31
43.31
43.36
43.31
43.31
43.31
43.31
43.31
43.31
43.26
43.26
43.31
43.31
43.31
43.41
43.41
43.41
43.41
43.46
43.41
43.46
43.26
31.25
15.89
19.34
21.97
22.29
13.65
11.8
11.19
11.08
11.08
11.54
18.99
42.24
43.07
43.07
43.12
43.16
43.16
43.16
43.16
43.12
43.12
43.16
43.16
43.12
43.12
43.12
43.16
43.12
43.12
43.07
43.12
43.12
43.16
43.16
43.21
43.21
43.21
43.21
43.26
43.26
43.21
43.31
43.26
42.77
25.1
15.38
18.43
21.0
23.24
14.7
12.43
12.77
28.42
42.97
43.07
43.07
43.16
43.16
43.16
43.16
43.12
43.12
43.16
43.12
43.12
43.12
43.12
43.12
43.16
43.12
43.07
43.12
43.12
43.12
43.21
43.21
43.21
43.21
43.26
43.26
43.21
43.26
43.26
43.02
30.42
15.89
20.39
21.39
20.46
13.65
12.18
16.06
41.26
43.07
43.07
43.16
43.21
43.16
43.16
43.12
43.12
43.16
43.16
43.12
43.16
43.16
43.16
43.16
43.12
43.07
43.12
43.16
43.12
43.16
43.21
43.21
43.21
43.21
43.26
43.26
43.21
43.26
43.26
40.87
17.04
16.38
21.04
22.63
18.38
12.57
12.87
27.59
42.77
43.12
43.16
43.26
43.31
43.31
43.31
43.26
43.26
43.31
43.31
43.12
43.12
43.12
43.12
43.12
43.12
43.02
43.07
43.12
43.12
43.12
43.16
43.16
43.16
43.21
43.21
43.16
43.16
43.21
41.94
22.92
15.62
21.51
22.07
18.82
12.43
11.38
11.1
11.08
11.08
11.08
11.08
11.08
11.08
11.08
11.08
11.08
11.08
11.08
11.08
11.08
11.08
11.08
11.08
11.08
11.08
11.08
11.08
11.08
11.08
11.08
11.08
11.08
11.08
11.08
11.08
11.08
11.08
11.76
19.58
40.53
42.87
43.07
41.46
41.41
41.5
41.94
42.38
43.12
43.12
43.12
43.12
43.12
43.12
43.12
43.12
43.02
43.12
43.12
43.12
43.21
43.21
43.21
43.21
43.26
43.21
43.21
43.21
43.16
33.3
15.92
15.36
17.8
21.19
22.09
14.97
11.3
11.07
12.05
23.07
42.87
43.07
43.07
43.16
43.21
43.21
43.16
43.16
43.12
43.16
43.16
43.16
43.16
43.02
42.92
42.97
42.97
42.97
42.97
42.97
43.02
43.07
43.16
43.16
43.12
43.21
43.16
43.21
43.21
43.21
43.21
43.21
43.26
43.26
43.31
43.26
42.82
27.78
19.41
20.8
20.73
15.11
13.11
11.51
11.1
11.08
11.08
11.08
11.08
11.08
11.08
11.08
11.08
11.08
11.08
11.08
11.08
11.08
11.08
11.08
11.08
11.08
11.08
11.08
11.08
11.08
11.08
11.08
11.08
11.08
11.08
11.08
11.66
18.33
41.89
43.02
43.07
43.16
43.21
43.21
43.16
43.16
43.12
43.16
43.16
43.16
43.16
43.12
43.16
43.16
43.16
43.16
43.16
43.16
43.07
43.16
43.12
43.16
43.16
43.21
43.21
43.21
43.21
43.21
43.26
43.26
43.26
42.29
18.92
17.24
20.21
23.12
19.17
13.18
11.65
11.18
11.08
11.08
11.08
11.08
11.08
11.08
11.08
11.08
12.99
34.86
43.07
43.07
43.16
43.26
43.21
43.21
43.16
43.16
43.21
43.21
43.21
43.16
43.21
