31.88
31.15
33.45
31.1
26.46
23.78
24.1
25.98
27.88
24.71
20.17
20.36
24.63
23.71
24.56
22.78
24.39
25.49
26.17
26.12
25.44
9.387
8.521
9.021
8.679
8.63
7.605
14.87
9.351
17.31
9.741
4.095
3.479
9.912
17.75
9.558
11.28
23.36
26.9
27.15
9.473
0.8545
0.2605
10.47
19.07
28.61
29.93
16.92
17.24
13.06
15.16
15.94
10.79
25.73
29.44
30.27
31.15
32.52
31.49
30.91
28.86
26.32
23.58
23.44
6.873
31.2
33.94
29.15
27.54
27.93
28.96
29.15
27.78
29.05
31.4
31.15
27.54
25.73
28.56
28.66
31.2
28.81
24.85
24.9
24.24
23.88
22.17
21.46
23.02
27.2
24.54
25.98
24.34
20.58
26.12
27.34
24.24
26.66
23.61
27.78
28.12
27.29
28.17
30.96
18.24
10.22
8.704
8.533
8.24
8.13
8.521
8.081
14.79
10.88
20.29
4.047
3.436
5.31
26.61
28.71
29.64
30.27
26.27
29.93
29.39
27.88
26.07
26.32
8.643
20.48
28.66
25.49
31.01
33.69
33.54
31.64
32.28
31.88
33.25
32.81
31.3
34.08
33.79
33.5
31.79
29.98
31.74
33.54
31.98
30.71
29.1
31.35
27.25
26.37
29.69
30.08
29.69
27.29
25.54
22.95
26.12
25.88
25.68
18.7
7.751
7.983
7.263
7.422
7.532
7.214
6.567
5.194
14.75
8.398
19.56
4.663
3.296
3.284
9.204
27.39
28.66
30.22
27.78
26.61
29.64
30.96
29.39
25.93
19.36
8.142
37.3
35.21
33.11
29.39
22.92
23.73
27.98
30.03
29.15
28.66
26.81
26.32
27.59
27.0
30.42
28.61
26.22
27.39
24.19
26.17
26.56
28.76
29.88
25.05
26.22
24.98
23.51
22.51
21.83
21.48
26.42
23.34
24.76
24.63
24.0
25.93
27.1
25.93
20.34
11.98
8.862
8.984
9.094
8.533
7.41
5.127
8.813
13.04
14.33
12.02
3.577
2.957
4.382
17.11
24.44
23.14
22.83
26.71
28.71
25.98
25.73
24.05
25.15
31.64
19.9
14.94
35.16
28.96
33.01
27.44
27.93
30.22
31.69
29.44
31.35
29.98
31.54
31.4
33.4
32.18
27.98
25.68
27.29
28.03
24.51
26.81
25.44
28.32
28.17
28.32
22.07
23.12
24.24
23.12
24.8
28.03
27.2
26.71
27.83
24.66
26.03
28.96
29.1
10.94
8.484
8.85
8.325
8.801
8.533
7.532
14.16
9.338
17.26
7.617
3.754
3.064
2.759
0.6279
0.2007
0.03128
0.02604
0.02861
0.02604
0.03128
0.02604
0.02861
0.02861
0.02861
0.02604
0.03128
0.02604
0.02861
0.02861
0.03128
0.02604
0.02861
0.02861
0.02861
0.02604
0.02861
0.02861
0.03128
0.02604
0.03128
0.02604
0.02861
0.02604
0.02861
0.02604
0.03128
0.02604
0.02861
0.02346
0.02861
0.02604
0.03128
0.02604
0.02861
0.02861
0.03128
0.02604
0.02861
0.02861
0.02861
0.02604
0.02861
0.02604
0.03128
0.02346
0.02861
0.02604
0.02861
0.02604
0.03128
0.02861
0.03128
0.02604
0.02861
0.02604
0.03128
0.02604
0.02861
0.02604
0.03128
0.02604
0.03128
0.02604
0.03128
0.02861
0.02861
0.02604
0.03128
0.02604
0.02861
0.02604
0.02861
0.02604
0.02861
0.02604
0.02861
0.02861
0.02861
0.02861
0.02861
0.02604
0.02861
0.02604
0.03128
0.02604
0.03128
0.02604
0.02861
0.02861
0.03128
0.02604
0.03128
0.02861
0.03128
0.02604
0.02861
0.02604
0.02861
0.02861
0.02861
0.02604
0.02861
0.02604
0.02861
0.02861
0.02861
0.02604
0.03128
0.02604
0.02861
0.02861
0.03128
0.02604
0.02861
0.02861
0.02861
0.02604
0.02861
0.02604
0.03128
0.02604
0.02861
1.932
17.68
33.79
31.88
32.62
30.22
29.15
30.08
32.08
23.05
25.2
26.42
27.0
30.42
26.76
23.63
23.39
24.56
25.44
26.66
25.93
24.12
22.51
22.78
25.39
23.51
24.07
25.93
25.78
26.03
24.49
26.37
25.44
20.87
18.48
20.04
20.56
22.39
22.75
26.12
26.17
17.04
9.937
8.118
9.937
9.29
9.863
10.79
13.01
12.82
18.92
3.619
0.5028
0.2186
0.02604
0.02861
0.02604
3.851
20.73
30.86
34.28
27.05
28.61
30.22
30.27
32.76
32.86
27.49
26.32
29.2
29.88
30.66
30.52
26.37
28.52
31.4
29.79
32.67
31.3
31.59
30.22
32.18
28.42
23.8
27.69
28.91
29.39
28.61
27.54
25.78
27.93
31.25
29.74
17.85
9.18
8.313
8.496
8.838
9.351
9.875
16.65
13.11
20.39
3.644
4.987
25.44
33.15
33.01
32.52
32.76
31.2
27.59
30.42
32.91
30.57
31.15
27.1
30.76
29.3
30.52
32.08
34.18
31.2
33.25
30.66
28.37
24.66
26.17
25.1
25.68
28.32
27.78
26.66
27.98
29.98
30.71
29.39
31.05
30.42
21.26
9.448
9.033
9.07
8.765
9.692
9.143
7.617
13.43
9.949
19.65
3.534
0.544
0.211
0.02861
5.45
30.66
29.88
28.03
30.47
32.71
30.81
28.61
27.78
31.74
31.4
30.32
28.61
30.81
30.13
28.66
28.27
33.15
32.42
32.67
33.98
32.13
29.49
25.34
24.19
23.73
26.22
29.59
31.45
31.4
29.74
31.79
31.64
31.45
30.52
11.91
9.448
9.766
9.802
10.71
9.961
17.19
13.67
16.46
2.707
0.3853
0.1276
0.02861
0.02346
0.02861
0.02604
0.02861
0.02346
0.02861
0.02346
0.03128
0.02604
0.02861
0.02604
0.02604
0.02604
0.02861
0.02604
0.02861
0.02604
0.02861
0.02604
0.02861
0.02604
0.02861
0.375
0.164
0.1249
0.02604
0.02604
0.02604
3.091
18.29
28.12
30.81
33.79
32.91
27.69
22.39
27.49
26.32
30.57
31.69
29.64
27.93
33.01
31.88
25.15
25.15
24.73
26.32
25.78
27.0
29.54
26.32
24.37
26.51
31.45
30.86
25.68
24.41
24.63
25.83
22.31
25.44
21.9
25.2
25.68
25.63
25.49
14.16
10.17
9.131
8.533
9.338
11.07
15.21
14.79
20.02
3.162
0.4059
0.1667
0.02604
0.02604
0.02604
0.02604
0.02604
0.02604
0.03128
0.02079
0.03128
0.02604
0.02604
0.02604
0.03128
0.02604
0.02604
0.02604
0.02604
0.02604
0.02604
0.02604
0.03128
0.02604
0.03128
0.02604
0.02604
0.02604
0.03128
0.02604
0.02604
0.03128
0.02604
0.02604
0.02604
0.02604
0.03128
0.02604
0.02604
0.02604
0.02604
0.02604
0.03128
0.02604
0.03128
0.02079
0.03128
0.02604
0.03128
0.02604
0.02604
0.02604
0.02604
0.02604
0.03128
0.02604
0.02604
0.02604
0.03128
0.02604
0.02604
0.02604
0.03128
0.02604
0.03128
0.02079
0.03128
0.02604
0.02604
0.02604
0.03128
0.02604
0.02604
0.02604
0.03128
0.02079
0.03128
0.02604
0.02604
0.02604
0.03128
0.02604
0.03128
0.02604
0.02604
0.02604
0.02604
0.02604
0.03128
0.02604
0.02604
0.03128
0.02604
0.02604
0.03128
0.02604
0.03128
0.02604
0.03128
0.02604
0.03128
0.02604
0.02604
0.02604
0.03128
0.02604
0.03128
0.02604
0.02604
0.02604
0.03128
0.03128
0.02604
0.02604
0.03128
0.03128
0.02604
0.03128
0.02604
0.03128
0.03128
