6.433
6.555
6.824
7.129
7.275
7.422
7.532
7.532
7.532
7.532
7.532
7.532
7.532
6.183
3.674
3.943
4.041
4.083
4.236
4.23
4.279
4.431
4.425
4.425
4.425
4.425
4.468
4.62
4.62
4.62
4.62
4.62
4.62
4.62
4.62
4.62
4.62
4.62
4.657
4.816
4.816
4.816
4.816
4.816
4.816
4.816
4.816
4.816
4.816
4.816
4.816
4.816
4.816
4.816
4.816
4.816
4.816
4.816
4.846
4.877
4.834
4.834
4.834
4.834
4.865
5.029
5.029
5.029
5.029
5.029
5.029
5.029
5.029
5.029
5.029
5.029
5.029
5.029
5.029
5.029
5.029
5.029
5.029
5.029
5.029
5.029
5.029
5.029
5.029
5.029
5.029
5.029
5.029
5.029
5.029
5.029
5.029
5.029
5.029
5.029
5.029
5.029
5.029
5.029
5.029
5.042
5.054
5.029
5.029
5.029
5.029
5.035
5.072
5.029
5.029
5.029
5.103
5.225
5.225
5.225
5.225
5.225
5.225
5.225
5.292
5.225
5.225
5.225
5.225
5.225
5.408
5.408
5.408
5.408
5.408
5.408
5.408
5.408
5.408
5.408
5.408
5.408
5.579
5.585
5.585
5.585
5.591
5.591
5.591
5.591
5.591
5.591
5.591
5.591
5.591
5.591
5.591
5.676
5.786
5.786
5.786
5.786
5.786
5.786
5.786
5.786
5.786
5.884
5.981
5.981
6.171
6.323
6.36
6.372
6.384
6.384
6.384
6.384
6.384
6.445
6.641
6.763
6.775
6.775
6.787
6.97
6.97
6.97
6.97
7.129
7.153
7.153
7.153
7.349
7.349
7.349
7.349
7.349
7.349
7.361
7.349
4.382
3.51
3.76
3.894
4.059
4.059
4.059
4.175
4.254
4.248
4.254
4.254
4.279
4.449
4.449
4.449
4.449
4.449
4.449
4.449
4.449
4.59
4.645
4.645
4.645
4.645
4.645
4.645
4.639
4.639
4.639
4.755
4.834
4.834
4.834
4.834
4.834
4.834
4.834
4.84
4.84
4.834
4.84
4.84
4.834
4.834
4.834
4.834
4.883
5.029
5.029
5.029
5.029
5.029
5.029
5.029
5.035
5.029
5.029
5.029
5.029
5.029
5.029
5.029
5.225
5.225
5.219
5.219
5.219
5.219
5.341
5.414
5.597
5.914
6.183
6.396
6.58
6.689
6.909
7.275
7.336
7.336
7.336
7.336
7.336
7.324
3.43
3.864
3.967
4.059
4.059
4.059
4.211
4.254
4.254
4.254
4.321
4.449
4.449
4.449
4.443
4.443
4.449
4.449
4.449
4.449
4.584
4.639
4.645
4.639
4.645
4.639
4.633
4.639
4.639
4.639
4.639
4.639
4.773
4.834
4.834
4.834
4.834
4.84
4.834
4.84
4.84
4.834
4.84
4.84
4.84
4.834
4.834
4.834
4.84
4.84
4.84
4.84
4.834
4.834
4.834
4.834
4.834
4.834
4.968
5.029
5.029
5.029
5.029
5.029
5.029
5.029
5.029
5.029
5.029
5.029
5.029
5.029
5.029
5.029
5.029
5.029
5.225
5.225
5.225
5.225
5.225
5.225
5.225
5.225
5.225
5.225
5.377
5.408
5.408
5.408
5.408
5.408
5.408
5.408
5.408
5.408
5.414
5.487
5.615
5.615
5.615
5.615
5.615
5.615
5.615
5.615
5.615
5.615
5.615
5.615
5.615
5.664
5.798
5.798
5.798
5.798
5.798
5.798
5.798
5.798
5.798
5.798
5.798
5.798
5.853
5.994
5.994
5.994
5.994
5.994
5.994
5.994
5.994
5.994
6.146
6.189
6.189
6.189
6.189
6.189
6.189
6.189
6.189
6.189
6.189
6.189
6.195
6.195
6.195
6.195
6.195
6.262
6.372
6.372
6.372
6.372
6.372
6.372
6.555
6.567
6.75
6.763
6.763
6.763
7.092
7.153
7.153
7.153
7.202
7.349
7.349
7.349
7.349
7.349
7.336
7.349
7.349
7.349
7.349
7.349
4.059
3.394
3.625
3.967
4.053
4.059
4.059
4.193
4.242
4.242
4.242
4.242
4.37
4.437
4.437
4.437
4.437
4.437
4.443
4.437
4.437
4.437
4.437
4.486
4.633
4.633
4.633
4.633
4.633
4.633
4.633
4.633
4.633
4.633
4.633
4.633
4.633
4.761
4.828
4.822
4.828
4.828
4.828
4.828
4.828
4.822
4.828
4.828
4.828
4.828
4.828
4.828
4.828
4.828
4.828
4.828
4.828
4.828
4.822
4.938
5.017
5.023
5.023
5.023
5.023
5.023
5.023
5.2
5.219
5.212
5.212
5.212
5.402
5.408
5.408
5.67
5.798
5.92
6.104
6.189
6.458
6.75
6.848
6.958
7.129
7.336
7.349
7.349
7.349
7.336
7.349
7.349
7.349
5.383
3.662
3.87
4.059
4.059
4.175
4.254
4.254
4.254
4.303
4.443
4.449
4.443
4.443
4.443
4.443
4.443
4.443
4.596
4.645
4.645
4.645
4.645
4.645
4.645
4.645
4.645
4.645
4.645
4.645
4.675
4.834
4.84
4.834
4.834
4.834
4.84
4.84
4.84
4.84
4.834
4.834
4.834
4.834
4.834
4.834
4.834
4.834
4.834
4.834
4.834
4.834
4.834
4.834
4.834
4.834
4.834
4.834
4.834
4.834
4.84
4.852
5.029
5.029
5.066
5.225
5.237
5.42
5.42
5.42
5.42
5.42
5.42
5.42
5.42
5.438
5.615
5.615
5.78
5.811
5.811
5.811
5.811
5.811
5.811
5.811
5.811
5.811
5.878
6.006
6.006
6.006
6.0
6.189
6.195
6.195
6.195
6.195
6.244
6.384
6.396
6.396
6.396
6.396
6.396
6.396
6.506
6.58
6.58
6.58
6.58
6.58
6.58
6.58
6.58
6.58
6.58
6.58
6.58
6.58
6.58
6.616
6.775
6.775
6.775
6.775
6.775
6.775
6.775
6.775
6.775
6.775
6.775
6.775
6.775
6.824
6.97
6.97
6.97
6.97
6.97
6.97
6.97
6.97
6.982
7.166
7.166
7.166
7.166
7.166
7.166
7.166
7.166
7.166
7.178
7.361
7.361
7.361
7.361
7.361
7.361
7.361
7.361
7.361
7.361
7.361
7.361
7.361
7.361
7.361
6.207
3.516
3.79
3.864
3.864
4.01
4.059
4.059
4.059
4.169
4.254
4.254
4.254
4.254
4.254
4.254
4.449
4.449
4.449
4.449
4.449
4.449
4.449
4.449
4.449
4.449
4.474
4.645
4.645
4.645
4.645
4.639
4.639
4.639
4.639
4.645
4.645
4.645
4.645
4.645
4.639
4.773
4.84
4.84
4.84
4.84
4.834
4.834
4.84
4.834
4.84
4.84
4.834
4.834
4.834
4.84
4.926
5.035
5.035
5.035
5.029
5.029
5.029
5.029
5.029
5.029
5.029
5.029
5.139
5.206
5.212
5.219
5.212
5.212
5.212
5.212
5.212
5.212
5.383
5.408
5.408
5.493
