0.01011
0.02089
0.02222
0.01869
0.01678
0.02146
0.02298
0.0268
0.02432
0.02184
0.0145
0.02012
0.01593
0.01774
0.01726
0.02117
0.01535
0.01659
0.01698
0.02041
0.02022
0.02689
0.02079
0.009727
0.009155
0.0123
0.01841
0.01173
0.02012
0.01583
0.0165
0.01583
0.02079
0.02127
0.01755
0.05693
0.03042
0.02632
0.01221
0.0145
0.01078
0.0102
0.02108
0.01583
0.01364
0.006199
0.008011
0.009251
0.00782
0.01087
0.01183
0.01755
0.01459
0.009632
0.01411
0.01459
0.01574
0.01144
0.0165
0.01984
0.01259
0.02337
0.02079
0.01669
0.01431
0.01421
0.02232
0.02441
0.0288
0.01335
0.01917
0.02289
0.01011
0.01669
0.02279
0.01717
0.02117
0.01802
0.02356
0.02193
0.01516
0.01154
0.01926
0.0145
0.01211
0.01707
0.009537
0.01402
0.01888
0.0247
0.01574
0.01917
0.01392
0.01488
0.01812
0.03166
0.01707
0.02127
0.02079
0.01822
0.01726
0.02508
0.03357
0.03014
0.03204
0.0227
0.02317
0.02022
0.02022
0.0288
0.0267
0.0248
0.03195
0.03166
0.03586
0.0186
0.02184
0.01335
0.01793
0.01354
0.0123
0.01698
0.01316
0.01602
0.01812
0.01659
0.0186
0.02079
0.01755
0.01535
0.01163
0.01183
0.01364
0.01574
0.01087
0.009441
0.01068
0.006771
0.007343
0.04768
0.008011
0.009155
0.01144
0.01202
0.01202
0.01373
0.01459
0.0186
0.01736
0.01898
0.01802
0.0124
0.01249
0.01068
0.00906
0.008869
0.01717
0.02384
0.01221
0.01459
0.01259
0.009727
0.02155
0.01411
0.007153
0.01402
0.007343
0.009727
0.01097
0.01707
0.01554
0.01354
0.01411
0.0165
0.0247
0.02356
0.0186
0.0227
0.01831
0.02222
0.01659
0.01688
0.02098
0.02012
0.01831
0.02022
0.02594
0.01831
0.01993
0.02823
0.01526
0.01631
0.01345
0.01745
0.01879
0.0144
0.01736
0.01631
0.01268
0.02451
0.01755
0.01507
0.01965
0.02127
0.02995
0.02861
0.03185
0.03052
0.03605
0.03004
0.03271
0.02146
0.01993
0.02089
0.0268
0.02079
0.0205
0.02947
0.02241
0.02518
0.03338
0.0308
0.01307
0.01717
0.01202
0.0123
0.01478
0.01221
0.01211
0.01564
0.009537
0.004673
0.01001
0.008297
0.00515
0.007153
0.004959
0.00658
0.004959
0.007725
0.006676
0.008774
0.01488
0.009251
0.01259
0.01869
0.01383
0.01373
0.01125
0.01383
0.01078
0.01135
0.01526
0.02909
0.02193
0.01926
0.02375
0.01726
0.01764
0.01783
0.01726
0.02251
0.01335
0.008869
0.01307
0.0144
0.01736
0.01268
0.01326
0.01392
0.01116
0.01488
0.01345
0.01249
0.008583
0.005817
0.009918
0.00906
0.01335
0.01307
0.008011
0.009632
0.01278
0.01135
0.01173
0.009727
0.008965
0.008488
0.008488
0.01965
0.01249
0.01593
0.01326
0.01831
0.01526
0.01354
0.01469
0.01297
0.01507
0.01278
0.01411
0.0124
0.01478
0.02079
0.01307
0.01173
0.01326
0.01259
0.01297
0.04511
0.05751
0.04234
0.03996
0.03004
0.01593
0.0227
0.02146
0.01631
0.01984
0.02394
0.01764
0.02022
0.01564
0.05236
0.0226
0.01888
0.02518
0.02403
0.01984
0.007439
0.008202
0.01221
0.01841
0.01564
0.01402
0.01106
0.01793
0.01059
0.01135
0.0164
0.01326
0.01907
0.0205
0.01869
0.02079
0.01574
0.01822
0.01774
0.009346
0.01659
0.0164
0.01669
0.009918
0.01516
0.01383
0.01898
0.01593
0.01802
0.0145
0.01822
0.01173
0.008297
0.01287
0.01678
0.01526
0.01936
0.01545
0.01316
0.01583
0.01354
0.0102
0.01078
0.01726
0.0186
0.01373
0.01516
0.01183
0.02165
0.02537
0.02222
0.01926
0.03338
0.0268
0.03862
0.0267
0.0308
0.04616
0.03595
0.03147
0.02394
0.02575
0.02527
0.03071
0.03853
0.04253
0.0371
0.01783
0.02108
0.02251
0.01841
0.01459
0.06428
0.01087
0.03548
0.0144
0.01497
0.01192
0.0185
0.01574
0.02861
0.02384
0.02155
0.0227
0.02203
0.01774
0.01125
0.01125
0.01144
0.006962
0.006676
0.00782
0.006771
0.01116
0.01011
0.008583
0.009441
0.008965
0.008965
0.009155
0.00639
0.007343
0.004578
0.003242
0.004768
0.009251
0.006866
0.01259
0.01745
0.00782
0.007248
0.007725
0.01087
0.01078
0.009441
0.01001
0.008106
0.007534
0.007343
0.008678
0.01068
0.01535
0.01116
0.008392
0.006866
0.006008
0.009251
0.008106
0.01469
0.01268
0.008965
0.0124
0.01421
0.01469
0.01297
0.01793
0.02632
0.0246
0.0186
0.01993
0.03262
0.02918
0.02432
0.0165
0.02241
0.02108
0.0205
0.02317
0.02127
0.01736
0.01574
0.02451
0.07305
0.02632
0.01898
0.02718
0.02508
0.01822
0.02937
0.01764
0.01707
0.01898
0.01602
0.02298
0.02871
0.02098
0.02537
0.05112
0.0351
0.03033
0.02699
0.02794
0.03414
0.02079
0.01926
0.0104
0.01478
0.01984
0.02174
0.02651
0.02775
0.02031
0.02174
0.02613
0.02089
0.01202
0.01945
0.01001
0.009918
0.01221
0.01001
0.01173
0.01125
0.007915
0.01211
0.008011
0.008678
0.009632
0.008869
0.007725
0.01125
0.01659
0.01402
0.0185
0.0164
0.02031
0.01469
0.01163
0.01144
0.01249
0.007915
0.01373
0.01488
0.01192
0.01631
0.009155
0.01535
0.01554
0.0185
0.01907
0.02575
0.01802
0.01755
0.01097
0.0144
0.0185
0.01087
0.01535
0.01087
0.02193
0.03204
0.01221
0.01297
0.01526
0.01678
0.01526
0.01888
0.04387
0.02489
0.01221
0.01822
0.02098
0.09356
0.01841
0.01507
0.02174
0.01888
0.02041
0.0268
0.04339
0.03471
0.03815
0.02146
0.0329
0.04215
0.03462
0.03042
0.03719
0.0289
0.01469
0.02232
0.03862
0.02108
0.01631
0.01249
0.01431
0.02193
0.01564
0.01364
0.0124
0.01135
0.01221
0.01554
0.01888
0.01488
0.01831
0.01373
0.01278
0.01659
0.02241
0.02108
0.01535
0.04663
0.02422
0.02108
0.02241
0.01993
0.01354
0.01917
0.01574
0.01259
0.01268
0.009155
0.008011
0.008297
0.009632
0.01383
0.009537
0.01125
0.01507
0.01497
0.0164
0.01554
0.01354
0.01583
0.01059
0.01135
0.01431
0.01659
0.01307
0.0103
0.009155
0.01593
0.01068
0.01097
0.01593
0.0185
0.01297
0.01841
0.01984
0.01898
0.0247
0.01926
0.01049
0.0123
0.01316
0.01078
0.02851
0.0205
0.01287
0.007248
0.01202
0.02241
0.0186
0.008869
0.007915
0.02728
0.02136
0.01535
0.01793
0.02632
0.01326
0.01707
0.02041
0.02708
0.01879
0.0186
0.01383
0.01898
0.02451
0.02832
0.033
0.02937
0.03099
0.07486
0.02766
0.04416
0.04234
0.05655
0.05379
0.03481
0.0351
0.03796
0.03309
0.01955
0.01802
0.01869
0.0104
0.01945
0.02022
0.02174
0.01221
0.01049
0.01469
0.01364
0.01183
0.0123
0.008297
0.00782
0.007153
0.01221
0.01144
0.009918
0.01106
0.008392
0.0103
0.003433
0.00639
0.006866
0.0103
0.006676
0.007534
0.00782
0.008869
0.06914
0.01125
0.01173
0.009632
0.008678
0.0103
0.0103
0.007153
0.01154
0.00906
0.01278
0.01068
0.01068
0.007915
0.008583
0.008011
0.01278
0.008011
0.007343
0.008392
0.004768
0.007629
0.01459
0.02308
0.01059
0.01097
0.009537
0.009251
0.01316
0.01287
0.02098
0.01764
0.009155
0.01488
0.01516
0.01202
0.02451
0.02117
0.02422
0.0205
0.01888
0.02193
0.01755
0.02403
0.02213
0.01707
0.02337
0.02117
0.01869
0.01631
0.02098
0.02089
0.01745
0.02203
0.02613
0.02069
0.02298
0.01564
0.02279
0.02365
0.02451
0.02432
0.01965
0.0185
0.01297
0.01516
0.01793
0.01221
0.01497
0.01307
0.02842
0.0289
0.03586
0.04148
0.03319
0.01717
0.0536
0.0268
0.02117
0.008774
0.007725
0.007915
0.01717
0.01564
0.007153
0.01144
0.01364
0.01068
0.008297
0.005817
0.004578
0.007343
0.006676
0.008488
0.007248
0.00515
0.01059
0.01068
0.01278
0.01335
0.01116
0.01554
0.01602
0.01822
0.01431
0.0145
0.01087
0.01259
0.02079
0.01812
0.009346
0.02203
0.01488
0.01726
0.01431
