0.02441
0.03777
0.02317
0.0267
0.02518
0.01993
0.02556
0.02851
0.02117
0.02499
0.02327
0.02632
0.02356
0.02441
0.02165
0.02375
0.01965
0.02689
0.02098
0.02213
0.02422
0.0288
0.0371
0.02708
0.02165
0.02384
0.02871
0.02384
0.02289
0.02632
0.02804
0.02203
0.02136
0.02956
0.02213
0.0226
0.02499
0.02594
0.02422
0.03481
0.02403
0.02422
0.02785
0.02537
0.02165
0.02422
0.02365
0.02499
0.0288
0.0268
0.02193
0.02661
0.02346
0.02232
0.02003
0.03119
0.01822
0.02031
0.01945
0.02327
0.02193
0.01755
0.01945
0.02365
0.0164
0.02584
0.01755
0.02995
0.01831
0.01917
0.02356
0.02346
0.03901
0.02384
0.0205
0.02213
0.01574
0.02289
0.02546
0.02728
0.0247
0.02413
0.02365
0.01984
0.0247
0.02022
0.02384
0.02289
0.02775
0.01898
0.02203
0.02203
0.02022
0.02089
0.02356
0.02031
0.0227
0.02251
0.02222
0.01936
0.02995
0.03052
0.01841
0.01669
0.03223
0.02184
0.02003
0.03414
0.0226
0.02327
0.02804
0.01907
0.01793
0.0227
0.02413
0.01822
0.02089
0.02413
0.0186
0.02146
0.02422
0.0247
0.0247
0.03519
0.02117
0.0226
0.02203
0.0226
0.02518
0.02127
0.02298
0.0288
0.04311
0.03185
0.02403
0.02193
0.02337
0.02279
0.02508
0.02108
0.02346
0.02956
0.02394
0.02079
0.02451
0.02565
0.02422
0.02127
0.02708
0.01984
0.03128
0.02022
0.02203
0.02441
0.02985
0.02584
0.02251
0.02918
0.02165
0.02575
0.02527
0.02356
0.03424
0.01822
0.02327
0.02289
0.02575
0.02594
0.02632
0.03023
0.02785
0.02089
0.02632
0.02117
0.01879
0.02432
0.02213
0.02346
0.02403
0.03672
0.02089
0.02537
0.02251
0.0206
0.02089
0.02346
0.02213
0.0247
0.02441
0.01812
0.02127
0.02613
0.0246
0.0246
0.02661
0.02289
0.02384
0.01898
0.02651
0.02546
0.02298
0.02947
0.02661
0.02222
0.02747
0.02213
0.02279
0.02193
0.02356
0.02327
0.02403
0.0349
0.0247
0.02432
0.02575
0.03433
0.02213
0.02317
0.0267
0.02165
0.02079
0.0226
0.02375
0.03042
0.03023
0.03366
0.02413
0.02298
0.02728
0.01726
0.02251
0.01926
0.02747
0.02022
0.02451
0.03014
0.02193
0.02069
0.02069
0.02775
0.02222
0.02165
0.0289
0.02565
0.02279
0.03071
0.02832
0.01888
0.02193
0.0185
0.02308
0.01974
0.0206
0.02174
0.0227
0.02203
0.02031
0.01984
0.02155
0.01554
0.0226
0.02031
0.02184
0.02079
0.02222
0.02594
0.02394
0.02117
0.02222
0.02155
0.02146
0.02689
0.02604
0.02546
0.02031
0.02222
0.02689
0.02289
0.0226
0.02537
0.02213
0.0247
0.01698
0.03147
0.02041
0.0206
0.02184
0.02022
0.02041
0.02527
0.01993
0.0248
0.01955
0.01812
0.02251
0.01621
0.01955
0.02451
0.0205
0.02794
0.02337
0.01774
0.02289
0.02451
0.0205
0.0226
0.02203
0.01726
0.02327
0.01898
0.02594
0.01869
0.02737
0.07191
0.02432
0.02041
0.01898
0.02527
0.02079
0.02413
0.02623
0.02089
0.0247
0.02394
0.02832
0.01659
0.02174
0.02203
0.02098
0.01879
0.01945
0.02079
0.01831
0.02012
0.01974
0.02079
0.01812
0.02346
0.02117
0.02375
0.02089
0.02232
0.01698
0.02165
0.02708
0.02451
0.01831
0.02203
0.01793
0.01888
0.03033
0.01907
0.02213
0.02308
0.01965
0.02136
0.01755
0.02203
0.01917
0.02165
0.02308
0.01831
0.01822
0.02308
0.02193
0.04244
0.02642
0.0206
0.01898
0.01526
0.06208
0.02251
0.01631
0.01917
0.02146
0.01936
0.02718
0.02451
0.01822
0.02337
0.02375
0.02279
0.02289
0.02089
0.02222
0.02546
0.02146
0.02298
0.02136
0.02403
0.02098
0.02365
0.03042
0.02337
0.02365
0.02384
0.02203
0.02022
0.01783
0.02203
0.02518
0.02012
0.02069
0.02785
0.02069
0.01955
0.02327
0.02632
0.01907
0.01974
0.02995
0.01974
0.02031
0.02384
0.02651
0.01917
0.02222
0.02213
0.02174
0.03042
0.02708
0.01793
0.02356
0.02937
0.02623
0.01984
0.02155
0.02136
0.01841
0.02146
0.01965
0.01593
0.02251
0.02193
0.03281
0.02127
0.01898
0.01936
0.01936
0.02241
0.02165
0.02222
0.02308
0.02298
0.02108
0.01831
0.02174
0.02089
0.02451
0.02966
0.02279
0.01974
0.02375
0.02451
0.02337
0.02708
0.02661
0.02546
0.02384
0.01926
0.02174
0.0226
0.02203
0.03262
0.02422
0.02728
0.02356
0.01945
0.02089
0.02232
0.02022
0.02346
0.02499
0.01802
0.02174
0.04206
0.02022
0.02241
0.02108
0.02098
0.01955
0.02232
0.02556
0.01831
0.02575
0.02127
0.02308
0.02928
0.01993
0.02289
0.02289
0.01888
0.02661
0.02222
0.02213
0.02356
0.02317
0.02174
0.03328
0.02584
0.0268
0.02136
0.02995
0.02279
0.02079
0.02184
0.02165
0.02308
0.03071
0.02184
0.02251
0.02089
0.02499
0.02117
0.02184
0.02594
0.02184
0.0226
0.02394
0.02594
0.02003
0.02108
0.01926
0.02117
0.02098
0.01945
0.02718
0.02317
0.02079
0.02375
0.01726
0.02346
0.02003
0.0226
0.0206
0.02079
0.02203
0.03204
0.0226
0.01888
0.02213
0.02584
0.02127
0.02146
0.02203
0.02117
0.02327
0.02193
0.02165
0.0185
0.02851
0.02966
0.02213
0.0268
0.03357
0.02213
0.01965
0.02079
0.02165
0.02041
0.02165
0.0268
0.01602
0.02394
0.0205
0.01831
0.02232
0.02136
0.02403
0.02222
0.02966
0.02232
0.01554
0.02012
0.0206
0.02623
0.02747
0.02079
0.02031
0.02041
0.01783
0.02728
0.01469
0.02117
0.01926
0.02232
0.01717
0.01812
0.02651
0.02298
0.0248
0.0227
0.02136
0.02213
0.02022
0.02213
0.02089
0.02022
0.02527
0.03099
0.02165
0.01802
0.01755
0.02117
0.02165
0.01583
0.02022
0.02232
0.0205
0.0246
0.01783
0.02213
0.02203
0.02241
0.02146
0.02079
0.02174
0.02136
0.01841
0.02041
0.02584
0.0206
0.02155
0.02861
0.02317
0.02451
0.02279
0.02775
0.02251
0.02127
0.02337
0.02413
0.02766
0.02337
0.02041
0.02384
0.02689
0.02069
0.02432
0.02422
0.02136
0.02337
0.02069
0.0246
0.0248
0.02136
0.02432
0.02518
0.02203
0.02012
0.02165
0.02213
0.02403
0.01945
0.02298
0.02508
0.02146
0.03166
0.01974
0.02289
0.02279
0.0226
0.02441
0.02432
0.02937
0.01965
0.02041
0.02489
0.02422
0.02623
0.02117
0.02546
0.02003
0.02451
0.02203
0.02413
0.02003
0.02012
0.02499
0.01879
0.02251
0.01917
0.02527
0.02413
0.02193
0.03004
0.0247
0.01974
0.02279
0.0248
0.02174
0.02069
0.02584
0.0226
0.0247
0.0226
0.0226
0.02451
