31.59
23.61
16.72
19.58
13.01
12.32
31.25
31.1
17.72
16.09
18.14
14.58
18.75
3.308
0.1459
0.04168
0.02604
0.02604
0.02604
0.02604
0.02079
0.03128
10.14
13.6
17.85
16.33
20.12
29.0
31.84
14.45
15.33
13.11
13.28
18.73
14.67
17.41
16.53
27.39
28.56
20.48
22.22
34.96
34.77
36.04
33.64
32.23
33.69
24.61
15.72
13.94
9.302
29.88
34.28
35.94
35.94
33.25
32.96
30.96
19.63
12.06
15.99
12.28
1.761
33.5
35.84
35.94
35.06
32.91
35.16
27.25
13.89
17.21
16.36
29.93
31.05
18.12
14.48
17.21
15.11
16.48
15.87
26.42
28.61
23.02
18.33
7.983
33.15
34.67
35.21
35.5
31.98
34.86
27.49
15.77
14.94
16.87
17.38
14.21
26.61
27.69
23.22
15.16
17.21
16.26
20.14
28.56
30.13
17.48
18.12
13.06
26.95
33.64
34.18
35.21
32.62
34.77
26.46
16.99
17.82
18.68
19.41
18.65
15.58
18.51
20.04
18.26
12.82
21.7
30.03
30.66
12.87
23.56
35.74
35.64
36.18
32.52
34.72
25.83
8.459
34.81
35.06
35.79
35.6
33.59
32.08
21.95
15.41
16.36
18.87
25.73
30.08
30.03
7.91
22.92
35.35
35.6
34.91
31.2
25.39
25.34
23.0
16.92
35.3
35.89
33.59
34.81
33.01
29.54
20.51
19.21
20.19
17.02
15.55
18.29
17.36
24.56
28.56
27.59
19.68
29.1
28.32
13.89
0.7294
0.2552
0.02604
0.02604
0.02079
0.03128
0.02079
0.02604
0.02604
10.29
4.565
14.7
26.56
29.2
24.73
16.55
21.66
27.93
28.03
19.8
29.83
29.64
15.53
6.396
0.2396
0.05732
0.02079
0.02604
0.02604
0.02604
0.02604
0.02604
0.02604
3.729
20.53
15.43
14.23
13.89
13.84
13.38
10.66
14.16
13.94
13.89
11.91
6.458
14.67
18.26
18.14
18.65
16.31
0.8331
0.4532
0.04168
0.02604
0.02604
0.02604
5.212
15.33
12.72
14.43
13.72
12.67
13.31
10.34
14.65
16.09
18.75
20.46
20.09
15.11
17.26
17.6
17.94
17.55
1.25
0.4997
0.05732
0.02604
0.03128
0.02604
0.02604
10.75
12.92
13.16
18.48
19.56
19.31
13.96
7.141
6.921
13.13
12.87
15.33
17.26
19.43
20.09
6.702
0.5783
0.1249
0.02604
0.02604
0.02079
0.02604
0.02604
11.21
16.97
32.03
27.93
11.55
18.85
22.09
29.74
28.37
14.94
15.26
18.99
17.14
15.38
12.82
0.2239
0.1146
0.02604
0.02604
0.02604
0.02604
0.02079
0.02604
0.02604
0.02604
0.02604
11.18
0.4112
17.26
5.884
0.1459
0.05207
0.02604
0.02079
0.02604
0.02079
0.02604
0.02079
0.02604
0.02079
0.02604
0.02079
0.02604
0.02604
0.02604
0.02079
0.02604
0.02604
0.02604
0.02604
9.46
0.1249
0.0885
0.02079
0.02604
0.02079
0.02604
0.02604
0.02604
0.02079
0.02604
0.02604
0.02604
0.02079
0.02604
0.02079
0.02604
0.02079
0.02604
0.02079
0.02604
0.02079
5.402
9.521
31.45
34.96
14.4
30.76
37.89
40.38
40.62
39.5
37.45
39.84
39.06
36.47
34.57
31.98
29.98
29.15
31.74
38.04
36.87
37.99
24.61
29.74
40.87
41.16
36.91
33.45
33.35
22.53
32.42
39.45
0.0
33.06
36.67
0.0
36.87
37.89
38.96
39.75
39.55
39.36
39.99
40.38
40.87
40.53
40.72
39.89
40.14
41.06
29.74
40.33
40.62
41.65
38.09
33.98
34.86
14.33
41.11
40.58
40.58
38.82
40.67
40.33
40.43
39.55
39.45
39.26
39.21
40.19
38.62
37.01
33.94
32.28
40.87
38.82
39.01
32.91
32.96
32.32
17.38
38.53
35.69
33.35
39.01
39.79
38.23
39.6
38.87
40.09
40.53
40.33
40.43
39.84
38.23
35.01
18.46
24.17
27.78
31.88
33.69
31.05
29.1
29.05
24.51
14.97
23.41
24.85
26.32
27.15
29.35
30.13
35.74
38.48
39.65
39.45
39.7
38.96
40.19
40.72
39.21
40.62
31.25
40.14
39.7
39.4
35.94
33.5
32.76
23.34
24.44
37.21
38.09
39.5
38.67
37.79
36.43
38.33
37.89
38.23
37.4
37.79
36.82
37.7
39.11
38.82
30.52
40.87
41.41
41.16
31.69
33.35
32.81
14.72
31.05
38.04
35.89
36.04
37.01
38.67
38.33
38.96
37.16
36.04
36.18
35.79
36.43
38.87
41.11
39.4
28.22
40.28
42.68
43.12
37.6
35.69
35.01
15.48
38.33
40.14
38.53
36.72
35.79
38.82
39.94
39.4
38.96
39.65
39.21
39.01
39.4
38.04
38.48
26.9
38.57
41.36
41.99
38.77
35.35
35.11
23.14
33.98
39.79
35.35
20.41
41.94
40.53
36.82
40.92
18.53
40.33
39.89
36.62
39.89
13.55
29.25
40.28
37.84
40.92
27.93
32.62
39.16
37.21
19.65
40.23
30.91
31.64
20.02
40.77
33.84
37.79
20.97
40.28
35.74
37.79
18.73
37.11
33.54
34.81
14.4
19.8
21.85
21.95
18.53
17.63
13.87
11.91
21.85
22.83
23.63
25.29
26.76
28.61
27.15
26.46
27.25
26.81
26.61
27.25
28.08
28.76
26.37
21.68
19.31
16.82
16.16
15.67
16.46
15.97
15.41
15.41
15.48
15.92
15.43
15.45
17.38
19.78
21.46
23.22
27.1
29.35
28.47
25.63
22.8
20.75
13.6
16.82
23.88
24.93
25.2
26.03
27.49
40.23
40.58
39.75
38.53
39.55
39.06
39.06
38.96
40.04
39.11
38.53
28.81
39.89
41.89
42.24
37.16
32.96
34.03
17.68
36.47
40.09
37.94
36.87
36.77
35.21
32.86
30.91
30.08
29.64
30.57
27.93
28.66
29.44
28.96
30.76
32.52
31.49
28.47
26.95
30.22
29.15
30.32
29.35
25.44
25.2
27.64
26.12
20.09
24.66
24.78
23.8
15.67
25.15
19.6
21.29
24.66
22.83
14.94
26.37
6.494
0.531
22.0
6.628
17.46
22.17
22.78
25.2
15.33
15.19
13.5
19.7
20.95
15.19
15.21
21.02
21.95
20.14
20.63
20.78
20.02
18.87
24.22
25.98
31.15
28.81
12.55
21.31
19.34
21.12
22.05
21.61
25.1
28.08
29.39
17.41
19.34
20.51
19.85
22.66
29.1
30.37
20.04
20.83
19.87
18.85
19.43
18.16
19.24
26.27
29.49
27.25
7.935
31.01
32.32
32.23
32.13
31.05
31.1
32.37
34.57
33.15
33.59
33.15
32.67
32.81
32.57
32.23
33.89
32.52
30.71
33.64
18.12
16.5
27.25
33.4
33.59
32.86
29.54
30.27
29.79
19.34
11.01
15.19
16.7
19.7
18.7
14.99
25.98
32.32
19.21
16.19
17.82
32.71
32.28
9.131
0.7736
0.2018
0.02604
0.0247
0.0247
0.0247
0.02604
0.02346
0.02604
0.02346
0.02737
0.02346
0.02604
0.0247
0.02604
0.02346
0.0247
0.0247
0.02604
0.0247
0.02604
0.02346
12.89
15.19
15.23
15.33
16.06
27.98
31.74
17.36
