0.02394
0.02499
0.02956
0.02146
0.02394
0.03395
0.05302
0.02899
0.02499
0.0246
0.02623
0.03405
0.02365
0.02422
0.02661
0.02432
0.02537
0.02441
0.02222
0.02699
0.02394
0.02308
0.0247
0.02356
0.01888
0.02384
0.1392
0.0205
0.02384
0.02127
0.02394
0.02642
0.02632
0.02613
0.02632
0.02203
0.02232
0.02737
0.02546
0.03099
0.02918
0.02422
0.02985
0.01888
0.02508
0.02928
0.02804
0.02556
0.02346
0.02556
0.02232
0.03424
0.02995
0.03357
0.02937
0.0268
0.0206
0.02012
0.02422
0.02308
0.02165
0.02232
0.01631
0.02213
0.01574
0.02136
0.0267
0.0206
0.01917
0.02413
0.02108
0.01736
0.0185
0.01783
0.01869
0.02146
0.01955
0.0185
0.02203
0.02508
0.03052
0.02327
0.02108
0.02184
0.02346
0.01965
0.02155
0.01993
0.0186
0.01621
0.02375
0.0205
0.01984
0.01869
0.02117
0.01812
0.01774
0.02184
0.02022
0.01717
0.02031
0.008392
0.0
0.1116
0.02441
0.01755
0.01574
0.02022
0.01841
0.02012
0.02413
0.02241
0.01621
0.01736
0.02451
0.01726
0.01812
0.01659
0.01917
0.03223
0.01945
0.02489
0.02394
0.02174
0.01984
0.0185
0.02089
0.01822
0.02174
0.02041
0.0227
0.02069
0.01612
0.03042
0.0185
0.02327
0.01612
0.02079
0.02623
0.01736
0.02556
0.01755
0.0248
0.0004768
0.02232
0.01793
0.01936
0.01755
0.01965
0.03119
0.01841
0.02069
0.02136
0.01888
0.02012
0.01945
0.01917
0.01688
0.01602
0.01688
0.02003
0.01688
0.0205
0.02213
0.01907
0.02756
0.01755
0.04463
0.0556
0.05093
0.04339
0.05045
0.05846
0.04568
0.06227
0.05865
0.05388
0.04883
0.3113
0.05436
0.05894
0.05741
0.05503
0.0555
0.05569
0.05913
0.05999
0.05417
0.04454
0.0495
0.05856
0.05283
0.05808
0.05226
0.06046
0.04635
0.05589
0.05369
0.04997
0.0598
0.05836
0.06008
0.06313
0.05503
0.05484
0.05817
0.06294
0.05913
0.06227
0.06733
0.06771
0.07105
0.0555
0.06914
0.0639
0.05627
0.05341
0.05512
0.06857
0.05465
0.06609
0.1057
0.05493
0.06266
0.06199
0.05617
0.04044
0.05951
0.06676
0.05989
0.07124
0.06809
0.06456
0.06742
0.05741
0.06342
0.06199
0.05789
0.06008
0.05751
0.06056
0.05865
0.05932
0.0577
0.02985
0.05331
0.0556
0.0597
0.05808
0.05627
0.0596
0.07248
0.06275
0.06294
0.06657
0.04721
0.06046
0.05827
0.0597
0.05989
0.05493
0.06762
0.06685
0.05655
0.0514
0.06275
0.0598
0.06428
0.0639
0.06113
0.05741
0.05827
0.05589
0.06361
0.05779
0.04635
0.0618
0.05226
0.04807
0.0535
0.05455
0.05417
0.05121
0.05941
0.06151
0.05379
0.05074
0.06008
0.05178
0.06647
0.07038
0.06104
0.06237
0.05884
0.05331
0.05817
0.05035
0.04835
0.05884
0.06008
0.06237
0.0639
0.06361
0.05598
0.05865
0.04978
0.05722
0.05569
0.05865
0.0617
0.04396
0.05341
0.06256
0.04826
0.06685
0.0495
0.0598
0.04644
0.05703
0.04921
0.05302
0.05178
0.05722
0.06456
0.0658
0.05569
0.05445
0.06094
0.05188
0.04673
0.04854
0.04225
0.0473
0.04692
0.04692
0.04816
0.04711
0.03862
0.04253
0.03853
0.03538
0.03786
0.03719
0.04148
0.03929
0.03624
0.03672
0.03729
0.03529
0.03452
0.037
0.04435
0.04787
0.04616
0.1017
0.04616
0.03929
0.03805
0.04225
0.03843
0.04873
0.05064
0.04578
0.03452
0.03538
0.03471
0.033
0.03242
0.035
0.04339
0.02823
0.03843
0.03386
0.03119
0.03166
0.03309
0.03376
0.03948
0.03967
0.04063
0.04482
0.03214
0.03672
0.04549
0.03376
0.03338
0.03147
0.02794
0.02985
0.02909
0.02708
0.02699
0.02489
0.02842
0.01726
0.02184
0.0206
0.02584
0.02375
0.02451
0.02909
0.02155
0.01926
0.02222
0.02432
0.02069
0.01945
0.02403
0.02518
0.02317
0.0289
0.0288
0.02432
0.02909
0.02708
0.02508
0.02232
0.03014
0.02623
0.06523
0.02365
0.02708
0.02584
0.02871
0.02689
0.02556
0.02966
0.02365
0.02632
0.02193
0.02794
0.03366
0.02861
0.02842
0.03185
0.03376
0.02575
0.03109
0.03281
0.02775
0.02403
0.02575
0.02623
0.02584
0.02813
0.02909
0.02451
0.02575
0.02308
0.02308
0.02384
0.01888
0.02432
0.02337
0.0206
0.02203
0.02089
0.02232
0.02251
0.02365
0.02184
0.02079
0.02146
0.02317
0.02022
0.02108
0.01621
0.01955
0.01783
0.02108
0.01764
0.02527
0.0227
0.01974
0.0288
0.03872
0.0452
0.03939
0.03939
0.04168
0.04377
0.0392
0.05035
0.0433
0.03347
0.03633
0.0453
0.03729
0.03672
0.03338
0.02699
0.03452
0.02871
0.03786
0.03252
0.02766
0.02747
0.02947
0.02766
0.03204
0.02594
0.1089
0.02832
0.02794
0.03424
0.0391
0.03929
0.04225
0.03996
0.03958
0.05283
0.04177
0.04492
0.04101
0.04177
0.05836
0.04969
0.04749
0.05484
0.04835
0.0515
0.05198
0.04663
0.04625
0.05035
0.04959
0.04759
0.04463
0.04663
0.04683
0.05026
0.04377
0.04988
0.04473
0.04339
0.04721
0.04368
0.04959
0.05674
0.05941
0.0493
0.04635
0.04301
0.04292
0.04778
0.0535
0.05131
0.04215
0.04826
0.04807
0.0432
0.0432
0.04063
0.04215
0.04873
0.04139
0.05741
0.03719
0.04063
0.04253
0.04015
0.04883
0.04978
0.04396
0.0453
0.0494
0.04864
0.06027
0.08163
0.04635
0.03557
0.04597
0.05159
0.04377
0.04902
0.03901
0.04511
0.04902
0.05007
0.04396
0.03595
0.05198
0.05016
0.04692
0.04101
0.04568
0.04997
0.04654
0.04597
0.0473
0.04835
0.03796
0.04969
0.05436
0.05903
0.04749
0.04644
0.04721
0.04692
0.0639
0.05732
0.04511
0.04177
0.03853
0.0412
0.03538
0.04349
0.04539
0.05207
0.04864
0.0535
0.04463
0.04416
0.04911
0.04072
0.05016
0.04702
0.05426
0.04692
0.04807
0.04845
0.04282
0.04063
0.05455
0.04597
0.04406
0.0391
0.03748
0.04721
0.04063
0.03433
0.03767
0.03538
0.04187
0.04997
0.04292
0.072
0.04625
0.04091
0.04673
0.04072
0.0391
0.03691
0.05722
0.0391
0.03433
0.03309
0.03548
0.03777
0.03252
0.03729
0.0351
0.04463
0.03471
0.03624
0.0411
0.03481
0.03757
0.03138
0.02327
0.02213
0.02613
0.03242
0.02918
0.01974
0.02298
0.02556
0.02537
0.02098
0.02689
0.02146
0.02584
0.02508
0.03214
0.02718
0.02403
0.02766
0.02794
0.02337
0.02594
0.0288
0.03099
0.03128
0.03147
0.02527
0.02203
0.01974
0.02413
0.02623
0.02909
0.03281
0.02565
0.02289
0.02899
0.02184
0.02937
0.03109
0.0267
0.02947
0.03471
0.02842
0.02413
0.02508
0.03052
0.02794
0.05894
0.0267
0.02947
0.02079
0.02575
0.02451
0.02365
0.02708
0.02785
0.02403
0.07877
0.02298
0.02251
0.02165
0.02279
0.02298
0.02356
0.0268
0.03061
0.02251
0.02575
0.02613
0.03033
0.02232
0.02317
0.02489
0.02413
0.01917
0.02708
0.02079
0.02689
0.02308
0.02317
0.02184
0.02499
0.02432
0.02375
0.02527
0.02346
0.02422
0.0268
0.02394
0.03147
0.02089
0.02766
0.02308
0.02337
0.02146
0.0227
0.0227
0.02327
0.01583
0.02117
0.02642
0.0248
0.02489
0.02451
0.02413
0.02365
0.02089
0.03557
0.04177
0.04511
0.04578
0.05322
0.06371
0.05245
0.05121
0.05293
0.05302
0.04902
0.05531
0.04053
0.04644
0.04454
0.04196
0.04702
0.04005
0.03881
0.04196
0.03481
0.1741
0.04578
0.04835
0.04787
0.05054
0.0576
0.05636
0.04911
0.05255
0.05589
0.04911
0.05541
0.04215
0.04711
0.04711
0.04759
0.04644
0.05627
0.05407
0.04902
0.05026
0.04997
0.0452
0.0495
0.0432
0.05226
0.05264
0.05417
0.05322
0.05007
0.05102
0.05541
0.05484
0.06714
0.04387
0.04988
0.04797
0.04444
0.05217
0.04625
0.03958
0.04787
0.03834
0.03862
0.05026
0.04864
0.05798
0.05264
0.05636
0.04759
0.04892
0.0555
0.06742
0.05884
0.05131
0.04654
0.04692
0.05846
0.03119
0.04845
0.04921
0.05322
0.04511
0.04272
0.0411
0.0514
0.04034
0.05188
0.05274
0.04654
0.04349
0.03691
0.04082
0.04559
0.03777
0.04225
0.04435
0.04501
0.04625
0.0411
0.04025
0.04501
0.04845
0.0432
0.04711
0.0392
0.0494
0.03843
0.04072
0.04797
0.04864
