29.2
30.37
18.07
14.77
15.8
14.67
16.06
17.33
17.63
15.82
17.36
13.99
18.36
14.33
0.1902
0.1041
0.0247
0.02346
0.02604
0.02213
0.02604
0.02346
0.1616
16.43
13.82
14.62
14.36
8.936
9.558
30.03
30.32
15.89
27.88
29.3
22.27
29.25
31.05
10.73
29.54
33.35
32.96
33.25
32.28
31.93
30.37
16.26
12.32
29.54
29.64
14.82
14.06
16.02
14.18
18.07
16.43
14.62
17.7
12.02
27.15
34.23
33.98
34.47
31.59
34.23
28.42
14.65
33.35
34.03
33.94
33.98
32.18
31.1
18.68
15.21
14.5
16.41
14.43
19.14
26.37
30.37
19.75
15.53
14.04
15.5
26.95
29.74
16.55
28.12
33.84
34.23
34.23
31.54
32.57
22.07
20.53
29.74
28.91
25.73
30.52
18.8
16.06
16.75
15.48
21.26
33.74
33.45
33.2
30.13
33.45
25.83
12.26
33.06
34.18
34.23
33.64
31.59
30.76
19.7
17.04
26.76
30.08
19.9
18.24
16.5
15.55
25.29
29.25
26.07
7.764
25.63
30.66
30.81
10.89
25.05
33.4
34.18
34.18
31.88
32.76
27.44
18.16
17.63
16.89
18.12
24.27
29.44
29.49
13.72
19.53
11.8
33.45
34.23
34.03
33.69
31.01
32.96
22.41
17.07
24.9
33.79
33.64
33.79
31.05
33.3
27.15
15.09
18.16
19.41
15.14
16.99
19.82
25.59
31.25
18.48
21.58
11.23
14.72
18.58
18.36
14.09
15.89
9.924
0.1432
0.05732
0.0247
0.02346
0.0247
0.02346
0.02604
0.02346
0.0247
0.2892
15.19
16.5
23.58
28.52
26.9
11.12
17.14
16.99
17.92
12.65
16.31
15.55
18.85
29.3
25.78
0.9079
0.5028
0.03777
0.02861
0.0247
0.02604
0.0247
0.02861
0.02604
13.23
9.351
19.92
28.52
28.42
10.99
15.94
13.26
20.63
29.0
25.29
12.96
21.0
28.47
29.64
6.506
0.6859
0.1459
0.02604
0.0247
0.02604
0.02604
0.02604
0.0247
6.091
7.3
12.74
13.48
13.65
13.35
13.13
13.6
15.62
18.33
19.75
20.24
13.43
9.949
0.2098
0.0742
0.02995
0.02861
0.02995
0.02995
0.02995
0.02737
0.02737
0.0247
0.8179
16.5
17.94
17.8
19.82
14.4
8.582
12.7
15.11
23.97
24.83
16.8
12.96
12.62
0.1602
0.09117
0.02737
0.02346
0.02604
0.02346
0.02604
0.02346
0.02604
4.065
12.7
6.079
15.04
14.6
15.75
6.323
13.84
14.18
3.723
12.11
12.43
10.4
12.74
1.158
0.1289
0.03128
0.02604
0.02346
0.02604
0.02346
0.0247
0.02346
0.0247
0.02346
0.0247
0.02213
0.0247
0.02346
6.616
4.059
0.1003
0.04559
0.0247
0.02213
0.02604
0.02346
0.02604
0.02213
0.02604
0.02213
0.0247
0.02213
0.0247
0.02213
0.02604
0.02213
0.02346
0.02213
0.0247
0.02213
0.02604
0.02213
0.0247
0.02346
0.0247
0.02346
0.02604
0.02346
0.02737
0.02346
0.02604
0.0247
0.02604
0.02346
0.02604
0.0247
0.0247
0.02213
0.0247
0.02346
0.02346
0.02346
7.739
7.776
0.1484
1.025
17.07
12.04
10.68
11.62
11.98
17.21
18.12
17.55
15.04
13.09
13.92
8.594
29.54
33.79
34.03
33.4
33.2
33.45
33.98
33.89
33.11
33.11
33.01
32.67
33.06
33.25
33.45
33.5
33.89
26.61
32.81
33.94
34.23
34.42
29.83
30.08
30.66
9.656
34.03
33.54
34.33
34.86
34.91
35.01
32.91
31.15
32.13
31.1
34.52
34.72
34.96
34.96
34.86
34.96
29.69
31.79
35.6
35.55
35.5
32.57
32.52
31.69
11.08
32.96
33.59
34.42
34.42
33.69
31.98
31.84
30.81
30.03
29.69
29.44
29.79
33.11
32.37
32.71
31.54
32.57
30.03
23.8
34.67
34.72
33.79
32.86
29.98
29.2
24.63
2.927
0.0885
0.03519
0.03252
2.35
20.14
25.63
26.32
26.9
27.25
27.93
26.86
26.61
32.28
33.84
33.69
33.98
33.89
33.54
32.18
31.1
28.91
33.4
33.35
25.54
33.74
33.84
33.94
32.81
29.44
29.79
30.22
10.78
35.01
32.76
30.22
29.15
32.91
34.72
34.03
34.47
35.01
34.57
34.81
34.96
34.67
34.96
34.77
33.79
29.35
28.76
35.45
34.96
35.01
30.96
27.2
30.42
17.97
20.97
34.91
34.81
39.84
44.34
44.38
44.53
44.43
44.43
43.65
44.04
43.8
42.97
42.77
32.76
44.38
44.92
43.46
36.82
37.74
17.68
36.08
43.75
44.04
43.12
43.46
43.36
42.87
40.58
38.13
39.26
42.82
42.97
43.21
39.79
35.5
44.58
44.68
37.3
36.33
36.96
17.48
43.65
35.99
33.54
21.36
42.48
38.92
41.5
25.73
22.41
43.46
39.75
43.46
19.51
44.04
43.02
38.48
40.04
2.313
32.81
44.92
40.43
43.6
24.58
44.38
40.53
45.26
20.83
40.38
38.04
40.62
21.44
43.36
37.4
22.34
42.14
36.91
32.96
32.96
42.14
37.3
20.73
41.75
38.38
35.16
19.24
43.51
37.3
25.78
36.18
41.65
38.13
21.26
27.59
41.94
43.07
43.7
43.6
43.36
43.6
43.75
43.21
42.48
42.72
43.36
43.31
37.84
39.94
45.61
45.46
34.38
36.38
35.06
13.87
43.21
43.8
43.7
42.92
43.07
43.31
43.26
43.6
43.26
43.21
43.21
42.38
42.14
30.37
42.72
44.87
44.78
37.35
37.11
24.85
30.71
43.46
43.95
43.65
43.02
42.38
41.94
42.24
42.29
40.62
40.04
40.14
40.53
41.11
26.46
42.53
44.48
43.55
37.45
36.91
32.08
19.63
34.57
30.81
28.47
25.15
22.02
21.46
19.26
19.63
18.99
18.65
18.51
20.02
22.49
22.07
23.0
23.8
24.54
26.03
34.47
41.31
42.29
35.4
41.89
44.53
45.51
39.7
37.16
33.25
16.77
21.73
14.33
20.19
14.18
17.11
16.14
15.62
20.14
18.65
18.38
26.22
28.32
26.32
25.73
29.3
32.28
20.95
17.85
39.26
43.6
43.41
43.75
43.75
43.46
43.02
41.36
42.19
42.14
42.87
42.77
42.82
34.38
37.45
46.19
45.9
33.98
30.42
28.81
24.34
13.45
23.1
29.59
44.48
43.41
43.7
43.85
44.24
43.65
42.63
43.21
42.72
43.02
43.07
40.82
35.21
45.61
45.8
39.4
36.67
36.62
21.09
22.8
18.8
26.51
37.11
38.43
15.43
17.29
28.66
38.72
26.71
17.55
21.17
39.26
26.76
19.8
20.83
19.97
17.33
19.51
20.65
19.87
38.23
36.87
16.75
15.16
0.2449
0.1171
0.02346
0.02861
4.98
6.165
30.32
42.19
19.51
22.19
40.43
35.4
33.2
38.67
16.89
21.26
23.93
41.31
22.85
25.83
33.06
25.24
0.8118
0.4196
0.02861
0.02604
0.02346
0.02604
0.02346
0.02604
0.02346
0.02604
0.02346
0.02604
0.02346
0.02604
0.02604
0.02604
0.02079
0.02346
0.02079
0.02861
0.02604
0.02604
0.02604
0.9186
14.87
21.34
21.68
35.6
35.99
18.24
24.22
