0.251
0.1589
0.1995
0.3101
0.2892
0.08106
0.1062
0.1474
0.2071
0.2296
0.3342
0.1211
0.0967
0.07
0.2304
0.1703
0.0002861
9.537e-05
9.537e-05
0.005817
0.4211
0.1499
0.1078
0.09441
0.2094
0.2144
0.3902
0.1604
0.1232
0.08745
0.222
0.1287
0.3548
0.1883
0.1289
0.1015
0.2392
0.2407
0.1263
0.882
1.036
0.9583
1.216
1.291
1.566
1.492
1.712
1.572
4.163
1.651
1.956
3.009
1.12
0.7278
0.1732
0.1665
0.325
0.2609
0.2113
0.2506
0.2258
0.1013
0.06924
0.08659
0.3155
0.05436
0.589
1.086
1.051
1.187
1.413
0.9308
1.277
1.111
1.013
1.247
2.792
2.655
1.797
2.884
1.508
0.8972
0.4173
0.272
0.04539
0.1112
0.05732
0.2132
0.2338
0.2106
0.9705
1.239
1.317
1.073
1.003
1.048
1.031
1.167
1.277
4.706
1.709
3.067
1.338
0.7462
0.2247
0.4135
0.3323
0.4082
0.3433
0.1308
0.1612
0.3281
0.1923
1.228
1.373
1.706
1.204
1.718
1.19
1.305
4.968
1.834
1.804
1.311
0.8438
0.06227
1.059
1.195
1.36
1.405
1.161
1.259
1.521
1.517
4.565
1.552
1.663
2.084
1.033
0.4257
0.4265
0.4341
0.1043
0.3983
0.4562
0.3235
0.267
0.222
0.09298
0.07267
0.08268
0.2716
0.1396
0.4517
0.3315
0.1026
0.1049
0.07191
0.185
0.2224
0.08316
0.9888
1.041
1.398
1.14
1.303
1.175
1.213
1.172
3.54
2.029
1.868
3.284
1.108
0.6004
0.4227
0.3601
0.3815
0.0701
0.1341
0.2956
0.09174
0.0
9.537e-05
0.0
0.0
0.0004768
0.006771
0.2583
0.1976
0.1873
0.2243
0.211
0.02012
0.3513
0.2987
0.04835
0.09956
0.06742
0.2254
0.2186
0.2544
0.0474
0.2907
0.2792
0.04721
0.116
0.07429
0.2029
0.2079
0.0005722
0.008869
0.354
0.3601
0.07362
0.09823
0.06428
0.1917
0.2186
0.1329
0.1318
0.4021
0.1818
0.2083
0.2838
0.28
0.0576
0.09489
0.06981
0.1991
0.2007
0.0006676
0.0
0.0
0.0
0.006771
0.2731
0.2796
0.07496
0.06714
0.127
0.2769
0.3819
0.1286
0.1116
0.2453
0.4211
0.2029
0.2377
0.5928
0.1204
0.5905
0.4738
0.3738
9.537e-05
0.0
0.0
0.0
0.0
0.007153
0.3342
0.2747
0.1495
0.1202
0.06638
0.1873
0.2331
0.04673
0.2983
0.2438
0.09232
0.0515
0.1089
0.2563
0.1444
0.2262
0.194
0.2056
0.0
0.0
0.0
0.0
0.0
0.008869
0.2281
0.1722
0.06886
0.2815
0.2811
0.3174
0.00124
0.1051
0.3475
0.1715
0.1093
0.05541
0.1087
0.3052
0.1545
0.1715
0.4868
0.1413
0.04663
0.0
0.0
0.0
0.0
0.004673
0.1467
0.2144
0.4105
0.1619
0.1463
0.3456
0.05808
0.1225
0.2171
0.1829
0.1469
0.12
0.145
0.2148
0.3281
0.1472
0.2666
0.09422
0.0001907
0.0
0.0
0.0
0.0
0.003529
0.119
0.2491
0.1348
0.3624
0.08421
0.1167
0.08545
0.3288
0.4478
0.1812
0.09584
0.4356
0.08411
0.1087
0.1858
0.5112
0.4013
0.1236
0.1068
0.4517
0.1131
0.0002861
0.0
0.01678
0.1793
0.349
0.1396
0.882
0.131
0.3696
0.4547
0.1337
0.136
0.3048
0.1638
0.127
0.09918
0.4166
0.165
0.4898
0.3078
0.1648
0.1263
0.09308
0.3265
0.0988
0.6538
1.082
1.006
1.073
1.46
1.439
1.825
1.788
1.62
1.486
1.53
1.334
1.254
1.277
1.465
1.512
1.59
1.84
1.779
1.666
2.002
2.518
2.719
2.426
4.492
8.777
12.77
12.0
11.1
9.766
7.41
5.682
3.381
1.157
1.91
2.441
2.817
2.408
2.393
2.441
2.371
2.225
1.996
2.267
1.855
1.265
1.146
1.199
1.398
1.189
1.068
1.279
1.367
1.357
1.166
1.245
1.32
1.399
2.271
6.348
6.146
6.177
7.483
8.667
9.082
7.056
6.982
4.535
3.699
4.333
1.749
2.628
0.5028
1.547
1.892
1.947
2.2
2.283
2.176
1.938
1.77
1.611
1.99
1.831
2.045
2.243
1.804
1.999
2.136
2.106
2.097
2.359
2.161
1.984
1.904
7.556
9.9
12.6
11.43
9.851
8.521
4.944
5.89
4.279
2.512
0.2808
2.167
1.602
1.332
1.825
1.791
2.423
2.075
1.874
1.859
1.764
1.538
2.136
1.886
1.627
1.721
1.791
1.965
1.892
1.892
2.188
2.209
2.136
4.175
6.75
8.276
6.122
9.839
7.861
8.325
6.628
7.422
4.73
4.724
2.634
2.301
1.91
0.2304
1.648
1.651
1.761
2.066
2.332
2.179
2.185
2.139
2.002
1.849
1.492
1.424
1.62
1.59
1.767
1.401
2.148
1.904
2.066
1.816
1.54
1.436
3.302
6.287
9.619
12.01
10.66
11.08
8.032
4.779
5.817
3.986
2.499
1.118
1.144
1.654
2.808
4.59
4.169
1.361
1.797
1.228
1.201
1.227
3.741
4.156
2.036
1.382
0.5104
1.485
2.026
4.279
1.134
0.2094
1.018
1.135
1.41
4.352
1.624
0.8118
0.4066
0.9415
1.335
3.247
3.259
1.395
0.1503
1.122
1.311
2.368
3.656
1.981
0.914
0.1923
0.1226
0.08879
0.3124
0.1616
0.9506
1.341
2.066
3.522
1.357
0.1211
1.654
1.92
2.011
2.209
2.17
2.383
2.289
2.289
2.054
1.993
2.185
2.335
2.319
2.036
2.026
1.804
1.562
1.672
1.605
1.697
1.12
1.201
6.86
5.804
7.117
6.702
10.63
7.324
9.045
8.203
7.153
3.815
1.651
2.557
2.612
2.972
3.03
3.122
3.253
3.168
2.774
2.875
3.015
3.174
3.467
3.412
3.65
4.852
5.31
4.742
2.325
4.681
3.851
6.982
5.377
5.823
4.053
4.883
6.25
3.198
3.223
3.033
3.073
2.615
1.222
2.618
0.1968
1.43
1.155
1.175
1.082
1.109
1.086
1.178
1.112
1.334
1.427
1.323
1.195
1.102
1.216
1.147
1.025
1.312
1.254
1.328
1.37
1.283
1.309
1.329
1.5
1.132
1.219
1.289
1.599
1.45
1.433
1.219
1.347
1.103
1.463
1.55
1.462
6.641
4.95
2.582
5.487
3.754
5.273
6.714
5.035
4.797
4.938
5.475
3.644
3.351
3.271
2.979
3.006
1.131
2.954
0.3914
0.2644
0.08907
0.0741
0.08326
0.2487
0.3235
0.3231
0.06237
0.1057
0.08221
0.2274
0.1972
0.7904
0.2827
0.2689
0.09594
0.0679
0.07954
0.3075
0.4478
0.3944
0.1003
0.1133
0.1308
0.2831
0.5409
0.4417
0.4936
0.6989
0.161
1.221
1.357
1.666
1.515
1.572
1.706
1.791
1.929
1.971
2.008
2.109
2.097
2.454
2.072
1.036
1.083
1.132
1.199
1.14
1.022
1.091
1.271
1.312
1.286
1.305
1.338
1.408
1.358
1.149
1.266
1.183
6.47
4.926
4.071
5.139
4.358
6.116
6.47
4.034
4.572
5.518
6.714
4.553
3.516
3.387
3.387
2.924
1.378
2.347
0.0
0.0
0.0
0.0005722
0.0
0.0
0.0
0.0
0.0
0.0
0.0
0.0
0.0
0.0
0.0
0.0
0.0
0.0
9.537e-05
0.0411
0.8362
0.5463
0.1318
0.8102
0.2998
0.07668
0.08726
0.06161
0.06819
0.2136
