18.82
19.58
21.78
21.24
23.63
23.07
23.71
20.39
19.8
16.02
17.9
19.07
13.96
10.69
10.36
10.23
12.11
14.31
14.55
12.5
11.58
14.11
16.48
13.89
12.37
15.6
15.92
16.02
14.16
17.82
19.6
23.66
24.05
22.83
23.63
23.8
18.63
21.78
12.96
8.289
9.473
13.55
15.82
13.55
13.87
14.77
14.43
13.75
15.01
19.43
16.75
18.19
15.38
15.14
20.39
24.29
21.44
19.29
18.55
19.95
19.09
20.02
16.82
17.48
21.07
19.56
16.63
16.94
13.55
13.72
15.19
15.87
17.99
22.19
17.26
18.41
18.43
18.36
22.97
21.97
15.33
16.26
16.06
11.12
8.594
11.19
9.619
14.99
16.21
17.16
13.33
11.96
14.16
12.24
15.36
15.55
12.99
15.19
17.48
18.97
17.58
22.73
25.49
22.88
22.56
17.94
17.94
15.28
14.06
20.75
14.82
15.43
16.41
14.23
13.94
17.11
16.16
17.04
19.12
31.93
37.26
21.68
14.31
17.04
20.9
24.22
20.09
14.36
10.47
9.863
10.8
8.594
10.03
13.65
10.18
10.17
10.94
9.338
9.314
10.55
10.25
9.534
10.13
11.83
13.11
21.48
24.19
22.39
22.53
24.76
23.9
20.29
22.14
18.95
20.53
20.14
20.85
23.58
20.68
19.87
18.75
20.14
16.67
15.06
10.38
9.436
9.998
9.802
10.55
13.84
12.43
13.11
14.6
14.58
15.11
14.55
12.67
13.11
11.93
15.16
14.55
14.7
14.72
16.43
15.7
16.87
20.48
20.75
19.09
21.97
18.46
17.8
13.13
18.31
14.23
15.36
17.87
22.41
24.05
19.41
17.9
22.53
17.46
18.16
19.14
18.43
19.87
19.14
13.11
16.31
14.82
11.91
11.3
14.28
15.21
13.7
15.09
21.39
20.48
17.53
19.56
18.6
12.57
12.99
12.99
12.99
12.99
12.62
10.47
15.06
9.961
9.753
10.16
8.521
10.21
9.326
10.36
11.51
13.79
14.92
16.26
17.48
15.19
16.85
19.41
20.26
21.07
16.16
20.8
19.07
19.46
17.14
17.36
18.48
18.21
16.04
14.48
14.48
15.53
11.72
12.82
11.88
15.8
18.53
20.73
21.7
22.44
20.24
20.87
20.58
20.17
22.22
19.7
17.38
15.33
14.97
15.36
14.89
18.16
15.04
15.55
15.77
17.99
17.8
17.24
16.04
16.72
15.92
14.55
18.53
16.99
17.11
15.06
17.77
21.02
21.26
24.44
24.0
19.36
16.5
18.97
21.09
16.46
16.11
14.82
15.45
13.7
15.77
15.7
19.75
14.09
15.62
18.26
17.99
13.23
15.26
14.28
15.36
17.85
18.19
19.7
17.31
16.65
17.92
13.92
17.77
21.29
19.68
25.2
21.95
22.71
21.63
19.6
19.43
20.73
19.14
19.21
18.24
18.85
16.48
21.04
25.63
22.24
20.24
18.07
19.63
20.87
20.83
17.21
15.92
15.7
14.01
12.84
15.38
19.56
16.94
17.82
17.77
15.48
13.94
14.72
15.5
17.21
16.77
16.04
16.97
16.85
18.24
20.9
20.09
18.65
16.65
17.7
16.6
14.31
14.87
14.82
12.74
14.14
15.75
13.84
12.6
13.13
16.65
11.22
20.02
25.49
26.32
15.36
18.38
18.58
22.46
21.07
22.95
24.39
22.36
18.85
24.19
20.95
16.53
16.19
19.14
20.12
12.34
9.131
9.949
7.263
8.606
8.154
11.82
14.58
18.73
20.43
19.65
18.65
16.72
14.72
14.28
12.74
11.88
11.3
13.43
14.55
15.62
13.87
14.67
13.38
12.5
12.41
12.89
10.42
11.04
9.29
9.534
15.01
13.38
16.72
21.36
20.83
22.44
22.19
23.27
19.24
18.21
17.41
18.97
18.12
16.53
16.63
16.28
16.41
15.06
14.53
14.18
6.934
9.167
8.594
12.45
14.01
17.94
27.64
15.87
15.72
11.47
14.4
14.04
14.31
15.19
13.89
18.29
15.65
13.21
17.99
18.97
16.31
17.04
16.31
14.33
15.06
15.06
11.6
14.87
18.43
14.4
16.5
17.58
15.31
18.33
16.24
14.48
14.09
14.89
15.23
20.53
20.14
20.87
21.12
15.99
13.75
15.75
17.36
14.01
17.92
10.01
8.228
9.851
10.47
12.52
15.97
14.77
14.43
15.62
18.51
17.02
13.35
15.06
12.35
14.36
12.6
11.45
10.51
11.57
14.04
13.21
11.73
10.83
10.17
9.888
10.85
14.87
15.41
19.41
20.41
22.39
19.58
20.85
21.8
20.04
20.0
20.46
21.12
23.05
19.75
19.31
18.19
20.24
19.07
18.63
19.82
22.49
18.7
20.04
18.21
14.97
19.07
18.07
19.87
20.75
18.82
18.12
18.41
18.75
18.33
18.19
17.99
19.19
18.14
18.97
22.78
21.7
19.43
18.6
17.07
18.31
15.75
14.31
11.34
19.95
23.54
22.12
19.73
21.14
21.39
22.0
21.51
20.17
19.29
15.45
14.84
16.72
13.7
13.55
15.21
13.96
15.28
12.05
14.16
22.12
14.14
11.96
12.4
11.99
12.65
11.54
10.77
12.46
17.97
19.68
20.73
21.95
22.05
22.83
20.09
19.51
18.65
17.9
16.43
13.35
14.77
16.09
16.04
16.65
17.33
17.02
18.31
18.07
16.8
17.31
20.75
19.63
19.04
17.72
17.58
17.11
14.18
15.21
17.33
18.24
16.26
15.6
14.55
15.04
17.07
15.84
15.8
13.94
16.75
20.04
21.02
20.34
15.75
16.38
15.26
17.68
17.02
17.26
16.26
14.16
11.1
10.28
9.68
16.31
14.77
13.48
9.448
14.67
15.06
12.87
12.67
13.33
16.53
11.78
13.23
15.67
12.3
16.5
13.45
16.75
18.38
20.17
21.92
21.41
23.9
25.44
20.9
24.15
20.78
22.71
25.1
22.07
21.95
25.1
18.92
15.55
14.75
12.57
11.35
16.92
18.24
20.26
22.51
23.8
26.71
22.68
19.04
17.9
15.28
15.6
13.13
15.65
12.55
12.46
13.31
15.8
13.82
12.55
14.26
14.23
14.36
12.52
11.13
14.45
15.75
15.7
15.53
19.7
27.0
19.14
18.29
18.21
16.63
18.63
17.99
19.85
18.07
19.12
15.82
16.8
14.06
16.04
14.36
12.12
12.11
4.803
8.142
11.96
14.31
16.21
15.92
16.92
19.04
17.14
15.45
13.5
12.6
16.43
18.87
20.31
18.41
19.63
20.83
22.0
22.73
19.7
20.87
14.97
15.72
14.33
18.12
14.62
13.06
14.33
12.94
17.07
18.26
22.53
18.55
14.26
15.82
17.24
15.65
18.97
18.65
17.09
18.48
21.63
20.75
13.55
13.57
14.09
11.07
11.4
15.8
19.68
21.8
21.92
22.51
16.97
13.79
23.46
17.21
14.55
10.74
7.776
9.241
8.459
10.62
8.252
8.691
7.446
10.85
10.66
9.851
8.74
9.778
10.34
11.55
14.21
14.18
16.53
17.04
18.92
20.46
19.82
19.51
18.48
19.21
20.02
18.65
21.29
19.09
21.19
15.77
11.98
11.96
17.99
