30.71
35.45
23.8
7.666
25.24
11.45
22.88
17.46
24.12
17.19
20.53
25.15
16.75
15.33
21.46
20.34
25.39
22.24
22.53
25.63
20.78
27.78
23.9
27.15
20.26
21.41
27.69
32.32
32.18
18.33
21.39
22.12
19.41
21.61
9.802
22.78
18.55
21.66
26.56
20.87
0.8224
0.0247
0.02537
0.02346
0.02413
0.02346
0.02537
0.02346
0.02537
0.02413
0.02604
0.02413
0.02537
0.02413
0.02537
0.02413
0.02537
0.02413
0.02537
0.02413
0.02537
0.0247
0.02604
0.02346
0.0247
0.02346
0.02537
0.02346
0.0247
0.02279
0.02413
0.02413
0.0247
0.02346
0.02537
0.02413
0.02604
0.0247
0.02604
0.0247
0.02604
0.02413
0.02604
0.0247
0.02537
0.02413
0.02604
0.02346
0.02537
0.0247
0.02604
0.0247
0.02537
0.0247
0.02604
0.02413
0.02604
0.02413
0.02604
0.02413
0.02604
0.02413
0.02604
0.02413
0.02604
0.02413
0.02537
0.02413
0.02537
0.0247
0.02537
0.02346
0.0247
0.02346
0.0247
0.02346
0.02537
0.02413
0.0247
0.02413
0.02537
0.02346
0.0247
0.02413
0.02537
0.02413
0.0247
0.02604
0.02737
0.0267
0.02737
0.02604
0.0267
0.0247
0.0267
0.02537
0.0267
0.02537
0.02604
0.02537
0.02604
0.0247
0.0267
0.02413
0.02604
0.02413
0.02537
0.02413
0.02604
0.02413
0.02604
0.02413
0.0267
0.02413
0.02604
0.02537
0.02537
0.0247
0.0267
0.0247
0.02604
0.0247
0.0267
0.0247
0.0267
0.0247
0.0267
0.02537
0.02737
0.0247
0.0267
0.0247
0.0267
0.0247
0.0267
10.61
23.83
33.64
21.66
17.99
20.53
8.862
12.24
15.77
17.53
13.89
6.653
27.88
17.97
13.21
20.31
20.19
6.079
0.9567
7.971
17.24
8.191
11.44
4.364
5.292
5.78
4.999
3.741
1.941
21.85
26.42
20.43
23.63
15.8
5.432
18.92
28.91
26.51
25.05
11.65
24.56
12.77
7.043
7.642
9.436
9.363
17.19
16.75
18.36
8.337
14.75
12.99
10.66
3.049
0.0
19.78
20.48
8.948
9.436
14.48
24.85
11.07
24.15
13.7
10.46
8.362
5.792
3.229
10.56
18.77
13.72
22.73
17.82
9.546
4.688
12.52
11.73
9.509
11.54
15.09
18.65
18.41
20.73
15.19
16.53
13.43
31.93
13.01
12.04
9.424
8.997
22.63
30.13
21.7
17.16
19.8
16.19
5.139
20.73
19.7
20.63
18.68
9.717
24.02
11.56
23.41
13.13
11.34
25.63
12.45
16.8
26.03
21.73
19.12
8.386
13.82
19.02
18.75
22.34
25.24
25.44
19.26
9.814
13.7
9.79
15.19
9.741
10.74
10.9
10.91
13.23
11.98
15.84
9.924
15.31
12.77
12.72
20.87
9.68
11.41
13.18
12.72
13.75
13.11
12.4
9.131
8.728
12.28
30.42
27.64
32.81
28.81
23.36
12.74
16.75
28.96
32.13
32.23
16.97
18.31
27.1
22.0
16.72
0.2197
17.41
24.27
23.1
16.24
20.12
12.84
21.68
28.32
25.68
18.63
17.02
15.6
15.31
5.591
4.84
31.93
30.52
31.01
17.04
13.55
31.15
22.9
18.53
20.63
16.7
12.16
34.57
26.61
20.95
23.85
11.85
4.773
26.56
14.01
16.58
17.97
14.79
34.03
23.32
15.19
18.58
14.65
9.058
10.62
5.731
1.578
19.46
22.51
21.75
23.14
24.61
20.63
29.0
20.31
29.15
29.1
17.02
18.33
29.15
23.12
24.24
8.105
6.873
9.338
18.21
13.31
14.99
23.24
17.99
18.77
25.24
31.35
33.74
23.68
23.02
32.47
24.73
20.85
19.8
7.849
26.42
31.64
32.08
19.29
11.78
19.65
26.61
22.12
24.49
10.73
20.73
32.47
27.59
21.24
13.55
4.034
19.56
25.63
33.59
31.3
23.8
17.65
5.981
23.39
21.88
25.34
29.93
29.93
34.72
22.49
19.92
11.73
18.51
22.75
29.05
25.88
22.41
20.43
11.16
14.23
22.24
14.55
26.46
28.47
25.44
7.922
24.27
27.44
33.45
29.05
28.08
18.07
11.85
25.44
21.83
27.39
8.667
10.02
12.62
13.45
20.0
27.73
30.37
27.34
17.38
7.202
11.85
24.49
19.8
24.0
23.66
26.71
32.81
31.25
27.93
19.04
8.887
18.41
23.36
25.29
26.07
25.39
15.19
27.49
30.62
23.95
22.53
15.97
6.885
10.18
11.05
29.74
25.88
20.53
10.56
15.87
4.016
2.798
7.8
3.638
9.814
20.58
15.06
22.71
22.19
34.28
23.02
18.33
22.17
16.21
14.53
21.8
31.74
22.46
25.83
18.55
7.849
24.61
27.54
30.08
24.56
14.5
8.85
9.326
8.63
14.14
13.28
15.19
8.13
10.27
14.14
10.58
9.29
8.655
13.04
18.02
24.58
17.07
21.07
20.53
19.48
8.484
6.219
18.75
23.8
13.45
10.17
12.11
9.058
13.57
12.62
12.55
16.99
10.56
11.45
9.949
8.826
29.49
19.63
22.73
12.96
8.044
7.129
10.13
28.42
23.29
24.41
24.8
17.55
23.51
23.61
25.73
23.58
27.2
22.83
18.7
11.89
5.646
15.8
22.68
16.16
20.7
25.98
23.34
27.1
24.12
30.37
29.05
31.05
24.29
10.78
21.19
33.15
26.86
26.27
21.88
4.083
9.363
27.78
20.97
26.61
19.31
13.26
19.02
23.19
25.49
17.72
11.25
20.7
33.89
30.62
27.15
22.75
9.692
15.8
25.44
12.74
32.62
31.79
31.54
19.09
27.69
15.75
16.55
9.436
20.09
32.86
29.05
26.32
26.81
10.44
24.19
27.88
27.83
22.27
17.68
24.54
24.8
27.34
28.42
24.68
19.26
30.91
32.86
33.59
17.97
26.27
15.82
19.51
31.93
34.52
24.76
13.33
28.12
21.8
27.2
22.49
19.21
24.29
15.41
23.14
19.02
13.04
30.13
26.27
30.03
33.98
26.76
29.83
14.55
33.59
31.35
28.76
9.875
24.27
26.81
26.61
28.12
29.25
27.39
13.01
12.55
26.27
22.27
24.61
28.37
15.72
22.14
30.13
33.74
22.92
10.1
8.191
15.33
11.51
9.998
14.16
13.31
11.99
9.204
11.23
17.77
21.68
22.09
18.58
7.031
9.717
32.62
27.54
25.29
21.8
11.25
25.29
11.84
14.26
10.79
25.49
23.32
26.66
20.34
11.83
23.05
26.27
14.84
28.86
26.95
10.68
20.48
17.94
2.289
0.0267
10.75
26.81
23.61
10.08
12.92
10.41
11.43
12.07
10.85
7.837
23.73
23.41
23.56
10.4
25.39
21.73
24.63
23.66
25.73
23.39
22.34
27.98
31.88
29.2
22.31
12.96
5.17
20.87
19.97
24.83
19.21
17.43
15.21
12.82
27.44
33.11
26.37
29.05
26.61
9.033
24.44
20.73
21.53
21.56
26.46
31.2
29.35
27.93
17.65
19.21
32.08
25.78
24.15
19.87
11.33
8.533
16.48
27.98
25.59
32.47
19.14
18.21
18.63
10.89
12.45
10.61
23.39
19.12
16.72
28.32
21.04
20.87
16.53
29.88
19.68
6.897
16.5
26.22
10.75
28.81
33.89
29.88
14.75
27.98
31.93
32.52
