28.56
28.76
28.27
28.56
10.67
9.302
9.521
9.473
8.923
16.16
15.11
15.09
4.297
2.765
0.5547
0.2396
0.02346
0.02604
0.02346
0.02861
0.02604
4.584
29.59
31.1
19.02
16.19
18.12
13.53
12.92
30.13
30.91
16.92
17.11
17.72
16.21
17.65
15.16
12.06
0.1875
0.0885
0.02346
0.02861
0.02346
6.421
15.16
26.42
33.45
22.19
21.51
31.74
31.98
24.54
33.06
24.98
32.52
32.47
17.53
14.67
22.85
33.79
27.44
11.79
3.098
28.08
35.01
34.62
33.35
35.99
33.84
32.76
31.93
30.18
7.41
33.64
37.26
36.77
34.72
34.42
32.62
32.76
33.11
30.86
32.18
33.98
33.89
34.38
33.84
31.25
32.86
32.67
33.3
32.71
32.71
30.37
31.45
30.42
30.37
29.0
28.56
28.52
29.49
30.27
30.18
30.42
29.74
17.58
10.19
9.607
9.534
9.155
10.22
13.48
20.9
4.999
3.656
4.199
23.41
33.3
33.4
32.76
33.4
31.88
34.38
31.93
24.95
9.998
38.48
37.01
37.35
35.74
36.08
36.28
35.64
35.55
34.57
35.84
33.69
34.23
33.4
32.52
32.76
33.89
35.21
33.84
32.03
30.96
30.13
31.45
30.18
29.79
30.66
31.98
31.93
32.81
34.08
23.12
10.58
10.27
9.778
8.569
9.985
14.11
20.97
4.895
3.387
5.475
33.06
32.42
33.4
31.59
31.64
29.0
28.47
27.98
28.37
10.45
21.83
32.28
30.37
32.71
32.03
29.69
28.71
30.22
31.35
30.13
27.54
29.69
30.81
31.05
30.18
29.44
29.74
28.76
30.47
29.83
27.39
27.15
26.56
24.63
26.27
25.73
25.83
24.0
24.39
25.2
23.34
24.46
25.24
25.73
25.63
25.73
24.98
11.12
8.032
7.776
8.179
8.618
8.411
12.12
11.72
14.21
12.08
3.387
6.458
29.79
27.25
26.9
26.66
26.86
26.22
25.49
29.39
28.03
28.12
18.31
10.61
33.15
31.35
30.52
30.13
29.2
28.03
28.56
29.1
29.69
27.93
27.78
27.83
28.86
30.57
29.3
29.49
27.83
27.2
28.96
28.81
28.76
28.86
29.15
27.93
25.59
25.24
24.05
24.44
26.76
27.25
26.32
26.42
27.29
25.39
25.05
24.24
17.41
10.21
8.325
8.264
8.691
9.155
8.044
15.33
14.58
14.06
3.607
2.344
0.6378
0.1537
0.03128
0.02604
0.03128
0.02604
0.02861
0.02861
0.03128
0.02604
0.03128
0.02861
0.03128
0.02604
0.03128
0.02604
0.02861
0.02861
0.02861
0.02861
0.02861
0.02604
0.03128
0.02604
0.03128
0.02604
0.03128
0.02604
0.03128
0.02604
0.03128
0.02604
0.02861
0.02604
0.02604
0.02604
0.02604
0.02346
0.02604
0.02604
0.02604
0.02604
0.02604
0.02861
0.02861
0.02346
0.02604
0.02604
0.02604
0.02604
0.02604
0.02346
0.02861
0.02861
0.02861
0.02604
0.03128
0.02861
0.02861
0.02861
0.02861
0.02861
0.03128
0.02861
0.03128
0.02604
0.03128
0.02861
0.02861
0.02604
0.02604
0.02346
0.02604
0.02079
0.02604
0.02346
0.02604
0.02346
0.02604
0.02604
0.02346
0.02346
0.02604
0.02346
0.02604
0.02079
0.02604
0.02346
0.02604
0.02346
0.02604
0.02346
0.02604
0.02346
0.02604
0.02346
0.02604
0.02346
0.02604
0.02604
0.02604
0.02604
0.02604
0.02346
0.02604
0.02346
0.02604
0.02079
0.02604
0.02346
0.02604
0.02346
0.02604
0.02346
0.02604
0.02346
0.02604
0.02346
0.02604
0.02346
0.02861
0.02346
0.02604
0.02346
0.02346
0.02346
0.02604
0.02346
0.02346
0.02346
0.02604
0.02346
0.02604
0.02346
0.02604
0.02079
0.02604
0.02346
0.02346
0.02346
1.971
23.32
41.02
41.46
38.82
35.01
35.11
35.01
36.52
35.89
36.87
35.84
35.21
34.77
36.33
36.23
37.94
36.52
36.33
36.38
35.21
34.08
34.52
34.57
35.25
34.77
34.03
33.64
25.63
10.66
10.51
10.4
12.38
20.63
24.07
3.577
0.4372
0.1926
0.03128
0.02604
0.02346
0.02346
0.02604
0.02346
0.02604
5.811
38.23
38.18
36.47
36.08
33.94
34.18
35.35
37.11
38.43
37.55
35.94
34.57
33.84
34.03
33.4
34.23
32.23
31.05
30.86
29.98
29.88
29.44
28.17
28.81
28.47
29.15
29.74
29.59
29.15
29.2
16.85
9.521
9.521
9.558
12.46
19.07
18.09
12.92
1.886
0.9842
10.62
36.28
36.18
35.35
34.77
32.76
31.64
31.4
33.59
35.84
36.47
29.3
29.49
29.35
31.74
32.13
34.13
35.35
33.25
32.96
35.25
35.21
32.42
31.64
31.98
31.35
31.64
31.35
29.3
27.39
26.71
24.93
10.1
9.546
9.668
11.15
15.72
17.46
20.48
2.939
3.687
25.1
36.62
36.08
34.38
31.59
30.76
32.67
32.62
32.71
33.35
33.5
32.08
31.1
30.32
30.52
33.15
32.86
33.74
32.23
31.35
31.01
30.08
30.52
27.25
28.32
28.37
28.32
28.91
27.93
28.32
29.25
29.49
23.93
9.399
9.448
9.692
9.668
11.94
9.705
18.14
16.87
2.026
1.712
17.24
35.45
35.4
34.67
33.5
31.01
31.93
30.86
32.47
33.54
32.52
33.79
33.06
30.71
32.76
33.35
33.45
33.4
35.06
31.98
32.57
31.3
29.79
29.83
30.37
31.2
31.2
31.35
30.13
32.03
32.18
20.56
10.03
9.729
9.888
12.67
18.68
19.46
10.62
1.141
0.2499
0.04692
0.02604
0.02079
0.02604
0.02604
0.02604
0.02604
0.02604
0.02079
0.03128
0.02079
0.02604
0.02604
0.02604
0.02079
0.02604
0.02604
0.02604
0.02079
0.02604
0.02079
0.02604
3.082
28.27
38.38
37.94
37.5
36.47
36.96
37.11
37.26
37.5
37.4
37.21
32.67
35.79
37.65
37.55
37.35
36.91
36.62
35.5
33.64
32.67
33.25
33.01
32.86
33.79
33.4
34.03
31.15
10.82
10.39
10.47
12.43
19.87
16.8
15.16
1.837
0.3334
1.135
15.7
36.67
34.62
33.98
31.69
30.18
30.13
30.81
30.57
32.62
32.18
31.59
32.81
30.86
30.62
30.32
31.1
30.81
30.22
29.83
30.22
29.35
30.13
30.08
27.88
27.0
27.1
26.66
27.15
27.39
28.37
28.76
29.25
23.07
12.04
9.314
8.594
10.83
12.17
19.21
19.63
8.252
1.364
0.2708
0.06247
0.02604
0.02604
0.02604
0.02604
0.02604
0.02604
0.02604
0.02604
0.02604
0.02604
0.02604
0.02604
0.02604
0.02604
0.02604
0.02604
0.02079
0.03128
0.02079
0.02604
0.02604
0.02604
0.02604
0.02604
0.02604
0.02604
0.02604
0.02604
0.02604
0.02604
0.02079
0.03128
0.02079
0.02604
0.02604
0.02604
0.02604
0.02604
0.02079
0.03128
0.02079
0.03128
0.02079
0.03128
0.02079
0.03128
0.02604
0.7187
10.96
35.35
35.5
36.52
35.55
35.16
35.99
35.69
36.62
36.62
36.72
36.67
35.16
34.33
34.91
36.08
34.86
33.74
34.13
35.5
34.57
31.98
31.79
31.69
31.59
32.13
33.5
34.28
34.18
25.2
10.61
10.3
10.02
13.06
20.63
24.98
3.821
0.4845
0.198
0.03128
0.02079
0.02604
0.02604
0.03128
0.02079
0.03128
