17.43
16.28
15.48
16.43
18.73
17.58
17.31
18.68
17.41
18.63
19.56
20.83
20.19
19.12
19.07
17.36
16.67
17.33
18.73
19.19
20.58
17.68
18.9
19.58
18.77
19.65
19.36
17.6
17.36
18.07
18.16
17.41
15.75
16.33
16.36
19.26
19.14
18.97
17.8
19.73
19.41
17.72
17.19
16.87
18.82
17.14
18.04
18.99
18.7
18.75
19.68
20.12
20.34
18.29
17.43
17.21
16.09
16.55
18.33
20.8
19.9
19.48
15.65
16.11
17.55
16.28
18.43
18.8
18.07
17.31
18.21
18.51
19.02
18.99
19.26
18.53
17.94
19.68
18.55
15.99
17.24
17.43
17.58
18.29
19.48
19.19
17.33
16.16
17.16
17.6
19.36
17.02
18.29
16.8
16.28
15.43
16.09
16.09
17.85
17.97
16.14
18.29
15.94
15.5
16.04
15.99
16.46
16.8
18.73
17.31
17.43
18.26
18.19
16.41
16.8
15.65
16.7
17.5
17.94
20.56
19.29
16.19
16.21
15.94
16.21
16.99
16.72
17.63
18.95
17.82
17.21
17.87
18.92
18.8
18.53
16.89
17.75
16.89
19.36
20.17
19.58
19.48
19.48
19.65
19.31
15.8
16.21
17.46
19.46
20.19
21.34
17.48
18.46
17.33
16.43
18.41
18.46
17.85
19.29
19.46
16.82
16.97
18.26
18.8
17.29
17.38
18.38
18.43
17.75
18.09
16.89
16.82
16.97
17.92
19.19
19.63
18.14
19.38
20.63
19.82
17.82
18.31
15.23
16.14
19.14
20.48
20.17
21.14
17.38
15.67
15.92
17.26
16.58
17.82
21.56
18.09
17.99
19.53
15.28
16.28
16.85
20.17
18.31
18.68
17.5
14.75
17.55
18.33
18.97
19.51
18.04
16.65
18.29
17.63
18.12
16.55
16.55
17.36
17.6
20.0
17.24
18.77
19.34
17.5
17.36
16.14
14.92
16.09
17.19
17.68
20.46
20.09
20.09
17.31
17.46
15.77
15.7
16.72
18.85
19.02
17.9
18.33
16.89
17.36
19.8
20.78
17.92
17.82
18.68
16.16
15.82
16.6
18.02
18.7
19.31
17.92
18.8
17.26
17.29
16.87
19.38
17.24
18.82
19.41
17.07
18.19
17.82
18.21
18.31
19.38
22.02
17.94
18.51
16.94
19.31
17.75
18.19
17.53
18.55
17.75
15.6
18.24
18.58
20.61
20.02
16.94
17.72
17.33
19.38
19.02
19.65
19.6
17.43
16.16
16.53
18.21
19.63
18.87
21.12
21.31
15.92
15.82
16.75
20.09
15.45
15.48
16.85
18.58
19.17
17.97
16.65
16.26
16.53
16.53
19.21
17.55
17.21
16.46
15.92
16.24
16.72
16.65
17.41
18.65
16.77
20.41
17.99
15.55
15.65
17.14
16.19
17.04
16.11
18.38
17.31
17.63
16.55
16.02
17.58
17.6
18.26
17.85
19.12
20.14
18.51
17.68
18.87
16.04
15.55
16.36
17.7
15.84
16.36
16.04
19.56
18.68
17.53
16.87
16.97
18.77
17.29
18.02
15.87
16.43
17.77
17.48
17.14
18.43
16.7
17.16
17.38
17.87
18.48
19.04
17.04
16.21
19.6
17.99
17.43
16.16
17.43
17.29
17.16
18.46
17.92
15.99
17.26
18.82
18.65
18.75
17.33
17.8
15.75
17.14
17.24
19.14
19.58
20.12
17.75
18.09
19.02
18.38
17.36
17.55
17.72
17.48
16.5
17.65
20.04
17.46
16.87
17.55
18.26
18.33
18.65
18.07
18.8
16.09
16.38
16.7
18.7
21.63
18.53
16.26
17.99
19.04
20.53
16.92
15.04
15.82
16.97
18.51
19.07
17.82
17.24
19.53
17.9
16.16
18.77
18.24
16.46
18.16
17.09
17.14
17.68
19.78
18.65
19.87
18.24
16.97
17.97
16.16
17.36
18.58
19.73
18.8
18.26
15.87
18.77
16.89
17.07
17.31
18.41
18.46
14.92
16.53
15.53
18.46
17.31
18.53
19.73
18.85
18.07
17.72
18.48
18.21
17.97
16.28
16.19
17.02
17.65
18.46
16.31
17.26
18.75
19.7
18.68
16.8
19.34
15.41
16.63
17.8
17.43
20.02
19.21
18.09
17.29
15.8
18.46
18.43
19.31
18.38
17.19
17.14
17.9
17.65
18.14
17.92
18.97
18.04
17.72
17.21
16.33
17.36
17.41
18.73
17.99
17.55
16.53
17.72
17.9
20.63
18.33
17.92
18.77
19.14
16.02
17.55
18.77
19.43
16.67
17.77
17.77
19.34
19.82
19.75
19.9
17.7
18.75
19.04
17.53
18.04
19.12
16.92
18.53
16.31
19.7
19.12
19.58
19.82
18.33
19.07
16.97
16.65
17.6
17.24
17.97
19.26
18.6
17.94
18.53
18.33
17.87
17.5
15.94
16.92
17.09
17.5
20.34
18.51
20.02
17.24
14.77
17.55
15.58
15.7
16.7
16.38
18.95
18.14
18.46
18.33
17.65
17.19
19.04
17.77
16.5
16.09
16.63
15.06
18.33
17.8
16.31
18.6
16.89
16.21
17.46
17.87
17.72
16.43
16.7
16.65
18.55
17.99
16.41
18.21
16.85
15.77
15.65
16.7
17.97
16.48
16.77
16.87
17.65
18.19
19.95
21.48
19.68
19.58
19.9
18.41
16.63
17.53
16.19
16.21
17.19
17.41
17.72
17.8
18.68
20.68
19.53
20.97
17.11
18.29
18.73
18.75
17.65
17.19
17.48
19.53
18.46
16.14
17.21
19.63
20.56
20.0
18.02
19.31
18.75
19.41
19.04
18.07
18.7
17.6
18.82
18.63
18.82
20.02
20.39
21.24
17.55
16.46
18.21
16.99
19.24
20.92
22.34
22.0
17.77
18.58
19.51
21.39
20.97
20.63
19.09
19.85
20.31
20.61
18.26
19.14
20.17
19.24
19.24
19.19
19.68
19.07
18.9
18.19
18.29
19.51
20.02
20.48
20.21
21.0
18.04
16.65
18.99
19.34
21.09
18.51
21.9
19.09
18.73
18.68
17.97
17.19
17.58
19.56
20.56
19.92
22.34
19.51
17.58
18.14
19.68
17.36
17.53
18.87
18.9
19.46
20.29
18.99
20.02
19.29
15.82
17.21
18.02
18.6
19.46
