18.16
19.85
12.17
16.92
18.8
21.14
13.45
14.67
14.04
16.04
14.16
17.77
20.14
7.727
0.6409
0.2369
0.02861
0.0247
0.02737
0.02346
0.02737
0.0247
0.02737
11.1
16.36
18.7
18.14
17.14
9.497
5.621
11.12
11.39
11.85
10.66
19.85
21.09
20.34
20.04
19.73
22.0
24.85
25.39
21.46
28.12
24.68
8.606
19.51
19.48
20.78
25.59
25.44
23.49
21.12
17.26
15.72
17.99
19.68
16.21
13.31
14.6
15.82
19.95
24.32
10.46
18.68
26.95
24.54
25.0
24.39
27.2
24.24
27.49
25.54
18.29
13.09
28.56
26.86
25.83
28.42
23.29
27.39
30.13
22.09
14.75
10.67
10.63
18.58
23.61
26.61
28.47
27.88
28.47
23.83
19.78
17.82
14.79
10.41
22.46
27.29
27.49
27.59
28.32
23.71
28.96
24.71
14.7
12.41
11.15
16.65
23.44
25.49
27.88
27.98
29.05
22.02
26.86
23.66
16.11
17.43
23.41
18.43
20.02
11.87
18.33
23.39
23.39
20.51
11.16
13.57
10.29
12.29
17.6
14.06
13.33
8.667
27.0
26.42
22.34
20.61
20.09
23.54
20.09
27.05
24.41
15.62
18.09
17.38
14.89
8.862
19.24
19.48
20.65
24.07
22.41
22.41
22.41
15.11
18.53
18.77
19.6
7.324
18.41
18.14
18.41
17.87
18.36
16.72
15.11
14.84
16.14
15.75
17.77
18.53
18.55
14.84
20.04
21.36
19.09
10.3
16.97
15.97
18.82
20.92
4.285
0.5493
0.112
0.02737
0.6393
14.31
15.8
15.36
15.31
9.021
7.458
15.7
13.21
18.46
20.83
20.61
14.62
15.04
14.53
15.48
16.26
14.77
4.181
0.1497
0.04692
0.02861
0.02604
0.02861
0.5402
14.26
14.6
13.99
14.99
1.021
3.571
10.55
14.55
16.6
19.82
18.12
10.69
12.67
10.42
12.29
13.28
15.87
18.95
19.09
23.54
10.23
0.7019
0.2747
0.5142
13.89
16.85
15.01
15.43
19.51
11.94
14.58
14.4
13.11
14.55
16.82
19.34
19.17
22.95
14.11
18.09
17.46
18.63
0.5257
0.1328
0.03386
0.02861
0.02604
0.5028
16.14
12.67
14.09
11.23
15.87
5.249
5.884
14.38
12.17
14.38
18.63
22.78
23.93
13.04
13.94
13.13
13.4
15.48
0.6767
0.1459
0.03643
0.02346
0.02861
0.3723
15.09
14.62
19.34
20.85
23.0
18.43
14.18
16.67
15.6
15.19
14.45
14.55
11.13
14.99
14.4
14.89
15.72
15.33
4.559
0.5211
0.1381
0.02861
0.02861
0.2995
13.94
14.82
13.75
13.13
12.07
12.7
14.67
18.38
20.58
22.66
13.21
12.41
14.28
12.5
13.72
15.38
15.77
18.31
18.99
17.02
1.143
0.4425
0.05207
0.2163
13.67
14.67
11.83
16.38
18.19
17.6
16.63
14.89
13.96
16.63
18.97
21.19
22.88
14.89
23.61
21.46
19.73
9.814
0.7263
0.3151
0.02861
0.02604
0.02861
0.07811
17.5
15.14
21.39
22.68
22.88
13.4
13.11
13.6
10.61
22.78
23.44
24.71
26.17
25.44
25.63
26.12
24.41
25.2
25.73
26.07
23.07
20.73
19.02
20.26
20.56
22.63
25.1
25.59
26.95
27.1
28.52
28.27
27.29
17.24
11.06
20.63
23.32
25.78
26.22
26.9
24.73
16.72
22.66
24.17
23.46
7.507
12.65
21.22
20.9
21.41
20.9
20.78
22.71
24.71
24.34
24.22
22.71
22.02
23.36
20.73
24.29
26.32
26.17
24.46
22.85
23.1
22.46
22.78
25.93
24.93
24.9
25.59
23.34
17.24
26.61
28.37
21.46
20.78
22.61
19.04
23.83
25.39
24.05
23.24
3.687
24.24
22.53
25.0
24.27
23.46
22.88
22.36
21.97
24.51
28.22
24.1
22.19
25.0
23.97
25.1
21.78
18.04
20.12
19.04
17.72
22.56
24.71
25.59
24.46
24.95
23.36
15.43
21.51
23.63
19.8
18.87
20.02
21.97
25.0
20.31
22.71
21.04
20.95
16.55
3.149
26.46
27.1
23.39
21.53
19.38
20.92
18.92
21.02
19.14
22.51
25.2
24.95
21.9
22.29
25.54
23.54
20.19
17.29
18.38
19.85
23.22
23.05
23.41
24.34
25.49
24.37
24.56
18.65
10.88
19.68
23.75
25.78
24.73
21.88
19.14
18.33
18.38
17.77
18.97
21.17
12.57
2.881
0.177
11.35
23.27
20.63
23.24
22.34
22.58
15.7
16.46
16.75
19.51
19.73
20.29
23.02
22.9
25.98
26.32
25.15
26.46
26.27
23.29
21.7
20.04
19.8
18.53
19.29
19.43
18.02
19.29
20.78
18.97
11.8
19.09
24.34
24.8
22.49
22.31
22.75
19.41
18.8
19.36
20.63
20.78
9.326
20.75
25.63
26.81
21.88
24.02
20.97
18.95
23.56
18.53
18.41
18.51
19.56
16.87
17.68
21.22
21.53
17.58
15.77
25.88
25.39
22.31
25.73
20.0
16.09
17.38
20.0
18.12
8.691
19.53
19.41
18.65
23.34
21.9
26.22
12.17
24.44
24.22
23.61
19.24
21.63
15.16
11.84
21.56
25.1
28.52
26.76
24.56
24.63
25.83
26.86
28.66
23.83
24.05
21.66
24.05
24.12
27.34
28.03
27.73
27.69
28.71
28.47
28.42
28.52
28.42
15.33
22.07
23.29
22.58
23.0
24.88
27.73
23.41
24.85
25.63
23.36
5.353
24.41
23.46
24.49
25.49
25.88
28.52
28.61
28.52
28.71
28.08
26.81
26.51
24.22
26.9
28.17
24.19
24.88
20.97
20.78
25.15
27.54
28.32
26.76
14.16
22.41
28.12
26.12
25.0
26.86
23.68
19.02
21.46
21.36
19.17
9.204
20.56
28.71
28.81
27.93
28.27
26.17
26.12
29.2
27.29
27.15
25.49
22.8
22.73
21.51
27.44
26.76
25.78
26.37
23.34
23.75
24.44
22.34
24.07
20.41
15.21
22.53
25.39
26.81
24.41
25.73
22.0
21.12
24.05
25.0
17.16
19.38
19.68
22.0
23.07
17.29
17.31
19.92
23.78
21.75
15.58
19.02
19.97
22.9
23.85
14.26
18.38
17.85
20.36
22.51
24.51
13.53
16.55
27.73
25.0
25.39
26.22
26.07
29.05
26.22
24.49
21.12
22.27
26.76
26.07
26.07
22.22
24.34
26.32
26.76
26.03
25.24
25.98
25.1
21.63
22.14
20.19
14.97
22.22
25.98
26.32
26.81
27.0
26.56
23.71
24.61
24.41
18.19
6.311
11.34
13.67
20.12
20.36
18.29
14.09
15.28
15.01
17.16
18.12
21.8
23.29
21.44
1.32
0.5081
12.38
17.75
21.92
21.09
20.61
16.04
19.09
22.22
22.71
16.67
15.67
17.82
12.72
19.07
19.9
19.95
22.66
13.55
14.87
0.4242
0.1041
0.02604
0.02604
0.02861
0.02346
0.02861
0.02604
0.02861
0.02346
0.02861
0.02604
0.02861
0.02346
0.02861
0.02604
0.02861
0.02604
0.02604
6.494
16.43
14.77
17.33
16.7
14.99
18.65
19.6
20.21
19.97
17.43
