20.04
11.39
24.61
10.94
23.88
23.8
18.14
31.79
17.75
11.95
15.53
24.8
19.46
25.34
25.78
11.46
11.43
27.44
26.22
31.25
30.57
14.18
11.38
21.68
20.65
29.05
33.45
29.0
16.67
17.33
34.91
29.25
25.29
6.628
7.507
7.654
8.923
10.69
8.801
8.594
9.045
7.812
7.764
9.363
7.739
7.8
7.788
12.7
22.19
22.02
23.05
15.41
5.621
0.6432
0.02441
0.02441
0.02375
0.02251
0.02375
0.02441
0.0247
0.02441
0.02632
0.02413
0.0247
0.02413
0.02537
0.02441
0.02575
0.02413
0.02441
0.02413
0.02441
0.02375
0.02413
0.02308
0.02375
0.02508
0.02575
0.02346
0.02375
0.02308
0.02537
0.02604
0.02699
0.02804
0.02804
0.02575
0.02604
0.0267
0.02766
0.02537
0.0267
0.02632
0.02604
0.02508
0.02699
0.02413
0.02632
0.02508
0.0247
0.02441
0.02508
0.0247
0.02537
0.02537
0.02737
0.02604
0.02604
0.02508
0.02575
0.0247
0.02508
0.02375
0.02699
0.02575
0.02375
0.02346
0.02413
0.0247
0.02575
0.02508
0.02699
0.02699
0.02537
0.02508
0.02604
0.0267
0.02766
0.0267
0.02766
0.02632
0.02766
0.02575
0.02575
0.0247
0.02575
0.02537
0.02575
0.02537
0.02575
0.0247
0.02375
0.02441
0.0267
0.02604
0.02737
0.0267
0.02604
0.0247
0.02508
0.02441
0.02575
0.02537
0.0267
0.02508
0.02575
0.0247
0.02604
0.0247
0.0247
0.02441
0.02632
0.02575
0.02766
0.0267
0.02632
0.02575
0.02804
0.02604
0.02699
0.02537
0.02575
0.0247
0.02508
8.63
26.66
10.31
21.12
30.81
10.25
28.17
14.5
12.29
11.89
10.3
11.8
8.96
9.033
11.6
11.93
11.79
10.83
6.909
22.88
21.31
20.26
10.84
2.338
26.61
30.18
30.18
9.839
24.19
24.15
28.22
22.46
8.118
27.2
32.28
30.62
10.84
26.42
27.34
30.62
12.11
7.947
10.24
11.39
8.057
9.827
9.18
9.241
9.167
9.045
9.045
8.667
14.06
21.39
22.14
19.56
11.04
5.994
26.42
8.85
24.07
14.48
7.788
11.5
14.97
7.08
6.299
1.109
4.211
1.407
0.4951
21.44
7.068
9.204
8.167
11.67
9.094
8.911
9.363
11.23
10.44
11.91
3.412
5.676
21.95
17.33
19.51
16.38
9.29
14.99
28.08
29.69
14.65
3.101
2.692
16.48
25.98
15.09
6.543
20.34
27.93
22.34
24.68
13.28
8.801
17.77
17.09
25.59
19.95
6.189
23.58
10.5
18.55
18.77
21.34
16.38
23.58
22.29
8.105
15.6
29.93
29.93
13.75
21.14
15.31
27.59
29.39
24.41
23.41
11.91
9.521
29.88
29.74
24.63
10.08
17.16
20.92
23.12
23.88
33.4
15.26
9.509
16.94
21.97
23.36
23.88
25.88
18.99
20.0
12.52
22.95
8.789
8.325
10.12
10.44
7.556
9.692
7.874
10.12
7.629
8.716
11.73
11.56
7.593
10.27
8.264
24.27
17.41
23.97
18.92
15.8
2.966
14.43
21.19
23.9
30.57
25.83
23.1
12.6
11.69
26.71
17.99
23.32
17.87
31.1
13.7
5.756
2.258
6.085
13.11
14.62
12.39
18.9
19.8
21.22
7.751
10.41
7.727
9.106
7.825
7.703
9.583
10.29
7.8
11.61
7.825
7.898
11.78
26.12
20.43
24.34
21.26
6.836
5.2
18.48
18.19
33.89
29.44
26.37
16.85
6.604
32.76
26.86
27.25
8.35
24.95
25.39
23.1
28.27
31.3
29.2
15.06
16.85
23.66
25.49
22.9
23.66
25.24
27.39
23.24
23.24
9.741
25.44
32.71
31.1
12.06
15.43
14.23
15.14
17.43
20.97
21.53
16.55
30.32
24.29
21.73
15.45
33.89
29.1
22.22
12.1
15.16
32.28
31.2
25.15
8.74
10.34
5.914
19.46
20.0
29.64
28.47
22.61
8.655
12.72
24.0
21.22
14.89
3.064
11.89
19.36
9.705
13.79
16.28
18.58
26.03
18.85
24.56
18.6
12.35
25.29
23.56
6.726
36.47
32.08
25.2
13.87
9.351
26.56
27.49
32.62
28.42
15.33
19.6
27.39
27.69
7.117
22.58
19.26
9.937
7.654
8.508
9.351
8.679
9.265
8.044
9.497
7.739
7.812
8.655
10.39
10.02
16.19
18.55
23.1
23.49
16.6
7.166
5.2
21.78
25.98
27.88
23.02
11.25
12.1
26.66
23.0
33.4
25.39
25.88
9.326
19.07
19.09
14.77
23.27
25.44
27.44
23.56
6.958
20.0
25.39
21.17
12.33
22.95
23.02
22.75
13.28
25.54
21.22
15.38
5.103
22.75
23.95
24.95
26.27
11.52
24.85
25.24
19.8
17.97
20.8
18.12
27.98
28.96
14.82
19.21
22.88
1.532
21.02
22.49
15.5
16.33
19.97
24.56
20.58
22.97
31.64
33.35
26.07
18.46
4.626
17.36
15.06
13.28
18.51
13.89
16.5
28.37
33.11
26.22
12.26
12.01
14.38
13.77
18.9
22.73
24.66
27.64
20.19
8.386
19.58
21.92
26.32
18.73
19.6
6.482
14.82
16.48
15.23
22.88
5.145
23.29
10.51
28.22
26.32
22.92
6.628
32.03
28.61
25.98
18.73
3.29
14.55
26.56
25.83
16.33
31.64
24.15
6.36
12.34
21.41
12.62
30.66
26.66
14.72
8.24
13.4
13.92
24.95
31.35
32.23
15.26
14.28
23.61
26.37
15.72
18.95
29.83
27.98
21.48
10.71
11.07
28.32
26.37
18.21
12.05
28.76
23.83
14.21
24.54
12.77
32.08
31.74
24.88
15.87
4.26
1.41
9.717
14.04
20.14
21.9
16.28
23.49
29.93
30.86
13.67
15.09
29.79
30.27
32.76
28.91
32.71
14.97
3.381
32.81
29.93
27.69
17.55
2.185
27.93
30.62
31.15
16.04
17.26
24.63
32.67
29.54
25.2
16.8
6.421
10.25
9.778
22.17
24.05
22.12
23.66
21.04
15.55
25.73
25.44
26.66
23.88
9.106
13.7
29.44
25.98
27.15
8.679
24.41
21.12
25.78
28.32
27.25
28.47
21.34
5.707
22.8
26.37
21.14
26.86
18.65
13.99
30.76
26.51
24.56
9.998
14.82
21.88
14.11
17.77
26.76
15.92
6.494
25.24
12.84
23.32
16.97
23.12
4.12
25.54
11.01
24.0
24.29
17.92
7.605
23.56
25.98
25.54
26.17
25.24
9.717
6.689
22.83
6.641
0.0247
7.764
23.54
0.0
16.5
24.85
8.74
26.86
21.63
8.398
1.926
22.8
12.65
18.04
17.65
9.351
20.34
25.78
26.81
19.31
26.9
22.83
19.56
23.54
20.63
27.44
14.38
26.95
23.58
8.386
7.141
24.05
10.11
23.44
21.19
26.9
21.09
32.96
28.81
22.49
9.851
20.29
29.49
27.44
7.507
22.36
17.41
22.36
13.38
21.95
15.23
18.19
23.44
25.59
26.12
29.69
29.15
22.22
5.652
13.4
19.46
20.46
30.81
25.73
17.8
14.48
9.412
5.249
30.71
27.15
24.46
9.741
10.62
12.49
9.448
11.39
17.19
11.41
11.34
8.594
7.886
7.874
10.52
8.728
7.886
11.44
16.97
