0.0102
0.01507
0.01793
0.009823
0.01154
0.01774
0.02213
0.01659
0.01764
0.01583
0.01068
0.01297
0.01574
0.01764
0.0227
0.01402
0.01593
0.02327
0.01774
0.009537
0.01297
0.02298
0.01764
0.009537
0.007153
0.01335
0.0123
0.009823
0.01116
0.01564
0.0205
0.02689
0.02069
0.01774
0.01411
0.04969
0.01259
0.01421
0.01316
0.007725
0.008011
0.01869
0.01287
0.01383
0.01173
0.00639
0.004768
0.006008
0.009346
0.01202
0.009251
0.01345
0.01001
0.01268
0.01688
0.01192
0.01459
0.01135
0.01888
0.01154
0.01965
0.02337
0.01669
0.01373
0.0144
0.01917
0.01993
0.01879
0.02022
0.01631
0.01898
0.01564
0.007629
0.01516
0.0123
0.01383
0.0165
0.01955
0.02279
0.02089
0.01554
0.01392
0.01516
0.01259
0.008392
0.01841
0.01621
0.01669
0.02737
0.0227
0.02003
0.01745
0.01383
0.01421
0.01354
0.02213
0.01974
0.02365
0.02356
0.01583
0.01698
0.02985
0.03052
0.0268
0.02775
0.02108
0.02031
0.02432
0.01822
0.0268
0.02537
0.02012
0.02537
0.01755
0.02136
0.01831
0.01879
0.02337
0.0186
0.01554
0.008392
0.0186
0.01974
0.02995
0.0185
0.01802
0.02604
0.0268
0.0246
0.01431
0.01392
0.01431
0.01421
0.02375
0.01125
0.01583
0.01307
0.01554
0.01259
0.01392
0.01459
0.01297
0.01373
0.01125
0.01106
0.01078
0.009727
0.01383
0.01354
0.02251
0.02184
0.0206
0.01459
0.01717
0.01173
0.009346
0.01163
0.02203
0.01459
0.01059
0.01411
0.01574
0.0247
0.01526
0.008678
0.01154
0.01163
0.008965
0.01116
0.02136
0.02947
0.01945
0.01278
0.01287
0.01726
0.02098
0.01879
0.02222
0.01869
0.02356
0.01259
0.02308
0.02222
0.02775
0.02031
0.0289
0.0288
0.02985
0.02193
0.03405
0.01974
0.02241
0.02127
0.02165
0.02146
0.01783
0.02699
0.02089
0.02832
0.02308
0.02422
0.0206
0.01764
0.01574
0.009537
0.01364
0.009918
0.01078
0.02069
0.0247
0.007534
0.01345
0.006485
0.01116
0.02813
0.01707
0.01326
0.03891
0.03452
0.02823
0.03195
0.02613
0.01755
0.01431
0.01364
0.01307
0.0144
0.006294
0.006866
0.01497
0.009155
0.007057
0.007439
0.009632
0.005913
0.006676
0.007439
0.004292
0.005341
0.007439
0.006294
0.009251
0.02117
0.01335
0.006294
0.01326
0.007725
0.01411
0.01135
0.008774
0.01154
0.007153
0.008678
0.03309
0.0206
0.02012
0.01926
0.01955
0.01249
0.01564
0.01717
0.01678
0.01936
0.01564
0.01287
0.009823
0.01106
0.008965
0.01173
0.01631
0.01297
0.02022
0.01192
0.009727
0.008202
0.005627
0.008583
0.005722
0.01221
0.01087
0.01125
0.01488
0.01059
0.02041
0.01268
0.01822
0.01936
0.01583
0.01736
0.01726
0.01717
0.0144
0.01116
0.01354
0.01688
0.01478
0.02098
0.0186
0.01707
0.01783
0.01593
0.02375
0.01688
0.01678
0.01936
0.01659
0.01373
0.02022
0.02241
0.02823
0.01831
0.01364
0.01564
0.01698
0.01488
0.02613
0.0103
0.008583
0.01001
0.01268
0.0124
0.01564
0.006866
0.05541
0.01945
0.02623
0.02069
0.02718
0.01364
0.006294
0.008583
0.0123
0.01011
0.008011
0.0144
0.01087
0.01345
0.01326
0.0102
0.01154
0.01316
0.0185
0.01602
0.01841
0.01774
0.0144
0.01278
0.0145
0.009155
0.01326
0.01659
0.01392
0.008869
0.01478
0.01945
0.02279
0.01335
0.02193
0.01554
0.01593
0.0103
0.01078
0.02241
0.01612
0.01068
0.01926
0.01507
0.01812
0.01955
0.01402
0.01669
0.0164
0.01297
0.01717
0.02022
0.0186
0.01822
0.01593
0.0246
0.02546
0.02651
0.0226
0.02165
0.03271
0.01383
0.02737
0.04025
0.03624
0.02308
0.02556
0.0227
0.02317
0.02766
0.02575
0.02747
0.03681
0.01812
0.01917
0.0205
0.01707
0.01192
0.01287
0.01926
0.01373
0.0123
0.01526
0.01287
0.02441
0.008488
0.01955
0.01974
0.02289
0.03242
0.0205
0.01783
0.01812
0.01173
0.0102
0.008774
0.01297
0.00658
0.00906
0.01297
0.008869
0.007725
0.01278
0.01059
0.01202
0.00658
0.00639
0.009632
0.004101
0.003529
0.006008
0.01802
0.01507
0.00515
0.0123
0.006676
0.009537
0.008297
0.007343
0.0103
0.007725
0.009918
0.009251
0.01287
0.009823
0.01116
0.01001
0.01268
0.01316
0.006962
0.008011
0.004292
0.008488
0.009537
0.01535
0.01106
0.01078
0.01087
0.01183
0.01307
0.01917
0.0246
0.01917
0.0247
0.02785
0.02222
0.03538
0.02689
0.02213
0.02584
0.02184
0.02451
0.02069
0.0248
0.02499
0.0185
0.02098
0.01574
0.01478
0.01907
0.00906
0.01335
0.01516
0.01459
0.01497
0.0104
0.0145
0.01678
0.0123
0.0145
0.02136
0.01755
0.02193
0.04215
0.02098
0.01335
0.01841
0.02537
0.01688
0.01106
0.01497
0.01221
0.01106
0.01898
0.02165
0.0289
0.02413
0.0227
0.02317
0.02651
0.01793
0.01764
0.01268
0.01135
0.01459
0.01097
0.01163
0.008678
0.008488
0.01297
0.0102
0.008297
0.007439
0.008202
0.009727
0.006866
0.01001
0.006962
0.008392
0.01049
0.01259
0.01297
0.01144
0.01326
0.01364
0.009918
0.009632
0.01545
0.01793
0.01383
0.01726
0.0144
0.01659
0.01698
0.0185
0.02193
0.02975
0.01831
0.01469
0.01183
0.01116
0.01898
0.01478
0.01516
0.0164
0.01793
0.02413
0.01507
0.01068
0.01068
0.009346
0.01163
0.0144
0.01688
0.02222
0.01974
0.01459
0.01898
0.02108
0.01631
0.02136
0.02346
0.02346
0.02346
0.0246
0.04749
0.0453
0.03567
0.02565
0.03157
0.03834
0.03805
0.0309
0.03204
0.01755
0.01831
0.0206
0.02165
0.01936
0.01316
0.0104
0.01955
0.01554
0.01154
0.01564
0.0145
0.01316
0.01297
0.01545
0.01478
0.01459
0.01488
0.01888
0.02127
0.02413
0.02775
0.02384
0.02079
0.05465
0.02127
0.01955
0.01297
0.009155
0.01802
0.01974
0.01335
0.01354
0.01097
0.01154
0.009155
0.009727
0.006485
0.01335
0.01106
0.01297
0.008392
0.01612
0.01907
0.01974
0.01669
0.01221
0.0103
0.009632
0.01574
0.01669
0.01707
0.01173
0.01116
0.01135
0.01011
0.01278
0.0103
0.01602
0.01631
0.02356
0.02127
0.02747
0.01879
0.0165
0.01993
0.01631
0.02279
0.01621
0.01163
0.01755
0.01221
0.01192
0.01211
0.01822
0.01841
0.008869
0.01135
0.02851
0.02756
0.0226
0.02337
0.02918
0.01497
0.0206
0.02213
0.02804
0.01917
0.02279
0.01755
0.01717
0.02661
0.02766
0.0267
0.03042
0.01879
0.0186
0.01602
0.01545
0.01698
0.0164
0.0164
0.01469
0.01526
0.01431
0.01593
0.01535
0.01383
0.02422
0.01183
0.0206
0.01783
0.01221
0.01173
0.01373
0.01307
0.01984
0.01574
0.01116
0.01087
0.0124
0.01364
0.01211
0.01545
0.01202
0.01192
0.006008
0.009537
0.006104
0.006866
0.007534
0.008965
0.008869
0.004196
0.009632
0.02041
0.008202
0.005531
0.01097
0.009441
0.01297
0.01135
0.009632
0.0124
0.01345
0.01316
0.01602
0.008202
0.009632
0.01078
0.01593
0.009727
0.008678
0.009727
0.006485
0.006008
0.005054
0.00515
0.01345
0.0102
0.01078
0.0123
0.0103
0.009155
0.01268
0.01049
0.01993
0.0165
0.01173
0.01316
0.01345
0.01678
0.02155
0.01802
0.01907
0.01526
0.01669
0.02337
0.02108
0.0227
0.01659
0.0247
0.02098
0.01869
0.02012
0.0205
0.02184
0.02069
0.01802
0.02718
0.02537
0.03023
0.02193
0.01144
0.01945
0.01259
0.008297
0.007248
0.009537
0.01192
0.01125
0.0103
0.01144
0.01392
0.0123
0.01507
0.02489
0.03223
0.03424
0.03548
0.02728
0.01478
0.04311
0.02537
0.01526
0.008392
0.006199
0.007057
0.007153
0.01078
0.009441
0.006771
0.008106
0.008488
0.006199
0.004768
0.00658
0.007343
0.004292
0.006866
0.01211
0.006771
0.01144
0.009537
0.01402
0.01411
0.01707
0.01526
0.01078
0.009727
0.01183
0.01955
0.01497
0.02222
0.0185
0.01926
0.01392
0.01354
0.01726
