17.33
17.99
20.34
20.63
15.48
18.19
17.92
17.14
17.21
16.67
11.29
19.95
10.05
10.18
9.644
9.155
9.595
11.45
18.19
10.39
12.37
12.67
13.94
12.45
13.53
18.43
16.89
17.11
16.53
19.97
22.22
27.64
27.2
23.29
22.58
22.92
21.68
19.8
14.99
10.66
10.36
15.23
13.18
10.34
12.67
16.75
17.65
12.79
13.75
18.26
26.37
15.82
13.99
13.09
16.09
15.77
20.21
17.6
17.11
18.87
15.99
18.63
14.09
15.19
19.09
17.41
17.5
15.58
12.48
9.229
14.36
16.21
17.14
20.46
16.14
20.48
21.7
21.02
21.9
24.15
16.38
18.41
18.58
12.43
8.435
11.95
8.923
15.04
17.14
17.85
14.87
15.21
14.58
13.62
15.01
17.11
14.7
16.75
16.36
17.75
18.02
22.29
22.39
22.49
19.82
20.58
19.09
15.82
17.53
20.78
14.84
12.37
11.1
9.607
10.11
11.15
10.83
11.93
12.92
15.16
12.22
22.19
29.74
31.98
18.68
16.02
13.43
10.22
10.29
9.521
7.959
8.472
7.776
12.1
8.875
9.668
9.399
8.459
9.192
10.34
9.07
9.497
11.1
11.4
13.11
22.34
31.05
23.14
19.21
18.9
19.34
17.43
17.36
11.87
10.79
13.6
12.0
16.63
13.04
14.36
14.87
14.87
14.58
14.36
10.45
10.29
10.91
11.12
9.705
13.6
19.58
18.02
13.94
13.75
16.65
13.77
12.62
13.65
14.16
16.94
15.72
15.99
13.28
20.41
25.34
21.68
22.97
25.73
26.12
23.61
24.39
18.51
17.58
9.595
11.16
11.63
14.6
17.77
16.85
16.85
13.31
16.65
15.92
17.21
14.89
17.11
15.01
15.87
15.11
15.38
17.21
14.82
17.87
15.53
17.58
16.94
15.75
18.82
17.97
17.21
17.16
15.45
11.41
11.08
11.61
10.86
9.851
12.28
8.984
12.6
9.998
8.997
8.923
8.081
8.679
8.301
9.802
10.08
12.6
13.82
13.77
16.21
14.53
15.62
17.8
19.97
20.17
15.94
19.17
19.02
20.0
17.38
19.46
19.31
18.68
16.67
15.28
16.09
15.72
14.36
12.89
12.92
13.84
18.21
17.04
19.92
22.12
18.6
17.31
18.95
19.92
18.14
19.34
18.38
16.14
16.14
14.5
14.94
17.94
17.26
16.67
18.29
17.07
16.53
16.28
12.87
13.87
14.33
15.8
18.38
20.58
21.17
16.28
15.16
16.55
16.09
16.99
17.63
15.87
17.41
17.33
19.75
17.77
12.87
16.92
15.45
15.33
14.87
13.31
17.65
15.58
13.18
14.14
20.21
28.81
28.61
18.53
16.6
18.09
17.21
17.09
16.63
15.38
17.07
13.31
14.94
17.41
21.51
23.8
21.8
22.27
21.63
19.87
19.95
17.75
15.36
15.92
16.63
18.99
19.48
21.78
22.63
21.29
21.66
17.41
17.8
18.92
16.31
16.8
15.92
16.06
15.41
13.57
16.82
18.9
17.68
17.02
14.62
16.38
16.36
17.68
16.33
14.45
13.92
14.14
16.19
14.04
18.41
15.36
15.7
15.04
15.72
16.38
14.55
16.04
19.24
19.85
17.48
17.36
16.6
15.97
16.19
14.36
18.46
12.0
18.8
21.24
21.53
18.7
16.14
17.02
18.21
16.04
15.99
15.89
13.16
12.19
12.12
10.53
10.97
10.97
12.27
11.4
10.16
9.985
12.82
10.64
10.12
9.033
12.77
18.38
22.44
18.46
16.87
16.85
14.62
16.38
17.48
13.5
14.62
12.04
13.06
13.77
14.14
15.6
14.33
13.57
14.55
12.55
11.38
10.6
9.827
8.167
9.729
13.33
11.88
15.97
18.09
19.75
20.61
18.75
18.48
18.21
17.46
18.31
18.48
18.58
16.77
17.6
16.11
16.19
14.45
13.53
13.23
6.555
8.423
10.41
12.3
16.94
21.0
19.65
16.28
17.09
12.55
14.4
13.94
14.7
17.31
15.5
18.16
17.87
17.53
15.62
15.84
14.48
12.96
13.26
12.92
12.06
13.84
14.62
14.18
19.7
17.8
17.26
13.53
14.16
15.84
12.3
12.77
12.92
12.72
18.53
23.41
20.53
17.99
21.26
18.95
13.06
15.6
13.79
12.62
19.92
27.69
26.76
25.34
13.4
14.04
19.24
15.21
15.43
15.16
17.99
16.11
12.13
13.01
11.19
11.82
13.04
10.79
10.27
11.02
12.92
11.79
11.16
11.07
10.66
10.91
11.45
15.31
18.7
21.58
21.7
22.31
22.27
23.54
20.8
20.51
22.53
19.6
20.53
21.46
20.58
20.68
18.68
23.32
20.87
18.65
16.46
19.24
16.7
16.43
16.31
15.28
19.19
18.21
18.77
20.29
19.19
18.87
17.87
19.21
16.21
16.55
17.43
17.68
17.38
20.36
19.92
18.82
16.75
15.36
15.55
14.26
15.48
16.21
14.84
14.97
20.97
18.7
19.7
15.84
22.85
22.9
22.71
22.29
21.97
12.92
15.36
14.36
16.09
12.89
13.23
11.9
11.35
11.22
11.69
10.85
18.09
27.44
11.45
10.83
10.85
13.7
14.89
10.66
14.26
19.24
18.26
20.04
19.41
19.97
16.53
21.92
16.28
16.06
16.19
12.55
13.7
15.67
13.4
16.21
16.46
15.31
18.63
17.38
15.33
16.14
17.85
18.12
20.07
19.48
18.38
18.43
12.94
15.72
17.48
20.39
14.28
14.99
16.5
14.99
17.65
15.97
19.14
16.09
19.8
21.7
20.21
20.75
16.5
15.8
15.38
16.87
17.68
15.82
16.11
14.87
9.985
10.36
13.26
22.9
18.7
10.56
10.5
19.75
15.45
14.82
14.45
16.89
14.14
13.23
14.06
16.48
18.7
19.51
16.6
15.16
17.46
18.68
20.34
15.06
17.46
20.63
14.62
21.26
19.41
20.24
18.33
18.8
16.82
16.82
16.97
21.24
22.24
14.97
9.863
13.16
18.36
19.09
16.6
14.38
17.53
20.41
17.14
17.63
17.46
15.23
11.1
13.11
12.4
12.22
12.96
12.37
12.74
12.87
13.84
14.5
13.11
11.19
9.766
12.84
14.18
16.02
15.43
17.46
21.63
20.56
19.36
19.17
19.68
18.87
18.7
22.75
18.21
18.21
17.31
16.5
14.87
14.92
14.94
12.7
12.07
6.409
6.995
11.84
18.12
19.31
15.21
16.26
18.77
17.85
17.87
16.77
14.11
17.58
20.02
20.78
18.58
22.66
24.49
21.97
23.41
20.39
18.95
16.6
15.7
15.36
16.14
15.87
13.84
15.21
16.87
18.9
17.92
20.17
20.19
17.82
16.82
16.24
14.72
19.8
15.84
17.29
13.92
18.77
24.05
12.92
12.79
12.16
11.77
11.36
14.11
19.43
20.61
19.34
20.39
17.6
15.26
23.17
18.14
13.94
8.997
8.606
7.898
9.314
10.38
7.581
8.679
8.899
10.6
8.02
8.606
8.582
9.961
11.24
13.31
14.55
14.65
17.41
17.58
21.0
22.27
21.12
22.24
18.65
17.14
18.7
21.22
22.8
21.31
20.07
17.33
12.99
13.87
19.29
