0.02346
0.02861
0.02346
0.02604
0.02604
0.02604
0.02604
0.02604
0.02346
0.02604
0.02604
0.02604
0.02604
0.02604
0.02346
0.02604
0.02604
0.02604
0.02346
0.02604
0.02346
0.02604
0.02604
0.02604
0.02346
0.02604
0.02604
0.02604
0.02346
0.02861
0.02346
0.02604
0.02346
11.24
20.68
17.02
15.67
15.72
15.97
17.41
16.28
15.62
17.02
17.5
17.43
16.31
15.92
17.43
15.01
7.288
19.02
17.5
15.62
15.5
15.6
15.82
15.55
15.55
16.02
16.02
16.58
16.19
16.24
17.94
12.37
20.46
18.58
16.6
16.19
16.14
17.26
19.31
20.04
17.38
15.72
18.36
18.19
17.36
15.38
18.12
17.75
17.36
12.17
16.28
16.65
17.04
18.07
13.84
13.28
20.78
20.56
17.48
21.63
20.83
22.78
22.29
23.88
25.59
14.4
19.19
22.68
22.58
22.12
28.37
27.98
27.69
27.25
19.51
4.376
4.48
18.07
20.04
20.24
20.34
11.4
20.43
23.63
25.54
25.1
24.32
22.49
21.02
22.41
22.19
13.57
15.06
15.16
15.58
24.24
18.65
6.36
7.947
13.5
10.53
19.82
24.0
27.15
28.27
26.51
24.02
18.55
18.26
18.58
16.38
9.827
20.51
23.85
23.61
24.17
22.9
22.58
21.8
19.53
21.51
22.61
14.92
17.5
19.63
20.14
10.85
17.48
20.09
21.17
20.61
19.95
20.29
18.99
18.68
17.75
19.12
18.55
15.11
14.36
14.89
12.94
9.375
12.18
19.12
20.36
19.6
17.94
2.084
0.5363
0.07811
0.02604
0.02604
0.02604
0.02604
0.02604
0.02604
0.02604
0.03128
1.938
12.4
6.799
12.82
12.7
11.67
13.4
9.875
9.436
5.078
0.4372
13.5
0.1459
0.1249
0.02604
0.02604
0.02604
0.02604
0.02604
0.02604
0.02604
0.02604
0.02604
0.02604
0.02604
0.03128
0.02079
12.38
12.49
10.52
15.65
16.99
16.8
15.21
5.029
0.5783
11.11
1.886
0.1354
0.04168
0.02604
0.02604
0.02604
0.02604
0.02604
0.02604
0.02604
0.02604
0.02604
5.06
9.204
11.34
14.84
16.87
16.11
20.92
10.28
0.9216
16.31
12.35
3.711
0.1667
0.04168
0.03128
0.02604
0.02604
0.02604
0.02604
0.02604
0.02604
0.02604
0.03128
0.02604
0.02604
0.02604
0.03128
0.02604
0.02604
0.02604
0.03128
0.02604
0.02604
14.06
14.28
14.82
18.48
16.43
14.72
15.55
1.01
0.4997
0.05732
0.02604
0.03128
0.02604
0.02604
15.58
17.9
15.19
14.67
14.01
1.712
12.94
13.11
11.06
1.996
0.1406
0.04168
0.02604
0.03128
0.02604
0.02604
0.02604
0.03128
0.02604
0.02604
0.02604
0.03128
0.02604
0.02604
0.02604
0.03128
0.02604
0.03128
0.02079
0.03128
0.02604
0.02604
0.02604
0.03128
0.03128
0.03128
0.02604
0.02604
0.02604
0.02604
0.02604
0.03128
0.02604
0.02604
0.02604
0.03128
0.02604
0.02604
0.02604
0.03128
0.02079
0.03128
0.02604
0.02604
0.03128
0.02604
0.02604
0.03128
0.02604
0.02604
0.03128
0.02604
0.02604
0.03128
0.02604
0.03128
0.02604
0.03128
0.02604
0.03128
0.02604
0.03128
0.02604
0.03128
0.02604
2.563
19.31
21.31
22.19
20.78
20.46
19.26
19.24
18.19
15.33
15.5
16.04
16.6
15.55
15.7
15.7
16.77
17.87
19.04
18.8
17.65
17.5
17.14
17.43
19.73
19.26
20.26
21.09
20.09
20.02
21.09
19.8
19.17
17.8
16.04
17.41
18.36
18.68
19.09
17.63
21.41
21.51
18.24
19.75
19.95
30.71
8.887
30.13
31.88
31.54
33.4
32.03
32.86
32.03
32.13
33.15
31.93
31.45
31.84
30.32
28.61
32.67
31.98
29.0
27.98
28.86
23.75
25.78
26.76
28.22
30.13
22.29
23.29
23.12
27.2
18.07
15.21
22.8
25.1
24.46
23.05
27.0
28.03
26.61
25.73
25.54
28.32
30.52
29.35
28.56
27.1
26.32
24.9
25.1
29.2
28.66
28.03
27.05
28.03
15.48
26.22
27.59
25.15
26.12
29.05
27.15
25.34
25.59
25.1
10.18
21.46
21.97
21.09
25.63
27.88
26.37
23.78
24.32
24.88
24.32
25.83
25.49
24.66
24.68
24.9
24.68
24.05
24.76
25.54
24.78
24.58
24.44
29.25
26.71
16.5
18.07
19.78
21.04
19.97
18.63
21.95
24.17
23.54
21.51
23.44
25.1
7.812
20.85
21.78
25.54
25.98
23.19
20.83
23.93
24.66
22.19
21.39
24.85
24.12
22.75
21.07
18.87
17.63
15.31
15.53
16.55
22.02
25.0
23.34
24.12
22.36
19.9
20.78
21.09
22.58
17.77
15.87
16.16
17.53
17.72
18.48
17.55
19.31
20.65
17.29
16.55
17.33
18.75
17.75
16.8
18.26
22.44
23.93
24.9
23.07
22.73
22.78
19.9
16.99
20.95
22.49
23.17
19.17
18.77
16.26
17.21
16.43
17.11
16.7
12.35
16.89
18.65
16.46
16.48
17.55
15.72
15.87
15.28
17.31
18.48
17.65
17.94
10.47
15.28
20.7
23.61
24.68
23.32
21.85
23.41
23.58
24.88
25.24
25.34
24.1
24.29
24.17
24.22
25.39
25.73
25.0
24.32
24.73
25.15
26.32
26.22
25.49
24.32
22.46
16.82
22.09
22.8
23.85
21.07
24.07
23.41
16.85
20.09
19.21
18.97
18.9
10.77
18.02
18.07
21.12
21.53
21.34
21.34
21.78
21.12
18.82
20.17
22.56
22.41
22.05
21.31
23.19
30.52
40.28
40.33
40.19
40.33
40.09
39.89
30.13
34.96
42.43
41.41
35.64
30.57
29.59
29.69
16.94
39.36
38.48
37.6
40.19
39.7
39.99
41.21
40.67
38.96
38.28
35.64
30.66
26.37
22.51
19.92
19.53
16.94
16.09
15.65
14.11
16.28
16.55
18.51
20.97
19.29
21.34
26.03
26.32
22.75
24.78
23.32
12.72
37.74
29.54
35.55
36.91
7.397
16.31
33.98
23.05
24.63
27.59
16.99
15.8
11.18
21.78
24.27
25.1
24.07
26.07
28.52
29.3
30.03
29.54
28.66
27.05
26.76
26.37
26.03
27.0
26.27
27.25
27.44
27.39
26.56
26.17
25.93
22.51
17.02
19.7
20.04
19.41
20.04
23.1
22.07
21.22
20.73
18.77
21.19
24.15
17.21
16.09
15.8
18.8
17.77
15.16
14.7
15.92
15.8
16.41
16.38
18.07
19.41
19.41
14.21
15.06
14.09
14.97
13.31
13.82
15.36
15.06
15.53
16.48
20.36
22.92
15.75
14.62
15.82
15.92
18.33
18.75
17.77
13.96
13.57
15.43
12.94
14.53
15.04
14.82
12.32
24.07
24.39
22.49
22.95
22.8
23.51
24.07
23.24
22.66
23.49
23.85
25.63
27.29
24.76
25.78
25.98
25.93
25.39
25.2
24.27
23.88
23.73
24.29
25.59
20.07
17.5
21.02
23.93
25.93
25.68
25.68
20.41
21.07
19.97
17.26
18.73
13.89
0.1146
0.05732
0.02604
0.02604
0.02604
0.02604
0.02079
0.03128
0.02604
0.02604
0.02604
0.03128
0.02604
0.02604
0.02604
8.557
17.21
13.5
16.53
14.87
14.75
17.14
