0.0
0.0
0.0
0.0
0.0
0.0
0.0
0.0
0.0
0.0
0.0
0.0
0.0
0.0
9.537e-05
0.0
0.0
0.0
0.0
0.0
0.0
9.537e-05
0.0
0.0
0.0
0.0
0.0
0.0
9.537e-05
0.0
0.0
0.0
0.003433
0.1097
1.3
1.347
1.381
1.46
1.358
1.062
2.908
4.651
3.29
3.906
0.6195
0.9827
1.7
1.877
1.305
1.624
4.7
2.676
2.82
3.558
0.5157
1.042
2.02
2.13
2.304
2.328
6.335
4.498
1.959
0.2026
1.132
1.225
1.34
1.065
1.054
1.044
1.462
5.505
2.109
3.241
1.88
0.1408
0.2075
1.042
1.239
1.199
1.199
1.324
1.259
1.135
5.225
1.721
2.67
3.088
0.8514
0.3975
0.9155
1.097
0.9323
1.053
1.033
1.05
0.946
1.076
3.986
3.503
2.573
2.133
1.218
0.3029
0.2991
0.0824
0.1087
0.3857
0.1883
0.4135
1.268
2.026
2.048
2.097
1.81
5.42
3.143
2.722
0.4272
0.457
0.563
0.4898
0.2522
0.8469
0.2861
0.1612
0.4578
0.1102
0.9338
0.7332
0.6996
0.6737
0.5386
0.9354
0.1171
1.413
1.7
1.694
1.764
3.625
4.608
3.418
2.933
0.8591
0.4784
0.3384
0.2197
0.9262
1.447
1.77
1.712
1.727
1.494
5.475
1.944
3.552
1.682
0.8255
0.4341
0.5867
1.385
1.561
1.462
1.35
1.352
4.572
3.217
3.833
2.435
0.1953
0.544
0.2636
0.1184
0.1856
0.309
0.3807
0.4097
0.5173
0.4135
0.1396
0.1049
0.4227
0.008488
9.537e-05
0.0
0.0
0.0
0.0
0.008965
0.5341
0.2361
0.1123
0.07744
0.2495
0.1842
0.0
0.0515
0.4265
0.3899
0.325
0.3784
0.3223
0.1087
0.09089
0.2754
0.1154
0.0001907
9.537e-05
0.0
0.0
0.0
0.0
0.02861
0.547
0.1648
0.1196
0.07963
0.2987
0.1547
0.2769
0.2995
0.396
0.1497
0.2228
0.4768
0.08373
0.1146
0.1558
0.2689
0.2178
0.01955
9.537e-05
0.0
0.0
0.0
0.0
0.05455
0.4646
0.5714
0.1375
0.2239
0.3822
0.2132
0.3078
0.6577
0.2953
0.5005
0.139
0.1268
0.2457
0.219
0.7782
0.4471
0.1457
0.1324
0.1762
0.2464
0.02832
0.0005722
0.0
0.05836
0.8087
0.2182
0.1295
0.08535
0.2739
0.5798
0.1026
0.09642
0.2644
0.1373
0.1976
0.2285
0.2388
0.2438
0.4608
0.2064
0.1072
0.09022
0.3231
0.05188
0.0003815
0.0
0.0
0.3998
0.4707
0.8255
0.2655
0.3292
0.2777
0.3319
0.5417
0.3155
0.2129
0.2399
0.23
0.2281
0.1749
0.1678
0.1713
0.6317
0.2399
0.1064
0.09804
0.33
0.01783
0.0003815
0.0
0.0
0.5615
0.2861
0.1284
0.2392
0.5249
0.2029
0.1074
0.3071
0.2037
0.1049
0.4402
0.182
0.3643
0.1673
0.1242
0.2602
0.1637
0.0002861
9.537e-05
0.0
0.0
0.0
0.0
9.537e-05
0.1116
0.3143
0.2483
0.3536
0.3567
0.1846
0.3616
0.5173
0.1471
0.1968
0.7294
0.6111
0.2232
0.3323
0.3246
0.1179
0.5058
0.0
9.537e-05
0.0
0.0
0.0
0.0001907
0.00267
0.006485
0.0
0.4036
0.2266
0.3384
0.354
0.2319
0.2106
0.1345
0.0
0.09727
0.156
0.4295
0.1938
0.3914
0.1799
0.2136
0.2045
0.5852
1.514
1.685
1.602
1.938
1.984
1.91
2.072
1.962
2.301
2.231
2.182
2.435
2.216
1.971
1.614
1.865
4.059
8.936
14.75
11.06
10.83
8.105
8.398
6.061
3.333
1.505
0.6203
1.408
1.572
1.801
1.813
1.617
1.999
2.252
2.31
2.197
1.773
2.051
2.222
1.996
2.182
2.31
2.148
3.497
6.543
10.02
11.85
11.15
8.936
9.607
7.153
4.932
2.261
0.3857
1.703
2.136
1.825
1.816
1.666
2.258
2.612
2.673
2.502
2.573
2.075
1.956
1.81
1.642
1.846
1.712
1.767
2.832
7.947
7.458
6.122
9.351
7.41
7.373
8.228
3.778
7.129
5.438
4.669
3.723
2.713
2.328
1.703
0.0
1.012
1.184
1.315
1.178
1.344
1.343
1.36
1.248
1.207
1.263
1.442
1.167
1.456
1.413
1.26
1.373
1.46
1.355
1.379
1.234
1.315
0.9766
0.9872
1.749
4.224
6.049
7.446
4.84
9.265
9.619
10.21
6.396
7.825
4.401
5.127
2.545
3.711
2.155
0.2213
1.111
1.3
1.117
0.9872
1.18
0.9644
1.46
1.022
1.163
1.115
1.227
1.033
1.103
1.067
1.164
0.9995
0.9415
1.079
1.199
1.161
1.146
1.122
1.12
1.001
1.085
1.062
1.045
0.9277
0.9308
0.6851
0.8057
0.9354
5.487
6.824
5.17
7.385
9.778
10.06
7.275
4.865
5.072
4.785
7.361
4.816
2.576
3.839
1.511
0.9323
0.5203
0.7828
0.7599
0.8591
3.302
3.925
2.963
2.075
0.3643
0.7698
1.093
1.091
1.3
1.131
1.007
1.205
1.151
1.286
1.35
1.361
1.231
1.248
1.306
1.146
1.134
1.059
1.045
1.048
0.9613
1.07
1.012
1.015
1.01
1.031
0.9399
0.8194
0.8698
2.856
6.897
5.591
5.737
6.299
7.947
10.53
8.777
6.799
6.122
5.035
4.889
3.9
3.21
1.874
1.669
0.2155
1.018
1.213
1.208
1.225
1.408
1.335
1.384
1.416
1.035
0.972
0.9766
1.137
1.12
1.271
1.175
1.276
1.094
1.323
1.378
1.253
1.259
1.366
1.439
1.506
1.399
1.617
4.541
7.166
6.0
3.821
10.18
6.384
7.703
6.665
4.993
8.142
6.494
4.095
4.59
3.247
2.972
0.3502
0.9979
1.279
1.537
1.534
1.543
1.447
1.411
1.158
1.266
1.294
1.291
1.335
1.404
1.483
1.599
1.462
1.801
1.947
1.755
1.572
1.566
1.558
1.663
1.828
4.62
7.129
7.104
7.69
9.021
9.338
9.131
4.449
8.582
5.481
3.687
4.321
2.017
2.975
0.4387
1.186
0.378
1.314
0.1392
1.819
1.097
0.3769
1.639
1.468
0.145
1.289
0.1638
1.347
0.3464
0.3506
0.1116
0.09184
0.1572
0.3132
0.1678
1.489
0.2075
1.515
0.2598
1.476
0.1619
1.28
0.4089
0.8682
0.4173
0.09432
0.1299
0.08583
0.2419
0.1284
1.013
0.3139
0.2571
0.128
0.08135
0.3639
0.1772
1.024
0.5821
0.4868
0.795
0.5142
0.6058
0.2804
0.09937
0.08183
0.1938
0.219
0.1619
0.8774
0.3929
1.115
0.3178
0.07896
0.1076
0.1101
0.3338
0.5569
0.7668
0.3471
0.1421
0.136
0.1354
0.2934
0.0004768
0.09003
0.576
0.6805
0.2712
0.2007
0.5104
0.4417
0.1539
0.333
0.4555
0.4143
0.3529
0.56
0.396
0.1501
0.1024
0.06781
0.2453
0.2098
0.3765
0.3708
0.3231
0.2266
0.1411
0.8957
1.239
1.076
1.077
1.022
1.559
1.16
0.9659
1.064
1.131
1.079
0.9705
1.117
1.07
1.091
1.013
1.128
1.332
1.505
1.431
1.239
1.535
1.611
1.474
1.697
1.694
1.611
4.791
7.654
4.016
7.141
7.031
11.34
9.46
5.835
5.188
8.728
4.163
4.626
3.54
3.085
2.469
0.6325
0.0
0.0
0.02184
0.6477
0.1919
0.5486
0.7187
0.4082
0.1387
0.7477
0.3174
0.09518
0.09842
