9.497
9.338
9.375
9.644
9.216
8.997
8.911
9.29
9.302
9.326
9.619
9.473
9.302
9.351
9.326
9.436
9.387
9.302
9.497
9.631
9.534
9.204
8.948
9.155
9.9
9.216
9.253
9.253
9.204
9.192
9.546
9.253
9.192
9.265
8.972
8.948
8.948
9.106
9.058
9.204
9.253
9.204
9.155
9.167
9.265
9.106
8.899
8.96
8.911
8.972
9.021
9.155
9.521
9.265
9.326
9.473
8.948
9.131
9.07
8.984
8.997
9.021
9.07
9.375
9.399
9.314
9.351
10.36
16.11
16.09
16.09
16.09
16.09
16.11
16.09
16.09
16.09
16.09
16.11
16.11
16.09
16.09
16.06
15.92
15.94
16.09
16.09
16.11
16.09
16.11
16.09
15.89
15.62
15.53
15.38
14.58
14.36
14.43
14.62
14.67
14.53
14.43
14.33
14.28
14.11
13.99
13.7
12.99
12.57
12.57
12.74
12.79
12.6
12.41
12.46
12.6
12.77
12.72
12.35
12.28
12.22
11.96
11.83
11.96
12.11
12.04
12.05
11.99
12.12
12.06
12.23
12.21
12.08
11.85
11.56
11.44
11.39
11.3
12.13
11.65
11.32
11.38
11.43
11.28
11.43
11.47
11.63
11.6
11.36
11.39
11.38
11.23
11.1
11.21
11.34
11.16
11.32
11.35
11.12
11.32
11.17
11.13
10.88
10.93
10.34
10.23
10.14
10.08
10.07
10.06
10.27
10.3
10.38
10.46
10.31
9.937
10.14
10.23
10.38
10.3
10.23
10.36
10.27
9.888
9.436
9.277
9.155
9.082
8.948
8.984
9.082
8.667
8.618
8.789
8.826
8.777
8.813
8.911
9.119
9.058
9.058
9.021
9.277
9.094
9.18
9.119
9.18
9.082
9.167
9.131
9.253
9.424
9.729
9.485
9.424
9.009
9.131
9.241
9.045
9.253
9.314
9.448
9.338
9.326
9.265
9.387
9.265
9.399
9.46
9.619
9.473
9.668
9.448
9.448
9.521
9.644
9.497
9.521
9.741
9.607
9.583
9.412
9.619
9.497
9.509
9.851
9.753
9.46
9.656
9.18
9.485
9.29
9.473
9.448
9.631
9.46
9.363
9.497
9.473
9.375
9.497
9.509
9.656
9.961
9.985
9.326
9.363
9.363
9.143
9.131
9.314
9.766
9.583
9.534
9.546
9.497
9.509
9.558
9.717
9.839
9.631
9.167
9.131
9.265
9.241
9.436
9.387
9.497
9.338
9.436
9.656
9.229
9.119
8.972
8.923
9.045
9.326
9.155
9.229
9.241
9.351
9.314
9.241
9.29
9.094
9.18
9.448
8.875
8.826
8.96
9.119
9.119
9.082
9.265
9.387
9.192
9.241
9.058
9.692
15.23
15.99
15.99
15.99
15.99
15.99
15.99
15.99
15.99
15.99
15.99
15.99
15.99
15.8
15.72
15.55
15.38
15.33
15.33
15.5
15.43
15.58
15.53
15.62
15.62
15.7
15.55
15.43
15.19
15.26
15.28
14.87
14.33
14.4
14.38
14.28
14.38
14.36
13.65
13.67
13.77
13.38
13.45
12.77
12.92
12.92
12.15
12.19
12.26
12.27
12.5
12.65
12.5
12.52
12.62
12.7
12.77
12.29
12.06
11.67
11.76
11.47
11.46
11.57
11.58
11.73
12.01
11.66
11.55
11.69
11.72
11.63
11.78
11.84
12.12
12.0
11.43
11.46
11.54
11.56
11.74
11.76
11.5
11.49
11.47
11.79
11.72
11.8
11.61
11.17
11.27
11.39
11.51
11.78
11.67
11.67
11.61
11.51
11.56
11.88
11.13
11.0
10.16
9.619
9.839
9.741
9.949
9.985
9.973
10.06
9.839
9.973
10.03
10.08
10.02
9.924
9.863
10.01
10.17
10.02
10.27
9.668
9.412
9.192
9.094
9.229
9.253
9.253
8.777
8.862
8.911
8.801
9.094
9.021
9.204
9.192
8.997
9.143
9.131
8.972
9.119
9.375
9.631
9.29
9.216
9.375
9.436
9.57
9.631
9.485
9.534
9.534
9.546
9.534
9.851
9.338
9.351
9.412
9.595
9.521
9.277
9.375
9.387
9.375
9.57
9.509
9.583
9.607
9.717
9.558
9.399
9.424
9.558
9.619
10.13
9.814
9.839
10.11
9.741
9.668
9.57
9.583
9.753
9.9
10.07
9.973
10.12
10.17
9.937
9.644
9.485
9.412
9.631
9.668
9.827
9.717
9.546
9.57
9.607
9.802
9.692
9.619
9.68
9.583
9.717
9.802
9.985
10.03
9.888
9.485
9.204
9.241
9.57
9.57
9.827
9.888
9.729
9.766
9.656
9.595
9.79
9.888
9.509
9.949
9.375
9.167
9.29
9.387
9.46
9.436
9.412
9.448
9.473
9.229
9.07
9.29
9.424
9.241
9.18
9.119
9.326
9.375
9.229
9.241
9.351
9.351
9.314
9.07
8.984
9.045
9.082
9.106
8.984
9.119
9.497
9.253
9.253
9.229
8.936
9.595
15.7
16.02
16.02
15.97
15.94
15.97
15.94
15.97
15.94
15.94
15.97
15.97
15.94
15.94
15.97
15.94
15.97
15.97
15.99
15.94
15.99
15.97
15.97
15.99
15.97
15.97
15.97
15.97
15.94
15.99
15.94
15.92
15.5
15.26
15.31
15.21
14.99
14.89
14.82
14.97
14.99
15.11
15.31
15.11
15.11
15.06
14.97
14.97
15.06
14.99
15.14
15.5
15.31
15.28
14.99
15.06
15.19
15.09
15.16
15.38
15.36
15.33
15.28
15.26
14.94
14.33
14.16
14.09
14.06
14.21
14.21
14.21
14.01
14.18
14.06
14.11
14.09
14.21
14.21
14.5
14.18
14.04
13.89
13.82
13.94
14.01
14.01
13.96
14.01
14.01
13.96
13.82
13.82
13.82
13.82
13.82
13.13
12.22
12.3
12.27
12.12
12.12
11.25
11.54
11.25
11.43
11.12
10.68
10.79
10.77
10.83
10.93
10.96
10.8
11.08
11.18
11.04
10.94
10.61
10.52
10.56
10.61
10.46
10.55
10.82
10.45
9.924
9.412
9.338
9.082
9.021
9.216
9.241
9.143
8.936
8.936
8.63
8.582
9.045
9.106
9.277
9.009
9.07
8.96
9.082
9.119
8.826
9.058
9.143
9.131
9.277
9.155
9.18
9.143
9.07
9.314
9.094
9.241
9.29
9.241
9.399
9.448
9.607
9.448
