5.829
5.829
5.829
5.829
5.829
5.829
5.829
5.829
5.829
5.829
5.829
5.829
5.829
5.829
5.829
5.829
5.829
5.829
5.829
5.829
5.829
5.829
5.829
5.829
5.829
5.829
5.829
5.829
5.829
5.829
5.829
5.829
5.829
6.714
12.21
16.46
17.38
17.87
17.94
16.36
14.92
13.06
9.326
15.41
16.6
17.33
17.77
16.99
14.82
13.72
9.241
13.38
15.92
16.89
17.55
18.04
16.6
14.89
13.26
8.582
8.484
16.14
20.83
16.31
11.85
15.58
16.5
17.36
17.85
17.55
15.21
14.06
10.01
8.35
12.7
20.7
17.58
8.984
9.668
15.04
16.63
17.43
17.97
16.19
14.7
14.21
12.0
8.154
10.22
15.5
16.94
17.55
17.97
15.04
14.4
13.16
8.545
13.75
20.8
17.43
8.923
8.862
9.753
19.78
19.8
12.37
14.53
16.19
17.09
17.63
17.9
14.92
13.79
10.73
11.58
16.14
17.29
17.97
16.48
13.84
10.27
16.77
20.73
14.58
17.72
20.14
12.62
11.8
16.04
17.07
17.58
18.02
15.77
14.43
13.94
10.96
8.923
15.41
16.8
17.48
17.97
16.38
13.45
11.1
9.668
8.765
9.009
9.045
9.399
8.899
9.265
8.887
8.911
9.045
9.961
15.89
17.11
17.72
18.14
16.36
14.94
12.11
9.216
9.033
15.16
16.67
17.41
17.82
17.14
14.94
14.43
11.91
6.018
6.024
5.865
5.829
5.829
5.829
5.829
5.829
5.829
5.829
5.829
5.829
5.829
5.829
5.829
5.829
5.829
5.829
5.829
5.829
5.829
5.829
5.829
5.829
5.829
5.829
5.829
5.829
5.829
5.829
5.829
5.829
5.829
5.829
5.829
5.829
5.829
5.829
5.829
5.829
5.829
5.829
5.829
5.829
5.829
5.829
5.829
5.829
5.829
5.829
5.829
5.829
5.829
5.829
5.829
5.829
5.829
5.829
5.829
5.829
5.829
5.829
5.829
5.829
5.829
5.829
5.829
5.829
5.829
5.829
5.829
5.829
5.829
5.829
5.829
5.829
5.829
5.829
5.829
5.829
5.829
5.829
5.829
5.829
5.829
5.829
5.829
5.829
5.829
5.829
5.829
5.829
5.829
5.829
5.829
5.829
5.829
5.829
5.829
5.829
5.829
5.829
5.829
5.829
5.829
5.829
5.829
5.829
5.829
5.829
5.829
5.829
5.829
5.829
5.829
5.829
5.829
5.829
5.829
5.829
5.829
5.829
5.829
5.829
5.829
5.829
5.829
5.829
5.829
5.829
5.829
5.829
5.829
5.829
5.829
5.829
5.829
5.829
5.829
5.829
5.829
5.829
5.829
5.829
5.829
5.829
5.829
5.829
5.829
5.829
5.829
5.829
5.829
5.829
5.829
5.829
5.829
5.829
5.829
5.829
5.829
5.829
5.829
5.829
5.829
5.829
5.829
5.829
5.829
5.829
5.829
5.829
5.829
5.829
5.829
5.829
5.829
5.829
5.829
5.829
5.829
5.829
5.829
5.829
5.829
5.829
5.829
5.829
5.829
5.829
5.829
5.829
8.044
10.96
15.72
16.7
17.14
17.58
17.82
18.02
18.38
18.58
18.77
18.8
18.95
19.09
19.26
19.41
19.53
19.53
19.73
19.82
19.92
20.07
20.17
20.29
17.85
16.14
17.63
19.65
19.97
19.38
19.29
19.24
18.53
17.94
17.43
16.33
8.032
14.75
16.92
17.65
18.02
18.31
18.68
18.82
18.95
19.14
19.21
19.36
19.53
19.65
19.73
19.9
19.92
19.97
20.24
20.29
17.97
17.75
19.68
20.41
20.85
20.7
20.29
19.53
17.14
16.65
16.5
8.044
13.09
16.55
17.46
18.02
18.31
18.8
18.95
19.17
19.21
19.34
19.41
19.56
19.65
19.78
19.87
19.92
20.17
20.26
19.02
17.24
18.99
20.14
20.78
20.78
20.78
20.61
20.21
19.65
19.14
10.5
14.11
16.8
17.63
18.04
18.51
18.85
19.09
19.14
19.31
19.43
19.56
19.7
19.73
19.75
19.92
20.12
20.31
20.41
17.58
16.04
17.09
18.31
19.85
20.51
20.51
20.51
20.48
20.48
20.21
19.9
18.36
15.6
8.386
12.57
16.82
17.7
18.12
18.48
18.77
19.02
19.14
19.26
19.38
19.53
19.63
19.73
19.78
19.92
20.09
20.19
20.36
20.43
16.87
15.53
17.11
19.46
20.75
20.87
20.85
20.75
20.56
19.73
18.99
18.77
8.899
13.09
16.87
17.72
18.09
18.43
18.82
18.95
19.04
19.14
19.31
19.34
19.43
19.53
19.63
19.73
19.92
19.92
19.92
20.14
20.31
20.31
18.73
17.43
18.87
19.73
20.09
19.75
19.68
19.46
19.12
17.85
15.7
15.16
7.593
14.38
16.7
15.84
13.72
13.55
9.656
14.87
16.6
13.06
10.73
9.814
15.26
16.7
15.87
13.23
13.09
12.72
9.167
13.65
16.04
16.8
13.82
12.44
15.8
19.63
12.39
13.26
16.72
13.89
12.12
9.57
15.94
15.26
12.99
9.351
15.38
17.04
13.82
12.37
9.839
16.31
17.58
18.19
18.6
18.95
19.14
19.36
19.43
19.53
19.78
19.9
19.97
20.14
20.34
20.41
19.14
18.33
20.58
20.68
20.68
20.68
20.56
19.9
19.24
18.31
16.26
15.28
7.788
14.18
17.21
17.99
18.46
18.87
19.04
19.24
19.36
19.53
19.65
19.8
19.9
19.97
20.19
20.48
19.17
17.09
20.02
20.83
20.7
20.04
19.04
17.33
15.43
8.923
16.06
17.53
18.04
18.55
18.87
19.14
19.34
19.43
19.6
19.73
19.8
19.95
20.17
20.29
20.34
18.07
18.63
20.8
20.36
20.07
19.85
19.14
18.77
18.24
8.777
15.82
17.38
18.04
18.58
18.9
19.04
19.31
19.34
19.48
19.6
19.73
19.73
19.73
19.9
19.97
20.24
20.31
19.48
17.33
19.73
20.83
20.58
19.87
19.58
18.26
17.87
16.58
10.31
9.375
10.56
10.95
10.4
9.778
11.27
14.55
20.26
14.38
9.985
9.399
12.57
17.02
17.94
18.38
18.85
19.02
19.26
19.34
19.53
19.7
19.73
19.92
19.97
20.24
20.36
17.8
18.95
20.8
20.53
20.46
20.04
18.36
17.5
11.85
9.351
9.412
9.448
8.826
9.216
9.448
9.167
8.801
9.717
8.557
9.326
10.72
20.31
18.24
9.265
9.351
9.009
9.07
9.07
9.241
9.131
9.326
9.155
9.045
8.826
9.033
9.009
9.18
9.009
11.69
20.7
18.48
9.277
8.923
8.911
8.887
9.375
8.704
15.01
17.46
18.14
18.53
18.95
19.19
19.36
19.53
19.7
19.8
19.92
20.07
20.17
20.34
20.46
18.26
18.31
20.07
20.75
20.48
20.12
19.92
19.7
19.46
18.51
16.48
15.92
9.68
6.024
6.024
6.024
6.024
6.024
6.024
6.024
6.024
6.024
6.024
6.024
6.024
6.024
6.024
6.024
6.024
6.024
6.024
6.024
6.024
6.024
6.024
6.024
6.024
6.024
6.024
6.024
6.024
