16.7
19.04
17.16
17.19
17.72
18.21
16.82
17.82
18.12
16.94
17.16
18.55
17.11
17.43
18.38
16.63
18.43
16.82
18.21
16.48
16.55
16.92
16.16
16.53
18.36
17.8
18.58
17.21
18.31
16.14
16.26
15.6
17.8
15.41
16.06
16.77
17.63
17.07
18.55
16.65
19.09
15.72
16.85
17.41
16.89
17.63
17.6
18.07
18.07
19.29
16.28
17.19
17.7
17.9
18.46
19.21
19.6
18.19
18.92
18.95
18.26
18.97
18.68
16.75
20.73
17.11
17.24
16.7
17.55
16.8
16.82
16.46
19.34
21.56
16.14
16.16
15.58
17.65
15.67
15.77
15.45
14.97
16.55
16.06
15.5
15.01
15.48
15.11
14.72
14.92
16.53
15.04
14.99
16.26
15.89
17.29
14.84
15.7
15.09
15.99
16.16
15.45
16.11
16.02
16.14
16.99
16.77
16.46
16.02
16.63
16.63
15.43
15.89
16.06
15.89
16.33
15.38
17.38
16.72
17.6
17.6
15.84
16.53
17.24
18.58
16.89
15.7
17.04
14.99
16.14
17.5
15.75
15.5
15.84
15.21
16.11
15.04
16.36
15.16
16.26
17.43
16.7
16.33
17.09
16.06
17.21
14.67
16.58
16.33
15.94
16.26
16.46
16.58
17.5
16.55
16.28
15.82
16.58
16.24
15.65
16.89
16.24
16.36
16.04
15.5
15.94
16.26
16.14
15.92
17.36
16.16
15.99
15.26
17.11
16.09
16.77
17.77
15.99
16.38
17.38
16.14
16.02
16.67
18.73
19.38
17.29
18.16
17.77
17.82
17.36
16.24
20.29
17.65
17.55
16.24
18.41
18.51
16.8
17.58
17.87
18.82
16.58
17.38
17.94
16.19
17.19
15.99
19.02
16.72
16.77
15.92
17.99
17.38
17.77
17.14
15.8
15.5
16.67
17.48
16.5
16.24
17.8
18.51
16.19
16.7
16.7
17.77
16.5
15.87
16.33
17.85
18.29
16.58
16.58
17.11
17.48
16.87
17.41
17.33
15.99
18.97
18.36
16.04
17.5
17.6
15.65
17.02
15.38
16.06
19.04
17.7
16.67
17.85
17.7
15.92
14.75
15.19
16.19
16.43
16.58
15.09
14.48
14.97
16.33
15.26
15.43
15.53
16.21
16.7
15.58
16.72
16.82
15.48
17.21
17.19
16.16
17.14
15.16
18.09
15.77
19.24
17.21
16.77
16.65
16.5
16.94
18.07
16.16
18.12
17.53
16.31
16.67
18.68
15.62
16.36
14.94
15.6
15.84
16.33
14.99
15.65
16.87
15.87
16.7
16.53
16.11
16.43
16.24
16.04
16.92
17.97
17.04
16.55
16.26
17.26
16.5
18.16
17.75
17.21
16.53
17.21
16.21
16.85
17.19
17.58
17.29
18.58
17.7
15.48
20.73
18.51
16.5
16.38
17.04
18.31
17.33
17.63
20.53
16.14
16.21
16.16
15.41
16.38
15.26
15.8
16.21
15.75
15.16
15.65
16.14
17.02
15.45
15.67
15.75
15.75
15.53
16.21
16.31
15.21
16.8
17.48
17.31
15.8
16.43
17.33
16.33
15.72
18.55
15.97
15.99
15.92
17.63
17.53
16.24
15.77
15.41
16.31
15.89
15.62
16.16
17.31
18.48
17.36
16.43
16.89
17.94
17.82
15.72
15.41
16.99
16.48
15.97
15.58
15.67
16.5
16.31
15.45
16.63
15.8
16.11
15.6
16.5
17.6
16.28
16.5
18.29
17.29
17.58
16.11
16.16
17.48
17.04
18.12
17.43
17.24
18.8
17.99
18.68
19.7
17.38
18.07
16.82
16.5
16.19
18.46
17.31
17.58
18.14
18.19
18.04
16.19
17.55
17.85
17.5
17.58
18.12
17.53
18.16
18.99
17.38
17.82
18.24
19.75
19.87
18.51
19.56
18.73
19.8
20.07
20.24
18.73
18.53
18.36
17.94
17.48
17.53
17.46
18.31
17.75
17.87
18.48
17.38
15.16
17.16
17.21
17.04
17.68
19.85
16.7
17.33
16.36
17.85
15.55
16.24
17.33
16.85
15.99
16.77
15.8
16.38
17.31
16.46
17.21
16.65
17.58
16.28
16.6
17.16
17.75
16.41
15.87
17.14
16.19
17.33
17.68
16.19
17.24
15.92
18.65
16.6
16.31
16.8
15.82
16.7
15.38
17.55
16.16
17.5
19.41
16.53
16.36
16.43
18.48
16.58
15.43
16.8
15.14
17.26
16.11
15.5
15.82
15.41
16.36
16.89
17.31
15.87
15.62
15.84
15.82
18.31
17.94
16.65
17.5
17.41
17.14
15.94
16.77
17.8
15.62
16.67
17.43
16.6
16.04
18.41
17.02
18.58
16.8
17.8
16.14
15.94
15.55
16.5
17.11
16.7
16.6
16.75
17.92
18.7
18.48
17.72
18.21
17.26
16.94
17.14
17.58
18.16
18.36
17.55
17.94
17.75
17.36
16.31
18.48
17.9
19.9
19.14
18.07
18.46
17.7
17.14
19.36
18.65
18.26
18.33
17.21
20.24
20.46
17.8
18.31
18.24
18.58
18.87
19.24
19.9
16.97
17.19
17.14
16.89
16.7
18.46
17.24
17.31
19.56
16.26
19.07
17.6
16.8
17.6
17.48
18.33
17.8
18.14
17.55
16.24
17.07
17.58
19.75
16.58
17.48
16.85
20.36
18.19
18.26
17.09
17.58
17.63
17.21
17.29
17.19
18.53
18.82
19.36
19.07
17.38
20.12
17.99
18.21
16.87
17.75
18.63
17.41
17.8
19.29
17.33
17.07
17.82
17.53
18.19
16.72
19.04
17.92
18.38
18.92
17.8
19.14
17.38
19.26
18.82
18.26
17.99
19.34
20.39
18.41
20.51
17.48
18.38
18.12
18.43
19.51
18.46
17.31
18.46
18.41
17.33
18.07
19.48
17.87
19.26
17.63
18.16
17.87
19.24
18.48
20.97
20.12
18.51
19.73
17.94
19.78
20.29
19.04
20.34
19.26
20.07
19.82
20.53
19.04
20.78
20.8
18.95
22.02
19.95
18.43
18.41
20.92
19.26
19.92
19.14
18.92
19.82
20.31
20.85
22.61
16.43
15.97
16.92
