0.1854
0.2708
0.2468
0.1362
0.2411
0.193
0.3365
0.2392
0.3052
0.1694
0.3578
0.2777
0.2567
0.1064
0.0988
0.3483
0.05493
0.0002861
9.537e-05
0.0
9.537e-05
0.173
0.1591
0.181
0.2468
0.1871
0.3082
0.1795
0.16
0.1316
0.5875
0.152
0.1442
0.2979
0.2598
0.4608
1.16
1.175
0.9048
0.5974
0.7812
1.062
1.007
1.225
5.945
4.022
3.76
1.25
0.3609
1.369
2.084
2.014
2.145
1.941
4.626
4.81
4.974
1.001
0.3853
0.1684
0.3204
0.1314
1.343
2.383
2.505
2.386
3.876
6.079
4.822
1.089
0.1995
0.3899
0.1511
0.3696
0.3387
1.109
2.377
2.023
2.258
2.631
7.397
4.126
0.4364
0.3395
0.1642
0.3723
0.2277
1.639
1.852
1.837
1.767
1.727
4.675
4.279
3.937
1.834
0.2914
0.3021
0.1917
0.4784
0.03214
9.537e-05
0.5119
0.1566
0.325
0.3063
0.354
0.1701
0.3239
0.2182
1.898
2.542
2.786
2.951
6.14
4.48
0.9476
0.3922
0.4913
0.486
0.502
0.4478
1.227
1.871
2.435
2.6
3.412
6.226
4.022
2.292
0.6584
0.2888
0.1169
0.5302
0.1179
1.633
1.7
1.657
1.971
2.213
6.714
5.06
2.536
0.6912
0.5692
0.4715
0.7088
2.188
2.087
2.277
2.267
6.274
3.613
3.558
0.705
0.4318
1.7
2.023
1.807
1.868
2.39
7.019
4.547
2.194
0.5516
0.4311
1.575
1.849
1.758
1.578
2.399
6.134
4.169
2.731
0.6317
0.131
0.5188
0.2625
0.1408
0.3048
0.3128
0.4372
0.0002861
0.0005722
0.0
0.0
0.0
9.537e-05
0.0
0.0
0.06304
0.3819
0.1865
0.4021
0.05121
0.4333
0.3849
0.3597
0.3265
0.5501
0.2918
0.333
0.3887
0.1884
0.631
0.2399
0.02222
0.0001907
0.0005722
0.0
0.0
0.0
0.0
0.0
0.0001907
0.3922
0.1692
0.3811
0.2285
0.2384
0.3586
0.1715
0.4547
0.2174
0.1297
0.3227
0.1947
0.4066
0.2342
0.2438
0.0002861
0.0
0.0
0.0
9.537e-05
0.0
0.0
0.0
0.0
0.1831
0.2213
0.4417
0.1501
0.2739
0.1566
0.354
0.3227
0.3578
0.3407
0.2697
0.136
0.1263
0.3624
0.3845
0.189
9.537e-05
0.0
0.0
0.0
0.0
0.0
0.0
0.0
0.01469
0.4913
0.1049
0.1326
0.2029
0.3098
0.1762
0.1945
0.1778
0.2625
0.2743
0.1173
0.0926
0.2842
0.1116
9.537e-05
0.0
0.0
0.0
0.0
0.0
0.0
0.0
0.1217
0.631
0.3765
0.4089
0.5157
0.5875
0.4105
0.2743
0.1434
0.3086
0.4837
0.1991
0.1049
0.3983
0.5234
0.2666
0.0006676
0.0
0.0
0.0
0.0
0.0
0.0
0.0
0.0
0.0185
0.2033
0.1883
0.1637
0.4158
0.219
0.1171
0.3849
0.1856
0.4356
0.1696
0.3651
0.07544
0.4372
0.3723
0.0
0.0
0.0
0.0
0.0
0.0
9.537e-05
0.0
0.0
0.0
0.07401
0.1125
0.333
0.04568
0.1318
0.4059
0.1593
0.3365
0.1078
0.001049
0.0
0.0
0.0
0.0
0.0
0.0
0.0
9.537e-05
0.0
0.0
0.0
0.0
0.0
0.7317
0.2453
0.08154
0.5745
0.4555
0.3704
0.3906
0.1644
0.3868
0.2937
0.3746
0.288
0.186
0.1356
0.1945
0.1673
0.2583
0.9476
0.9003
0.9857
1.437
1.404
1.369
1.511
1.962
2.313
2.377
2.136
2.252
2.319
2.118
1.675
1.627
1.855
2.283
2.2
2.435
5.109
4.779
9.448
13.53
14.77
11.91
7.288
8.276
5.884
5.682
1.527
1.299
0.914
2.13
2.197
1.584
1.718
1.549
1.92
1.514
1.736
1.822
1.546
1.73
1.52
1.363
1.593
2.179
2.005
2.118
2.426
2.64
4.285
8.569
15.53
10.53
9.192
7.739
8.582
8.167
5.981
3.839
1.03
0.0
1.149
1.959
1.633
1.776
1.956
1.749
1.587
2.023
2.054
1.959
2.142
1.599
1.593
1.877
1.938
1.968
1.859
1.605
1.578
1.706
5.518
7.617
11.47
14.01
12.04
11.66
7.568
9.363
5.701
3.839
2.463
0.7416
1.387
1.651
1.88
1.584
1.663
1.813
1.587
1.712
1.953
1.883
2.048
1.593
1.578
1.201
1.099
1.292
1.369
1.651
1.617
1.974
6.299
8.569
10.44
15.09
13.28
7.825
8.167
7.446
6.458
5.591
1.871
1.529
1.266
1.813
1.74
1.791
1.685
1.553
1.419
1.569
1.489
1.463
1.63
1.558
1.614
1.724
1.549
1.306
1.517
1.706
1.364
1.743
5.56
6.421
7.8
6.604
7.532
6.909
5.176
7.568
5.542
4.559
6.958
5.42
4.224
3.815
1.395
2.396
0.457
1.054
1.146
1.169
1.178
1.271
1.379
1.309
1.44
1.37
1.086
1.23
1.253
1.297
1.418
1.518
1.55
1.514
1.523
1.427
1.416
1.45
1.514
1.651
1.363
1.883
5.579
7.996
8.435
5.951
10.29
8.252
7.312
7.935
9.143
5.975
3.259
3.485
1.468
2.136
0.1858
0.6973
1.074
3.674
4.169
1.047
0.7393
1.28
4.181
2.679
0.6302
0.1793
0.3185
0.1297
1.06
1.401
5.182
2.261
0.1841
1.147
1.816
5.194
1.761
0.8865
0.6561
1.247
3.357
4.327
0.9399
0.8484
2.179
2.176
2.194
1.703
1.608
1.834
1.907
2.484
2.109
1.846
1.755
1.596
1.288
1.361
1.193
1.189
1.144
1.218
1.43
1.297
1.064
1.082
1.617
5.884
7.727
6.799
3.357
9.314
5.45
6.665
5.548
7.385
5.829
12.1
7.739
4.431
2.316
1.189
1.761
2.118
2.097
2.084
2.322
2.121
1.807
2.289
2.057
2.142
2.051
2.097
2.264
1.941
2.023
2.344
2.786
6.384
8.752
10.94
9.973
4.962
7.935
8.63
5.927
6.653
6.628
4.315
2.942
4.205
1.137
1.639
0.8377
1.044
0.1009
0.2327
0.1339
0.07391
0.07753
0.304
0.3952
1.59
1.018
0.4684
0.7149
2.274
0.6165
2.615
1.001
0.8362
1.427
1.204
0.1703
1.944
2.075
1.749
1.761
2.051
2.46
2.411
2.182
2.145
2.271
2.448
2.402
2.399
2.509
2.472
2.783
2.548
4.401
8.716
12.21
11.87
13.75
10.47
10.17
7.874
4.62
2.515
0.5722
0.1499
0.3613
0.6912
0.1884
0.9674
0.3624
0.1413
0.3212
0.1736
1.009
0.5898
0.8575
0.4311
0.1543
0.2769
0.3239
0.2506
0.1631
0.3872
0.4135
0.4089
0.6538
0.6996
0.7164
0.6241
0.7362
0.5875
0.4921
0.5135
0.4204
0.4921
0.4425
0.3647
0.5013
0.7652
0.531
0.8224
0.5066
0.3708
0.6584
0.1947
0.1217
0.3998
0.3426
0.4082
0.3242
0.1547
0.388
0.6477
0.2464
0.2769
0.3376
0.301
0.1734
0.3094
0.1337
9.537e-05
0.0
0.0104
0.3448
0.3853
0.3376
0.766
0.251
0.2693
0.1293
0.3269
0.3864
0.5432
0.04196
0.6737
0.2983
0.2781
0.2304
0.7401
0.1488
0.173
0.2682
0.0003815
0.0006676
0.0
9.537e-05
0.0
0.0
0.0
0.0
0.0
0.0
9.537e-05
0.0
0.0
0.0
0.0
0.0
0.0
0.0
9.537e-05
9.537e-05
0.1608
0.3136
0.1167
0.0844
0.2525
0.1822
0.8163
0.399
0.3044
