0.0
0.6981
0.8575
1.527
17.36
17.43
17.55
18.12
18.85
19.09
18.63
19.85
19.58
17.43
19.21
15.8
18.41
19.43
18.43
18.31
17.31
17.92
17.48
17.24
18.6
18.14
18.46
19.26
17.53
18.8
18.38
17.53
17.7
19.97
18.9
15.11
18.65
19.12
14.43
16.46
18.09
18.53
18.04
17.48
18.53
18.41
18.95
19.43
18.6
18.8
17.92
17.04
17.53
17.58
16.36
18.63
11.36
18.68
19.63
19.14
19.48
18.63
17.65
18.73
17.33
17.92
15.26
15.84
18.53
16.28
17.55
16.65
15.41
12.87
15.87
17.02
10.05
7.947
14.92
13.23
15.8
17.92
7.349
17.92
16.94
6.47
7.227
9.253
10.21
13.26
18.26
17.04
15.11
13.18
17.02
16.14
17.11
14.36
16.11
14.18
16.36
16.19
15.62
15.28
16.82
17.33
16.28
16.38
17.82
16.55
17.43
16.85
16.19
15.65
12.67
17.6
15.84
17.14
15.14
15.5
9.802
14.6
12.62
10.53
10.88
15.55
15.72
13.16
17.14
16.87
16.48
15.28
17.26
17.07
16.21
16.53
13.6
16.38
14.53
18.29
17.41
17.36
14.62
14.82
14.43
16.85
17.77
17.24
15.92
14.14
14.94
15.01
13.87
13.92
16.26
17.38
16.85
16.14
15.97
14.75
10.29
7.947
7.764
10.94
6.244
8.887
12.37
11.88
16.26
15.94
13.79
15.55
18.41
14.87
16.43
17.07
17.87
16.65
17.21
16.06
14.58
14.58
13.33
