16.16
16.94
16.36
15.28
15.48
16.28
17.02
16.48
17.33
17.55
17.38
18.07
15.82
16.19
16.14
17.58
17.26
17.16
16.99
17.9
17.58
16.63
16.89
17.19
17.26
18.31
16.6
16.28
16.19
15.6
17.43
16.6
16.38
15.87
17.11
15.99
16.87
16.24
15.92
16.46
15.55
17.38
17.65
17.24
19.14
16.6
16.72
16.87
15.92
16.46
15.89
15.72
15.94
16.94
16.65
16.94
17.07
16.72
16.67
16.97
15.72
16.85
16.6
17.24
16.89
18.55
16.65
16.55
17.29
17.26
17.21
16.89
17.24
18.8
16.87
17.04
16.21
16.38
15.33
16.02
21.7
17.75
16.26
18.41
16.7
17.38
16.77
17.68
17.07
18.51
15.26
15.45
15.26
15.72
16.19
17.04
17.5
16.11
15.75
16.11
16.43
16.11
17.48
18.02
15.45
17.9
16.7
15.19
15.09
15.09
15.06
16.82
16.33
16.06
16.14
16.92
17.65
16.19
15.38
17.46
16.33
15.72
16.63
15.36
15.77
15.33
17.09
17.6
16.11
15.8
15.92
15.87
15.62
16.14
14.97
17.36
16.28
16.31
16.09
16.38
16.5
16.11
15.31
16.28
15.65
16.06
16.58
15.7
15.97
16.72
16.28
15.87
16.7
16.14
16.75
17.6
17.31
17.97
16.04
17.16
16.43
16.85
16.48
16.26
17.85
16.06
16.19
17.92
17.11
17.04
15.89
16.99
17.99
16.36
16.72
17.02
16.24
15.89
16.14
17.29
16.92
18.51
17.11
16.97
16.82
17.77
18.58
16.97
18.63
16.24
15.53
16.63
16.33
17.53
17.87
18.65
18.41
17.6
17.72
17.21
18.07
16.92
18.24
16.7
17.85
16.7
18.6
16.85
17.31
18.29
19.58
16.43
16.82
16.21
16.87
17.43
18.43
18.16
18.48
20.95
14.67
15.01
15.65
15.09
15.19
18.26
15.84
17.36
16.48
14.82
15.23
15.04
14.62
15.38
16.31
16.14
16.31
17.97
17.41
18.82
16.8
17.43
16.46
16.55
16.58
15.89
16.02
16.92
17.16
15.62
17.19
18.09
15.8
17.75
16.28
15.45
15.8
17.68
16.41
16.11
16.02
15.65
17.31
16.77
18.02
17.8
16.92
16.94
15.94
15.53
17.53
17.94
16.89
17.82
16.26
16.16
16.46
16.8
16.89
16.8
17.11
17.04
14.87
16.43
15.82
16.24
16.31
18.43
18.02
16.19
17.43
16.89
16.75
15.94
16.06
15.55
15.19
16.36
15.31
16.67
17.31
16.19
19.43
16.5
17.99
16.41
16.6
16.92
15.53
16.41
17.7
17.43
18.65
16.16
17.14
16.48
16.33
17.31
17.63
18.65
17.04
17.29
16.02
15.58
17.19
18.43
18.21
17.46
17.41
16.55
16.06
15.92
18.16
24.61
17.82
16.97
15.23
15.84
16.75
16.97
16.65
16.02
15.82
15.8
15.23
16.77
16.63
17.19
18.51
17.26
16.38
15.31
15.75
15.58
15.72
16.87
15.8
17.75
18.51
16.41
17.75
19.07
16.6
15.53
14.65
14.4
14.97
15.45
15.87
16.02
17.94
15.84
17.77
15.8
17.46
15.26
14.62
14.99
16.31
16.75
15.31
16.48
16.11
17.72
16.46
18.63
15.94
15.36
15.45
15.75
15.7
15.92
16.75
18.19
17.29
15.97
16.11
16.19
17.02
15.48
15.84
15.75
15.62
16.38
16.11
16.14
16.89
17.29
16.97
16.02
15.84
15.97
16.5
15.99
16.09
16.6
17.29
18.24
15.89
14.99
16.14
16.06
16.38
17.85
17.48
16.97
17.75
16.02
16.02
17.16
15.89
15.8
16.5
16.09
15.92
15.21
17.02
17.46
18.07
18.19
16.87
17.5
18.43
16.77
15.84
16.33
17.31
16.92
16.77
16.77
17.68
17.21
16.85
17.43
17.14
18.02
17.36
18.04
16.94
16.99
16.36
16.7
17.63
17.43
18.16
18.43
17.9
18.36
18.68
18.16
16.55
16.53
17.04
17.19
17.7
18.92
17.16
18.41
17.02
17.33
17.02
18.58
17.82
17.31
18.26
16.28
16.38
17.97
17.24
19.53
19.21
19.58
17.85
17.19
17.43
15.99
16.82
16.48
16.82
18.53
20.17
17.48
18.99
18.63
16.58
17.46
15.58
16.11
16.97
16.72
16.48
16.14
15.94
16.75
17.26
16.28
18.77
17.07
18.36
18.48
16.46
16.55
17.46
16.77
16.36
16.58
16.72
18.65
17.24
19.09
17.75
16.7
16.43
16.26
16.28
16.82
17.8
18.29
17.33
15.55
16.28
15.92
17.02
16.63
18.41
17.87
16.31
16.5
16.04
16.41
17.58
18.65
17.04
18.63
17.43
16.46
18.26
16.87
16.8
17.58
18.09
15.7
16.26
16.04
16.7
16.97
19.63
18.58
17.41
16.97
16.55
17.16
18.29
16.19
16.33
16.41
17.29
17.58
16.53
17.82
16.8
18.07
17.87
18.04
19.34
17.46
16.67
16.89
16.65
17.16
17.97
17.16
18.58
16.26
16.43
17.33
18.95
16.8
19.04
17.9
16.92
16.82
16.36
16.41
17.21
16.67
17.99
15.92
16.02
16.14
16.24
16.82
18.07
20.04
16.41
15.89
15.09
15.09
15.33
15.28
15.5
15.04
15.65
15.01
17.04
16.21
16.55
17.09
17.65
17.6
17.36
15.21
15.45
14.79
15.43
15.6
17.04
17.87
15.36
17.26
17.5
16.09
16.63
16.46
16.77
15.84
15.09
15.33
16.31
17.58
18.29
16.31
17.43
16.7
17.21
16.75
18.41
15.7
14.75
16.02
17.82
16.72
18.92
18.87
16.65
16.41
17.5
16.26
17.43
17.48
18.07
17.48
15.84
16.21
17.16
18.51
17.02
17.33
17.26
16.77
16.87
17.9
17.16
17.87
17.77
16.89
17.99
17.11
17.6
17.75
16.77
16.63
17.26
17.48
19.21
16.8
17.75
19.02
18.97
18.24
18.48
18.36
17.53
17.72
16.36
17.8
15.94
17.41
17.19
19.17
17.8
17.36
18.8
17.07
17.99
18.41
17.55
20.34
16.55
17.92
17.09
18.12
17.8
18.31
18.9
18.04
17.99
18.43
18.58
20.31
17.68
17.7
18.41
17.8
17.7
17.9
19.51
20.02
20.87
16.6
16.87
17.48
17.43
19.12
20.24
17.99
19.58
18.16
18.41
18.26
17.41
18.26
18.24
18.14
19.09
16.65
17.68
18.07
18.12
18.77
18.87
19.19
18.14
18.02
19.04
17.97
18.07
17.26
20.48
21.53
16.89
15.45
15.77
