0.0
0.0
0.0
4.114
0.0007629
0.003338
0.003338
0.003242
0.003529
0.008202
0.005722
0.00391
0.004864
0.003529
0.004005
0.005341
0.00267
0.004005
0.003624
0.006104
0.007534
0.007343
0.004387
0.004196
0.001717
0.005531
0.004387
0.002956
0.001621
0.001907
1.367
0.02184
0.0
0.0
0.0
0.0
2.335
0.0007629
0.001144
0.0007629
0.001049
0.0008583
0.0008583
0.0007629
0.0009537
0.0008583
0.001144
0.0009537
0.0006676
0.001049
0.0009537
0.0007629
0.0008583
0.0007629
0.00124
0.0008583
0.0007629
0.0006676
0.0008583
0.001049
0.001526
0.0008583
0.00267
0.001144
0.0
