0.09737
0.2354
0.209
0.4715
0.2472
0.499
0.07992
0.1413
0.2655
0.2464
0.2415
0.1774
0.288
0.351
0.1204
0.08345
0.2815
0.1833
9.537e-05
0.03653
0.3288
0.2594
0.2735
0.1823
0.3574
0.3395
0.2132
0.206
0.5135
0.1188
0.1392
0.1404
0.2853
0.1217
0.4623
0.2476
0.4074
0.19
0.128
0.1625
0.3277
0.1459
0.9323
1.91
2.029
1.831
1.81
2.972
5.853
4.425
1.886
0.1661
0.2571
0.2384
0.1379
0.1123
0.3506
0.2575
0.2838
0.2346
0.3613
0.4128
0.9705
1.154
1.033
1.094
0.8667
0.9445
0.708
1.044
1.083
4.083
2.463
2.072
3.51
1.347
0.6126
1.682
2.246
2.509
2.563
6.519
4.34
2.194
0.5577
0.3777
0.1129
0.08316
0.2453
0.272
0.4181
1.511
1.611
1.303
1.384
1.254
1.091
4.242
2.631
1.77
3.052
1.521
0.264
0.4631
0.3952
0.3864
0.3075
0.589
0.4089
0.9521
1.271
1.526
1.624
1.524
1.706
4.388
2.921
1.984
2.853
1.135
0.5493
0.7713
0.1598
0.6119
0.2403
0.5745
0.3166
0.1457
0.1074
0.3757
0.1417
0.6584
0.882
0.1217
0.6691
1.003
1.265
1.167
1.462
1.421
1.587
5.817
1.752
2.6
2.118
0.5768
0.4257
0.1198
0.1467
0.3529
0.4425
0.3471
0.5394
0.1534
0.4677
0.4585
0.5577
0.4097
0.06151
0.1225
0.09995
0.3914
0.03967
0.5264
1.147
1.051
1.076
0.7454
0.8209
0.7874
1.015
1.385
5.731
2.252
3.204
1.608
1.143
0.1905
0.6935
0.3162
0.1125
0.08097
0.2148
0.2781
0.02909
9.537e-05
0.0
0.0
0.009441
0.1034
0.33
0.4158
0.07553
0.09699
0.08459
0.3281
0.1394
0.4768
0.4303
0.5508
0.3468
0.3178
0.1524
0.6149
0.259
0.1167
0.08078
0.3185
0.1629
9.537e-05
9.537e-05
0.0001907
0.0104
0.412
0.3849
0.1038
0.06857
0.1524
0.3975
0.2731
0.1783
0.1661
0.243
0.354
0.4066
0.2522
0.2087
0.2319
0.3899
0.1101
0.1072
0.3643
0.02174
9.537e-05
0.0
0.0001907
0.01154
0.5142
0.2525
0.8179
0.3464
0.1137
0.06847
0.2201
0.4181
0.378
0.06456
0.1049
0.0886
0.2995
0.4295
0.3361
0.1192
0.06828
0.1289
0.3075
0.08354
0.001812
0.0
0.0001907
0.01116
0.8224
0.3544
0.1116
0.07229
0.1318
0.3914
0.03681
0.5043
0.1865
0.119
0.07877
0.2499
0.3002
0.3117
0.3052
0.2457
0.2144
0.00391
9.537e-05
0.0
9.537e-05
0.0
0.0
0.0145
0.4311
0.8392
0.2266
0.5585
0.2216
0.4257
0.3117
0.293
0.3765
0.08211
0.09975
0.05665
0.2308
0.3643
0.4044
0.07687
0.09251
0.07019
0.3235
0.1265
0.0001907
9.537e-05
9.537e-05
0.0
0.01192
0.2426
0.1911
0.2087
0.243
0.5432
0.2083
0.1175
0.06123
0.2769
0.6096
0.174
0.09899
0.309
0.1434
0.325
0.161
0.0001907
9.537e-05
0.0
0.0
0.0
9.537e-05
0.0
0.004292
0.1608
0.457
0.4463
0.428
0.3815
0.3841
0.2346
0.1053
0.1934
0.1225
0.4196
0.1854
0.106
0.6813
0.1692
0.1129
0.07095
0.2224
0.3067
0.0002861
9.537e-05
0.0
0.0
0.03471
0.7759
0.6027
0.2991
0.4021
0.0658
0.1017
0.06914
0.2289
0.2697
0.6065
0.1606
0.1488
0.2357
0.0576
9.537e-05
0.1493
0.4349
0.1812
0.1041
0.05903
0.2457
0.4768
0.1041
0.914
0.9842
0.8987
1.064
0.9491
0.9201
0.9613
0.9155
0.8881
0.7843
0.7629
0.8545
0.9903
1.068
1.045
0.9567
0.827
0.8331
0.9247
1.003
0.8514
0.7797
0.7462
0.7118
0.7591
0.8575
0.7416
0.8179
0.8865
0.9811
0.8316
0.8423
0.9094
0.9384
0.8667
1.021
1.064
1.141
1.022
0.9521
1.003
5.463
7.861
3.04
3.778
5.579
7.129
6.134
7.141
5.646
5.45
5.536
6.567
5.17
4.126
4.407
3.0
2.109
0.9811
0.9232
0.9598
0.8804
0.8347
0.9583
1.163
1.082
1.379
1.547
1.431
1.543
1.236
1.053
1.147
0.9598
0.9201
1.031
0.8011
0.7874
0.8331
0.9995
0.9064
0.8865
0.975
0.9949
0.9888
0.9018
0.9277
0.9933
1.013
0.9293
0.8301
1.021
0.8743
0.9445
1.782
4.523
7.104
5.92
5.719
6.073
6.042
6.787
9.583
8.069
4.041
5.878
4.297
5.249
4.877
5.67
3.516
1.009
1.602
0.7309
1.491
1.337
0.8011
0.7889
0.8652
0.9995
1.215
1.198
1.48
1.378
1.367
1.45
1.154
0.9842
0.8423
0.7492
0.9186
0.8987
0.8652
0.8087
0.5821
0.7393
0.7004
0.7645
0.6706
0.8148
0.824
0.8499
0.8774
0.9445
0.9048
0.8194
1.1
2.951
5.566
9.851
8.252
8.704
9.326
11.13
9.045
8.752
9.387
5.518
3.418
1.965
0.7797
1.233
1.466
1.379
1.569
1.257
1.556
1.883
2.042
1.434
1.35
1.593
1.657
1.752
1.898
2.142
2.048
1.935
1.837
1.941
1.898
5.664
8.411
8.862
11.44
11.65
10.19
8.777
7.666
4.633
2.89
1.813
0.2296
0.1419
0.2808
0.6439
1.146
1.411
5.573
2.209
0.4784
0.8804
1.079
2.432
4.285
1.88
0.3922
0.8804
1.242
1.068
4.779
4.004
1.703
0.3593
0.1637
0.09556
0.4646
0.1749
1.091
1.297
1.218
5.139
2.655
1.115
0.5791
1.474
1.584
1.837
2.069
2.158
2.371
2.142
1.431
1.575
1.727
2.139
2.209
1.923
1.849
1.758
1.48
1.672
1.703
1.492
1.378
3.033
6.287
6.567
3.436
9.558
9.436
7.971
8.85
4.919
6.11
5.511
3.711
4.108
2.365
3.036
2.368
0.6798
1.901
1.648
1.544
1.617
1.46
1.971
1.682
1.834
1.773
1.776
1.764
1.727
2.115
1.92
1.865
2.045
2.087
2.191
1.678
1.694
4.938
7.703
8.508
8.374
8.63
7.739
7.275
7.153
3.43
7.373
3.607
4.138
3.308
2.759
2.521
1.454
0.6775
1.03
1.07
1.17
0.9583
1.163
1.16
1.26
1.587
2.112
2.014
1.968
1.752
1.962
1.984
1.95
1.703
1.433
1.285
1.331
1.283
1.16
0.9567
0.9979
0.8804
0.9415
1.106
1.225
1.477
4.315
6.934
7.727
3.998
4.089
6.982
8.911
6.555
9.167
8.813
5.463
3.809
2.939
0.7057
1.048
0.3078
0.1596
0.2369
0.5798
0.4593
0.1556
0.2548
0.2705
0.9842
0.1627
1.125
0.03872
0.4639
0.1265
0.0968
0.07629
0.4021
0.7332
0.5531
0.8057
0.09785
0.9964
0.4562
0.4639
0.9949
0.4044
0.396
1.23
1.228
1.468
1.54
1.402
1.526
1.363
1.26
0.8026
1.109
1.561
1.175
1.45
1.347
1.746
1.657
1.642
1.663
1.669
1.685
1.363
1.073
1.233
1.176
1.378
1.355
1.474
5.78
7.861
5.988
11.13
9.18
11.76
7.568
6.25
5.591
4.26
3.442
2.597
2.386
1.317
0.1324
0.2201
0.3113
0.4463
0.4929
0.09394
0.131
0.2583
0.238
0.6416
0.3235
0.1272
0.08821
0.2975
0.176
9.537e-05
0.0
0.0
0.0
0.0
0.0
0.0
0.0
0.0
9.537e-05
0.0
0.0
0.0
0.0001907
0.0
0.0
0.0
0.0
0.0
0.003338
0.3738
0.7843
0.4066
0.1513
0.2464
0.2399
0.7782
0.1127
0.5844
1.183
