0.0
0.2411
0.2693
0.3899
0.7233
0.7919
0.7706
0.7706
0.7698
0.7706
0.7698
0.7698
0.7706
0.7698
0.7996
0.8652
0.8194
0.7721
0.9491
0.8438
0.8255
0.7385
0.7484
0.8057
0.769
0.7507
0.7088
0.6531
0.7553
0.7309
0.6554
0.7767
0.8667
0.7721
0.7706
0.6844
0.6676
0.7378
0.7706
0.7706
0.7706
0.7706
0.7576
0.7706
0.7477
0.6905
0.6729
0.705
0.605
0.7523
0.7698
0.7698
0.7713
0.8408
0.8362
0.7996
0.7523
0.8224
0.7713
0.7698
0.6897
0.7439
0.7805
0.7484
0.7126
0.6393
0.605
0.7607
0.7469
0.7721
0.7446
0.7462
0.7706
0.7698
0.7706
0.7324
0.7706
0.7706
0.7713
0.7713
0.7713
0.7698
0.7698
0.7713
0.7706
0.7706
0.7713
0.7706
0.7706
0.8484
0.7996
0.7698
0.7698
0.753
0.7698
0.769
0.9293
0.7706
0.8743
0.7706
0.7576
0.8545
0.7614
0.9201
0.8652
0.7698
0.7706
0.7698
0.7721
0.7706
0.7706
0.7576
0.7751
0.8408
0.7721
0.7637
0.8743
0.8926
0.7706
0.7706
0.7713
0.7843
0.7652
0.7576
0.7706
0.7706
0.7706
0.7935
0.8133
0.8911
0.7721
0.7713
0.7652
0.7713
0.7713
0.7721
0.7706
0.8301
0.8484
0.8118
0.7889
0.7713
0.7713
0.7607
0.7713
0.7706
0.7713
0.7706
0.7706
0.7668
0.7698
0.766
0.7706
0.7698
0.7698
0.8835
0.9506
0.9491
0.9506
0.9491
0.9506
0.8209
0.7706
0.7454
0.7706
0.7706
0.795
0.7996
0.7713
0.7706
0.7698
0.9384
0.9384
0.7713
0.7721
0.7683
0.7713
0.7713
0.7614
0.7713
0.7591
0.7713
0.7721
0.7698
0.8453
0.7706
0.7698
0.7751
0.8194
0.8026
0.7805
0.7774
0.6897
0.7492
0.6775
0.7072
0.6187
0.8133
0.9155
0.8057
0.7698
0.7645
0.7698
0.769
0.769
0.769
0.769
0.769
0.7584
0.7713
0.7706
0.7645
0.7713
0.7256
0.724
0.7713
0.7477
0.6897
0.7713
0.7706
0.7675
