0.02346
0.02861
0.02604
0.02861
0.02604
0.02861
0.02604
0.02861
0.02604
0.02861
0.02604
0.03128
0.02861
0.02861
0.02861
0.02861
0.02604
0.02861
0.02604
0.02861
0.02604
0.03128
0.02604
0.02861
0.02604
0.02861
0.02861
0.02861
0.02604
0.03128
0.02604
0.02861
0.8438
10.71
19.41
20.34
19.19
22.24
23.05
21.8
19.78
18.58
17.09
17.46
18.19
16.53
17.36
11.47
11.89
20.46
22.14
21.31
22.97
23.39
21.68
20.97
17.94
16.43
19.04
20.48
17.31
12.4
10.97
20.43
20.7
19.75
19.82
22.02
20.92
21.95
21.26
18.92
18.65
18.6
13.43
16.48
19.87
21.44
20.95
21.97
21.88
21.29
21.8
15.65
16.85
15.65
15.23
13.84
10.55
18.36
17.63
15.41
16.41
18.41
17.36
15.77
16.46
16.14
14.84
17.07
15.48
18.41
12.82
16.6
20.12
19.26
18.68
18.12
17.65
17.29
16.06
15.6
16.02
18.19
17.24
17.31
12.38
12.72
16.02
14.58
15.33
15.55
15.16
17.48
11.69
13.33
9.741
17.46
15.45
15.62
15.6
16.16
15.26
16.24
18.77
19.09
15.14
17.99
16.33
16.53
15.84
14.14
13.16
13.21
13.75
16.6
15.67
14.77
15.92
16.41
16.09
15.16
10.41
14.77
12.45
14.79
13.09
13.89
13.82
14.92
14.65
14.82
15.01
12.99
12.45
13.45
13.43
13.82
13.48
13.21
14.79
14.62
14.79
15.23
15.09
11.27
14.97
13.94
13.87
14.99
14.87
14.92
15.11
13.48
1.135
0.4768
0.05989
5.359
12.29
12.99
15.01
14.06
12.65
12.48
14.4
14.06
7.068
10.13
8.801
11.11
14.89
14.62
14.36
14.82
15.09
15.41
15.04
11.69
0.8026
0.4662
0.02861
4.932
13.09
13.11
13.96
14.18
14.23
13.94
13.72
11.51
12.5
12.24
11.47
10.68
14.14
14.04
13.18
15.01
16.55
16.94
16.89
14.23
1.66
0.5234
0.06771
4.584
14.26
14.89
15.33
16.92
18.85
10.86
13.92
13.65
13.99
14.92
14.53
14.99
14.79
11.91
16.75
13.4
13.01
12.38
4.327
0.1511
0.05207
0.02861
0.02861
3.271
16.04
13.57
13.45
13.33
13.99
18.65
21.73
18.16
12.92
14.38
15.6
14.75
13.28
12.45
13.23
14.4
15.33
15.75
15.36
15.5
8.582
0.724
0.3124
2.753
14.11
15.53
15.48
13.87
8.923
13.48
15.14
13.06
14.28
15.53
15.28
15.99
16.75
15.75
11.51
14.23
13.53
4.938
0.1797
0.05989
0.02346
0.02861
0.02604
4.248
11.57
13.23
14.97
14.62
14.75
14.77
12.62
12.52
9.546
13.23
14.84
15.19
16.92
15.55
11.79
13.33
13.28
14.28
14.84
14.99
14.82
8.923
0.6638
2.457
16.8
15.82
17.11
18.63
14.21
11.27
16.26
16.19
15.31
15.94
12.45
13.87
13.23
11.52
14.62
12.41
10.8
6.274
2.908
0.1406
0.05989
0.02861
0.02861
4.987
10.56
5.841
15.75
15.84
15.99
16.77
17.48
14.5
19.95
18.95
17.7
12.01
24.41
23.41
20.78
12.46
14.06
15.11
13.28
15.36
18.33
16.65
17.31
11.13
13.79
18.21
25.59
27.2
27.39
26.42
25.59
25.49
25.29
24.76
25.24
24.34
23.41
23.46
23.85
23.1
23.75
24.05
23.29
28.91
26.17
25.83
24.56
23.58
23.02
22.27
22.73
7.825
6.232
15.53
18.16
18.29
18.77
17.9
18.85
18.46
19.95
17.87
14.79
19.31
21.34
19.38
14.94
3.369
18.68
18.8
16.97
15.75
16.38
17.43
18.41
20.83
18.97
19.63
18.7
17.29
19.19
19.7
18.95
19.29
20.26
18.31
18.26
17.11
18.09
20.7
25.34
25.39
24.61
27.05
29.0
26.22
23.0
22.12
23.27
23.0
8.618
13.96
15.41
17.38
21.0
22.12
22.24
22.46
23.02
19.38
17.65
16.19
15.19
18.43
15.14
2.069
12.99
19.24
19.29
19.53
19.53
19.68
17.53
16.97
18.24
15.72
17.33
17.09
15.26
15.33
15.38
15.41
15.26
16.55
21.46
26.9
25.78
24.98
23.02
21.26
21.09
20.51
19.12
18.9
19.78
19.9
18.95
17.33
16.75
16.41
16.97
9.46
11.72
16.31
17.99
15.89
16.46
19.12
19.21
18.63
15.92
15.26
14.6
15.33
16.09
19.9
15.7
12.15
1.804
1.645
17.31
20.61
22.07
21.75
21.07
22.07
21.04
21.09
20.51
18.68
20.39
26.32
26.61
25.54
25.54
24.63
22.56
22.63
21.09
20.17
19.8
19.46
18.38
17.7
17.63
18.33
18.46
17.72
16.53
16.75
16.02
16.82
11.56
12.15
15.58
21.53
22.05
18.48
18.26
16.72
16.8
15.84
15.36
14.92
15.97
21.24
19.56
6.775
15.23
21.29
22.41
28.27
25.39
17.7
17.53
18.43
18.48
11.69
18.97
17.36
17.58
14.94
15.55
17.43
15.55
21.02
25.29
22.56
11.4
15.58
16.92
17.53
18.36
18.14
17.21
18.97
17.5
18.77
16.5
15.67
16.26
13.31
9.534
21.26
20.75
18.73
17.21
17.8
17.41
18.43
20.75
20.29
19.8
25.24
29.44
27.54
25.98
26.17
25.93
25.1
23.61
22.02
24.98
25.29
24.0
24.76
24.29
23.93
23.95
23.46
21.92
10.46
16.87
21.39
23.41
23.97
22.24
28.37
23.83
16.89
17.9
19.17
20.07
14.97
10.24
20.97
20.39
19.87
19.38
20.65
20.97
20.48
20.19
19.29
21.22
22.17
21.44
25.24
29.44
28.03
25.59
24.02
22.58
21.09
21.75
22.31
23.0
26.17
24.07
23.05
27.54
26.81
22.05
10.82
18.24
20.48
24.05
24.93
24.22
21.46
20.53
19.31
22.68
22.36
20.58
10.84
8.704
21.88
18.16
14.06
18.02
14.53
12.87
15.55
14.65
15.36
14.92
14.77
14.65
14.65
15.45
10.74
15.92
15.38
13.79
15.26
10.29
17.99
15.55
13.89
13.79
16.48
15.48
14.99
16.36
11.27
16.28
16.24
18.95
18.77
17.11
15.19
17.16
16.24
15.38
15.31
16.67
18.7
15.97
15.55
18.24
15.01
14.97
15.36
15.55
16.28
11.67
14.43
11.13
15.58
13.84
12.89
17.11
13.7
13.53
15.82
14.21
11.16
15.11
13.11
4.321
12.84
13.7
14.6
15.01
21.92
18.36
16.06
11.87
12.77
15.21
12.84
15.65
17.77
16.53
15.58
15.41
10.28
17.41
8.008
13.06
17.31
16.41
17.09
18.43
19.41
12.52
14.75
15.94
16.33
16.63
18.33
16.77
11.56
15.87
13.6
15.55
14.72
15.8
13.16
13.09
14.99
15.6
15.06
15.04
15.6
11.21
14.79
13.31
14.75
0.7889
0.1537
0.03128
0.02861
0.02604
0.02604
0.02604
0.02861
0.02604
0.02861
0.02604
0.02861
0.02604
0.02861
0.02604
0.02861
0.02604
0.02861
0.02346
12.92
15.77
17.87
22.85
21.7
15.82
14.01
13.75
15.28
16.14
14.4
