4.822
4.358
4.779
8.301
9.18
10.97
5.78
4.065
5.286
6.073
6.787
7.825
5.646
5.664
6.384
6.262
4.73
4.932
4.913
4.718
4.816
4.932
6.274
7.141
8.618
4.889
5.42
6.079
6.677
4.492
5.524
6.738
5.725
4.779
4.877
5.109
4.468
5.109
4.956
4.272
6.177
6.458
7.898
5.511
3.11
3.11
3.11
3.11
3.11
3.11
3.11
3.11
3.11
3.11
3.11
3.11
3.11
3.11
3.11
3.11
3.11
3.11
3.11
3.11
3.11
3.11
3.11
3.11
3.11
3.11
3.11
3.11
3.11
3.11
3.11
3.11
3.11
3.11
3.11
3.11
3.11
3.11
3.11
3.11
3.11
3.11
3.11
3.11
3.11
3.11
3.11
3.11
3.11
3.11
3.11
3.11
3.11
3.11
3.11
3.11
3.11
3.11
3.11
3.11
3.11
3.11
3.11
3.11
3.11
3.11
3.11
3.11
3.11
3.11
3.11
3.11
3.11
3.11
3.11
3.11
3.11
3.11
3.11
3.11
3.11
3.11
3.11
3.11
3.11
3.11
3.11
3.11
3.11
3.11
3.11
3.11
3.11
3.11
3.11
3.11
3.11
3.11
3.11
3.11
3.11
3.11
3.11
3.11
3.11
3.11
3.11
3.11
3.11
3.11
3.11
3.11
3.11
3.11
3.11
3.11
3.11
3.11
3.11
3.11
3.11
3.11
3.11
3.11
3.11
3.11
3.11
3.11
3.11
3.11
3.11
3.11
3.192
3.717
8.679
8.545
8.167
7.751
7.166
6.58
6.024
5.45
4.169
3.961
4.468
4.919
5.255
5.603
5.914
6.195
6.079
7.751
8.057
4.248
4.926
5.688
6.262
6.58
4.449
5.292
4.419
5.53
6.506
6.494
3.302
3.65
5.157
5.743
7.019
5.42
7.41
9.473
9.875
9.521
5.823
9.326
9.595
10.42
4.663
5.45
6.323
6.396
6.177
7.507
8.008
3.802
3.546
5.182
4.413
3.992
4.895
5.737
6.128
6.702
8.13
6.641
4.974
4.523
5.786
6.531
6.506
7.886
8.85
4.596
5.457
4.675
5.658
6.03
6.262
6.36
7.092
7.166
7.874
7.947
8.118
7.544
6.458
9.07
11.94
12.32
4.871
4.449
4.462
4.37
4.852
4.51
4.504
5.261
4.761
6.262
6.604
6.287
7.544
8.118
4.413
4.926
5.573
5.945
7.056
4.297
5.359
5.035
4.895
3.448
4.846
5.774
4.639
4.468
4.883
4.23
4.657
5.829
6.543
7.861
8.118
3.467
4.944
3.833
4.187
4.565
4.834
5.072
5.31
5.475
5.676
5.859
6.036
6.213
6.348
6.03
8.02
10.95
12.46
6.567
6.122
6.458
7.91
8.411
4.645
4.736
6.396
6.75
8.179
6.726
4.694
5.188
4.224
5.31
4.388
5.359
4.224
4.401
6.372
6.665
7.983
7.715
4.718
4.95
5.475
8.704
10.78
6.152
5.817
6.335
7.544
8.496
4.602
4.523
4.95
5.859
9.766
9.412
10.78
7.727
8.801
9.546
10.47
4.669
5.133
4.169
5.188
5.963
6.519
5.438
6.299
7.336
8.911
4.108
4.755
5.243
9.045
9.546
10.63
4.132
4.852
4.468
4.62
5.511
6.03
6.219
6.714
7.178
7.373
7.715
8.411
8.252
8.63
8.582
8.13
6.702
8.862
11.11
12.52
8.435
4.773
4.297
4.761
4.675
4.51
4.974
5.078
8.167
9.338
10.79
5.756
4.803
4.419
4.236
4.779
5.902
6.116
7.471
8.398
5.176
4.706
4.529
4.645
3.961
4.846
4.163
4.114
4.779
4.657
4.425
5.133
4.669
5.267
6.079
7.263
8.374
5.316
8.435
9.204
10.61
5.701
4.913
4.272
5.28
6.104
6.384
6.702
7.568
9.424
4.95
5.42
5.859
6.897
5.115
5.164
6.006
6.897
5.499
5.664
6.311
6.689
4.492
4.498
4.755
4.163
4.749
5.493
6.152
6.122
7.373
8.191
4.596
4.968
4.883
6.47
6.628
7.983
6.287
4.175
5.255
6.116
6.097
4.688
4.327
4.047
5.066
5.89
6.287
5.914
8.337
9.241
10.61
6.995
5.548
5.994
6.396
6.909
7.019
7.446
7.874
8.276
8.325
8.508
8.484
7.043
7.776
9.814
12.34
12.13
4.773
5.42
4.663
6.195
6.335
7.52
8.472
4.211
5.164
6.189
5.817
5.28
4.474
4.987
4.327
4.663
5.457
6.348
7.043
8.362
5.817
6.073
6.348
7.581
8.606
4.364
4.706
4.865
4.926
4.993
5.054
8.289
9.326
10.96
5.914
4.993
5.89
6.274
6.738
7.776
5.56
5.841
6.335
7.495
8.362
5.487
4.755
5.896
6.335
7.385
8.74
5.145
5.786
6.152
6.494
6.628
7.19
7.385
7.471
7.495
8.081
7.849
8.594
8.704
7.275
6.946
9.326
11.8
12.57
7.324
4.62
5.475
6.348
6.36
7.642
7.3
4.388
4.956
4.285
4.669
4.834
4.535
5.45
4.236
5.396
5.17
4.944
4.474
5.737
6.555
6.482
3.772
4.132
3.387
4.047
5.957
6.299
7.617
7.69
3.11
3.943
8.325
8.887
10.84
5.383
4.376
4.614
4.736
5.731
6.311
7.446
8.728
4.449
4.98
4.443
4.175
4.608
4.315
4.297
5.139
4.041
4.633
4.852
6.232
6.665
8.02
4.688
4.565
4.791
4.48
4.272
5.115
4.236
4.901
4.468
5.103
4.346
6.085
6.421
7.788
6.274
4.12
5.139
4.547
5.322
5.853
6.189
6.763
6.897
7.007
7.324
7.471
7.312
7.507
6.531
7.544
10.23
12.29
5.829
4.694
4.608
4.407
4.065
4.706
4.279
4.413
5.261
5.725
6.274
6.604
7.153
7.532
7.715
7.983
8.228
8.386
8.337
7.336
7.556
9.485
12.12
12.55
4.919
4.736
5.005
6.207
7.202
8.594
4.913
4.742
5.481
6.274
6.494
8.142
6.86
4.425
4.315
4.767
4.279
4.346
4.767
4.071
4.431
4.639
4.169
5.347
6.183
6.189
7.288
7.983
5.731
9.021
9.521
9.717
4.181
5.176
4.285
5.255
5.573
5.481
6.531
6.201
6.75
9.167
10.28
9.399
4.669
4.736
4.871
4.59
5.566
6.47
6.146
7.031
8.435
6.567
5.707
6.177
7.397
8.496
4.547
3.11
3.11
3.11
3.11
3.11
4.407
5.139
5.64
6.097
6.372
6.616
7.141
6.445
5.658
8.447
10.79
4.449
5.188
6.097
6.555
7.593
8.618
4.724
4.712
4.028
4.407
4.645
5.536
4.645
4.614
4.517
5.005
4.303
4.407
4.803
4.443
5.865
6.189
6.958
4.315
5.28
4.193
4.614
7.581
9.29
10.67
6.995
5.42
5.823
5.945
6.738
6.97
6.885
7.568
7.751
7.739
8.386
8.533
8.118
6.885
7.153
9.387
11.74
12.67
7.581
3.894
6.201
6.482
7.69
8.35
4.315
5.328
4.321
5.334
4.169
4.639
7.312
10.71
10.44
9.216
10.86
5.646
4.712
4.547
5.151
5.475
6.262
7.349
