0.05064
0.03881
0.0617
0.04339
0.04463
0.04683
0.06113
0.06046
0.04883
0.05503
0.04025
0.04168
0.06094
0.04969
0.05074
0.04463
0.04826
0.04826
0.05455
0.04692
0.05083
0.05312
0.03681
0.05188
0.05083
0.04997
0.07229
0.0473
0.05541
0.0515
0.06437
0.05913
0.0639
0.05808
0.06208
0.06113
0.05388
0.06952
0.04854
0.06733
0.06304
0.08049
0.068
0.06943
0.06332
0.07267
0.05331
0.07963
0.05312
0.05474
0.06599
0.05112
0.04168
0.0473
0.03853
0.0514
0.04921
0.05512
0.04511
0.04816
0.0535
0.05293
0.06094
0.06104
0.05436
0.03862
0.0515
0.03748
0.04625
0.04425
0.05322
0.04272
0.04587
0.05722
0.04463
0.06294
0.05198
0.07105
0.05207
0.04559
0.05722
0.1043
0.06313
0.05293
0.05207
0.05531
0.04482
0.07334
0.06332
0.07849
0.03977
0.04425
0.04797
0.04826
0.03147
0.05407
0.03643
0.05207
0.0494
0.04654
0.05188
0.05159
0.07305
0.04568
0.04902
0.0493
0.1007
0.04129
0.0473
0.04978
0.03309
0.04959
0.04396
0.04854
0.05093
0.05016
0.04215
0.0515
0.04826
0.05512
0.05264
0.04377
0.04873
0.05865
0.04673
0.05121
0.04778
0.04902
0.03767
0.04978
0.05007
0.03948
0.04654
0.04625
0.05379
0.02794
0.05112
0.04301
0.03185
0.04539
0.03614
0.04501
0.03805
0.03834
0.05293
0.05875
0.03748
0.05207
0.04759
0.04854
0.0535
0.0473
0.03853
0.05884
0.04873
0.05093
0.04559
0.04101
0.04721
0.04911
0.04215
0.05655
0.04568
0.05493
0.04387
0.06886
0.0432
0.05217
0.04368
0.06008
0.05283
0.0617
0.07858
0.0596
0.05398
0.05627
0.04759
0.05798
0.05541
0.07277
0.05541
0.06256
0.06094
0.07305
0.06208
0.05913
0.06018
0.06895
0.07057
0.07334
0.07238
0.07563
0.06943
0.06504
0.07029
0.07
0.06609
0.06704
0.05779
0.06561
0.05913
0.0576
0.07524
0.06199
0.05951
0.07019
0.05865
0.06332
0.05579
0.06609
0.07057
0.08926
0.07105
0.0556
0.09708
0.06733
0.08335
0.06695
0.07391
0.06733
0.06104
0.05112
0.06495
0.07267
0.06895
0.06981
0.07515
0.06027
0.06895
0.06227
0.05836
0.07792
0.08945
0.07181
0.0721
0.07038
0.06104
0.07191
0.06351
0.0701
0.05713
0.08707
0.06819
0.07229
0.06781
0.07439
0.05312
0.07076
0.06504
0.06809
0.06561
0.05922
0.06742
0.0658
0.08059
0.06971
0.04864
0.08011
0.07839
0.08516
0.07763
0.07305
0.07334
0.06933
0.07877
0.07839
0.06914
0.06857
0.05827
0.05827
0.0742
0.07401
0.05836
0.06533
0.05531
0.06056
0.07505
0.08593
0.0617
0.05836
0.06723
0.068
0.05703
0.07048
0.0515
0.05541
0.06132
0.06237
0.06819
0.0927
0.06399
0.09003
0.05484
0.07734
0.05846
0.06647
0.05484
0.068
0.04749
0.07725
0.04978
0.08698
0.05074
0.06762
0.05207
0.06971
0.05846
0.07973
0.0556
0.07038
0.06504
0.06895
0.06399
0.07343
0.05779
0.05856
0.06676
0.0639
0.05941
0.05541
0.05732
0.05198
0.06552
0.05846
0.07315
0.05112
0.07105
0.072
0.07448
0.0597
0.08059
0.06351
0.07973
0.05131
0.07544
0.06657
0.07372
0.0535
0.06657
0.05159
0.06628
0.04349
0.06285
0.05445
0.05827
0.06237
0.05064
0.05856
0.05245
0.05856
0.06781
0.05503
0.04435
0.04091
0.04005
0.04396
0.04416
0.0495
0.03481
0.03357
0.03834
0.03557
0.04368
0.03853
0.03891
0.04358
0.04168
0.03252
0.03691
0.03862
0.04911
0.04463
0.02089
0.03443
0.02279
0.04082
0.02975
0.06189
0.02937
0.05541
0.03262
0.04492
0.05436
0.1059
0.03748
0.05016
0.05016
0.05913
0.0493
0.04396
0.05274
0.05045
0.0474
0.02375
0.04044
0.03548
0.04568
0.04025
0.0452
0.04148
0.04168
0.04349
0.03948
0.03433
0.03433
0.04063
0.04482
0.04406
0.04339
0.04158
0.04587
0.03939
0.05245
0.0473
0.04015
0.02699
0.03576
0.04835
0.05045
0.05217
0.04282
0.04616
0.06533
0.05045
0.03948
0.06981
0.05159
0.05274
0.04692
0.05636
0.05045
0.05426
0.0452
0.03519
0.04883
0.03443
0.03948
0.04539
0.03014
0.03929
0.04044
0.05169
0.05579
0.05331
0.04416
0.04997
0.05646
0.03281
0.03529
0.02747
0.02947
0.04511
0.04816
0.04234
0.04625
0.05255
0.07076
0.04473
0.04787
0.04921
0.05302
0.04377
0.05636
0.05627
0.0638
0.05407
0.06495
0.06227
0.05884
0.0433
0.06084
0.06237
0.05884
0.06018
0.05617
0.0576
0.0742
0.05846
0.07305
0.06218
0.07563
0.08583
0.07257
0.06628
0.07753
0.06313
0.06838
0.0617
0.07582
0.0803
0.09623
0.08125
0.05884
0.06876
0.06771
0.06485
0.06924
0.07715
0.05932
0.05512
0.06161
0.07181
0.08659
0.07658
0.08068
0.05779
0.07257
0.05674
0.06847
0.07172
0.05636
0.04692
0.05617
0.06151
0.0494
0.05989
0.07277
0.06962
0.06313
0.06504
0.07696
0.07973
0.06628
0.0742
0.06924
0.06657
0.05856
0.05121
0.06561
0.06828
0.06962
0.06685
0.06533
0.07935
0.08268
0.07591
0.07267
0.06409
0.06485
0.07153
0.05732
0.05913
0.06704
0.06752
0.06018
0.08974
0.06294
0.04816
0.05617
0.06075
0.06857
0.0658
0.05894
0.06084
0.07343
0.06275
0.06752
0.05083
0.06475
0.06113
0.06752
0.0596
0.06361
0.06781
0.06618
0.07124
0.06886
0.07458
0.06361
0.06866
0.05541
0.06542
0.06294
0.04702
0.05054
0.04511
0.04864
0.04969
0.07353
0.0596
0.06514
0.06752
0.06237
0.05932
0.0596
0.05989
0.05598
0.05512
0.06371
0.05922
0.05322
0.04778
0.05245
0.05751
0.05255
0.06104
0.04883
0.05875
0.06828
0.06161
0.05608
0.06466
0.05293
0.05665
0.0411
0.05579
0.05817
0.05398
0.0618
0.05932
0.05207
0.06533
0.04892
0.05751
0.04835
0.05274
0.05503
0.05693
0.05455
0.05713
0.06771
0.05226
0.05331
0.05493
0.05274
0.05798
0.0535
0.04692
0.05035
0.04826
0.04616
0.04387
0.06313
0.04482
0.05655
0.05283
0.05388
0.05026
0.0452
0.03996
0.03815
0.04663
0.04225
0.04301
0.04721
0.05236
0.04025
0.04778
0.04301
0.04892
0.02174
0.05722
0.03004
0.06065
0.02508
0.0514
0.03805
0.04539
0.03672
0.04539
0.0679
0.05102
0.09451
0.05293
0.03586
0.04158
0.0536
0.03958
0.04673
0.04244
0.04721
0.05093
0.03805
0.05217
0.04473
0.05198
0.04501
0.04511
0.04215
0.0555
0.04702
0.04683
0.0495
0.0515
0.04969
0.03576
0.04692
0.04921
0.04387
0.04511
0.05331
0.04511
0.04673
0.05646
0.05598
0.06695
0.05684
0.04978
0.04406
0.05035
0.0474
0.05941
0.04902
0.05112
0.03948
0.04978
0.04454
0.05484
0.04711
0.03853
0.05522
0.05789
0.05093
0.0536
0.05646
0.04654
0.04787
0.05531
0.03948
0.05589
0.05188
0.04234
0.04406
0.05665
0.04387
0.05817
0.04005
0.04883
0.0576
0.05074
0.0701
0.05426
0.06399
0.04578
0.06742
0.07267
0.06409
0.07343
0.06781
0.05131
0.05674
0.05541
0.05589
0.06895
0.0617
0.07124
0.0618
0.06342
0.05312
0.06886
0.06752
0.0679
0.08659
0.05608
0.06027
0.07753
0.09508
0.06905
0.07839
0.1019
0.07877
0.09146
0.07582
0.07772
0.07401
0.07362
0.07057
0.07372
0.05369
0.0598
0.07362
0.068
0.06218
0.05703
0.0618
0.07696
0.07677
0.08097
0.06762
0.05693
0.05198
0.06571
0.06266
0.07887
0.07114
0.07048
0.06914
0.06962
0.0782
0.05455
0.06266
0.06504
0.06161
0.05789
0.06952
0.06666
0.05646
0.08383
0.06742
0.08078
0.06542
0.07811
0.07906
0.1165
0.0906
0.1131
