20.09
16.19
14.77
16.94
17.5
18.48
19.21
19.34
17.07
17.29
18.97
16.77
16.82
20.09
19.38
19.12
16.72
16.75
17.9
17.82
20.17
19.36
21.36
21.19
16.94
16.48
17.85
17.75
19.82
19.17
21.12
20.95
19.36
17.36
17.29
17.11
17.8
20.14
20.43
21.24
18.51
17.63
18.82
19.78
20.24
20.73
21.41
22.83
19.92
17.43
17.68
18.77
19.36
20.75
21.36
20.41
21.36
19.41
19.43
18.19
17.87
14.87
15.99
18.82
19.43
18.58
19.04
21.46
16.67
14.92
16.16
17.26
18.97
18.9
19.02
19.04
18.24
17.46
15.8
16.11
17.16
17.5
15.94
16.8
18.38
17.99
17.7
18.77
17.63
16.94
17.38
18.68
19.63
20.83
19.46
20.0
20.07
18.77
17.5
18.21
17.75
15.77
16.65
18.36
19.14
20.34
20.36
19.95
19.92
20.48
19.75
19.19
21.19
18.31
17.36
18.09
20.61
19.65
18.48
19.02
19.65
18.87
17.38
18.53
17.46
18.95
18.6
20.12
20.07
20.78
20.68
21.56
23.12
18.14
17.99
17.75
17.9
19.63
18.38
20.36
20.21
19.46
20.09
18.07
17.82
20.92
17.85
17.53
16.87
18.02
16.48
17.43
16.67
17.94
20.63
18.9
18.38
20.56
19.68
21.19
18.73
14.11
15.48
20.17
17.9
18.04
16.65
17.87
20.36
19.38
18.02
16.55
14.67
16.85
19.87
19.65
19.36
18.75
17.14
17.41
17.75
19.7
18.41
19.36
16.02
15.41
16.92
20.43
18.6
18.97
18.82
20.19
18.12
20.24
21.29
19.14
17.46
16.41
17.68
16.06
17.48
19.51
17.87
19.38
18.09
19.53
18.14
17.8
18.77
17.8
16.63
16.72
19.43
18.07
17.87
18.6
17.5
19.09
19.17
19.12
17.8
18.51
17.92
17.68
16.65
18.46
17.87
17.48
17.11
17.31
16.99
17.99
18.12
18.65
16.67
16.5
16.92
18.95
17.38
19.02
19.14
18.63
17.75
17.92
18.73
19.51
17.46
17.58
16.65
19.12
16.04
17.16
18.73
18.26
18.04
18.48
18.53
19.34
17.8
16.7
17.21
18.65
17.38
16.87
17.9
18.9
18.21
16.97
17.14
16.92
18.09
18.26
17.82
16.65
17.63
18.82
16.99
15.84
16.53
18.87
18.68
18.46
22.39
17.85
15.94
17.8
17.09
17.68
21.12
18.82
19.29
19.41
18.92
20.73
18.29
18.26
15.99
18.14
16.8
17.6
19.68
18.85
19.9
23.68
21.95
20.31
18.33
19.36
18.95
16.55
16.85
17.36
19.73
18.43
19.7
21.88
22.88
18.6
20.31
20.83
16.46
14.97
16.63
17.75
17.92
15.41
18.09
18.14
19.48
19.26
18.58
20.14
20.24
16.19
17.31
16.16
16.7
18.14
19.38
20.63
19.53
18.26
17.04
16.38
18.92
18.85
19.17
18.8
18.63
19.14
19.87
21.48
18.8
19.07
15.8
17.46
17.82
17.99
17.82
18.53
20.17
21.8
22.27
18.09
17.75
17.85
19.53
20.95
18.24
13.89
13.96
16.14
15.77
17.02
19.04
19.26
17.72
18.9
20.56
18.68
16.24
15.33
15.09
16.19
15.55
15.67
15.92
17.8
17.94
16.46
16.77
15.36
15.89
15.7
15.77
16.92
18.31
18.14
17.48
19.51
15.21
17.36
20.12
17.77
16.67
14.92
16.92
14.7
15.41
18.12
18.92
16.02
17.6
17.63
17.8
16.28
16.11
14.99
17.38
19.6
17.87
16.65
15.26
18.38
16.94
14.99
15.45
16.89
21.19
21.83
18.53
16.31
16.99
15.8
15.97
17.41
19.46
18.97
17.8
17.99
17.04
19.43
16.82
17.33
15.84
15.92
16.43
18.92
17.09
17.5
16.21
17.14
16.5
16.58
18.02
16.31
18.09
19.07
19.26
19.12
16.63
16.67
16.72
16.02
19.78
18.29
16.97
16.67
16.19
15.84
17.19
17.26
17.77
17.55
18.09
17.48
19.24
17.58
17.14
17.36
15.7
18.33
18.16
17.04
19.31
15.94
15.87
17.65
17.94
20.53
19.17
16.06
15.36
15.89
18.16
19.7
17.72
16.26
17.02
17.82
20.39
20.24
16.77
17.36
15.33
16.43
18.21
18.43
19.31
17.9
17.82
17.36
17.09
17.63
18.19
18.82
18.02
18.38
20.73
18.65
19.34
20.53
18.87
18.68
20.21
19.7
21.09
18.36
18.41
17.7
17.16
20.26
20.9
21.68
19.34
16.8
18.75
19.38
22.92
23.12
19.82
19.73
17.46
18.29
18.53
18.33
20.39
20.56
16.75
16.94
16.82
17.04
20.31
21.8
22.29
22.83
14.84
15.19
15.28
17.11
18.19
17.85
17.77
16.14
17.36
15.84
16.7
16.26
17.77
19.75
21.12
20.19
17.75
17.68
18.68
16.85
15.6
15.84
16.77
16.85
16.92
15.94
17.38
19.46
17.55
14.94
16.7
19.02
20.39
20.61
20.29
17.68
15.5
17.19
15.84
16.89
16.26
17.09
16.58
18.16
19.29
19.97
18.87
17.7
16.58
17.19
17.92
20.8
17.9
18.55
18.19
18.02
18.19
19.38
18.75
15.45
17.9
16.92
19.68
17.26
17.99
17.53
19.34
17.33
17.85
19.9
19.51
17.31
18.14
17.9
18.63
20.17
20.31
20.29
19.46
18.19
18.07
18.36
18.43
20.24
19.7
21.31
20.87
16.33
18.21
18.04
19.48
18.97
20.68
23.44
15.04
17.07
19.85
18.09
20.21
18.51
20.36
17.29
18.33
20.61
20.36
19.9
16.7
16.53
18.99
18.41
19.12
21.22
19.26
21.12
20.34
22.34
17.97
17.68
17.21
18.63
18.46
21.02
21.26
21.8
18.87
18.7
20.61
22.09
17.82
18.16
20.19
19.29
22.51
20.14
16.33
16.55
18.73
18.07
18.09
17.8
19.12
19.95
19.31
17.7
18.46
17.9
16.48
17.19
17.41
19.43
18.77
17.99
19.6
18.31
18.82
19.04
18.82
20.65
21.0
18.24
19.38
20.48
20.95
17.6
20.02
18.85
18.51
20.04
18.68
18.87
19.41
