0.0
0.0
0.0
0.0
0.0
0.0
0.0
0.0
0.0
0.0
0.0
0.0
0.0
0.0
0.0
0.0001907
0.0
0.0
0.0
0.0
0.0
0.0
0.0
0.0
0.0
0.0
0.0
0.0
0.0
0.0
0.0
0.0
0.0
0.0227
0.9659
1.517
1.46
1.437
1.187
0.9766
1.146
6.055
2.6
4.01
2.036
0.2319
0.8514
1.581
1.329
1.187
1.556
1.521
1.561
5.505
2.176
3.577
1.788
0.1619
0.4845
1.289
1.208
1.228
0.9964
1.065
1.251
1.208
2.56
4.883
3.583
3.448
0.692
0.399
0.1097
0.1089
0.33
0.1068
0.9415
1.144
1.494
1.491
1.743
1.587
1.721
4.779
2.167
3.345
1.913
0.676
0.6096
1.277
1.408
1.459
1.511
1.392
1.291
5.304
3.479
2.887
0.6737
0.3536
0.2335
0.1814
0.4173
0.2197
0.2613
0.2975
0.1295
0.1244
0.3574
0.09632
0.4173
1.822
2.124
2.087
1.849
2.216
5.823
3.65
2.335
0.4494
0.4318
0.2892
0.1711
0.4562
0.4982
0.1371
1.12
1.292
1.443
1.266
1.43
1.401
4.279
3.131
3.802
2.57
0.1245
0.9125
1.274
1.334
1.569
1.682
1.956
5.505
2.768
3.168
0.4478
1.797
2.032
2.179
2.118
2.066
5.09
2.24
3.851
1.602
0.4379
0.3952
0.08039
1.208
2.042
2.231
2.13
2.634
4.199
2.774
3.143
0.7034
0.3998
0.4837
0.2632
0.1522
0.3201
0.1219
0.518
9.537e-05
0.0
0.0
0.0
0.0
0.0
0.0
0.0
0.0
0.0
9.537e-05
0.0
0.0
0.0
0.0
0.0
0.0
0.0
0.0
0.0
9.537e-05
0.0
0.0
0.0
0.0
9.537e-05
0.0
0.0
0.0
0.0
0.0
0.0
0.0
0.0
0.0
0.0
0.0
0.0
0.0
0.0
9.537e-05
0.0
0.0
0.0002861
0.0
0.0
0.0
0.0
0.0
0.0
0.0
0.0
0.0
0.0
0.0
0.0
0.0
0.0
0.0
0.0
0.0
0.0
0.0
0.0
0.0
0.0
9.537e-05
0.0
0.0
0.0
0.0
0.0
0.0
0.0
0.0
0.0
0.0
0.0
0.0
0.0
0.0
0.0
0.0
0.0
0.0
0.0
0.0
0.0
0.0
0.0
0.0
0.0
9.537e-05
0.0
0.0
0.0
0.0
0.0
0.0
0.0
9.537e-05
0.0
0.0
0.0
0.0
0.0
0.0
0.0
0.0
0.0
0.0
0.0
0.0
0.0
0.0
0.0
0.0
0.0
0.0
0.0
9.537e-05
9.537e-05
0.0
0.0001907
0.0
0.0
0.0
0.0
0.0
0.0
0.0
0.0
0.0
0.0
0.0
0.0
0.0
0.0
9.537e-05
0.0
0.0
0.0
0.0
0.0
0.0
0.0
0.0
0.0
0.0
0.0
0.0
0.0
9.537e-05
0.0
0.0
0.0
0.0
0.0
0.0
0.0
0.0
0.0
0.0
0.0
0.0
0.0
0.0
0.0
9.537e-05
0.0
0.0
0.0
0.0
0.0
0.0
0.0
0.0
0.0
0.0
0.0
0.0
9.537e-05
0.0
0.0
0.0
0.0
9.537e-05
0.0
0.0102
0.1215
1.262
1.152
1.451
1.5
1.543
1.92
1.349
1.154
1.038
1.091
1.16
1.033
0.9689
0.8163
0.8591
0.9399
1.038
1.056
1.178
1.395
1.297
1.234
1.268
1.495
1.385
1.176
1.396
1.425
1.648
2.344
8.923
9.827
8.508
9.851
13.28
8.557
7.739
4.993
4.541
2.82
3.973
1.408
1.06
0.6546
1.352
1.62
2.121
1.755
1.736
2.008
1.852
2.161
2.774
2.74
2.679
2.185
1.938
1.901
2.057
2.048
2.133
2.008
1.794
1.468
4.425
7.8
5.811
4.816
4.987
9.521
7.397
10.39
7.617
7.385
6.323
4.993
2.869
1.109
0.9171
1.794
1.295
1.093
1.511
1.712
1.846
1.95
1.63
1.669
1.584
1.645
1.889
1.834
1.694
1.562
1.544
1.904
1.794
3.51
0.0
4.211
7.288
8.801
15.28
12.07
9.839
6.061
4.156
3.088
0.6844
2.179
1.953
1.755
2.112
1.825
2.023
2.496
2.222
2.374
2.133
2.023
1.517
1.411
1.736
1.84
1.859
6.372
12.79
13.89
13.92
10.19
11.68
6.384
4.553
1.91
0.8041
2.103
2.234
2.563
2.618
2.57
2.328
2.231
2.2
2.011
1.889
1.834
2.011
1.682
1.868
1.816
2.884
6.836
11.44
12.72
10.28
11.06
10.77
7.874
6.067
2.182
0.9491
0.2247
2.155
2.487
2.249
2.06
1.807
1.463
1.505
1.546
2.06
2.057
2.402
2.509
2.322
2.161
2.136
2.304
4.858
10.73
13.33
12.89
11.74
10.11
6.506
4.596
2.197
0.4478
1.495
5.298
2.328
0.5676
1.791
5.109
2.64
0.5127
1.572
3.979
4.669
0.5836
1.102
2.039
5.597
0.8469
1.306
1.987
4.034
6.409
1.566
1.276
1.451
2.64
6.348
3.278
0.4044
0.0
0.4425
1.27
3.32
5.005
1.46
0.4608
1.366
1.517
6.219
2.448
0.3174
1.137
2.664
4.767
0.7362
0.5852
1.129
2.902
3.485
1.427
0.1873
0.5928
0.8423
0.8041
2.701
3.192
1.385
1.07
0.1871
1.195
1.308
1.259
1.123
0.9598
0.885
1.132
1.044
1.149
0.972
0.8347
0.9048
1.051
1.239
1.218
1.068
1.044
1.129
1.234
1.192
1.344
1.434
1.219
1.105
1.166
1.236
1.323
1.152
0.9003
0.7668
0.9232
1.059
1.054
1.161
2.197
6.11
7.642
5.219
4.37
6.885
6.812
6.897
6.702
4.706
7.91
6.714
4.559
4.675
2.951
2.667
1.237
0.8865
0.8575
1.28
1.257
1.128
1.047
0.9506
1.047
1.164
1.257
1.236
1.091
0.9644
0.9552
0.9262
1.097
0.9659
1.178
1.221
1.645
1.999
2.661
2.637
2.625
2.216
2.481
2.368
2.164
4.401
8.069
4.626
6.958
6.604
10.66
8.228
6.409
6.86
5.109
4.266
4.602
2.841
1.913
2.652
1.288
1.501
0.2441
1.651
0.2079
1.541
0.1175
1.575
0.2697
0.7668
0.1223
1.611
1.974
1.73
2.081
1.828
1.727
1.718
1.572
1.721
1.801
1.819
1.956
2.124
2.234
2.145
2.228
2.158
2.008
2.383
2.444
2.505
5.28
7.434
6.299
4.047
7.617
8.423
7.312
7.983
6.219
7.837
4.407
6.152
3.204
3.012
0.6462
0.2068
0.666
0.7156
0.1129
0.6226
0.5081
0.4814
0.3757
0.2151
0.3098
0.1352
0.1268
0.3944
0.4608
0.4166
0.3109
0.3399
0.3506
0.09155
0.4898
0.14
0.1249
0.1013
0.3929
0.3609
0.07772
0.1009
0.2224
0.2815
0.3429
0.3555
0.3036
9.537e-05
0.0
0.0
0.0
0.0
0.006676
0.3391
0.3857
0.1417
0.1198
0.3036
0.1358
0.2422
0.322
0.3162
0.6355
0.4234
0.5028
0.2319
0.1669
0.2571
0.2403
9.537e-05
9.537e-05
9.537e-05
0.0
0.0
0.0
0.0
0.0
0.0
0.0
0.0003815
0.0
0.0
0.0
0.0
0.0
0.0
0.0
0.0
0.0
9.537e-05
0.0
0.0
0.0
0.0
0.0
0.0
0.0
0.0
0.0
0.0
