0.3052
0.2216
0.425
0.1883
0.2365
0.1905
0.3883
0.206
0.2613
0.206
0.1587
0.2365
0.2357
0.1266
0.219
0.1972
0.0005722
0.0
0.0
0.2232
0.3021
0.3052
0.1549
0.3174
0.3212
0.1995
0.1431
0.3662
0.1373
0.3471
0.115
0.1081
0.3799
0.2186
0.3342
0.1518
0.3342
0.1226
0.8392
1.071
1.379
1.515
1.431
1.521
3.467
3.705
2.264
4.047
1.709
0.2277
0.2094
0.1545
0.2903
0.3906
0.1352
0.3384
0.1465
0.193
0.3483
0.1469
0.4539
0.1179
0.1953
0.2144
0.4524
1.428
1.764
1.562
1.549
1.868
4.517
2.939
2.713
2.887
0.6676
0.2518
0.2392
0.1301
0.2659
0.3792
0.1022
0.1259
0.3143
0.3674
1.042
1.283
1.566
1.581
1.712
5.737
1.898
2.56
2.362
0.8377
0.1251
0.5043
0.5348
0.2773
0.1432
0.349
0.4745
0.2964
0.1919
0.2445
0.4585
1.152
1.086
1.357
1.434
1.971
2.838
4.645
1.703
3.4
0.6386
0.4944
1.521
1.938
1.907
1.645
1.709
5.396
1.913
3.43
0.9338
0.4326
0.08125
0.7477
0.518
0.4929
0.412
0.1801
0.4532
0.4288
0.2804
0.08354
0.1026
0.07553
0.2365
0.2048
0.4761
0.4295
0.428
0.4433
0.09489
0.1158
0.1011
0.3384
0.2926
0.5836
0.3975
0.3822
0.5241
0.4669
0.288
0.1173
0.1133
0.3086
0.08764
0.8484
1.073
1.355
1.331
1.305
1.291
1.292
3.308
4.321
1.935
3.241
1.398
0.3838
0.3719
0.1371
0.1154
0.08774
0.2655
0.115
0.6454
0.2911
0.09842
0.06857
0.214
0.2201
0.0
0.0003815
0.0
0.04768
0.3567
0.4265
0.2319
0.2991
0.1589
0.3056
0.2831
0.2483
0.2911
0.2079
0.3967
0.2605
0.1123
0.07219
0.1785
0.275
0.3498
0.3201
0.1038
0.08268
0.2838
0.2319
0.001049
0.03757
0.312
0.2991
0.3021
0.3826
0.2796
0.4379
0.2171
0.08898
0.06533
0.2434
0.1909
0.2392
0.2079
0.4158
0.1627
0.1879
0.1583
0.3632
0.1177
0.107
0.1255
0.2747
0.03738
0.01326
0.1514
0.621
0.2132
0.4303
0.07877
0.1131
0.06962
0.2159
0.2087
0.4166
0.2701
0.08144
0.08955
0.1595
0.2544
0.5135
0.3181
0.4234
0.2163
0.1032
0.06456
0.1635
0.3319
0.03109
0.4967
0.1745
0.172
0.1999
0.7309
0.1984
0.3143
0.09184
0.07744
0.2205
0.3464
0.03614
0.3532
0.259
0.09604
0.05913
0.2171
0.367
0.2964
0.1436
0.3227
0.05112
9.537e-05
0.4517
0.7675
0.3128
0.441
0.3513
0.6775
0.2842
0.3212
0.2956
0.1095
0.1373
0.4242
0.1816
0.2937
0.2876
0.3468
0.206
0.206
0.2697
0.2457
0.2045
0.3193
0.1575
9.537e-05
0.2003
0.1848
0.1984
0.4768
0.2636
0.1062
0.2583
0.1896
0.3014
0.1823
0.1663
0.1385
0.131
0.3315
0.2026
0.2991
0.2773
0.1417
0.3456
0.3448
0.1404
0.375
0.06723
9.537e-05
0.3906
0.1728
0.3857
0.156
0.1371
0.3582
0.1266
0.3258
0.3929
0.1289
0.4494
0.2686
0.1822
0.396
0.3323
0.1753
0.2827
0.441
0.2842
0.1495
0.1431
0.3052
0.05445
0.0006676
0.1326
0.5676
0.3468
0.4379
0.7301
0.1316
0.1505
0.2407
0.2007
0.285
0.1051
0.1379
0.1404
0.5264
0.6073
0.2506
0.2914
0.4547
0.2323
0.2678
0.12
0.07219
0.1797
0.2434
0.4097
1.324
1.736
1.63
1.575
1.877
1.688
1.608
1.558
1.52
1.794
1.283
1.379
1.477
1.605
1.688
1.617
1.515
1.347
1.399
1.718
1.523
1.54
1.334
3.021
4.083
6.824
6.726
4.327
9.18
10.57
7.593
6.519
7.556
5.444
5.2
2.051
0.3586
1.239
1.743
1.779
1.485
1.324
1.421
1.718
1.654
1.657
1.614
1.292
1.242
1.599
1.636
1.501
1.344
1.299
1.302
1.511
1.688
1.828
2.365
2.246
4.572
5.188
6.384
7.617
7.312
7.239
7.996
7.947
5.676
7.056
4.785
3.296
3.992
2.582
0.1925
1.54
1.813
1.532
1.303
1.447
1.77
1.752
1.666
1.929
1.727
1.624
1.788
1.555
1.532
1.524
1.248
1.118
0.8896
0.8377
1.015
0.8774
0.9323
1.054
0.7858
0.9567
3.247
3.918
6.396
8.472
5.865
8.533
7.117
6.0
7.312
3.894
6.726
5.414
4.065
3.882
2.948
2.487
0.9933
0.6767
0.9109
0.9842
0.9842
1.086
1.115
1.263
1.279
1.569
1.447
1.21
1.259
1.26
1.085
1.314
1.343
1.347
1.271
1.253
1.247
1.169
1.079
1.068
1.253
1.617
1.543
3.156
5.768
7.825
7.495
8.472
6.58
8.569
6.323
6.897
7.104
5.902
2.695
4.84
1.149
2.005
0.8301
1.151
1.497
1.328
1.335
1.552
1.627
1.904
1.703
1.736
1.678
1.797
1.527
1.357
1.521
1.414
1.491
1.543
2.075
1.92
1.7
1.422
2.838
5.603
9.216
5.493
7.727
8.325
8.96
8.691
8.02
5.902
5.286
4.376
2.664
0.2056
1.108
1.358
4.291
2.481
0.6737
0.6889
1.123
3.119
3.876
1.094
0.3426
0.8041
0.9659
2.826
4.028
1.01
0.3071
0.5989
0.7416
1.868
4.553
1.733
0.2304
0.1244
0.07105
0.1032
0.3597
0.1825
0.798
1.349
1.453
1.868
1.782
1.794
2.045
1.999
1.965
1.874
2.325
1.837
1.59
1.688
1.727
1.904
1.614
1.947
1.465
1.439
3.864
7.715
5.182
5.304
4.736
5.945
8.228
7.349
6.909
9.045
4.865
3.699
3.29
3.055
3.049
1.237
0.4967
0.5524
0.769
0.8743
1.001
1.149
1.234
1.685
1.917
2.026
2.301
2.435
2.417
2.457
2.261
2.084
1.822
1.825
1.543
1.865
2.036
1.791
5.798
6.567
5.408
6.207
9.57
11.19
7.178
7.764
5.066
4.535
3.265
3.857
2.014
0.531
1.016
0.824
0.8987
0.8163
0.9689
0.8743
1.102
1.244
1.495
1.511
1.411
1.463
1.279
1.279
1.216
1.395
1.172
1.192
1.511
1.593
1.953
1.709
1.633
1.476
1.669
1.801
1.572
2.087
6.146
7.849
3.815
4.199
3.876
9.253
5.219
7.556
5.792
7.874
6.592
5.286
4.761
2.429
0.5043
1.617
1.694
2.261
2.042
1.801
1.685
1.685
1.337
1.477
1.55
1.303
1.733
1.825
1.709
1.666
1.537
1.555
1.274
1.268
1.425
1.266
1.057
1.176
1.341
2.246
5.981
8.435
6.763
8.765
6.567
8.264
7.275
7.239
4.517
4.651
3.992
3.644
0.4822
0.2766
0.1375
0.2117
0.1659
0.4555
0.2243
0.1953
0.09995
0.1078
0.3281
0.2117
0.5684
0.3262
0.1057
0.1453
0.264
0.3761
0.1204
0.4402
0.3033
0.2979
0.4417
0.3929
0.2747
0.1078
0.1026
0.3284
0.4112
0.1059
0.1146
0.3109
0.01345
0.3937
0.47
0.3208
0.06609
0.0
0.4471
0.2651
0.1154
0.1417
0.246
0.3944
0.3445
0.2842
0.4135
0.1177
0.1043
0.2697
0.1219
0.4349
0.2735
0.1255
0.2689
0.08831
0.0002861
0.0
0.0
0.0
9.537e-05
9.537e-05
0.0
0.0
0.0
0.0
0.0
0.0
0.0
9.537e-05
0.01097
0.8102
0.9659
0.5447
0.4089
0.123
0.1173
0.3414
0.1139
0.7118
0.9811
0.4807
