18.29
20.02
19.9
18.38
25.93
34.38
23.14
19.51
16.8
19.75
18.38
14.09
20.58
17.77
33.5
33.06
7.336
0.7057
0.1406
12.18
18.38
29.88
35.3
20.61
18.55
15.53
18.8
15.28
15.26
15.31
15.06
17.24
19.87
14.11
18.41
15.23
17.5
27.1
34.03
21.0
0.9369
0.4456
0.02604
13.21
15.19
17.41
17.21
15.55
18.09
8.215
38.43
35.99
36.77
35.99
36.04
34.38
34.81
34.57
19.51
16.99
38.13
36.52
36.28
36.96
35.74
35.74
35.6
34.38
32.76
35.35
36.87
36.28
35.74
35.3
36.08
36.82
36.33
31.88
32.86
34.18
35.01
34.42
30.91
30.86
29.15
28.81
26.71
29.3
32.28
25.68
10.55
10.29
10.33
10.11
7.959
10.21
13.92
20.63
4.407
4.492
2.969
8.044
19.7
21.46
28.66
35.35
20.85
18.31
18.55
25.83
35.06
31.54
11.16
38.04
35.11
36.72
37.26
36.82
36.38
35.35
13.4
27.0
37.5
36.72
37.35
36.87
34.47
33.3
32.08
32.32
31.1
32.52
33.15
34.67
34.81
33.79
33.64
34.38
35.55
35.84
32.23
32.57
34.77
33.4
32.67
33.74
33.79
34.03
34.33
35.6
35.89
13.94
10.29
10.17
10.75
9.802
6.012
15.45
13.79
13.55
4.492
3.229
3.656
16.75
33.74
34.38
33.5
33.69
32.96
32.42
32.13
30.03
7.678
35.16
37.65
37.79
37.06
35.06
34.52
35.89
35.79
35.01
36.08
36.87
36.47
36.28
35.3
36.08
36.13
36.47
35.01
33.69
32.62
32.96
31.1
31.74
33.35
33.74
34.42
34.42
33.94
31.2
10.38
10.24
10.61
10.71
9.155
12.0
12.94
19.7
6.836
4.321
3.418
2.597
5.164
37.35
36.82
36.33
35.06
32.52
32.03
31.4
31.74
10.56
24.24
37.65
36.08
36.52
35.06
34.33
34.67
34.81
34.28
33.54
34.67
35.3
35.16
34.77
33.06
32.76
33.84
33.84
33.94
29.54
29.0
29.1
30.62
30.42
31.35
31.93
31.64
31.05
32.67
33.98
34.62
17.24
10.67
10.35
10.19
9.192
7.227
13.96
10.24
19.92
4.529
3.748
3.503
5.682
36.96
36.91
36.62
36.87
35.89
33.84
31.64
25.68
6.824
38.57
37.6
37.26
34.77
34.13
32.76
34.23
33.35
33.45
33.2
33.74
35.45
35.69
34.28
33.3
34.81
33.98
33.2
33.25
30.62
32.52
32.52
33.11
31.54
32.08
32.03
32.57
32.37
31.69
31.98
25.44
10.41
10.3
9.949
9.717
8.923
10.72
13.5
20.48
4.565
4.48
3.229
2.75
0.5363
0.2083
0.02604
0.03128
0.02346
0.02861
0.02604
0.02861
0.02346
0.02861
0.02346
0.02861
0.02346
0.02604
0.02604
0.02604
0.02604
0.02604
0.02604
0.02861
0.02346
0.02604
0.02346
0.02604
0.02604
0.02861
0.02604
0.02861
0.02604
0.02861
0.02604
0.02861
0.02604
0.02861
0.02604
0.02861
0.02604
0.02861
0.02346
0.02604
0.02604
0.02604
0.02604
0.02861
0.02604
0.02861
0.02604
0.02861
0.02346
0.02861
0.02604
0.02604
0.02604
0.02861
0.02346
0.02604
0.02604
0.02861
0.02604
0.02604
0.02604
0.02604
0.02604
0.02604
0.02604
0.02604
0.02346
0.02861
0.02604
0.02861
0.02604
0.02861
0.02604
0.02604
0.02604
0.02861
0.02346
0.02861
0.02604
0.02861
0.02346
0.02861
0.02604
0.02861
0.02604
0.02861
0.02604
0.02861
0.02604
0.02861
0.02346
0.02604
0.02604
0.02861
0.02346
0.02861
0.02346
0.02861
0.02604
0.02604
0.02604
0.02861
0.02346
0.02861
0.02604
0.02604
0.02346
0.02861
0.02604
0.02604
0.02346
0.02604
0.02346
0.02861
6.14
37.45
37.74
37.74
37.26
35.79
35.6
35.5
36.23
35.79
37.06
35.94
33.89
36.57
37.3
37.35
36.77
34.18
33.45
34.47
34.13
33.45
33.15
31.69
31.64
32.08
33.79
32.91
33.35
20.87
10.6
10.05
10.3
10.44
11.18
17.19
12.99
20.0
3.284
0.4532
0.177
0.02604
0.02604
0.02604
0.02604
0.02604
0.02604
0.02604
0.02079
4.596
33.25
36.43
36.47
35.74
33.45
33.15
34.91
36.04
36.91
36.33
35.74
36.87
35.3
34.03
34.52
34.38
35.25
34.81
33.45
35.21
34.57
32.96
33.01
33.11
32.81
31.79
32.76
35.16
34.91
15.58
10.71
10.31
10.5
11.25
10.08
17.85
17.68
11.95
2.667
0.3696
0.1354
0.02604
0.02604
0.02604
3.217
25.73
38.18
37.45
35.89
34.57
34.13
35.16
35.64
37.94
39.36
40.53
36.52
34.38
34.47
35.16
35.99
35.84
34.86
35.84
35.11
32.86
31.1
30.71
31.59
31.59
32.57
33.89
35.35
31.88
11.21
10.67
10.6
10.41
11.95
16.87
13.13
19.97
3.735
11.51
38.62
39.21
39.4
37.16
35.55
35.79
35.94
36.04
35.45
37.16
35.84
34.47
34.13
35.5
35.11
35.25
34.03
32.23
31.98
32.03
30.57
31.35
31.2
32.67
32.32
32.57
33.45
32.91
31.74
12.06
10.42
10.55
10.57
9.973
12.55
15.41
18.65
11.61
3.357
0.3696
0.1511
0.02604
0.02604
0.02604
0.02604
0.02604
0.02604
0.02604
0.02604
0.02604
0.02604
0.03128
10.12
11.41
10.89
10.66
10.39
8.472
0.1562
0.1249
0.02604
0.02604
0.02079
0.02604
0.02604
0.03128
0.02604
0.02604
0.02604
0.02604
0.02604
0.02604
0.02604
0.03128
0.02079
0.03128
0.02604
0.02604
0.02604
0.03128
0.02079
0.03128
0.02079
0.03128
0.02079
0.03128
0.02604
0.02604
0.02604
0.03128
0.02604
0.03128
3.314
9.399
11.08
10.78
10.89
10.24
6.873
5.927
33.94
37.89
39.01
38.53
34.42
32.47
31.2
33.64
34.33
33.94
33.4
33.89
33.59
33.59
34.52
36.13
34.57
35.84
34.81
35.89
33.11
32.32
31.93
31.45
33.59
34.13
35.25
34.57
33.2
13.67
10.56
10.62
10.42
11.24
14.14
17.26
17.99
10.8
1.923
0.3124
0.07811
0.02604
0.02604
0.02604
0.02604
0.02604
0.02079
0.02604
0.02604
0.02604
0.02604
0.02604
0.02604
0.02604
0.02079
0.02604
0.02604
0.02604
0.02604
0.02604
0.02604
0.02604
0.02079
0.02604
0.02604
3.308
24.85
39.6
40.33
36.91
34.38
35.25
37.16
38.53
37.4
35.74
35.6
34.81
36.04
36.72
37.55
35.74
34.96
35.11
36.47
35.25
33.74
33.25
34.13
32.52
31.45
34.62
34.86
33.5
19.12
10.73
10.56
10.66
11.44
15.14
16.89
23.19
3.772
2.301
0.3281
0.09899
0.02604
0.02604
0.02604
0.02604
0.02604
0.02604
0.02604
0.02604
0.02604
0.02604
0.02604
0.02604
0.02604
0.02604
0.02604
0.02604
0.02604
0.02604
0.02604
0.02604
0.02604
0.02604
0.02079
0.02604
0.02079
0.02604
0.02604
0.02604
0.02079
0.03128
0.02079
0.02604
0.02604
0.02604
0.02604
0.02604
0.02604
0.02604
0.02079
0.02604
0.02604
0.02604
0.02079
0.03128
0.02079
0.02604
0.02604
0.02604
0.02079
0.02604
0.02079
0.02604
0.02604
0.02604
0.02079
0.02604
0.02604
0.02604
0.02604
0.02604
0.02604
0.02604
