27.34
27.34
27.44
27.29
27.39
27.54
28.32
28.22
28.27
28.56
28.37
28.42
28.32
28.71
28.27
28.08
27.83
27.59
27.49
27.54
27.49
27.54
27.54
27.54
27.34
27.64
27.59
27.78
27.73
27.49
27.59
27.44
27.54
27.64
27.59
27.64
27.59
27.69
27.73
27.83
28.81
28.61
27.78
27.78
27.59
27.25
27.1
26.71
25.98
25.49
25.15
25.05
24.24
23.22
22.75
21.97
21.53
21.56
22.39
21.83
22.49
22.31
21.97
21.09
21.22
20.43
20.29
19.87
19.02
17.85
18.16
17.41
16.94
15.82
13.72
14.38
15.62
16.53
16.26
16.28
16.28
16.43
14.82
14.26
13.01
12.11
12.23
12.72
12.34
12.96
13.45
12.41
12.0
10.63
9.766
9.351
8.911
8.472
8.923
9.094
8.752
9.277
9.46
9.766
9.509
9.595
8.289
8.801
9.021
10.12
10.46
9.644
8.374
7.788
8.789
8.752
8.215
7.91
7.275
8.447
9.326
9.827
10.47
10.19
9.119
9.253
9.583
8.691
7.019
9.729
9.961
9.375
9.192
9.351
7.69
9.07
9.424
9.619
8.887
8.728
9.009
9.204
9.583
9.558
9.766
9.07
9.79
10.27
10.29
11.06
11.78
9.338
11.83
11.29
11.04
12.08
12.1
11.66
12.18
12.62
12.62
12.84
13.45
14.89
15.01
14.82
15.48
15.7
15.55
15.82
15.92
15.89
16.14
16.36
16.53
17.5
19.34
21.29
22.22
22.51
23.05
23.05
21.88
23.14
23.17
24.8
26.17
26.81
26.9
27.69
27.73
27.83
27.59
27.59
27.44
27.64
27.25
27.39
27.39
27.29
27.25
27.15
27.0
26.9
26.95
26.95
27.05
26.95
27.64
27.73
27.73
27.88
27.93
27.93
28.08
28.17
28.22
28.12
28.03
28.17
28.08
28.17
27.69
27.54
27.83
27.88
27.83
27.64
27.64
27.54
27.49
28.03
27.88
27.93
28.66
28.03
27.98
27.73
27.73
27.88
27.73
27.73
27.59
27.44
27.54
27.59
27.29
27.49
27.34
27.34
27.78
27.49
27.59
27.49
27.39
28.03
27.93
27.59
28.03
28.22
28.32
28.32
28.22
28.17
28.08
28.42
28.03
28.32
28.08
28.27
28.22
28.03
27.83
28.08
28.08
28.22
28.12
28.08
28.27
28.42
28.37
28.52
28.32
28.27
28.47
28.32
28.17
28.42
28.32
28.47
28.32
28.42
28.22
28.47
28.37
28.37
28.47
28.17
28.47
28.42
28.42
27.98
28.27
28.22
28.17
28.08
28.03
28.08
28.22
28.03
27.93
28.42
27.93
28.22
27.98
27.98
27.64
28.32
29.05
28.47
27.83
27.98
27.69
28.32
28.52
28.22
27.93
27.78
27.83
27.54
26.66
27.64
27.44
27.39
27.15
25.93
25.98
25.83
25.24
24.17
23.97
23.78
23.56
23.27
22.53
22.31
21.66
20.8
20.21
19.51
18.58
17.04
16.04
15.62
15.36
14.53
13.57
13.48
13.06
12.57
12.57
12.3
11.93
11.68
11.22
11.01
10.82
10.66
10.86
10.94
11.43
11.73
11.66
11.38
11.74
11.34
10.14
9.937
9.998
10.19
9.9
9.155
8.447
8.215
9.583
10.19
10.55
10.73
10.91
11.02
10.03
8.228
6.183
8.301
8.289
8.069
7.971
7.996
8.081
7.788
8.984
9.912
10.17
10.02
9.692
10.36
10.45
10.41
9.961
8.911
8.936
10.31
10.74
10.74
10.23
8.63
8.789
10.4
10.49
10.62
10.85
10.79
9.363
11.17
10.79
10.34
11.98
10.33
11.69
11.85
11.8
9.778
12.62
13.33
14.09
13.38
15.19
15.75
15.99
16.77
16.72
16.87
17.7
16.85
17.65
18.04
17.5
15.89
18.21
19.97
21.51
22.07
24.73
25.24
26.17
26.95
27.15
27.1
27.25
27.29
27.15
27.39
27.25
27.54
27.88
27.34
27.29
27.05
26.66
26.95
27.54
26.9
26.81
26.76
26.86
26.86
26.71
27.29
27.29
27.39
27.49
27.25
27.54
27.83
27.59
28.12
27.88
27.49
27.78
27.29
27.54
27.49
27.2
27.39
27.54
27.2
27.1
27.25
27.29
27.54
27.69
28.27
27.78
27.34
27.25
27.1
27.39
27.0
26.95
26.71
27.1
27.44
27.2
27.34
27.1
27.0
27.1
27.59
27.69
27.39
26.76
26.76
26.81
26.81
26.95
26.95
26.86
27.15
27.1
26.9
28.12
27.98
27.83
28.08
28.03
27.93
27.98
27.83
27.93
27.73
27.73
27.73
28.32
27.59
27.44
28.12
28.22
27.73
28.27
28.32
28.27
28.42
27.64
28.37
28.03
27.98
27.98
28.61
28.12
27.78
28.61
28.66
28.81
28.22
28.47
27.49
27.49
27.64
27.98
28.52
28.22
28.12
28.12
27.98
27.93
28.08
28.22
28.08
28.37
28.47
28.17
27.93
27.59
28.32
27.88
28.08
27.83
27.78
27.93
27.69
28.03
28.27
28.08
28.03
28.37
28.08
28.27
27.83
27.83
27.78
27.49
27.69
27.73
27.69
27.59
27.73
27.49
27.2
26.9
26.9
26.22
25.88
25.68
25.49
25.39
24.39
23.63
23.12
22.63
21.78
21.14
20.8
20.41
18.77
18.21
17.72
17.19
16.24
15.87
15.43
16.77
14.7
16.02
15.5
14.97
14.18
12.92
12.52
12.77
12.45
11.84
11.3
11.17
11.02
11.83
11.77
9.814
10.16
10.69
10.82
10.85
10.63
10.19
10.38
10.64
9.998
10.23
10.01
9.753
9.534
8.801
8.374
7.129
7.422
10.17
9.546
10.23
8.948
8.215
9.045
9.229
8.899
8.813
8.044
7.654
8.02
7.837
8.582
7.874
7.007
7.764
8.276
8.508
8.765
9.302
9.302
9.937
10.06
9.448
10.11
9.949
9.497
9.668
9.875
8.899
9.155
9.229
9.058
9.216
10.95
10.74
10.45
11.12
11.49
12.55
13.4
13.62
14.09
13.77
13.82
13.4
13.57
13.92
13.67
14.82
14.75
12.01
16.58
16.28
16.58
16.58
16.11
16.97
17.87
18.19
19.51
21.09
22.46
23.05
22.39
23.14
25.2
27.0
27.44
28.08
28.03
27.88
27.98
27.78
27.78
27.83
27.78
27.93
28.08
28.27
28.22
28.56
28.56
28.52
28.86
28.71
28.42
28.61
28.47
28.52
28.32
27.93
28.71
28.32
28.27
28.47
28.32
28.17
27.64
27.54
27.54
27.54
27.54
27.59
27.64
27.59
27.73
27.64
27.64
27.64
27.64
27.83
27.39
28.17
28.03
27.05
27.78
27.54
27.44
27.69
27.69
27.88
27.69
27.64
27.69
28.08
27.69
27.39
27.54
27.73
27.78
27.73
27.54
28.22
27.93
27.64
27.64
27.88
28.03
