0.0
0.14
0.002861
0.003624
0.7408
1.329
1.257
1.103
0.5157
0.7072
1.227
1.224
0.8408
0.5219
0.882
0.8118
0.9171
0.8667
0.6577
0.8759
0.9689
0.721
0.4082
0.2895
0.9979
0.7446
0.9308
0.9064
0.7607
1.326
0.9979
1.099
1.108
1.445
0.8804
1.169
1.178
1.122
1.274
1.035
0.8881
0.9155
0.7034
0.8163
0.9293
0.7874
0.7477
0.6004
0.4745
0.6683
1.048
1.137
1.331
0.528
1.045
0.8301
0.9689
0.9323
1.006
0.824
0.5615
0.4158
0.8392
0.7011
0.9827
0.9415
1.241
0.6165
0.9216
0.8591
0.3559
0.8972
1.035
1.285
1.419
1.343
1.28
0.9018
0.885
0.9094
0.7004
1.308
1.059
1.097
1.331
0.9979
0.238
0.3845
0.6523
0.4112
0.8087
1.123
0.9583
1.039
0.795
0.6996
0.9094
1.514
1.042
0.7324
1.196
0.9064
0.4097
1.071
0.8789
0.7256
1.06
0.8743
0.3456
0.9628
1.297
0.8392
0.4578
0.5211
0.4837
1.299
0.3033
0.795
1.312
1.173
0.3601
0.8636
1.074
0.882
0.8865
1.271
1.251
0.7233
0.3456
1.443
0.885
0.9354
0.853
0.9064
0.7561
0.4379
1.056
0.8789
0.3593
0.6668
0.9933
0.7317
0.8987
0.6714
0.5325
0.415
1.083
1.021
0.6668
0.8179
0.544
0.9003
0.6409
1.102
0.6035
0.8652
1.031
0.3246
0.2251
0.1736
0.9521
1.201
1.271
1.566
0.8652
0.7996
0.65
0.8865
0.7591
0.9827
0.412
0.9125
0.7339
0.7446
0.3975
1.025
0.6943
0.9491
0.6813
0.914
1.16
0.8698
0.6966
0.4036
1.045
0.9766
0.8469
0.8575
1.387
1.276
1.675
1.158
0.6706
1.083
1.169
1.247
1.003
0.9232
1.022
0.7965
1.216
0.7401
1.068
0.5424
0.631
0.9995
0.9262
0.9262
1.215
1.022
0.798
0.8896
1.537
1.035
1.056
1.18
1.216
0.5386
0.6783
0.6149
0.3239
0.7713
0.0
