7.629
6.763
3.815
5.176
4.767
6.714
6.482
7.776
5.768
4.724
4.419
5.261
4.266
4.858
4.242
5.365
6.311
6.14
7.263
7.764
4.486
5.225
4.34
4.84
4.004
4.822
5.817
6.335
6.36
6.555
7.764
7.397
4.547
4.431
4.962
4.303
5.334
4.736
5.756
6.061
6.384
6.409
6.982
7.239
7.446
7.385
8.032
8.167
8.313
8.252
8.679
7.385
6.958
9.009
11.22
12.55
8.557
3.296
3.296
3.296
3.296
3.296
3.296
3.296
3.296
3.296
3.296
3.296
3.296
3.296
3.296
3.296
3.296
3.296
3.296
3.296
3.296
3.296
3.296
3.296
3.296
3.296
3.296
3.296
3.296
3.296
3.296
3.296
3.296
3.296
3.296
3.296
3.296
3.296
3.296
3.296
3.296
3.296
3.296
3.296
3.296
3.296
3.296
3.296
3.296
3.296
3.296
3.296
3.296
3.296
3.296
3.296
3.296
3.296
3.296
3.296
3.296
3.296
3.296
3.296
3.296
3.296
3.296
3.296
3.296
3.296
3.296
3.296
3.296
3.296
3.296
3.296
3.296
3.296
3.296
3.296
3.296
3.296
3.296
3.296
3.296
3.296
3.296
3.296
3.296
3.296
3.296
3.296
3.296
3.296
3.296
3.296
3.296
3.296
3.296
3.296
3.296
3.296
3.296
3.296
3.296
3.296
3.296
3.296
3.296
3.296
3.296
3.296
3.296
3.296
3.296
3.296
3.296
3.296
3.296
3.296
3.296
3.772
7.104
8.618
8.362
7.874
7.361
6.812
6.25
5.664
4.944
4.358
5.261
5.597
5.701
6.189
7.056
4.425
5.341
4.401
5.292
5.365
8.362
9.326
10.45
6.494
5.029
4.742
4.675
6.946
6.738
7.471
8.313
4.132
5.31
4.34
5.42
5.841
6.921
5.09
5.066
4.59
4.48
5.054
5.438
5.688
5.908
6.25
6.226
6.201
6.195
5.975
7.288
9.424
6.665
4.718
5.115
4.84
4.449
3.796
5.225
4.535
5.048
3.833
5.103
3.503
3.296
3.918
4.968
3.668
4.095
4.443
4.797
5.316
5.548
5.835
6.122
6.055
7.361
7.715
4.26
5.133
5.664
6.384
6.384
7.324
8.667
4.181
4.889
4.761
4.48
4.688
4.828
5.035
4.84
6.372
7.08
7.153
8.008
8.557
4.376
4.803
4.449
5.42
4.474
4.62
4.456
5.219
5.902
6.128
7.092
7.434
4.901
5.841
6.146
6.592
6.665
7.043
7.275
7.629
8.203
8.691
8.728
8.704
8.411
8.411
7.458
8.557
10.78
12.62
12.15
5.53
7.092
7.239
7.874
6.519
5.408
9.29
9.338
10.95
5.365
5.438
4.968
5.975
6.299
6.75
6.97
7.08
7.703
7.91
8.081
8.35
8.484
8.875
8.875
8.594
6.86
8.313
10.5
12.5
12.43
5.865
9.216
9.521
10.21
3.833
6.25
5.963
5.859
7.642
7.556
8.203
4.919
5.023
4.529
4.541
5.054
4.633
5.841
5.975
7.007
4.449
5.164
5.231
7.178
7.068
8.545
6.195
5.182
4.443
5.396
4.694
4.572
5.182
5.078
6.787
6.921
5.328
5.286
4.565
6.885
7.898
7.385
8.105
4.535
4.688
5.969
6.726
5.688
4.871
4.51
4.791
4.535
5.219
5.304
6.665
6.702
7.91
5.42
5.103
4.108
3.967
5.334
5.914
7.129
5.096
5.316
4.462
5.273
4.468
4.816
7.422
9.363
10.51
6.824
9.204
9.485
10.35
4.706
6.299
6.519
7.495
7.617
4.742
4.651
6.012
6.445
6.122
4.657
5.151
4.169
4.321
4.797
4.285
3.546
4.865
5.859
6.946
5.286
5.035
4.59
4.791
6.799
7.397
8.032
5.963
4.633
4.602
5.078
4.37
5.377
4.382
6.134
5.597
4.81
4.547
5.365
4.462
4.84
4.62
4.828
4.956
4.395
4.785
5.182
4.987
6.775
6.372
7.581
7.52
4.602
4.645
5.011
5.499
9.399
9.741
9.583
4.37
5.334
6.104
6.458
7.556
5.743
4.584
5.701
6.36
6.665
7.764
5.371
5.548
6.567
6.506
7.715
6.433
4.388
5.066
4.559
3.961
4.651
5.426
4.193
4.889
4.303
5.524
6.073
6.262
6.714
3.937
4.889
5.591
6.323
5.231
4.999
5.713
4.907
4.846
4.346
6.287
7.568
7.349
7.471
4.547
5.035
5.737
6.531
6.433
7.788
7.227
4.706
6.445
6.25
7.275
7.361
4.761
6.036
6.506
6.189
5.994
9.521
10.31
8.435
4.938
4.266
6.348
9.521
10.24
7.642
4.852
5.762
6.421
6.616
7.654
4.913
3.845
5.103
6.226
8.813
10.46
6.616
6.97
6.58
7.935
7.104
4.315
5.457
4.431
4.907
5.939
6.885
7.031
8.301
5.414
6.677
6.799
7.544
9.082
3.931
4.431
5.835
6.824
6.47
7.446
9.338
4.742
4.968
6.146
6.982
6.909
8.545
6.97
4.865
5.121
4.132
5.151
4.962
4.749
5.548
4.547
5.377
4.614
4.59
5.115
4.395
5.481
5.756
9.485
9.924
10.02
6.555
9.424
10.24
7.556
5.048
4.803
4.23
5.28
4.486
4.962
5.652
6.494
6.36
7.617
8.337
4.645
5.402
4.498
4.681
4.62
5.115
5.872
6.921
7.434
8.716
5.371
4.437
5.334
5.969
6.689
4.895
4.59
5.316
5.658
6.061
6.653
6.848
6.982
7.104
7.617
7.507
7.642
7.983
7.312
7.007
8.997
12.08
9.827
6.104
7.507
7.556
8.484
5.231
7.068
6.482
7.605
7.8
4.468
4.84
6.531
7.263
6.372
8.423
8.313
3.925
6.116
6.58
6.604
3.302
3.455
4.987
4.559
5.048
4.779
4.773
4.138
5.109
4.608
5.06
4.688
5.096
4.529
4.419
5.359
6.073
6.506
6.787
9.583
10.71
7.031
5.188
4.675
5.957
6.555
6.921
8.423
6.055
4.688
5.615
4.999
4.95
4.926
6.036
6.091
7.141
5.438
9.448
9.277
10.86
5.292
5.579
5.89
6.055
6.458
6.909
7.019
7.19
7.471
7.581
8.105
7.336
6.372
7.617
9.9
12.01
6.189
5.298
4.407
5.121
4.48
4.81
4.089
4.944
5.688
5.695
8.777
10.25
9.29
10.74
5.115
5.505
4.419
5.505
3.387
3.296
3.296
3.296
3.296
3.424
4.852
5.396
6.0
5.981
6.396
6.86
6.921
7.068
6.909
6.03
8.081
10.24
5.084
5.542
5.908
6.409
6.122
6.958
7.043
7.361
7.385
7.678
7.812
7.812
7.446
6.335
8.044
10.72
12.44
5.188
5.896
7.031
7.043
8.154
6.934
4.846
5.298
4.584
5.792
4.358
4.736
5.536
6.262
6.86
4.785
5.481
4.034
5.09
4.486
5.432
4.34
5.542
6.628
6.348
7.507
9.094
5.963
4.944
4.517
5.035
5.17
5.957
6.311
6.714
6.934
7.019
7.617
7.776
7.959
8.093
8.435
8.508
9.155
9.375
8.008
7.324
9.473
11.56
12.6
11.19
4.938
5.206
6.274
