43.16
43.21
43.21
43.21
43.21
43.21
43.16
43.16
40.09
17.26
15.94
18.16
19.38
19.6
20.31
19.14
12.65
11.18
10.88
10.89
10.89
10.89
10.89
10.89
10.89
10.89
10.89
10.89
10.89
10.89
10.89
10.89
10.89
11.88
12.87
13.01
13.13
12.74
10.88
10.88
10.89
10.89
10.89
11.0
13.04
14.58
25.59
21.0
16.38
30.27
30.66
31.74
31.59
31.84
29.1
27.78
25.49
25.39
16.58
37.26
42.58
43.07
43.02
42.92
42.92
42.92
42.92
42.92
42.92
42.92
42.92
42.92
43.02
43.07
43.12
43.16
43.16
43.21
43.16
43.16
43.02
43.02
43.02
43.02
43.02
43.02
43.02
43.07
43.02
43.02
43.07
42.92
42.58
42.53
41.75
34.62
32.23
27.29
23.8
23.8
17.99
12.26
14.04
29.1
30.08
31.35
31.45
31.54
28.66
27.25
24.46
24.34
18.14
38.13
42.53
43.12
43.16
43.16
43.16
43.16
43.16
43.16
43.16
43.16
43.16
43.16
43.16
43.12
43.07
43.12
43.16
43.16
43.16
43.16
43.21
43.21
43.21
43.21
43.21
43.21
43.21
43.16
43.12
41.16
18.6
16.11
17.07
19.24
19.38
19.41
19.92
15.33
12.29
17.77
29.59
30.47
31.3
31.35
30.57
28.12
25.15
24.68
17.9
34.52
42.14
43.07
42.92
42.77
42.77
42.72
42.77
42.77
42.72
42.77
42.77
42.77
42.87
43.07
43.12
43.12
43.16
43.16
43.16
43.16
43.16
43.16
43.16
43.21
43.21
43.21
43.21
43.16
43.21
43.26
34.77
16.41
15.84
17.41
18.6
18.48
18.36
19.07
17.14
12.44
13.31
28.56
30.22
31.4
31.4
31.45
30.47
27.98
27.64
25.54
23.22
19.92
40.53
42.82
43.12
43.16
43.16
43.16
43.16
43.16
43.12
43.16
43.16
43.16
43.16
43.12
43.12
43.12
43.16
43.21
43.16
43.16
43.16
43.21
43.21
43.21
43.21
43.21
43.21
43.21
43.21
43.26
43.21
43.26
31.64
16.06
15.5
14.97
17.16
19.46
18.95
18.48
18.55
16.43
12.22
15.72
29.39
30.37
31.35
31.25
30.71
28.08
25.24
24.73
16.89
34.52
41.65
43.16
43.21
43.31
43.26
43.26
43.26
43.26
43.21
43.26
43.26
43.21
43.21
43.16
43.16
43.21
43.21
43.16
42.24
42.29
42.24
42.29
42.33
42.33
42.33
42.33
42.33
42.19
41.94
41.55
22.73
16.41
17.07
19.46
18.85
19.17
19.19
16.6
12.4
11.16
10.94
10.93
10.93
10.93
10.93
10.93
10.93
10.93
10.93
10.93
10.93
10.93
10.93
10.93
10.93
10.93
10.93
10.93
10.93
10.93
10.93
10.93
10.93
10.93
10.93
10.93
10.93
10.93
10.93
10.93
10.93
10.93
10.93
10.93
10.93
10.93
10.93
10.93
10.93
10.93
10.93
10.93
10.93
10.93
10.93
10.93
10.93
10.93
10.93
10.93
10.93
10.93
10.93
10.93
10.93
10.93
10.93
10.93
10.93
10.93
10.93
10.93
10.93
10.93
10.93
10.93
10.93
10.93
10.93
10.93
10.93
10.93
10.93
10.93
10.93
10.93
10.93
10.93
10.93
10.93
10.93
10.93
10.93
10.93
10.93
10.93
10.93
10.93
10.93
10.93
10.93
10.93
10.93
10.93
10.93
10.93
10.93
10.93
10.93
10.93
10.93
10.93
10.93
10.93
10.93
10.93
10.93
10.93
12.21
29.39
42.97
43.12
43.12
43.02
43.02
43.02
42.87
42.77
42.92
42.68
42.53
42.58
42.58
42.38
42.38
42.82
43.12
43.16
43.12
43.21
43.21
43.21
43.21
43.26
43.26
43.26
43.31
43.31
33.5
15.94
18.29
21.02
23.49
13.94
11.94
16.43
41.85
43.12
43.16
43.21
43.21
43.21
43.16
43.16
43.16
43.21
43.16
43.16
43.16
43.16
43.16
43.16
43.12
43.07
43.02
43.21
43.16
43.21
43.21
43.26
43.26
43.26
43.26
43.31
42.92
27.44
15.62
19.31
21.24
21.19
13.57
11.58
11.76
22.09
42.77
43.12
43.12
43.21
43.21
43.21
43.16
43.16
43.16
43.21
43.16
43.16
43.16
43.16
43.12
42.97
42.97
43.12
43.16
43.12
43.21
43.21
43.26
43.21
43.26
43.26
43.26
43.31
43.26
43.36
43.31
36.43
15.55
17.97
20.46
23.39
16.38
11.88
12.52
32.42
43.07
43.12
43.16
43.21
43.21
43.21
43.16
43.16
43.21
43.21
43.16
43.16
43.12
42.97
42.97
42.97
42.97
43.07
43.16
43.12
43.21
43.16
43.26
43.26
43.26
43.26
43.26
43.31
43.26
43.31
43.21
31.79
15.38
18.6
20.56
21.8
13.92
11.58
11.34
16.94
41.41
43.12
43.12
43.16
43.07
43.02
42.82
42.77
42.77
42.82
42.82
42.77
42.43
42.38
42.43
42.29
42.19
42.72
43.12
43.16
43.16
43.21
43.21
43.26
43.26
43.26
43.21
43.26
43.26
43.26
43.31
42.68
19.38
15.53
18.95
21.73
20.9
13.13
11.36
10.93
10.93
10.93
10.93
10.93
10.93
10.93
10.93
10.93
10.93
10.93
10.93
10.93
10.93
10.93
10.93
10.93
10.93
10.93
10.93
10.93
10.93
10.93
10.93
10.93
10.93
11.68
24.58
42.77
43.12
43.16
43.21
43.21
43.21
43.16
43.16
43.16
43.21
43.16
43.16
43.16
43.16
43.16
43.16
43.12
43.16
43.12
43.21
43.21
43.26
43.26
43.26
43.26
43.26
43.26
43.12
31.1
16.04
16.38
20.46
24.37
16.87
12.23
11.28
12.43
32.57
43.02
43.12
43.07
42.48
42.38
42.24
42.29
42.19
42.77
42.97
42.87
42.77
42.77
42.82
42.82
42.77
42.82
43.16
43.16
43.16
43.16
43.21
43.21
43.26
43.26
43.26
43.26
43.26
43.31
43.31
43.21
41.8
21.73
15.75
20.02
22.75
18.02
13.13
11.98
19.97
42.38
43.12
43.16
43.12
43.07
43.02
43.02
42.92
42.82
42.82
42.77
42.77
42.77
42.77
42.82
42.77
42.77
42.92
43.12
43.21
43.16
43.21
43.16
43.26
43.26
43.26
43.26
43.26
43.26
43.31
43.31
42.68
20.09
15.45
19.82
23.44
20.51
12.99
11.79
17.36
41.16
43.12
43.16
43.21
43.07
43.02
43.02
42.92
42.72
42.63
42.58
42.38
42.29
42.04
41.99
42.04
42.04
42.63
43.16
43.16
43.16
43.21
43.21
43.21
43.26
43.26
43.26
43.26
43.26
43.31
43.31
43.31
43.16
25.63
15.8
20.39
23.22
17.63
12.94
11.3
12.46
32.52
43.07
43.12
43.16
43.21
43.21
43.16
43.16
43.16
43.16
43.16
43.12
43.16
43.16
43.16
43.16
43.16
43.12
43.16
43.12
43.21
43.21
43.21
43.26
43.26
43.26
43.26
43.31
43.31
29.79
15.94
16.94
19.8
22.24
17.53
12.5
