7.703
7.715
7.715
7.715
7.715
7.715
7.703
7.69
7.69
7.703
7.703
7.703
7.69
7.678
7.666
7.837
7.751
7.666
7.678
7.69
7.69
7.703
7.703
7.715
7.715
7.715
7.715
7.727
7.727
7.727
7.715
7.703
7.703
7.703
7.703
7.703
7.715
7.715
7.715
7.715
7.703
7.715
7.703
7.703
7.703
7.703
7.715
7.727
7.727
7.715
7.715
7.715
7.703
7.715
7.703
7.69
7.69
7.703
7.715
7.715
7.703
7.703
7.703
7.69
7.69
7.703
7.703
7.703
7.703
7.703
7.715
7.715
7.715
7.703
7.715
7.703
7.69
7.703
7.703
7.703
7.69
7.69
7.69
7.703
7.715
7.715
7.715
7.715
7.703
7.69
7.678
7.69
7.678
7.678
7.703
7.678
7.703
7.69
7.69
7.69
7.678
7.69
7.678
7.69
7.678
7.678
7.678
7.678
7.678
7.678
7.69
7.69
7.678
7.678
7.678
7.69
7.69
7.678
7.666
7.666
7.703
7.69
7.69
7.69
7.69
7.703
7.703
7.703
7.703
7.703
7.715
7.703
7.703
7.703
7.715
7.715
7.703
7.715
7.715
7.703
7.703
7.715
7.715
7.703
7.703
7.703
7.715
7.703
7.703
7.678
7.69
7.703
7.703
7.703
7.715
7.715
7.715
7.715
7.715
7.715
7.715
7.715
7.715
7.715
7.715
7.715
7.715
7.715
7.715
7.715
7.703
7.703
7.703
7.703
7.703
7.703
7.69
7.69
7.703
7.703
7.703
7.703
7.69
7.703
7.703
7.69
7.69
7.666
7.69
7.678
7.69
7.69
7.703
7.69
7.69
7.69
7.678
7.703
7.69
7.69
7.69
7.69
7.678
7.69
7.678
7.703
7.715
7.715
7.703
7.703
7.703
7.715
7.703
7.715
7.715
7.715
7.715
7.69
7.69
7.678
7.69
7.703
7.703
7.703
7.703
7.703
7.703
7.715
7.715
7.703
7.715
7.727
7.727
7.715
7.715
7.715
7.715
7.715
7.715
7.715
7.715
7.715
7.715
7.715
7.715
7.703
7.703
7.703
7.703
7.715
7.715
7.715
7.715
7.703
7.703
7.703
7.703
7.703
7.703
7.703
7.703
7.703
7.715
7.715
7.715
7.715
7.715
7.715
7.715
7.703
7.715
7.703
7.715
7.715
7.715
7.715
7.727
7.715
7.727
7.727
7.715
7.703
7.715
7.703
7.703
7.703
7.69
7.69
7.69
7.69
7.69
7.703
7.703
7.715
7.715
7.715
7.715
7.715
7.715
7.715
7.715
7.69
7.703
7.69
7.703
7.703
7.715
7.703
7.703
7.69
7.703
7.678
7.69
7.69
7.715
7.703
7.715
7.715
7.715
7.703
7.703
7.703
7.715
7.715
7.715
7.703
7.703
7.703
7.69
7.69
7.703
7.715
7.703
7.715
7.715
7.727
7.727
7.715
7.703
7.69
7.69
7.69
7.703
7.703
7.715
7.715
7.715
7.715
7.715
7.715
7.715
7.715
7.703
7.715
7.715
7.715
7.715
7.715
7.715
7.715
7.715
7.715
7.715
7.715
7.715
7.715
7.703
7.715
7.715
7.715
7.715
7.715
7.715
7.715
7.703
7.69
7.703
7.703
7.703
7.703
7.703
7.69
7.703
7.703
7.703
7.69
7.678
7.666
7.69
7.69
7.678
7.666
7.678
7.666
7.666
7.654
7.666
7.751
7.8
7.703
7.69
7.69
7.69
7.703
7.703
7.703
7.715
7.715
7.715
7.69
7.69
7.678
7.678
7.703
7.703
7.703
7.715
7.703
7.715
7.715
7.715
7.715
7.715
7.715
7.703
7.703
7.703
7.703
7.715
7.715
7.715
7.715
7.727
7.727
7.727
7.715
7.715
7.703
7.69
7.69
7.715
7.703
7.703
7.715
7.715
7.715
7.715
7.727
7.715
7.727
7.715
7.715
7.715
7.715
7.727
7.727
7.715
7.715
7.715
7.715
7.715
7.715
7.703
7.703
7.703
7.69
7.69
7.703
7.703
7.703
7.69
7.69
7.69
7.678
7.703
7.69
7.703
7.69
7.69
7.678
7.678
7.69
7.69
7.703
7.703
7.69
7.678
7.678
7.678
7.69
7.69
7.69
7.69
7.69
7.703
7.69
7.69
7.69
7.69
7.678
7.678
7.69
7.678
7.703
7.715
7.715
7.715
7.69
7.678
7.69
7.703
7.703
7.69
7.69
7.703
7.739
7.727
7.678
7.678
7.703
7.69
7.69
7.727
7.703
7.703
7.715
7.715
7.703
7.703
7.703
7.69
7.69
7.678
7.666
7.678
7.678
7.703
7.69
7.69
7.703
7.715
7.703
7.703
7.703
7.69
7.69
7.678
7.678
7.678
7.69
7.703
7.703
7.69
7.69
7.69
7.678
7.678
7.678
7.678
7.678
7.69
7.703
7.69
7.703
7.715
7.703
7.703
7.703
7.69
7.678
7.69
7.678
7.678
7.666
7.666
7.678
7.69
7.666
7.654
7.8
7.812
7.666
7.666
7.703
7.849
7.849
7.849
7.849
7.861
7.678
7.678
7.678
7.69
7.678
7.678
7.678
7.678
7.678
7.678
7.776
7.825
7.69
7.69
7.678
7.69
7.678
7.69
7.666
7.666
7.666
7.678
7.666
7.666
7.654
7.69
7.69
7.703
7.703
7.703
7.703
7.703
7.703
7.715
7.703
7.69
7.69
7.69
7.666
7.666
7.69
7.678
7.678
7.69
7.678
7.69
7.69
7.69
7.678
7.69
7.678
7.703
7.715
7.69
7.69
7.678
7.703
7.678
7.678
7.678
7.678
7.703
7.703
7.715
7.703
7.69
7.69
7.776
7.703
7.703
7.715
7.703
7.69
7.715
7.703
7.715
7.69
7.678
7.654
7.666
7.751
7.861
7.788
7.69
7.678
7.666
7.666
7.666
7.69
7.69
7.69
7.69
7.678
7.678
7.69
7.69
7.678
7.69
7.69
7.69
7.69
7.69
7.69
7.678
7.678
7.69
7.69
7.715
7.703
7.69
7.678
7.678
7.666
7.666
7.666
7.678
7.678
7.678
7.703
7.703
7.703
7.715
7.703
7.703
7.703
7.703
7.703
7.703
7.703
7.69
7.703
7.715
7.69
7.703
7.715
7.69
7.69
7.666
7.666
7.678
7.69
7.861
7.874
7.861
7.898
7.776
7.69
7.69
7.703
7.69
7.678
7.703
7.703
7.715
7.715
7.715
7.69
7.666
7.69
7.715
7.703
7.69
7.69
7.69
7.678
7.678
7.678
7.678
7.666
7.666
7.678
7.703
7.69
7.69
7.678
7.678
7.666
7.666
7.666
7.69
7.69
7.678
7.666
7.678
7.666
7.666
7.727
7.861
7.812
7.69
7.678
7.678
7.678
7.666
7.666
7.678
7.703
7.69
7.69
7.703
7.703
7.715
7.715
7.715
7.69
7.678
7.678
7.678
7.678
7.678
7.654
7.812
7.898
7.739
7.703
7.715
7.703
7.703
7.703
7.703
7.715
7.703
7.715
7.715
7.715
7.715
7.715
7.715
7.715
7.715
7.715
7.703
7.703
7.69
7.69
7.69
7.69
7.703
7.703
7.69
7.69
7.703
7.703
7.703
7.69
7.69
7.678
