9.705
9.546
9.534
9.729
9.717
9.79
9.863
9.814
9.949
10.01
10.03
9.949
10.94
10.82
9.961
10.08
10.13
10.19
10.17
10.36
10.3
10.3
10.44
10.5
10.52
10.5
10.53
10.44
10.5
10.51
10.5
10.63
10.72
10.83
12.37
11.41
10.6
10.69
11.15
10.69
10.52
10.53
9.875
9.888
9.949
9.741
9.778
10.08
9.741
9.827
9.961
10.19
10.11
10.08
10.1
10.36
10.49
10.14
10.44
10.62
10.6
9.912
9.949
10.11
10.11
10.11
10.21
10.17
10.29
10.44
10.34
10.36
10.35
10.36
10.3
10.3
10.5
10.5
10.89
15.28
16.02
16.04
15.94
16.02
16.06
15.75
15.06
14.77
15.04
14.75
14.58
14.6
14.75
14.67
14.82
14.97
15.04
15.23
14.75
14.48
13.57
13.06
13.04
12.94
13.16
13.21
13.38
13.55
13.6
13.6
13.01
13.01
13.16
13.31
13.04
13.09
13.23
13.33
13.55
13.38
13.23
13.4
13.28
13.21
13.09
13.21
13.31
13.43
13.09
12.82
12.84
12.82
12.62
12.67
13.09
13.26
12.96
12.62
12.65
12.72
12.62
12.65
12.82
12.82
12.89
12.67
12.34
12.57
12.79
12.82
12.84
12.82
12.72
12.62
12.72
12.82
13.01
13.01
12.7
13.04
13.04
13.4
13.04
12.82
12.7
12.7
12.79
12.34
12.3
12.26
12.24
12.33
12.26
12.49
12.44
12.0
11.84
11.62
11.33
11.22
11.32
11.95
10.96
11.11
11.21
11.35
11.72
10.72
10.58
10.94
10.57
10.44
10.5
10.5
10.39
10.34
10.53
10.5
10.5
10.62
10.24
10.24
10.16
10.14
10.5
10.68
10.58
10.33
10.55
10.77
10.72
10.5
10.5
10.66
10.27
10.3
10.5
10.64
10.57
10.64
10.45
10.49
10.49
10.34
10.1
9.998
10.18
10.06
10.13
10.02
10.02
9.863
10.08
10.21
10.21
10.25
10.51
10.42
10.11
10.03
10.18
10.62
10.14
9.79
9.924
9.912
9.839
9.863
9.57
9.888
9.863
9.424
9.338
9.375
9.448
9.46
9.485
9.46
9.741
9.729
9.888
9.619
9.656
9.851
9.827
9.888
10.06
10.13
10.3
9.949
9.888
10.08
10.27
10.38
10.4
10.55
10.58
10.51
10.53
10.61
10.6
10.61
10.93
10.68
10.56
10.55
10.73
10.94
10.73
10.94
10.94
10.95
10.94
11.22
10.57
10.55
10.11
10.16
9.863
9.924
10.02
9.912
10.11
10.02
9.851
9.998
9.912
9.924
10.22
10.33
10.17
10.19
10.28
9.717
9.937
9.924
10.18
10.29
10.45
10.18
10.3
10.3
10.36
10.16
10.23
10.42
10.23
10.34
10.42
10.3
10.3
10.28
10.38
13.72
16.06
15.97
15.97
15.99
15.84
15.58
15.45
15.55
15.01
14.97
15.06
14.82
14.77
14.58
14.75
14.43
14.18
14.31
14.33
14.18
14.21
14.38
13.96
13.67
13.6
13.67
13.79
14.09
14.18
13.89
13.82
13.79
13.79
13.84
13.5
13.4
13.62
13.92
13.55
13.21
13.45
13.4
13.4
13.5
13.26
12.87
13.01
12.65
12.6
12.7
12.89
13.01
13.21
12.52
12.62
12.67
12.7
11.96
11.88
11.74
11.85
11.87
12.07
12.15
12.18
12.26
12.3
12.24
12.24
12.27
12.39
12.26
12.1
12.15
12.24
12.05
12.05
12.12
12.24
12.39
12.55
12.74
12.6
12.17
12.94
12.65
12.55
12.77
12.08
12.01
12.05
12.19
12.05
11.91
11.96
11.74
12.05
11.72
11.68
11.5
11.6
11.34
11.08
11.13
11.19
10.5
10.68
10.82
10.89
11.06
10.97
11.13
10.97
10.3
10.29
10.19
10.16
10.35
10.77
10.38
10.5
10.51
10.3
10.3
10.58
10.56
10.62
10.61
10.46
10.33
10.55
10.77
10.84
10.8
10.69
10.79
10.35
10.18
10.3
10.49
10.94
10.74
10.82
10.78
10.69
10.53
10.67
10.49
10.11
10.19
10.42
10.5
10.16
10.3
10.31
10.36
10.5
10.69
10.57
10.57
10.55
10.47
10.23
10.3
10.38
10.49
10.62
9.937
9.79
9.912
10.01
10.01
10.25
9.802
9.717
9.741
9.949
9.827
10.01
9.79
9.631
9.79
9.912
10.02
10.02
10.07
10.11
10.18
10.22
10.3
10.38
10.23
9.973
9.985
10.1
10.25
10.38
10.64
10.41
10.44
10.34
10.49
10.38
10.44
10.38
10.35
10.49
10.61
10.49
10.69
10.89
10.91
10.94
10.74
10.93
11.04
10.63
10.45
10.62
10.27
10.29
10.02
9.827
9.912
10.01
10.12
10.11
10.11
10.23
10.41
9.949
9.607
9.729
9.9
9.924
10.19
10.3
10.3
9.998
9.924
9.851
9.814
9.851
9.973
10.03
9.924
10.08
10.31
9.912
10.12
10.11
10.57
14.45
16.04
15.97
15.97
15.97
15.94
15.94
16.02
16.04
15.97
16.02
15.87
15.75
15.75
15.89
15.82
15.82
15.94
15.94
15.58
15.75
15.8
15.62
15.38
15.36
15.23
15.06
15.16
15.16
15.16
15.31
15.28
15.16
15.28
15.41
15.65
15.26
14.82
14.89
15.36
15.23
15.16
14.53
14.58
14.58
14.75
14.94
14.36
13.79
13.92
14.01
13.31
13.04
13.13
13.21
13.26
13.26
13.4
13.48
13.21
13.01
13.04
13.11
13.26
13.21
13.38
13.4
13.6
13.43
13.77
13.6
13.7
13.57
13.28
13.21
13.21
13.09
13.11
13.43
13.5
13.6
13.6
13.84
13.65
13.53
13.4
13.48
13.45
13.55
13.94
13.5
13.43
13.04
12.28
12.44
12.72
12.18
11.85
11.85
12.01
11.89
12.05
12.65
11.6
11.41
11.3
11.43
11.57
11.65
11.46
11.52
11.88
11.58
10.96
10.62
10.24
10.02
10.06
9.924
10.1
10.01
10.13
10.29
10.34
10.34
10.3
10.36
10.42
10.3
10.35
10.44
10.38
10.41
10.62
10.67
10.84
10.8
10.44
10.45
10.5
10.68
10.71
10.49
10.34
10.31
10.16
10.11
10.12
10.23
10.23
10.12
