6.024
6.024
6.024
6.024
6.024
6.024
6.024
6.024
6.024
6.024
6.024
6.024
6.024
6.024
6.024
6.024
6.024
6.024
6.024
6.024
6.024
6.024
6.024
6.024
6.024
6.024
6.024
6.024
6.024
6.024
6.024
6.024
6.024
8.74
14.72
16.26
16.94
17.38
17.7
18.02
18.21
15.16
14.43
12.18
11.32
8.423
14.09
16.09
16.82
17.41
17.82
18.21
16.02
14.55
13.01
10.06
8.728
9.949
18.26
20.85
20.7
17.58
11.67
15.48
16.36
16.92
17.5
17.92
18.19
15.77
14.4
13.38
8.826
14.4
16.06
16.75
17.26
17.58
17.85
17.24
14.89
12.3
9.058
15.26
20.83
20.09
15.67
12.99
15.62
16.41
16.89
17.41
17.68
18.04
16.02
14.55
13.06
11.62
8.862
8.63
14.06
16.28
16.99
17.6
17.97
17.19
14.84
11.29
8.423
9.351
9.106
14.82
16.19
16.87
17.36
17.72
17.99
16.97
14.87
13.28
11.47
9.106
9.399
15.72
20.8
15.06
10.19
9.009
14.36
20.46
20.02
12.7
8.704
8.972
9.412
15.43
20.78
16.97
9.839
15.01
16.43
17.21
17.7
18.02
16.7
16.21
14.04
10.17
8.337
9.216
8.887
9.729
9.448
8.618
12.28
15.77
16.67
17.24
17.68
17.85
18.19
16.99
14.7
13.96
11.71
10.89
8.569
9.351
10.89
18.6
20.8
20.8
18.63
10.6
8.435
8.069
7.19
8.386
9.644
8.923
8.264
9.277
6.287
6.213
6.042
6.024
6.024
6.024
6.024
6.024
6.024
6.024
6.042
9.68
9.131
8.13
8.899
9.216
8.606
8.203
7.227
6.219
6.079
6.024
6.024
6.024
6.024
6.024
6.024
6.024
6.024
6.024
6.024
6.024
6.024
6.024
6.024
6.024
6.024
6.024
8.044
8.179
6.25
9.021
6.213
7.764
6.885
6.024
6.024
6.024
6.024
6.024
6.024
6.024
6.024
6.024
6.024
6.024
6.024
6.024
6.024
6.024
6.024
6.024
6.024
6.024
6.024
6.024
6.024
6.024
6.25
9.949
6.689
6.219
6.042
6.024
6.024
6.024
6.024
6.024
6.024
6.024
6.024
6.024
6.024
6.024
6.024
6.024
6.024
6.024
6.024
6.024
6.024
6.024
6.024
6.024
6.024
6.024
6.024
6.024
6.024
6.024
6.024
6.024
6.024
6.024
6.024
6.024
6.073
8.899
8.643
7.764
8.582
6.616
8.24
6.213
6.195
6.024
6.024
6.024
6.024
6.024
6.024
6.024
6.024
6.024
6.024
6.024
6.024
6.024
6.024
6.024
6.024
6.024
6.024
6.024
6.024
6.024
6.024
6.024
6.024
6.024
6.024
6.024
6.024
6.024
6.024
6.024
6.024
6.024
6.024
6.024
6.024
6.024
6.024
6.024
6.024
6.024
6.024
6.024
6.024
6.024
6.024
6.024
6.024
6.024
6.024
6.024
6.024
6.024
6.024
6.024
6.024
6.024
6.024
6.024
6.024
6.024
6.024
6.024
6.024
6.024
6.024
6.775
8.386
13.94
16.7
17.41
17.9
18.16
18.55
18.77
18.95
19.09
19.26
19.41
19.51
19.53
19.65
19.7
19.87
19.9
19.9
20.0
20.17
20.31
20.31
18.36
16.7
19.09
20.29
19.87
19.31
19.31
19.31
19.19
17.43
14.94
14.75
14.72
14.38
9.375
11.11
15.92
16.87
17.46
17.94
18.19
18.36
18.7
18.85
18.97
19.09
19.19
19.36
19.36
19.53
19.53
19.73
19.85
19.92
20.07
20.19
20.31
20.43
18.41
15.09
16.33
17.11
16.5
16.06
16.65
17.43
17.16
18.07
18.9
19.92
19.85
19.43
19.97
20.46
20.48
20.29
18.85
17.7
11.22
14.21
16.6
17.33
17.92
18.21
18.6
18.9
18.97
19.14
19.29
19.34
19.51
19.63
19.78
19.9
19.9
19.9
20.07
20.17
20.31
20.46
17.72
18.02
20.68
20.83
20.83
20.61
19.95
16.72
16.65
11.05
8.777
15.97
17.46
18.09
18.53
18.92
19.14
19.26
19.48
19.53
19.73
19.82
19.92
20.04
20.12
20.31
20.51
20.04
18.21
18.41
20.39
20.85
20.43
19.73
19.6
17.77
15.36
9.558
12.79
16.99
17.9
18.26
18.8
19.04
19.26
19.41
19.56
19.73
19.82
19.92
19.95
20.12
20.21
20.48
20.48
18.7
17.07
18.9
20.56
20.48
20.09
19.95
17.41
16.43
15.87
10.52
9.46
16.19
17.46
18.09
18.58
18.99
19.14
19.29
19.46
19.7
19.75
19.9
20.0
20.12
20.19
20.43
20.61
19.7
19.17
19.17
19.29
19.07
18.75
18.33
17.9
17.8
17.8
17.8
17.8
17.58
17.55
16.87
15.41
13.5
12.92
8.765
10.25
15.84
17.02
14.55
13.35
12.92
9.131
15.09
16.67
16.46
13.31
11.39
11.0
9.253
13.28
16.82
14.01
12.65
9.79
15.09
16.99
14.06
13.28
9.473
14.65
16.77
13.11
12.5
9.131
8.936
14.28
16.7
14.01
13.06
13.28
19.87
15.19
9.766
16.28
17.58
18.16
18.68
18.97
19.19
19.36
19.53
19.58
19.73
19.9
19.97
20.12
20.14
20.29
20.31
20.43
20.31
18.43
18.92
19.73
19.7
19.56
19.56
19.53
19.53
19.34
19.36
19.14
18.7
17.58
16.5
15.28
14.72
14.72
10.17
11.18
15.99
16.85
17.38
17.9
18.07
18.24
18.63
18.95
19.19
19.34
19.36
19.6
19.73
19.78
19.92
20.17
20.31
20.31
20.31
16.87
19.68
20.85
20.85
20.8
20.17
19.26
18.99
18.99
18.99
18.04
7.91
13.62
16.26
16.99
17.46
17.94
18.19
18.53
18.92
19.12
19.29
19.53
19.58
19.73
19.8
19.92
20.12
20.12
20.12
20.43
20.51
20.51
18.24
17.26
19.73
20.34
20.39
19.95
19.7
19.68
18.51
16.43
16.26
15.82
9.534
9.9
11.38
10.64
10.44
9.326
13.23
17.14
17.99
18.43
18.95
19.21
19.38
19.48
19.56
19.73
19.87
19.92
20.07
20.12
20.43
20.51
19.43
18.09
20.34
20.85
20.85
20.85
19.82
18.77
18.48
13.67
10.27
8.777
9.607
9.473
10.33
9.497
9.534
9.644
9.436
9.656
9.277
9.46
12.13
16.33
17.53
18.14
18.55
18.95
19.12
19.21
19.34
19.43
19.53
19.7
19.75
19.92
19.92
20.02
20.12
20.31
20.31
20.46
17.99
17.58
20.17
20.85
20.48
20.29
20.29
19.92
18.77
17.24
16.97
16.48
7.751
6.219
6.219
6.445
8.728
8.691
8.85
9.338
8.887
8.911
9.18
8.704
9.387
18.99
20.04
9.631
9.058
9.229
8.63
8.606
8.948
17.43
20.56
11.54
6.58
6.299
6.219
6.219
6.219
6.219
6.219
6.219
6.219
6.219
6.219
6.219
6.219
6.219
6.219
6.219
6.219
6.219
6.219
6.219
6.219
6.824
9.851
10.73
9.045
9.387
9.131
15.77
