13.28
10.13
26.56
32.96
17.09
10.71
15.48
33.11
25.98
7.947
15.89
16.14
24.63
31.45
23.14
2.658
0.5806
0.08593
0.02604
0.02604
0.02604
0.02604
0.02604
0.02604
0.02604
0.02604
0.02604
0.02604
0.02604
0.02346
0.02861
0.02346
1.422
27.34
39.01
38.38
38.62
35.55
30.66
29.3
20.53
13.82
37.74
38.23
38.82
37.55
30.86
37.26
21.04
22.19
33.35
25.54
15.38
16.63
32.08
33.25
17.04
35.11
28.96
11.17
32.52
38.67
38.87
39.7
33.4
38.82
22.9
23.44
37.35
39.26
39.65
25.54
33.5
32.67
15.45
16.99
11.16
1.712
14.23
25.0
39.99
40.38
37.94
21.73
24.32
32.52
16.16
23.17
26.12
22.75
21.83
21.26
22.34
21.83
17.14
23.88
18.63
18.82
13.53
13.62
11.4
27.83
32.76
22.02
16.02
12.23
35.11
36.18
34.67
37.26
23.9
33.94
19.51
21.0
35.79
39.11
39.36
34.77
36.87
18.04
14.48
21.61
33.64
34.62
37.26
35.16
29.83
30.96
15.23
18.12
18.99
13.53
13.28
14.36
21.7
37.45
38.82
37.26
31.3
30.91
27.98
17.29
20.83
21.14
15.6
0.2213
5.573
17.6
18.16
2.115
19.48
39.65
35.89
38.96
29.35
36.57
29.64
7.166
28.56
31.2
30.27
35.74
32.57
36.18
28.81
22.88
32.91
24.9
16.99
22.8
27.64
28.17
13.99
6.177
14.75
30.52
30.13
11.11
18.58
19.92
33.64
30.62
7.52
0.6226
0.1616
0.02604
0.02604
9.241
19.24
15.36
19.26
17.38
14.28
12.52
17.87
14.89
14.97
6.848
0.1797
10.47
20.83
7.385
2.695
17.77
16.11
14.16
0.198
0.08593
0.03128
0.02604
0.02604
8.118
17.48
17.8
18.75
20.63
16.77
19.97
18.38
12.11
10.5
5.365
10.03
10.25
15.53
17.48
23.29
19.19
15.23
13.94
0.2605
0.1171
0.02861
0.02346
0.02861
7.3
14.01
17.65
15.62
18.63
18.41
10.39
13.79
16.7
16.8
10.34
17.97
33.89
28.42
14.82
19.78
16.26
21.68
7.117
14.99
31.84
34.72
11.68
0.8652
7.886
12.87
2.338
2.386
25.0
34.13
21.8
12.52
11.83
16.19
18.97
19.97
17.82
11.69
12.23
13.82
13.4
12.84
14.6
16.94
15.7
16.26
16.43
5.756
6.616
14.67
12.48
12.37
6.531
14.6
9.875
14.82
15.55
21.61
24.76
16.09
12.96
12.7
14.5
16.43
17.36
17.82
15.11
1.521
0.5257
0.07553
0.02604
0.02861
6.531
12.74
14.79
12.74
12.21
15.28
14.38
13.96
11.67
11.67
14.94
11.88
12.72
15.87
13.5
14.7
16.33
19.97
19.7
9.338
0.7187
0.3048
0.02604
0.02861
6.653
12.99
11.49
15.5
12.96
15.31
15.33
15.67
15.48
11.65
15.82
16.14
18.16
19.75
12.6
15.21
12.5
10.62
10.75
0.2029
0.08335
0.02861
0.02604
0.02861
6.97
15.45
2.991
10.42
15.5
14.21
16.31
16.48
15.58
14.89
10.94
15.48
18.41
19.02
18.95
12.72
12.74
15.28
15.94
16.24
15.33
14.72
9.229
16.5
19.73
18.7
19.9
21.92
22.95
23.46
24.02
24.88
25.63
26.32
27.05
24.71
25.44
25.44
25.59
25.59
26.03
25.83
26.42
24.37
23.19
23.61
24.02
23.58
23.19
16.38
4.7
15.97
16.77
18.14
19.63
20.87
21.88
21.61
19.68
18.09
19.12
21.7
21.9
18.21
9.424
19.73
20.31
21.73
23.9
25.2
24.98
22.95
23.12
23.71
24.39
24.54
25.44
25.78
25.29
26.12
27.49
29.0
27.98
26.61
27.44
27.54
26.17
26.71
26.32
25.59
10.55
15.89
16.28
15.99
25.39
26.42
26.42
25.78
18.75
23.78
30.13
20.56
9.094
22.02
22.29
23.83
25.05
25.88
26.51
27.25
28.52
29.35
29.39
28.66
29.1
28.12
28.42
28.86
28.76
28.27
28.17
29.0
28.66
29.15
29.05
20.14
16.85
20.53
23.12
24.93
23.58
22.19
24.46
21.09
23.44
26.71
25.98
6.348
22.24
22.92
25.0
25.44
23.9
23.97
24.68
23.49
23.83
26.07
28.37
31.35
36.28
35.25
34.18
33.5
31.2
29.69
29.15
27.49
26.17
25.68
21.44
10.91
17.92
20.7
18.36
17.9
20.04
18.65
18.29
19.53
16.5
17.5
20.29
23.63
16.8
10.55
21.31
21.09
29.39
33.69
35.21
34.23
32.86
32.91
31.35
30.52
30.08
30.66
31.74
31.1
29.74
29.05
30.13
30.27
29.79
30.22
16.5
15.77
19.63
19.43
17.7
19.58
19.9
23.05
24.34
21.14
25.98
29.1
17.43
12.74
22.58
27.15
32.86
22.73
28.47
27.25
14.45
23.07
26.9
27.44
24.46
19.36
20.87
24.02
13.45
31.3
32.13
17.75
20.24
19.29
12.65
24.37
24.61
25.2
25.05
26.66
26.56
24.61
24.24
23.05
22.95
25.73
27.15
26.95
26.56
25.2
24.61
25.73
26.66
27.64
27.0
26.66
26.17
27.0
27.69
14.82
18.26
18.29
22.8
22.85
21.14
24.85
22.24
17.77
19.21
17.94
20.14
16.43
6.848
16.89
16.46
15.99
15.92
15.48
16.43
18.73
19.02
17.21
18.31
18.92
18.43
19.53
18.92
16.65
15.8
16.38
15.84
18.19
18.97
19.65
21.97
23.44
25.98
35.94
37.3
35.69
34.81
34.38
13.11
15.38
23.32
26.56
27.73
27.54
27.05
23.05
22.05
20.58
25.54
11.47
20.8
25.05
25.1
23.05
17.72
15.77
15.45
15.67
15.58
15.62
16.09
16.26
15.75
15.8
15.5
16.14
16.7
18.12
16.89
18.46
23.9
32.52
32.62
33.59
32.13
31.2
28.96
32.42
24.76
16.16
17.94
19.07
20.31
23.93
25.49
26.86
21.36
24.98
28.22
26.12
10.62
16.94
14.23
16.63
22.66
23.71
24.39
10.34
18.87
17.68
16.99
21.75
22.44
17.11
14.94
14.5
14.4
8.337
15.94
12.99
9.424
15.23
15.94
14.55
12.89
17.43
13.77
15.11
16.38
15.28
15.45
18.09
14.09
12.87
14.23
15.01
21.17
20.09
18.65
17.33
10.82
15.28
15.41
13.82
15.94
15.38
15.58
16.06
14.31
9.79
20.78
22.12
19.48
18.04
17.99
15.67
15.7
15.62
15.67
16.21
16.16
15.38
15.72
18.12
18.73
17.09
15.23
15.19
15.26
15.21
15.36
15.16
15.92
16.77
17.26
17.33
17.38
17.55
15.36
15.26
15.89
16.28
16.38
16.21
15.58
16.19
15.65
12.77
15.94
16.97
16.33
16.33
15.55
16.6
18.31
18.65
16.16
15.38
17.26
16.65
15.87
15.6
16.31
6.097
0.09899
0.04692
0.02604
0.02604
0.02604
0.03128
0.02604
0.02604
0.02604
0.03128
0.02079
0.03128
0.02604
0.02604
0.02604
0.03128
13.53
14.14
13.33
16.19
13.43
15.7
13.09
15.6
14.58
14.04
13.57
