5.829
5.829
5.829
5.829
5.829
5.829
5.829
5.829
5.829
5.829
5.829
5.829
5.829
5.829
5.829
5.829
5.829
5.829
5.829
5.829
5.829
5.829
5.829
5.829
5.829
5.829
5.829
5.829
5.829
5.829
5.829
5.829
5.829
6.775
12.19
15.43
16.28
16.89
17.33
17.5
17.87
18.07
18.16
15.6
14.4
12.26
8.765
8.63
10.62
15.28
16.28
16.82
17.29
17.53
17.8
18.02
18.04
15.38
13.94
11.84
9.802
9.375
15.01
16.24
16.87
17.29
17.5
17.87
17.99
17.36
15.11
13.26
10.34
7.983
13.82
15.8
16.6
17.09
17.48
17.77
18.07
16.65
13.89
11.67
9.277
8.411
10.49
15.21
16.26
16.8
17.29
17.48
17.75
17.55
14.92
11.52
8.301
8.789
8.643
8.398
8.643
8.826
14.94
20.63
19.63
9.766
11.1
20.17
19.31
10.27
18.95
20.24
12.34
8.655
8.923
14.82
16.33
17.04
17.48
17.85
17.9
15.21
13.33
11.46
9.57
8.704
9.534
13.48
20.53
20.41
12.04
13.11
15.89
16.67
17.38
17.82
17.14
14.89
12.21
9.924
9.839
9.387
8.63
9.18
9.448
11.15
20.21
19.41
10.79
8.813
8.936
9.851
9.131
8.74
13.33
16.11
17.09
17.55
17.97
16.85
14.31
13.04
9.558
13.13
15.87
16.65
17.26
17.55
17.87
17.36
14.99
12.92
11.62
7.69
6.018
6.024
6.024
6.024
6.024
6.024
6.024
6.024
6.024
6.024
6.024
6.024
5.902
5.829
5.829
5.829
5.829
5.829
5.829
5.829
5.829
5.829
5.829
5.829
5.829
5.829
5.829
5.829
5.829
5.829
5.829
5.829
5.829
5.829
5.829
5.829
5.829
5.829
5.829
5.829
5.829
5.829
5.829
5.829
5.829
5.829
5.829
5.829
5.829
5.829
5.829
5.829
5.829
5.829
5.829
5.829
5.829
5.829
5.829
5.829
5.829
5.829
5.829
5.829
5.829
5.829
5.829
5.829
5.829
5.829
5.829
5.829
5.829
5.829
5.829
5.829
5.829
5.829
5.829
5.829
5.829
5.829
5.829
5.829
5.829
5.829
5.829
5.829
5.829
5.829
5.829
5.829
5.829
5.829
5.829
5.829
5.829
5.829
5.829
5.829
5.829
5.829
5.829
5.829
5.829
5.829
5.829
5.829
5.829
5.829
5.829
5.829
5.829
5.829
5.829
5.829
5.829
5.829
5.829
5.829
5.829
5.829
5.829
5.829
5.829
5.829
5.829
5.829
5.829
5.829
5.829
5.829
5.829
5.829
5.829
5.829
5.829
5.829
5.829
5.829
5.829
5.829
5.829
5.829
5.829
5.829
5.829
5.829
5.829
5.829
5.829
5.829
5.829
5.829
5.829
5.829
5.829
5.829
5.829
5.829
5.829
5.829
5.829
5.829
5.829
5.829
5.829
5.829
5.829
5.829
5.829
5.829
5.829
5.829
5.829
5.829
5.829
5.829
5.829
5.829
5.829
5.829
5.829
5.829
5.829
5.829
5.829
5.829
5.829
5.829
8.972
15.11
16.48
17.07
17.53
17.8
17.99
18.24
18.41
18.58
18.75
18.77
18.85
18.97
18.97
19.09
19.17
19.17
19.19
19.36
19.36
19.38
19.56
19.56
19.56
19.56
19.73
19.75
19.75
20.0
20.12
20.12
18.75
18.6
19.48
20.19
20.85
20.24
19.92
16.8
15.89
14.48
10.38
16.36
17.53
18.02
18.48
18.77
18.97
19.12
19.24
19.36
19.53
19.53
19.73
19.82
20.04
20.12
19.75
18.31
20.58
20.65
20.29
19.04
16.26
15.72
12.0
12.23
16.02
16.87
17.43
17.72
17.82
17.99
18.29
18.53
18.75
18.92
19.07
19.19
19.34
19.46
19.56
19.73
19.73
19.92
20.09
19.9
17.75
20.39
20.78
20.46
19.97
16.5
16.06
11.57
13.01
16.75
17.68
18.16
18.68
18.92
19.07
19.19
19.36
19.53
19.65
19.8
19.85
20.07
20.12
18.99
18.58
20.85
20.63
20.26
19.04
17.99
17.99
12.57
12.74
16.82
17.68
18.07
18.48
18.77
18.95
19.02
19.17
19.19
19.34
19.43
19.56
19.53
19.6
19.73
19.85
20.04
20.12
20.12
20.12
18.31
18.53
19.34
20.61
20.85
20.39
20.07
20.0
18.24
17.99
17.97
10.07
14.94
16.85
17.68
18.02
18.48
18.73
18.9
18.95
19.09
19.19
19.34
19.38
19.53
19.53
19.63
19.73
19.73
19.87
20.12
20.24
19.24
18.21
19.29
20.39
20.85
20.58
20.07
20.07
17.48
16.26
16.26
16.11
10.82
14.89
16.58
17.38
17.94
18.53
18.7
18.99
19.14
19.24
19.41
19.53
19.65
19.78
20.07
20.09
18.26
16.14
18.77
20.83
20.31
19.87
18.7
18.48
12.37
14.82
16.19
13.18
9.863
15.5
15.97
13.21
13.87
19.82
14.04
12.72
16.94
17.77
18.31
18.7
18.92
19.14
19.34
19.41
19.53
19.65
19.78
19.92
19.92
20.17
20.31
18.77
18.21
19.31
20.7
20.85
20.85
20.85
20.41
18.04
16.94
15.99
14.87
9.46
15.48
16.77
17.38
17.77
18.02
18.41
18.6
18.8
18.95
19.09
19.17
19.29
19.41
19.53
19.7
19.73
19.75
20.0
20.12
20.12
19.41
17.82
19.56
20.58
20.85
20.56
20.26
19.24
17.46
16.46
14.99
11.22
15.84
16.8
17.48
17.87
18.16
18.51
18.73
18.9
18.99
19.14
19.14
19.26
19.36
19.53
19.53
19.63
19.73
19.87
20.02
20.12
20.12
18.26
19.41
20.07
20.87
20.87
20.51
20.07
19.51
17.38
17.04
17.04
13.28
12.52
16.19
17.11
17.72
17.92
18.36
18.75
18.87
18.99
19.14
19.19
19.34
19.51
19.53
19.68
19.73
19.8
20.09
20.12
20.12
19.31
18.41
20.48
20.43
20.87
20.87
20.46
19.9
19.9
18.7
17.6
17.5
17.43
14.21
12.7
15.01
19.51
20.02
13.53
10.03
10.51
17.87
20.7
20.48
12.52
11.71
9.241
10.03
10.35
9.167
9.888
12.18
16.19
17.07
17.58
17.94
18.21
18.53
18.77
18.95
19.07
19.29
19.34
19.48
19.58
19.73
19.73
19.8
19.92
20.12
20.31
19.68
18.9
20.26
20.7
20.83
20.83
20.19
16.99
16.06
14.82
9.058
9.045
9.192
9.399
9.29
9.119
8.899
11.19
16.67
17.75
18.19
18.73
18.95
19.14
19.31
19.46
19.58
19.73
19.87
20.09
20.21
20.31
17.97
20.68
20.83
20.8
18.77
17.21
17.16
7.837
6.024
6.171
14.92
20.48
11.71
8.423
8.459
8.386
6.128
6.024
6.024
6.024
6.024
6.024
6.024
6.024
6.024
6.024
6.024
6.024
6.024
6.024
6.024
6.024
6.024
6.024
6.024
6.024
6.024
6.024
6.024
6.024
6.024
6.024
6.024
6.024
6.024
6.024
6.024
6.024
6.024
6.024
6.024
6.024
6.024
6.024
6.024
