27.88
25.83
14.92
13.62
18.75
15.14
16.72
17.29
17.72
23.29
27.78
14.11
13.38
9.29
0.1667
0.06247
0.02079
0.02604
0.02346
0.02604
0.02604
0.02604
3.619
16.72
13.53
23.17
26.37
22.19
12.07
11.82
14.28
16.75
28.22
28.91
16.28
16.67
16.06
31.4
31.74
31.59
30.86
29.25
27.64
29.05
18.99
11.56
26.42
31.54
31.1
31.05
31.79
29.1
32.86
24.68
24.12
27.29
20.87
23.93
26.32
21.85
9.766
25.15
31.05
31.2
30.76
29.93
30.57
28.12
18.97
14.43
24.39
26.51
22.49
12.55
25.78
25.98
21.53
16.97
25.83
26.56
18.68
18.29
23.71
26.66
18.58
12.3
20.56
31.01
31.93
32.03
31.15
28.12
29.39
20.29
16.04
16.97
15.84
14.99
14.01
18.46
22.9
26.22
17.92
16.41
17.58
17.14
13.67
13.94
12.57
16.92
18.19
31.64
31.49
33.01
32.42
31.15
31.35
30.27
31.3
31.01
32.37
31.93
31.69
32.52
31.4
31.01
29.98
27.49
26.9
23.05
26.51
29.39
34.13
34.28
33.01
30.27
29.98
26.81
8.435
32.42
33.25
33.3
33.94
32.13
30.22
8.35
2.054
31.05
33.25
33.15
31.15
25.34
24.68
27.44
17.97
8.289
27.25
33.3
29.64
28.12
29.05
21.29
20.56
20.0
15.53
17.46
22.92
28.96
18.43
17.16
23.24
27.25
23.05
15.75
12.11
17.29
17.11
23.14
24.95
27.39
12.16
15.6
0.2552
0.1068
0.02604
0.02861
0.02346
0.02604
0.02346
0.02861
0.02346
1.353
14.5
17.99
16.43
16.65
7.08
26.9
25.73
19.56
15.23
16.04
11.93
18.82
10.8
23.8
26.86
25.49
3.168
0.6042
0.1041
0.02861
0.02604
0.02861
0.02604
0.2708
15.09
18.68
15.7
13.31
13.53
18.53
26.32
27.78
18.63
16.5
16.16
15.16
7.874
6.543
0.1537
0.08335
0.02346
0.02861
0.02604
0.02861
0.02346
0.02861
0.02604
0.02861
12.89
13.92
13.87
13.35
14.79
16.7
14.97
16.43
10.41
10.74
19.87
17.92
25.68
27.1
20.83
0.9399
0.518
0.03643
0.02604
0.02861
0.02346
0.02861
0.02604
0.02861
8.862
11.84
9.778
0.2605
10.83
10.78
11.01
14.77
12.52
12.07
12.77
15.19
16.75
11.4
0.1926
0.07553
0.02346
0.02604
0.02346
0.02861
0.02604
0.02604
0.02346
5.682
11.3
11.1
14.01
14.6
11.68
11.39
10.47
22.24
27.88
15.62
12.43
12.21
11.66
0.1926
0.08078
0.02861
0.02346
0.02604
0.02604
0.02604
0.02604
0.02604
0.02346
0.02861
0.02861
0.02861
0.02604
0.4814
10.03
0.1249
0.09117
0.02346
0.02604
0.02346
0.02346
0.02346
0.02346
0.02604
0.02079
0.02604
0.02079
0.02604
0.02346
0.02861
0.02346
0.02604
0.02861
0.02604
0.02346
0.02861
0.02346
0.02604
0.02346
0.02604
0.02346
0.02604
0.02346
0.02604
0.02346
0.02861
0.02346
0.02604
0.02604
0.02604
0.02346
0.02346
0.02346
0.02604
0.02079
0.02604
0.02079
0.02604
15.7
5.664
0.1381
5.518
26.95
33.64
33.45
31.45
29.35
30.37
33.06
33.01
31.59
30.86
29.88
27.2
25.54
33.4
33.15
32.81
32.91
31.49
23.34
25.49
32.13
33.79
31.98
28.47
25.44
25.24
28.81
18.02
32.37
30.03
28.37
29.1
28.76
9.216
24.12
33.25
32.81
32.03
29.64
29.88
31.2
30.76
33.25
33.06
32.91
32.96
33.35
33.59
33.5
33.25
33.54
32.76
23.32
32.18
30.37
29.98
31.1
30.32
30.13
30.52
7.3
24.15
33.5
32.86
31.25
32.18
32.67
32.03
32.32
32.37
33.11
31.59
32.47
30.86
31.84
30.91
31.01
29.1
30.08
21.12
20.85
30.27
34.03
34.18
31.54
27.34
29.3
24.29
15.41
32.28
32.86
32.96
32.47
33.2
32.57
32.96
33.06
33.15
32.32
33.2
32.86
33.45
32.47
33.45
31.35
29.79
21.85
27.0
30.57
32.13
30.86
29.59
28.96
30.42
21.7
13.4
22.22
22.49
22.63
22.92
22.95
23.34
23.8
24.17
23.44
23.61
23.88
23.0
23.44
22.85
22.56
22.71
23.39
22.71
22.51
23.12
22.12
22.34
22.66
23.17
24.24
18.55
25.0
31.98
32.23
30.62
31.15
27.83
28.37
27.78
9.338
32.67
32.67
33.06
32.86
32.86
30.32
28.86
28.81
27.49
28.32
30.57
31.1
31.25
31.64
29.74
27.83
26.9
25.63
23.46
26.22
26.95
32.32
32.23
30.52
29.88
25.88
24.56
24.83
28.61
10.75
31.98
30.62
32.57
32.32
32.71
32.47
31.69
31.69
31.54
31.1
30.81
30.86
30.57
30.13
31.1
31.59
32.18
31.4
31.49
23.19
28.71
30.08
32.71
32.47
29.64
28.61
27.98
23.17
20.65
32.03
30.27
19.82
20.39
21.95
16.41
20.21
20.78
28.56
30.52
16.19
29.15
31.88
27.49
25.2
20.78
30.71
27.64
31.74
21.88
23.19
32.08
29.15
31.49
17.36
32.91
28.66
31.93
16.5
30.62
31.93
28.66
31.69
5.347
31.01
32.37
32.52
31.2
29.54
30.66
29.54
28.56
27.29
27.2
29.49
28.32
21.97
17.04
15.33
16.55
15.72
15.55
16.85
19.04
21.56
21.22
21.68
22.09
21.14
16.09
18.09
20.19
20.07
22.24
23.19
24.12
25.0
26.46
26.37
25.93
5.78
10.02
21.44
21.48
22.75
30.91
32.23
30.37
28.96
28.76
28.37
27.83
27.05
27.0
27.39
27.39
27.78
28.22
28.27
27.98
26.17
24.76
23.14
20.39
15.04
15.21
15.19
16.26
18.6
18.77
17.58
24.05
26.76
24.39
27.39
28.12
13.75
18.65
17.55
17.41
16.28
16.65
18.33
17.19
15.16
15.26
14.72
15.26
17.11
17.82
17.36
16.58
23.75
17.94
22.02
21.26
24.07
18.48
15.89
17.41
20.41
13.77
22.53
17.63
23.07
25.78
26.32
16.72
26.66
19.38
18.09
18.51
17.99
19.82
17.5
20.85
19.7
20.87
23.22
27.49
27.69
15.48
20.9
22.09
21.63
26.17
26.27
13.35
18.68
17.77
19.87
13.84
29.25
26.81
24.51
30.76
31.59
31.3
31.45
30.86
29.54
29.59
30.13
28.47
29.3
26.9
30.42
30.47
31.2
29.2
28.91
30.62
18.16
27.69
29.3
27.93
27.05
26.12
24.93
23.93
25.63
25.83
17.24
15.97
18.38
24.32
24.1
18.36
18.9
17.38
22.44
20.58
13.11
13.65
15.97
15.43
14.55
14.43
14.11
1.503
0.1381
0.03386
0.02604
4.474
11.29
16.11
16.7
15.26
17.8
25.15
20.63
14.89
14.77
10.97
15.26
15.97
18.09
26.51
25.44
14.55
15.11
13.89
0.2239
0.1146
0.02346
0.02604
0.02604
0.02604
0.02604
0.02861
0.02346
0.02861
0.02346
0.02604
0.02346
0.02604
0.02346
0.02346
0.02604
0.02861
0.02346
0.02861
0.02604
0.02861
6.232
14.97
15.38
16.21
15.33
14.94
14.92
12.94
