42.24
42.19
41.8
27.34
16.7
17.65
20.21
19.51
20.24
20.48
14.89
13.04
13.16
12.44
11.11
11.08
11.08
11.08
11.08
11.15
13.26
13.31
18.07
26.95
19.6
13.7
13.28
13.26
13.5
13.11
13.5
13.55
13.89
25.44
23.93
13.84
13.4
12.26
11.22
11.07
11.08
11.08
11.08
12.57
13.18
13.16
13.43
14.36
26.07
20.41
13.75
13.28
13.21
13.33
13.33
13.06
13.33
16.41
26.76
19.73
13.62
17.5
27.2
16.41
22.9
30.18
31.54
32.18
32.08
31.2
29.1
26.56
26.42
18.99
34.86
42.19
43.07
43.12
43.16
43.16
43.12
43.12
43.16
43.12
43.16
43.16
43.16
43.16
43.16
43.07
43.12
43.12
43.16
43.16
43.16
43.21
43.21
43.21
43.21
43.21
43.21
43.21
43.21
43.21
43.21
43.26
41.94
27.54
16.82
16.31
18.33
19.41
18.92
19.82
19.8
15.58
12.67
16.16
29.98
31.01
31.93
31.84
31.88
28.91
26.81
24.93
22.07
28.56
41.5
43.07
43.12
43.16
43.12
43.12
43.12
43.16
43.12
43.16
43.16
43.16
43.12
43.07
43.12
43.12
43.12
43.12
43.16
43.16
43.21
43.07
42.97
43.02
42.97
42.97
43.02
41.85
21.19
16.89
17.97
19.29
19.48
19.51
20.51
15.77
12.84
19.78
30.08
31.45
31.98
31.93
29.83
27.78
26.46
22.49
25.93
41.02
43.07
43.12
43.16
43.16
43.16
43.16
43.16
43.16
43.12
43.16
43.16
43.16
43.16
43.12
43.12
43.12
43.16
43.16
43.12
43.16
43.21
43.21
43.21
43.21
43.21
43.21
43.21
43.21
43.21
43.02
38.04
17.09
16.36
17.43
19.07
17.5
20.56
20.85
19.43
12.84
12.65
16.14
30.08
31.3
32.13
31.98
31.01
28.76
26.71
26.32
25.2
25.59
40.82
43.02
43.07
43.16
43.16
43.16
43.16
43.16
43.12
43.16
43.16
43.16
43.16
43.16
43.12
43.12
43.12
43.16
43.16
43.16
43.21
43.16
43.21
43.21
43.21
43.21
43.21
43.21
43.16
43.26
40.67
18.33
16.72
18.55
19.6
19.34
19.75
20.19
15.92
12.7
19.14
29.88
31.2
31.93
31.79
30.91
28.32
26.61
25.54
20.09
27.05
40.92
43.02
43.07
42.97
42.92
42.97
42.97
42.97
42.92
42.97
42.97
42.97
42.97
43.07
43.12
43.12
43.16
43.16
43.16
43.21
43.16
43.16
43.21
43.21
43.21
43.21
43.21
43.16
43.21
29.44
17.19
17.38
20.19
20.61
19.97
20.63
16.19
12.38
11.22
11.08
11.08
11.08
11.08
11.08
11.08
11.08
11.08
11.08
11.08
11.08
11.08
11.08
11.08
11.08
11.08
11.08
11.08
11.08
11.08
11.08
11.08
11.08
11.08
11.08
11.08
11.08
11.08
11.08
11.08
11.08
11.08
11.08
11.08
11.08
11.08
11.08
11.08
11.08
11.08
11.08
11.08
11.08
11.08
11.08
11.08
11.08
11.08
11.08
11.08
11.08
11.08
11.08
11.08
11.08
11.08
11.08
11.08
11.08
11.08
11.08
11.08
11.08
11.08
11.08
11.08
11.08
11.08
11.08
11.08
11.08
11.08
11.08
11.08
11.08
11.08
11.08
11.08
11.08
11.08
11.08
11.08
11.08
11.08
11.08
11.08
11.08
11.08
11.08
11.08
11.08
11.08
11.08
11.08
11.08
11.08
11.08
11.08
11.08
11.08
11.08
11.08
11.08
11.08
11.08
11.08
11.08
11.08
11.08
11.08
11.08
11.08
11.08
11.08
11.08
11.08
11.08
11.08
11.08
11.08
11.08
11.08
12.17
27.1
43.02
43.07
43.12
43.16
43.16
43.16
43.12
43.12
43.16
43.12
43.12
43.12
43.12
43.12
43.12
43.12
43.07
43.12
43.12
43.12
43.16
43.21
43.21
43.21
43.21
43.21
43.21
43.26
43.26
32.71
17.16
21.56
23.44
15.5
12.0
11.19
11.08
11.08
11.08
11.08
11.08
11.08
11.08
11.08
11.08
11.08
11.08
11.08
11.08
11.08
11.08
11.08
11.08
11.08
11.08
11.08
11.08
11.56
16.02
40.92
43.07
43.07
43.12
43.21
43.16
43.16
43.12
43.12
43.16
43.16
43.12
43.12
43.12
43.16
43.16
43.16
43.12
43.12
43.12
43.16
43.16
43.21
43.21
43.21
43.21
43.21
43.21
43.21
43.26
43.26
42.92
22.24
16.6
21.12
23.22
16.99
12.55
12.07
18.48
42.24
43.07
43.07
43.16
43.21
43.16
43.16
43.02
42.92
43.16
43.16
43.12
43.12
43.12
43.12
43.12
43.12
43.07
43.12
43.07
43.12
43.16
43.21
43.21
43.21
43.21
43.21
43.26
43.26
43.26
43.26
42.24
19.34
18.87
20.8
23.68
14.92
12.6
11.98
17.16
41.75
43.07
43.07
43.16
43.21
43.16
43.16
43.12
43.16
43.16
43.16
43.12
43.12
43.16
43.16
43.16
43.16
43.12
43.07
43.12
43.12
43.12
43.21
43.21
43.21
43.21
43.26
43.26
43.21
43.21
43.26
43.31
32.86
16.8
20.92
22.78
17.87
13.21
11.85
11.5
11.08
11.08
11.08
11.08
11.08
11.08
11.08
11.08
11.08
11.08
11.08
11.08
11.08
11.08
11.08
11.08
11.08
11.08
11.08
11.08
11.08
11.08
11.08
11.08
11.08
11.08
11.08
11.08
11.08
11.08
11.08
11.08
11.08
11.08
11.08
11.08
11.08
11.08
11.08
11.23
11.07
11.07
11.08
11.08
11.08
11.08
11.08
11.22
12.38
15.04
12.67
12.05
12.05
11.99
11.4
11.07
11.08
11.08
11.08
11.08
11.08
11.08
11.08
11.08
11.93
21.17
42.33
43.07
43.07
43.16
43.21
43.21
43.21
43.21
43.16
43.12
43.16
43.16
43.16
43.16
43.12
43.16
43.16
43.16
43.16
43.16
43.16
43.16
43.12
43.07
43.16
43.16
43.12
43.16
43.16
43.21
43.21
43.21
43.21
43.21
43.21
43.21
43.26
43.31
43.31
35.21
17.19
18.9
21.61
17.75
14.67
12.44
11.51
11.12
11.08
11.08
11.08
11.08
11.08
11.08
11.08
11.08
11.08
11.08
11.08
11.08
11.08
11.08
11.08
11.08
11.08
11.08
11.08
11.08
11.08
11.08
11.08
11.08
11.08
11.08
11.08
11.08
11.08
11.08
11.08
11.08
11.08
11.08
11.08
11.08
11.08
11.08
11.08
11.08
11.08
11.08
11.08
11.08
11.08
11.08
11.08
11.08
11.08
11.08
11.08
11.08
11.08
11.08
11.08
11.08
11.08
11.08
11.08
11.08
11.08
11.08
11.08
11.08
11.08
11.08
11.08
11.08
11.08
11.08
11.08
11.08
11.08
11.08
11.08
11.08
11.08
11.08
11.08
11.08
11.08
11.08
11.08
11.08
11.08
11.08
11.08
11.08
11.08
11.08
11.08
11.08
11.08
11.08
11.08
11.08
11.08
11.08
11.08
11.08
11.08
