17.04
20.53
12.27
13.94
20.83
15.97
8.936
16.6
20.43
11.11
9.045
9.229
8.472
7.983
6.604
6.494
6.409
6.409
6.409
6.409
6.409
6.58
8.85
8.618
8.862
8.655
11.34
20.63
18.46
15.09
20.8
17.19
9.058
8.838
8.96
15.19
17.31
18.02
18.51
17.9
14.89
12.79
9.558
13.6
16.97
17.82
18.33
18.31
15.82
15.04
9.338
10.62
20.56
16.24
9.155
8.862
15.45
20.63
12.67
16.65
20.61
11.71
16.24
17.6
18.31
18.09
15.58
12.41
8.862
8.679
8.838
8.728
15.72
20.58
16.09
20.8
15.65
8.911
8.838
8.862
9.119
8.887
9.668
16.21
17.6
18.26
17.68
14.23
11.32
11.47
16.7
17.8
18.38
16.58
13.7
10.34
8.984
8.618
9.045
13.75
17.11
17.99
18.14
15.14
12.72
9.937
16.21
17.6
18.29
17.36
14.28
10.99
12.15
16.89
17.94
18.51
16.24
13.92
10.33
8.801
9.155
9.387
9.399
9.46
10.69
20.36
16.77
9.424
13.65
17.29
18.14
18.55
15.62
13.01
10.44
16.65
17.94
18.58
17.02
13.96
10.42
9.583
9.497
9.485
9.131
14.65
20.58
12.44
13.94
20.68
12.99
14.28
17.33
18.09
18.55
16.19
14.6
9.412
10.4
16.55
17.85
18.43
17.72
14.82
11.93
8.765
9.131
9.375
10.84
20.56
17.33
14.6
20.78
20.12
18.24
13.11
18.46
20.83
18.97
10.51
19.48
19.38
7.129
6.75
6.604
6.604
6.604
6.604
6.604
6.604
6.604
11.13
20.75
14.79
11.4
20.78
15.72
9.204
9.07
8.96
9.204
8.643
8.74
9.009
8.911
7.642
6.604
6.604
6.604
6.604
6.604
6.604
6.604
6.604
6.604
8.264
8.643
14.11
20.83
16.24
9.192
18.02
20.56
11.5
8.813
8.972
10.35
20.12
19.43
14.55
20.83
15.65
7.507
6.921
6.604
6.604
6.604
6.604
6.604
8.313
19.07
20.26
12.74
20.12
20.02
10.45
9.448
16.8
20.85
19.97
10.5
10.03
9.351
9.302
6.604
6.604
6.604
6.604
6.604
6.604
6.604
6.604
6.604
7.043
8.789
8.923
7.434
9.387
8.716
13.53
20.68
20.8
16.24
9.204
9.009
8.923
9.363
8.521
6.604
6.604
6.604
6.604
6.604
6.604
6.604
6.604
7.129
8.911
9.082
9.192
9.29
10.85
19.41
20.83
19.07
9.29
16.36
20.8
16.16
9.363
8.789
8.24
6.604
6.604
6.604
6.604
6.604
6.604
6.604
6.604
6.604
6.604
8.484
8.032
8.179
8.838
19.6
16.48
8.374
9.021
6.604
6.604
8.008
6.604
8.264
7.715
6.604
6.604
6.604
6.604
6.604
6.604
6.604
6.604
6.604
6.604
6.763
7.751
7.666
6.604
6.604
6.604
6.604
6.604
6.604
6.604
6.604
6.604
6.604
6.604
6.604
6.604
6.604
6.604
6.604
6.604
6.604
6.604
6.604
8.899
8.276
11.69
20.8
16.53
9.546
13.72
16.89
17.8
18.33
18.7
19.09
19.31
19.53
19.56
19.58
19.75
19.75
19.75
19.75
19.82
19.92
20.02
20.12
20.12
20.31
20.41
20.65
19.73
19.65
20.46
20.85
20.83
20.48
18.29
17.04
11.51
15.48
17.82
18.51
19.02
19.34
19.53
19.68
19.8
19.95
20.09
20.29
20.34
20.58
20.68
18.8
20.83
20.68
20.43
19.58
18.04
16.24
11.79
17.21
18.31
18.8
19.29
19.51
19.7
19.82
19.95
20.12
20.24
20.36
20.61
20.68
18.85
20.85
20.83
20.83
20.24
17.9
16.92
11.73
17.24
18.31
18.77
19.26
19.46
19.65
19.8
19.97
20.07
20.19
20.29
20.46
20.63
20.8
19.17
19.97
20.75
20.17
19.58
16.99
16.65
11.72
15.31
17.8
18.53
19.04
19.36
19.58
19.75
19.95
20.12
20.24
20.31
20.41
20.63
20.7
19.09
20.21
20.83
20.83
20.87
20.8
19.97
10.75
16.82
18.07
18.63
19.14
19.41
19.56
19.73
19.92
20.02
20.19
20.31
20.46
20.68
20.7
19.26
19.95
20.85
20.83
20.85
18.02
16.67
16.38
10.82
16.82
18.02
18.55
19.04
19.36
19.53
19.73
19.9
20.04
20.12
20.31
20.39
20.56
20.68
19.51
19.78
20.85
20.31
20.26
19.53
19.09
16.33
11.78
17.14
18.16
18.68
19.17
19.41
19.65
19.73
19.9
20.12
20.24
20.31
20.46
20.68
20.68
18.99
20.29
20.85
20.65
20.34
19.14
18.63
15.5
13.79
16.58
16.67
14.16
12.65
13.11
16.48
16.7
14.09
12.7
12.55
16.38
17.14
14.04
13.65
10.58
16.41
15.09
12.77
11.96
16.26
17.16
14.18
13.79
11.34
16.04
17.11
14.45
13.94
9.973
16.48
17.99
18.53
19.07
19.34
19.58
19.78
19.9
20.09
20.19
20.29
20.46
20.65
20.85
20.85
18.99
20.56
20.8
20.78
20.36
19.82
17.99
11.98
15.31
16.06
13.33
9.363
12.84
17.36
18.36
18.77
19.29
19.53
19.68
19.85
20.04
20.21
20.29
20.31
20.43
20.68
20.68
19.14
20.36
20.83
20.83
20.07
19.14
18.73
14.84
9.851
16.65
18.04
18.65
19.17
19.38
19.53
19.7
19.87
20.07
20.14
20.31
20.48
20.58
20.68
18.97
20.41
20.75
20.31
19.21
17.04
16.99
12.34
15.89
17.92
18.48
18.99
19.38
19.56
19.73
19.92
20.12
20.24
20.31
20.43
20.61
20.7
19.95
19.26
20.58
20.68
20.85
20.7
20.53
18.14
17.58
17.41
10.88
15.97
17.21
17.82
18.29
18.51
18.6
18.92
19.19
19.36
19.51
19.53
19.63
19.73
19.92
19.97
20.07
20.24
20.29
20.36
20.51
20.51
20.63
20.7
20.7
20.68
18.38
20.09
20.29
20.75
20.85
20.83
20.53
19.07
18.63
18.46
14.31
9.46
9.729
10.31
17.97
20.56
12.92
9.778
9.888
10.51
10.44
14.36
20.78
15.77
9.973
9.656
10.91
9.656
8.997
15.65
17.68
18.41
18.9
19.26
19.48
19.63
19.8
19.92
20.07
20.29
20.31
20.46
20.68
20.7
19.31
19.82
20.85
20.7
20.61
20.34
20.24
18.33
9.607
9.473
9.509
9.387
9.607
9.717
9.509
9.363
9.045
9.229
9.448
9.265
11.01
20.68
18.51
9.656
9.644
19.21
19.87
9.46
9.399
9.18
15.21
17.75
18.46
18.87
19.31
19.53
19.68
19.92
19.95
20.12
20.19
20.31
20.34
20.58
20.68
20.7
18.77
20.85
20.83
20.61
20.29
20.0
17.94
8.777
9.412
9.033
13.5
20.75
12.52
6.958
6.714
6.604
6.604
6.604
6.604
6.604
6.604
6.604
6.604
6.604
6.604
6.604
6.604
6.604
6.604
6.604
6.604
6.604
6.604
6.604
9.363
12.92
20.75
15.92
10.45
15.58
20.78
13.94
