12.55
12.92
6.226
1.227
11.38
14.04
12.22
17.58
19.9
21.14
12.52
17.68
19.92
20.41
12.67
0.7477
0.349
0.02861
0.02346
0.02604
0.02604
0.02861
0.02604
0.02604
0.02346
0.02861
0.02346
0.02604
0.02604
0.02604
0.02604
0.02604
11.74
7.739
25.73
26.61
25.63
25.63
24.37
23.49
23.19
11.84
22.85
22.97
18.65
12.16
0.2266
6.244
15.77
19.31
21.9
22.31
10.91
17.68
25.73
26.03
26.95
26.46
26.9
23.12
25.93
23.27
20.29
6.946
26.37
26.76
26.66
25.98
25.59
26.9
24.37
26.12
21.95
8.704
26.71
27.0
26.66
25.05
25.73
26.42
23.56
27.59
21.0
14.16
13.16
8.02
23.0
22.73
24.44
24.46
23.54
24.0
21.46
22.53
21.09
18.8
9.558
21.34
22.88
23.56
23.71
24.37
24.49
21.63
23.19
22.09
18.09
11.15
14.62
11.9
19.53
24.95
25.73
26.07
23.8
24.83
22.95
26.51
21.92
14.55
12.99
14.14
12.77
16.65
21.46
21.9
20.34
11.44
15.89
16.09
15.89
17.11
18.36
19.09
16.38
3.912
23.88
25.24
24.39
25.24
24.8
26.27
23.63
27.2
21.07
16.31
19.53
20.09
20.14
20.14
13.16
15.31
13.23
16.26
15.7
14.55
15.06
8.606
21.36
23.19
25.0
25.78
24.71
23.24
21.68
20.83
22.22
16.82
12.65
15.82
15.75
12.34
14.43
13.77
14.79
1.678
10.82
14.75
13.94
14.7
16.11
16.89
18.58
2.353
0.56
0.09899
0.02346
6.287
14.09
14.04
14.36
14.67
8.289
11.01
14.58
13.77
11.25
14.38
7.117
15.33
17.14
17.5
15.14
17.29
11.18
14.4
16.94
17.36
17.16
17.36
4.498
6.665
12.11
14.84
14.84
13.65
17.7
17.33
16.77
17.87
11.5
11.45
12.44
14.06
13.79
12.29
8.289
13.79
14.5
10.73
0.2029
0.1041
0.02346
0.02861
0.02346
5.817
12.92
20.58
25.05
23.61
13.43
16.09
15.55
16.67
15.28
14.99
15.11
15.06
15.75
18.33
19.68
19.58
19.02
14.38
13.57
27.15
28.17
21.97
2.612
7.764
17.21
16.19
24.29
27.88
23.54
19.56
28.22
25.24
12.77
14.14
15.77
15.06
17.97
15.99
15.14
11.9
16.24
8.118
0.1875
0.08593
0.02604
0.02861
0.02604
6.409
12.79
12.87
23.24
27.05
24.32
10.89
16.02
14.94
21.09
26.81
26.07
18.14
21.97
26.95
26.66
13.35
16.06
6.244
0.1823
0.06247
0.02604
0.02861
0.02604
6.555
15.75
21.66
26.76
27.1
13.6
17.14
18.65
27.1
28.52
13.04
14.09
13.21
5.634
26.03
26.46
22.68
13.87
5.151
0.2838
0.05989
0.02346
0.02861
0.02604
6.134
4.987
20.97
29.3
27.78
15.53
13.33
17.36
22.66
28.08
24.93
14.58
18.19
14.87
16.38
11.72
18.7
15.62
3.607
0.1875
0.05732
0.02604
0.02861
0.02346
7.776
20.7
17.68
20.09
20.41
18.04
21.09
30.03
25.39
13.5
10.36
33.69
34.33
35.69
35.84
35.74
35.84
34.77
31.98
29.0
27.59
25.49
23.95
24.0
25.34
29.79
28.42
26.95
26.66
27.78
27.93
27.93
17.87
15.99
22.27
25.0
27.05
24.22
26.07
25.2
24.44
24.88
22.14
19.02
4.022
36.08
34.47
32.08
31.79
32.32
32.76
32.62
33.25
33.64
35.69
34.86
35.01
32.23
30.13
29.79
35.5
34.52
35.84
35.69
17.09
29.3
32.18
33.01
33.98
32.13
27.1
29.49
24.32
11.72
10.9
28.76
34.08
33.35
32.23
33.69
34.28
36.23
35.84
35.21
34.86
33.54
34.72
32.37
33.01
34.03
33.01
33.11
34.13
26.32
18.33
33.79
31.15
31.69
32.62
28.61
27.29
28.66
23.56
6.702
21.75
33.3
32.76
32.52
33.84
32.37
32.08
33.35
32.08
33.15
33.59
33.25
31.35
31.01
32.23
31.93
32.71
32.08
33.11
33.15
16.09
20.92
33.59
29.79
32.47
31.93
19.51
20.51
24.88
23.39
16.5
3.4
30.52
32.18
31.45
31.2
33.45
32.23
29.93
30.22
31.2
31.88
32.81
33.06
33.35
33.84
33.79
33.5
32.32
30.96
29.98
30.52
12.82
13.89
26.61
29.59
23.36
32.81
31.59
24.71
21.9
24.32
21.0
6.763
14.94
32.03
30.81
32.57
32.96
33.35
31.88
29.69
31.15
30.47
31.93
30.91
32.23
32.47
33.94
33.69
34.23
33.3
32.03
31.3
30.22
10.47
23.8
33.64
33.94
33.54
33.4
22.02
23.39
25.98
22.39
2.182
31.59
34.62
34.96
28.76
34.81
21.66
30.22
34.18
27.25
33.45
16.5
33.59
33.59
34.72
30.27
32.37
21.41
27.39
34.67
27.0
32.28
23.54
27.93
34.03
23.95
32.47
20.51
29.64
31.45
19.41
27.83
22.61
22.97
32.52
32.23
14.84
31.49
17.94
27.0
31.84
32.86
14.87
28.17
23.49
26.56
27.59
20.61
14.84
28.22
30.08
17.36
12.65
34.13
34.13
34.57
35.4
35.5
35.4
32.81
32.91
33.74
34.33
35.64
34.18
34.08
33.35
30.22
29.05
28.37
33.3
32.71
12.84
15.77
18.12
19.14
19.36
21.73
22.02
20.41
18.77
17.55
19.41
18.73
17.58
17.63
6.458
13.35
20.8
26.71
34.38
30.52
28.71
25.98
24.98
29.93
34.77
34.96
32.23
30.91
32.67
31.93
29.2
29.64
30.96
30.13
29.98
31.01
29.69
12.65
15.82
17.04
17.11
15.26
15.16
15.67
15.75
15.8
15.36
14.75
15.41
15.16
15.58
16.02
16.63
16.24
10.23
21.46
18.26
18.87
26.22
24.85
29.35
30.96
18.85
24.61
28.96
29.1
16.6
26.46
26.56
21.66
26.12
18.04
20.43
22.58
24.95
25.44
20.87
14.55
23.12
17.21
18.7
20.58
15.97
23.75
22.61
21.07
27.25
27.2
14.14
20.7
17.77
16.8
16.94
15.41
18.58
17.65
15.72
16.11
14.94
19.36
20.92
25.15
26.27
15.87
17.8
16.04
21.04
26.03
21.85
9.778
14.97
26.76
26.22
28.52
34.23
34.86
34.03
32.62
31.1
32.96
32.03
27.64
26.76
26.66
24.9
24.49
25.34
25.39
25.68
25.98
28.42
27.98
25.1
18.68
15.65
18.82
21.83
22.19
21.0
19.92
20.36
20.29
18.12
18.16
19.24
17.46
17.19
10.9
12.65
13.79
8.813
20.73
19.29
19.02
23.39
22.97
22.51
23.73
23.66
22.75
24.07
24.85
24.56
24.32
24.8
25.88
25.93
24.76
24.93
24.88
24.9
25.54
25.49
26.37
25.73
25.98
25.49
19.07
15.48
17.77
16.92
16.28
22.75
33.11
28.71
22.73
22.9
25.54
25.68
13.87
0.2708
0.06771
0.02604
0.03128
0.02604
0.02604
0.02604
0.03128
0.02604
17.85
16.26
21.9
19.14
18.36
21.7
20.51
20.17
19.97
18.41
20.43
