8.447
8.887
7.8
8.984
9.57
19.07
20.8
17.11
9.314
8.789
8.533
8.716
9.045
17.77
20.83
16.67
6.836
6.506
6.409
6.409
6.409
6.409
6.409
6.409
10.42
20.07
20.04
9.863
9.387
8.264
7.336
8.313
8.508
8.557
8.74
8.704
13.89
20.61
20.8
16.36
11.02
16.02
17.09
17.77
18.14
18.53
16.5
13.82
11.89
8.423
14.48
16.92
17.7
18.14
18.51
16.21
13.6
12.43
8.508
8.801
9.021
8.691
14.84
16.82
17.63
18.12
18.53
16.58
13.82
12.38
8.984
8.765
8.655
8.936
8.789
9.485
18.97
20.53
13.18
8.777
9.265
18.73
20.75
15.6
9.363
13.67
16.48
17.26
17.85
18.31
16.77
13.53
10.14
8.276
8.728
8.655
8.765
8.948
8.875
8.875
10.96
20.46
19.7
10.56
9.192
8.716
13.55
16.19
17.04
17.65
18.09
18.41
16.8
15.7
11.88
9.119
9.448
9.277
9.363
9.058
9.241
9.851
9.827
8.972
15.04
20.58
20.8
18.85
9.619
9.888
9.924
9.229
14.16
0.0
15.8
16.53
16.99
17.33
14.14
10.96
9.521
8.838
9.253
14.79
15.94
16.58
16.87
17.21
17.41
15.36
13.53
11.47
9.705
6.97
10.78
14.75
15.77
16.5
17.02
17.36
14.43
12.16
10.85
8.899
8.679
8.74
10.68
18.75
19.92
17.9
15.65
5.493
5.243
5.249
5.249
5.249
5.249
5.249
5.249
5.249
5.249
5.249
5.249
5.249
5.249
5.249
5.249
5.249
5.249
5.249
5.249
5.249
5.249
5.249
5.249
5.249
5.249
5.249
5.249
5.249
5.249
5.249
5.249
5.249
5.249
5.249
5.249
5.249
5.249
5.249
5.249
5.249
5.249
5.249
5.249
5.249
5.249
5.249
5.249
5.249
5.249
5.249
5.249
5.249
5.249
5.249
5.249
5.249
5.249
5.249
5.249
5.249
5.249
5.249
5.249
5.249
5.249
5.249
5.249
5.249
5.249
5.249
5.249
5.249
5.249
5.249
5.249
5.249
5.249
5.249
5.249
5.249
5.249
5.249
5.249
5.249
5.249
5.249
5.249
5.249
5.249
5.249
5.249
5.249
5.249
5.249
5.249
5.249
5.249
5.249
5.249
5.249
5.249
5.249
5.249
5.249
5.249
5.249
5.249
5.249
5.249
5.249
5.249
5.249
5.249
5.249
5.249
5.249
5.249
5.249
5.249
5.249
5.249
5.249
5.249
5.249
5.249
5.249
5.249
5.249
5.249
5.249
5.249
5.249
5.249
5.249
5.249
5.249
5.249
5.249
5.249
5.249
5.249
5.249
5.249
5.249
5.249
5.249
5.249
5.249
5.249
5.249
5.249
5.249
5.249
5.249
5.249
5.249
5.249
5.249
5.249
5.249
5.249
5.249
5.249
5.249
5.249
5.249
5.249
5.249
5.249
5.249
5.249
5.249
5.249
5.249
5.249
5.249
5.249
5.249
5.249
5.249
5.249
5.249
5.249
5.249
5.249
5.249
5.249
5.249
8.594
14.26
15.67
16.24
16.58
16.99
17.29
17.46
17.72
17.92
18.19
18.31
18.38
18.38
18.53
18.58
18.58
18.73
18.77
18.82
18.97
18.97
19.14
19.24
19.34
19.34
19.51
19.53
19.53
19.73
19.73
19.73
17.07
17.14
19.51
19.9
19.87
19.87
19.9
19.8
18.58
16.85
16.85
16.82
16.06
9.729
13.99
15.67
16.36
16.85
17.24
17.58
18.07
18.31
18.43
18.58
18.7
18.92
18.97
18.97
19.02
19.14
19.17
19.34
19.34
19.34
19.56
19.73
19.73
19.78
19.29
16.46
19.34
20.85
20.85
20.85
20.87
19.8
16.65
16.31
15.75
7.3
7.08
13.65
15.94
16.87
17.48
17.99
18.29
18.48
18.58
18.77
18.85
19.02
19.04
19.14
19.24
19.34
19.51
19.7
19.73
19.19
16.8
20.07
20.39
20.46
20.48
20.48
19.46
17.72
17.43
17.29
13.6
8.496
15.09
16.28
16.94
17.38
17.63
17.92
18.21
18.38
18.58
18.58
18.58
18.75
18.82
18.97
18.95
19.02
19.14
19.14
19.34
19.38
19.53
19.63
19.73
19.73
18.6
16.97
19.07
20.07
20.07
20.07
19.85
19.73
18.02
15.99
15.87
15.82
11.05
9.973
15.41
16.5
17.16
17.46
17.68
18.09
18.33
18.46
18.58
18.68
18.77
18.85
18.95
19.14
19.14
19.19
19.34
19.34
19.34
19.43
19.6
19.73
19.73
19.73
18.26
16.53
18.77
19.75
19.92
20.09
20.09
20.09
20.04
16.72
15.5
15.48
15.43
11.27
12.21
15.65
16.6
14.79
13.7
11.01
12.52
16.31
15.19
13.09
10.4
14.06
15.99
16.82
13.96
13.5
10.31
14.01
15.82
16.65
14.92
13.26
12.87
9.021
15.14
16.53
13.55
12.49
8.374
14.94
16.55
17.26
17.53
17.92
18.26
18.43
18.55
18.73
18.92
18.97
19.12
19.29
19.31
19.31
19.48
19.56
19.78
19.87
16.99
15.23
17.31
20.02
20.8
20.8
20.83
19.73
18.85
17.9
10.74
12.82
16.02
16.87
17.5
17.85
18.26
18.58
18.58
18.75
18.85
18.97
18.97
19.14
19.24
19.34
19.34
19.43
19.53
19.7
19.9
19.85
16.7
18.65
20.61
20.83
20.83
20.53
18.48
17.63
16.94
9.509
14.23
16.53
17.31
17.72
18.12
18.41
18.63
18.75
18.82
18.95
19.12
19.17
19.34
19.34
19.56
19.73
19.9
19.92
17.41
18.16
20.51
20.65
20.51
20.31
19.31
17.41
16.75
16.33
16.26
16.04
7.715
11.54
15.21
16.09
16.48
16.87
17.26
17.41
17.53
17.68
17.94
18.14
18.31
18.36
18.51
18.6
18.75
18.75
18.85
18.95
18.99
19.14
19.24
19.31
19.31
19.36
19.51
19.58
19.73
19.73
19.73
19.73
19.73
19.87
19.65
16.48
17.82
19.12
19.7
19.7
19.68
19.68
19.29
17.46
17.07
16.65
9.216
12.45
15.97
16.8
17.33
17.6
18.02
18.31
18.43
18.55
18.65
18.75
18.95
19.12
19.14
19.29
19.34
19.34
19.51
19.53
19.53
19.65
19.8
19.92
19.19
16.5
19.29
20.07
20.07
20.07
19.92
19.7
18.09
17.55
17.24
16.02
9.082
8.972
16.75
19.82
18.53
16.63
11.28
9.583
11.51
18.24
18.85
12.7
9.534
8.765
9.143
8.508
15.16
19.75
20.17
19.04
16.82
11.82
15.43
16.31
16.82
17.31
17.55
17.72
18.07
18.21
18.38
18.51
18.58
18.58
18.73
18.77
18.75
18.92
18.95
19.07
19.14
19.14
19.19
19.34
19.34
19.34
19.38
19.63
19.73
19.73
19.9
19.92
19.24
16.21
17.5
19.36
19.53
19.7
19.7
19.7
19.7
19.68
19.56
19.51
19.26
18.73
18.31
14.72
5.438
5.438
5.444
5.444
5.444
5.444
5.444
5.444
5.444
5.444
5.444
5.444
