29.88
30.27
29.83
31.1
30.66
31.79
32.42
31.54
27.49
0.0
32.37
32.32
31.54
31.79
31.49
30.81
30.66
30.81
30.66
30.32
30.47
30.18
30.13
30.03
29.83
29.88
29.98
29.88
29.69
29.83
30.03
30.57
30.32
32.32
30.62
29.54
29.15
28.81
29.3
29.83
29.59
28.96
27.93
27.25
26.27
25.15
24.24
23.32
23.68
23.14
21.73
22.24
21.46
21.46
20.78
18.87
17.8
19.02
18.99
18.73
18.75
18.24
16.31
15.84
15.33
15.5
14.38
13.7
13.48
13.09
12.29
11.51
11.76
10.95
10.57
10.08
9.692
9.814
9.717
9.277
8.96
8.813
8.423
7.825
7.483
7.471
7.104
6.836
6.873
6.47
6.085
5.945
5.603
5.609
5.261
4.98
4.773
4.718
4.462
4.431
4.529
4.266
4.163
3.949
3.79
3.699
3.516
3.333
3.265
3.412
3.174
3.125
3.043
2.954
2.985
2.963
2.866
2.869
2.759
2.573
2.615
2.682
2.814
2.896
2.933
2.863
2.997
3.046
2.957
3.125
3.049
3.131
3.235
3.32
3.32
3.729
3.687
3.625
3.815
3.949
3.998
4.01
4.181
4.327
4.468
4.529
4.755
4.95
5.273
5.524
5.676
5.731
5.975
6.384
6.58
6.335
6.604
7.043
7.837
8.35
8.887
9.558
10.4
11.0
11.35
11.6
12.16
12.7
13.09
13.55
13.89
14.67
14.67
14.92
14.79
14.99
15.38
15.77
16.41
16.55
16.75
16.92
17.21
17.41
18.12
18.58
19.51
19.65
17.02
19.63
19.9
20.19
20.61
21.73
21.63
0.0
16.53
20.97
21.36
22.46
22.75
23.19
22.9
23.39
23.14
23.1
22.88
22.8
23.07
23.8
24.85
24.56
24.49
24.78
24.68
24.49
25.05
24.8
24.71
25.05
25.15
25.63
25.98
26.22
26.61
26.86
26.95
27.44
27.83
27.93
27.93
28.03
28.66
29.2
29.88
30.37
31.1
32.96
30.42
30.03
30.08
30.18
30.71
29.79
29.74
29.74
29.59
30.22
30.47
30.66
31.84
31.45
30.86
30.32
30.22
30.32
30.37
30.62
30.27
30.52
30.42
30.57
30.66
30.32
30.91
31.35
31.05
30.96
30.66
30.96
30.71
31.35
31.05
31.45
31.64
32.13
31.69
31.4
31.64
31.2
32.32
32.03
29.49
0.0
32.28
31.79
31.98
30.96
30.76
31.59
30.22
30.91
30.91
30.81
30.76
30.81
31.93
31.49
31.45
31.35
30.86
30.81
30.52
30.62
30.71
30.57
30.22
30.27
30.27
29.88
29.74
29.49
30.08
30.91
31.25
30.66
30.62
30.37
30.22
30.03
29.64
29.05
28.76
28.61
27.69
27.64
26.22
25.49
25.83
25.34
24.39
23.83
23.19
22.39
21.83
21.83
20.85
20.14
20.75
19.87
19.24
16.5
16.06
15.72
14.62
14.09
13.18
12.92
12.41
11.84
12.38
12.12
11.02
10.3
9.9
9.424
8.923
8.508
8.691
8.337
7.812
7.507
7.654
7.654
7.166
6.836
6.604
6.372
6.024
5.865
5.499
5.292
5.408
5.066
4.883
4.718
4.828
4.413
4.358
4.053
4.065
3.931
3.979
3.955
3.845
3.552
3.351
3.278
3.32
3.381
3.241
3.091
3.012
3.082
3.098
2.737
2.734
2.832
2.844
2.844
2.777
2.74
2.777
2.777
2.853
2.872
3.079
3.049
3.229
3.381
3.51
3.668
3.772
4.053
4.108
4.26
3.986
4.132
4.51
4.797
5.011
5.164
4.95
5.139
5.408
5.695
6.055
6.244
6.396
6.592
6.641
7.007
7.202
7.043
7.336
7.373
7.617
8.386
8.508
8.533
9.143
9.656
10.34
11.39
12.26
14.06
14.48
14.97
15.33
15.26
15.97
15.7
16.16
17.02
0.0
16.21
17.92
17.75
18.58
18.7
19.02
19.04
19.02
20.68
21.58
21.51
21.8
21.73
21.63
21.41
21.46
22.07
22.56
21.78
22.19
23.17
23.85
23.88
23.78
23.9
23.51
23.68
23.36
23.32
24.27
24.44
25.1
25.49
24.68
24.19
24.39
24.51
24.27
24.49
24.51
24.39
21.48
28.71
25.05
24.68
24.63
24.73
24.58
25.24
24.58
23.88
24.29
24.85
25.0
23.8
23.66
23.61
23.95
24.02
24.02
23.49
23.02
23.02
23.71
24.56
25.63
26.07
25.49
25.68
25.98
26.37
27.25
27.54
28.81
28.91
28.61
29.05
29.74
30.18
29.98
30.47
30.32
30.47
30.47
30.27
30.42
30.57
30.96
31.49
30.76
30.66
31.1
31.54
31.15
28.37
0.0
30.71
31.69
31.79
32.13
31.54
30.96
31.01
31.35
31.35
30.52
31.59
31.2
31.4
31.88
31.4
30.86
30.52
31.1
31.4
31.2
31.3
30.76
30.76
31.25
31.1
30.32
29.93
30.13
31.2
31.35
30.86
30.62
30.71
30.86
30.18
30.18
29.69
29.44
29.44
29.3
31.05
31.1
31.01
30.47
29.93
29.69
29.59
29.05
28.27
27.44
26.81
26.17
25.63
24.76
23.73
23.32
22.9
22.31
21.73
21.63
21.24
20.8
19.6
19.29
18.63
18.43
18.43
16.38
15.77
15.19
14.99
14.33
13.77
13.16
12.62
12.0
11.62
11.12
10.5
10.12
9.68
9.021
8.801
8.411
8.154
7.935
7.483
7.239
6.86
6.982
6.995
6.812
6.262
5.811
5.554
5.493
5.676
5.463
5.499
5.072
5.103
4.846
4.48
4.333
4.169
4.138
3.9
3.815
3.68
3.662
3.534
3.4
3.394
3.522
3.406
3.265
3.186
3.04
3.122
3.223
3.21
3.055
2.966
2.942
2.869
3.009
3.067
3.192
3.217
2.988
3.11
3.18
3.21
3.314
3.314
3.497
3.711
3.79
3.955
4.114
4.169
4.285
4.291
4.449
4.688
4.822
5.054
5.42
0.0
5.707
6.177
6.335
6.543
6.714
6.58
6.665
6.958
7.178
7.385
7.812
8.264
8.716
8.923
9.094
9.497
10.02
11.0
12.0
12.5
13.04
13.5
14.58
15.01
14.94
15.43
15.62
15.75
16.06
16.19
17.09
17.77
17.5
18.58
18.73
18.92
19.17
19.36
19.34
19.9
20.68
21.29
20.97
21.02
21.34
21.75
22.92
22.22
22.24
22.41
22.51
22.58
22.97
23.71
23.83
23.83
23.83
24.17
24.56
24.63
24.29
24.24
24.46
25.05
25.39
25.49
25.34
24.85
24.9
25.15
25.44
25.44
25.63
26.03
25.88
26.17
26.27
26.07
26.51
26.61
26.95
27.0
26.9
27.29
27.73
27.44
27.64
28.17
28.42
28.66
28.91
29.25
29.64
29.54
29.59
29.35
29.39
29.39
29.79
29.88
30.13
30.76
30.57
30.66
32.08
31.64
