20.8
16.04
8.997
16.92
20.75
14.75
8.948
10.06
19.63
20.36
13.57
8.923
8.423
15.65
20.83
18.16
6.458
6.158
6.024
6.274
8.508
8.887
8.252
8.789
8.313
8.691
8.35
9.094
18.46
20.73
14.79
8.801
8.813
8.594
8.264
11.56
16.11
17.14
17.75
18.04
17.7
15.01
12.24
11.06
8.813
14.48
16.16
16.85
17.41
17.68
17.99
18.21
15.21
13.92
11.9
10.74
9.729
18.04
20.85
20.85
17.82
10.13
10.42
15.89
17.09
17.72
18.21
16.36
13.23
11.32
8.276
8.594
8.215
8.777
8.228
8.472
12.26
16.43
17.29
17.82
18.24
15.06
12.23
10.47
10.68
15.89
16.99
17.6
18.16
16.82
13.09
10.39
8.704
9.033
8.557
9.094
8.679
9.546
19.19
20.24
12.57
9.277
17.36
20.63
14.16
8.85
16.33
20.75
17.07
8.96
9.729
15.75
17.11
17.72
18.19
15.72
13.45
10.61
11.89
16.21
17.19
17.77
18.14
15.16
12.74
9.631
9.07
9.937
9.216
8.923
8.582
9.412
13.67
20.61
19.56
10.97
13.79
16.63
17.55
18.09
17.99
14.82
11.72
9.473
8.765
8.35
13.33
16.11
16.94
17.53
17.82
18.12
17.9
14.89
13.65
12.04
11.07
8.813
9.729
15.16
16.63
17.53
17.97
18.31
15.5
14.09
12.13
8.923
9.119
10.51
19.41
20.53
14.5
9.143
9.265
9.253
8.728
9.18
8.765
9.058
9.106
9.338
12.12
20.02
20.78
17.68
6.628
8.228
8.838
8.984
8.862
8.789
7.617
11.33
19.19
20.53
18.33
9.68
9.021
8.911
8.887
8.948
8.826
8.96
8.948
9.033
12.04
19.75
20.7
14.58
6.458
8.118
8.606
8.704
8.752
9.106
10.3
19.95
20.41
16.99
10.63
8.948
8.521
8.679
8.679
8.691
8.728
8.826
8.923
8.667
13.04
20.65
19.68
11.44
6.421
7.971
7.727
8.752
8.813
7.91
8.02
8.301
8.13
7.874
7.788
7.983
8.496
8.362
8.813
18.07
19.95
17.29
10.17
11.76
20.21
19.09
8.435
5.499
6.982
8.765
8.496
11.22
19.9
19.26
11.66
8.74
8.105
8.337
8.24
8.557
18.07
20.78
15.01
8.936
16.55
20.78
17.53
9.814
19.31
19.73
12.92
5.615
6.775
8.606
8.521
8.484
8.96
8.923
8.203
8.521
16.33
20.19
17.26
8.728
8.398
8.545
9.167
9.265
8.765
8.826
8.118
8.997
19.24
20.43
13.48
5.646
6.555
8.423
8.008
8.398
8.13
8.228
8.398
8.508
16.02
20.8
16.16
15.92
20.8
16.14
8.496
9.18
18.7
20.51
13.21
5.664
5.518
5.444
6.824
7.959
8.411
7.935
9.241
19.48
19.85
13.09
8.264
8.179
13.99
20.8
17.99
10.14
18.73
20.17
11.8
8.386
14.06
20.75
19.41
8.643
5.67
5.444
6.897
8.728
8.813
9.29
8.826
9.485
11.98
20.31
19.19
15.65
8.154
8.984
8.459
8.508
8.386
8.398
8.179
12.06
19.26
20.75
20.58
17.41
10.24
15.62
16.82
17.41
17.77
18.24
18.48
18.6
18.75
18.95
18.95
19.14
19.26
19.34
19.34
19.48
19.58
19.75
19.92
18.46
16.75
18.73
19.85
19.85
19.87
18.82
17.24
16.99
16.58
14.97
10.9
15.58
16.53
17.09
17.5
17.72
18.04
18.33
18.38
18.58
18.6
18.77
18.8
18.95
19.07
19.14
19.14
19.29
19.34
19.36
19.53
19.53
19.58
19.85
19.92
19.92
19.75
16.21
18.33
19.7
20.0
20.07
20.02
19.34
18.51
16.72
16.26
15.94
15.65
15.45
9.094
14.43
15.99
16.63
17.14
17.41
17.53
17.77
18.02
18.19
18.38
18.46
18.58
18.68
18.77
18.8
18.95
19.09
19.14
19.24
19.34
19.34
19.48
19.53
19.65
19.73
19.8
19.95
19.95
19.92
19.8
16.41
17.8
18.9
19.48
19.9
19.9
19.87
19.6
19.29
19.02
16.82
15.92
15.87
15.77
15.67
13.75
9.338
14.92
16.14
16.63
17.02
17.36
17.55
17.68
17.85
18.12
18.33
18.51
18.58
18.6
18.77
18.77
18.77
18.9
18.97
18.97
19.02
19.17
19.14
19.31
19.34
19.34
19.34
19.41
19.53
19.58
19.82
19.92
19.92
17.92
16.8
18.38
19.7
19.95
20.09
19.78
19.31
19.31
18.73
16.46
16.33
16.26
16.09
16.06
13.99
9.29
15.06
16.28
16.94
17.43
17.6
17.85
18.21
18.38
18.6
18.75
18.9
18.99
19.14
19.34
19.36
19.53
19.53
19.8
19.92
20.07
17.46
17.65
20.8
20.8
20.65
20.14
18.46
18.41
18.31
10.58
15.75
16.46
12.96
11.93
11.19
15.99
16.75
13.35
12.99
10.08
15.48
16.67
13.99
12.96
9.949
15.14
16.65
13.99
12.94
9.741
14.23
16.41
15.06
12.87
10.95
13.13
16.36
16.04
12.92
12.33
9.07
15.43
16.72
17.48
17.72
18.16
18.46
18.68
18.9
18.95
18.95
19.12
19.19
19.34
19.41
19.53
19.58
19.8
19.92
19.92
17.92
17.29
20.48
20.85
20.85
19.24
16.63
16.46
15.01
10.61
16.09
17.16
17.7
18.12
18.46
18.63
18.77
18.95
19.14
19.24
19.34
19.46
19.53
19.53
19.9
19.97
19.73
16.7
20.0
20.8
20.65
20.48
18.36
16.11
15.67
14.04
11.16
16.26
17.24
17.7
18.19
18.51
18.73
18.82
18.95
19.14
19.19
19.34
19.46
19.53
19.63
19.8
19.95
20.12
18.33
17.11
19.02
20.87
20.8
20.61
19.78
19.51
19.17
17.04
16.46
16.46
16.41
15.77
14.18
9.851
13.84
11.35
10.58
11.96
16.06
19.12
19.31
17.68
9.741
11.95
8.911
12.12
9.241
11.95
9.448
11.51
10.35
10.31
11.12
8.948
9.045
9.607
9.119
9.485
9.106
18.16
19.7
12.77
15.01
20.41
14.99
9.546
9.302
9.863
14.45
20.34
13.75
9.802
14.62
15.7
19.19
13.28
9.412
9.338
9.155
9.265
8.813
10.86
20.24
19.82
11.44
9.351
9.229
9.546
14.92
20.7
16.53
9.839
15.62
17.04
17.72
18.16
18.53
18.73
18.95
19.04
19.21
19.34
19.51
19.56
19.7
19.7
19.97
20.09
19.95
16.53
18.12
20.75
20.83
20.85
20.46
18.65
18.02
17.29
9.753
8.411
10.55
19.04
19.34
10.39
5.945
5.725
8.557
8.862
8.765
8.887
8.752
8.667
8.667
9.021
8.997
8.728
9.009
8.569
8.691
8.728
17.82
20.24
13.7
16.67
20.8
15.09
6.073
5.89
5.829
5.829
5.829
5.829
5.829
5.829
5.829
5.829
5.829
0.3277
4.193
5.176
5.176
5.182
5.182
5.182
5.182
5.182
5.182
5.182
5.182
5.182
7.666
7.373
5.261
9.155
5.841
