3.998
4.437
5.499
4.413
5.078
3.546
4.382
4.114
5.109
4.755
6.299
5.896
6.836
5.756
5.475
9.387
9.46
10.47
10.8
3.442
5.646
6.799
6.604
6.897
8.667
5.817
4.712
4.572
5.219
9.351
9.68
10.67
10.46
4.523
4.767
3.809
5.139
4.016
5.841
6.86
6.995
7.007
8.801
3.796
3.296
3.296
3.296
3.296
3.296
3.296
3.296
3.296
3.296
3.296
3.296
3.296
3.296
3.296
3.296
3.296
3.296
3.296
3.296
3.296
3.296
3.296
3.296
3.296
3.296
3.296
3.296
3.296
3.296
3.296
3.296
3.296
3.296
3.296
3.296
3.296
3.296
3.296
3.296
3.296
3.296
3.296
3.296
3.296
3.296
3.296
3.296
3.296
3.296
3.296
3.296
3.296
3.296
3.296
3.296
3.296
3.296
3.296
3.296
3.296
3.296
3.296
3.296
3.296
3.296
3.296
3.296
3.296
3.296
3.296
3.296
3.296
3.296
3.296
3.296
3.296
3.296
3.296
3.296
3.296
3.296
3.296
3.296
3.296
3.296
3.296
3.296
3.296
3.296
3.296
3.296
3.296
3.296
3.296
3.296
3.296
3.296
3.296
3.296
3.296
3.296
3.296
3.296
3.296
3.296
3.296
3.296
3.296
3.296
3.296
3.296
3.296
3.296
3.296
3.296
3.296
3.296
3.296
3.296
3.296
3.296
3.296
3.296
3.296
3.296
3.296
3.296
3.296
3.296
3.296
3.296
3.296
3.296
3.296
3.906
4.919
5.231
3.851
4.572
4.962
5.182
5.298
5.78
6.14
6.458
6.372
5.908
6.616
7.275
9.436
7.056
5.042
5.927
6.47
5.951
6.86
7.849
7.654
3.296
4.895
8.398
9.521
9.485
11.18
6.458
4.742
5.402
5.89
6.311
6.287
5.975
7.043
7.849
5.408
7.922
10.18
9.473
10.57
11.66
5.035
5.768
6.421
6.47
6.262
6.335
7.349
8.972
5.127
4.62
5.408
5.762
4.419
5.328
4.23
4.834
4.742
4.608
4.968
4.376
5.322
4.443
5.786
7.19
6.934
7.056
7.861
8.289
5.292
6.885
6.787
6.567
6.909
7.3
9.583
4.51
5.127
4.419
4.041
4.706
5.292
5.89
6.311
6.335
4.651
5.048
4.431
5.554
5.939
5.804
5.481
6.311
7.495
4.309
4.938
5.2
4.132
5.103
4.419
5.304
4.547
5.109
4.852
3.888
4.358
4.651
4.987
5.115
5.359
5.536
5.646
5.768
5.933
6.091
6.189
6.36
6.36
6.299
6.519
8.264
10.01
12.35
9.045
4.517
5.682
5.035
5.176
4.95
6.897
7.654
7.422
7.617
8.752
5.78
6.616
7.373
7.361
7.776
8.923
4.364
5.054
4.877
4.871
4.718
4.614
5.566
4.425
5.139
4.419
5.273
4.51
5.042
4.718
3.998
5.054
4.181
3.296
4.163
5.145
3.455
3.766
4.077
3.54
5.756
6.628
6.628
7.312
7.812
5.078
5.817
5.835
6.531
6.421
3.4
4.352
5.292
4.773
3.973
4.895
4.395
5.975
9.546
9.473
10.69
7.996
4.547
4.181
4.083
5.237
4.236
4.663
3.839
5.231
5.951
6.677
6.567
7.227
8.203
7.69
3.815
5.042
3.821
4.974
4.584
6.36
6.689
6.995
7.458
6.75
5.029
5.963
5.957
6.909
4.083
3.412
3.918
4.688
4.791
4.498
5.31
4.285
4.889
4.834
6.628
6.799
6.75
7.532
6.604
6.384
10.07
10.24
11.02
5.695
4.37
5.255
4.138
5.286
4.065
4.926
4.004
4.834
3.729
4.974
3.424
4.901
4.071
4.602
9.07
10.3
10.82
10.27
3.809
4.852
4.565
4.681
4.205
5.682
7.056
7.312
6.995
8.362
4.309
7.605
10.02
9.888
11.54
6.702
4.913
4.266
4.962
4.041
4.541
5.133
4.565
4.718
5.109
6.86
6.873
7.007
7.397
8.704
4.395
4.81
4.199
4.865
4.242
4.901
3.314
4.779
4.443
4.395
4.688
4.596
5.127
3.986
4.492
4.852
4.675
3.674
4.797
4.266
3.143
3.162
4.34
5.444
5.597
4.81
6.073
6.097
6.653
5.896
3.32
4.211
4.614
4.865
4.559
3.143
3.247
4.218
4.926
3.656
4.889
4.535
5.707
6.775
6.421
7.153
7.812
6.714
4.761
4.358
6.421
7.129
6.58
6.592
4.578
4.852
5.664
9.29
9.607
9.985
11.52
6.921
6.323
6.396
6.641
6.171
3.998
5.035
5.53
6.555
6.726
6.897
7.239
9.082
5.377
3.607
4.852
4.504
6.372
7.104
6.909
7.031
9.204
5.792
4.883
4.15
4.755
4.504
4.407
5.414
4.156
4.919
4.138
5.09
6.061
6.604
6.897
7.703
6.836
4.73
4.498
4.358
5.396
3.851
4.773
5.542
4.663
4.889
4.602
3.143
3.143
3.143
3.143
3.143
3.601
4.968
3.839
4.37
5.432
4.633
4.956
4.218
4.932
4.242
3.802
3.143
3.149
4.846
4.297
4.62
5.2
5.511
6.628
6.372
7.275
6.396
4.218
4.028
5.206
6.03
6.641
6.165
6.921
8.936
6.287
4.895
4.688
4.877
4.291
4.81
4.865
4.59
4.614
5.988
7.422
7.458
7.275
8.862
3.375
3.143
4.041
5.353
3.894
4.694
5.457
6.207
6.482
6.506
7.3
9.595
5.426
5.493
5.798
6.036
6.836
5.682
4.633
5.28
4.498
5.908
5.768
7.251
6.165
4.681
5.298
3.961
5.17
4.486
4.956
3.766
4.95
4.755
5.341
7.08
7.532
7.361
9.021
6.36
4.932
4.382
4.907
3.912
4.449
5.432
3.571
4.529
5.42
4.73
6.543
7.043
7.129
7.141
7.41
3.827
5.011
4.449
5.573
6.409
6.445
6.244
3.143
3.857
4.968
3.198
3.143
3.143
3.143
3.143
4.736
4.175
4.138
5.304
4.767
6.226
6.653
7.41
4.926
4.724
4.913
4.529
5.353
5.023
6.86
7.556
7.458
7.788
8.167
4.449
5.28
3.699
3.143
3.571
4.553
5.487
6.128
6.555
3.784
4.358
6.061
6.946
6.604
7.092
8.386
8.044
3.534
5.084
4.37
4.504
4.327
4.688
4.449
5.103
3.943
5.249
4.34
5.615
6.152
7.08
6.421
4.7
5.133
4.742
4.181
3.143
3.143
3.143
3.424
4.224
4.889
5.383
5.725
6.171
6.299
6.665
7.812
6.909
4.675
5.078
4.688
4.559
6.47
7.629
7.654
8.02
9.033
5.231
5.121
3.357
3.143
3.149
4.541
5.316
4.37
4.712
3.937
5.267
4.315
5.115
4.364
6.085
7.129
7.434
8.081
6.873
4.871
4.163
4.712
5.133
5.756
7.751
7.935
7.935
8.459
4.181
5.212
4.059
5.017
3.9
4.279
4.651
4.37
5.334
3.931
4.913
4.37
5.139
5.322
9.338
9.473
10.62
10.18
5.035
4.504
5.219
4.358
6.201
6.531
7.043
6.0
3.802
5.084
4.584
4.62
5.292
4.529
4.706
4.608
5.377
4.822
9.192
9.583
10.69
