43.21
43.21
43.21
43.16
43.21
42.63
40.14
17.9
18.68
20.0
18.09
18.63
18.55
17.68
12.79
11.29
10.88
10.89
10.89
10.89
10.89
10.89
10.89
10.89
10.89
10.89
10.89
10.89
10.89
10.89
10.89
10.89
10.89
13.57
22.95
26.27
20.0
13.21
10.86
10.88
10.89
10.89
10.89
11.33
13.55
13.31
12.94
13.04
13.04
20.83
26.27
21.92
17.65
13.48
22.83
26.17
22.12
14.36
29.49
29.79
30.91
31.49
31.54
31.54
31.74
30.13
28.08
26.46
25.54
25.54
23.34
24.19
39.5
42.72
43.12
42.68
40.28
40.38
40.38
40.38
40.23
40.28
40.77
40.92
40.28
40.28
40.33
40.28
41.5
41.55
41.46
42.63
43.12
43.12
43.12
43.16
43.16
43.21
43.21
43.21
43.16
43.16
43.21
43.21
43.21
43.21
43.21
43.21
43.21
43.21
43.21
43.26
43.21
43.12
42.82
42.09
37.4
16.97
18.6
19.9
18.8
19.17
19.14
19.04
14.14
12.32
17.55
29.59
29.64
30.81
31.3
31.4
31.35
31.49
28.22
27.93
26.51
26.51
26.27
23.27
37.84
41.36
42.92
43.12
43.02
42.97
42.97
42.97
42.97
42.97
42.97
42.97
42.97
42.97
42.97
42.97
43.02
42.97
43.12
43.12
43.16
43.16
43.21
43.21
43.21
43.21
43.21
43.21
43.07
43.02
43.02
43.02
43.02
43.02
43.02
43.02
43.02
43.02
43.07
43.07
42.77
42.48
41.55
39.75
21.61
18.33
20.46
18.04
18.02
17.97
14.99
12.3
16.5
29.64
30.08
31.4
31.4
31.4
31.2
27.88
27.44
26.51
26.51
26.51
31.25
41.02
42.72
43.12
43.07
41.99
41.8
41.8
41.8
41.8
41.8
41.8
41.8
41.8
41.8
41.94
41.8
41.65
42.14
43.07
43.12
43.16
43.16
43.16
43.16
43.16
43.16
43.16
43.21
43.21
43.21
43.21
43.21
43.21
43.26
11.85
27.78
29.35
30.71
30.96
31.1
28.71
27.15
25.54
22.39
27.39
40.87
42.97
43.02
42.58
42.53
42.53
42.53
42.53
42.53
42.53
42.77
43.12
43.12
43.07
43.12
43.12
43.12
43.12
43.16
43.21
43.21
43.21
43.21
43.21
43.21
43.16
43.21
43.16
39.89
17.09
15.99
18.29
20.04
17.99
16.94
16.67
16.8
13.72
11.85
10.86
10.88
10.89
10.89
10.89
10.89
10.89
10.89
10.89
10.89
10.89
10.89
10.89
10.89
10.89
10.89
10.89
10.89
10.89
10.89
10.89
10.89
10.89
10.89
10.89
10.89
10.89
10.89
10.89
10.89
10.89
10.89
10.89
10.89
10.89
10.89
10.89
10.89
10.89
10.89
10.89
10.89
10.89
10.89
10.89
10.89
10.89
10.89
10.89
10.89
10.89
10.89
10.89
10.89
10.89
10.89
10.89
10.89
10.89
10.89
10.89
10.89
10.89
10.89
10.89
10.89
10.89
10.89
10.89
10.89
10.89
10.89
10.89
10.89
10.89
10.89
10.89
10.89
10.89
10.89
10.89
10.89
10.89
10.89
10.89
10.89
10.89
10.89
10.89
10.89
10.89
10.89
10.89
10.89
10.89
10.89
10.89
10.89
10.89
10.89
10.89
10.89
10.89
10.89
10.89
10.89
10.89
10.89
10.89
10.89
10.89
10.89
10.89
10.89
10.89
10.89
10.89
10.89
10.89
10.89
10.89
10.89
10.89
10.89
10.89
10.89
10.89
10.89
10.89
10.89
10.89
10.89
10.89
10.89
10.89
10.89
10.89
10.89
10.89
11.12
19.63
42.68
43.07
43.07
43.12
43.21
43.16
43.16
43.12
43.12
43.16
43.16
43.12
43.16
43.12
43.16
43.12
43.12
43.07
43.12
43.12
43.16
43.16
43.21
43.21
43.21
43.26
43.26
43.21
43.26
43.31
38.23
18.21
20.61
20.51
17.46
10.93
10.88
10.88
10.89
10.89
10.89
10.89
10.89
10.89
11.36
23.83
42.14
43.07
43.12
43.16
43.21
43.02
42.97
42.92
42.97
42.97
42.97
42.92
42.92
42.97
42.92
42.92
42.92
43.07
43.12
43.12
43.12
43.16
43.16
43.21
43.21
43.21
43.21
43.26
43.21
43.21
43.31
38.28
16.14
19.78
18.85
19.31
18.65
11.24
10.88
10.88
10.89
13.16
37.16
43.07
43.07
43.16
43.16
43.16
43.16
43.12
43.12
43.16
43.16
43.12
43.16
43.16
43.16
43.12
43.12
43.07
43.12
43.16
43.12
43.16
43.21
43.21
43.21
43.26
43.21
43.21
43.26
36.43
16.04
19.17
20.36
21.26
16.65
10.91
13.7
38.87
43.07
43.07
43.12
43.21
43.16
43.16
43.12
43.16
43.16
43.16
43.12
43.12
43.12
43.12
43.12
43.12
43.07
43.12
43.12
43.16
43.16
43.21
43.21
43.21
43.26
43.21
43.21
43.26
41.75
17.92
17.94
20.61
19.85
19.51
11.23
10.88
10.88
10.89
10.89
10.89
10.89
10.89
10.89
10.89
10.89
10.89
10.89
10.89
10.89
10.89
10.89
10.89
10.89
10.89
10.89
10.89
10.89
10.89
10.89
10.89
10.89
10.89
10.89
10.89
10.89
10.89
10.89
10.89
10.89
10.89
10.89
10.89
10.89
10.89
10.89
10.89
10.89
10.89
10.89
10.89
10.89
10.89
10.89
10.89
10.89
10.89
10.89
10.89
10.89
10.89
10.89
10.89
10.89
10.89
10.89
10.89
10.89
10.89
10.89
10.89
10.89
10.89
10.89
10.89
10.89
11.55
26.42
41.11
43.07
43.12
43.21
43.21
43.16
43.12
43.12
43.12
43.16
43.16
43.12
43.16
43.16
43.12
43.12
43.12
43.07
43.16
43.12
43.16
43.21
43.21
43.21
43.26
43.21
43.21
43.21
43.31
43.31
43.16
39.84
35.25
32.62
11.84
10.88
10.88
10.89
10.89
10.89
10.89
10.89
10.89
11.04
14.58
39.79
43.07
43.07
43.12
43.21
43.21
43.16
43.16
43.12
43.16
43.16
43.16
43.16
43.12
43.16
43.16
43.16
43.16
43.16
43.07
43.12
43.12
43.12
43.16
43.16
43.21
43.21
43.21
43.21
43.21
43.21
43.31
43.26
39.65
16.11
19.31
21.04
20.02
13.96
11.46
10.88
10.88
10.89
10.89
10.89
10.89
10.89
10.89
10.89
10.89
10.89
10.89
10.89
10.89
10.89
10.89
10.89
10.89
10.89
10.89
10.89
10.89
10.89
10.89
10.89
10.89
10.89
10.89
10.89
10.89
10.89
10.89
10.89
10.89
10.89
10.89
10.89
10.89
10.89
10.89
10.89
10.89
10.89
10.89
10.89
10.89
10.89
10.89
10.89
10.89
10.89
10.89
10.89
10.89
10.89
10.89
10.89
10.89
10.89
10.89
10.89
10.89
10.89
10.89
10.89
10.89
10.89
10.89
10.89
10.89
10.89
10.89
10.89
10.89
10.89
10.89
10.89
10.89
10.89
10.89
10.89
10.89
10.89
10.89
10.89
10.89
