9.07
9.106
9.045
8.875
9.009
9.155
8.911
9.473
8.997
8.984
8.484
12.6
18.02
20.36
20.73
20.02
17.55
10.99
6.604
8.118
8.948
14.33
19.75
20.73
20.53
18.51
17.68
16.14
11.47
8.85
10.56
18.14
20.75
20.75
19.41
17.77
17.21
14.01
16.26
20.56
20.75
20.48
18.29
17.82
15.48
10.41
9.131
9.009
8.643
8.862
8.972
8.899
8.691
12.72
20.53
20.63
18.36
16.99
19.26
20.83
18.65
17.94
14.87
15.97
17.24
17.9
18.29
18.7
17.55
15.67
15.67
14.84
9.094
14.99
17.09
17.9
18.36
18.7
15.7
15.09
15.11
17.5
20.83
20.0
19.26
19.19
20.83
19.73
19.19
19.14
19.14
19.14
19.14
18.73
18.14
17.85
17.36
20.83
20.04
18.85
14.48
11.0
9.021
8.997
12.92
16.87
17.85
18.38
18.41
15.48
15.36
13.55
10.8
16.53
17.72
18.36
18.68
15.67
15.21
12.48
10.06
19.12
20.29
13.33
12.72
16.97
17.97
18.58
17.9
15.5
15.72
15.36
13.16
9.326
14.11
20.8
17.75
10.51
16.41
17.65
18.46
18.8
16.19
14.92
12.62
15.11
20.75
18.41
14.75
14.77
17.46
18.24
18.7
16.87
15.45
14.09
9.619
9.265
13.4
16.26
17.11
17.77
18.31
18.7
15.72
14.99
14.89
11.01
9.448
9.192
9.924
18.85
20.8
18.55
16.53
16.24
20.83
18.97
18.21
11.52
9.241
8.215
6.604
6.604
6.604
6.604
6.604
7.153
8.997
9.241
9.131
8.997
8.936
8.984
8.997
9.399
9.094
9.058
8.923
8.997
9.082
9.07
9.009
9.338
9.18
9.045
6.677
6.604
6.604
6.604
6.604
7.104
9.143
9.119
9.131
9.448
9.155
8.716
9.07
9.753
9.546
16.26
20.51
20.8
19.26
17.99
15.55
9.216
9.534
7.874
6.604
6.604
6.604
6.604
6.604
7.166
9.473
10.33
16.53
20.46
20.8
19.51
17.97
18.04
14.58
9.46
10.14
8.887
13.67
19.36
20.58
20.46
19.68
17.5
17.46
14.06
6.604
6.604
6.604
7.117
10.11
8.936
9.363
9.509
12.02
18.95
20.56
20.09
17.58
17.65
11.99
8.716
13.84
19.68
20.43
20.61
19.29
17.75
17.65
14.84
6.604
6.604
6.604
7.056
9.558
8.655
12.29
16.48
20.0
20.61
20.53
18.82
17.8
17.85
14.23
10.62
10.41
14.45
19.68
20.8
19.92
18.16
10.19
6.592
6.604
6.604
6.604
7.08
9.79
8.948
10.06
16.02
20.41
20.73
20.29
18.16
17.9
16.19
9.412
9.326
12.05
19.17
20.51
20.65
20.17
18.09
17.94
17.55
8.936
6.604
6.604
7.056
8.728
9.229
8.777
8.655
8.911
9.436
8.594
9.033
14.4
20.7
20.65
18.53
17.63
17.6
20.83
19.65
18.58
14.75
6.616
6.604
6.604
6.604
6.604
7.043
9.192
9.68
8.936
9.68
10.16
19.24
20.61
18.07
17.8
20.83
19.75
18.77
8.936
19.31
20.24
18.97
13.45
9.985
17.92
20.85
20.78
19.38
14.4
16.48
17.33
17.82
18.51
18.92
19.41
19.53
19.68
19.82
19.97
20.12
20.24
20.29
20.34
20.48
20.53
20.7
20.83
18.21
17.68
19.09
20.61
20.83
20.85
20.85
20.87
20.87
20.87
18.46
17.24
13.55
12.0
17.31
18.24
18.73
19.21
19.43
19.68
19.8
19.97
20.12
20.19
20.43
20.48
20.48
20.61
20.75
20.53
18.04
18.12
19.6
20.85
20.85
20.83
20.87
20.61
20.0
19.12
10.27
16.7
18.04
18.58
18.92
19.38
19.53
19.73
19.9
19.92
20.02
20.12
20.26
20.36
20.65
20.68
20.7
20.78
20.8
19.07
17.77
18.29
20.14
20.8
20.8
20.8
20.83
20.7
20.02
19.17
18.51
14.65
13.67
17.11
17.87
18.43
18.63
18.85
19.17
19.38
19.56
19.65
19.73
19.87
19.92
20.07
20.12
20.21
20.31
20.31
20.34
20.51
20.51
20.51
20.61
20.7
20.7
20.7
19.97
17.77
17.8
18.58
19.95
20.8
20.85
20.85
20.87
20.87
20.7
19.97
19.53
18.99
18.55
18.46
12.77
15.55
17.04
17.7
18.16
18.48
18.58
18.77
19.04
19.31
19.38
19.56
19.56
19.73
19.75
19.78
19.92
19.92
19.92
20.12
20.14
20.31
20.31
20.31
20.31
20.31
20.46
20.53
20.7
20.7
20.7
20.7
20.7
19.43
18.24
18.21
18.26
19.02
20.73
20.87
20.87
20.85
20.87
20.87
20.9
20.85
20.48
19.24
18.95
18.8
18.77
15.97
15.62
16.33
16.92
16.7
15.5
15.33
15.31
13.62
14.72
16.28
16.92
16.6
13.21
12.99
12.6
12.5
15.7
19.17
19.58
19.6
17.68
17.24
17.07
17.04
17.04
17.04
17.04
17.04
17.04
17.04
12.1
14.4
16.19
16.87
16.99
13.96
13.16
13.06
12.24
9.326
14.77
16.7
17.38
17.77
18.24
18.51
18.6
18.8
19.09
19.34
19.41
19.56
19.56
19.56
19.75
19.75
19.75
19.92
19.95
19.97
20.04
20.14
20.12
20.21
20.31
20.31
20.31
20.41
20.51
20.63
20.7
20.7
19.43
17.53
18.21
20.04
20.87
20.85
20.85
20.85
20.87
20.9
19.9
19.41
18.46
12.99
16.89
17.94
18.68
18.95
19.31
19.56
19.7
19.75
20.07
20.12
20.24
20.29
20.48
20.48
20.58
20.78
20.85
20.56
18.24
18.16
19.36
20.78
20.83
20.83
20.87
20.9
20.51
20.09
18.97
11.66
16.72
17.99
18.48
18.82
19.29
19.51
19.73
19.82
20.04
20.12
20.26
20.31
20.41
20.51
20.53
20.7
20.78
20.7
19.04
18.21
19.09
20.85
20.87
20.87
20.87
20.87
20.85
20.65
20.7
20.07
19.75
19.65
19.53
12.48
12.89
9.985
9.888
11.25
9.631
9.973
17.94
20.7
16.89
16.63
20.83
15.09
9.863
9.705
9.973
10.27
9.448
18.73
20.85
19.29
10.96
9.778
10.78
16.16
14.06
19.24
19.73
18.55
12.94
9.827
9.851
9.607
11.54
19.02
20.83
20.73
18.7
17.19
11.02
9.583
9.436
9.985
10.24
9.631
15.55
20.63
20.85
20.14
17.72
17.04
10.89
9.473
9.814
9.753
9.29
9.473
12.96
19.82
20.8
20.46
18.07
17.85
11.63
9.607
9.265
10.57
15.89
16.99
17.55
17.85
18.26
18.41
18.58
18.73
18.92
19.14
19.29
19.41
19.56
19.56
19.56
19.56
19.75
19.75
19.85
19.95
19.95
19.95
20.04
20.14
20.14
20.14
20.14
20.34
20.34
20.34
20.53
20.53
20.51
20.53
20.73
20.7
20.7
20.7
20.7
19.68
17.26
17.43
18.38
20.7
20.87
20.87
20.87
20.87
20.87
20.87
20.9
20.8
20.68
19.19
18.58
18.41
18.41
