0.01345
0.01678
0.06657
0.00906
0.01421
0.01116
0.02584
0.0536
0.009918
0.01354
0.01011
0.02584
0.04501
0.008965
0.01411
0.007629
0.03128
0.04091
0.008392
0.01144
0.009823
0.03195
0.06685
0.06123
0.03538
0.008392
0.03901
0.04845
0.009727
0.01001
0.01078
0.04616
0.04053
0.008488
0.01116
0.009632
0.0596
0.0268
0.01268
0.01192
0.01163
0.0597
0.02069
0.009346
0.009537
0.01183
0.07277
0.02365
0.01192
0.01087
0.02298
0.06409
0.0206
0.008297
0.01135
0.02747
0.06275
0.0617
0.04025
0.008297
0.03119
0.04864
0.008678
0.01259
0.01173
0.03986
0.05951
0.009441
0.01097
0.01001
0.04501
0.0638
0.02146
0.01049
0.0102
0.04263
0.05503
0.008678
0.01192
0.01059
0.05255
0.07343
0.02642
0.01001
0.01135
0.04501
0.037
0.008583
0.01326
0.009441
0.05445
0.0495
0.01087
0.0145
0.01068
0.04768
0.06676
0.009918
0.01116
0.007534
0.0576
0.04454
0.01087
0.01087
0.01144
0.06733
0.03653
0.007725
0.01459
0.0185
0.07353
0.04025
0.0102
0.01144
0.02928
0.0639
0.01774
0.01106
0.01545
0.0391
0.05741
0.009441
0.01163
0.01183
0.04492
0.05064
0.01144
0.01125
0.01268
0.05236
0.02747
0.008774
0.01564
0.01087
0.06552
0.02661
0.01183
0.0144
0.02298
0.05283
0.006962
0.01001
0.009632
0.02871
0.04387
0.008488
0.01535
0.008774
0.04282
0.03672
0.01287
0.01163
0.0103
0.04587
0.02155
0.007248
0.01297
0.01516
0.05989
0.01059
0.01135
0.01259
0.03262
0.04463
0.01097
0.009155
0.008583
0.04644
0.03557
0.00782
0.01097
0.01411
0.06123
0.01459
0.009537
0.01259
0.03977
0.03729
0.01574
0.01011
0.01183
0.06046
0.02422
0.01087
0.01106
0.02842
0.03881
0.0103
0.01669
0.01173
0.06237
0.01898
0.01488
0.01221
0.03119
0.05894
0.01802
0.01297
0.0144
0.06647
0.0246
0.0103
0.01268
0.03138
0.04501
0.007439
0.0104
0.0104
0.05751
0.0165
0.01144
0.009632
0.03443
0.06084
0.009918
0.01335
0.0103
0.04969
0.02422
0.008965
0.01307
0.0227
0.0514
0.008869
0.008392
0.008965
0.03986
0.02327
0.01011
0.008488
0.01574
0.05655
0.01068
0.01221
0.01087
0.03557
0.04377
0.007915
0.01392
0.008678
0.05789
0.0165
0.01059
0.008678
0.03433
0.04187
0.01316
0.009823
0.006866
0.05255
0.01583
0.006104
0.01192
0.01707
0.03366
0.005245
0.007534
0.004578
0.02384
0.007057
0.005341
0.006485
0.0123
0.04282
0.01163
0.01221
0.01488
0.05217
0.02708
0.01106
0.01411
0.02527
0.06981
0.03443
0.01154
0.007343
0.03986
0.02451
0.009632
0.01173
0.01049
0.05713
0.01459
0.00515
0.01011
0.01822
0.05484
0.01202
0.0102
0.008488
0.04015
0.0432
0.009155
0.01001
0.0104
0.0452
0.06447
0.02623
0.01011
0.009632
0.05665
0.01755
0.005436
0.01221
0.01402
0.0308
0.008488
0.007915
0.01068
0.02069
0.03586
0.008202
0.009441
0.004482
0.009346
0.01154
0.003338
0.006294
0.008488
0.04225
0.0247
0.01173
0.01106
0.01011
0.04797
0.01774
0.01516
0.02747
0.02928
0.05341
0.02279
0.0268
0.01621
0.02975
0.04616
0.009823
0.009918
0.008202
0.03386
0.008869
0.009251
0.01249
0.007534
0.04864
0.01554
0.008392
0.009251
0.01087
0.03881
0.00782
0.004959
0.0103
0.006962
0.04168
0.00782
0.00906
0.005245
0.008583
0.03338
0.01659
0.007057
0.01068
0.00906
0.03176
0.02193
0.008392
0.00782
0.008202
0.02728
0.03338
0.007915
0.009537
0.008011
0.02995
0.0308
0.01268
0.009346
0.008488
0.02508
0.03061
0.006199
0.008297
0.007343
0.02699
0.02384
0.01135
0.007248
0.008965
0.03586
0.01783
0.006962
0.01011
0.006676
0.0432
0.0102
0.008392
0.009441
0.008392
0.04396
0.009251
0.007439
0.009441
0.0124
0.04225
0.008202
0.008774
0.008297
0.02337
0.03357
0.009727
0.01001
0.0123
0.03061
0.02642
0.00906
0.00906
0.008488
0.04005
0.0246
0.01068
0.01068
0.01078
0.0453
0.01717
0.007915
0.009918
0.01001
0.04644
0.00782
0.008678
0.009441
0.01888
0.04148
0.009537
0.009251
0.01144
0.02661
0.04129
0.008392
0.00906
0.006199
0.03138
0.02327
0.009918
0.007153
0.006008
0.04005
0.01001
0.00906
0.008202
0.01354
0.04416
0.00639
0.007057
0.006008
0.03109
0.03328
0.009632
0.009727
0.008583
0.0412
0.01993
0.009346
0.009727
0.01564
0.0391
0.005531
0.008678
0.007915
0.037
0.02718
0.01059
0.007534
0.01326
0.04168
0.01173
0.007153
0.00782
0.02928
0.0267
0.008011
0.009918
0.008202
0.04253
0.007343
0.01011
0.00782
0.03071
0.03033
0.007629
0.008106
0.01116
0.04902
0.01268
0.008392
0.01192
0.02375
0.04539
0.009155
0.008488
0.008106
0.04454
0.02222
0.00782
0.007057
0.02298
0.05884
0.03242
0.007915
0.009632
0.03681
0.02832
0.007439
0.01335
0.01583
0.0556
0.007057
0.01097
0.009537
0.03204
0.03824
0.01068
0.007534
0.009251
0.06266
0.05569
0.01869
0.009727
0.02394
0.02832
0.007534
0.0102
0.00782
0.033
0.01001
0.00906
0.007915
0.02022
0.03986
0.009537
0.007343
0.01106
0.03233
0.02451
0.005817
0.007439
0.008392
0.03519
0.004578
0.007057
0.009441
0.02785
0.03767
0.009537
0.009441
0.01011
0.05083
0.02308
0.009632
0.01059
0.01698
0.04473
0.00782
0.01163
0.006866
0.02604
0.04578
0.01163
0.007725
0.008774
0.0453
0.0432
0.01011
0.01812
0.01373
0.06676
0.01488
0.01488
0.0104
0.01707
0.05007
0.01154
0.008392
0.008583
0.02308
0.03653
0.006771
0.009632
0.007248
0.03548
0.05398
0.01335
0.005817
0.007153
0.03281
0.02575
0.007725
0.008583
0.0104
0.03529
0.02871
0.01183
0.007629
0.01001
0.0536
0.02747
0.009632
0.01183
0.009632
0.0556
0.01516
0.01221
0.0104
0.01116
0.06008
0.01421
0.0104
0.01154
0.01373
0.04578
0.004959
0.006294
0.00782
0.0205
0.04253
0.01125
0.01078
0.01249
0.02489
0.04425
0.01106
0.01192
0.007534
0.03176
0.02708
0.01001
0.009537
0.007057
0.02251
0.01402
0.004292
0.006485
0.006962
0.04015
0.01383
0.00639
0.008774
0.005436
0.03338
0.01211
0.008202
0.007439
0.005722
0.03471
0.01249
0.01326
0.01011
0.009632
0.04539
0.01698
0.008202
0.01135
0.008297
0.04854
0.008965
0.01011
0.008011
0.01049
0.05159
0.01106
0.008202
0.01278
0.009537
0.05369
0.008202
0.009346
0.01011
0.01469
0.05388
0.01154
0.01049
0.01144
0.02193
0.04358
0.008678
0.01078
0.009632
0.03443
0.06027
0.05655
0.01068
0.01011
0.0371
0.01898
0.007915
0.008869
0.009346
0.0473
0.009632
0.007725
0.007057
0.01812
0.03338
0.008965
0.0103
0.01078
0.02642
0.04597
0.008869
0.01125
0.008106
0.04187
0.02565
0.01116
0.008297
0.009918
0.05283
0.02365
0.009823
0.009727
0.01354
0.05102
0.007057
0.005531
0.003052
0.006771
0.01106
0.006962
0.00782
0.0104
0.03586
0.02747
0.009537
0.01259
0.008106
0.05121
0.008488
0.01316
0.0102
0.02365
0.05178
0.01268
0.01135
0.01421
0.03767
0.037
0.007915
0.01249
0.009823
0.06647
0.02851
0.01287
0.00906
0.03061
0.03319
0.01173
0.01087
0.01144
0.05836
0.02098
0.008392
0.01078
0.02756
0.04845
0.008297
0.008392
0.008583
0.05436
0.01068
0.0104
0.008774
0.02584
0.03281
0.0123
0.0102
0.01135
0.05331
0.01373
0.007915
0.00906
0.03109
0.02975
0.009632
0.01221
0.007343
0.05665
0.01249
0.01135
0.008965
0.03958
0.05226
0.01116
0.009727
0.0104
0.05407
0.01001
0.008297
0.01049
0.03109
0.03586
0.008965
0.0104
0.008297
0.05188
0.01001
0.01125
0.009346
0.02756
0.02775
0.01001
0.009823
0.0104
0.04759
0.01345
0.009155
0.009346
0.01698
0.03996
0.007057
0.01297
0.009441
0.04778
0.01602
0.00782
0.007057
0.01698
0.04015
0.008869
0.006104
0.008392
0.02956
0.01774
0.003719
0.005245
0.003815
0.0248
