0.008965
0.01144
0.02136
0.01297
0.01383
0.009346
0.01421
0.01068
0.009441
0.008583
0.00639
0.008965
0.01173
0.01364
0.01268
0.01287
0.008869
0.01049
0.01173
0.01049
0.01431
0.0103
0.008774
0.005531
0.007725
0.007057
0.008583
0.006104
0.01116
0.01116
0.009441
0.01431
0.01087
0.005913
0.009251
0.02871
0.01106
0.009441
0.006866
0.004959
0.004673
0.006771
0.009441
0.01307
0.01011
0.004768
0.007153
0.003815
0.004768
0.01059
0.005722
0.006008
0.006771
0.006104
0.008965
0.005722
0.01287
0.006866
0.01011
0.008392
0.01078
0.01078
0.009155
0.009251
0.007153
0.0103
0.01001
0.01373
0.008965
0.007915
0.0103
0.008678
0.005531
0.009727
0.01202
0.01097
0.01125
0.01059
0.01249
0.01221
0.00906
0.006962
0.01268
0.009346
0.006771
0.009823
0.006866
0.01049
0.01574
0.01364
0.0104
0.01221
0.01125
0.01163
0.01402
0.02003
0.01736
0.0165
0.01574
0.01221
0.01478
0.01545
0.01926
0.02337
0.02041
0.01211
0.01364
0.01755
0.01326
0.01974
0.01974
0.01535
0.01507
0.01087
0.01078
0.01173
0.01326
0.01583
0.01392
0.01411
0.008202
0.01698
0.008774
0.0123
0.03786
0.0205
0.02289
0.02213
0.0186
0.01278
0.01526
0.01202
0.006485
0.009918
0.00639
0.008392
0.009441
0.006294
0.009441
0.008392
0.007248
0.01364
0.01135
0.0124
0.01183
0.01326
0.01287
0.01392
0.01402
0.01488
0.01249
0.01068
0.009632
0.005817
0.004959
0.005054
0.005436
0.01268
0.008869
0.008869
0.008106
0.008297
0.008297
0.007629
0.007343
0.006294
0.00658
0.00906
0.006199
0.01259
0.00906
0.00658
0.008202
0.008488
0.01631
0.02327
0.02394
0.01945
0.01688
0.01049
0.009537
0.01049
0.01078
0.01707
0.01402
0.0165
0.01478
0.01688
0.01783
0.02136
0.01564
0.01507
0.01736
0.01707
0.01535
0.01307
0.01678
0.01516
0.009918
0.01707
0.01078
0.009346
0.005054
0.01554
0.007534
0.006771
0.007153
0.005627
0.004768
0.006676
0.007343
0.008678
0.004864
0.008202
0.01402
0.008774
0.007153
0.01373
0.01335
0.01345
0.01726
0.0164
0.01602
0.009346
0.007343
0.008869
0.009441
0.005054
0.005245
0.008583
0.0104
0.004673
0.006866
0.004196
0.005054
0.01068
0.005245
0.006294
0.00515
0.005054
0.009346
0.008202
0.00639
0.005722
0.005245
0.007439
0.005054
0.01116
0.00658
0.006294
0.007439
0.0123
0.008297
0.01554
0.01001
0.01011
0.01163
0.009727
0.009632
0.007153
0.01211
0.01068
0.01307
0.007629
0.007057
0.01278
0.01097
0.00515
0.006294
0.006866
0.006771
0.01001
0.006771
0.004482
0.007153
0.00391
0.007534
0.005245
0.006008
0.008106
0.007343
0.005531
0.01011
0.007343
0.006962
0.006771
0.0102
0.01001
0.009727
0.01097
0.01373
0.009727
0.01068
0.0145
0.01383
0.01593
0.01469
0.01822
0.01364
0.01297
0.01307
0.0145
0.01154
0.01669
0.01535
0.01173
0.01411
0.01373
0.01488
0.01879
0.01287
0.01135
0.009346
0.01574
0.01259
0.01354
0.008488
0.01335
0.01783
0.01841
0.02747
0.02937
0.01793
0.04368
0.01822
0.01783
0.01535
0.01507
0.01163
0.01078
0.01125
0.006008
0.01345
0.01097
0.01125
0.005436
0.007248
0.005245
0.009727
0.01001
0.006485
0.0123
0.0124
0.01516
0.0104
0.009823
0.01211
0.007915
0.005913
0.005531
0.01287
0.01125
0.006294
0.008774
0.01268
0.01278
0.0145
0.01001
0.01202
0.01106
0.005341
0.00658
0.008869
0.009632
0.006676
0.01011
0.01078
0.008106
0.01287
0.01516
0.008678
0.009251
0.01135
0.008583
0.007629
0.0145
0.009251
0.01135
0.01459
0.01545
0.01564
0.0165
0.01078
0.02546
0.01421
0.01984
0.02403
0.02232
0.02728
0.02108
0.01812
0.01717
0.01373
0.01411
0.0164
0.01392
0.009918
0.01411
0.01144
0.01001
0.01154
0.01183
0.01106
0.01163
0.0102
0.01087
0.01431
0.07792
0.01383
0.0164
0.01535
0.01621
0.01564
0.01307
0.01621
0.01478
0.007343
0.0617
0.004292
0.00658
0.007725
0.003815
0.007725
0.007439
0.005054
0.005531
0.007439
0.004959
0.008488
0.003815
0.004864
0.003719
0.003147
0.005817
0.006771
0.006199
0.006199
0.01373
0.007057
0.006199
0.006866
0.004673
0.01078
0.005627
0.006485
0.007248
0.007629
0.005341
0.00515
0.008774
0.007343
0.005245
0.006962
0.004864
0.002956
0.006676
0.004864
0.004387
0.008011
0.01011
0.006485
0.01049
0.007629
0.008774
0.0103
0.01726
0.01287
0.00906
0.01183
0.02003
0.01831
0.01411
0.01497
0.01392
0.01612
0.01297
0.01688
0.01221
0.01287
0.01326
0.01106
0.01421
0.01373
0.01087
0.01698
0.01612
0.01421
0.01326
0.01249
0.01411
0.0164
0.01612
0.01183
0.01593
0.01059
0.01421
0.02365
0.01879
0.01087
0.01278
0.01211
0.01106
0.008106
0.008678
0.006008
0.01078
0.008869
0.01106
0.01297
0.01726
0.01259
0.01259
0.0145
0.01411
0.01526
0.00906
0.007057
0.007248
0.008392
0.007057
0.005913
0.008202
0.005817
0.006199
0.00515
0.006199
0.005341
0.008392
0.006008
0.007915
0.004959
0.008678
0.005054
0.006962
0.007153
0.008678
0.007439
0.007057
0.00639
0.006962
0.008202
0.01135
0.008106
0.007057
0.008297
0.008678
0.01097
0.01497
0.01659
0.02346
0.01221
0.01259
0.009441
0.00658
0.00782
0.009251
0.005436
0.007725
0.007439
0.01097
0.01173
0.006199
0.00658
0.005531
0.00782
0.009537
0.01049
0.01192
0.01154
0.01421
0.01507
0.008011
0.008106
0.01135
0.01068
0.01106
0.01488
0.01879
0.02222
0.02375
0.01507
0.01593
0.02289
0.03347
0.02623
0.02403
0.02584
0.01745
0.0145
0.01421
0.01688
0.01249
0.01001
0.009727
0.006771
0.008106
0.008583
0.009155
0.01326
0.009441
0.00906
0.008297
0.01097
0.01221
0.009537
0.01287
0.01307
0.01707
0.02251
0.02308
0.02632
0.08459
0.0246
0.03033
0.01574
0.007629
0.009918
0.006485
0.008869
0.008965
0.006199
0.004292
0.005054
0.005817
0.006104
0.009441
0.01011
0.01154
0.01049
0.02069
0.01278
0.0144
0.009632
0.00906
0.01087
0.009441
0.01097
0.01736
0.01659
0.008965
0.01507
0.008202
0.01307
0.01163
0.007725
0.007057
0.00906
0.0226
0.01297
0.01373
0.01097
0.007725
0.01068
0.008202
0.01431
0.01125
0.01249
0.01268
0.0102
0.007343
0.01144
0.01488
0.01631
0.007343
0.006294
0.02031
0.02508
0.01593
0.01984
0.02298
0.01593
0.01183
0.01783
0.01154
0.009537
0.01068
0.008965
0.009441
0.01431
0.01469
0.0145
0.01335
0.01431
0.01297
0.009251
0.01783
0.01526
0.01287
0.01268
0.008392
0.01087
0.009632
0.007629
0.00906
0.008202
0.01364
0.007915
0.009727
0.01259
0.01068
0.008583
0.01144
0.01097
0.03347
0.05465
0.07114
0.03424
0.03757
0.02604
0.01278
0.005913
0.006199
0.006676
0.003242
0.005436
0.004578
0.004387
0.005436
0.006294
0.005341
0.002861
0.004959
0.006104
0.00639
0.00782
0.007153
0.006008
0.004864
0.006008
0.004864
0.004673
0.005627
0.00639
0.006962
0.008202
0.008488
0.009251
0.007153
0.00658
0.005436
0.008011
0.00639
0.004292
0.003433
0.004387
0.007629
0.007915
0.004959
0.009441
0.008106
0.007439
0.02165
0.02756
0.02584
0.01087
0.008011
0.01078
0.08049
0.007915
0.01478
0.01326
0.01106
0.008678
0.007153
0.01402
0.01764
0.01554
0.0123
0.01125
0.01459
0.0144
0.01078
0.01507
0.02451
0.01993
0.01459
0.01411
0.01745
0.01507
0.01736
0.009346
0.01335
0.009823
0.009251
0.006008
0.008202
0.008392
0.00782
0.007343
0.01173
0.006962
0.007248
0.008869
0.01822
0.02146
0.01945
0.02279
0.02289
0.01392
0.02747
0.02022
0.007057
0.004768
0.005817
0.005341
0.005341
0.009632
0.005245
0.00515
0.00658
0.005436
0.004864
0.004196
0.00515
0.004005
0.004101
0.004768
0.008869
0.007534
0.005913
0.007343
0.0103
0.0104
0.03462
0.01764
0.006008
0.008583
0.009632
0.008869
0.01822
0.02079
0.01049
0.01793
0.0165
0.0104
0.007153
