0.02604
0.02861
0.02346
0.02861
0.02604
0.02861
0.02604
0.02604
0.02346
0.02861
0.02346
0.02861
0.02604
0.02861
0.02604
0.02604
0.02346
0.02861
0.02346
0.02861
0.02346
0.02604
0.02604
0.02604
0.02604
0.02604
0.02346
0.02861
0.02346
0.02604
0.02346
0.02604
2.856
20.58
26.32
28.52
27.0
35.25
39.55
37.94
29.88
28.81
32.57
29.0
10.72
22.19
22.14
19.21
18.58
22.53
24.46
28.08
28.91
31.93
20.9
20.48
21.17
17.97
18.02
15.65
16.02
28.61
39.89
12.55
22.09
18.16
25.34
25.0
30.52
25.15
26.22
24.49
19.14
19.51
17.53
20.58
20.26
12.65
14.48
18.09
19.92
25.05
24.12
16.89
17.68
22.63
23.51
24.78
27.25
29.54
27.78
29.05
20.51
20.09
29.0
26.27
14.65
15.82
15.28
15.26
18.95
18.92
19.53
17.38
17.48
19.02
15.41
13.7
22.66
18.95
19.95
22.51
24.0
23.85
37.3
35.3
17.48
21.39
19.07
17.24
16.19
18.19
9.497
17.94
10.22
24.39
24.37
23.58
26.95
30.52
30.96
31.79
24.19
21.53
26.46
22.46
13.55
18.12
23.85
21.53
21.95
20.46
20.73
18.33
22.09
25.0
16.46
17.04
20.14
14.16
17.99
14.97
11.54
17.46
15.82
14.26
14.31
17.43
14.87
17.19
16.8
24.15
24.27
17.21
16.11
13.09
17.26
16.28
15.43
14.55
13.43
17.75
14.82
18.55
14.4
17.85
21.29
19.38
16.06
11.79
18.26
15.11
15.28
16.43
18.55
18.65
12.41
14.31
15.16
15.01
15.16
14.82
3.693
16.65
15.33
9.912
23.05
21.31
22.75
18.12
14.43
14.16
15.94
16.09
15.72
18.07
17.16
15.41
2.802
0.5798
0.1068
13.38
14.38
16.58
17.21
15.89
18.46
14.67
18.19
19.12
18.19
16.28
16.72
14.04
15.58
12.92
16.43
16.72
16.46
21.56
19.75
13.5
0.7523
0.3929
0.03128
13.26
9.924
14.06
17.29
18.36
20.9
20.87
18.14
16.55
16.53
14.77
15.92
15.16
16.24
17.97
23.12
22.46
15.45
17.77
15.94
17.92
23.17
26.42
13.16
14.18
14.72
15.38
14.6
14.33
14.89
17.26
19.26
17.9
19.92
16.06
16.6
15.6
14.5
15.67
14.21
17.02
15.21
15.31
16.89
18.26
23.02
23.05
17.38
15.67
9.656
9.302
14.31
15.23
18.38
18.75
18.77
12.34
17.36
16.6
17.14
18.92
16.77
15.87
14.87
15.38
14.84
14.67
20.53
20.21
18.48
16.24
10.62
13.5
16.41
15.45
14.92
15.23
14.87
16.19
17.7
21.56
19.04
15.23
16.43
16.46
18.04
17.8
19.85
13.96
14.36
15.75
15.43
15.84
15.19
16.06
8.374
12.72
14.55
17.21
16.55
18.77
19.68
15.53
18.14
23.97
21.22
18.53
14.67
14.53
15.5
16.67
18.95
18.95
15.53
16.82
23.07
23.39
18.95
10.69
0.7042
13.21
13.89
19.17
17.65
16.46
16.31
15.6
15.84
18.02
15.84
17.21
17.11
14.53
13.06
16.7
15.55
15.36
15.92
16.11
14.11
15.04
16.38
15.53
15.48
15.72
15.36
12.12
15.94
16.31
15.55
16.67
16.48
16.53
16.16
15.75
17.33
15.84
15.72
16.11
15.8
15.99
16.38
17.24
17.33
16.53
16.09
16.43
16.28
15.84
15.65
17.14
16.11
15.92
16.58
15.8
15.75
15.77
16.04
16.89
15.58
16.53
16.04
17.11
15.77
15.99
15.67
17.8
16.99
15.55
17.48
16.21
15.94
16.02
15.89
16.94
15.5
16.53
16.11
2.811
1.724
10.02
14.06
10.89
12.06
10.42
13.96
21.61
16.55
15.87
14.87
15.67
15.8
12.45
11.23
14.65
15.48
16.7
14.55
12.39
11.33
12.22
14.16
0.3723
8.838
17.92
15.58
15.65
15.62
15.41
17.26
16.77
16.58
15.36
15.43
15.26
15.77
16.24
15.77
15.36
15.62
16.48
16.11
15.45
15.38
15.45
15.36
15.92
15.33
15.65
15.72
15.67
15.58
15.28
15.8
15.58
15.45
15.28
15.45
15.65
15.65
15.75
15.5
15.72
15.75
16.04
15.28
15.94
16.48
15.77
15.89
15.72
15.72
15.7
15.19
15.43
15.36
12.62
1.849
14.92
12.52
8.789
10.99
13.55
12.82
7.703
16.06
10.93
7.52
7.971
13.45
11.29
14.6
11.55
11.69
15.75
15.38
15.75
14.36
11.17
12.43
13.72
11.32
1.109
16.16
17.11
15.5
15.41
15.28
15.65
16.67
16.16
15.36
15.72
16.02
15.43
15.7
16.21
16.63
15.67
15.97
16.97
16.38
16.14
16.02
16.41
15.67
15.62
16.36
17.5
12.49
36.62
30.91
30.27
21.02
30.66
26.46
28.61
36.47
31.79
27.2
29.39
36.04
31.79
30.76
20.92
36.33
32.37
32.47
22.46
29.98
34.67
29.69
28.66
22.02
37.65
32.28
32.67
18.6
38.38
32.76
33.4
18.14
37.45
32.37
34.52
9.167
27.44
30.76
34.42
36.72
33.84
36.52
35.3
32.62
36.08
37.6
36.13
35.25
36.13
30.57
33.79
36.13
36.08
28.96
37.35
40.92
41.6
36.57
32.32
34.18
21.61
27.59
38.28
37.84
34.62
38.09
37.35
37.55
38.43
37.99
37.4
37.99
38.28
38.28
36.23
35.6
35.06
27.0
39.5
39.79
38.62
35.64
33.74
32.57
15.67
33.11
38.92
37.55
38.53
38.09
38.38
38.53
39.11
38.33
39.4
36.67
38.57
39.06
37.94
38.96
30.32
35.35
35.89
38.04
33.2
30.47
33.3
30.76
13.79
34.18
32.32
36.08
32.57
28.22
30.18
32.91
29.1
30.62
32.76
28.61
29.1
30.47
24.51
30.37
33.01
31.2
28.22
26.22
22.75
16.43
15.62
15.82
21.36
30.96
32.03
29.98
28.03
28.76
28.91
16.8
26.51
14.21
28.91
32.67
30.32
29.15
29.74
31.74
31.74
31.35
32.08
34.13
33.4
34.23
32.52
30.47
30.71
31.69
31.1
31.79
31.54
27.05
34.18
31.79
33.69
32.23
29.0
29.59
28.47
18.04
20.8
19.24
21.22
13.31
22.09
14.18
20.83
21.14
18.48
20.7
21.53
25.34
31.01
28.52
8.96
16.53
19.17
19.85
19.56
20.14
19.17
20.63
24.51
28.66
29.15
29.1
22.97
29.44
27.78
15.28
17.58
16.7
16.19
15.53
19.9
17.72
23.83
30.08
28.03
17.24
16.48
27.98
29.88
23.88
0.9628
0.515
0.03519
0.02804
4.944
13.94
20.7
26.17
27.25
22.22
24.1
27.59
29.93
15.33
25.73
28.22
26.81
16.28
15.48
17.82
20.78
24.56
29.15
27.15
4.974
0.6905
0.09823
0.02928
0.02928
0.03128
0.0267
0.03195
0.02928
0.02861
0.0267
0.02928
0.02804
0.03061
0.02804
0.03061
0.0267
0.02995
0.02737
0.02928
0.02604
9.741
18.82
21.85
20.78
26.46
25.83
26.07
20.73
