0.02346
0.02604
0.02604
0.02604
0.02346
0.02861
0.02346
0.02861
0.02346
0.02861
0.02604
0.02861
0.02346
0.02861
0.02604
0.02604
0.02604
0.02604
0.02604
0.02604
0.02604
0.02604
0.02604
0.02861
0.02346
0.02861
0.02346
0.02604
0.02346
0.02604
0.02346
0.02604
0.02346
3.284
22.61
21.73
21.17
21.88
21.41
18.51
17.48
17.14
16.82
17.99
20.48
19.46
18.26
14.82
14.23
9.985
17.41
20.29
20.34
21.29
20.95
22.8
23.14
24.58
17.14
20.21
22.83
17.14
14.33
22.36
23.78
21.73
20.14
20.73
22.05
22.02
18.38
19.51
23.34
19.02
14.38
15.01
20.31
20.7
20.09
19.46
19.21
21.19
21.56
16.87
17.9
20.36
19.56
12.72
16.11
18.68
19.24
22.36
25.98
25.49
24.49
18.9
19.36
24.05
17.77
15.84
22.83
27.59
20.85
13.09
23.05
23.71
26.81
26.27
25.15
23.85
16.38
17.85
24.07
15.38
0.9354
14.62
22.61
21.97
30.62
31.93
28.91
20.63
20.87
20.58
16.72
16.97
14.09
13.87
11.91
15.75
16.33
19.75
19.43
23.32
11.85
14.36
27.25
27.78
27.59
26.56
26.51
25.59
25.54
24.9
17.14
16.8
21.07
20.7
26.46
16.16
16.94
16.67
19.51
17.7
13.57
16.89
16.06
8.716
22.0
23.46
26.03
28.32
28.61
26.9
21.36
22.58
22.83
11.87
16.89
14.58
12.99
15.04
8.533
3.998
0.1303
0.04425
0.02604
0.02604
0.02604
0.02861
0.02346
0.02604
0.02346
0.02604
0.02346
0.02604
0.02346
0.02604
0.02346
0.02861
0.02346
0.02604
0.02346
0.02861
0.02604
0.02861
0.02346
0.02604
0.02604
0.02604
0.02346
0.02604
0.02604
0.02604
0.02346
0.02604
0.02861
0.03128
0.02346
0.03128
0.02346
0.03128
0.02346
0.02861
0.02604
0.02604
0.02346
0.02861
0.02346
0.02861
0.02604
0.02861
0.02346
0.02861
0.02604
0.02604
0.02604
0.02861
0.02604
0.02604
0.02604
0.02604
0.02604
0.02604
0.02604
0.02604
0.02604
0.02861
0.02346
0.02861
0.02604
0.02861
0.02604
0.02604
0.02604
0.02861
0.02604
0.02604
0.02346
0.02861
0.02346
0.02861
0.02346
0.02604
0.02346
0.02861
0.02346
0.02861
0.02346
0.02861
0.02604
0.02861
0.02604
0.02604
0.02604
0.02604
0.02604
0.02604
0.02346
0.02604
0.02346
0.02604
0.02604
0.02861
0.02604
0.02604
0.02604
0.02861
0.02346
0.02861
0.02604
0.02861
0.02604
0.02861
0.02604
0.02861
0.03128
0.02604
0.02604
0.02861
0.02346
0.02861
0.02604
0.02861
0.02604
0.02604
0.02604
0.02861
0.02604
0.02861
0.02604
0.02604
0.02604
0.02861
0.02604
0.02861
0.02604
0.02861
0.02346
0.02861
0.02346
0.02861
0.02604
0.02604
0.02604
0.02861
0.02346
0.02861
0.02346
0.02861
0.02346
0.02604
0.02604
0.02861
0.02346
0.02861
0.02604
0.02861
0.02346
0.02861
0.02346
0.02604
0.02346
0.02604
0.02604
0.02604
0.02346
0.02604
0.02604
0.02861
0.02346
0.02604
0.02346
0.02604
0.02604
0.02604
0.02346
0.02861
0.02604
0.02861
0.02604
0.02861
0.02604
0.02604
0.02346
0.02861
0.02346
0.02861
0.02346
0.02604
0.02346
0.02604
0.02604
0.6485
11.17
20.61
20.26
20.21
20.65
20.41
23.1
25.59
26.17
24.58
24.76
24.19
23.54
21.7
20.0
20.04
21.73
21.22
23.0
22.8
22.61
24.15
24.15
25.63
25.39
22.83
22.14
19.6
14.09
16.99
29.15
41.11
40.33
29.1
21.44
31.84
31.01
12.72
20.39
31.3
31.93
32.91
33.5
31.45
33.59
37.4
38.82
38.28
36.08
36.57
37.06
35.16
37.3
37.79
37.06
36.08
25.29
13.67
29.83
39.94
39.89
38.43
32.81
31.79
27.64
4.016
36.47
39.6
36.43
35.6
37.26
38.04
40.48
41.16
39.21
37.55
38.72
37.7
38.28
37.11
38.13
36.23
19.58
28.86
41.31
41.26
39.89
20.24
29.35
30.71
19.87
15.55
37.74
34.57
33.98
34.42
35.4
33.4
35.6
37.74
36.38
38.09
39.11
36.13
37.94
36.28
35.21
34.38
33.54
16.41
27.39
39.79
39.7
38.48
28.42
31.3
29.93
7.971
35.35
38.77
35.35
31.88
31.64
31.4
33.11
33.11
34.52
37.99
37.55
36.96
36.08
38.13
37.94
34.86
32.96
32.76
15.92
26.42
37.74
38.23
39.75
33.11
31.84
30.37
8.862
20.61
35.99
37.3
37.7
37.21
34.91
35.64
34.28
35.16
32.91
33.74
35.55
36.28
37.65
36.96
37.45
36.18
37.16
16.7
32.13
37.21
33.84
29.59
25.29
24.54
27.69
26.61
14.67
18.99
37.99
38.09
37.84
36.33
33.94
32.08
33.84
33.4
33.59
34.81
34.96
36.62
32.62
34.52
35.94
35.79
35.64
26.12
21.85
38.92
34.23
34.77
32.62
26.46
27.83
27.69
15.36
20.9
37.26
30.37
36.08
18.16
39.45
37.01
31.25
33.98
32.18
18.58
30.47
32.52
32.32
26.03
29.64
21.61
27.69
35.21
27.0
31.35
18.92
34.91
34.77
27.83
29.25
16.33
32.91
33.2
27.54
31.64
10.67
34.03
35.64
29.88
26.61
27.1
33.5
25.93
33.25
14.97
26.07
32.71
34.52
37.21
37.55
37.45
37.89
34.28
35.45
35.3
36.72
38.87
37.11
35.3
34.38
32.67
33.3
34.57
19.82
32.37
36.82
37.74
39.65
27.73
27.25
28.08
16.75
7.385
31.69
32.42
33.94
35.35
36.28
35.64
36.67
36.47
37.89
37.89
36.52
32.71
30.52
35.06
34.18
37.45
38.38
33.01
24.71
39.01
36.57
38.33
33.11
31.79
32.91
18.41
20.17
34.23
34.18
36.77
39.65
39.55
37.21
35.6
34.57
37.01
39.36
38.87
36.43
32.32
30.03
30.66
32.13
33.4
19.58
12.43
28.81
38.53
39.31
39.26
34.23
31.93
25.59
15.06
32.13
19.41
29.25
17.41
31.25
18.24
35.84
19.58
28.52
18.02
16.94
15.41
17.63
17.87
30.37
28.71
15.23
18.02
15.28
16.26
15.55
16.87
16.87
19.63
19.29
20.34
20.12
27.25
36.77
23.97
24.27
40.19
39.99
38.28
39.4
39.26
38.09
37.21
38.33
37.65
39.11
39.16
39.21
38.67
38.18
36.38
24.0
31.64
38.67
36.96
35.74
32.96
32.28
32.03
17.65
19.48
18.58
19.92
22.44
18.53
19.9
21.19
23.34
21.09
26.37
33.35
28.81
13.04
15.38
15.28
19.17
19.53
19.29
20.87
12.0
33.4
38.18
38.48
36.82
38.53
38.48
36.96
35.55
33.79
33.5
33.3
34.28
35.3
33.15
34.18
37.3
37.35
25.59
27.73
37.99
33.79
34.77
31.79
29.93
29.35
23.07
0.3281
11.91
18.14
12.57
16.28
17.63
16.19
15.16
10.08
9.9
2.194
12.55
0.1511
0.07811
0.03128
0.02604
0.02604
0.02604
0.02604
0.02604
0.02604
0.02604
0.02604
0.02604
0.02604
0.02604
0.02604
0.02604
0.02604
0.02604
0.02604
0.02604
0.02604
0.02604
0.02604
0.02079
0.02604
0.02604
0.02604
0.02604
0.02604
0.02079
0.03128
0.02604
0.02604
0.02604
0.02604
