0.1688
0.211
0.2029
0.4578
0.2007
0.102
0.08478
0.238
0.2316
0.2468
0.3876
0.1629
0.1511
0.1482
0.0
0.0
0.0
9.537e-05
0.0
0.005054
0.1469
0.1574
0.1722
0.214
0.4372
0.06704
0.1081
0.08955
0.2636
0.1869
0.1598
0.1583
0.3342
0.1602
0.7706
0.9003
1.001
0.8713
0.7675
0.5966
0.8331
0.885
0.7828
0.8911
0.9521
1.057
6.091
2.109
3.247
1.941
1.26
0.2342
0.3025
0.2106
0.1177
0.06943
0.1738
0.3101
0.1631
0.3654
0.05989
0.1083
0.09317
0.2827
0.1221
0.5829
0.8408
0.8484
0.753
0.8865
0.9583
0.9964
0.9659
0.9583
1.003
3.583
3.024
1.733
3.308
1.73
0.9201
0.1781
0.3635
0.6981
0.6477
0.7492
0.8041
0.8514
0.8987
0.9766
0.8469
0.9003
0.9933
5.084
2.448
1.489
2.859
1.801
0.8698
0.1398
0.1051
0.08211
0.2659
0.4585
0.1751
0.399
0.9125
1.001
0.8759
0.8804
0.8408
0.9842
1.035
1.019
0.9674
5.408
1.953
3.049
1.755
0.6943
0.4707
0.2598
0.189
0.4761
0.4395
0.3365
0.2979
0.2502
0.1209
0.06409
0.1022
0.2937
0.1442
0.6226
0.2991
0.07124
0.1051
0.06266
0.2285
0.2048
0.4547
0.2625
0.2014
0.1169
0.06638
0.1066
0.3304
0.05245
0.8972
0.9018
1.009
1.074
0.9369
0.9506
1.031
1.027
1.057
1.024
4.12
2.451
1.575
2.951
1.158
0.8865
0.3624
0.3597
0.2277
0.4234
0.1059
0.0
0.06695
0.5531
0.1968
0.1057
0.06733
0.102
0.2659
0.1192
0.4623
0.428
0.3727
0.05836
0.1152
0.07944
0.2293
0.1968
0.0001907
0.0001907
0.0
0.0102
0.3853
0.2178
0.1167
0.05598
0.1932
0.2804
0.08879
0.3437
0.4585
0.293
0.1009
0.07391
0.06428
0.2609
0.1732
0.2319
9.537e-05
0.0
0.0
0.0
0.0
0.0
0.0
0.009155
0.4471
0.3025
0.06628
0.08917
0.06056
0.272
0.1474
0.2205
0.1842
0.128
0.1158
0.4066
0.4066
0.3765
0.1251
0.09041
0.06676
0.2163
0.2281
0.0005722
0.0
0.0003815
0.0
0.002575
0.2075
0.4738
0.1339
0.4196
0.194
0.3059
0.2365
0.08278
0.06847
0.08259
0.2861
0.3304
0.198
0.1093
0.0699
0.2064
0.2182
0.02098
0.0
0.0
0.0
9.537e-05
0.0
0.0
0.02584
0.2098
0.2373
0.4128
0.06037
0.1202
0.07753
0.3223
0.3998
0.2636
0.1163
0.05846
0.1991
0.2258
0.1186
0.1844
0.0
0.0
0.0
0.0
0.0001907
0.0
0.0
0.00639
0.3654
0.3227
0.06161
0.1236
0.08106
0.2579
0.1999
0.3178
0.2983
0.0494
0.09899
0.06247
0.2193
0.309
0.2872
0.0618
0.09565
0.07648
0.2438
0.1907
0.0002861
0.0001907
0.0
0.0
0.01841
0.547
0.2007
0.396
0.04129
0.1162
0.06981
0.2254
0.2197
0.5737
0.1944
0.1038
0.05703
0.1863
0.256
0.1461
0.001049
0.0
0.0
0.0
0.0
0.0
0.0
0.0
0.00782
0.1806
0.6203
0.186
0.09995
0.06771
0.2094
0.2384
0.2743
0.2377
0.1242
0.07133
0.2197
0.2571
0.4196
0.04187
0.1085
0.05703
0.2323
0.2281
0.0001907
0.0
0.0
0.06638
0.4128
0.05751
0.1171
0.08068
0.251
0.3166
0.2743
0.107
0.0617
0.2285
0.2483
0.1369
0.1268
0.4417
0.08554
0.1356
0.07877
0.2426
0.2197
0.1352
0.7233
0.8331
0.8438
0.8316
0.9201
0.8102
1.024
1.006
0.975
0.7469
0.8072
0.8057
0.779
0.7843
0.7401
0.8606
0.8789
0.943
0.9521
0.8942
0.9308
1.044
0.9857
0.9872
0.7889
0.7843
0.8118
0.8453
0.8286
0.8179
0.8408
0.9308
1.111
0.8804
0.9033
0.8667
1.006
0.8713
0.9537
0.9827
0.9262
0.9003
0.9399
3.76
6.677
5.359
2.499
5.585
5.585
6.677
4.016
6.049
4.443
5.78
5.762
5.64
4.736
3.674
3.174
2.518
2.097
2.161
0.6882
1.112
0.9354
0.9949
0.8118
0.9399
0.8926
0.9613
1.048
1.006
1.038
0.8896
0.8179
0.9308
0.9521
0.9079
0.9689
0.7744
0.8652
0.9125
0.8942
0.882
0.9766
0.9262
0.9491
0.9552
0.9613
0.9384
0.9338
0.8957
1.028
0.9277
0.8865
1.024
0.9201
0.8804
0.9018
0.9842
0.856
0.9644
0.9766
1.047
0.9995
3.29
6.506
5.695
4.144
3.143
5.206
7.312
4.938
6.262
5.518
4.413
6.36
6.714
4.572
3.796
3.198
2.316
1.237
2.209
1.862
0.6844
1.024
1.036
0.9796
0.8728
0.8102
0.8606
0.9354
0.853
0.8774
0.7904
0.8362
0.7614
0.9003
0.885
0.8087
0.7919
0.9277
0.9369
0.9918
1.035
0.9109
0.9964
0.9613
1.01
1.77
1.816
1.672
1.12
0.9491
0.8499
0.9827
0.9384
1.01
1.144
1.292
1.459
1.274
1.488
5.457
7.288
4.163
4.358
6.665
8.838
5.304
6.384
5.408
5.56
6.396
4.382
4.987
3.986
2.682
1.599
0.9384
1.183
1.343
4.419
2.341
0.943
0.1698
0.1154
0.2983
0.1509
0.8926
1.421
2.618
4.211
0.8621
0.6386
1.244
1.224
2.881
3.314
0.9476
0.4097
1.009
1.173
1.241
4.468
2.283
0.9399
0.7919
1.135
2.887
4.138
1.053
0.2911
0.141
0.1286
0.3719
0.4181
0.9628
1.157
2.286
4.767
1.804
0.2449
0.9949
1.346
2.271
3.375
1.642
1.045
0.3105
0.1877
0.08936
0.1101
0.3712
0.07524
0.8774
0.8636
0.972
1.033
0.8942
0.9003
0.946
0.8942
1.028
1.709
2.051
2.176
2.356
2.386
2.328
2.371
2.484
2.328
1.959
1.865
1.733
1.956
1.794
1.999
2.127
1.907
6.073
12.12
9.68
11.13
9.436
8.191
8.667
4.993
3.87
2.908
1.515
2.289
2.625
2.53
2.35
2.527
2.472
2.448
2.42
2.069
2.386
2.136
2.069
2.231
2.563
2.524
2.078
1.868
1.782
2.261
5.585
10.64
9.753
10.53
9.363
8.569
7.495
7.593
5.67
3.217
3.174
0.9079
2.783
0.2785
1.541
0.3338
0.1957
0.1431
0.2075
0.2693
0.6271
2.368
0.5371
0.6172
2.46
0.4425
0.5081
2.1
0.5844
0.002766
0.4333
1.402
0.1484
0.2571
0.1131
0.1011
0.3815
0.4219
1.343
1.399
0.3475
1.733
0.1709
1.599
1.688
2.103
2.008
2.106
1.947
1.672
2.051
1.813
1.825
1.703
1.39
1.248
1.721
1.712
1.611
2.011
2.002
1.923
1.819
1.901
2.045
1.953
1.703
3.912
7.825
3.607
6.012
5.225
9.583
6.555
5.713
6.494
7.214
4.889
3.912
3.998
2.579
1.416
3.265
0.5051
0.4883
0.2663
0.1223
0.06571
0.1076
0.3551
0.14
0.5043
0.5096
0.3242
0.2079
0.4967
0.4196
0.3937
0.3647
0.3208
0.1429
0.5928
0.201
0.4333
0.4013
0.301
0.3468
0.2941
0.3166
0.1732
0.2911
0.3284
0.396
0.2365
0.1602
0.1528
0.07248
0.1898
0.3502
0.499
0.4303
0.317
0.4433
0.3002
0.3124
0.3551
0.149
0.1215
0.08869
0.2571
0.2087
0.3502
0.4402
0.3525
0.3136
0.0
0.0
0.0
0.0
0.0
0.0
9.537e-05
0.0
9.537e-05
0.0
0.0
0.0
0.0
0.0
0.0
0.0
0.0
0.0
0.0
0.0
0.0
0.05751
0.9796
0.4219
0.4257
0.8148
0.2716
0.09394
0.1009
0.06189
0.08087
