0.0
0.0
2.835
0.001431
0.001907
0.0009537
0.001621
0.002193
0.002098
0.001526
0.0009537
0.0009537
0.001812
0.003147
0.001526
0.0009537
0.0008583
0.0009537
0.001049
0.001717
0.001335
0.001049
0.003719
0.002193
0.001049
0.001431
0.0006676
0.001335
0.002098
0.002766
0.002098
0.002193
0.0007629
0.00124
0.001144
0.001526
0.0009537
0.001907
0.001144
0.001717
0.001431
0.001335
0.0008583
0.001526
0.001526
0.001049
0.0009537
0.0009537
0.00248
0.003052
0.001431
0.0008583
0.002193
0.001526
0.0007629
0.0008583
0.0009537
0.008392
0.003815
0.0
