0.2476
0.1722
0.186
0.2583
0.3735
0.3273
0.2766
0.2739
0.2319
0.3754
0.1701
0.367
0.3536
0.2956
0.1575
0.0006676
9.537e-05
0.0
0.0002861
0.0
0.0
0.186
0.03166
0.2068
0.3201
0.3677
0.3429
0.259
0.2193
0.3647
0.3838
0.1547
0.4997
0.2411
0.2804
0.3395
0.1331
0.1028
0.0002861
9.537e-05
0.0
9.537e-05
0.0
0.1574
0.1123
0.1392
0.2274
0.238
0.2861
0.2914
0.1949
0.2304
0.1463
0.3819
0.1951
0.3868
0.3048
0.144
0.3651
0.2701
0.181
0.1509
0.3216
0.219
0.2499
0.6012
0.3689
0.02546
0.06113
0.0452
0.04473
0.2502
0.3159
0.02346
0.008297
0.007153
0.9048
0.4776
0.4242
0.3277
0.1915
0.2056
0.206
0.2247
0.1863
0.2323
0.2029
0.2197
0.2235
0.2056
0.2182
0.2087
0.1854
0.2113
0.428
0.8224
1.314
0.8682
0.2308
0.6126
1.207
0.8926
0.3937
0.3632
0.3685
0.4723
0.4372
0.6035
0.7538
0.8026
0.6859
0.6767
0.145
0.00639
0.008583
1.337
5.798
4.144
3.503
3.339
3.833
2.194
0.0392
0.444
0.4257
0.0493
0.03824
0.06142
0.04911
0.4868
0.1656
0.01965
0.02403
1.17
0.5753
0.4143
0.2399
0.2995
0.3067
0.2502
0.2735
0.2659
0.2918
0.2525
0.2945
0.2964
0.2544
0.3025
0.4959
0.9171
1.448
1.543
1.506
0.9018
0.6271
0.5119
0.4616
0.5409
0.4669
0.8911
0.8499
0.8591
1.009
0.47
0.01326
0.008965
2.182
5.383
4.187
3.699
4.419
4.089
0.0006676
0.04969
0.8926
0.01354
0.06952
0.035
0.03605
0.2708
0.3189
0.01736
0.01278
0.00124
1.033
0.4791
0.4471
0.2235
0.2296
0.3002
0.2335
0.2823
0.251
0.2415
0.2438
0.256
0.2251
0.2522
0.1778
0.2327
0.4089
0.8759
1.285
1.167
1.295
1.459
0.5516
0.3578
0.4692
0.5127
0.5386
0.7072
0.8209
0.6767
0.7759
0.6371
0.01183
0.01411
0.02813
5.035
4.443
4.047
3.815
4.333
2.097
0.04864
0.5081
0.428
0.06142
0.0411
0.05589
0.03443
0.4082
0.04473
0.0123
0.01087
0.6462
0.6325
0.5882
0.1839
0.1907
0.2064
0.2571
0.1987
0.2113
0.2151
0.2422
0.2365
0.2548
0.2357
0.235
0.2136
0.2724
0.9247
0.9628
1.201
1.089
1.218
1.031
0.6058
0.4349
0.399
0.4753
0.4089
0.5486
0.8362
0.9262
0.8942
0.5424
0.008965
0.01154
0.3105
5.627
4.291
4.187
3.296
4.181
2.17
0.03452
9.537e-05
0.0004768
0.0
0.0
0.0001907
9.537e-05
0.0
0.0001907
0.0
0.0
0.0
0.0
0.0
0.0
0.0
0.0
0.0
0.0
0.0
0.0
0.0
0.0002861
0.0
0.0002861
0.0
9.537e-05
0.0
0.0
0.0
0.0
0.0
0.0
0.0
0.0
0.0
0.0
0.0
0.0
9.537e-05
0.0
0.0
0.0
0.0
0.0
0.0
0.0
0.0
0.0
0.0
0.0
0.0
0.0
0.0
0.0
0.0
0.0
0.0
0.0
0.0
0.0
0.0
9.537e-05
0.0
0.0
0.0
0.0
0.0001907
0.0
0.0
0.0
0.0
0.0
0.0
0.0
0.0
0.0
9.537e-05
0.0
0.0
0.0
0.0
0.0
0.0
0.0
0.0
0.0
0.0
0.0
0.0
0.0
0.0
0.0
0.0
0.0001907
9.537e-05
0.0
0.0
0.0
0.0
0.0
0.0
0.0
0.0
0.0
0.0
0.0
9.537e-05
0.0
0.0
0.0
9.537e-05
0.0
0.0
0.0
0.0
0.0
0.0
0.0
0.0
0.0
0.0
0.0
0.0
0.0
0.0
0.0
9.537e-05
0.0
0.0
0.0
0.0
0.0
0.0
0.0
0.0
0.0
0.01707
1.077
0.415
0.4288
0.5371
0.3345
0.4829
0.5905
0.6271
0.4982
0.399
0.341
0.3185
0.3914
0.3242
0.3277
0.3387
0.3624
0.3246
0.3384
1.289
1.363
2.554
1.491
0.5165
0.4623
0.5501
0.6081
0.6889
0.6401
0.9338
0.3967
0.06151
0.01173
8.301
10.68
3.888
0.04301
0.01526
0.9491
0.3719
0.4974
0.5112
0.3407
0.4509
0.6294
0.6256
0.4707
0.3822
0.304
0.3338
0.3811
0.4005
0.3639
0.3277
0.3632
0.3166
0.3185
1.247
1.3
1.715
1.959
0.547
0.5623
0.5333
0.5608
0.6454
0.8087
0.8682
0.65
0.2201
0.01316
0.0124
6.604
10.41
7.214
0.214
0.004768
0.01431
1.091
0.3021
0.4166
0.4829
0.2708
0.3059
0.4425
0.4372
0.4967
0.3922
0.296
0.293
0.2731
0.2888
0.2533
0.2762
0.3242
0.2361
0.2602
0.2621
0.7919
1.755
1.746
1.515
0.5219
0.4868
0.4471
0.5142
0.4303
0.4692
0.7057
0.8133
0.9689
0.3277
0.01049
0.0144
2.438
10.95
8.032
2.53
0.02012
0.07935
0.9903
0.3983
0.4143
0.4608
0.2182
0.2789
0.4776
0.5112
0.5142
0.3975
0.2892
0.2796
0.2571
0.2621
0.2926
0.256
0.3326
0.2956
0.2964
0.3212
1.605
1.682
1.413
1.295
0.3651
0.3662
0.386
0.4349
0.4921
0.4471
0.6203
0.6981
0.7111
0.2407
0.01211
0.01459
3.839
10.95
7.715
3.162
0.02394
0.01669
0.7004
0.4227
0.3525
0.3101
0.4799
0.2483
0.3456
0.4341
0.4135
0.4395
0.3048
0.2274
0.2426
0.2285
0.3078
0.2617
0.2831
0.3082
0.256
0.3078
0.2716
0.288
0.3578
1.477
1.059
1.294
0.9506
1.193
0.3479
0.3475
0.3525
0.4532
0.4967
0.4295
0.5882
0.9445
0.7553
0.2678
0.01068
0.01211
3.082
10.34
9.143
2.597
0.02861
0.001907
9.537e-05
0.0
0.0
0.0
0.01307
0.06285
0.9842
0.3605
0.3696
0.4784
0.2773
0.3365
0.5112
0.4364
0.4219
0.338
0.2831
0.2316
0.238
0.2388
0.2308
0.2819
0.2476
0.2499
0.2354
0.2518
0.2682
0.6973
1.138
1.758
1.77
1.311
0.3895
0.3868
0.4631
0.5363
0.5074
0.4639
0.6851
0.7935
0.6866
0.267
0.01316
0.01297
7.959
11.17
4.657
0.1911
0.001621
0.01469
0.9521
0.3761
0.4318
0.4646
0.3304
0.267
0.4906
0.5981
0.5287
0.4227
0.351
0.3342
0.288
0.2796
0.267
0.2594
0.2819
0.2422
0.2682
0.3147
0.3002
1.036
1.064
2.069
1.797
0.5608
0.3548
0.3754
0.4166
0.399
0.4456
0.4852
0.6996
0.885
0.4318
0.08678
0.01431
4.822
11.25
8.301
1.289
0.01011
0.02089
0.8224
0.383
0.4303
0.5089
0.2491
0.272
0.4265
0.5371
0.4997
0.3899
0.2712
0.2495
0.2316
0.2193
0.2254
0.2602
0.2434
0.2625
0.2754
0.256
0.2674
0.2621
1.642
1.241
2.072
1.546
0.4608
0.4616
0.4707
0.515
0.4944
0.7431
0.7919
0.6714
0.2438
0.01202
0.8499
9.302
9.351
5.493
0.04339
0.003433
0.02213
0.8423
0.3975
0.3597
0.5302
0.3513
0.3139
0.5623
0.4478
0.5348
0.4303
0.2857
0.264
0.2445
0.2689
0.2605
0.2766
0.2956
0.2979
0.2735
0.2991
0.4654
1.477
1.303
1.794
1.303
0.3765
0.3494
0.3551
0.4211
0.4105
0.4402
0.7065
0.6729
0.7622
0.2663
0.01087
0.3494
9.656
8.423
4.321
0.02499
0.01431
0.8362
0.3651
0.4387
0.486
0.272
0.2811
0.515
0.6454
0.5806
0.4227
0.3494
0.2552
0.2541
0.2598
0.2602
0.267
0.2571
0.2823
0.3014
0.3231
1.073
1.077
1.782
1.315
1.476
0.4684
0.4219
0.4662
0.5035
0.444
0.6393
0.6142
0.7172
0.2388
