16.97
20.39
18.65
19.36
19.87
20.31
23.39
19.41
19.68
14.18
18.38
18.04
11.32
12.41
11.52
10.53
11.6
14.84
14.48
13.35
9.68
14.55
15.21
15.77
15.04
17.94
17.24
14.16
15.55
17.19
19.48
24.29
24.8
25.93
23.66
19.21
14.48
18.16
13.16
10.17
8.972
12.52
12.52
12.82
14.43
16.09
15.01
15.67
15.58
16.92
15.45
16.97
15.75
16.26
17.92
22.83
21.41
20.39
18.16
18.26
18.87
20.34
15.58
15.43
15.14
15.45
16.14
16.63
13.62
10.08
13.65
14.72
16.85
21.14
16.31
16.92
19.6
21.75
22.05
22.9
16.04
18.31
19.43
13.26
10.97
12.52
8.899
11.19
14.75
15.6
11.47
14.94
12.49
12.04
14.33
16.24
14.31
16.72
18.16
18.43
18.77
19.07
21.95
24.05
22.58
21.63
17.43
17.02
17.75
20.9
19.24
16.72
20.39
16.55
14.67
16.48
15.16
20.02
22.78
24.66
15.58
16.48
13.33
16.6
18.92
19.8
18.21
14.01
10.52
10.79
9.448
9.326
10.46
15.33
10.6
10.93
10.36
10.77
9.924
10.19
9.045
9.546
10.5
12.16
15.48
22.17
23.73
22.41
23.75
23.51
22.14
20.02
21.19
21.88
20.07
17.94
18.75
21.66
20.09
19.68
19.14
18.68
15.43
17.55
8.997
9.033
10.67
11.11
9.351
12.4
10.61
12.96
13.92
12.77
15.23
11.93
11.93
12.18
13.7
13.43
12.74
16.24
13.38
16.41
21.51
17.02
20.53
18.38
16.46
18.82
19.41
17.26
12.79
12.33
17.94
17.92
20.97
23.46
24.12
21.34
22.29
18.12
21.26
14.6
16.82
17.77
15.01
15.55
16.48
19.02
18.29
12.38
12.44
15.31
14.11
14.58
15.43
21.36
21.31
18.19
21.0
19.14
13.6
13.77
15.67
15.72
14.72
12.22
9.949
14.33
10.53
9.973
10.38
8.911
11.13
9.851
11.45
11.57
13.33
14.87
15.26
18.04
15.97
16.67
20.87
22.71
19.56
20.29
19.82
20.36
18.51
18.38
17.21
16.94
16.19
16.99
15.04
15.38
17.7
14.45
12.52
10.5
13.53
15.84
15.87
19.43
18.9
18.85
19.31
21.51
19.04
19.07
20.31
17.38
16.58
15.14
15.45
15.55
18.58
16.6
15.55
18.97
16.65
16.19
16.43
15.01
16.7
20.14
17.63
18.16
18.24
17.63
18.48
17.77
22.09
22.02
17.77
18.41
20.19
18.19
21.04
18.95
16.65
16.92
15.5
15.8
15.72
17.09
18.12
16.63
16.46
17.82
15.72
17.09
14.67
12.84
12.94
16.5
18.99
20.61
22.66
21.46
22.53
21.31
15.45
18.21
21.12
19.02
24.93
22.29
20.56
20.26
18.6
18.48
19.56
20.26
20.26
19.56
23.12
20.8
20.46
20.65
20.56
19.48
16.72
18.12
19.87
17.94
16.89
18.75
18.07
16.55
15.58
16.31
17.5
16.43
17.87
15.87
13.62
15.31
13.84
17.53
15.72
15.09
16.92
17.09
15.65
16.87
17.07
16.82
16.38
17.5
19.38
14.94
13.67
16.77
17.02
14.87
12.13
13.94
12.89
12.82
13.45
15.45
11.56
15.84
17.36
20.63
17.9
19.63
20.56
22.73
22.49
24.05
26.12
22.41
15.77
18.31
19.63
18.38
14.45
15.65
22.19
14.5
10.77
10.75
9.802
9.839
9.753
10.66
10.95
16.36
17.16
17.02
17.72
16.5
16.41
18.14
15.41
14.75
11.78
12.46
14.4
12.3
15.28
13.55
14.87
13.87
13.72
13.18
11.18
8.997
9.766
9.302
14.38
12.96
16.19
18.77
18.95
21.88
19.31
18.6
17.99
17.41
17.92
19.19
17.82
16.55
17.02
16.14
16.09
15.94
14.55
13.79
7.434
8.533
9.619
13.45
14.99
19.31
20.87
21.07
20.51
14.09
15.55
13.48
16.04
17.36
16.11
16.26
17.6
16.72
17.99
18.12
18.95
16.48
15.55
15.16
14.53
15.84
20.21
15.11
14.84
13.11
15.53
18.02
15.23
16.11
14.45
15.55
15.41
13.84
14.26
17.65
15.72
14.77
18.48
17.21
20.24
16.82
13.11
13.92
15.67
9.814
7.251
7.642
8.667
11.21
13.89
14.18
14.4
14.36
16.87
15.01
12.74
14.21
12.89
12.6
13.7
11.35
11.05
11.08
12.41
11.82
11.43
12.08
11.68
11.04
10.84
14.87
16.41
21.14
22.58
22.46
20.7
20.8
18.53
16.72
17.5
16.21
17.09
19.36
16.89
17.9
17.75
20.26
17.7
19.65
18.63
18.68
19.51
19.63
17.21
16.92
19.8
17.11
19.51
23.05
20.09
17.97
18.65
18.6
17.31
17.21
18.97
19.9
18.99
19.9
19.04
19.78
18.12
16.87
18.12
15.82
16.19
12.6
14.36
14.04
18.7
18.8
19.6
19.48
22.34
22.46
21.61
18.31
15.26
16.24
14.79
12.29
17.02
15.53
13.96
12.7
17.5
14.11
16.94
17.7
12.62
10.31
9.534
10.85
12.08
10.9
11.55
12.92
15.75
17.46
20.24
21.29
21.48
23.05
18.7
20.48
22.34
20.31
17.9
14.38
13.18
15.58
15.58
14.84
14.14
15.14
16.26
17.43
16.97
17.8
20.7
22.19
20.87
19.29
18.48
18.85
14.18
16.43
17.02
16.89
16.89
15.62
16.26
14.62
15.8
17.36
18.31
15.82
17.24
20.04
17.21
20.19
15.97
16.28
14.14
14.5
16.19
14.75
14.26
13.65
10.53
12.35
11.35
17.65
16.58
9.863
8.484
14.26
13.55
12.77
13.87
15.87
12.52
12.96
14.14
18.58
13.94
15.84
15.19
18.99
20.8
23.61
24.0
23.54
21.09
20.58
17.24
22.24
20.61
21.22
22.68
22.05
22.39
24.22
21.56
18.97
14.04
15.87
13.92
15.6
17.16
18.16
21.24
18.63
21.83
23.83
21.26
20.04
17.82
14.48
14.97
15.06
13.33
13.99
14.87
13.38
12.17
11.94
13.77
12.32
12.84
11.21
9.998
13.11
12.92
15.21
15.75
18.75
22.51
22.49
19.73
20.04
19.41
20.92
20.68
22.92
18.85
17.29
16.46
16.87
17.38
17.09
11.35
11.25
11.44
6.213
6.873
11.58
12.6
15.89
15.94
17.94
19.31
17.19
16.65
15.33
13.89
15.77
19.8
21.04
19.92
21.39
23.02
20.83
20.09
19.82
18.19
16.09
15.89
14.23
14.04
16.26
12.48
14.58
16.99
17.38
15.87
21.02
18.31
20.92
18.43
18.24
17.33
21.26
19.14
18.48
17.21
22.53
21.97
14.14
13.43
12.29
14.11
11.21
14.87
19.56
21.29
21.02
20.73
16.94
14.62
24.61
18.43
13.89
13.38
9.009
8.777
8.679
10.42
8.569
7.605
8.203
10.86
8.704
8.972
10.06
11.84
12.87
12.77
16.55
15.72
18.48
17.55
19.8
21.95
20.97
22.51
18.58
17.63
17.7
16.85
19.24
18.51
19.95
14.31
11.33
14.45
20.75
