9.766
10.02
10.07
10.07
10.18
10.46
10.75
11.01
10.89
10.28
10.27
9.985
9.9
9.924
10.12
10.4
10.53
10.69
10.74
10.85
10.88
10.88
10.89
10.71
10.85
11.15
11.11
11.12
11.23
11.21
11.19
11.12
11.15
11.17
11.19
11.1
11.32
11.55
11.63
11.57
11.65
11.23
11.11
10.83
11.0
11.18
11.08
11.19
11.12
11.15
11.06
10.94
10.94
11.22
10.62
10.69
10.56
10.66
10.53
10.77
10.56
10.62
10.58
10.78
10.9
10.8
10.73
10.82
10.66
10.28
10.46
10.47
10.57
10.94
14.99
15.5
15.53
15.53
15.89
15.62
14.55
14.58
14.5
14.04
14.01
13.6
13.72
13.79
13.96
13.96
13.99
14.04
14.16
14.38
14.21
14.16
14.21
14.36
14.4
14.36
14.36
14.23
14.26
13.84
13.65
13.45
12.82
12.92
13.01
12.87
12.94
12.89
13.06
13.23
12.92
12.62
12.77
12.52
11.9
11.72
11.71
11.84
11.84
11.68
11.68
11.82
11.85
11.65
11.65
11.65
11.71
11.83
12.22
12.06
12.04
12.19
12.29
12.38
11.96
11.85
11.89
11.84
11.99
12.22
12.17
12.12
12.3
12.22
12.22
12.33
12.45
12.7
12.6
12.7
12.79
12.89
12.84
12.79
12.72
12.45
12.26
12.3
11.85
12.06
12.02
12.19
12.35
12.35
12.18
12.07
12.32
12.26
12.12
12.37
12.43
12.02
12.19
11.83
11.76
11.82
11.83
11.94
12.16
11.9
12.08
11.94
11.35
11.43
11.35
11.1
11.17
11.06
11.18
11.12
11.05
11.1
10.84
10.67
10.61
10.47
10.51
10.75
10.77
10.71
10.99
10.62
10.35
10.47
10.95
10.51
10.63
10.72
10.55
10.77
10.49
10.53
10.58
10.69
10.67
10.74
10.67
10.84
10.86
10.96
10.94
11.11
10.9
10.93
11.06
11.1
11.4
11.15
11.23
11.06
10.5
10.5
10.86
10.68
10.49
10.51
10.49
10.67
10.6
10.53
10.22
10.12
9.485
9.546
9.766
10.79
10.18
10.19
10.19
9.753
9.888
10.07
10.16
10.13
10.19
11.32
10.69
10.31
10.29
10.55
10.86
10.28
10.3
10.28
10.17
10.13
10.21
10.5
10.47
10.28
10.35
10.56
10.55
10.89
10.95
11.0
10.5
10.52
10.78
10.85
11.04
11.33
11.25
11.24
11.07
11.06
11.1
11.21
11.3
11.25
11.46
11.21
11.06
11.19
11.5
11.51
11.66
11.25
10.99
10.9
11.08
11.13
11.18
11.18
11.01
10.67
10.6
10.53
10.47
10.8
10.72
11.04
10.68
10.51
10.5
10.68
10.36
10.1
10.19
10.33
10.57
10.44
10.36
10.1
10.1
10.29
10.47
10.58
13.35
14.4
14.36
14.36
14.38
14.16
14.06
14.04
14.45
14.01
14.11
14.14
13.96
14.04
14.18
14.26
14.36
14.36
14.26
14.21
14.36
14.55
14.55
14.55
14.75
14.43
13.92
13.57
13.57
13.57
13.67
13.4
13.4
13.57
13.6
13.84
13.7
10.96
10.85
10.74
11.27
10.49
10.49
10.49
10.61
10.52
10.67
10.67
10.6
10.47
10.61
10.82
10.9
11.11
10.68
10.73
10.77
10.63
10.47
10.84
10.85
11.21
11.32
11.24
11.27
11.05
11.43
11.61
11.74
11.82
11.78
11.24
11.39
11.28
11.3
11.44
11.6
11.44
11.57
11.76
12.05
11.65
11.8
11.83
11.83
11.9
11.67
11.44
11.52
11.71
11.84
11.63
12.02
11.65
11.69
11.29
10.67
10.67
10.77
10.52
10.61
10.12
10.31
10.52
10.47
10.64
10.53
10.51
10.49
10.67
10.66
10.61
10.61
10.78
10.66
10.67
10.84
11.05
11.05
11.05
10.85
10.73
10.73
10.91
10.21
10.34
10.63
11.04
10.91
12.27
11.29
10.57
10.49
10.61
10.69
10.67
10.78
11.02
10.84
10.69
10.86
10.94
11.19
11.49
11.43
11.35
11.43
11.08
11.27
11.1
11.16
10.89
11.02
11.23
11.21
11.21
11.12
10.67
10.86
10.74
10.86
10.93
10.89
10.47
10.49
9.961
9.961
10.08
10.22
10.34
10.36
10.52
10.46
10.27
10.01
10.25
10.42
10.31
10.28
10.55
10.71
10.71
10.85
10.88
11.16
11.12
11.02
10.51
10.39
10.35
10.86
11.12
11.19
11.4
11.16
11.24
11.16
10.79
10.75
10.84
11.0
11.24
11.13
11.15
11.24
11.36
11.46
11.46
11.32
11.43
11.44
11.39
11.61
11.44
11.51
11.54
11.58
11.74
12.01
11.99
11.68
11.68
11.89
11.44
11.52
11.67
11.91
12.02
11.55
11.18
10.88
10.99
11.21
11.39
11.21
11.1
10.74
10.71
10.77
10.86
10.86
10.93
10.71
10.68
10.86
10.74
10.88
10.62
10.53
10.66
10.36
10.47
10.47
10.47
10.6
13.16
13.62
13.77
13.48
12.3
11.72
10.96
10.33
9.888
9.912
9.937
9.998
9.998
9.998
9.924
9.9
10.08
9.937
10.13
10.28
10.28
10.47
10.62
10.78
10.96
11.13
11.33
10.99
10.99
10.58
10.1
10.17
10.08
10.23
9.888
9.9
10.07
10.35
9.583
9.521
8.984
9.033
9.119
9.18
9.314
9.375
9.509
9.546
9.79
9.705
9.863
9.949
9.9
9.961
9.839
9.888
10.01
9.583
9.705
9.778
9.839
10.17
10.34
10.47
11.07
10.62
9.79
9.827
10.06
10.56
10.66
12.38
11.94
11.76
11.19
11.25
11.06
11.06
10.91
10.94
11.19
11.25
11.33
11.43
11.08
11.1
11.35
11.56
12.4
11.06
11.21
10.93
10.99
10.97
10.63
10.72
10.29
10.68
10.82
10.88
10.67
10.8
10.86
10.86
10.91
11.11
11.12
11.07
11.05
10.99
10.91
11.06
11.06
11.19
11.35
11.24
10.96
11.12
10.69
10.86
10.94
11.17
11.1
10.94
10.69
10.79
10.94
11.15
11.21
11.06
11.27
11.24
11.41
11.41
11.47
11.65
11.8
11.72
11.69
