0.388
0.2586
0.2598
0.2831
0.3296
0.2369
0.1366
0.256
0.399
0.3056
0.1221
0.3437
0.2911
0.4257
0.2113
0.1915
0.3487
0.0001907
0.0004768
0.009823
0.02251
0.3216
0.2151
0.2155
0.3139
0.1532
0.2239
0.3155
0.4173
0.1513
0.3071
0.1236
0.2281
0.2125
0.3105
0.3403
0.3624
0.2735
0.2048
0.7935
1.534
1.895
2.142
2.051
6.195
5.023
3.711
0.6691
0.3448
0.2285
0.2766
0.1745
0.9888
2.084
2.261
2.432
2.982
7.703
5.005
0.8881
0.2728
0.1715
0.6142
2.451
2.585
2.496
2.325
5.902
5.17
3.662
0.6042
0.136
1.402
2.667
2.786
2.829
5.756
5.756
3.479
0.5638
0.0004768
0.3498
0.2285
0.2182
0.2399
0.4913
0.1509
0.2441
0.2586
0.576
1.703
2.17
2.133
1.816
1.901
6.097
3.888
4.041
0.9918
0.2728
0.2949
0.2384
0.3105
0.4936
0.1659
0.3536
0.3345
0.4059
0.3326
0.3029
0.1001
1.63
2.206
2.081
1.834
2.267
6.177
2.768
4.163
1.697
0.3998
0.4921
0.3395
0.573
0.3716
0.2487
0.5051
1.047
0.2228
0.9323
0.2991
0.4097
1.459
2.371
2.264
2.454
3.247
6.934
4.651
1.219
0.5104
0.4883
0.6882
1.024
0.4837
0.5501
0.6493
0.5013
2.481
2.844
2.673
2.927
6.592
5.383
1.688
0.4646
0.412
0.7217
0.2174
0.1303
0.3887
0.5547
2.136
1.846
2.081
2.142
4.541
5.878
4.578
0.7774
0.4692
0.4112
0.5203
0.3201
0.1915
0.3223
0.4768
0.7454
0.2846
0.7393
0.1852
0.3368
0.1116
0.0005722
0.0
0.0003815
0.0
9.537e-05
0.01249
0.2071
0.3239
0.2407
0.5188
0.0329
0.5905
0.156
0.3307
0.3574
0.4028
0.275
0.6844
0.3429
0.1648
0.3742
0.2605
0.2285
0.0007629
0.0
0.0
0.0
0.0
0.0
0.01287
0.2552
0.5112
0.5203
0.396
0.169
0.3834
0.378
0.3246
0.2888
0.2117
0.01507
9.537e-05
0.1869
0.206
0.2182
0.4807
0.1646
0.2953
0.1366
0.0006676
9.537e-05
0.0003815
0.0
0.4478
0.2029
0.3559
0.518
0.9033
0.3628
0.2613
0.2449
0.2155
0.259
0.4417
0.4608
0.248
0.2827
0.3166
0.4845
0.4997
0.4105
0.0
0.0
0.0
0.0
0.0
0.0
0.009346
0.3529
0.2483
0.1423
0.2457
0.1514
0.4417
0.1694
0.3044
0.1331
0.2167
0.441
0.08402
0.1341
0.3014
0.5028
0.1619
0.1394
0.3189
0.1583
0.0003815
0.0009537
0.0
0.0
0.1621
0.2472
0.1041
0.08345
0.3147
0.1696
0.5165
0.2937
0.1236
0.106
0.3403
0.2254
0.4555
0.1339
0.1984
0.264
0.2087
0.2571
0.0001907
9.537e-05
9.537e-05
0.0
0.0
9.537e-05
0.0
0.1753
0.243
0.1831
0.2438
0.2563
0.1028
0.2026
0.2846
0.1812
0.3983
0.4379
0.5569
0.1673
0.2834
0.259
0.1165
0.1532
0.304
0.0006676
9.537e-05
0.0005722
0.0
0.0
0.0
0.01535
0.4509
0.1553
0.3017
0.5371
0.1215
0.2117
0.2777
0.144
0.2575
0.3063
0.1673
0.4593
0.4295
0.1377
0.1299
0.3284
0.0001907
0.0001907
0.0
0.0
0.0
0.0
0.0
0.08478
0.9689
0.5783
0.6111
0.2934
0.1787
0.3471
0.04253
0.7439
0.9949
1.192
1.418
1.543
1.886
2.051
1.895
1.825
1.978
1.971
1.599
1.498
1.358
1.498
1.35
1.326
1.462
1.413
1.477
1.308
1.353
1.483
1.758
1.517
1.306
1.35
4.309
6.848
10.17
8.801
7.556
8.936
9.448
6.97
9.412
5.597
4.529
4.163
2.383
1.889
0.7774
1.477
1.782
2.518
2.606
2.469
1.605
1.782
2.609
2.255
2.374
2.319
2.023
1.901
1.553
1.537
1.633
1.544
1.486
1.636
1.443
2.417
3.51
6.11
11.29
9.851
13.06
9.448
8.96
8.069
8.997
4.852
4.156
3.119
0.544
1.685
1.95
1.84
1.929
1.537
1.164
1.363
1.566
1.279
1.024
0.853
0.7637
0.7652
0.9079
1.308
1.274
1.149
1.126
1.048
1.102
1.135
1.175
1.268
1.436
1.16
1.303
1.36
1.428
3.662
5.927
9.607
6.653
8.557
10.33
8.801
9.058
6.653
6.067
5.054
6.079
4.285
5.127
5.035
0.9689
1.898
0.3719
0.7431
0.9186
0.9857
1.053
1.231
1.18
1.086
1.042
1.091
1.367
0.9888
0.9888
1.056
1.114
1.17
1.265
1.289
1.326
1.216
1.01
1.057
1.007
0.8804
0.9521
0.9827
1.128
1.082
1.006
1.093
0.9552
0.8881
0.8545
0.8087
2.649
4.01
4.559
7.874
5.457
4.419
7.349
8.069
5.878
8.472
7.568
3.085
5.865
5.823
4.81
5.359
4.382
0.9094
2.713
0.4402
1.205
1.001
1.038
0.9842
1.018
1.254
1.353
1.556
1.434
1.425
1.208
1.212
1.25
1.221
1.361
1.318
1.424
1.37
1.385
1.218
1.175
1.213
1.176
1.236
1.083
1.044
1.161
1.414
4.681
6.244
7.324
6.384
8.093
9.949
10.58
9.851
7.214
7.068
6.195
5.597
5.054
2.67
3.815
1.398
2.029
0.2708
0.7584
1.085
1.019
1.193
0.8301
0.8438
0.9583
0.9064
0.8759
0.8865
0.7774
0.8545
0.856
0.8881
0.9262
0.7935
0.7462
0.721
0.9155
0.9674
0.9201
1.03
1.204
1.18
1.224
1.236
1.06
0.9308
1.038
1.016
0.9857
1.169
1.199
1.117
0.9842
3.65
5.902
7.251
6.836
6.122
9.448
9.9
7.275
7.275
7.837
7.715
4.529
3.632
2.551
3.339
2.994
0.1476
0.9064
0.9598
0.9613
1.076
1.056
1.112
1.184
1.028
1.105
1.065
1.294
1.227
1.474
1.479
1.62
1.537
1.271
1.543
1.309
1.405
1.375
1.471
1.367
1.283
1.328
1.84
1.849
1.764
1.398
2.008
3.9
5.933
9.29
5.084
6.824
8.423
7.874
7.971
7.727
6.116
7.08
7.275
4.224
4.26
2.817
2.606
2.655
0.5981
2.322
0.7263
0.2075
0.1869
0.115
0.1003
0.2537
0.2934
0.489
1.32
0.161
0.2998
0.1118
0.09995
0.09317
0.3613
0.3323
0.3109
0.09975
0.07734
0.08984
0.3616
0.1795
0.9995
1.349
1.559
1.401
1.41
1.367
1.392
1.518
1.544
1.483
1.363
1.357
1.326
1.222
1.398
1.176
1.128
1.476
1.379
1.277
1.318
1.517
1.657
1.509
1.247
1.251
1.276
1.379
0.9583
0.9079
1.23
1.297
1.353
2.621
3.113
4.498
5.823
6.226
6.061
7.886
6.689
8.997
7.385
6.433
6.787
6.116
7.239
4.26
2.441
4.126
1.251
1.849
0.7759
0.2876
0.3906
0.367
0.1406
0.1076
0.1232
0.2972
0.2033
0.4784
0.4852
0.3323
0.201
0.6729
0.2419
0.1106
0.08678
0.4013
0.8224
0.106
1.135
1.283
1.071
1.096
1.138
1.112
1.059
0.9979
1.088
1.085
1.117
0.9979
1.048
0.9888
1.025
0.9598
1.091
1.315
1.279
1.346
1.224
1.331
1.288
1.291
1.16
1.216
1.277
1.396
1.378
1.445
1.309
1.491
3.247
3.006
4.871
5.988
6.58
6.873
8.887
6.226
7.971
8.398
4.993
5.328
7.996
6.067
2.875
4.272
1.312
2.686
0.4265
0.3899
0.4822
0.9918
0.2739
