17.26
17.82
15.84
17.63
21.09
21.66
18.7
16.14
14.04
16.33
19.26
21.26
21.22
22.92
22.49
15.16
16.38
17.9
18.77
20.97
20.85
19.56
15.94
15.94
19.43
20.02
22.07
20.07
20.39
19.51
14.79
17.46
19.46
19.6
20.97
17.65
18.7
17.68
18.8
21.29
19.07
18.41
19.14
20.39
19.78
17.41
18.12
18.58
20.75
18.9
19.41
18.97
17.41
20.39
19.95
21.73
15.5
17.09
16.85
17.19
16.36
17.48
19.17
19.56
21.17
18.65
18.6
16.55
16.41
15.92
16.77
17.72
18.55
20.63
18.36
17.48
17.65
17.72
16.26
21.83
16.21
16.38
14.82
17.48
17.41
16.55
16.24
16.21
16.11
17.07
17.48
17.87
17.87
17.68
18.6
18.8
18.36
16.16
15.58
16.72
18.07
17.21
17.63
17.87
15.14
15.6
17.24
19.87
19.12
21.09
20.85
16.97
16.43
18.38
15.14
14.7
15.7
17.55
18.53
17.82
18.58
18.9
18.09
15.99
14.84
18.77
20.53
21.31
19.19
19.09
18.48
17.99
20.09
17.26
19.7
20.63
21.39
20.02
17.65
17.63
17.02
18.58
20.09
20.97
17.68
20.61
20.19
21.07
19.53
21.19
20.17
21.97
21.8
18.53
16.11
17.04
20.17
19.53
18.65
18.36
16.02
17.82
19.7
18.97
17.63
16.87
17.11
17.87
19.6
19.6
18.7
18.38
17.43
18.92
18.92
18.99
17.53
18.02
16.72
18.36
18.68
18.92
19.9
16.97
16.5
16.77
17.36
17.55
18.02
18.07
15.41
14.45
15.99
15.87
16.43
17.26
16.24
18.16
16.99
15.65
15.48
16.5
13.99
15.21
17.16
18.02
17.58
18.26
13.99
14.21
15.43
15.41
15.7
16.19
17.11
16.11
15.01
16.11
15.21
16.99
17.99
15.7
18.14
14.18
14.48
18.29
19.75
20.65
17.99
15.62
15.67
17.58
19.58
16.7
18.26
16.41
14.97
15.04
17.31
19.46
17.92
18.41
18.82
18.43
17.24
14.48
19.46
17.85
18.07
18.31
19.24
15.48
17.11
15.89
15.09
15.6
15.33
16.46
17.82
20.12
18.33
17.11
16.89
14.6
14.89
16.38
19.04
16.99
17.58
18.73
19.85
16.99
19.12
18.04
16.19
17.36
20.36
19.75
19.92
16.65
17.33
19.17
19.41
18.02
19.26
18.16
18.04
16.04
17.72
18.19
19.34
21.14
19.29
19.68
15.89
17.14
16.7
20.17
20.83
18.43
18.7
19.12
15.33
16.06
15.87
18.33
16.41
16.09
15.75
19.12
16.82
16.94
18.43
17.04
17.41
20.75
16.87
17.41
17.36
16.58
16.92
18.02
18.92
19.09
18.85
20.02
19.36
19.34
20.48
20.02
17.75
18.99
18.68
18.31
17.07
16.8
16.89
17.97
18.09
16.7
18.6
21.44
15.92
17.19
16.85
17.29
18.87
19.21
21.02
20.07
14.5
15.94
17.31
17.36
16.8
16.53
18.53
18.14
17.75
17.87
18.14
16.36
14.5
15.31
15.31
16.31
19.29
16.65
20.19
20.31
18.53
15.84
17.68
16.06
14.87
18.6
15.04
19.34
18.75
18.36
18.09
16.5
16.38
17.63
20.41
19.85
16.41
18.26
18.58
19.07
15.31
17.75
16.99
18.87
17.65
19.7
20.87
17.85
17.68
16.58
19.36
18.99
20.8
20.48
15.43
15.5
17.65
19.34
21.44
21.46
14.5
15.7
16.06
16.41
18.48
22.02
21.61
16.28
16.6
20.48
17.5
19.19
21.83
18.99
15.21
16.24
18.99
22.24
19.21
17.75
18.24
18.53
19.38
18.12
23.07
17.75
16.67
17.65
19.17
19.17
19.48
18.19
17.16
18.26
18.04
19.21
18.07
18.09
17.72
20.53
16.82
19.17
19.7
19.53
20.92
18.99
16.53
14.99
17.43
18.63
17.9
19.38
19.95
19.87
18.87
18.75
18.19
17.02
17.43
16.55
19.31
18.36
19.14
21.04
22.49
17.6
21.41
16.7
18.12
19.87
20.34
19.12
18.58
19.26
23.19
17.94
17.85
17.94
18.92
18.14
16.36
16.02
18.65
19.07
18.02
16.31
18.63
19.9
17.7
17.9
17.02
18.6
17.11
17.19
19.48
19.21
17.68
17.65
17.09
19.6
20.61
20.8
19.09
18.95
20.61
18.21
18.53
22.29
17.92
16.16
15.26
15.09
19.38
17.46
19.19
18.87
16.75
18.24
18.8
20.36
19.9
17.33
18.99
20.04
19.07
16.99
18.36
20.02
18.87
21.31
22.17
18.12
16.72
16.87
17.94
19.9
21.0
21.39
19.53
21.02
17.5
17.77
17.9
20.61
16.36
16.26
18.55
21.17
19.04
19.14
19.87
19.24
22.09
15.04
13.94
15.48
15.8
16.48
17.02
19.21
19.36
21.04
19.12
18.53
18.48
19.82
19.09
20.73
15.28
15.94
17.26
17.33
17.9
19.43
19.41
18.26
18.92
15.77
16.67
18.09
19.9
19.17
17.43
17.02
18.14
18.43
17.41
18.46
17.55
16.19
16.82
17.43
15.28
15.62
17.55
16.55
17.5
19.04
21.19
17.9
17.31
18.75
18.9
18.24
18.97
16.6
16.89
18.09
20.12
19.87
17.11
16.19
16.85
18.16
19.41
15.67
16.41
17.41
19.8
21.97
21.61
19.12
18.33
19.24
16.55
15.31
15.21
17.38
19.46
18.82
17.9
16.85
18.58
18.31
18.8
20.83
19.41
18.92
17.41
16.21
17.58
15.7
20.68
21.85
17.63
16.48
16.16
16.85
18.36
22.58
16.65
16.87
17.6
20.0
19.41
20.7
18.73
17.65
15.45
18.16
18.9
21.83
19.63
16.8
18.43
18.65
17.21
18.38
18.53
20.0
16.53
18.6
20.48
16.43
18.8
18.58
20.02
18.82
18.68
16.89
17.8
18.77
17.82
17.11
19.34
19.63
18.55
16.77
18.6
17.09
18.16
18.07
22.17
20.58
16.14
16.7
19.31
17.53
17.19
20.09
19.46
19.87
18.75
20.02
19.68
19.29
16.26
17.14
18.82
17.68
18.92
18.63
19.63
20.65
18.77
17.14
18.24
16.6
18.07
18.24
