0.0
0.2365
0.3117
0.3723
0.7668
0.7805
0.6989
0.6691
0.7095
0.6714
0.6821
0.6752
0.705
0.7637
0.7301
0.7698
0.6668
0.7195
0.7439
0.7889
0.7645
0.8057
0.8804
0.766
0.7263
0.6706
0.7202
0.7309
0.6691
0.6752
0.7187
0.6813
0.7263
0.7317
0.7057
0.769
0.7378
0.7133
0.7187
0.6371
0.7072
0.7095
0.737
0.7561
0.7492
0.7561
0.7317
0.7004
0.7172
0.7492
0.7607
0.7339
0.7393
0.769
0.8041
0.8148
0.769
0.824
0.7462
0.7248
0.7416
0.6714
0.7309
0.7179
0.7599
0.8316
0.8713
0.766
0.7401
0.798
0.7118
0.7126
0.853
0.7965
0.7698
0.7698
0.7706
0.766
0.7622
0.7698
0.7698
0.7698
0.7706
0.7698
0.7614
0.7706
0.7706
0.7698
0.7706
0.7698
0.7629
0.7706
0.8774
0.7874
0.7713
0.7713
0.7713
0.7629
0.7706
0.7713
0.7713
0.7599
0.6592
0.7324
0.7698
0.7629
0.7629
0.7431
0.7668
0.7698
0.6981
0.753
0.8118
0.7889
0.7721
0.7629
0.7713
0.7462
0.7774
0.853
0.7843
0.7706
0.7713
0.7713
0.7713
0.7706
0.8698
0.8438
0.7729
0.7523
0.7416
0.8179
0.7507
0.6943
0.766
0.8759
0.7729
0.8255
0.7713
0.7515
0.7713
0.7568
0.7774
0.795
0.7721
0.7278
0.766
0.7599
0.7622
0.7805
0.8362
0.7736
0.8377
0.7721
0.7668
0.798
0.7637
0.7713
0.7706
0.7706
0.7706
0.7713
0.7706
0.7706
0.7713
0.7706
0.7706
0.7713
0.7706
0.7713
0.7713
0.7713
0.7706
0.7713
0.7713
0.7706
0.7706
0.7706
0.7706
0.7385
0.7637
0.7713
0.7713
