5.829
5.829
5.829
5.829
5.829
5.829
5.829
5.829
5.829
5.829
5.829
5.829
5.829
5.829
5.829
5.829
5.829
5.829
5.829
5.829
5.829
5.829
5.829
5.829
5.829
5.829
5.829
5.829
5.829
5.829
5.829
5.829
5.829
6.873
13.04
16.41
17.29
17.8
18.07
14.58
14.11
12.41
9.521
13.43
16.33
17.19
17.68
17.6
15.16
13.94
10.84
8.74
8.74
8.899
17.55
20.48
14.92
8.618
8.569
8.398
14.36
16.46
17.21
17.7
17.97
15.11
13.48
10.61
8.215
8.301
8.386
8.423
8.557
14.11
16.53
17.31
17.85
16.58
14.21
13.04
8.484
8.386
8.313
8.545
8.655
9.985
15.41
16.55
17.29
17.77
16.82
14.45
12.92
9.875
8.789
8.411
11.73
16.11
17.04
17.55
18.02
15.43
13.55
10.62
16.55
20.83
19.31
18.31
13.13
20.19
19.34
10.28
15.28
16.82
17.41
17.82
17.11
14.79
13.23
10.05
9.07
8.704
13.31
15.82
16.65
17.29
17.7
17.99
15.5
13.82
12.35
8.105
13.5
16.41
17.29
17.75
18.16
15.7
14.33
13.01
9.119
8.459
9.119
9.167
9.058
8.948
9.802
15.8
16.99
17.65
18.04
16.94
14.53
13.89
11.3
11.18
15.45
16.46
17.29
17.68
18.04
15.28
13.26
10.91
8.862
9.009
14.53
20.68
17.53
12.1
13.26
20.73
19.53
8.521
6.122
5.865
5.829
5.829
5.829
5.829
5.829
5.829
5.829
5.829
5.829
5.829
5.829
5.829
5.829
5.829
5.829
5.829
5.829
5.829
5.829
5.829
5.829
5.829
5.829
5.829
5.829
5.829
5.829
5.829
5.829
5.829
5.829
5.829
5.829
5.829
5.829
5.829
5.829
5.829
5.829
5.829
5.829
5.829
5.829
5.829
5.829
5.829
5.829
5.829
5.829
5.829
5.829
5.829
5.829
5.829
5.829
5.829
5.829
5.829
5.829
5.829
5.829
5.829
5.829
5.829
5.829
5.829
5.829
5.829
5.829
5.829
5.829
5.829
5.829
5.829
5.829
5.829
5.829
5.829
5.829
5.829
5.829
5.829
5.829
5.829
5.829
5.829
5.829
5.829
5.829
5.829
5.829
5.829
5.829
5.829
5.829
5.829
5.829
5.829
5.829
5.829
5.829
5.829
5.829
5.829
5.829
5.829
5.829
5.829
5.829
5.829
5.829
5.829
5.829
5.829
5.829
5.829
5.829
5.829
5.829
5.829
5.829
5.829
5.829
5.829
5.829
5.829
5.829
5.829
5.829
5.829
5.829
5.829
5.829
5.829
5.829
5.829
5.829
5.829
5.829
5.829
5.829
5.829
5.829
5.829
5.829
5.829
5.829
5.829
5.829
5.829
5.829
5.829
5.829
5.829
5.829
5.829
5.829
5.829
5.829
5.829
5.829
5.829
5.829
5.829
5.829
5.829
5.829
5.829
5.829
5.829
5.829
5.829
5.829
5.829
5.829
5.829
5.829
5.829
5.829
5.829
5.829
5.829
5.829
5.829
5.829
5.829
5.829
5.865
8.337
14.31
16.19
16.82
17.41
17.77
17.97
18.21
18.51
18.6
18.75
18.92
19.12
19.14
19.31
19.43
19.51
19.63
19.78
19.85
20.04
20.14
17.8
17.77
20.04
19.97
19.87
19.9
19.75
17.31
16.43
11.98
8.142
11.74
16.5
17.41
17.92
18.31
18.7
18.87
18.95
19.09
19.14
19.24
19.34
19.34
19.51
19.53
19.7
19.73
19.85
20.12
20.29
18.8
17.33
20.21
20.83
20.85
20.51
18.48
16.43
15.97
13.89
10.34
16.21
17.24
17.87
18.24
18.68
18.87
19.09
19.29
19.41
19.34
19.51
19.63
19.73
19.82
20.0
20.19
19.41
16.72
18.38
19.7
20.19
20.21
20.0
19.73
18.26
17.21
14.65
10.51
16.46
17.46
17.97
18.43
18.82
18.97
19.04
19.24
19.36
19.46
19.58
19.65
19.75
19.85
20.09
20.14
20.24
18.48
17.09
19.48
20.8
20.41
20.19
19.46
17.8
16.46
10.35
13.65
16.94
17.77
18.14
18.46
18.85
18.95
19.07
19.29
19.34
19.51
19.56
19.7
19.75
19.92
20.07
20.12
20.17
17.48
18.12
20.53
20.85
20.85
20.53
20.12
18.31
16.63
16.48
15.31
7.861
15.09
17.16
17.97
18.31
18.6
18.8
18.97
19.12
19.14
19.29
19.36
19.53
19.63
19.73
19.73
19.73
19.9
20.12
20.12
20.29
20.29
17.24
17.43
18.99
19.9
19.9
19.78
19.38
19.34
19.34
18.75
16.26
16.06
16.02
13.38
11.27
15.67
16.65
17.09
17.58
17.8
17.97
18.04
18.38
18.65
18.75
18.85
19.02
18.97
19.12
19.14
19.34
19.34
19.41
19.56
19.58
19.73
19.7
19.73
19.75
19.87
20.02
20.12
20.12
20.12
17.02
17.26
19.26
20.36
20.48
20.31
19.87
19.53
17.97
16.7
15.19
8.301
15.01
16.7
14.09
13.04
10.38
14.14
16.5
15.43
12.89
10.28
13.84
16.67
14.21
13.13
11.01
9.119
15.94
17.38
18.02
18.46
18.85
19.04
19.21
19.34
19.46
19.56
19.6
19.68
19.73
19.82
20.02
20.12
20.21
16.63
19.51
20.83
20.83
20.83
18.53
17.41
16.46
9.167
14.82
17.07
17.87
18.31
18.68
18.97
19.17
19.34
19.34
19.53
19.58
19.73
19.82
19.97
20.14
20.29
17.46
19.78
20.83
20.58
20.09
18.8
17.97
15.45
8.008
8.679
15.72
17.33
17.99
18.46
18.8
18.99
19.14
19.26
19.36
19.53
19.53
19.73
19.8
19.92
20.12
20.24
16.92
18.92
19.95
20.65
20.12
19.87
19.56
17.97
17.63
16.41
9.79
13.18
9.717
13.45
10.05
11.32
9.387
11.43
10.41
11.41
14.16
19.87
19.46
13.26
11.99
9.265
11.88
9.521
11.41
10.03
10.17
15.48
16.6
17.16
17.7
17.99
18.29
18.48
18.6
18.77
18.87
18.97
19.09
19.17
19.34
19.43
19.53
19.53
19.73
19.78
19.92
20.04
20.17
20.31
20.26
17.31
18.53
20.17
20.85
20.83
20.58
19.34
16.5
16.16
16.06
16.06
10.11
9.741
8.972
10.19
9.558
16.77
20.51
19.36
10.12
9.961
9.106
9.229
8.948
9.802
8.594
9.656
10.27
8.679
9.619
9.985
8.862
13.62
19.63
20.73
20.73
18.75
14.06
17.11
20.68
20.83
19.75
17.77
12.21
9.302
9.387
8.777
9.595
9.058
9.045
8.704
10.12
11.1
17.33
20.26
20.65
19.36
10.25
6.207
6.049
6.024
6.909
9.033
9.143
8.899
8.911
7.898
8.813
12.6
20.68
19.97
11.63
6.567
6.11
6.024
6.024
6.024
6.024
6.024
6.024
6.024
6.024
6.024
6.024
6.024
6.024
6.024
6.024
6.024
6.024
6.024
6.024
6.024
6.024
6.024
6.024
6.024
6.024
6.024
6.024
6.024
6.024
6.024
6.024
6.024
6.024
6.024
