0.0
0.0
0.0
0.0
0.0003815
0.0
0.0
0.0
0.0
0.0
0.0
0.0
0.0
0.0
0.0006676
0.0
0.0
0.0
9.537e-05
0.0
9.537e-05
0.0
0.0004768
0.0
0.0001907
0.0
0.0
0.0
0.0
0.0
0.0
0.0
0.0
0.009918
1.367
1.99
2.274
1.546
1.44
1.038
4.95
5.225
3.149
0.9567
0.1329
1.295
1.724
2.267
1.706
2.057
6.067
3.845
3.085
0.3178
0.3456
0.5791
2.371
2.542
2.524
2.38
2.985
5.115
3.491
1.34
0.47
1.913
2.115
2.02
2.048
2.454
5.792
3.784
1.222
0.1457
0.1265
0.248
0.4501
0.1713
0.139
0.2811
0.5745
0.322
0.1204
0.222
0.08097
0.8179
1.135
1.773
2.133
2.28
2.252
5.872
3.748
1.782
0.605
0.1575
1.92
2.322
2.133
2.051
2.405
5.396
3.809
1.968
0.2972
0.2674
0.2926
0.5043
0.4028
0.1427
1.685
2.49
2.725
2.698
3.168
4.578
3.845
1.669
0.4608
0.4547
0.02928
0.0
0.425
0.3128
0.1554
0.2979
0.1516
0.6012
0.5447
0.3582
0.1118
0.1095
0.3242
0.02651
1.518
2.304
2.249
2.216
2.127
5.658
4.327
3.024
0.5013
0.2098
0.1308
0.2773
0.211
2.237
2.383
2.67
2.463
2.859
5.487
3.65
1.572
0.1646
2.213
2.332
2.197
2.335
2.655
5.64
3.241
1.99
0.5203
0.3654
0.4158
0.4829
0.4341
0.09613
0.2529
0.3525
0.3788
0.4311
0.0001907
0.0001907
0.0
0.0
0.0
0.0
0.0
0.0
0.0
0.0
0.0002861
0.0
0.0
0.0
0.0
0.0
9.537e-05
0.0
0.0
0.0
0.0
0.0
0.0
0.0
0.0
0.0
9.537e-05
0.0
0.0
0.0
0.0
0.0
0.0005722
0.0
0.0
0.0
0.0
0.0
0.0001907
0.0
0.0
0.0
0.0
0.0
0.0
0.0
0.0
0.0
0.0
0.0
9.537e-05
0.0
0.0
0.0
0.0
0.0
0.0
0.0
0.0
0.0
0.0
0.0
0.0
0.0
0.0
0.0
0.0
9.537e-05
0.0
0.0
0.0
0.0
0.0
0.0
0.0006676
0.0
9.537e-05
0.0
9.537e-05
0.0
0.0
0.0
9.537e-05
0.0
0.0
0.0
0.0
0.0002861
0.0
0.0
0.0
0.0
0.0
0.0
0.0
0.0
0.0
0.0
0.0
0.0
0.0
0.0001907
0.0
0.0
0.0
0.0
0.0
0.0
0.0
0.0
0.0
0.0
0.0
0.0
0.0
0.0
0.0
0.0
0.0002861
0.0
0.0
0.0
0.0
0.0
9.537e-05
0.0
0.0
0.0
0.0
0.0
0.0
0.0
0.0
9.537e-05
0.0
0.0
0.0
0.0
0.0
0.0
0.0
0.0
0.0
0.0
0.0
0.0
0.0
0.0
9.537e-05
0.0
0.0
0.0
0.0
0.0
0.0
0.0
0.0
9.537e-05
0.0
0.0
0.0
0.0
0.0
0.0
0.0
0.0
0.0005722
0.0
0.0
0.0
0.0
0.0
0.0
0.0
9.537e-05
0.0
0.0
0.0
0.0
0.0
0.0
0.0
0.0
0.0
0.0
0.0
0.0
9.537e-05
0.0
0.0102
0.359
1.572
1.651
1.852
2.197
2.411
2.264
2.106
2.295
2.017
2.307
2.106
1.923
1.749
1.46
1.547
1.596
1.682
2.161
2.136
2.246
2.213
2.118
5.078
8.813
8.154
11.46
8.972
9.949
7.69
7.898
4.956
4.279
3.143
1.688
0.4494
1.987
1.825
1.45
1.562
1.492
1.617
1.77
1.7
2.042
2.167
2.338
2.164
1.92
2.145
2.429
2.139
2.396
2.505
2.6
2.579
2.444
2.496
4.962
8.826
8.167
10.64
11.25
9.229
7.605
5.951
5.585
2.908
1.414
0.8743
2.139
2.167
2.643
2.695
2.545
2.554
2.423
2.368
2.341
2.338
2.527
2.457
2.472
2.557
2.585
2.707
2.826
2.316
2.356
2.582
5.573
8.618
9.106
10.33
10.02
8.447
10.17
5.182
4.767
2.606
1.492
1.819
2.606
2.319
2.771
2.444
2.426
2.032
1.974
2.344
2.298
2.322
2.469
2.432
2.106
2.191
2.084
2.316
1.999
1.913
1.944
2.985
3.955
8.459
7.8
11.05
10.19
10.66
9.497
4.547
4.706
2.731
1.477
1.373
2.136
2.057
2.008
2.231
2.206
2.505
2.6
2.542
2.454
2.24
1.886
1.859
2.005
2.148
1.987
2.054
2.042
1.999
2.081
3.369
5.688
8.923
10.38
9.399
9.998
8.411
9.961
4.956
5.188
2.93
1.016
1.724
2.194
1.859
1.877
2.032
1.953
2.219
2.054
2.426
2.722
2.365
2.481
2.118
2.151
1.99
2.023
2.304
2.243
2.258
2.426
2.298
2.2
4.327
6.604
6.165
4.193
11.56
11.15
10.58
8.826
7.031
5.048
1.907
0.9018
1.929
2.039
4.071
6.024
2.188
0.3819
0.2312
0.3204
1.202
2.087
2.924
7.19
3.302
0.9537
1.183
1.797
5.67
0.6943
1.184
1.865
5.981
0.6676
1.213
1.74
5.487
0.6477
1.282
1.868
5.505
0.9659
0.8911
1.627
4.474
3.094
0.259
1.88
3.186
2.805
1.553
0.1219
1.309
1.566
1.7
1.855
1.981
1.883
1.962
2.124
2.194
2.145
2.194
2.185
2.374
2.283
2.2
2.206
2.084
1.935
2.023
1.971
4.919
6.885
4.486
7.568
8.142
11.69
8.569
8.728
4.651
4.639
4.346
2.847
2.661
0.4982
2.747
2.896
2.82
2.753
2.893
2.979
3.339
3.116
2.988
2.96
3.174
3.186
3.54
3.619
5.347
12.04
14.14
12.74
11.34
7.983
7.141
3.235
1.198
2.853
2.734
2.792
3.314
3.485
2.936
2.945
3.079
2.963
3.036
3.296
3.394
3.442
2.71
2.618
5.933
11.36
14.14
11.36
11.57
7.629
6.897
3.516
0.5821
2.823
1.443
0.7103
1.373
2.902
0.6676
0.3323
0.1379
1.794
0.3529
0.3315
1.874
0.1188
0.9781
0.08669
0.9308
0.06933
1.077
0.09031
1.114
0.1154
0.425
0.5104
0.6493
0.679
0.5806
0.6325
0.7057
0.824
0.9689
0.853
0.972
0.8408
0.8759
0.8072
0.7339
0.7172
0.7935
0.8087
0.8423
0.8209
0.7439
0.8011
0.7339
4.504
8.313
7.471
4.84
11.3
9.863
8.081
8.215
4.535
3.912
3.101
3.68
2.203
0.2445
0.04292
0.1106
0.1049
0.3021
0.3895
0.3162
0.08211
0.08516
0.07143
0.2975
0.09708
0.7576
0.3006
0.06399
0.1043
0.07935
0.2392
0.09003
0.6432
0.3967
0.2876
0.267
0.05836
0.108
0.08745
0.3086
0.05417
0.3086
0.4242
0.4341
0.5013
0.4295
0.4128
0.3876
0.4776
0.528
0.4707
0.4868
0.621
0.6256
0.5264
0.6134
0.5333
0.5051
0.4234
0.4387
0.5089
0.4974
0.5745
0.56
0.4784
0.4219
0.4791
0.5722
0.5234
0.7996
0.6104
0.5249
0.5112
0.4875
0.4417
0.4356
0.4738
5.389
7.837
3.821
5.2
5.31
9.277
5.432
8.533
5.542
7.947
5.17
4.498
3.052
3.033
2.414
0.1499
0.0
0.0002861
0.01116
0.8347
0.3296
0.4677
0.1844
0.09661
0.07792
0.08345
0.2834
0.2586
0.4356
0.2331
