0.0002861
9.537e-05
0.0
0.0
9.537e-05
0.0
0.0003815
9.537e-05
0.0
0.0
0.0
9.537e-05
0.0
9.537e-05
9.537e-05
9.537e-05
0.0
0.0
0.0
0.0
0.0
9.537e-05
0.0
9.537e-05
0.0
0.0
9.537e-05
0.0
0.0
0.0
0.0
0.0
0.0
0.07267
1.073
1.183
1.263
1.183
1.181
4.272
4.901
6.409
1.84
0.4662
0.8255
0.7515
1.041
1.012
0.8423
0.9018
2.432
7.434
6.396
1.654
1.056
0.3307
0.1253
0.2983
0.2106
0.634
1.685
1.158
1.306
0.9613
1.041
6.097
1.984
4.7
0.5806
0.56
0.2117
0.2964
0.0494
0.07963
0.1657
0.1825
0.1875
0.4562
0.7401
0.8865
0.8041
0.827
0.8698
0.9323
0.9781
3.784
3.51
2.164
3.809
1.43
1.016
0.198
1.021
1.097
1.218
1.534
1.23
1.555
5.347
4.7
2.863
1.097
0.2258
1.189
1.74
1.605
1.456
6.506
4.663
1.932
0.7736
0.943
1.453
1.669
1.7
4.144
6.836
2.759
0.8514
0.531
0.3944
0.7294
0.2293
0.14
0.3487
0.2808
1.389
1.476
1.408
1.434
4.675
6.836
2.222
0.5318
0.3166
1.26
1.306
1.431
1.431
1.627
1.474
1.627
1.91
1.611
1.442
1.518
1.544
1.608
1.965
1.773
1.761
2.362
3.061
7.19
12.1
14.48
14.04
10.33
9.827
10.52
8.789
3.833
3.68
1.524
2.829
0.2983
0.4036
0.3952
0.3922
0.4623
0.5806
0.1558
0.135
0.2975
0.0003815
9.537e-05
0.0
9.537e-05
0.0
0.0
0.0
0.0
0.0
0.0
0.0
0.0
0.0
0.0
0.0
0.0
0.0
9.537e-05
0.0
0.0
0.0
0.0
0.0
0.0
0.0
0.0
0.0
0.0
0.0
0.0
0.0
0.0001907
0.0
9.537e-05
0.0
0.0
0.0
0.0
0.0
0.0
0.0
0.0
0.0
9.537e-05
0.0
0.0
0.0
0.0
0.0
0.0
0.0
0.0
0.0
0.0
0.0
9.537e-05
0.0
0.0
0.0
0.0
0.0
0.0
0.0
0.001144
0.0
0.0
0.0
0.0
0.0
0.0
0.0
0.0
9.537e-05
0.0003815
0.0
9.537e-05
0.0
0.0
0.0
9.537e-05
0.0
0.0
0.0
0.0
0.0
0.0
0.0
0.0
0.0
0.0
0.0
0.0
0.0
0.0
0.0
0.0
0.0
0.0
0.0002861
0.0
0.0
9.537e-05
0.0
0.0
9.537e-05
9.537e-05
0.0
0.0
0.0
9.537e-05
0.0
0.0
0.0
0.0
0.0
0.0
0.0
0.0
0.0
0.0
0.0
0.0
0.0
0.0
0.0
0.0
0.0
0.0002861
0.0
0.0
0.0
0.0001907
0.0
0.0
0.0
0.0
0.0
9.537e-05
0.0
0.0
0.0
0.0
0.0
9.537e-05
0.0
9.537e-05
0.0
0.0
0.0
0.0
0.0001907
9.537e-05
0.0007629
9.537e-05
0.0
0.0
0.0
0.0
0.0
0.0
0.0
0.0
0.0
0.0001907
0.0
0.0
0.0
0.0
0.0
0.0
0.0
0.0
0.0
0.0
0.0
0.0
0.0
0.0
0.0
0.0001907
0.0
0.0
0.0
0.0
0.0
0.0
0.0
0.0
0.0
0.01125
0.2766
1.262
1.831
1.81
1.968
1.984
1.871
1.715
2.042
1.685
1.743
1.575
1.669
1.746
1.672
1.88
1.405
3.662
6.873
10.77
12.28
7.849
11.43
12.07
11.82
8.887
9.888
10.06
4.681
2.859
0.6721
2.142
2.081
2.338
2.151
1.95
1.837
1.92
1.558
1.366
1.48
1.364
1.562
1.59
1.553
1.376
2.457
4.224
3.925
5.737
12.16
14.38
11.04
12.96
11.88
6.641
4.999
6.335
6.873
4.309
0.9125
3.024
0.6302
1.212
1.434
1.434
1.611
1.639
1.59
1.645
1.602
1.63
1.529
1.602
1.427
1.511
1.465
1.5
1.396
1.526
1.373
1.34
4.211
5.45
6.995
12.84
13.13
12.1
10.56
10.24
10.45
8.777
7.971
3.418
2.438
1.128
0.0
0.1192
0.7874
1.331
1.498
1.463
1.364
1.569
1.514
1.294
1.32
1.286
1.3
1.399
1.343
1.372
1.346
1.323
1.457
1.436
1.349
2.243
4.041
4.181
5.719
12.5
12.18
11.78
14.31
12.08
8.484
8.142
6.86
6.824
2.826
2.53
1.375
1.059
1.218
1.228
1.256
1.21
1.555
1.491
1.285
1.324
1.221
1.357
1.456
1.405
1.283
1.489
1.52
1.366
1.497
1.349
1.52
3.534
4.425
5.896
8.765
11.72
10.72
11.8
12.82
10.82
9.753
9.204
7.959
3.992
1.733
2.176
1.038
1.228
1.526
1.584
1.614
1.636
1.443
1.093
1.183
1.083
1.26
1.23
1.352
1.28
1.34
1.384
1.418
1.346
1.389
1.326
2.185
5.414
4.163
4.626
7.812
10.61
11.15
11.95
11.5
9.326
9.778
8.984
7.581
5.133
1.074
2.664
0.972
1.105
1.091
4.01
6.348
2.191
0.4501
1.082
1.062
2.014
7.532
3.815
0.8591
0.428
0.8987
1.051
4.822
2.448
0.399
0.824
1.024
2.936
3.851
1.279
0.5852
1.009
1.093
5.927
2.216
0.123
1.01
1.166
3.906
4.187
1.387
0.5165
0.8987
1.134
5.859
2.731
0.5066
0.1726
0.3304
0.349
1.422
1.492
1.546
1.566
1.581
1.779
1.578
1.314
1.402
1.755
1.724
1.852
1.865
1.874
1.779
1.736
3.479
4.504
6.665
8.691
9.009
8.545
12.3
13.16
12.74
13.04
8.643
4.559
3.058
1.19
1.773
1.691
1.822
1.92
1.138
1.096
1.07
1.477
1.509
1.614
1.521
1.697
1.614
1.534
1.477
1.555
1.697
1.398
1.471
4.529
5.298
7.666
13.31
13.33
12.99
12.99
9.082
10.53
7.166
5.682
0.9842
2.972
0.9186
1.41
1.396
1.506
1.494
1.544
1.654
1.569
1.5
1.614
1.874
1.981
1.321
1.323
1.221
1.326
1.358
1.41
1.53
2.692
5.493
7.08
12.55
11.85
13.16
11.85
12.4
9.937
9.68
7.812
4.346
1.727
2.094
1.572
0.518
1.257
1.54
1.454
1.474
1.53
1.549
1.46
1.546
1.364
1.43
1.424
1.593
1.578
1.401
1.308
1.776
1.788
2.451
3.387
4.218
4.974
8.899
11.21
10.06
11.08
12.84
12.65
8.459
7.031
9.314
6.213
3.381
2.35
1.566
0.7469
0.4082
0.5424
0.4585
0.6248
0.7164
0.8972
1.141
1.086
1.158
1.19
1.234
1.208
1.045
1.091
1.219
1.715
1.357
1.173
1.212
1.489
1.521
1.477
1.52
2.487
3.839
3.802
5.89
6.824
10.07
11.95
9.827
11.79
10.14
9.155
9.033
7.373
6.042
1.007
2.029
2.112
0.0
0.0002861
0.0
0.0
0.02689
0.4311
0.3128
0.4379
0.1286
0.3357
0.3849
0.5127
0.1337
0.2747
0.08173
0.5127
0.4074
0.104
0.2773
0.0002861
0.0
0.0
0.0
9.537e-05
0.0
0.0
0.0
0.0
0.0
0.0
0.0
0.0
9.537e-05
0.0
0.0
0.0002861
0.0
0.0
0.0
0.001049
0.0
0.0
0.0
0.0
0.0
0.0
0.0
0.0
0.0
0.0
0.0
0.0
