0.0
9.537e-05
9.537e-05
0.0
0.0
0.0
0.0
0.0
0.0
0.0
0.0
0.0
0.0
0.0
0.0
9.537e-05
0.0
0.0
0.0
0.0
0.0
0.0
0.0
0.0
0.0
0.0
0.0
0.0
0.0
0.0
9.537e-05
0.0
0.0
0.03738
2.106
2.554
2.194
1.801
1.92
3.363
6.171
5.42
1.173
0.4387
1.593
1.874
1.978
2.112
1.782
3.149
6.348
4.12
1.436
0.07429
1.706
1.968
2.219
2.74
2.499
5.511
4.584
3.589
0.8423
0.3628
1.855
2.396
2.545
2.271
5.347
2.689
3.424
1.32
0.7965
0.2369
0.5287
1.807
2.261
1.999
1.889
1.904
5.682
4.15
3.088
0.7553
0.2823
0.174
0.1999
0.2361
0.1911
0.7858
1.517
1.819
1.859
1.761
1.791
2.13
5.688
3.619
1.953
0.798
0.2228
0.2163
0.2403
0.264
0.2747
0.3242
0.3914
0.2937
0.5661
0.4585
0.1999
2.094
2.347
2.417
1.932
2.246
6.311
3.223
2.765
0.8606
0.4745
0.4074
0.08259
0.1589
0.3555
0.1579
0.5455
1.785
1.761
1.947
1.828
1.971
5.811
3.888
2.414
0.5669
0.8316
1.971
2.023
2.399
2.206
6.873
4.926
0.4433
0.7965
0.227
0.3487
0.1915
0.3883
0.824
2.359
2.432
2.014
1.195
2.042
5.859
3.583
2.747
0.6058
0.4883
1.907
2.206
1.926
1.84
1.944
6.055
3.607
2.652
0.4517
0.4013
0.4272
0.2476
0.309
0.05989
0.1595
0.112
0.351
0.06876
0.0008583
0.0
0.0
0.0
0.0
0.0
0.0
0.0
0.0
0.0
0.0
0.0
0.0001907
0.0
0.0
0.0
0.0
0.0
0.0
0.0
0.0
0.0
0.0
0.0
0.0
0.0
0.0
0.0
0.0
0.0
9.537e-05
0.0
0.0
0.0
0.0
0.0
0.0
0.0
0.0001907
0.0
0.0
0.0
0.0
0.0
0.0
0.0
0.0
0.0
0.0
0.0
0.0
0.0
0.0
0.0
0.0
0.0
0.0
0.0
0.0
0.0
0.0
0.0
9.537e-05
0.0
0.0001907
0.0
0.0
0.0
0.0
0.0
0.0
0.0
0.0
0.0001907
0.0001907
0.0001907
0.0
0.0
0.0
0.0
0.0
0.0
0.0
0.0
0.0
0.0
0.0003815
0.0
0.0
0.0
0.0
0.0
0.0
0.0
0.0
0.0
0.0
0.0
0.0
0.0
0.0
0.0
0.0
0.0
0.0
0.0
0.0
0.0
0.0
0.0
0.0002861
9.537e-05
0.0
0.0
0.0001907
0.0
0.0
0.0
0.0
0.0001907
0.0
0.0
0.0
0.0
0.0
0.0
0.0002861
0.0
0.0
0.0
0.0
0.0
0.0
0.0002861
0.0
0.0
0.0
0.0
0.0
0.0
0.0
0.0
0.0
0.0
9.537e-05
0.0
0.0
0.0
0.0
0.0004768
9.537e-05
0.0
0.0
0.0
0.0
0.0
0.0
0.0
9.537e-05
0.0
0.0
0.0
0.0002861
0.0
0.0
0.0
0.0
0.0
0.0
0.0
0.0
0.0
0.0007629
0.0
0.0
0.0
0.0
0.0
0.0
0.0
0.0
0.0
0.0
0.0
0.0003815
0.009727
0.4341
1.263
1.41
1.508
2.066
2.081
2.316
2.246
1.804
1.357
1.43
1.457
1.158
0.9995
1.369
2.029
1.831
2.124
2.216
2.115
2.426
2.112
4.541
6.665
9.021
9.363
11.05
9.253
7.202
8.496
3.998
3.65
1.776
0.3376
2.237
2.533
2.591
2.353
1.59
1.338
1.306
1.437
1.456
1.575
1.639
1.834
1.993
1.868
1.66
1.84
2.374
2.875
2.719
5.92
9.277
5.737
7.703
8.533
7.544
6.335
8.008
3.326
4.016
2.686
2.09
0.03157
0.06018
1.259
1.372
1.279
1.381
1.538
1.645
1.587
1.66
2.228
2.362
2.441
2.234
2.6
2.542
2.231
2.209
2.359
2.6
3.137
2.386
4.047
7.861
13.62
12.79
10.71
9.778
5.792
3.308
3.07
0.515
2.42
2.518
2.869
2.756
2.35
2.371
2.414
2.582
2.539
2.246
2.023
2.362
2.594
2.405
2.835
2.722
5.865
7.922
5.292
4.053
10.03
5.377
6.506
5.927
6.079
5.615
2.707
3.406
2.924
2.026
0.9552
0.9628
1.344
1.245
1.715
1.764
1.962
1.688
1.593
1.706
1.984
1.953
2.051
2.029
2.048
2.277
2.463
2.219
2.045
2.078
1.901
4.211
6.274
7.031
10.17
11.74
9.998
7.654
7.434
6.183
2.484
3.632
0.9842
1.353
0.621
1.031
1.279
1.117
1.311
1.094
1.033
0.9689
0.7812
0.9933
1.073
1.306
1.517
1.596
1.575
1.813
1.462
1.497
1.451
1.265
1.517
1.54
1.317
1.645
1.868
1.694
1.654
4.028
7.837
6.006
4.895
6.323
9.436
7.166
6.25
8.435
4.047
4.254
2.429
1.892
0.563
0.9384
1.256
3.174
3.067
1.505
0.1829
0.7965
1.103
1.517
3.259
2.408
1.025
0.7095
0.5394
0.8972
1.099
3.43
2.826
1.297
0.798
0.4677
0.7271
1.05
2.701
3.052
1.413
0.8789
0.4738
1.605
2.524
4.877
1.308
0.9109
2.1
5.334
1.7
0.7721
1.559
5.267
2.188
0.1532
2.176
2.353
2.948
2.716
2.762
2.585
2.151
2.112
2.06
2.203
2.252
2.216
2.173
2.353
2.338
2.496
2.484
2.478
6.006
8.337
6.433
9.436
9.827
8.496
9.143
4.358
3.955
1.724
1.132
1.138
1.605
1.886
1.807
1.926
2.203
2.145
2.206
2.17
2.081
2.121
2.475
2.414
2.567
2.414
2.649
2.478
2.576
2.344
2.209
3.998
7.886
5.316
7.153
6.824
10.11
8.813
7.91
6.25
5.164
2.188
2.386
0.4791
1.428
1.733
2.063
1.913
1.636
1.697
1.538
1.624
1.685
1.877
1.901
2.029
2.164
2.213
2.249
2.188
2.347
2.2
2.435
2.213
2.066
5.92
7.996
5.634
6.372
8.569
7.446
6.824
9.741
4.095
2.74
2.728
0.9796
0.3513
0.1553
0.1383
0.3902
1.877
0.3769
1.773
1.797
0.2533
1.852
0.4768
1.54
0.9155
0.9811
0.975
1.044
0.946
0.9354
0.5684
0.2563
0.4669
0.5508
0.2411
0.9277
0.1869
1.085
1.071
1.115
1.425
0.2098
0.4807
0.8972
0.8774
0.2335
2.908
2.551
2.591
2.997
2.963
3.381
3.113
2.28
2.573
2.319
2.536
2.701
2.841
2.481
2.411
3.552
8.752
11.56
13.55
12.7
8.582
6.036
4.266
2.85
1.355
0.219
2.432
2.734
2.835
2.969
3.11
3.018
3.061
2.533
2.328
2.069
2.191
2.512
2.6
2.762
2.115
4.23
9.631
13.23
15.65
12.74
8.96
4.639
3.937
1.454
0.0002861
0.0
0.4356
0.3262
0.4585
0.6165
0.5165
0.4478
0.4974
0.795
0.4082
0.2522
0.4509
0.396
0.8423
0.2251
0.4501
0.006008
0.3506
0.3677
9.537e-05
0.0
0.0
0.0
0.0
0.0
9.537e-05
0.0
0.0
0.0
9.537e-05
0.0
0.0
0.0
0.0
0.0
0.0
0.0
0.0
0.0001907
9.537e-05
0.0005722
0.0
0.0
0.004482
1.187
0.515
0.544
0.1162
0.766
