25.44
34.86
19.73
16.87
31.15
32.57
13.65
16.75
33.54
24.98
11.89
10.3
7.727
9.607
0.1562
0.09117
0.02346
0.02604
0.02604
0.02604
0.02346
0.02861
0.02346
0.02604
0.02346
0.02861
0.02346
0.02604
0.02346
0.02604
0.02604
0.02604
0.8179
13.94
22.0
24.17
26.22
26.9
26.95
27.1
20.39
18.99
20.34
22.71
17.53
12.84
15.77
16.24
19.04
21.48
14.26
10.94
13.18
21.66
24.68
26.51
29.0
30.37
27.88
20.31
21.75
22.75
13.16
17.8
21.17
23.44
22.88
23.02
22.95
24.02
19.36
17.63
21.41
23.8
11.38
21.92
24.9
25.59
26.9
29.83
27.93
20.0
23.12
24.9
12.96
14.75
15.6
17.77
18.8
12.33
13.53
20.73
22.58
33.74
37.6
34.91
30.81
32.67
16.41
15.58
16.97
12.13
32.86
39.11
37.89
38.13
30.66
32.08
19.34
16.97
20.7
38.28
36.96
39.06
29.05
35.89
29.79
24.54
34.86
23.61
14.01
18.75
35.55
37.65
39.4
33.98
33.4
28.22
15.38
17.09
17.33
16.33
11.84
0.3906
8.594
19.53
36.57
37.35
37.6
35.89
24.41
34.47
19.56
23.97
30.91
32.52
11.9
16.99
20.19
21.85
9.912
2.448
36.77
36.87
38.23
38.28
29.39
35.25
19.04
12.96
20.53
34.28
38.09
37.06
29.79
35.69
27.2
17.16
13.21
18.48
22.34
31.01
31.59
12.38
19.97
17.6
21.41
28.27
31.15
19.78
16.8
15.04
3.009
0.1484
0.0391
0.02861
0.02346
0.3906
15.99
19.48
25.98
33.06
21.34
3.009
18.46
14.65
15.8
15.97
24.02
34.13
22.9
16.36
16.14
17.38
14.53
11.19
0.2007
0.08078
0.02604
0.02861
0.02604
0.2865
15.89
14.21
14.89
11.99
15.65
13.6
19.53
20.46
17.41
12.13
16.92
16.02
16.72
16.58
12.72
13.96
14.21
13.67
0.5753
0.1276
0.02604
0.02861
0.02346
0.2579
13.84
14.4
15.43
16.48
13.99
15.31
14.31
14.87
12.99
12.96
13.43
15.6
15.48
19.24
22.8
17.33
13.84
14.09
0.4845
0.1381
0.02861
0.02861
0.02604
0.2865
13.57
15.06
17.68
19.43
19.21
12.99
13.33
11.18
10.64
15.75
16.31
17.46
17.58
12.07
13.13
13.5
14.5
8.484
0.1797
0.07029
0.02346
0.02861
0.02604
0.1276
7.08
9.814
15.41
15.87
17.48
17.92
11.46
15.41
15.65
15.11
14.4
19.48
0.8331
14.84
28.22
31.35
16.26
14.01
0.56
0.1198
0.02346
0.03128
0.02604
0.02604
12.99
15.48
17.31
14.53
16.31
17.46
13.45
11.73
7.556
0.2007
13.26
16.24
15.43
15.45
12.57
15.84
15.11
20.63
26.76
24.29
7.031
0.6592
0.1797
0.02861
15.43
26.03
26.46
17.94
15.16
15.31
13.33
16.82
13.13
16.24
6.848
0.198
12.35
9.937
22.88
26.32
25.24
14.4
0.8881
0.4585
0.03128
0.02861
0.02346
0.02861
14.06
19.85
17.26
15.36
19.41
28.47
16.72
14.79
15.36
14.14
20.65
13.16
19.95
26.27
34.52
17.09
15.06
10.75
32.67
38.04
36.43
36.67
37.55
37.94
37.7
37.6
38.67
38.09
38.92
38.48
38.77
38.62
38.82
38.13
28.52
13.99
28.47
39.26
39.26
39.16
31.69
31.01
28.91
11.02
27.78
37.7
36.13
36.33
36.47
35.16
36.62
35.99
35.84
38.04
38.62
37.94
36.72
37.06
37.11
38.09
37.94
18.19
26.37
38.23
34.03
33.54
32.57
30.71
28.47
24.22
11.25
31.54
32.47
37.11
36.33
36.91
34.52
31.98
31.2
32.91
34.52
33.45
31.45
30.91
28.96
29.35
31.05
30.08
31.98
30.03
12.33
19.02
38.48
31.84
38.87
32.57
29.83
29.35
27.64
11.3
35.3
35.25
36.57
35.69
37.35
37.16
37.45
38.13
37.5
37.55
38.82
37.99
37.55
38.48
37.55
36.77
35.21
13.31
30.71
38.38
37.74
38.57
30.47
31.3
30.08
10.93
32.57
38.72
38.04
35.74
35.21
36.33
36.47
36.77
37.55
37.99
38.57
37.74
36.57
38.23
36.52
34.72
34.57
21.29
21.88
34.33
38.62
39.06
35.35
31.25
31.3
22.19
11.08
34.18
35.45
36.96
37.16
36.82
37.4
37.16
37.55
36.72
33.64
32.42
31.59
31.84
30.32
30.86
30.18
29.83
29.79
23.07
16.77
25.83
26.46
26.66
24.15
23.54
22.58
19.34
27.88
30.66
16.16
12.37
23.36
23.36
22.0
23.07
24.44
24.41
23.93
23.88
24.12
25.15
25.54
24.37
22.56
21.78
29.79
36.91
37.5
37.99
37.79
38.04
37.65
34.47
14.75
31.98
37.6
31.59
33.79
31.74
29.74
31.2
16.5
31.59
33.98
14.11
31.45
37.3
26.32
36.77
18.41
37.7
36.38
28.17
30.18
21.56
37.6
27.05
32.71
22.68
31.98
37.01
23.97
32.32
28.61
33.2
17.04
23.68
37.16
29.3
35.25
22.0
34.38
35.64
18.21
16.72
20.17
19.04
38.13
38.04
38.57
38.67
39.11
38.82
37.65
36.47
36.82
36.28
36.43
38.96
38.43
37.35
36.52
36.13
24.15
26.42
39.36
39.94
39.79
32.76
31.01
29.54
12.52
31.05
33.45
33.2
32.86
34.03
33.64
33.98
33.64
33.15
33.15
34.23
34.18
34.13
34.18
34.81
37.06
39.01
38.43
17.72
36.23
39.79
40.72
35.06
27.83
31.01
29.3
6.165
39.36
39.11
39.36
38.13
38.43
39.21
39.45
38.77
35.79
32.76
28.03
23.27
21.85
19.75
16.89
15.55
15.92
15.75
15.65
16.02
15.67
16.48
15.43
15.58
15.31
15.94
15.87
15.84
15.75
15.89
15.72
15.23
15.16
15.33
16.28
15.04
15.58
15.84
16.87
22.36
19.36
23.97
23.14
28.17
26.61
11.4
23.24
31.64
33.45
31.54
32.42
32.13
31.98
32.57
29.93
32.96
32.96
34.03
34.18
38.18
39.16
39.16
37.79
36.62
30.22
22.09
37.3
36.96
38.48
33.94
30.37
33.89
22.27
22.73
26.71
33.59
22.73
8.911
33.06
31.1
30.62
36.43
37.01
37.4
37.01
34.62
35.06
35.21
36.04
36.23
36.18
33.54
33.74
33.35
34.62
36.13
24.05
27.49
36.23
35.84
25.05
35.6
31.93
30.47
27.88
15.94
19.9
25.49
33.54
25.54
13.96
17.14
16.41
16.85
17.58
19.53
18.55
17.63
16.75
21.85
33.11
29.98
15.45
30.62
33.2
12.67
28.03
33.35
24.76
15.99
19.24
15.19
17.7
31.79
28.71
14.16
21.56
29.83
30.18
13.31
17.7
20.36
25.24
31.98
25.68
18.82
29.1
28.66
20.07
1.256
0.531
0.05732
0.02604
0.03128
0.02079
0.03128
0.02604
0.02604
0.02604
0.03128
0.02604
0.02604
0.02604
0.02604
0.02604
0.03128
0.02079
6.555
14.84
21.53
23.56
20.78
15.99
20.78
5.566
5.988
12.65
24.17
