29.64
30.22
29.88
29.79
29.74
29.79
0.0
29.39
30.18
30.03
29.83
29.93
29.69
30.08
29.64
29.39
29.39
29.3
29.2
30.03
29.64
29.3
29.83
29.3
29.2
29.39
29.35
29.39
29.35
29.3
29.44
29.74
29.69
29.79
29.59
29.35
28.61
28.32
27.78
27.69
27.1
26.66
26.17
25.73
25.34
24.66
24.1
23.39
22.61
22.09
21.56
21.26
20.92
20.53
19.92
18.02
18.48
18.73
18.09
17.5
16.43
16.04
15.6
15.23
14.65
14.14
13.84
13.57
13.31
12.99
12.4
11.78
11.44
10.88
10.35
10.06
9.705
9.521
9.131
8.826
8.386
8.215
7.874
7.642
7.288
6.934
6.702
6.628
6.409
6.067
5.914
5.743
5.481
5.334
5.133
4.938
4.785
4.559
4.443
4.211
4.163
3.943
3.839
3.778
3.595
3.522
3.406
3.357
3.241
3.11
3.052
3.018
2.966
2.789
2.786
2.728
2.652
2.609
2.502
2.518
2.475
2.512
2.451
2.6
2.646
2.612
2.673
2.631
2.628
2.631
2.731
2.963
2.896
3.067
3.098
3.174
3.229
3.412
3.412
3.583
3.51
3.784
3.931
4.12
4.224
4.395
4.48
4.7
4.718
4.95
5.072
5.267
5.31
5.719
6.079
6.128
6.335
6.482
6.873
7.422
7.629
8.203
8.997
9.888
10.62
10.68
10.97
11.49
12.28
12.35
12.74
13.04
13.53
13.67
14.26
14.36
14.7
15.26
15.43
16.02
16.26
16.58
16.77
16.77
16.94
17.19
17.33
17.33
0.0
13.33
19.63
20.26
20.46
20.29
20.31
20.58
20.92
21.61
21.75
22.12
21.9
22.56
22.51
22.39
22.53
22.51
22.75
22.95
23.1
23.17
22.95
23.49
23.27
23.44
24.05
23.68
23.83
24.12
24.19
24.71
24.8
25.2
25.24
25.59
25.88
25.98
26.07
26.56
26.81
27.29
27.25
27.88
28.66
29.0
29.3
29.1
29.1
29.39
29.54
29.35
29.44
29.2
29.2
29.54
29.1
29.39
29.54
29.35
29.35
29.44
29.69
29.69
29.59
29.59
29.44
29.49
29.59
29.88
29.93
30.03
30.22
29.69
30.47
29.93
29.98
29.74
29.54
29.83
29.39
29.83
29.93
29.83
30.62
0.0
29.54
29.64
29.64
29.88
31.1
30.42
30.08
30.32
30.71
30.18
30.86
30.86
30.42
30.66
30.13
29.59
30.13
29.83
29.88
30.42
30.52
30.52
30.32
30.57
30.42
30.27
30.32
29.83
29.69
29.35
29.49
29.49
29.64
29.59
29.49
29.35
29.44
29.44
29.59
29.54
30.13
29.83
30.03
29.83
29.25
29.1
28.91
28.71
28.08
27.88
26.56
25.83
25.05
24.54
23.97
23.63
23.05
22.36
21.9
21.36
20.68
20.43
20.0
18.82
18.04
17.48
16.82
16.53
16.04
15.6
14.79
14.26
13.77
13.31
12.82
12.34
11.66
11.19
10.24
9.937
9.741
9.265
8.801
8.618
8.374
7.971
7.812
7.19
6.848
6.604
6.445
6.232
5.908
5.725
5.603
5.334
5.17
5.09
4.791
4.681
4.395
4.327
4.071
4.12
3.949
3.967
3.906
3.796
3.699
3.735
3.43
3.394
3.253
3.21
3.116
2.982
3.033
2.994
2.841
2.747
2.698
2.771
2.692
2.737
2.719
2.649
2.728
2.649
2.612
2.667
2.609
2.786
2.829
2.902
3.0
3.11
3.314
3.418
3.552
3.65
3.894
4.291
4.327
4.449
4.755
4.968
5.139
5.194
5.365
5.432
5.658
5.969
6.421
6.665
6.677
6.567
6.677
6.763
6.934
7.117
7.202
7.41
7.727
7.91
8.215
8.899
0.0
10.08
10.74
11.43
11.99
12.57
12.94
13.35
14.33
14.62
14.94
15.23
15.36
15.89
16.43
16.72
17.09
17.68
17.7
18.73
18.65
18.97
19.38
19.7
20.51
20.36
20.8
21.14
21.48
21.58
21.41
21.66
21.66
22.02
22.29
22.34
22.68
22.85
23.12
23.32
23.29
23.36
23.24
23.32
23.56
23.71
24.07
24.07
24.07
24.12
24.37
24.29
24.24
24.15
23.93
23.97
24.07
23.95
24.27
24.24
24.54
24.83
24.54
23.75
23.8
23.97
24.15
24.12
24.44
22.73
21.92
21.68
22.61
23.34
23.63
23.58
23.05
23.29
23.51
23.95
24.54
25.1
24.8
25.34
25.59
26.03
27.15
27.2
27.49
27.88
27.69
28.22
29.05
30.08
30.37
31.01
30.71
30.22
30.27
29.98
30.13
30.37
30.66
30.96
0.0
30.13
30.57
30.86
30.66
31.01
30.76
30.22
31.25
30.91
30.62
30.81
30.32
30.03
30.13
30.66
30.13
31.35
31.15
31.1
31.15
31.15
31.05
30.42
30.86
31.1
31.1
31.05
30.57
30.86
30.42
30.37
30.66
30.66
30.76
30.81
30.81
30.91
30.86
30.66
30.86
30.42
30.13
29.88
29.88
30.08
29.83
29.93
29.88
30.03
29.74
29.98
29.83
29.64
29.05
27.93
27.25
26.71
26.37
25.39
24.56
23.95
23.41
22.71
22.31
21.63
21.22
20.78
20.31
19.97
19.04
18.19
17.11
16.53
15.82
15.41
14.97
14.26
13.96
13.53
12.92
12.5
11.84
11.44
10.86
10.38
9.436
9.033
8.813
8.569
8.191
0.0
7.751
7.385
7.104
6.714
6.396
6.311
6.128
5.902
5.975
5.536
5.383
5.292
5.017
4.938
4.724
4.584
4.443
4.26
4.175
4.144
4.01
3.821
3.662
3.729
3.497
3.436
3.436
3.29
3.326
3.223
3.125
2.945
2.942
2.963
2.933
2.914
2.835
2.972
3.061
2.841
2.878
2.859
2.911
3.021
2.875
2.966
3.03
3.076
3.241
3.32
3.497
3.693
3.809
4.034
4.077
4.108
4.224
4.364
4.486
4.688
4.785
5.17
5.334
5.499
5.774
6.287
6.36
6.543
6.787
6.653
6.555
6.995
7.19
7.617
7.776
8.167
8.313
8.472
8.826
9.155
9.863
10.23
11.02
11.74
12.84
13.62
14.01
14.16
14.48
15.21
15.55
15.72
15.89
16.02
16.63
16.97
18.09
18.85
19.04
19.02
19.24
19.53
19.58
19.8
20.19
20.68
21.07
21.39
21.56
21.85
22.14
22.02
22.27
22.95
23.39
23.44
23.29
23.51
23.88
24.44
24.61
24.51
24.32
24.41
24.37
24.78
24.44
24.49
24.39
24.68
24.8
24.37
24.78
24.9
25.15
25.34
25.05
25.24
25.49
25.34
25.98
25.68
26.03
26.12
26.66
27.2
27.1
26.95
27.54
27.69
27.98
28.22
28.86
29.49
29.69
29.3
29.54
29.59
29.59
29.64
29.64
30.03
30.22
30.32
30.18
30.13
27.29
