15.62
16.11
16.5
19.12
20.04
18.65
17.21
18.92
16.58
17.48
18.85
18.82
20.56
14.87
14.67
16.65
18.99
19.36
20.65
20.34
18.85
16.55
15.84
18.14
19.31
18.55
20.9
18.95
18.14
17.33
16.89
17.85
18.02
19.26
18.09
14.94
16.26
20.46
17.87
16.38
18.75
22.14
20.56
19.21
16.46
19.75
21.29
19.43
19.46
19.48
17.38
17.63
18.68
17.26
18.92
19.43
18.41
17.36
21.26
18.75
18.07
17.16
17.02
17.46
19.58
19.7
20.87
19.09
17.94
18.51
17.6
16.09
16.09
16.38
15.94
18.7
19.09
16.38
16.11
16.77
19.26
17.99
17.21
17.65
16.6
15.38
14.21
15.16
16.89
16.65
17.46
19.43
19.07
19.65
20.34
20.43
20.09
18.07
18.53
18.36
18.29
18.33
15.77
15.67
16.65
17.04
17.7
17.7
20.68
18.58
18.58
18.92
19.9
17.65
17.36
17.26
18.02
18.14
17.19
18.85
18.51
19.73
16.58
18.77
19.7
19.68
21.24
16.58
16.14
18.51
19.73
20.9
19.46
18.73
18.48
19.75
22.49
17.41
18.16
17.07
16.48
16.16
18.46
18.97
19.12
17.09
19.7
22.09
20.31
19.21
19.85
19.7
19.48
19.36
18.97
18.95
18.77
20.46
22.53
21.88
19.48
16.46
16.31
15.72
20.02
20.36
20.46
21.09
18.24
17.75
16.36
18.02
19.21
20.17
18.68
17.75
16.53
17.7
19.14
20.73
20.12
22.02
17.72
17.5
16.94
19.9
20.61
20.7
20.36
14.06
15.45
17.72
20.46
19.41
19.56
20.65
18.73
18.63
15.55
15.23
17.36
20.36
20.51
19.46
17.11
14.4
15.77
14.87
16.36
17.5
18.9
17.85
18.58
17.41
16.7
17.63
16.85
16.7
16.19
17.6
17.38
18.6
20.07
18.48
17.26
16.43
18.04
15.23
18.21
18.26
17.87
18.29
17.68
18.97
19.53
17.33
16.94
15.7
18.58
16.97
18.97
19.48
18.75
20.12
17.63
14.77
16.04
16.58
18.55
18.26
19.75
19.75
17.16
17.94
15.41
16.6
18.73
17.31
19.29
16.99
17.65
18.02
16.65
17.46
16.94
15.41
17.94
19.46
16.72
16.82
17.38
18.31
18.53
18.26
18.24
17.29
17.9
19.82
17.46
16.14
18.75
17.36
18.51
18.29
17.72
17.63
18.24
19.07
17.75
17.63
16.97
17.72
19.26
19.68
19.75
15.41
16.89
19.29
18.02
17.63
17.43
17.68
18.48
18.14
17.43
19.19
19.43
18.7
18.43
16.8
14.53
16.24
16.58
18.14
18.65
19.63
18.7
19.17
17.85
18.92
17.97
16.6
15.38
17.33
18.14
20.07
16.75
17.92
18.7
19.21
18.53
16.06
15.23
15.92
16.11
17.31
18.26
19.21
19.31
19.92
18.46
18.58
17.19
19.07
19.65
19.43
18.58
17.14
16.38
17.85
19.73
18.63
18.75
18.33
19.8
17.75
15.28
15.97
16.48
18.31
19.12
17.82
17.97
17.65
18.14
19.19
21.61
19.75
17.9
15.23
17.16
17.24
16.48
17.43
19.26
15.45
16.43
16.8
18.09
19.04
18.02
19.31
22.36
21.39
24.58
18.14
16.99
17.07
17.41
15.75
16.43
16.19
16.04
16.63
19.19
21.02
18.26
18.21
15.62
14.28
16.04
19.26
17.43
15.75
16.65
17.8
20.07
21.24
18.95
14.84
16.38
20.24
20.8
23.02
19.75
19.46
16.14
17.29
18.26
18.99
20.07
17.72
18.36
18.87
16.82
17.31
18.51
19.14
18.29
20.09
19.48
17.09
19.38
20.14
17.38
17.41
21.0
20.31
16.26
15.45
15.7
18.58
23.8
18.73
13.99
11.28
14.5
15.84
15.87
17.8
17.82
16.28
16.41
15.04
15.8
16.46
15.75
16.41
17.5
18.12
16.8
16.6
14.14
15.82
17.68
20.53
19.7
17.97
20.07
16.43
15.09
15.43
16.77
18.77
16.11
16.33
16.5
18.12
17.21
18.04
18.63
15.43
16.99
18.58
21.0
19.78
17.46
15.48
15.87
16.19
17.26
18.97
17.72
20.34
18.82
17.26
15.89
16.6
18.16
20.68
17.94
19.68
18.51
16.24
15.84
17.9
17.38
18.55
18.29
16.92
18.14
16.14
17.48
18.48
18.41
17.94
18.99
19.26
16.87
16.43
18.75
18.26
17.75
17.19
16.99
20.56
18.07
18.29
17.99
18.38
18.26
15.14
17.04
16.48
18.87
18.07
19.8
19.36
19.82
16.7
14.99
15.48
17.8
21.07
19.26
18.77
18.33
18.36
17.77
17.04
17.55
17.68
17.58
17.5
18.43
18.97
18.33
20.0
19.9
18.63
18.46
17.75
19.51
16.5
15.04
16.36
17.9
19.09
20.21
21.19
21.34
14.84
14.94
16.77
18.33
18.21
19.14
18.51
18.46
18.75
15.36
15.45
17.43
18.8
17.33
16.46
17.99
19.7
21.17
18.92
14.94
13.7
17.26
16.7
17.11
21.78
17.8
19.48
18.51
19.02
19.7
20.56
21.41
19.95
14.75
15.21
16.48
16.28
16.24
16.63
16.53
19.78
20.24
19.36
19.09
19.38
18.07
17.99
21.44
20.53
18.8
19.09
17.53
17.19
18.58
17.75
17.29
16.77
18.75
17.38
18.55
17.21
18.02
18.12
18.26
18.43
19.31
17.94
18.12
17.6
16.7
16.82
18.24
20.56
22.09
21.12
20.9
18.7
21.17
17.8
16.04
17.55
19.36
19.07
19.53
20.51
19.04
18.36
18.29
19.6
18.43
17.94
18.97
18.14
16.87
16.63
18.82
19.46
21.41
18.33
18.95
20.07
18.75
17.24
17.41
17.55
19.07
18.9
20.19
19.87
18.63
19.38
18.51
19.26
16.87
19.04
18.95
19.19
19.53
18.46
18.92
21.39
19.24
17.33
17.9
20.8
17.77
18.36
19.14
20.36
19.17
22.02
17.53
18.46
17.29
19.34
18.58
19.19
18.29
19.24
17.04
17.04
16.06
16.55
18.12
19.19
20.14
21.48
19.41
17.26
17.38
19.7
20.92
21.63
18.92
19.95
20.36
17.29
18.9
20.09
20.41
20.43
22.12
17.36
16.31
