27.59
27.54
27.73
27.64
27.78
27.69
27.88
27.78
27.73
27.78
27.83
27.88
27.83
28.08
27.69
27.64
27.69
27.54
27.64
27.64
27.49
27.59
27.44
27.59
27.73
27.64
27.69
27.83
27.69
27.59
27.64
27.73
27.39
27.78
27.54
27.44
27.64
27.59
27.69
27.49
27.98
27.59
27.44
27.69
27.54
27.2
27.0
26.76
26.22
25.59
25.2
24.98
24.39
23.54
23.1
22.09
21.73
21.75
22.61
22.24
22.95
22.61
22.19
21.0
21.19
20.46
20.34
19.92
19.21
18.14
18.55
18.38
17.58
16.41
15.99
13.82
14.28
15.62
16.48
16.46
16.5
16.46
16.63
15.01
14.55
13.16
12.23
12.02
12.94
12.45
12.84
12.33
10.46
10.1
9.546
9.265
8.899
8.582
8.911
9.082
8.85
8.972
8.826
9.363
9.082
9.204
7.983
8.35
8.74
9.961
10.1
9.302
8.203
7.483
8.643
8.557
7.996
7.922
7.166
8.459
9.241
9.753
9.863
9.473
8.472
8.704
9.229
8.313
6.714
9.534
9.875
9.277
9.155
9.143
7.568
9.106
9.338
9.18
8.472
8.276
8.643
8.923
9.167
9.583
9.68
8.997
9.766
10.31
10.11
10.75
11.27
8.984
11.33
11.43
11.29
12.05
11.84
11.41
11.91
12.41
12.41
12.74
13.01
13.23
14.26
14.82
14.77
14.67
15.09
15.62
15.14
15.45
15.65
15.84
15.94
16.33
16.67
17.43
19.31
21.34
22.24
22.73
23.0
23.19
21.78
23.27
23.61
25.05
26.27
26.9
27.0
27.73
27.83
27.93
27.83
27.88
27.78
27.93
27.59
27.69
27.54
27.59
27.64
27.39
27.25
27.29
27.25
27.34
27.54
27.29
27.83
27.93
27.98
28.12
28.32
28.32
28.37
28.56
28.52
28.76
28.37
28.52
28.42
28.42
28.12
27.93
28.12
28.17
27.98
27.93
28.03
27.98
27.83
28.37
28.22
28.27
28.42
28.22
28.32
27.88
27.93
28.12
28.08
28.17
28.27
27.78
27.88
27.93
27.54
27.83
27.93
27.98
28.32
28.22
28.12
28.12
27.73
27.93
28.22
28.17
28.22
28.32
28.37
28.32
28.42
28.56
28.52
28.56
28.27
28.47
28.17
28.42
28.52
28.37
28.12
28.37
28.32
28.42
28.37
28.22
28.42
28.47
28.71
28.86
28.47
28.56
28.86
28.71
28.32
28.76
28.52
28.52
28.56
28.56
28.61
28.91
28.56
28.71
28.71
28.47
28.81
28.71
28.91
28.32
28.61
28.47
28.61
28.47
28.37
28.32
28.52
28.32
28.32
28.81
28.37
28.56
28.37
28.32
27.93
28.52
29.05
28.32
28.08
28.12
27.69
28.03
28.47
28.52
28.17
28.12
28.32
27.78
26.9
27.69
27.15
26.95
27.1
25.98
26.03
25.73
25.15
24.46
24.19
23.85
23.49
22.97
22.36
21.95
21.61
20.65
20.02
19.36
18.63
17.5
16.97
16.6
16.31
15.89
15.48
14.55
13.65
13.53
13.23
13.01
12.3
12.19
11.61
11.43
11.18
10.97
10.84
10.53
10.88
10.78
11.27
11.52
11.54
11.51
11.83
11.34
10.25
10.03
10.1
9.998
9.949
9.167
8.472
8.289
9.705
10.29
10.02
10.19
10.5
10.45
9.558
8.447
6.091
8.167
8.228
7.874
7.886
7.837
7.837
7.764
8.813
9.68
9.961
9.778
9.521
10.18
10.35
10.36
9.949
8.85
8.777
10.29
10.73
10.82
10.33
8.655
8.936
10.67
10.69
10.89
10.93
10.74
9.424
11.38
10.91
10.6
12.08
10.21
11.83
12.33
12.13
10.19
12.77
13.48
14.4
13.57
15.38
15.84
16.19
17.02
16.99
17.02
17.77
17.72
18.16
18.55
18.87
17.65
15.89
18.38
20.14
21.61
22.34
24.78
25.39
26.37
27.25
27.54
27.2
27.59
27.83
27.39
27.64
27.78
28.17
28.03
27.69
27.73
27.34
26.95
27.15
27.88
27.34
26.95
26.9
27.15
27.15
26.86
27.54
27.44
27.49
27.69
27.39
27.93
27.98
27.78
27.98
27.88
27.69
27.64
27.59
27.64
27.54
27.44
27.49
27.73
27.64
27.64
27.69
27.78
27.69
27.64
27.59
27.73
27.54
27.49
27.05
27.64
27.64
28.08
27.69
27.54
27.83
27.59
27.64
27.54
27.39
27.44
27.59
27.59
27.88
27.59
27.54
27.73
27.73
27.83
27.83
27.69
28.22
28.08
27.69
28.08
27.88
27.88
27.93
27.93
27.88
28.22
27.83
27.88
28.12
28.08
27.88
27.93
28.08
28.08
28.08
27.78
27.98
28.22
28.03
28.03
28.03
27.69
28.32
28.12
28.17
28.12
28.12
28.08
27.93
28.03
28.12
28.37
27.88
28.27
28.03
27.93
27.93
28.08
28.03
27.88
27.93
27.88
27.88
27.83
28.12
28.17
27.98
28.27
28.37
28.12
27.93
27.73
27.93
27.69
27.78
27.73
27.69
27.83
27.69
27.88
27.78
27.88
27.69
27.78
27.54
27.73
27.39
27.39
27.44
27.34
27.59
27.54
27.49
27.29
27.49
27.15
26.76
26.46
26.51
26.03
25.54
25.34
25.0
24.66
24.24
23.22
22.61
22.05
21.31
20.61
20.41
20.02
18.53
18.12
16.58
16.02
15.6
15.23
16.55
14.48
15.43
14.77
14.55
13.99
12.67
12.22
12.65
12.35
12.08
11.46
11.28
11.18
10.85
11.38
11.54
9.583
9.473
10.45
10.89
10.51
10.21
9.729
9.839
10.17
9.595
9.851
9.485
9.497
9.192
8.313
8.093
6.885
7.166
9.912
9.082
9.717
8.752
7.947
8.96
8.984
8.63
8.691
7.8
7.434
7.458
7.434
8.093
7.336
6.714
7.495
8.02
8.142
8.423
8.85
8.813
9.302
9.485
8.862
9.314
9.436
8.899
9.045
9.302
8.398
8.569
8.63
8.643
8.96
10.63
10.38
9.961
10.62
11.18
12.0
12.92
13.06
13.21
13.11
13.06
12.74
12.94
13.04
13.21
13.5
14.28
14.4
14.28
11.41
15.89
15.75
15.94
16.24
15.97
16.6
17.24
17.5
17.92
19.36
20.73
21.75
22.49
22.0
22.63
24.54
26.22
26.81
27.49
27.69
27.39
27.49
27.73
27.49
27.44
27.49
27.44
27.69
27.98
27.73
27.54
27.73
27.59
27.88
27.73
27.69
27.83
27.88
27.78
27.83
27.39
28.17
27.64
27.59
27.69
27.64
27.69
27.83
27.73
27.59
27.78
27.54
27.83
27.78
27.59
27.69
27.54
27.64
27.64
27.73
27.88
27.59
27.54
27.49
27.49
27.15
27.44
27.54
27.39
27.54
27.49
27.44
27.59
27.69
27.88
27.59
27.64
27.73
27.69
27.69
27.64
27.44
28.27
27.83
27.83
27.69
27.93
27.93
