0.02604
9.912
15.94
0.198
1.131
19.29
2.762
0.1719
0.03643
0.03128
0.02604
0.02604
0.02604
0.02604
0.02604
0.02604
0.02079
0.02604
0.02604
0.02604
0.02079
0.02604
0.02604
0.02604
0.02604
0.02604
0.02604
0.02079
0.02604
0.02604
0.02079
0.02604
0.02604
9.363
22.07
24.07
24.12
24.93
26.27
25.68
23.9
17.48
18.24
23.12
23.88
7.861
12.67
22.24
23.07
22.83
23.68
25.2
26.66
24.68
21.58
23.93
24.56
13.45
12.17
13.11
21.95
22.19
23.32
25.59
27.88
30.22
19.95
17.36
20.09
20.95
16.82
13.65
12.82
12.41
18.82
23.05
26.46
27.34
27.44
28.32
23.66
22.07
20.34
19.51
12.62
6.177
21.26
19.6
20.85
21.34
21.34
22.12
22.8
18.51
16.38
18.31
17.29
15.89
13.16
14.48
13.11
16.43
23.14
26.51
27.54
27.44
26.37
18.77
17.36
19.29
24.8
9.009
21.51
22.44
23.34
22.88
25.1
25.49
21.09
18.63
20.48
22.41
15.11
17.41
19.21
19.21
27.78
11.82
18.26
20.39
19.41
17.65
15.75
15.38
27.69
31.69
18.87
18.97
31.84
34.72
35.25
31.35
26.66
36.47
24.22
18.77
19.75
20.04
20.31
14.45
34.62
35.64
32.28
35.16
31.64
34.72
29.05
22.73
30.96
29.59
10.58
31.74
31.64
26.12
30.57
29.93
28.86
32.23
22.49
15.92
25.59
28.56
26.46
17.29
16.09
17.55
18.24
16.77
7.178
12.79
15.45
12.11
0.1719
0.07296
0.02604
0.02604
0.02604
0.03128
0.02604
0.02604
0.02604
0.03128
0.8072
10.05
14.94
23.51
27.64
29.2
16.11
16.02
14.45
9.998
1.271
15.65
9.192
0.177
0.06771
0.02604
0.02604
0.03128
0.02604
0.02604
0.02604
0.02604
0.02604
0.02604
0.02604
9.753
9.766
7.532
14.48
14.67
11.74
15.94
5.511
18.82
8.167
15.55
26.07
28.96
15.65
0.8591
0.375
0.02604
0.02604
0.03128
0.02604
0.03128
0.02604
0.02604
0.02604
12.3
15.45
14.75
22.92
25.78
27.2
15.38
9.558
23.56
32.47
27.0
19.7
13.04
0.2136
0.09899
0.02604
0.03128
0.02604
0.02604
0.02604
0.02604
0.02604
0.03128
0.02079
0.03128
0.02079
0.02604
0.02604
0.02604
0.02604
0.02604
0.02604
10.64
15.43
14.89
19.29
19.24
20.09
14.43
0.8179
0.3696
0.02079
0.03128
0.02604
0.02604
0.02604
0.2499
15.41
14.87
14.16
12.04
14.75
20.17
23.34
23.49
9.338
0.7133
0.2449
0.02604
0.02604
0.03128
0.02079
0.03128
0.02604
0.03128
0.02604
0.03643
0.02604
0.03643
0.03128
0.03128
0.02604
0.03128
0.02604
0.03128
0.02604
0.02604
0.02604
0.02604
0.02079
0.03128
0.02079
0.03128
0.02604
0.02604
0.02604
0.02604
0.02604
0.03128
0.02079
0.02604
0.02604
0.02604
0.02604
0.02604
0.02604
0.02604
0.02604
0.02604
0.02604
0.02604
0.02604
0.02604
0.02604
0.02604
0.02604
0.02604
0.02604
0.03128
0.02604
0.02604
0.02604
0.03128
0.02604
0.02604
0.02604
0.02604
0.02604
0.02604
0.02604
0.02604
0.02604
2.814
20.17
22.75
24.19
24.34
30.42
30.37
31.3
36.82
32.28
29.35
28.32
28.76
30.27
25.44
24.49
23.27
22.07
27.44
34.42
31.45
30.96
29.79
27.05
11.72
23.32
28.52
25.98
25.0
28.12
28.42
21.97
22.12
20.56
20.34
11.29
2.89
18.85
25.1
28.56
26.27
24.98
23.51
21.78
19.9
20.12
20.97
30.86
29.54
26.76
26.9
29.54
29.39
28.76
29.98
28.76
27.05
25.73
25.54
24.32
24.24
23.44
13.62
16.7
18.46
25.83
25.98
26.51
26.27
21.41
18.99
16.67
15.19
16.24
21.12
4.242
21.41
20.68
20.65
20.97
20.34
20.39
19.63
19.17
20.21
20.34
19.63
21.0
22.02
22.0
23.27
24.27
24.93
25.88
26.27
21.61
19.87
18.73
19.92
20.92
22.07
21.24
20.9
20.04
20.46
18.31
14.82
18.92
18.99
18.63
19.7
20.43
22.17
23.32
19.17
13.5
16.24
18.33
18.77
17.6
14.38
2.014
15.28
20.26
19.75
18.6
19.75
23.85
24.66
26.42
25.68
25.34
24.83
24.63
24.58
22.83
22.9
23.14
23.56
23.27
29.0
29.83
26.9
26.46
25.63
25.2
23.36
22.46
21.8
10.01
13.31
18.77
18.19
19.29
19.87
17.9
15.43
16.11
16.55
15.99
14.87
14.6
14.87
14.48
15.06
14.75
2.991
18.38
19.19
18.02
17.75
17.97
18.68
17.68
18.82
20.31
19.31
18.19
18.09
18.07
18.09
18.6
18.29
18.53
20.02
19.7
19.6
19.63
19.09
19.46
20.31
20.78
20.0
20.29
19.29
22.61
23.44
24.54
23.39
17.94
15.6
20.09
20.92
22.05
21.58
19.12
18.75
16.77
18.07
19.29
17.92
17.85
17.8
13.82
5.457
16.02
18.46
18.48
17.7
15.72
16.38
17.26
13.92
17.21
19.41
18.36
18.26
15.36
16.38
15.84
15.6
18.48
15.89
14.79
15.31
11.98
16.7
19.97
23.73
21.9
14.89
16.67
18.48
7.507
21.39
19.9
18.68
17.87
17.33
17.21
18.26
18.36
18.33
19.51
19.75
19.56
17.24
15.38
14.65
15.14
14.99
15.23
15.67
15.21
15.38
15.72
15.53
15.48
15.19
15.26
14.97
14.99
15.21
15.19
15.16
16.16
15.09
15.33
15.21
15.16
15.97
15.16
15.06
12.82
18.09
17.48
17.41
17.75
17.16
16.16
16.26
15.21
15.36
15.26
15.45
15.55
14.94
15.06
15.97
10.53
2.957
18.9
20.12
18.04
17.04
19.04
20.65
19.26
19.12
19.14
19.78
20.63
20.0
18.97
19.53
19.68
19.95
20.17
20.41
21.56
21.85
20.83
20.95
21.41
20.56
19.21
23.51
21.95
19.6
20.04
20.48
21.53
20.58
12.15
15.99
16.97
16.63
15.67
16.41
15.19
15.16
15.45
15.41
15.72
15.11
15.19
15.33
16.5
16.7
17.29
8.398
15.6
15.7
14.7
13.55
15.19
14.28
15.19
15.77
16.6
16.85
16.82
15.77
18.14
18.09
18.75
18.82
14.87
16.85
23.14
20.48
19.17
9.631
20.12
20.34
19.82
19.82
17.65
19.95
21.66
22.0
20.73
20.36
19.95
21.46
20.95
19.31
18.75
18.8
20.78
20.17
18.75
18.92
18.36
17.87
20.24
19.87
19.41
20.83
21.36
20.26
19.04
18.51
18.38
19.56
13.38
20.07
20.51
19.31
16.31
16.92
17.31
17.33
20.92
17.04
17.6
23.32
24.78
22.05
6.653
0.1146
0.04168
0.03128
0.02604
0.9537
16.28
13.09
16.7
16.58
20.8
18.43
12.82
13.16
14.79
13.57
12.16
16.33
12.89
13.84
13.65
13.38
13.77
8.801
0.177
0.08335
0.02604
0.02604
0.02604
0.02604
0.02604
0.03128
0.02079
0.02604
0.02604
0.02604
0.02604
0.02604
0.02604
0.02604
0.02604
0.02604
0.02604
0.02604
0.02604
0.02604
0.02604
11.34
15.04
13.45
14.99
14.01
12.1
16.06
