16.19
20.09
14.97
18.68
18.21
23.93
31.15
22.29
13.7
18.8
14.67
18.16
13.26
10.69
0.198
0.07811
0.02604
0.02861
0.02861
2.597
16.82
15.72
12.23
18.65
22.61
31.88
18.99
20.0
26.42
22.92
13.23
14.36
17.65
13.7
20.26
32.81
32.67
34.18
33.79
30.42
34.62
28.56
12.62
23.8
33.98
33.89
33.94
33.2
31.25
33.59
27.05
14.11
15.14
15.84
13.53
19.41
35.64
33.15
36.57
36.96
29.39
30.86
18.97
23.44
31.88
34.13
35.74
34.86
29.54
31.79
24.05
27.54
29.1
16.65
30.42
28.47
14.43
16.46
12.77
33.74
34.33
35.06
33.4
31.35
34.33
27.78
13.4
33.84
33.98
33.5
33.64
30.71
32.52
20.26
19.19
22.24
28.96
21.7
15.58
29.05
28.91
12.19
15.28
25.2
26.95
27.64
10.75
19.41
8.557
35.06
34.57
32.42
33.94
31.93
32.37
22.53
17.75
17.07
9.57
17.97
18.26
17.6
18.73
6.75
12.57
9.424
16.11
10.17
22.36
29.2
26.22
13.72
18.63
21.31
26.03
29.54
18.14
13.5
32.57
34.08
34.47
33.94
32.13
32.62
19.19
18.33
20.17
22.78
29.25
25.44
17.48
17.6
17.09
18.04
18.73
18.82
18.31
9.644
26.27
27.44
25.29
25.24
25.39
25.68
25.05
23.44
20.65
13.6
16.99
12.67
14.94
13.79
12.94
15.26
14.14
13.43
13.92
15.45
15.23
15.01
15.5
12.05
0.708
0.3853
0.03128
0.02861
0.02604
3.073
13.38
13.13
14.09
14.36
10.1
4.901
14.38
13.38
12.67
14.21
13.79
15.38
15.19
22.63
15.45
16.04
18.68
4.156
0.1484
0.05465
0.02346
0.02861
0.02604
2.313
18.53
26.32
27.2
18.36
13.94
8.252
0.8179
3.406
22.49
27.59
24.9
14.6
22.92
26.86
27.0
12.43
17.97
6.75
0.1797
0.05732
0.02346
0.02861
0.02604
2.371
11.45
5.878
2.225
21.0
26.61
24.78
13.57
20.61
25.0
22.88
14.94
18.53
15.58
15.89
18.29
19.97
20.63
15.23
0.2007
0.09117
0.02604
0.03128
0.02604
2.676
17.77
16.8
23.07
28.37
20.36
12.55
24.44
26.9
22.05
12.79
13.55
13.31
10.19
11.32
13.4
14.26
14.65
6.372
0.164
0.05732
0.02604
0.02861
0.02604
0.8698
19.04
18.19
19.09
14.23
13.45
11.73
4.279
12.27
16.41
24.37
26.03
23.61
13.09
19.53
22.9
24.85
13.26
7.898
0.2941
0.07029
0.02346
0.02861
0.02604
0.8743
16.26
14.14
13.62
12.52
14.75
14.72
14.04
12.3
8.289
12.77
12.3
12.19
16.31
12.94
13.65
16.21
17.26
17.55
18.92
5.792
0.5524
0.1328
0.02604
1.776
17.16
14.94
29.74
30.37
10.91
25.05
29.1
25.39
12.7
18.02
15.87
13.65
17.04
14.99
12.16
16.02
16.04
29.74
29.74
9.473
0.7034
0.2605
0.02346
1.889
16.94
18.14
19.53
6.036
0.1902
13.4
20.63
26.71
26.56
15.65
19.78
31.15
30.32
13.89
14.79
12.11
17.26
10.63
2.762
13.48
34.91
35.94
36.28
34.86
35.45
36.23
36.67
36.28
36.28
36.77
35.3
37.01
36.96
36.62
35.45
36.62
28.22
32.28
37.4
36.52
36.57
31.2
31.59
31.59
14.33
30.81
36.38
36.18
35.89
36.28
36.04
36.13
34.52
34.28
30.62
36.77
36.33
35.06
34.67
35.35
35.6
34.91
25.39
33.84
36.18
35.55
35.79
31.01
30.08
30.03
13.99
25.49
32.23
32.47
33.94
34.18
35.21
35.16
35.01
35.11
36.28
34.86
35.35
35.21
35.79
34.62
34.72
35.64
34.86
23.75
36.13
36.13
36.72
33.54
31.3
31.1
27.0
7.227
35.21
34.52
34.86
34.86
33.45
33.5
33.54
33.98
34.13
33.98
34.08
33.4
33.59
34.28
32.57
32.57
34.18
32.52
21.92
35.16
33.79
32.47
32.03
28.76
29.44
29.74
13.99
28.22
32.03
31.01
30.32
29.15
29.98
29.25
28.71
28.08
26.51
28.08
29.69
28.86
28.66
29.74
30.32
29.35
30.91
28.22
26.12
28.52
27.93
22.51
30.03
31.45
31.64
29.69
28.03
27.78
28.52
24.58
12.84
29.15
30.66
30.62
31.2
31.4
31.69
28.32
24.61
23.24
28.42
31.25
29.05
34.28
32.42
33.35
31.45
29.64
27.78
32.47
32.62
25.63
30.37
32.62
31.69
32.76
29.39
27.34
27.93
29.79
14.31
25.59
32.23
31.79
31.4
32.71
30.52
32.23
31.05
31.3
30.96
31.49
29.79
31.1
36.38
37.65
35.74
36.08
35.01
35.69
30.86
35.16
40.48
39.21
38.33
32.76
32.76
32.52
11.96
33.15
38.82
37.16
34.42
37.84
17.02
39.26
33.45
38.13
17.97
38.92
33.4
37.4
20.02
39.84
31.93
37.6
19.34
39.26
33.89
35.01
23.41
34.77
37.65
33.59
25.2
29.59
39.6
32.47
26.9
29.35
38.53
31.54
38.04
8.301
39.4
38.18
38.62
37.7
37.99
38.23
38.57
39.21
39.5
39.45
36.96
39.16
39.65
39.5
39.5
39.26
25.98
41.36
38.62
38.13
33.01
31.05
30.86
27.54
15.5
34.91
36.47
40.23
40.33
41.55
41.16
39.89
40.72
40.19
40.43
40.48
40.04
40.33
40.23
39.94
26.42
42.63
43.26
42.77
36.04
35.79
33.64
13.75
42.14
41.8
40.23
39.55
40.38
40.77
41.16
41.11
40.43
40.77
41.5
39.99
40.28
39.36
36.43
15.7
18.26
20.92
21.31
22.24
23.34
22.19
22.44
24.34
27.69
29.88
15.7
31.59
21.7
27.69
25.59
26.27
28.32
24.02
29.74
18.97
33.98
21.17
31.2
33.2
14.87
25.34
26.81
15.04
17.11
16.6
15.5
20.24
24.22
18.68
13.77
16.85
17.11
18.16
21.46
17.16
12.48
19.12
9.839
19.8
20.63
31.3
31.05
16.94
13.72
22.22
23.63
33.84
23.14
15.8
23.02
18.82
22.09
28.17
28.03
30.52
18.65
15.43
22.71
19.58
21.75
27.39
26.95
27.73
29.49
14.04
24.32
23.51
24.07
33.84
21.88
12.46
22.27
22.75
22.29
21.58
21.02
20.24
17.68
28.66
31.74
17.46
20.19
24.37
33.15
23.0
12.67
19.43
20.14
21.88
25.73
27.29
17.58
17.72
22.19
24.71
26.27
15.11
23.56
24.76
21.97
16.33
13.92
18.24
11.83
32.13
30.57
31.3
30.91
31.49
29.49
29.54
27.64
28.47
29.49
29.1
29.35
29.35
31.01
29.35
30.47
33.94
32.86
33.4
33.5
25.1
29.25
34.28
32.91
32.57
29.54
28.42
26.22
21.24
12.82
0.1198
0.05207
0.02604
0.02604
0.02604
0.02604
0.02604
0.02604
0.03128
0.02604
0.02604
0.02604
0.02604
0.02604
0.02604
0.03128
15.84
18.46
21.88
21.7
19.65
18.38
16.7
18.09
18.29
20.48
20.19
