20.48
12.94
14.97
14.7
15.55
17.63
18.21
11.68
13.84
18.16
14.21
12.82
13.21
11.66
0.1719
0.0885
0.02604
0.02604
0.02604
6.396
13.75
12.99
12.43
15.41
18.48
22.24
21.7
12.84
13.62
13.79
13.18
12.74
12.82
11.54
20.34
21.0
22.31
23.51
24.8
25.2
27.25
23.32
20.73
22.61
22.0
13.75
13.11
12.84
13.55
17.65
16.94
18.02
16.28
12.11
14.06
13.43
17.43
16.92
18.02
16.85
9.985
0.5524
5.408
11.44
23.8
23.14
24.98
26.56
27.25
27.64
24.41
26.42
22.27
13.48
14.06
10.85
19.7
20.41
22.41
22.56
24.17
25.15
25.2
20.26
21.53
22.75
11.87
20.92
19.92
21.29
23.78
24.12
24.88
22.31
19.21
19.6
19.97
13.57
14.48
13.62
15.7
16.75
17.58
16.53
13.09
14.36
24.15
28.96
20.46
5.402
32.81
36.04
36.62
36.38
32.03
35.11
21.75
17.31
16.43
24.05
22.97
33.98
18.04
26.56
28.91
22.31
13.79
17.77
16.65
18.8
25.83
30.08
24.93
8.789
23.32
35.69
35.84
33.5
34.47
29.54
30.81
20.95
17.19
28.66
31.49
18.73
19.31
10.85
28.86
27.64
26.86
26.61
33.64
28.47
31.69
25.59
12.24
18.65
2.972
26.17
27.98
23.19
20.09
21.85
22.09
27.34
19.73
26.22
30.76
19.21
18.51
19.51
21.09
18.24
16.46
1.904
11.63
11.6
14.65
16.33
5.67
0.1215
0.04835
0.02184
0.02422
0.02127
0.02394
0.02251
0.02337
0.02174
0.02375
0.02136
10.94
10.02
11.66
15.84
10.58
17.29
4.596
0.1469
0.04787
0.02604
0.02451
0.02241
0.02451
0.02279
0.02527
0.02279
0.02537
0.02251
0.02584
0.02251
0.02499
0.0226
0.02556
0.0227
0.02546
0.02289
0.02728
0.02441
0.02565
0.02327
14.87
25.63
22.46
19.04
7.104
0.6737
0.1715
0.02365
0.02584
0.02394
0.02546
0.0267
0.02623
0.02356
0.02642
0.02356
0.02632
0.02384
0.04158
0.02441
0.02613
0.02213
0.02508
0.02289
0.02403
0.0226
0.02356
0.02241
22.27
16.14
0.1856
0.07677
0.02518
0.0226
0.0248
0.0226
0.02527
0.02279
0.02518
0.02289
0.0248
0.02279
0.02623
0.02451
0.02546
0.02213
0.02441
0.02203
0.02441
0.0227
0.02489
0.02203
0.02375
0.0226
0.02441
0.02213
0.02422
0.02193
0.02394
0.02232
0.02441
0.02251
0.02451
0.02279
0.02432
0.02279
17.36
16.6
15.23
1.581
0.1375
0.03386
0.02584
0.02174
0.0246
0.02222
0.02394
0.02308
0.02565
0.02317
0.02546
0.02298
0.02499
0.02689
0.02661
0.02346
0.02537
0.02232
0.02432
0.02184
0.0247
0.0226
0.02394
0.02174
0.02337
0.02079
0.02317
0.02155
0.02413
0.02136
0.02327
0.02136
0.02356
0.02213
0.02432
0.02184
0.02413
0.02203
0.02394
0.02241
0.02422
0.02184
0.02365
0.02146
0.02375
0.02146
0.02384
0.02146
0.02384
0.02146
0.02441
0.02213
0.02432
0.02251
0.02661
0.02394
0.02718
0.02432
0.02632
0.02155
0.02327
0.02127
0.02413
0.02117
0.02327
0.02146
0.02356
0.02089
0.02298
0.02089
7.336
18.36
37.94
23.71
17.77
12.99
19.34
25.39
39.31
26.17
37.16
42.14
43.46
42.87
42.53
43.02
42.68
42.87
42.48
42.33
38.28
33.89
33.94
46.48
46.53
47.66
47.61
21.61
11.98
25.2
25.05
51.37
42.24
56.05
20.7
33.3
21.61
15.19
31.88
49.27
49.51
42.58
36.08
50.88
49.07
47.31
37.6
47.02
41.02
47.8
41.94
41.75
46.92
34.08
27.34
39.26
5.206
12.34
18.97
22.71
24.63
41.5
45.9
53.71
27.69
28.96
24.85
3.284
32.62
35.94
35.5
34.03
30.62
26.03
25.2
26.76
44.19
49.37
48.73
48.68
47.56
48.44
48.93
48.39
47.41
49.22
39.75
2.811
17.29
16.55
16.6
17.53
19.85
20.87
27.54
18.87
20.26
24.05
19.21
21.29
27.93
27.88
14.48
30.91
41.6
34.96
46.63
40.38
35.01
30.66
29.88
28.71
26.95
22.34
20.92
21.48
22.22
17.26
18.26
21.63
21.61
24.1
25.39
26.37
30.81
28.37
30.13
26.51
26.37
29.0
15.48
0.9567
15.75
22.92
15.26
13.77
23.56
27.54
14.6
22.22
21.95
24.73
19.04
16.7
15.99
17.87
20.58
18.19
3.979
24.93
24.68
28.81
34.23
35.89
33.64
32.08
28.03
25.73
30.71
32.23
28.61
27.2
27.78
27.29
27.15
23.61
18.87
21.7
22.34
20.07
23.24
24.85
21.88
25.83
28.42
30.32
30.57
10.86
10.38
17.87
16.94
20.39
25.2
28.22
30.47
28.42
26.86
23.36
16.41
16.92
17.36
15.82
16.16
10.49
8.667
27.29
32.03
33.3
30.66
23.58
30.71
29.74
15.31
21.0
23.75
24.39
21.75
8.643
27.83
24.32
25.0
25.44
26.66
16.11
18.26
19.38
23.49
23.71
14.67
32.76
16.65
15.75
22.24
20.7
21.0
20.02
13.35
27.1
17.65
22.9
35.25
35.45
21.19
19.82
32.13
15.77
20.09
19.26
19.95
20.61
23.49
15.75
19.97
22.51
18.55
19.17
23.0
26.12
12.7
24.88
30.52
29.88
30.37
31.3
34.72
34.91
33.59
27.44
18.07
16.94
16.7
16.36
17.19
17.21
17.53
17.87
20.17
19.21
22.14
24.49
20.09
18.38
20.43
17.33
20.68
19.48
17.26
18.58
24.56
29.15
27.34
27.88
9.241
17.6
20.02
15.84
22.19
30.47
28.47
21.63
25.05
36.28
19.82
23.51
27.44
24.71
9.167
19.56
22.34
19.78
21.58
29.83
30.57
33.06
31.84
32.37
33.2
31.15
32.23
33.94
32.86
30.86
27.73
26.9
28.52
29.69
25.0
22.66
23.83
27.25
20.61
21.48
25.05
22.9
14.04
3.601
17.6
22.39
21.24
24.19
13.26
18.73
18.6
21.12
31.25
25.1
20.14
18.36
18.85
20.26
15.94
7.178
20.34
17.02
20.83
24.24
24.66
21.29
17.46
19.21
17.5
15.92
19.82
26.9
25.15
22.39
19.26
15.94
14.62
19.26
19.63
30.13
33.89
22.53
20.41
15.14
16.5
22.75
19.29
16.87
14.38
17.77
17.94
22.97
24.41
16.7
18.92
16.58
17.09
15.04
17.65
21.97
18.46
20.17
16.19
15.16
17.16
14.09
15.53
14.14
16.11
13.79
17.77
21.07
22.0
19.46
13.92
17.26
20.97
29.15
24.41
15.06
15.58
15.72
23.19
25.54
18.9
14.55
14.01
15.94
14.16
14.04
15.31
15.7
16.75
19.17
20.12
17.07
13.94
20.41
23.61
22.07
19.21
5.719
1.292
13.23
13.75
15.16
17.24
17.9
16.94
17.38
16.02
14.38
15.04
15.14
12.92
18.58
10.58
15.99
16.02
13.11
1.006
0.116
0.03386
0.02213
0.0247
0.02604
0.02861
0.02861
0.02995
0.02346
0.02737
0.02346
0.02604
0.02346
0.02604
0.02346
0.02737
0.0247
0.02604
0.02346
0.02737
0.02346
0.02737
0.02346
2.814
19.63
17.11
17.6
16.41
15.82
21.7
