20.58
20.83
19.58
17.9
12.02
9.387
8.74
8.398
8.728
8.936
8.838
8.533
8.801
7.166
6.213
6.219
6.219
6.219
6.219
6.219
6.219
6.219
6.982
8.765
8.716
8.557
10.6
19.14
20.83
19.9
16.28
9.058
8.63
8.423
8.606
13.89
16.16
16.85
17.31
17.65
17.82
18.12
18.31
18.38
17.29
15.16
13.65
12.41
10.27
15.04
20.73
20.85
18.58
8.997
8.911
9.326
16.97
20.83
20.85
18.04
9.326
8.826
12.1
15.84
16.67
17.14
17.53
17.77
17.99
18.26
18.38
16.55
14.75
12.43
11.71
9.363
8.459
12.32
20.12
20.83
19.48
14.01
8.801
8.936
8.667
8.435
10.72
15.43
16.43
16.94
17.41
17.75
18.21
17.19
14.92
13.67
11.71
8.826
8.936
8.887
10.58
15.48
16.6
17.21
17.72
18.04
17.65
15.19
12.4
11.35
8.862
14.62
16.5
17.33
17.85
18.24
16.75
14.65
13.26
9.851
9.583
13.06
20.43
20.04
12.0
9.558
9.607
9.57
8.948
9.607
10.08
9.167
9.033
9.851
8.545
14.04
16.6
17.43
17.9
18.24
17.7
15.33
12.6
10.75
9.473
13.06
20.41
20.39
18.16
14.28
9.631
13.57
20.7
18.9
9.045
9.192
9.338
9.07
12.3
15.84
16.77
17.36
17.77
18.14
18.43
16.75
14.62
13.13
10.56
9.387
8.704
8.801
15.67
20.8
19.19
11.5
18.04
20.83
19.92
14.43
13.94
20.17
20.85
18.65
7.214
6.372
6.219
6.219
6.219
6.219
6.219
7.556
9.412
9.29
8.838
8.789
8.887
8.997
8.862
8.972
8.618
9.094
8.618
8.801
8.85
7.41
6.409
6.274
6.219
6.219
6.219
6.219
6.219
6.219
6.219
6.714
8.813
9.619
8.74
8.533
8.862
8.728
11.0
19.48
20.85
20.26
16.36
9.119
9.094
7.666
6.409
6.274
6.219
6.219
6.219
6.219
6.219
6.219
6.219
6.665
8.838
8.765
8.875
8.704
9.033
15.28
20.63
20.83
19.65
11.51
9.387
16.11
20.73
20.83
19.48
8.362
6.433
6.232
6.219
6.219
6.219
6.219
6.219
6.219
8.008
9.375
10.03
18.43
20.83
20.65
18.6
15.06
12.5
20.14
20.83
20.14
15.53
8.521
6.409
6.311
6.219
6.219
6.219
6.219
6.219
6.219
6.219
7.849
8.899
9.131
8.85
8.887
9.204
8.435
8.643
8.728
8.447
9.119
9.314
18.07
20.58
11.58
6.616
6.421
6.409
6.409
6.409
6.409
6.409
6.409
6.409
6.409
6.409
7.861
6.409
8.276
8.887
6.445
6.409
6.409
6.409
6.409
6.409
6.409
6.409
6.409
6.409
6.409
6.409
6.409
6.409
6.409
6.409
6.409
6.409
6.409
6.409
6.409
6.409
6.409
6.409
6.409
6.409
6.409
6.409
6.409
6.409
6.409
6.409
6.409
6.409
6.409
6.409
6.409
6.409
6.409
6.409
6.409
6.409
6.616
8.313
8.606
7.983
8.423
12.7
16.38
17.29
18.07
18.36
18.82
19.07
19.29
19.36
19.53
19.58
19.73
19.75
19.92
19.92
20.02
20.09
20.09
20.12
20.31
20.51
20.51
19.09
19.12
20.19
20.58
20.85
20.75
20.46
20.48
18.85
16.85
16.67
16.46
12.18
12.52
16.53
17.41
18.07
18.41
18.85
19.12
19.24
19.34
19.51
19.63
19.73
19.87
19.92
20.07
20.12
20.12
20.36
20.51
20.51
18.19
20.34
20.51
20.85
20.83
20.53
20.43
19.87
17.14
16.77
16.5
16.46
10.56
14.38
17.07
17.85
18.24
18.63
18.9
19.12
19.24
19.34
19.51
19.6
19.73
19.82
19.9
19.92
20.12
20.12
20.24
20.46
20.51
18.85
19.46
20.63
20.83
20.83
20.7
20.0
18.04
17.99
17.9
14.94
13.5
17.09
17.97
18.36
18.82
19.07
19.21
19.36
19.53
19.53
19.7
19.7
19.82
19.9
20.09
20.09
20.19
20.46
20.48
20.48
17.72
19.56
20.83
20.83
20.63
20.65
20.19
18.8
17.94
17.24
12.96
12.33
16.6
17.63
18.19
18.48
18.87
19.02
19.21
19.34
19.41
19.56
19.73
19.75
19.92
19.92
20.02
20.12
20.34
20.48
20.48
19.53
18.58
20.26
20.85
20.8
20.26
20.29
19.36
16.7
16.33
16.26
16.24
10.44
15.72
16.97
17.7
18.12
18.36
18.7
18.95
19.12
19.26
19.34
19.38
19.53
19.63
19.73
19.73
19.78
19.92
19.92
19.92
19.92
19.92
20.04
20.12
20.24
20.43
20.51
20.48
17.38
19.9
20.85
20.56
20.24
19.04
18.58
18.12
11.84
15.58
16.67
13.6
12.08
8.85
14.14
16.11
16.99
14.33
13.89
10.33
14.7
16.55
13.21
11.49
12.87
17.07
17.9
18.31
18.7
19.14
19.24
19.34
19.51
19.6
19.87
19.92
20.04
20.12
20.12
20.29
20.46
20.53
18.63
19.34
20.78
20.83
20.83
18.95
17.41
17.24
11.77
12.16
16.87
17.77
18.21
18.53
18.97
19.21
19.43
19.58
19.7
19.82
19.92
20.07
20.12
20.31
20.48
20.53
20.68
20.7
19.85
18.09
20.12
20.73
20.85
20.85
20.75
19.75
16.53
16.46
16.46
14.16
12.1
16.19
17.09
17.63
18.09
18.26
18.51
18.75
18.97
19.14
19.17
19.34
19.36
19.43
19.53
19.7
19.9
19.97
20.12
20.21
20.41
20.51
18.63
20.17
20.8
20.63
20.63
19.97
19.73
18.99
11.41
15.62
16.77
17.33
17.7
17.99
18.19
18.38
18.43
18.77
18.97
19.02
19.17
19.24
19.36
19.36
19.46
19.53
19.65
19.73
19.9
20.02
20.12
20.12
20.21
20.39
20.51
20.51
20.19
18.12
20.85
20.83
20.78
20.56
20.43
18.87
17.99
17.99
15.92
11.3
9.265
12.28
9.766
11.68
10.46
10.72
11.18
9.485
9.619
9.558
11.58
20.46
17.58
11.61
20.34
19.6
10.46
9.668
9.802
11.18
16.89
17.87
18.31
18.8
19.19
19.34
19.51
19.53
19.73
19.75
19.92
20.02
20.12
20.12
20.21
20.31
20.36
20.51
20.63
18.09
20.43
20.83
20.83
20.85
19.51
18.73
18.43
11.62
9.082
9.399
9.412
17.19
20.75
18.75
17.53
13.72
16.6
17.68
18.31
18.6
18.99
19.21
19.36
19.53
19.6
19.75
19.85
19.97
19.97
19.97
19.97
19.97
20.12
20.17
20.19
20.39
20.61
20.73
19.36
18.68
20.39
20.87
20.87
20.7
20.68
18.31
17.99
17.8
17.6
16.33
9.473
8.875
8.948
8.984
9.229
9.082
10.51
19.92
20.24
18.38
17.09
6.86
6.409
6.409
6.409
6.409
6.409
6.409
6.409
6.409
6.409
6.409
6.409
6.409
6.409
6.409
6.409
6.409
6.409
6.409
6.409
6.409
8.301
9.656
10.72
9.631
13.94
19.92
20.68
19.78
