35.6
30.47
11.63
8.276
14.18
17.87
26.17
23.61
26.66
29.3
21.39
32.47
16.11
14.92
16.63
23.68
29.64
35.6
36.43
14.72
24.68
29.0
32.08
28.86
26.37
2.536
15.01
8.582
20.85
29.83
33.59
25.68
12.27
23.93
32.57
32.23
18.48
17.26
25.63
28.96
30.81
31.88
31.05
9.351
0.9277
0.02346
0.02604
0.02346
0.02346
0.02213
0.02346
0.02604
0.02604
0.0247
0.0247
0.02346
0.0247
0.02346
0.0247
0.02604
0.0247
0.02346
0.02604
0.02737
0.02604
0.02346
0.02604
0.02737
0.02604
0.0247
0.02604
0.02604
0.02737
0.0247
0.02737
0.0247
0.02737
0.0247
0.02737
0.0247
0.02737
0.02604
0.02604
0.02604
0.02737
0.02604
0.02737
0.02346
0.02737
0.0247
0.02861
0.02604
0.02737
0.02737
0.02737
0.02604
0.02737
0.02604
0.02737
0.0247
0.02737
0.0247
0.02861
0.0247
0.02861
0.02737
0.03128
0.0247
0.02861
0.02604
0.02861
0.02604
0.02737
0.0247
0.02604
0.0247
0.02604
0.02604
0.02604
0.0247
0.02737
0.0247
0.02604
0.0247
0.02737
0.02346
0.0247
0.02737
0.03128
0.02861
0.02995
0.02737
0.02737
0.0247
0.02737
0.02346
0.02737
0.0247
0.02604
0.02604
0.02604
0.0247
0.02604
0.02604
0.02604
0.02604
0.02604
0.02346
0.02604
0.02604
0.02604
0.0247
0.02861
0.02604
0.02861
0.0247
0.02737
0.0247
0.02604
0.02604
0.02861
0.0247
0.02737
0.0247
0.02604
0.0247
0.02861
0.02604
0.02861
0.02737
0.02737
0.02604
0.02995
0.02604
0.02604
0.02604
3.073
8.533
10.83
12.04
17.72
16.36
6.238
9.717
0.0
11.85
14.79
30.27
31.1
12.37
12.7
6.592
8.081
10.6
21.09
21.26
18.29
7.275
33.3
19.04
4.962
13.67
16.31
23.71
9.375
10.9
16.24
20.0
14.45
11.77
19.95
25.63
29.44
29.74
10.61
9.534
9.546
9.839
11.72
19.26
22.85
14.18
15.77
25.34
29.93
25.83
1.749
0.02184
0.0227
2.332
17.55
24.85
28.47
24.24
11.32
29.74
7.19
14.53
30.91
14.53
9.973
27.05
8.105
7.91
8.142
8.142
9.351
8.423
9.131
8.752
7.922
7.996
8.215
9.717
23.78
28.86
24.63
5.243
4.449
6.384
7.91
15.77
7.104
6.458
9.143
15.94
23.27
32.91
30.32
14.01
23.49
12.55
21.75
14.14
20.61
21.39
35.01
21.0
11.91
24.73
23.24
23.44
25.59
21.36
16.97
29.69
23.0
29.88
23.46
4.895
11.72
15.5
10.79
28.96
23.49
31.25
18.77
7.483
20.31
25.78
14.26
11.96
11.34
11.93
23.29
34.62
34.57
20.95
19.78
15.41
16.43
22.9
24.83
22.58
23.95
8.533
7.776
7.837
8.96
7.898
8.862
7.812
7.715
8.948
7.8
8.032
8.484
18.9
19.46
22.73
25.98
9.985
2.863
16.43
20.51
20.04
16.82
30.66
10.12
6.885
20.7
7.458
23.97
25.2
28.47
34.38
29.39
25.63
5.927
27.29
29.59
28.81
15.8
12.7
32.86
32.42
21.78
3.998
33.15
28.66
30.03
15.89
33.25
17.72
30.96
11.32
18.41
26.27
26.66
29.64
29.54
19.51
17.16
21.8
23.05
21.31
17.02
31.45
16.89
8.081
27.93
21.66
14.06
11.95
26.32
27.83
4.669
16.02
22.02
28.17
24.76
15.38
19.24
16.7
24.95
9.717
18.12
23.97
23.54
9.851
34.91
22.85
2.573
21.66
19.56
7.898
7.776
8.167
8.838
7.886
7.8
8.911
7.825
7.678
9.094
7.764
7.922
15.43
22.14
28.76
22.49
8.752
3.043
12.5
13.09
11.41
4.114
19.56
15.06
15.28
9.277
8.325
9.668
11.28
9.68
8.35
8.191
9.546
10.1
8.289
8.533
27.29
21.75
28.81
15.04
3.436
15.58
25.59
36.82
32.81
23.29
5.542
19.95
23.68
27.78
21.7
20.92
8.63
17.68
10.89
26.07
21.97
31.93
30.66
21.22
5.835
20.53
21.48
17.8
16.48
29.05
8.484
18.73
24.85
28.03
29.88
34.13
28.52
12.92
10.25
26.51
26.46
35.6
30.96
17.16
34.62
11.69
26.76
34.33
34.52
28.08
15.41
8.411
17.7
14.58
14.7
14.06
20.85
12.72
34.67
34.52
22.05
15.82
25.15
37.06
29.25
21.8
12.12
3.729
18.14
20.85
22.19
33.79
35.64
28.12
18.92
1.892
11.8
27.15
28.12
31.01
26.46
8.313
27.25
23.71
28.96
17.36
30.86
18.26
9.753
23.29
25.15
23.83
13.35
17.38
19.56
26.42
31.59
33.2
22.36
3.235
25.83
24.1
26.56
29.74
27.98
17.72
14.38
26.27
28.08
25.83
29.1
26.66
5.92
27.1
11.63
28.66
31.35
29.1
20.39
16.92
33.94
27.49
30.42
7.312
22.39
13.89
32.42
32.96
26.51
12.49
33.45
34.47
28.17
8.252
11.9
15.62
12.46
19.85
19.8
25.34
26.95
37.01
34.42
27.78
17.48
18.51
13.53
23.63
29.05
22.44
25.68
6.36
40.67
31.01
26.37
5.341
17.82
24.49
19.38
21.31
28.42
6.86
17.21
18.12
23.75
0.5936
18.8
28.56
31.64
23.39
3.302
30.66
25.2
31.15
17.72
8.203
28.22
24.19
12.92
29.05
18.7
27.54
8.398
19.31
23.36
28.76
13.18
14.6
27.2
34.77
30.42
26.66
5.829
21.66
13.77
19.38
25.93
26.95
27.69
11.63
28.91
31.35
34.08
29.54
10.01
20.17
26.27
20.56
30.03
26.07
5.89
18.6
25.68
28.66
18.95
34.03
20.02
9.497
28.08
25.34
11.29
26.61
24.0
29.88
29.88
5.408
18.46
16.36
14.14
33.15
29.59
23.17
10.75
21.61
14.01
24.73
12.28
15.99
17.5
12.52
9.729
8.569
10.1
8.35
10.02
9.167
9.68
8.752
10.33
8.13
27.29
20.68
23.39
14.48
4.346
24.07
7.678
19.19
24.0
24.29
35.21
31.79
28.96
9.937
17.29
18.63
13.43
25.73
26.03
9.106
0.9064
29.74
26.46
30.62
11.76
26.17
10.01
14.14
14.97
28.81
16.67
9.29
23.95
3.638
22.63
22.34
14.79
14.97
15.41
12.6
4.81
33.01
14.62
20.19
16.53
11.3
25.68
25.68
10.39
19.26
15.62
3.815
6.58
30.76
6.445
13.57
22.73
0.02928
0.02413
0.02537
0.02413
4.84
21.34
15.65
22.78
20.14
14.65
27.1
24.88
25.1
10.89
25.15
31.74
29.64
13.35
36.04
31.45
26.42
9.766
11.72
8.386
8.386
9.802
8.521
8.337
9.521
8.875
9.949
8.484
8.276
8.215
29.93
23.49
27.15
12.11
3.174
22.46
13.65
30.13
32.28
18.68
13.11
24.61
26.27
28.86
15.94
14.6
25.73
27.64
26.51
14.09
22.95
13.5
35.64
32.03
29.98
11.33
11.18
26.32
27.39
27.0
25.15
32.91
24.93
5.176
19.12
30.91
19.9
7.617
10.95
11.52
12.72
20.51
25.73
33.74
18.9
22.05
14.23
33.94
34.96
29.3
8.325
16.87
25.34
28.91
