17.04
21.97
28.08
29.88
22.27
26.46
26.03
14.48
17.29
30.57
33.54
19.38
15.89
8.118
0.1406
0.05732
0.02079
0.02604
0.02604
0.02604
0.02604
0.02604
10.63
32.42
30.22
12.94
16.97
13.06
0.198
9.9
32.91
31.45
15.67
13.87
24.49
37.89
38.13
37.94
35.16
37.74
30.81
9.985
33.98
38.28
37.55
36.67
33.54
35.99
23.44
13.04
22.41
37.21
37.94
38.09
35.11
38.48
29.59
28.76
33.3
20.07
16.75
13.33
13.75
22.36
23.8
26.12
26.22
25.93
24.34
23.93
25.73
16.89
15.87
21.19
19.73
20.14
20.95
20.48
19.95
19.14
15.84
16.82
15.89
17.5
14.14
8.484
0.2342
11.08
21.02
21.31
21.26
20.85
22.97
23.22
20.68
20.48
21.56
19.29
10.9
18.92
18.82
16.31
15.65
15.55
16.21
16.5
17.41
15.62
15.89
15.41
15.43
13.04
12.18
19.53
19.53
19.92
18.99
17.48
16.72
15.09
14.43
17.38
25.49
23.68
7.043
18.85
13.01
12.67
14.45
13.26
8.557
16.53
20.19
21.07
20.65
24.58
22.34
22.71
19.29
17.75
16.94
17.82
17.19
16.55
17.58
17.14
16.36
16.46
16.82
12.92
17.94
17.38
17.38
17.21
17.46
18.41
16.43
17.33
15.55
17.29
16.97
16.65
7.312
19.36
17.41
16.82
16.31
17.07
16.92
17.29
16.97
15.38
15.33
17.46
16.16
13.43
15.01
14.43
15.21
15.33
16.24
15.94
14.04
0.885
0.4219
0.04692
0.02079
0.03128
0.02079
0.02604
0.02604
7.166
14.53
12.21
13.6
12.39
11.33
14.33
14.62
14.67
14.97
15.04
13.77
12.67
11.93
3.296
0.1406
0.04692
0.02079
0.03128
0.02079
0.02604
0.02604
0.02604
0.02604
0.8957
14.6
11.4
17.36
17.75
18.31
17.77
14.58
12.39
19.78
18.53
17.85
18.31
14.75
15.92
17.41
17.31
8.13
0.6149
0.2083
0.02604
0.02079
0.03128
0.02079
1.088
4.913
3.217
11.77
14.53
15.41
15.41
16.94
17.24
11.51
11.45
13.43
15.62
14.6
4.98
0.1459
0.05732
0.02079
0.02604
0.02604
0.02604
0.02604
0.02604
0.02604
0.02604
13.26
17.24
16.8
16.89
10.91
15.55
8.887
12.92
8.85
12.3
12.52
12.72
15.14
14.84
15.8
15.26
15.62
15.82
0.9537
0.4272
0.04168
0.02604
0.02079
11.11
9.021
14.48
15.8
17.31
18.58
17.02
12.77
23.19
27.69
28.71
15.16
15.7
12.16
25.59
31.69
15.45
0.8072
0.3647
0.02079
0.03128
0.02079
0.02604
0.02079
0.02604
0.02604
11.15
0.6409
7.959
25.93
29.69
6.006
0.5936
0.1146
0.02604
0.02079
0.02604
0.02604
0.02079
0.02604
0.02604
0.02079
0.02604
0.02079
0.02604
0.02604
0.02604
0.02079
0.02604
0.02079
0.03128
0.02079
0.02604
0.02604
0.02604
0.02079
0.02604
0.02604
0.02604
0.02079
0.02604
0.02604
0.02604
0.02079
0.02604
0.02604
0.02604
0.02604
0.02604
0.02079
0.02604
0.02604
0.5836
13.99
11.4
8.63
10.77
15.23
18.53
18.04
16.26
16.16
17.5
18.55
23.51
31.49
31.35
31.59
31.01
29.15
30.03
30.27
29.98
30.66
31.2
31.01
31.05
30.71
30.27
22.56
28.86
30.91
31.59
31.4
28.12
27.0
27.29
26.12
11.77
29.35
30.18
30.08
30.32
30.27
29.74
27.29
25.0
24.68
23.95
23.24
24.41
24.05
23.19
22.95
22.95
23.19
23.02
22.8
27.15
26.51
27.1
20.83
28.42
27.54
26.76
27.1
24.54
21.68
21.9
22.46
19.56
9.363
19.34
18.58
17.5
17.72
19.02
19.43
20.61
20.68
20.78
20.58
25.98
28.76
29.83
29.54
29.69
27.83
27.44
26.95
28.71
28.37
29.1
28.81
29.44
22.78
28.42
29.39
28.71
27.88
27.0
25.83
25.49
26.17
18.43
23.19
27.59
28.17
28.96
29.69
29.54
28.76
27.54
26.71
27.15
27.64
25.63
27.73
27.73
27.15
25.0
23.05
22.36
22.36
21.85
21.0
21.92
17.6
17.72
19.21
20.39
20.63
20.85
20.46
20.46
18.29
17.41
15.77
15.06
15.48
15.09
8.276
17.16
17.14
16.31
16.48
16.87
16.92
17.43
21.61
26.12
27.39
26.22
25.59
26.27
26.51
25.63
25.24
25.73
23.85
21.58
18.73
16.41
15.53
17.02
16.02
14.89
14.65
14.7
15.33
14.79
14.72
13.18
14.87
14.77
14.87
15.01
14.87
15.11
15.16
14.92
14.75
14.84
14.58
14.84
15.58
15.53
14.94
14.94
4.608
0.09899
15.72
18.38
16.16
15.31
15.09
15.38
14.77
15.06
15.01
15.11
15.21
15.82
14.97
15.01
16.5
16.55
16.21
18.07
17.85
17.97
17.8
18.8
19.17
19.02
18.85
18.12
18.58
17.97
17.14
15.94
17.14
18.43
19.09
20.68
20.34
15.01
16.87
15.28
15.92
16.09
15.7
15.84
20.48
28.81
25.98
25.39
31.4
19.68
25.05
31.35
22.17
16.21
16.28
15.92
18.46
19.04
20.29
14.53
11.1
22.92
22.17
21.02
19.63
21.58
21.7
21.7
19.56
18.58
16.82
15.72
15.16
15.87
15.21
15.19
15.55
18.19
19.12
16.65
15.45
15.31
15.31
15.16
15.09
15.31
15.38
15.16
15.55
15.43
17.19
17.92
20.65
23.41
18.82
18.55
18.9
20.61
19.78
18.36
19.19
18.51
18.95
20.9
22.8
28.56
12.96
32.23
32.32
31.4
35.01
30.62
30.81
30.57
30.37
30.47
31.3
30.42
30.03
27.2
27.49
30.37
30.22
30.08
29.69
30.66
22.19
29.49
28.32
28.61
30.18
24.58
20.41
20.41
21.34
20.56
11.13
25.0
18.99
12.04
19.75
18.14
13.23
18.09
17.19
13.16
18.97
16.43
13.09
18.19
15.01
17.99
16.77
12.96
18.41
14.45
16.28
13.45
20.46
15.31
13.94
14.31
15.89
15.31
15.38
13.75
10.8
15.92
14.55
14.28
14.04
14.58
12.01
12.82
11.82
13.79
10.66
14.6
13.53
19.92
20.07
21.78
23.05
19.7
16.58
15.36
9.619
23.56
25.98
26.27
26.37
27.93
26.12
27.69
27.44
27.1
28.42
28.86
27.15
26.71
27.88
27.25
26.86
25.93
26.42
28.17
27.64
28.76
25.54
21.97
21.97
20.29
19.53
22.09
23.32
22.41
21.51
22.44
24.71
25.05
19.36
16.63
15.55
14.77
14.38
15.77
19.07
20.73
21.92
23.24
16.99
20.68
21.17
19.12
14.36
14.58
14.5
0.75
0.1459
0.03643
0.02604
5.341
13.48
14.77
16.11
15.06
15.65
18.95
19.56
20.36
18.29
14.14
14.09
14.53
14.06
14.28
12.62
14.06
12.89
12.23
0.198
0.09899
0.02079
0.02604
0.02604
0.03128
0.02604
0.02604
0.02604
0.02604
0.02604
0.02604
0.02604
0.02604
0.02604
0.02604
0.02604
0.03128
0.02604
0.02604
0.02079
0.03128
5.719
0.09375
9.314
15.04
12.87
14.84
16.43
17.38
