0.3448
0.2655
0.2785
0.1568
0.153
0.1802
0.2621
0.3597
0.1547
0.2975
0.09899
0.2007
0.2003
0.2716
0.0
0.0001907
0.0
0.0
9.537e-05
0.003052
0.3685
0.4539
0.124
0.1833
0.2789
0.4761
0.1801
0.1293
0.1507
0.2316
0.2876
0.1215
0.1467
0.1534
0.2056
0.08945
0.2003
0.1583
0.3201
1.025
0.8301
0.7088
0.769
0.8011
4.98
5.151
3.54
0.6866
0.2647
0.1295
0.2808
0.3578
0.1486
0.2869
0.1987
0.3284
0.1463
0.3246
0.09737
0.2232
0.1514
0.2274
0.1453
0.2712
0.1034
0.6477
0.7874
0.8774
0.7576
1.463
5.945
3.644
0.7286
0.3929
0.3529
0.1106
0.275
0.1551
0.3643
0.5943
0.8774
0.9476
0.7164
2.362
5.359
3.387
1.727
0.2979
0.6905
0.6279
0.5577
0.6691
0.5943
1.727
6.128
3.223
0.9354
0.5424
1.204
0.9232
0.9186
2.875
5.798
3.796
0.7675
0.1148
0.123
0.6683
0.4021
0.4456
0.3063
0.1549
0.4204
0.2861
0.827
0.8896
0.9125
1.118
6.104
3.375
0.9506
0.3632
0.2922
0.4219
0.5524
0.4585
0.6447
0.1961
0.5539
0.8041
0.7874
0.4303
0.7568
0.198
0.248
0.3426
0.02089
0.5806
0.853
0.856
0.7889
1.019
6.097
3.375
0.4326
0.4173
0.4189
0.386
0.882
0.119
0.2647
0.1644
0.04473
0.4112
0.5318
0.7469
0.4295
0.4036
0.206
0.5112
0.8942
0.914
0.8652
1.128
6.195
3.247
1.678
0.4868
0.4601
0.2411
0.1095
0.2934
0.2056
0.5608
0.4433
0.3887
0.444
0.4074
0.5798
0.2686
0.124
0.2525
0.2998
0.1825
0.131
0.312
0.0002861
0.04826
0.576
0.2846
0.3036
0.4272
0.1938
0.0
0.3147
0.1097
0.1461
0.3525
0.2583
0.1595
0.2815
0.3216
0.3803
0.1289
0.1389
0.3254
0.304
0.1274
0.2548
0.1389
0.0002861
0.00906
0.3952
0.2708
0.3181
0.3757
0.3242
0.2445
0.1205
0.4005
0.144
0.235
0.1713
0.2033
0.3666
0.2342
0.1032
0.08354
0.2659
0.2449
0.1272
0.1509
0.3242
0.1701
0.0002861
0.01087
0.2026
0.6111
0.2495
0.1282
0.3616
0.4784
0.1097
0.2502
0.4433
0.441
0.4173
0.4463
0.2365
0.2769
0.1078
0.7568
0.7576
0.3246
0.04778
0.1337
0.3689
0.2373
0.0001907
0.01249
0.4143
0.3704
0.2766
0.2712
0.1337
0.1614
0.2014
0.6142
0.2548
0.6416
0.182
0.1722
0.1818
0.1492
0.2396
0.7187
0.1623
0.3151
0.4478
0.1511
0.2827
0.1507
0.0001907
0.006962
0.6119
0.8133
0.2007
0.1062
0.3914
0.1186
0.4143
0.3593
0.3696
0.3117
0.1213
0.1375
0.5653
0.6401
0.2342
0.2838
0.4616
0.1059
0.1747
0.4021
0.02232
0.0003815
9.537e-05
0.01631
0.399
0.499
0.1387
0.2602
0.1348
0.2113
0.65
0.1547
0.4608
0.1276
0.2048
0.428
0.1791
0.2666
0.238
0.0988
0.2937
0.1062
0.0002861
0.0
0.0
0.0
0.0
0.003052
0.4395
0.489
0.1493
0.2491
0.1595
0.08488
0.06819
0.259
0.1062
0.1419
0.5692
0.2167
0.145
0.2666
0.4005
0.1511
0.2472
0.214
0.0001907
0.0001907
0.0
0.0
9.537e-05
0.0226
0.6638
0.1268
0.219
0.3181
0.6393
0.05293
0.1417
0.1514
0.4364
0.1099
0.152
0.3662
0.2613
0.1802
0.3021
0.1652
0.1514
0.3201
0.8972
1.091
0.7431
0.7477
0.7759
0.8102
0.8392
0.7759
0.9186
0.9109
0.9018
0.8072
0.8469
0.8453
0.8698
0.9232
0.7919
0.8804
0.8072
1.889
8.02
10.24
11.69
9.949
9.68
8.093
7.324
5.371
2.899
2.628
0.2541
0.6554
0.8331
0.7904
0.8743
0.9033
0.8896
0.827
0.7599
0.8484
0.9995
0.9354
1.021
0.9567
0.7874
0.9125
0.8102
0.9033
0.8041
0.8453
0.8301
6.165
9.924
11.36
10.82
9.888
10.27
6.433
5.273
3.247
1.813
0.3506
0.9109
1.051
0.9811
0.9201
0.975
0.8362
0.9567
0.9552
0.8347
0.8759
0.7858
0.9308
0.7935
0.8636
0.8545
0.9277
0.9338
0.8789
5.548
9.497
11.22
10.18
9.888
9.595
7.837
6.421
3.937
2.368
0.1991
0.8987
0.8545
0.824
1.004
0.856
0.9338
0.7996
0.7965
0.8163
0.7584
0.856
0.943
0.9644
0.7805
0.7965
0.914
0.9933
0.9857
0.8331
6.262
8.643
10.14
9.387
7.861
9.912
8.838
7.739
5.914
3.424
1.675
0.3498
0.856
0.8591
0.7935
0.8194
0.8377
0.8423
0.7584
0.8667
0.8347
1.028
1.489
1.523
1.425
1.43
1.326
0.7256
0.946
0.9583
0.9598
5.792
9.253
11.24
9.79
9.863
9.448
9.204
6.348
4.37
3.51
1.387
0.004387
0.6409
0.9369
0.8591
0.8514
0.8087
0.8057
0.6714
0.65
0.7416
0.7347
0.8377
0.9048
0.7889
0.8591
0.9872
0.8881
0.8759
0.8743
0.8347
2.521
7.153
11.91
11.41
7.996
12.57
6.384
7.495
6.604
4.041
2.472
0.1791
0.5966
0.8423
5.334
1.627
0.2975
0.123
0.3326
0.08307
0.6401
0.6599
4.578
3.43
0.6966
0.5974
0.7103
1.791
6.36
3.113
0.9125
0.4013
0.8591
0.8942
0.737
0.766
0.9125
0.8774
0.8209
0.8423
0.7324
0.7919
0.9232
0.8408
0.8469
0.9338
0.7278
0.8499
0.7889
0.8652
0.7843
4.688
9.668
10.8
9.778
10.52
7.666
8.667
6.604
4.669
3.198
1.642
0.3666
0.798
0.9613
0.8133
0.8484
0.7858
0.8408
0.7545
0.8926
0.9293
0.9476
0.8301
0.705
0.8667
0.7492
0.9018
0.7904
0.8286
0.9247
0.9506
2.219
9.753
9.265
12.17
10.58
8.911
7.922
5.566
5.927
4.041
2.264
0.3365
0.7599
0.9644
0.9262
1.03
0.8743
0.8148
0.9781
0.9445
0.9659
0.9613
1.025
0.9796
0.9598
0.9384
0.9583
0.9659
0.9308
3.619
10.17
11.83
9.57
11.76
9.241
7.202
6.543
3.601
1.575
0.3563
0.7614
0.7568
0.7904
0.8377
0.8041
0.7408
0.7187
0.7149
0.8118
0.705
0.6516
0.6775
0.6462
0.7133
0.8148
0.9216
0.9079
0.9079
0.8392
0.8514
0.753
5.005
7.288
4.187
6.018
7.141
8.496
10.39
7.996
7.19
6.104
4.639
3.192
0.8606
0.2327
0.1379
0.2972
0.09956
1.35
0.1244
1.181
0.3822
0.2567
0.08898
0.116
0.3098
0.824
0.6233
0.7904
0.7141
0.708
0.04425
0.7187
0.7683
1.157
0.7034
0.9201
0.3902
0.14
0.1352
0.3544
0.2384
0.135
0.3006
0.1053
0.9048
0.09155
0.2296
0.1411
0.209
0.1637
0.7919
0.8926
0.2232
0.1102
0.08049
0.3178
0.06075
0.7576
0.9537
0.9872
0.8865
0.8133
0.9262
0.882
0.8423
0.8743
0.885
1.039
0.8209
0.7729
0.9308
0.8881
0.8194
0.9338
0.7919
1.408
8.447
11.56
9.705
9.302
10.34
7.788
5.707
5.817
3.54
2.753
0.5524
0.251
0.2785
0.1368
0.2674
0.2422
0.3265
0.5142
0.2995
0.1593
0.1623
0.3002
0.4646
0.3651
0.428
0.3937
0.322
0.3922
0.3456
0.4089
0.6584
0.4143
0.3113
0.2998
0.3975
0.2071
0.1732
0.2769
0.367
0.2163
0.1371
0.2979
0.01259
0.0001907
0.0
0.0
0.0
0.0
0.0
0.0
0.0
0.0
0.0
0.0
0.0
0.0
0.0
0.0
0.0
0.0
0.631
0.6767
0.5623
0.6447
0.2937
0.1354
0.2556
0.1673
1.311
0.4784
0.4723
