15.99
17.82
25.2
18.51
18.24
19.48
15.41
18.99
19.92
18.95
23.44
19.31
20.07
18.07
11.93
13.62
15.84
13.92
16.36
12.49
14.31
10.86
10.36
10.08
9.631
13.7
13.09
14.89
15.14
19.09
22.46
28.37
29.74
24.73
23.17
23.19
17.41
17.75
13.35
10.34
12.55
15.94
13.38
11.98
15.65
13.77
12.99
13.55
14.72
19.56
16.6
17.36
17.33
18.31
21.26
21.24
18.73
21.61
21.19
21.51
18.65
18.7
15.19
16.43
21.14
27.64
14.97
15.72
12.84
10.57
13.96
17.41
16.53
18.43
19.85
20.85
21.56
21.24
23.34
22.61
15.97
17.14
18.51
12.43
8.081
12.57
8.093
11.05
14.62
17.53
14.09
14.36
14.6
12.13
14.89
15.43
10.44
18.65
16.92
15.55
17.7
23.63
24.34
26.32
22.73
17.82
19.38
14.36
15.87
23.0
17.8
15.23
10.45
10.75
13.01
15.38
11.52
12.5
14.26
16.65
15.26
20.39
14.16
17.46
21.46
24.15
19.85
17.9
16.31
13.35
11.6
9.106
8.569
12.43
9.619
9.07
10.84
9.106
8.423
10.95
8.508
8.24
10.36
10.67
13.13
22.95
19.56
20.85
20.61
22.19
21.63
21.07
16.92
19.8
15.41
15.53
14.89
19.63
16.11
16.77
16.92
17.38
16.19
15.6
11.28
11.16
9.924
11.76
10.62
14.31
12.4
13.43
13.45
13.92
16.99
15.8
22.61
18.14
12.55
14.79
13.5
15.5
16.46
20.73
17.94
20.19
21.92
24.0
16.94
15.92
15.01
15.09
13.82
14.21
25.05
17.99
21.31
22.09
22.44
20.95
17.99
23.39
20.48
19.24
14.28
14.26
13.79
14.01
21.46
20.92
12.87
13.77
12.57
12.62
16.31
13.43
15.53
18.99
23.85
20.73
18.31
16.75
13.77
11.12
11.94
14.48
13.43
10.9
11.82
16.89
10.89
10.33
11.6
9.68
9.827
10.21
11.39
13.11
13.23
14.6
16.09
15.82
16.58
18.38
22.07
17.8
20.29
16.53
17.9
20.61
21.19
19.36
19.95
18.41
17.58
16.28
17.07
15.67
14.7
12.52
12.44
12.41
14.84
18.14
18.48
20.92
20.61
21.83
20.8
21.12
21.78
21.53
18.92
17.24
19.63
15.21
15.97
14.38
16.94
15.28
16.7
19.26
19.07
20.39
19.58
16.41
15.26
18.97
15.06
19.04
26.03
23.17
19.24
15.72
16.6
17.53
19.53
22.27
19.36
15.5
18.46
22.71
19.75
19.43
23.61
15.84
17.94
14.33
16.75
15.87
9.375
13.04
10.99
14.16
20.56
22.27
18.02
17.41
18.55
21.36
23.46
22.17
19.56
22.27
15.6
22.71
21.34
17.14
15.16
15.48
16.38
19.14
18.99
19.07
20.14
17.43
19.78
17.48
20.85
22.56
20.95
23.12
24.63
23.27
17.43
19.48
16.48
15.94
16.11
16.41
17.11
16.46
16.46
18.12
20.9
17.46
19.82
18.53
17.36
17.19
13.87
12.34
15.99
13.06
14.18
15.26
16.67
16.5
18.85
19.24
18.07
16.58
17.31
14.43
14.09
19.17
17.5
18.58
18.6
16.82
16.09
17.31
16.67
20.65
14.16
21.66
22.41
23.93
17.58
20.36
24.02
20.78
22.09
21.68
19.26
14.36
11.88
13.45
14.11
12.37
11.5
11.67
12.55
11.4
9.387
10.62
11.71
11.73
12.72
17.58
15.67
18.46
18.41
18.51
17.24
19.17
19.73
21.24
21.19
23.49
19.7
23.27
19.85
19.02
17.38
17.09
17.6
17.43
16.63
15.92
13.16
12.4
11.0
11.35
16.67
15.72
20.46
20.34
17.75
16.24
12.79
13.26
14.43
12.89
13.62
15.5
13.89
13.6
13.77
14.31
14.4
12.82
11.85
11.35
6.567
8.752
9.229
11.36
13.16
15.67
18.38
17.02
19.7
15.28
19.21
17.09
20.43
21.92
15.31
17.8
18.12
17.85
17.8
16.31
18.16
16.65
17.33
16.11
15.01
14.97
12.87
12.5
16.72
14.23
17.58
15.26
16.85
16.33
13.67
15.23
15.99
14.53
17.63
18.31
15.97
18.68
21.07
13.6
9.851
10.64
10.94
12.38
10.83
9.998
8.02
10.29
14.06
16.75
16.06
16.41
16.67
22.92
22.31
16.19
13.31
12.23
12.19
12.5
12.55
12.22
11.19
10.31
12.87
10.61
9.705
10.33
9.387
9.29
9.888
13.09
13.92
16.77
16.5
16.92
18.92
19.46
19.68
20.56
20.41
24.44
26.22
24.02
19.12
18.85
16.97
18.41
15.87
16.38
17.65
17.8
17.11
15.5
16.04
18.07
20.87
18.31
21.19
24.0
21.68
21.58
22.29
20.17
21.02
16.97
17.31
18.21
19.21
26.76
26.95
27.34
28.22
28.96
26.03
24.17
23.39
9.534
7.544
12.18
14.04
13.94
13.65
13.09
15.97
16.82
16.97
16.48
16.28
14.4
11.3
13.77
14.45
12.96
11.46
9.888
10.41
11.41
10.13
10.49
8.545
10.1
11.01
8.35
12.96
14.14
15.06
14.01
18.24
20.07
22.31
23.8
24.95
23.75
19.73
21.78
18.29
20.14
18.29
13.79
13.65
15.89
15.45
15.23
15.55
15.21
17.5
18.33
18.65
18.12
18.77
18.82
19.56
18.63
18.87
18.97
15.09
15.38
17.8
20.29
15.67
15.84
15.99
15.09
16.92
14.16
16.72
13.28
15.67
20.92
21.56
22.97
21.14
20.7
16.55
15.77
16.85
14.28
13.43
14.6
9.46
9.717
9.302
17.09
15.5
9.314
7.666
21.73
24.49
21.88
22.73
22.17
16.89
16.16
9.094
12.23
12.5
12.22
10.71
17.19
24.27
18.82
17.19
20.0
19.53
15.7
15.8
18.02
15.19
19.75
16.6
14.92
14.14
15.21
15.04
16.65
14.62
13.43
12.06
15.28
15.99
19.12
19.19
19.02
20.26
23.9
20.83
21.34
20.21
20.24
17.97
20.87
17.48
17.85
19.48
17.87
18.75
14.99
16.14
16.31
15.19
13.45
12.34
14.82
15.06
16.65
16.04
19.12
16.99
16.28
16.43
17.68
17.09
17.5
16.33
17.21
14.84
14.65
14.97
14.01
14.31
16.33
14.18
12.7
12.52
6.348
6.287
11.95
13.6
16.55
19.48
17.26
15.43
18.58
17.24
18.41
14.31
13.92
18.95
20.56
21.46
21.34
23.68
23.22
23.58
22.19
23.14
20.12
21.02
18.87
17.77
19.07
18.29
18.38
17.5
21.24
19.09
17.75
20.19
14.28
16.41
16.21
12.07
14.97
14.43
14.38
13.31
13.72
14.97
15.48
14.28
16.63
13.79
15.62
14.53
18.65
20.24
19.65
20.53
17.31
15.11
22.34
15.75
12.06
9.521
10.17
9.241
11.61
10.47
8.008
7.922
8.374
11.27
8.472
10.33
9.143
12.01
12.57
14.82
17.94
16.89
18.95
17.94
19.43
20.8
23.29
18.48
19.36
17.92
17.36
19.48
20.85
19.41
20.0
14.55
12.84
12.62
18.41
