20.43
20.0
16.04
20.04
13.94
12.34
15.23
25.93
28.56
25.68
15.38
16.31
17.41
15.45
26.66
28.27
18.92
0.8804
0.3906
9.912
17.33
14.55
15.65
12.96
17.87
15.21
17.14
23.88
28.17
28.71
14.31
13.23
25.83
25.34
28.71
14.43
16.04
23.75
28.42
27.34
12.41
25.05
34.13
34.23
35.3
34.96
26.46
36.23
26.81
6.396
17.07
14.4
34.47
35.06
33.69
34.91
26.51
35.21
29.15
8.301
32.32
33.54
32.62
34.03
33.15
23.54
33.94
23.34
12.55
16.77
7.043
1.057
33.54
34.13
34.72
33.25
25.39
22.51
32.28
18.55
23.14
32.23
27.49
14.53
13.38
11.57
23.73
27.73
25.73
13.04
32.81
34.81
34.72
32.03
18.33
33.01
27.98
16.48
7.019
29.0
32.71
34.18
33.74
27.0
30.08
25.59
15.65
21.19
23.44
27.29
22.78
13.65
35.06
35.35
30.66
33.54
24.71
33.4
22.68
27.59
28.37
24.41
14.62
13.55
21.51
28.12
29.79
14.01
14.99
31.25
24.68
28.47
32.08
33.89
20.78
34.38
20.85
4.639
31.05
33.3
31.74
32.67
31.25
26.9
31.01
17.29
18.75
18.95
18.12
18.97
13.53
36.72
31.01
31.49
33.15
29.59
22.34
28.81
20.09
12.5
30.32
31.35
29.2
29.93
31.1
19.07
29.15
23.1
14.6
15.67
18.04
17.14
12.72
15.62
12.57
18.7
18.12
18.8
17.85
15.82
18.46
7.288
0.1875
0.06247
0.02604
0.02604
0.02604
0.02604
0.7607
13.82
15.36
17.99
13.57
0.2655
13.92
16.31
10.5
15.41
19.38
28.12
29.3
19.07
17.75
26.46
27.93
21.34
0.9537
0.5104
0.03128
0.02604
0.02604
0.02604
1.271
14.65
17.6
16.53
17.04
17.31
16.55
14.5
13.43
17.04
24.22
25.59
23.22
15.89
16.58
14.84
15.28
9.839
0.2029
0.07296
0.02604
0.02604
0.03128
0.02604
8.264
14.16
13.62
14.43
18.02
16.97
15.31
15.99
13.87
15.7
15.6
17.14
17.8
11.73
16.28
15.31
16.48
21.83
24.76
14.21
0.8118
0.4059
0.03128
0.02604
7.239
12.04
12.65
16.21
16.04
16.02
23.02
14.28
11.79
12.5
14.23
14.7
15.28
14.92
14.72
16.33
11.67
4.474
0.1926
0.05732
0.03128
0.02604
0.03643
0.02604
5.029
12.57
13.18
6.921
15.48
12.92
0.4791
16.97
19.02
21.14
21.26
16.02
14.01
14.45
16.82
18.55
19.53
20.53
3.54
0.6096
0.09899
0.03128
0.02604
0.02604
0.03128
9.558
13.45
12.35
13.4
13.18
13.75
15.06
11.79
12.94
12.62
13.82
12.08
14.36
15.38
16.99
15.99
23.49
16.5
0.8698
0.4372
0.02604
0.03128
0.02604
0.02604
1.907
17.02
11.6
16.58
12.94
12.16
16.7
12.46
15.45
15.14
23.34
25.24
18.19
18.04
20.92
22.27
10.58
0.8224
0.3231
0.03128
0.02604
0.02604
0.02604
0.03128
11.73
13.28
14.18
14.87
11.67
11.02
10.08
10.45
24.07
25.49
24.12
25.29
26.42
25.98
25.88
22.29
19.09
16.85
15.23
14.94
15.43
16.26
17.04
19.02
19.21
22.92
24.17
23.71
25.93
26.71
25.83
26.46
28.66
27.54
28.81
21.39
10.1
14.09
21.66
22.46
20.21
20.68
23.17
22.63
19.58
17.92
16.63
16.14
16.75
15.14
3.473
3.284
19.8
21.46
22.49
23.44
23.68
25.88
30.13
27.34
26.22
24.78
23.78
22.27
20.63
19.7
19.97
19.48
17.72
15.65
15.53
15.14
15.48
15.82
16.11
16.19
16.65
16.8
16.26
15.31
15.8
15.38
15.99
15.14
15.06
4.73
8.191
10.21
14.18
16.7
16.11
23.05
19.53
22.05
19.53
19.92
16.63
15.31
17.38
15.94
18.19
0.2811
7.715
21.12
22.19
21.44
20.65
22.14
24.07
25.39
24.83
25.05
26.27
25.2
24.15
21.31
20.85
22.31
19.85
19.29
20.53
19.26
16.99
18.48
20.48
19.82
19.75
20.19
18.95
18.68
17.97
16.92
16.48
5.133
12.49
17.29
15.87
15.97
25.1
24.83
18.6
16.04
15.31
14.82
15.48
15.67
17.77
16.02
10.67
3.174
19.02
21.34
26.32
25.78
27.0
26.66
27.78
25.73
23.73
22.71
22.17
22.02
21.63
24.56
27.69
25.73
25.78
25.93
25.15
25.15
25.34
27.54
20.73
21.83
22.75
24.63
16.53
7.288
11.4
19.68
26.81
26.76
26.66
22.97
17.16
17.99
18.48
21.39
18.48
14.53
5.914
7.214
20.51
21.09
22.31
23.32
22.95
23.0
25.44
28.17
26.95
25.63
27.64
27.0
27.83
28.27
27.39
26.07
24.05
23.17
27.49
26.22
24.71
24.73
25.39
23.9
26.76
9.058
10.75
25.39
20.58
24.0
27.34
24.51
23.9
17.36
19.02
20.61
14.84
18.43
2.756
10.4
23.78
22.9
23.61
22.63
26.32
12.35
18.68
28.52
26.32
15.33
24.76
18.12
17.63
15.75
22.19
18.95
3.784
8.35
22.34
31.98
30.13
28.81
28.47
29.79
28.42
24.83
23.9
32.57
32.76
29.98
27.59
22.88
20.83
18.6
15.7
15.62
15.31
15.23
15.14
15.45
15.53
15.11
15.19
15.43
15.14
15.48
12.24
11.23
14.26
18.75
17.5
17.31
17.43
19.97
20.53
27.2
23.41
22.22
22.63
21.44
2.902
16.77
22.63
23.66
25.78
25.44
28.96
31.88
33.35
31.79
34.42
34.52
30.47
29.2
25.29
23.56
20.97
19.95
17.29
15.55
15.53
15.16
15.45
15.38
14.94
15.48
16.21
15.62
13.53
9.521
13.28
24.68
29.3
30.37
29.83
27.0
23.68
26.56
28.71
12.1
15.99
16.24
15.7
15.58
15.09
16.02
12.96
14.92
13.28
14.94
15.97
15.53
14.75
15.7
16.48
21.12
16.99
15.62
18.75
20.85
18.82
18.75
19.56
24.56
14.75
17.63
14.6
15.77
21.44
18.43
20.07
17.9
16.77
13.53
15.87
16.94
15.38
19.95
15.77
18.46
14.58
24.34
25.78
26.81
30.71
31.15
29.2
28.22
27.54
24.73
24.32
24.95
25.15
24.61
23.34
23.46
26.07
29.74
31.4
30.13
26.71
24.83
27.49
29.98
14.18
16.36
27.49
26.12
23.83
22.02
24.54
24.76
19.9
23.95
23.14
18.53
7.385
14.38
17.33
14.45
15.62
14.65
18.26
21.24
20.02
24.61
15.94
14.21
16.19
16.04
13.72
13.11
13.55
16.63
15.84
19.73
26.32
3.052
11.91
14.58
19.58
23.46
23.0
15.33
13.04
15.82
14.31
15.77
15.09
12.13
10.13
4.492
17.31
21.97
21.63
21.85
6.97
0.75
0.1875
0.02604
0.02604
0.03128
0.02604
0.03128
0.02604
0.03128
0.02604
0.03128
0.02604
0.03128
0.02604
0.02604
0.02604
0.03128
0.02079
0.03128
0.2552
18.92
16.11
14.92
14.21
14.38
16.99
13.11
16.7
15.77
19.36
