0.06227
0.05989
0.06485
0.08688
0.07954
0.07172
0.09384
0.09317
0.07639
0.07849
0.08183
0.07486
0.06304
0.07906
0.07372
0.07153
0.07772
0.06733
0.06056
0.06332
0.06142
0.06647
0.05589
0.08335
0.06723
0.07706
0.07124
0.0639
0.04959
0.04578
0.04921
0.05894
0.05312
0.06247
0.07029
0.07868
0.06227
0.06065
0.07353
0.06008
0.06523
0.08001
0.07467
0.08335
0.07057
0.07296
0.07677
0.07229
0.08421
0.08745
0.08211
0.07219
0.06466
0.08249
0.07029
0.09298
0.06981
0.06714
0.0762
0.068
0.0535
0.0679
0.04997
0.04616
0.06123
0.05512
0.05579
0.06542
0.06523
0.0556
0.06618
0.05531
0.05312
0.04568
0.04959
0.06008
0.04215
0.04044
0.04673
0.04826
0.06914
0.05169
0.07334
0.06514
0.06809
0.07381
0.0886
0.05913
0.05102
0.07706
0.1059
0.03681
0.1228
0.0824
0.0289
0.0617
0.04139
0.08354
0.04959
0.05951
0.08516
0.0699
0.1289
0.04864
0.04358
0.07095
0.05369
0.04578
0.07238
0.06905
0.05064
0.06275
0.0495
0.06752
0.04597
0.05903
0.07944
0.06905
0.07315
0.05665
0.1011
0.06895
0.0577
0.06704
0.05789
0.05465
0.033
0.03748
0.04749
0.06151
0.04234
0.0433
0.04473
0.04816
0.06342
0.05722
0.07792
0.05589
0.0412
0.04387
0.03767
0.03929
0.04444
0.04711
0.04005
0.05064
0.07849
0.06723
0.06618
0.05589
0.06227
0.05598
0.1856
0.07229
0.07162
0.06342
0.08135
0.05426
0.05627
0.0515
0.07401
0.08965
0.05894
0.07896
0.07753
0.06075
0.06123
0.06065
0.06294
0.07124
0.06542
0.07401
0.06237
0.06304
0.06189
0.06714
0.07181
0.07801
0.08259
0.07095
0.09565
0.07544
0.0639
0.07343
0.06981
0.1011
0.07267
0.07334
0.08202
0.1095
0.09174
0.1017
0.1093
0.1059
0.1141
0.1026
0.08221
0.1028
0.1112
0.127
0.1198
0.119
0.12
0.1032
0.09289
0.1339
0.09594
0.09899
0.1184
0.1167
0.1104
0.09975
0.08583
0.09975
0.07429
0.09689
0.09165
0.1259
0.09041
0.09232
0.09098
0.09632
0.09203
0.1528
0.1299
0.07944
0.1104
0.1114
0.1085
0.1394
0.1049
0.1339
0.1169
0.1192
0.1091
0.103
0.09251
0.09089
0.09804
0.1062
0.0885
0.09174
0.116
0.1137
0.1339
0.1074
0.1179
0.1007
0.1011
0.09899
0.108
0.1234
0.1253
0.0967
0.1133
0.07286
0.08497
0.1219
0.1017
0.1022
0.08554
0.06323
0.08612
0.07925
0.09604
0.072
0.08574
0.07753
0.08593
0.08831
0.08249
0.09575
0.09146
0.08078
0.08526
0.09241
0.07515
0.08354
0.0659
0.0783
0.07343
0.06618
0.06762
0.07343
0.07849
0.09012
0.06266
0.08516
0.07343
0.0988
0.08631
0.0824
0.0638
0.07133
0.06447
0.07639
0.07505
0.09861
0.06037
0.1078
0.07639
0.08659
0.08278
0.08316
0.06218
0.08926
0.06275
0.08287
0.06437
0.1013
0.07381
0.08707
0.07448
0.0823
0.0968
0.128
0.08059
0.09146
0.103
0.1047
0.07877
0.08192
0.07324
0.09842
0.09642
0.0968
0.0783
0.07219
0.0803
0.06495
0.0783
0.06523
0.09041
0.07324
0.08574
0.08411
0.09155
0.08135
0.1028
0.07
0.0598
0.06504
0.07448
0.06037
0.07095
0.04387
0.07839
0.0658
0.05388
0.06599
0.068
0.05274
0.05436
0.05379
0.04787
0.07429
0.05903
0.06742
0.0556
0.07448
0.03815
0.05531
0.04902
0.06104
0.04044
0.04864
0.05169
0.05951
0.04711
0.04005
0.03481
0.04597
0.05274
0.04902
0.04892
0.0576
0.05217
0.04244
0.07858
0.05884
0.0576
0.07477
0.1087
0.06084
0.06199
0.05169
0.07782
0.06256
0.06275
0.0659
0.05751
0.07515
0.08841
0.08459
0.08326
0.06638
0.06256
0.06008
0.06428
0.04759
0.05665
0.03948
0.08221
0.06542
0.04959
0.06618
0.04606
0.0515
0.1019
0.06752
0.09508
0.06914
0.06361
0.07944
0.09623
0.1154
0.06123
0.05312
0.08612
0.07057
0.05617
0.07238
0.03796
0.04606
0.0453
0.06819
0.07458
0.05074
0.07467
0.05417
0.05703
0.05598
0.04797
0.06886
0.06523
0.07315
0.08564
0.0598
0.09241
0.07792
0.08202
0.06609
0.06123
0.08001
0.1184
0.08659
0.07935
0.08364
0.1163
0.1379
0.09041
0.1032
0.09251
0.09546
0.06456
0.1038
0.09279
0.09594
0.09995
0.08335
0.07362
0.103
0.07811
0.0946
0.08888
0.0948
0.1005
0.1404
0.127
0.1444
0.08907
0.1234
0.1324
0.1144
0.1165
0.0967
0.1102
0.1181
0.1587
0.1411
0.103
0.09594
0.1114
0.09956
0.1152
0.1032
0.106
0.1499
0.168
0.1284
0.1513
0.1343
0.1219
0.1104
0.1316
0.1755
0.1331
0.1528
0.1465
0.1225
0.1814
0.07868
0.1657
0.1348
0.2228
0.1001
0.1183
0.08707
0.1022
0.1125
0.1143
0.0988
0.09804
0.1135
0.08173
0.09537
0.1129
0.1017
0.08993
0.09317
0.08621
0.08116
0.1059
0.08497
0.08011
0.1123
0.1228
0.07448
0.09031
0.09117
0.07076
0.07515
0.1022
0.07944
0.08669
0.09127
0.08163
0.108
0.09394
0.08297
0.07668
0.07668
0.08802
0.06733
0.07467
0.09165
0.08183
0.0948
0.08841
0.07563
0.08154
0.0783
0.0864
0.07133
0.07563
0.07992
0.07048
0.07391
0.09556
0.07915
0.07181
0.07162
0.08221
0.07505
0.07591
0.05569
0.07467
0.07401
0.07534
0.07896
0.072
0.08011
0.07782
0.1028
0.08335
0.07639
0.0782
0.07505
0.08764
0.06361
0.09842
0.0699
0.0885
0.07601
0.09594
0.07267
0.08526
0.1041
0.1011
0.1257
0.08688
0.1425
0.1049
0.07687
0.07496
0.07095
0.09356
0.07982
0.06943
0.08917
0.09403
0.07324
0.06971
0.08011
0.07105
0.08221
0.0885
0.08726
0.07887
0.08097
0.07162
0.08163
0.06819
0.07696
0.08154
0.08802
0.07877
0.07992
0.08316
0.0927
0.06924
0.09861
0.07057
0.06971
0.06113
0.06638
0.06685
0.06599
0.07372
0.06571
0.06838
0.06313
0.06266
0.0659
0.06466
0.07114
0.07057
0.06485
0.05722
0.06018
0.0495
0.06733
0.06475
0.07753
0.08984
0.05617
0.04082
0.05798
0.05302
0.04797
0.04063
0.07515
0.05922
0.09212
0.04272
0.06771
0.04778
0.05541
0.04568
0.06266
0.0659
0.0843
0.04196
0.04129
0.05646
0.05741
0.06227
0.04663
0.0721
0.06113
0.05569
0.06628
0.05941
0.03653
0.04873
0.05951
0.06256
0.05264
0.04244
0.06523
0.05636
0.06075
0.05131
0.05684
0.05798
0.04616
0.06971
0.05751
0.04673
0.03977
0.06771
0.05589
0.1324
0.05674
0.05236
0.05178
0.0493
0.05426
0.05178
0.1402
0.0701
0.06561
0.07477
0.05894
0.0885
0.05054
0.06475
0.06008
0.06609
0.06533
0.05245
0.0639
0.04921
0.07467
0.0536
0.06981
0.05522
0.05369
0.05121
0.05503
0.07734
0.03843
0.06905
0.06971
0.07782
0.09718
0.08049
0.06552
0.06065
0.07
0.07133
0.07114
0.08068
0.09212
0.08955
0.06285
0.06094
0.06371
0.1095
0.08965
0.08917
0.09108
0.07973
0.07391
0.06227
0.09422
0.07982
0.09785
0.07544
0.08717
0.0721
0.06828
0.06332
0.1051
0.07992
0.09003
0.08545
0.09899
0.0844
0.1009
0.08869
0.06638
0.08078
0.09489
0.09785
0.07868
0.09537
0.08974
0.09098
0.09556
0.1049
0.08545
0.0865
0.08783
0.08202
0.0886
0.09594
0.09117
0.09346
0.09155
0.09861
0.08631
0.07915
0.1186
0.1232
0.1432
0.1352
0.08898
0.1045
0.1698
0.1001
0.08373
0.09804
0.07715
0.07515
0.1087
0.08039
0.09127
0.08688
0.106
0.08192
0.09356
0.08707
0.08917
0.09193
0.1057
0.06895
0.07877
0.06943
0.08984
