0.1406
0.2964
0.1995
0.1385
0.2815
0.3445
0.4921
0.1455
0.2659
0.1472
0.1842
0.2815
0.3403
0.1793
0.3693
0.009632
9.537e-05
0.0
0.0
0.09003
0.3067
0.1154
0.3716
0.2003
0.2281
0.3258
0.1503
0.312
0.1331
0.2468
0.1442
0.1219
0.03328
0.2083
0.1476
0.1394
0.1394
0.3757
0.1089
0.1213
0.09766
0.3479
0.1011
0.1236
0.2075
0.2052
0.23
0.2602
0.1221
0.1301
0.1051
0.3101
0.1999
0.3189
0.2514
0.2327
0.1923
0.04997
0.9384
0.06599
0.08497
0.03729
0.04702
0.005531
0.3166
0.1717
0.01183
0.005341
0.006199
0.004768
0.01116
0.005627
0.8072
0.5844
0.4578
0.3468
0.1911
0.2441
0.2308
0.2144
0.2365
0.1894
0.1715
0.1543
0.1495
0.1524
0.1753
0.1738
0.1991
0.2174
0.2293
0.1707
0.1776
0.1501
0.1404
0.1774
0.1823
0.1842
0.7355
0.9918
1.073
0.5051
0.2037
0.1965
0.2491
0.5051
0.7202
1.126
0.7225
0.3006
0.2647
0.2541
0.2907
0.4799
0.4189
0.3639
0.3593
0.3376
0.3784
0.3723
0.3983
0.106
0.1818
0.02098
0.0205
0.01907
0.02375
0.4089
3.809
5.347
4.346
3.833
3.577
3.098
1.561
0.03481
0.08278
0.7042
0.1183
0.006199
0.03996
0.05112
0.02346
0.05541
0.02527
0.3288
0.322
0.01669
0.01307
0.01068
0.9506
0.605
0.5745
0.1972
0.1862
0.2499
0.246
0.2392
0.189
0.2403
0.2048
0.209
0.2213
0.2068
0.2037
0.2075
0.2239
0.2102
0.2266
0.209
0.2453
0.6439
0.721
1.239
1.155
0.2262
0.2956
0.4196
0.6477
1.07
0.8728
0.3666
0.3212
0.3284
0.3296
0.4089
0.5112
0.5196
0.605
0.8255
0.2949
0.2747
0.02365
0.01888
0.8301
4.468
5.542
4.602
3.925
3.735
2.454
0.0001907
0.0309
0.4677
0.3838
0.02375
0.05121
0.03071
0.0392
0.01659
0.3456
0.04539
0.01526
0.008392
0.009346
0.824
0.5264
0.4051
0.3323
0.1682
0.2483
0.2789
0.2945
0.2346
0.2357
0.2037
0.1886
0.2052
0.2068
0.2239
0.2537
0.238
0.2071
0.1839
0.2686
0.6226
1.102
1.166
0.8499
0.272
0.4913
0.8057
1.572
0.9842
0.3944
0.3937
0.3693
0.4326
0.4341
0.5066
0.5539
0.4776
0.4929
0.7324
0.6111
0.4379
0.1677
0.008202
0.02489
0.0288
5.139
4.211
2.719
2.747
2.814
3.772
3.424
0.0004768
0.1389
0.8606
0.01097
0.05121
0.02451
0.03109
0.04606
0.007534
0.3654
0.07582
0.01516
0.02012
0.004578
1.259
0.7843
0.2182
0.2323
0.259
0.3036
0.2834
0.2689
0.2766
0.2884
0.2762
0.3296
0.2636
0.2274
0.2213
0.2304
0.3899
0.2674
0.7744
0.8347
1.151
0.9964
0.2991
0.4715
1.801
1.169
0.5516
0.4852
0.5119
0.6538
0.4814
0.4784
0.7172
0.8682
0.9094
0.9079
0.1637
0.02441
0.02728
0.02689
5.615
5.298
4.999
3.516
3.998
2.029
0.01411
0.004864
0.0002861
0.0
0.0
0.0
0.0
0.0
0.0
0.0001907
0.0
9.537e-05
0.0
0.0
0.0
9.537e-05
0.0
0.0
0.0
0.0
0.0
0.0
0.0
0.0
0.0
0.0
0.0
0.0
0.0
9.537e-05
0.0
0.0
0.0
0.0001907
0.0
0.0
0.0
9.537e-05
0.0
0.0
0.0
9.537e-05
0.0
0.0001907
0.0
0.0
0.0
0.0
0.0
0.0
0.0
0.0
0.0
9.537e-05
0.0
0.0
0.0
0.0
0.0
0.0
0.0
0.0
0.0
0.0
0.0
0.0
0.0
0.0
0.0
0.0001907
0.0
0.0001907
0.0
0.0
0.0
9.537e-05
0.0
0.0
0.0
0.0003815
0.0
0.0
0.0
0.0
0.0
0.0
0.0
0.0
0.0
0.0
0.0004768
0.0
0.0
0.0
0.01774
0.6485
0.4532
0.2708
0.2609
0.2708
0.3532
0.2094
0.1848
0.2048
0.1766
0.201
0.3185
0.4051
0.07639
0.3273
0.3109
0.1957
0.2823
0.2514
0.2544
0.2609
0.2209
0.304
0.1999
0.2316
0.2335
0.246
0.2121
0.2491
0.2392
0.2064
0.2476
0.2064
0.2121
0.2106
0.1936
0.2487
0.4272
0.8209
0.2327
0.4875
0.9018
1.042
0.7301
1.291
0.8774
0.6111
0.3658
0.3075
0.3204
0.5348
0.2872
0.2396
0.1003
0.09346
0.1158
0.1162
0.1122
0.178
5.109
7.8
7.507
0.9781
0.0248
0.03996
0.1892
0.05054
2.652
0.01497
0.01764
0.8408
0.1751
0.2895
0.2785
0.2068
0.354
0.1972
0.2014
0.383
0.3216
0.2861
0.3216
0.3204
0.3265
0.2338
0.2739
0.2125
0.201
0.1984
0.2125
0.1657
0.1722
0.1776
0.1976
0.1837
0.1919
0.2251
0.2644
0.2048
0.2308
0.2327
0.2171
0.2075
0.1938
0.1898
0.2171
0.2056
1.024
0.2312
0.4471
1.755
0.8484
1.012
0.5417
0.7431
0.647
0.238
0.2182
0.1949
0.2117
0.2254
0.248
0.2323
0.2342
0.264
0.1862
0.1036
0.09556
0.1144
0.1379
0.1701
1.231
4.333
6.567
7.153
2.609
0.01526
0.02432
0.1854
1.201
1.593
0.01974
0.1972
0.8942
0.2544
0.2983
0.3395
0.4112
0.189
0.1671
0.3403
0.2613
0.3109
0.2567
0.3407
0.2911
0.2415
0.2804
0.2224
0.2045
0.1799
0.1905
0.1801
0.2407
0.1873
0.1848
0.1911
0.1932
0.1846
0.2148
0.2338
0.1776
0.2228
0.2617
0.189
0.5066
0.7172
0.1915
1.141
1.241
1.273
1.088
0.28
0.2342
0.2514
0.3227
0.2453
0.2792
0.3563
0.4074
0.2541
0.3014
0.3582
0.3433
0.3799
0.1707
0.1251
0.1528
0.12
0.01869
0.01726
0.01926
2.96
6.934
7.397
5.933
0.06084
0.3613
0.004768
0.0003815
0.0002861
0.001526
0.0
0.0
0.0
0.0002861
0.0
0.0
0.0
9.537e-05
0.0
9.537e-05
9.537e-05
0.0
0.0
0.0003815
0.01678
0.1535
0.8469
0.2865
0.3143
0.2338
0.4143
0.1877
0.1554
0.172
0.2373
0.3231
0.4074
0.3666
0.4578
0.325
0.2094
0.214
0.181
0.2048
0.1907
0.1793
0.1762
0.1678
0.1968
0.2159
0.193
0.2239
0.2293
0.2083
0.2117
0.2171
0.1797
0.1791
0.168
0.1991
0.211
0.2079
0.2083
0.172
0.5409
0.6607
0.2518
1.018
0.7729
0.9644
1.788
0.2075
0.2716
0.2949
0.2571
0.3223
0.2949
0.2945
0.3033
0.3151
0.1762
0.1291
0.1822
0.1884
0.1659
0.106
0.08583
0.008488
7.104
7.068
6.641
1.126
0.03128
2.655
0.2037
0.01507
0.01097
0.9918
0.2174
0.3731
0.09804
0.4074
0.2422
0.2487
0.2682
0.3952
0.4585
0.3475
0.3326
0.2689
0.2937
0.1987
0.2251
0.194
0.2041
0.189
0.1877
0.2041
0.1944
0.2117
0.214
0.2102
0.2449
0.2026
0.1886
0.2022
0.1881
0.2129
0.2193
0.1886
0.1976
0.198
0.3311
0.9933
0.6485
1.538
1.463
1.35
0.589
0.2941
0.2403
0.2804
0.2918
0.3593
0.3502
0.3166
0.3212
0.09394
0.1398
0.1957
0.285
0.3136
0.2457
8.459
8.789
4.889
2.905
0.5493
0.00124
0.01507
0.853
0.2834
0.2716
0.3178
0.3899
0.2316
0.2331
0.4089
0.5234
0.4753
0.4265
0.3658
0.2922
0.3063
0.2602
0.2998
0.2831
0.2872
0.2712
0.2972
0.2758
0.2911
0.2316
0.2171
1.199
0.6653
2.237
2.039
0.5455
0.5066
0.5539
0.6081
0.9506
0.9598
0.6233
0.2865
0.01049
2.179
9.033
11.91
3.131
0.04606
0.004482
0.002384
0.0
0.0009537
0.0
0.0
0.0
0.0
0.0
0.0
