6.799
6.885
6.812
6.848
7.043
6.885
7.031
6.982
8.008
7.117
6.982
6.812
6.921
7.141
7.031
6.946
6.873
7.153
7.178
7.056
6.885
6.836
6.97
7.068
7.434
7.922
7.214
8.093
7.129
7.227
7.007
8.191
7.495
7.483
7.556
7.666
7.629
7.593
7.715
8.63
7.495
7.544
7.336
7.422
7.507
7.556
7.874
7.886
7.434
7.727
8.594
7.764
7.544
7.861
7.947
7.617
7.788
7.666
7.922
7.678
7.532
7.739
7.764
7.8
7.678
7.947
7.947
7.861
7.764
7.617
7.556
9.387
15.14
16.09
15.75
14.16
14.18
14.04
14.09
14.04
14.14
13.82
13.87
13.99
14.06
13.79
13.87
13.6
13.4
13.23
13.18
13.35
13.18
13.33
13.4
13.28
13.18
13.18
13.18
13.21
13.18
13.21
13.18
13.23
13.18
13.31
13.23
13.18
13.18
13.18
13.18
13.18
13.18
13.18
13.18
13.18
13.18
13.28
13.18
13.18
13.18
13.06
12.99
13.01
13.01
13.01
13.01
13.01
12.99
12.99
12.99
12.99
12.84
12.79
12.79
12.79
12.79
12.79
12.82
12.79
12.79
12.49
12.41
12.41
12.41
12.41
12.41
12.24
12.04
12.04
12.02
12.04
12.02
12.04
12.04
11.85
11.72
11.63
11.47
11.12
11.06
11.06
11.05
11.06
11.05
11.02
10.85
10.67
10.67
10.67
10.67
10.66
9.851
9.668
9.497
9.119
8.826
8.716
8.716
8.716
8.716
8.716
8.643
8.24
8.008
8.008
7.947
8.008
7.458
7.458
7.556
7.8
7.41
7.959
7.69
7.263
7.214
7.312
7.434
7.373
7.422
7.288
7.08
6.958
7.214
7.08
7.043
7.288
7.202
7.104
7.471
7.141
7.251
7.471
7.263
7.458
7.263
7.434
7.19
7.104
7.312
7.019
6.97
7.336
7.263
7.568
7.214
7.263
7.385
8.337
7.385
7.166
7.471
7.922
8.264
7.117
7.422
7.275
7.251
7.092
7.275
7.214
7.373
7.361
7.275
7.178
8.118
7.727
7.19
7.104
7.397
7.532
7.471
7.275
6.982
7.227
7.458
7.251
7.3
7.3
8.618
7.825
7.336
7.312
7.153
7.043
7.275
7.471
7.275
7.251
7.654
7.385
7.092
7.227
7.166
7.568
7.471
7.52
8.63
8.081
7.031
7.373
7.288
7.935
7.288
7.336
7.458
7.227
7.275
7.349
7.166
8.386
7.495
7.483
7.312
7.3
7.19
7.202
7.239
7.434
7.288
7.8
7.568
7.41
7.312
7.41
7.3
7.324
7.361
7.581
7.654
7.458
7.446
7.214
7.239
7.373
7.434
7.556
7.532
7.214
7.324
7.312
7.617
7.373
7.336
9.094
16.09
16.09
15.94
15.62
15.92
15.92
15.89
15.6
15.41
15.62
15.19
14.94
14.84
15.11
14.84
14.77
14.72
14.75
14.77
14.55
14.87
14.77
14.55
14.28
14.16
14.16
14.16
14.16
14.16
14.16
14.16
14.16
14.16
14.16
13.96
14.09
13.77
13.77
13.77
13.87
13.18
13.18
13.18
12.84
12.35
12.33
12.46
12.45
12.33
12.92
12.33
12.02
12.04
12.18
12.02
12.04
12.02
12.02
12.01
12.01
11.87
11.63
11.63
11.49
12.17
11.34
10.94
10.86
10.51
10.56
10.52
10.55
10.66
10.55
10.66
10.3
10.27
10.18
9.888
9.863
9.363
9.534
10.34
9.241
9.79
8.85
8.85
8.85
9.46
8.875
8.862
8.765
8.862
8.716
8.716
9.009
8.936
9.033
8.667
8.85
8.826
8.826
8.923
8.582
8.508
9.192
8.459
8.081
8.362
8.301
8.435
8.655
8.374
8.24
8.301
8.105
7.666
7.52
7.568
7.703
7.715
7.605
7.544
7.422
7.593
7.495
7.642
7.886
7.849
7.629
7.642
7.288
7.166
7.263
7.91
7.288
8.069
7.715
7.349
7.349
7.178
7.239
7.288
7.312
7.593
7.251
7.068
7.068
7.019
7.019
7.153
7.227
7.251
7.227
7.3
7.3
7.275
7.08
7.153
7.178
7.349
7.336
7.129
7.349
7.202
7.141
7.141
7.043
7.434
7.446
8.423
7.214
7.141
7.104
7.507
7.52
7.385
7.544
7.166
7.227
7.251
7.312
7.19
6.97
7.178
7.288
7.043
7.898
7.227
7.227
7.397
7.385
7.336
7.117
7.227
7.593
7.275
7.007
7.324
8.423
7.471
7.3
7.361
7.141
7.251
7.312
7.397
7.385
7.324
7.825
7.41
7.312
7.166
7.434
7.422
7.178
7.568
8.655
7.385
7.373
7.227
7.214
8.105
7.397
7.263
7.336
7.361
7.458
7.458
7.288
8.13
7.178
7.385
7.471
7.397
7.446
7.275
6.982
7.397
7.373
7.19
7.715
8.203
7.397
7.532
7.593
7.41
7.202
7.336
7.117
7.458
7.385
7.324
7.581
7.385
7.166
7.263
7.312
7.227
7.361
7.532
7.397
7.3
7.568
7.3
7.239
7.385
7.788
8.984
15.72
15.75
15.67
15.53
15.53
15.7
15.7
15.48
15.14
15.06
15.06
14.84
14.87
15.06
14.99
14.94
14.16
14.16
14.16
14.16
14.16
14.16
14.16
14.16
14.16
14.16
14.14
13.89
13.77
13.87
14.4
13.77
13.62
13.4
13.57
13.31
12.92
12.92
12.79
12.79
12.82
12.74
12.72
12.84
13.31
12.62
12.55
12.62
12.7
12.6
12.62
12.65
12.48
12.52
12.57
12.57
12.41
12.41
12.41
12.4
13.21
12.46
12.41
12.21
11.77
11.58
11.74
11.66
11.57
11.18
11.16
11.13
11.41
10.27
10.31
10.29
10.22
10.01
10.03
10.13
10.28
10.86
10.36
10.08
10.05
10.12
10.19
9.912
9.705
9.827
10.38
9.644
9.509
9.619
9.521
9.631
9.741
9.448
9.497
9.399
9.375
9.326
9.302
9.302
9.302
9.302
9.302
9.302
9.302
9.302
9.265
8.899
8.423
8.386
8.264
8.362
7.581
7.336
7.324
7.727
7.361
8.093
7.312
7.3
7.214
7.361
7.251
7.458
7.422
7.263
7.092
7.227
7.08
7.312
7.275
7.166
7.3
7.312
7.446
7.336
7.349
7.312
7.19
7.166
7.275
7.446
7.178
7.19
