0.02403
0.01802
0.02432
0.01621
0.0267
0.02203
0.03414
0.02537
0.02508
0.0288
0.02451
0.02527
0.02918
0.03481
0.03223
0.03014
0.02804
0.03061
0.02813
0.02899
0.02518
0.02851
0.02842
0.05474
0.04873
0.02766
0.02651
0.03033
0.02995
0.02899
0.02928
0.03815
0.02861
0.03433
0.02823
0.03939
0.02737
0.03119
0.03014
0.03109
0.03281
0.02413
0.0288
0.04807
0.02985
0.03424
0.02556
0.02918
0.02327
0.02995
0.03576
0.03071
0.03595
0.03376
0.0411
0.07486
0.03281
0.03519
0.035
0.04101
0.03052
0.02651
0.0308
0.02604
0.02499
0.03405
0.0289
0.02842
0.0329
0.03786
0.0246
0.02375
0.03176
0.02661
0.0267
0.03624
0.02289
0.0309
0.0617
0.03843
0.01612
0.05398
0.004959
0.02928
0.0003815
0.02699
0.01545
0.003529
0.02623
0.02327
0.02155
0.02794
0.02661
0.03252
0.02575
0.03271
0.02766
0.02289
0.02794
0.02356
0.02604
0.02375
0.0246
0.0268
0.02394
0.02718
0.0247
0.02718
0.0247
0.02518
0.02842
0.02508
0.0267
0.05713
0.02995
0.0267
0.01869
0.02813
0.0289
0.0267
0.03347
0.03395
0.02642
0.03052
0.02308
0.02756
0.02642
0.04034
0.02451
0.03128
0.02556
0.02708
0.02489
0.04339
0.02832
0.03223
0.02708
0.03204
0.02699
0.03195
0.0309
0.02737
0.02747
0.02661
0.03815
0.09222
0.03328
0.02966
0.0351
0.03614
0.02766
0.03395
0.02995
0.03881
0.03347
0.03195
0.104
0.03691
0.03204
0.03605
0.02832
0.03386
0.02775
0.02995
0.03309
0.03653
0.03862
0.0411
0.0309
0.0474
0.0268
0.0
0.05827
0.07076
0.0638
0.05674
0.05388
0.05894
0.05226
0.06285
0.106
0.04482
0.05093
0.06104
0.05159
0.05617
0.05732
0.06332
0.05264
0.06247
0.06695
0.06037
0.05331
0.06685
0.05932
0.06895
0.05236
0.06628
0.06037
0.07048
0.06313
0.0576
0.0577
0.0679
0.00124
0.06199
0.07124
0.05598
0.06561
0.06199
0.06647
0.004387
0.072
0.06723
0.07238
0.07076
0.07496
0.0701
0.06313
0.07572
0.1509
0.05627
0.145
0.072
0.06542
0.05999
0.07544
0.06742
0.07648
0.06723
0.0596
0.08268
0.06762
0.08316
0.07524
0.07915
0.06342
0.04511
0.05236
0.05035
0.04711
0.0617
0.04997
0.05684
0.05589
0.05407
0.05178
0.05541
0.05426
0.05054
0.05102
0.04921
0.04835
0.05436
0.05121
0.05074
0.08736
0.05426
0.04692
0.04683
0.04368
0.05102
0.05512
0.05665
0.04921
0.06056
0.05045
0.05007
0.06647
0.05922
0.0598
0.05951
0.06008
0.04959
0.05102
0.0617
0.05007
0.05474
0.05188
0.04482
0.05083
0.04234
0.05388
0.05159
0.05112
0.06084
0.07133
0.05255
0.05836
0.0514
0.05369
0.06161
0.05474
0.0577
0.05884
0.05226
0.04025
0.04921
0.1263
0.04997
0.05846
0.05102
0.05932
0.0535
0.05922
0.05884
0.05264
0.04883
0.06056
0.04597
0.05388
0.0494
0.04883
0.2155
0.05589
0.06056
0.04444
0.05617
0.04377
0.05341
0.04635
0.05112
0.0536
0.05178
0.05026
0.05484
0.05589
0.05226
0.04272
0.05808
0.0536
0.0536
0.05331
0.05159
0.05875
0.05455
0.04368
0.0494
0.0555
0.05627
0.04616
0.04396
0.05264
0.05522
0.05779
0.05627
0.04482
0.06533
0.04683
0.0411
0.0391
0.05398
0.05493
0.06075
0.04549
0.08287
0.03891
0.03557
0.04053
0.03481
0.03347
0.03586
0.04301
0.0391
0.03481
0.03338
0.03672
0.03681
0.04005
0.03405
0.04234
0.03862
0.03996
0.03099
0.0474
0.04063
0.04492
0.03901
0.05159
0.04253
0.03681
0.04101
0.04988
0.0391
0.0351
0.03414
0.03271
0.02823
0.03376
0.02594
0.02747
0.02804
0.03157
0.02747
0.02937
0.02766
0.03405
0.03366
0.03166
0.02947
0.02785
0.02279
0.02699
0.02165
0.02775
0.02842
0.02747
0.02651
0.0
0.02756
0.0329
0.02489
0.03242
0.02785
0.03538
0.03109
0.033
0.03567
0.02975
0.03672
0.03395
0.03119
0.03185
0.037
0.03185
0.04025
0.03471
0.03281
0.02499
0.03262
0.02489
0.03233
0.03138
0.02556
0.03214
0.03281
0.03109
0.03376
0.03643
0.0391
0.02718
0.03605
0.02832
0.02766
0.03138
0.0329
0.03557
0.02966
0.0351
0.03691
0.03414
0.02956
0.03958
0.0329
0.03395
0.03729
0.03233
0.02975
0.03481
0.03405
0.03357
0.03767
0.02747
0.03176
0.02995
0.02861
0.0329
0.02813
0.0351
0.02842
0.03204
0.03557
0.0349
0.04053
0.04044
0.03805
0.1022
0.04377
0.05007
0.04253
0.04997
0.04406
0.0411
0.03967
0.03433
0.04616
0.04873
0.03815
0.03433
0.03614
0.03643
0.04234
0.033
0.03643
0.03901
0.03834
0.03166
0.0351
0.03395
0.03595
0.04311
0.03605
0.07029
0.08316
0.04396
0.08717
0.05026
0.06323
0.04606
0.03319
0.03614
0.06027
0.05169
0.03242
0.03614
0.03443
0.03023
0.03796
0.03691
0.04148
0.037
0.03843
0.04034
0.03414
0.03328
0.03452
0.03643
0.03757
0.03405
0.03843
0.03214
0.03252
0.03481
0.03309
0.035
0.03548
0.03633
0.0371
0.03681
0.03405
0.03386
0.03653
0.03471
0.03862
0.03881
0.03748
0.05054
0.05331
0.03672
0.04549
0.03452
0.04253
0.02985
0.03214
0.03576
0.03386
0.03262
0.03643
0.03929
0.02928
0.06323
0.03529
0.03614
0.03614
0.03538
0.04005
0.0309
0.03328
0.03185
0.03853
0.03538
0.03433
0.03347
0.03357
0.02937
0.04311
0.03672
0.035
0.03166
0.04244
0.0658
0.03462
0.03338
0.03891
0.02651
0.03586
0.03052
0.03738
0.02956
0.04015
0.03881
0.03405
0.05493
0.03166
0.03977
0.03223
0.05655
0.1226
0.03977
0.03185
0.03605
0.03061
0.03901
0.03662
0.0351
0.04044
0.04206
0.03757
0.03796
0.0371
0.03052
0.03738
0.03452
0.03633
0.03815
0.04435
0.04148
0.04139
0.05217
0.03452
0.02851
0.03138
0.03309
0.02823
0.03309
0.04139
0.03614
0.05035
0.05808
0.07067
0.0392
0.03815
0.04816
0.04034
0.04654
0.0392
0.03757
0.03748
0.03452
0.04654
0.03242
0.03395
0.0329
0.03386
0.04778
0.0946
0.07257
0.03386
0.02985
0.03471
0.03138
0.03815
0.03138
0.03777
0.03433
0.03443
0.03853
0.02718
0.02947
0.07133
0.02728
0.03214
0.03824
0.03529
0.03376
0.04129
0.05531
0.03233
0.03195
0.0412
0.02775
0.02956
0.02947
0.02737
0.03319
0.02546
0.02584
0.02041
0.02756
0.02565
0.02127
0.02079
0.02575
0.02556
0.03157
0.02823
0.02069
0.02251
0.02165
0.0247
0.0246
0.03357
0.02832
0.02584
0.02804
0.02584
0.01945
0.0268
0.02041
0.02441
0.02375
0.02699
0.0246
0.02213
0.02642
0.02527
0.02708
0.02079
0.02146
0.02108
0.02413
0.0205
0.02298
0.02594
0.03319
0.02375
0.0248
0.02356
0.02489
0.02165
0.2163
0.02384
0.02165
0.0247
0.02441
0.02546
0.02556
0.02718
0.02718
0.0248
0.02003
0.03166
0.02251
0.02613
0.02394
0.02775
0.02365
0.02737
0.02823
0.02851
0.03061
0.02489
0.03204
0.02871
0.02451
0.02489
0.02985
0.02451
0.02871
0.1152
0.02699
0.0246
0.02899
0.02022
0.02604
0.01898
0.02384
0.02546
0.0268
0.02422
0.02575
0.02441
0.02937
0.02298
0.02565
0.02155
0.0288
0.0267
0.02651
0.0186
0.02708
0.02251
0.03424
0.0267
0.02508
0.02918
0.02718
0.02737
0.02613
0.0268
0.03347
0.0246
0.02546
0.04387
0.02785
0.02356
0.02775
0.02851
0.03347
0.02813
0.0289
0.03624
0.02899
0.03176
0.03138
0.07668
0.03767
0.03386
0.03757
0.03567
0.03748
0.03567
0.03328
0.03576
0.04654
0.03414
0.04292
0.03109
0.04091
0.035
0.03948
0.04244
0.04377
0.03834
0.04263
0.03805
0.03653
0.04749
0.04606
0.03977
0.04053
0.03653
0.04396
0.03939
0.04101
0.03672
0.03815
0.03767
0.08526
0.0494
0.0267
0.02708
0.02518
0.02985
0.02594
0.0288
0.02527
0.0329
0.02661
0.04578
0.03061
0.03233
0.03395
0.02794
0.03338
0.03042
0.02918
0.02775
0.02518
0.0246
0.03548
0.02441
0.03061
0.03033
0.02613
0.02899
0.02737
0.0248
0.03185
0.02632
0.02918
0.02356
0.02699
0.02527
0.02832
0.02403
0.02327
0.0248
0.02832
0.02909
0.02317
0.02842
0.02642
0.02785
0.02909
0.0288
