16.65
16.21
16.5
18.36
16.02
16.5
19.17
19.78
19.36
20.53
18.51
15.92
16.89
18.19
20.02
19.82
19.29
20.51
20.02
15.84
16.21
19.02
19.68
20.34
21.58
19.95
22.02
18.55
18.46
18.14
18.36
19.53
15.89
16.8
17.46
19.75
18.09
21.14
18.9
18.85
18.38
19.12
21.07
18.77
18.51
16.99
19.63
19.53
20.21
16.99
18.12
17.33
18.21
18.58
17.9
19.14
20.09
18.92
17.38
16.31
16.06
17.09
16.19
19.07
19.75
18.36
17.09
18.46
18.68
17.36
15.31
15.48
15.72
17.8
18.65
21.14
16.8
16.43
16.21
17.24
16.55
16.85
17.36
16.38
15.09
14.38
16.77
16.48
16.75
14.55
15.72
16.87
17.33
18.9
18.43
15.8
15.94
14.65
15.67
16.48
18.02
16.7
16.11
16.82
17.41
17.77
18.02
18.46
18.19
18.09
17.11
16.48
15.41
15.26
16.65
19.48
19.6
20.34
22.46
19.51
21.41
15.36
14.79
14.16
14.09
14.99
16.02
18.38
19.43
19.56
16.99
16.94
14.43
16.58
16.09
17.63
18.16
20.02
17.58
17.33
17.29
16.24
17.16
16.75
16.58
18.43
18.24
20.26
18.55
19.38
18.09
19.46
20.68
16.48
18.85
19.6
19.29
17.11
18.9
18.33
17.6
19.14
19.63
19.26
15.84
16.38
18.58
19.09
16.02
18.02
19.95
22.56
19.63
21.24
18.33
17.7
18.75
20.8
17.7
18.53
16.33
16.67
17.97
18.07
18.75
18.07
18.26
19.82
16.92
16.58
17.75
15.65
17.55
17.72
16.8
18.73
19.58
16.82
17.14
17.48
18.04
19.95
19.68
17.29
15.04
17.75
16.63
18.14
18.29
19.58
17.77
16.19
15.7
16.99
17.14
16.48
18.53
17.8
17.63
16.72
17.36
17.97
17.26
18.43
17.99
17.24
15.94
15.62
19.56
19.43
17.85
18.43
18.6
17.9
17.33
17.02
17.8
18.12
17.36
17.65
17.33
16.06
18.38
18.04
16.77
18.65
19.75
18.12
17.5
18.19
15.41
16.75
18.29
19.41
18.51
17.94
18.85
17.21
16.41
18.43
19.9
19.58
17.11
16.7
18.33
19.31
19.7
19.14
17.7
14.94
16.16
17.68
18.8
21.63
19.43
19.78
17.21
15.77
17.92
19.78
20.29
21.9
17.09
16.5
18.31
18.07
21.04
18.58
19.7
21.07
19.38
17.97
19.48
16.38
16.89
19.56
19.8
21.83
19.73
17.16
18.48
17.58
19.09
20.0
23.17
21.51
17.87
19.26
17.16
16.75
17.46
19.09
19.7
19.51
21.14
20.75
21.09
17.33
15.53
16.06
16.85
17.07
17.46
17.29
17.8
18.97
19.75
18.24
21.66
20.92
17.8
17.48
18.36
19.02
19.78
18.65
17.94
20.0
19.58
19.38
18.26
18.43
18.85
18.63
17.53
17.85
18.19
19.31
19.97
21.24
22.0
20.68
20.85
21.7
18.04
17.04
16.72
17.07
16.26
17.21
18.09
17.6
18.73
19.85
19.41
19.53
18.12
19.34
18.24
17.09
18.43
18.29
16.31
17.75
17.94
18.65
19.14
19.56
18.77
18.46
20.0
16.8
17.65
15.21
15.89
17.82
22.09
18.12
20.14
21.85
22.56
14.43
15.26
17.36
18.85
16.97
17.46
17.94
16.87
16.89
17.36
17.29
16.46
19.41
17.29
16.26
16.58
18.19
18.16
17.6
18.82
18.07
19.97
17.75
17.31
17.63
18.33
20.34
16.38
17.41
17.9
17.58
17.8
18.73
17.97
17.04
18.65
18.46
18.95
20.87
20.68
19.04
19.34
16.65
14.89
15.31
16.63
21.04
20.8
19.82
18.58
19.02
16.53
17.82
20.29
19.53
17.46
18.07
17.82
16.89
17.87
19.68
19.56
21.51
17.94
17.94
18.46
18.82
18.16
17.92
17.82
18.12
18.82
19.87
20.14
19.02
18.33
16.6
17.41
16.94
16.48
18.09
17.77
19.78
18.02
19.24
15.28
16.99
15.87
17.38
19.41
19.17
19.51
18.82
18.07
18.58
18.82
18.65
18.63
18.14
17.5
17.26
17.75
19.75
18.43
19.14
20.58
16.46
16.99
16.75
18.02
17.09
17.26
18.41
20.65
17.09
17.26
16.53
16.31
18.48
19.24
19.43
18.87
22.66
18.14
16.5
17.26
19.75
19.38
16.38
18.12
18.9
17.94
19.09
18.7
19.95
18.85
16.33
18.95
14.92
25.68
19.02
17.99
19.48
17.94
19.6
21.09
19.6
20.43
18.36
18.21
18.92
17.8
18.87
19.87
20.31
18.85
22.85
20.39
20.85
19.56
18.87
17.16
19.29
19.31
18.33
20.65
24.12
20.17
17.68
16.94
16.65
17.36
18.38
15.19
16.82
21.63
20.09
15.58
15.55
15.33
17.07
16.02
18.51
19.02
19.7
16.7
16.21
16.7
16.75
17.55
16.33
16.53
17.41
16.92
15.77
17.43
22.36
14.58
15.04
15.33
16.38
17.21
18.04
17.85
17.9
17.11
20.21
17.68
17.19
16.16
15.75
16.11
14.75
14.53
15.43
18.14
19.68
18.99
18.92
19.24
18.16
16.14
16.53
15.21
15.99
17.26
17.09
15.99
16.55
17.24
18.82
18.29
17.26
17.6
17.82
17.77
17.19
17.65
16.87
16.92
16.46
17.53
16.89
17.38
16.77
16.67
18.7
15.58
16.75
19.36
19.51
17.58
16.6
16.58
18.51
18.46
17.8
18.46
20.17
20.14
16.82
17.16
17.09
17.68
15.41
16.89
20.21
19.6
17.26
18.53
20.31
16.41
17.63
16.92
19.31
19.43
18.63
20.34
21.14
20.68
16.94
17.8
19.68
18.73
19.46
19.68
20.31
20.02
17.16
17.6
20.26
17.87
17.99
20.85
21.9
18.87
18.04
17.68
19.8
16.94
18.38
16.77
17.04
17.68
19.68
23.02
17.99
18.38
20.73
16.43
17.6
18.6
17.8
17.75
17.72
18.51
18.63
19.34
18.75
18.46
19.65
24.34
17.16
16.77
17.8
19.46
20.95
20.73
18.7
19.21
17.41
20.36
17.97
18.68
18.75
18.77
20.97
19.75
20.8
20.61
20.46
16.87
18.07
18.51
18.95
17.55
17.85
21.48
18.95
17.19
17.46
18.26
18.85
