6.995
7.764
8.411
7.874
7.166
6.921
6.982
6.958
6.787
6.799
6.799
6.86
6.787
6.873
6.958
7.068
7.043
7.056
6.799
6.958
7.532
6.812
6.787
6.677
6.775
6.824
6.97
6.982
7.007
6.824
6.946
6.873
7.141
6.873
6.982
6.824
6.787
6.885
7.52
7.764
6.885
6.897
6.982
6.982
7.153
7.141
7.251
7.019
6.982
6.982
6.97
7.251
6.909
6.86
7.092
7.898
7.08
6.982
6.885
6.909
6.909
6.982
8.081
7.422
7.019
7.056
7.068
6.848
6.787
6.787
6.824
6.714
6.885
6.921
6.982
7.007
7.117
7.007
7.166
7.666
15.11
15.75
15.01
14.94
14.94
14.94
15.41
15.21
15.14
15.14
15.23
15.28
15.14
15.19
15.33
15.33
15.33
15.33
15.33
15.33
15.33
15.33
15.33
15.36
15.33
15.33
15.23
15.16
15.16
15.14
15.14
15.14
15.11
15.14
15.14
15.14
15.11
15.14
15.14
15.14
15.14
15.14
15.14
15.16
15.14
15.14
15.14
15.14
15.14
15.14
15.14
15.14
15.14
15.14
14.97
14.92
14.77
14.75
14.75
14.75
14.75
14.58
14.58
14.36
14.36
14.36
14.38
14.38
14.38
14.36
14.36
14.36
14.36
14.36
14.36
14.36
14.36
14.36
14.36
14.36
14.36
13.99
13.96
13.87
13.62
13.57
13.57
13.38
12.99
13.01
12.99
12.94
12.18
11.63
11.43
11.44
11.44
11.44
11.07
10.91
10.58
10.46
10.35
10.28
10.27
10.13
10.08
9.937
9.412
9.302
9.302
9.241
9.106
9.106
9.094
8.74
8.35
8.264
8.582
8.63
8.154
8.13
8.411
7.434
7.532
8.447
7.849
7.751
7.764
8.032
8.105
7.788
7.166
7.178
7.19
7.214
7.202
7.3
6.995
6.909
6.824
6.97
6.909
6.836
6.946
6.787
6.921
7.678
6.799
6.848
7.739
7.52
7.312
7.178
7.178
6.982
7.849
7.263
8.35
7.434
7.373
8.228
8.765
7.703
7.532
7.349
7.458
7.727
7.214
6.836
6.885
7.007
6.97
6.982
7.117
7.117
6.946
6.934
6.982
7.104
7.251
7.166
7.715
7.068
7.104
7.056
7.117
6.799
6.824
6.982
7.19
6.909
7.08
6.958
6.909
6.885
6.97
7.007
7.971
7.41
7.166
7.043
7.007
7.007
7.08
6.86
6.982
6.787
7.007
7.532
6.995
7.251
7.983
6.848
6.982
6.982
6.812
6.775
6.995
8.081
7.617
7.056
6.982
7.019
7.41
7.166
6.836
6.836
6.934
6.812
6.787
6.787
6.787
6.97
7.056
16.09
16.11
16.11
16.11
16.11
16.11
16.11
16.11
16.11
16.11
16.11
16.11
16.11
16.11
16.11
16.11
16.11
16.11
16.11
16.11
16.11
16.11
16.11
16.11
15.99
15.92
15.89
15.89
15.89
15.92
15.92
15.92
15.92
15.92
15.92
15.92
15.92
15.92
15.92
15.92
15.92
15.89
15.92
15.92
15.92
15.92
15.75
15.5
15.19
15.14
15.14
15.14
14.97
14.94
14.97
14.94
14.87
14.75
14.75
14.75
14.77
14.75
14.75
14.6
14.55
14.55
14.55
14.55
14.58
14.55
14.55
14.58
14.58
14.55
14.55
14.55
14.55
14.55
14.55
14.55
14.55
14.55
14.55
14.55
14.55
14.55
14.55
14.55
14.38
14.36
14.28
14.18
14.18
14.18
14.18
14.18
13.96
13.96
13.99
13.87
13.79
13.09
11.95
11.77
11.65
11.51
11.07
11.06
11.06
11.06
11.06
11.05
11.06
11.06
11.06
11.06
11.06
11.06
11.06
11.04
10.74
10.31
10.28
9.998
9.9
9.729
9.558
9.326
9.155
8.777
8.728
8.728
8.728
8.594
6.897
6.921
6.995
6.799
6.799
7.471
6.946
7.043
6.665
7.202
6.763
7.373
7.056
6.885
7.043
7.788
6.921
6.909
6.665
6.775
6.787
6.921
6.885
6.799
6.787
7.031
6.946
6.848
6.86
7.031
8.118
6.958
6.787
7.092
6.995
6.909
6.86
6.775
6.982
7.3
6.995
6.848
7.751
7.239
7.019
6.738
6.799
7.69
7.996
7.507
7.361
7.056
6.86
6.995
6.775
6.726
6.726
6.86
6.787
6.787
6.873
6.714
7.068
6.702
6.75
7.3
7.007
6.836
6.885
7.007
6.97
7.251
6.97
7.141
6.97
6.885
6.799
6.97
6.995
7.727
7.202
6.995
6.824
6.909
7.141
7.166
7.166
7.336
6.921
6.824
6.897
6.934
6.982
7.129
7.336
8.069
7.825
7.056
7.031
6.97
6.97
7.141
8.447
8.276
7.263
7.068
7.043
7.349
7.092
7.043
6.995
7.141
7.166
7.593
7.202
7.166
7.166
7.129
6.97
6.885
8.875
16.09
16.09
16.11
16.11
16.11
16.11
16.11
16.11
16.11
16.11
16.11
16.11
16.11
16.11
16.11
16.11
16.11
16.11
16.11
16.11
16.11
16.11
16.11
16.11
16.11
16.11
16.11
16.11
16.11
16.11
16.11
16.14
16.14
16.11
16.09
15.92
16.09
16.11
16.11
16.11
16.11
16.11
16.11
16.11
16.11
16.09
16.11
16.11
16.11
16.11
16.11
16.11
16.11
16.11
16.11
15.99
15.92
15.92
15.92
15.92
15.92
15.92
15.92
15.92
15.92
15.8
15.72
15.72
15.72
15.72
15.72
15.72
15.72
15.72
15.72
15.72
15.72
15.72
15.72
15.72
15.72
15.72
15.72
15.72
15.72
15.7
15.65
15.5
15.33
15.33
15.33
15.33
15.33
15.33
15.33
15.19
15.14
15.14
15.14
15.14
15.06
14.94
14.94
14.94
14.94
14.94
14.94
14.94
14.94
14.94
14.94
14.94
14.94
14.94
14.84
14.75
14.72
14.43
14.36
14.36
14.16
13.67
13.45
13.38
13.06
12.99
12.84
12.82
12.79
12.5
12.43
12.41
12.26
11.88
11.73
11.65
11.63
11.65
11.49
11.45
11.45
11.38
11.06
11.05
11.06
11.06
11.06
11.06
11.01
10.86
10.84
10.67
10.23
10.08
10.02
9.692
9.509
9.045
8.74
8.667
8.276
8.13
7.532
7.361
7.373
7.361
