0.3101
0.3819
0.3635
0.2289
0.198
0.2213
0.3937
0.2487
0.1923
0.1846
0.441
0.1638
0.1354
0.2769
0.1995
0.0006676
0.0
0.0
0.0
0.0
0.007725
0.2434
0.5409
0.1593
0.1194
0.4311
0.222
0.2598
0.227
0.5714
0.3204
0.1623
0.4463
0.2102
0.3075
0.0004768
0.5791
0.1261
0.0988
0.3788
0.07544
0.8698
1.44
1.558
1.849
1.746
2.457
6.665
4.23
1.7
0.07076
1.442
1.807
1.797
2.039
2.026
4.913
5.634
3.546
0.5341
0.2174
0.1722
0.3586
1.715
1.91
1.761
1.779
1.494
5.737
4.211
3.174
0.4547
0.5302
2.02
2.179
2.28
1.709
3.943
5.139
3.979
0.5066
1.303
1.118
1.376
1.387
1.157
1.724
6.519
4.858
2.289
0.4128
1.941
2.002
1.485
1.254
1.587
5.615
4.144
2.509
0.4814
0.4898
0.3704
0.6813
0.1675
0.3422
0.07315
1.263
1.633
1.663
1.552
1.639
4.816
5.505
3.662
0.5608
1.259
2.435
2.261
2.463
6.616
3.68
2.536
0.5241
0.8575
0.6546
0.5562
0.1282
1.231
1.434
1.73
1.353
1.572
1.53
5.835
4.425
2.197
0.5508
0.8728
1.614
1.926
1.926
2.115
6.494
4.016
2.231
0.5585
0.4875
0.206
1.822
2.304
2.112
1.993
2.548
5.762
4.535
1.515
0.5081
0.01488
1.215
1.862
2.231
2.133
1.974
5.591
3.644
3.143
0.544
0.5157
0.5859
0.23
0.1322
0.2747
0.3643
0.2544
0.1347
0.3338
0.3666
0.2712
0.589
0.1568
0.1125
0.2861
0.1314
0.0001907
0.0004768
0.0
0.0
0.0
0.0
0.0
0.005913
0.2457
0.2895
0.0845
0.6088
0.165
0.1431
0.3445
0.4768
0.1404
0.1911
0.2544
0.01078
0.3719
0.4745
0.2232
0.0
0.0
0.0
0.0
0.0
0.0
0.0
0.0
0.003433
0.4112
0.3719
0.1329
0.2365
0.2541
0.5508
0.3067
0.1251
0.1827
0.2636
0.2716
0.4272
0.2853
0.119
0.08602
0.3468
0.05598
0.0001907
0.0
0.0
0.0
9.537e-05
0.0
0.0
0.2605
0.5577
0.3628
0.4456
0.1223
0.1081
0.3124
0.06971
0.6653
0.3399
0.2346
0.1154
1.161
0.3448
0.111
0.08011
0.2441
0.2193
9.537e-05
9.537e-05
0.0
0.0
0.0
0.0
0.08793
0.2701
0.1646
0.7538
0.174
0.3193
0.2865
0.1308
0.07954
0.2804
0.2182
0.2888
0.256
0.4013
0.3525
0.07105
0.09842
0.1814
0.2991
0.02813
0.0006676
0.0
0.0
0.0267
0.2651
0.1274
0.1787
0.3391
0.3349
0.3883
0.1295
0.1263
0.2373
0.5508
0.1753
0.102
0.08831
0.2888
0.1394
9.537e-05
0.0
0.0
0.0
0.0
0.0
0.0003815
0.0
0.0
0.2136
0.2544
0.1059
0.07744
0.3147
0.1596
0.3185
0.2254
0.4547
0.1816
0.473
0.1446
0.1104
0.06485
0.2335
0.1844
0.0
9.537e-05
0.0
0.0
0.0
0.0001907
0.0
0.0
0.0
0.144
0.5417
0.1356
0.1055
0.4524
0.1564
0.0
0.4028
0.1347
0.1238
0.3368
0.0005722
0.182
0.3628
0.1137
0.07801
0.2438
0.219
0.0006676
0.0
0.0
0.0
0.01116
0.3731
0.3471
0.124
0.08059
0.1705
0.2609
0.1457
0.169
0.1801
0.1673
0.7561
0.2636
0.124
0.09651
0.2987
0.124
0.1661
0.5562
0.6477
0.7301
0.798
0.8209
0.8194
1.035
1.146
1.176
1.151
1.103
1.157
1.262
1.114
0.9811
0.9674
0.9125
1.038
1.309
1.228
1.312
1.169
1.154
1.196
1.138
1.102
0.8667
0.8209
0.9247
0.9262
1.152
0.914
0.8514
1.079
3.668
7.483
5.035
4.846
5.707
7.971
6.335
7.922
4.871
5.035
6.543
4.846
3.369
2.493
1.859
1.63
2.463
0.144
0.9293
1.062
1.035
1.291
1.183
1.022
1.183
1.244
1.471
1.451
1.517
1.587
1.306
1.331
1.12
1.169
1.109
0.9842
0.9064
1.013
1.071
1.073
1.149
0.9857
1.007
1.146
1.149
1.309
1.384
1.166
3.699
6.653
7.202
4.639
6.11
9.436
6.445
6.042
5.743
7.104
3.079
3.418
1.947
1.465
2.255
0.4395
0.8774
1.163
1.067
1.241
1.208
1.285
1.462
1.404
1.385
1.324
1.248
0.9323
0.8255
0.9415
0.8926
0.9933
1.097
1.03
1.091
1.062
0.9735
1.196
1.236
0.8743
1.088
0.9842
0.9583
0.8896
0.9827
1.085
1.382
6.128
8.167
6.122
4.7
8.386
7.605
7.422
6.921
4.938
5.237
4.401
2.982
1.816
2.524
1.532
1.706
0.602
0.666
0.9171
1.14
0.8926
1.076
1.042
1.282
1.149
1.059
0.882
0.7874
0.6691
0.6996
0.7683
0.9537
1.047
1.335
1.225
1.321
1.218
1.361
1.352
1.115
1.227
1.202
1.093
1.118
1.108
0.9644
1.093
0.9354
0.9583
2.423
6.616
6.543
5.243
5.475
6.543
7.239
5.127
5.035
4.883
4.852
6.323
2.466
3.369
2.036
1.437
1.917
0.4623
0.6851
0.8789
0.9827
3.204
2.621
1.132
0.9186
0.1516
0.0844
0.07887
0.3376
0.1215
0.4234
0.6302
0.7423
1.195
4.211
1.372
1.111
0.1755
0.4837
0.7393
0.6706
1.381
4.175
1.709
1.132
0.3048
0.1734
0.08917
0.3338
0.2258
0.4128
0.5836
0.634
0.6134
1.488
4.071
1.575
1.041
0.2266
0.152
0.08364
0.2811
0.1141
0.8057
0.9995
1.297
1.14
1.138
1.314
1.364
1.353
1.509
1.538
1.682
1.825
1.602
2.026
1.999
1.736
1.552
1.36
1.482
1.35
1.392
1.292
1.123
1.099
1.204
1.413
4.633
8.374
5.219
4.742
5.17
6.073
6.042
8.667
10.63
6.122
3.839
2.646
0.5913
9.537e-05
0.9415
2.051
1.636
1.703
1.694
1.335
2.042
2.191
2.203
1.761
1.443
1.546
2.051
2.097
2.173
2.2
1.648
1.532
1.329
1.578
1.703
4.358
9.399
11.16
10.64
11.0
8.252
6.58
3.699
3.21
1.027
2.777
0.3639
1.633
0.444
1.257
1.624
1.317
0.3349
1.494
0.3391
0.16
0.3017
0.1764
1.436
1.23
0.3563
1.54
0.4272
1.834
1.74
1.907
2.072
2.225
2.31
2.374
2.374
2.338
2.777
2.661
2.6
2.481
2.383
2.197
1.99
2.176
2.213
5.664
11.72
8.667
9.839
9.546
8.643
6.396
3.632
2.579
1.581
0.8072
0.7454
1.44
1.785
1.617
1.917
2.176
2.417
1.987
1.691
1.54
1.852
2.139
2.02
2.078
1.755
1.672
1.965
2.194
2.158
1.978
4.065
7.141
8.813
9.29
12.38
7.642
10.84
6.219
6.689
3.65
3.186
1.758
0.1429
0.1848
0.2869
0.4456
0.4646
0.2823
0.12
0.1242
0.3181
0.3681
0.3803
0.1707
0.4211
0.3529
0.3845
0.02775
0.3273
9.537e-05
0.0
0.0
0.01192
0.7095
0.4677
0.3819
0.3975
0.4265
0.3521
0.4211
0.3387
0.338
0.3662
0.7133
0.7271
0.6668
0.1358
0.2384
0.1947
0.4433
0.3342
0.0
0.0
0.0
0.0
0.0
0.0
0.0
0.0
0.0
0.0
0.0001907
0.0
9.537e-05
0.0
9.537e-05
0.0
0.0
0.0
0.0
0.0
0.0
0.0289
0.9048
0.2686
0.1528
0.2899
0.4089
0.3532
0.5211
0.5386
