0.1947
0.3181
0.3193
0.4379
0.1734
0.2975
0.2033
0.3757
0.3906
0.214
0.3937
0.2182
0.3601
0.1869
9.537e-05
0.0
0.0
0.0
0.0
0.01307
0.4784
0.3471
0.2277
0.3868
0.2609
0.2296
0.5592
0.1362
0.3498
0.3857
0.3735
0.1938
0.367
0.1507
1.92
2.255
1.968
2.252
3.049
6.36
3.024
0.2548
2.081
2.759
2.634
2.396
5.939
3.18
1.112
0.4425
0.1492
0.1589
1.657
2.734
2.557
2.658
5.774
3.363
1.822
0.1684
0.1417
1.617
2.814
2.734
2.826
6.171
3.259
0.7561
0.4395
0.1806
0.428
0.1305
0.473
0.37
0.3387
0.243
0.4608
0.1429
0.4654
0.4242
0.169
0.3845
0.214
0.1663
1.025
2.634
2.695
2.652
5.42
3.067
1.242
0.8636
1.941
2.24
1.892
2.2
5.64
2.725
0.6561
0.2518
0.2655
0.2506
0.2857
0.1476
0.3853
0.2754
0.4166
0.914
1.877
2.151
2.112
2.478
5.597
2.902
0.3777
1.025
1.871
1.846
2.005
1.993
5.908
3.003
1.024
0.6264
0.499
0.4616
0.4517
0.47
0.1591
0.4166
0.4379
1.288
2.112
1.746
2.2
2.786
5.969
2.591
0.2445
1.463
2.151
2.197
2.176
2.985
5.115
2.951
0.3666
0.386
0.6386
0.1181
0.2907
0.1862
0.3754
0.6538
0.4295
0.4456
0.1354
1.694
1.831
2.197
2.02
2.332
5.768
2.423
0.6012
0.5768
0.3834
0.4066
0.7591
0.3937
0.3357
0.4906
0.37
0.3922
0.3109
0.05474
0.3025
0.3593
0.4227
0.6416
0.3304
0.3334
0.002003
0.0004768
0.0
0.0
0.0
0.008106
0.2796
0.2441
0.4662
0.1776
0.3014
0.3922
0.2308
0.2544
0.3029
0.3899
0.2647
0.157
0.4066
0.3048
0.1829
0.3891
0.3441
0.1995
0.4234
0.01602
0.0
9.537e-05
0.0
0.01001
0.2903
0.2045
0.4524
0.1867
0.1875
0.2773
0.2167
0.2808
0.1509
0.1156
0.4776
0.1726
0.1919
0.2022
0.1957
0.2151
0.222
0.1564
0.3273
0.1917
9.537e-05
9.537e-05
0.0
0.01936
0.1804
0.827
0.201
0.1614
0.157
0.2377
0.2651
0.1701
0.4166
0.2274
0.1259
0.6523
0.6271
0.2068
0.3452
0.3166
0.4196
0.6172
0.0008583
0.0004768
0.0
0.0001907
0.0
0.007534
0.415
0.2148
0.2174
0.1034
0.08383
0.3719
0.3403
0.1715
0.3277
0.1289
0.1373
0.2922
0.1953
0.1905
0.2514
0.7874
0.2415
0.1642
0.3799
0.1102
0.0001907
0.0
0.0
0.007725
0.3632
0.2621
0.08507
0.2048
0.4501
0.5394
0.3258
0.05531
0.5501
0.2632
0.2457
0.2094
0.198
0.2251
0.3181
0.1804
0.1806
0.3197
0.0
9.537e-05
0.0
0.0
0.0
0.003624
0.1627
0.4623
0.1364
0.3544
0.2014
0.2731
0.1343
0.2281
0.1192
0.1278
0.0
0.1192
0.428
0.1719
0.3872
0.1768
0.4143
0.3113
9.537e-05
9.537e-05
0.0
9.537e-05
0.0
0.005341
0.09413
0.2052
0.2533
0.2171
0.1125
0.07944
0.3052
0.1202
0.4219
0.06504
0.1108
0.238
0.2987
0.4601
0.3441
0.3929
0.1143
0.3483
0.0002861
0.0003815
0.0002861
0.0001907
0.0
0.004387
0.3937
0.1585
0.383
0.3502
0.2136
0.3284
0.4898
0.1158
0.09165
1.697
2.35
2.435
2.31
2.344
2.481
2.396
2.414
2.347
2.237
2.295
2.435
2.399
2.515
2.533
2.417
2.487
8.093
8.057
9.57
7.788
6.75
5.243
4.779
2.393
0.7065
1.694
1.773
0.9613
1.929
2.56
2.646
2.567
2.335
2.444
2.225
2.304
2.017
2.255
2.209
1.923
2.322
2.219
2.072
2.356
2.28
8.508
7.751
8.069
10.66
8.337
5.682
5.383
2.469
0.7553
1.807
2.161
2.072
2.53
2.493
2.02
2.271
2.39
2.322
2.597
2.386
2.264
2.316
2.261
2.322
2.325
2.213
7.629
7.861
8.838
7.666
7.153
6.384
4.626
3.412
1.543
0.4486
2.106
2.267
2.081
1.941
2.213
1.88
1.584
2.042
2.094
2.167
1.99
2.045
1.801
1.721
1.831
1.889
1.84
1.855
2.301
5.951
9.985
7.178
8.789
8.179
6.921
4.718
4.584
1.755
0.2357
1.605
1.895
2.228
2.243
1.996
2.2
2.249
2.246
2.097
2.164
2.261
1.913
1.697
1.889
1.816
2.148
1.782
1.91
2.136
7.642
8.508
9.045
7.507
7.886
5.951
4.828
4.169
1.797
0.4112
1.901
1.791
1.767
1.855
1.892
1.95
1.712
1.758
1.874
1.837
1.92
1.581
1.715
1.758
1.917
2.051
2.158
1.932
1.907
1.926
7.874
8.105
8.521
7.642
6.921
6.299
4.688
4.419
2.115
0.5264
2.164
2.188
2.194
2.277
1.993
2.005
1.904
2.231
2.24
2.136
2.301
2.179
2.417
2.252
2.444
2.463
2.371
2.591
9.888
7.605
7.263
9.167
5.939
4.645
4.041
1.506
0.9109
1.819
4.382
1.309
0.4181
0.1577
0.4219
0.5417
1.34
1.672
3.607
4.382
1.558
0.5493
1.497
2.029
3.766
1.178
0.5089
1.457
2.194
4.254
0.621
0.9186
1.476
3.857
2.127
0.5119
0.1829
0.4082
0.2033
1.462
2.594
3.693
0.4738
0.8698
1.526
2.921
3.076
0.4646
1.035
1.436
4.12
1.268
0.09403
0.943
1.302
1.166
1.144
1.161
1.189
1.421
1.506
1.566
1.399
1.375
1.434
1.237
1.23
1.186
1.291
1.503
1.892
2.441
2.551
2.371
2.271
2.734
2.362
7.275
8.923
10.77
7.312
6.58
4.901
4.773
1.813
0.5142
2.13
2.396
2.426
2.475
2.588
2.39
2.365
2.167
2.527
2.304
2.585
2.347
2.429
2.356
2.542
2.682
2.344
7.007
9.326
9.045
7.874
7.764
5.371
4.639
2.042
0.7172
2.515
2.49
2.527
2.634
2.481
2.512
2.597
2.399
2.438
1.971
2.374
2.209
2.469
2.283
2.167
2.289
3.241
10.05
7.239
9.497
8.508
5.908
5.072
4.443
1.7
0.8026
0.766
2.249
0.5859
1.694
1.158
1.05
1.703
0.1322
1.172
0.1204
1.151
0.1579
0.2735
0.07896
0.1381
0.3437
0.09642
1.816
1.834
1.959
2.032
2.103
2.023
2.155
2.075
2.2
2.118
2.121
2.054
2.148
1.956
2.112
2.008
2.094
2.209
2.112
5.524
8.948
7.141
10.34
7.007
6.641
4.218
4.547
2.005
0.8591
1.764
2.008
2.032
1.959
1.971
2.011
2.289
2.023
2.237
2.213
2.133
2.042
2.173
2.136
2.24
2.478
2.222
2.56
2.408
8.936
8.276
9.668
7.715
7.605
5.579
4.944
2.222
0.9903
0.3761
0.4395
0.7149
0.3696
0.3555
0.3479
0.5119
0.2232
0.1551
0.3841
0.4761
0.3174
0.1865
0.3666
0.4326
0.4158
0.5325
0.4463
0.1429
0.1421
0.3426
0.001907
0.3441
0.3586
0.3571
0.5943
0.1286
0.2968
0.2216
0.3658
0.3365
0.6104
0.1753
0.3304
0.486
0.3422
0.2846
0.317
0.647
0.08564
0.3841
0.0002861
0.0
0.0
0.0
0.0
0.0
0.0
0.0
0.0
0.0
0.0
0.0
0.0
0.0
0.0
0.0
0.0
0.0
0.0
0.01469
0.7065
0.2579
0.04206
0.1192
0.08974
0.2747
0.127
0.4921
0.4799
1.057
