0.3178
0.4967
0.1919
0.3117
0.3937
0.4082
0.1799
0.362
0.3162
0.4372
0.3632
0.4028
0.2743
0.2258
0.0002861
0.0
0.0
0.0
0.0
0.0
0.0
0.1335
0.1896
0.2491
0.2926
0.2731
0.2289
0.3296
0.1587
0.123
0.1493
0.4112
0.2972
0.4036
0.1314
0.2586
0.01583
0.0008583
0.1322
1.248
2.032
2.142
2.335
2.615
5.859
3.363
0.7332
0.1743
1.566
2.502
3.0
2.704
6.274
4.559
2.094
0.1852
0.1266
0.3292
0.5302
0.2956
0.3365
0.1223
1.115
2.96
2.682
2.502
4.657
5.511
2.631
0.6477
0.2892
0.3551
0.3605
0.9247
2.661
2.954
3.055
4.81
4.51
2.658
0.1616
0.2136
0.2419
1.7
1.767
1.819
1.752
5.261
3.424
1.855
0.5066
2.472
2.649
2.106
3.119
5.811
3.381
0.4341
0.4532
0.1965
0.4417
0.2151
0.2201
0.2651
0.3208
0.1648
2.206
2.408
2.496
2.298
6.024
3.992
0.6203
1.605
2.39
2.661
3.259
5.56
3.723
0.6592
0.4143
0.325
1.678
2.512
3.07
3.116
5.426
3.955
1.463
0.6187
0.1549
1.99
2.502
2.213
2.338
5.603
2.368
3.693
1.198
0.2155
1.08
1.085
1.303
1.14
1.125
2.261
2.844
1.691
2.612
0.8469
0.5959
0.2724
0.1116
0.1064
0.1289
0.2953
0.296
0.4837
2.02
2.698
3.033
3.296
5.682
3.479
0.2316
0.5478
0.3296
0.4456
0.4829
0.7187
0.2232
0.5371
0.4082
0.399
0.5692
0.4509
0.531
0.07706
0.5478
0.8041
0.2487
0.4196
0.0001907
9.537e-05
0.0003815
0.0
0.0006676
0.0
0.0
0.0
0.004959
0.267
0.2159
0.2529
0.2258
0.5104
0.2468
0.2296
0.338
0.2613
0.4509
0.3136
0.4234
0.3685
0.296
0.2716
9.537e-05
9.537e-05
9.537e-05
0.0
0.0
0.0
0.0
0.0
0.0
0.1812
0.6439
0.2121
0.5348
0.486
0.006771
9.537e-05
0.1987
0.2155
0.1835
0.3616
0.1547
0.3738
0.1347
0.119
0.0006676
0.0
0.0
0.0
0.0
0.0
0.0
0.0
0.0
0.1041
0.1537
0.2239
0.2136
0.3731
0.119
0.1766
0.3033
0.2121
0.3517
0.341
0.1583
0.2132
0.3567
0.5424
0.04854
9.537e-05
0.0
0.0
0.0
0.0
0.0
0.0
0.0
0.002384
0.3944
0.6477
0.1278
0.1709
0.4211
0.1446
0.3834
0.1759
0.2274
0.3117
0.1577
0.6645
0.6363
0.621
0.0
0.0
0.0
0.0
0.0
0.0
0.0
0.0
0.003338
0.2316
0.3544
0.4105
0.1677
0.1005
0.2319
0.1646
0.1577
0.441
0.1539
0.6432
0.4578
0.2449
0.161
0.1322
0.0
0.0
0.0
0.0
0.0
0.0
9.537e-05
0.0
0.0
0.106
0.2636
0.1896
0.349
0.1917
0.1213
0.4768
0.227
0.1369
0.116
0.2716
0.3296
0.1575
0.2728
0.1816
0.3033
0.2476
0.0006676
0.001431
0.0009537
0.00124
0.001717
0.0
0.0
0.0
0.4425
0.104
0.1217
0.102
0.275
0.2998
0.0008583
0.0
0.0
0.0
0.0
0.0
0.0
0.0
0.0
0.0
0.0
0.0006676
0.0
0.0
0.0
0.0
0.0
0.6828
0.1612
0.07906
0.1783
0.103
0.1059
0.3613
0.003815
0.09365
0.09165
0.3632
0.1305
0.1642
0.136
0.4662
0.1108
0.16
0.7515
0.9781
1.746
1.755
1.874
1.892
2.203
2.011
2.444
2.072
2.005
1.788
1.959
1.895
1.782
1.871
2.151
2.594
4.382
10.02
8.191
11.56
9.814
6.775
7.251
4.126
3.491
2.539
2.234
1.18
1.688
0.5356
1.237
1.309
1.877
1.785
1.369
1.381
1.74
1.404
1.399
1.451
1.3
1.558
1.245
1.515
1.302
1.161
1.204
1.436
1.321
1.215
1.28
1.418
1.428
1.794
1.277
1.439
1.341
1.517
1.703
1.73
2.634
6.152
6.335
3.644
3.717
8.289
5.481
7.153
6.158
8.984
4.803
5.072
2.271
2.234
1.001
0.7675
1.056
1.442
1.459
1.273
1.352
1.393
1.773
1.596
1.596
1.654
1.697
1.48
1.593
1.562
1.593
1.512
1.434
1.424
1.331
1.447
1.381
1.569
1.407
1.614
1.562
4.871
6.738
6.085
3.693
9.302
8.093
7.8
4.034
5.286
5.981
4.144
3.308
3.021
1.544
1.497
0.4898
1.1
0.9094
0.7996
0.769
0.853
0.8713
0.8911
0.9506
0.9521
1.088
1.318
1.224
1.065
0.9247
0.9903
0.9567
0.705
0.8301
0.8682
0.7027
0.7263
1.358
1.297
1.18
0.9735
0.8469
0.8438
0.975
0.9064
1.009
0.856
0.9018
0.8759
1.077
3.0
5.2
5.548
5.658
3.717
5.847
4.15
6.799
4.181
6.787
3.912
7.288
4.834
3.894
2.856
2.234
1.666
0.8911
0.9277
1.216
1.045
1.077
0.8469
1.14
0.9476
1.123
1.405
1.169
1.237
1.34
1.425
1.355
1.204
1.189
1.376
0.9521
0.9796
1.173
1.158
1.096
1.308
1.666
1.724
1.926
1.874
1.715
2.539
3.796
8.459
9.106
9.143
7.642
8.789
5.273
6.592
4.242
4.871
4.321
3.467
0.9583
1.152
0.3929
0.8194
0.7759
2.359
2.515
1.697
0.6485
0.3914
0.8255
1.028
2.252
2.588
1.41
0.9995
0.2106
0.6256
0.8621
1.379
3.705
1.401
0.6462
0.7126
1.538
1.508
1.448
1.453
1.518
1.797
1.627
1.462
1.257
1.175
1.306
1.314
1.228
1.286
1.263
1.389
1.555
1.271
1.221
1.216
1.016
0.9491
1.212
1.503
1.685
1.712
1.537
1.314
3.357
5.438
9.912
7.458
10.35
7.764
7.837
9.009
5.493
2.188
1.555
1.048
1.932
2.048
1.819
1.883
2.029
1.907
2.176
1.935
1.938
1.788
1.602
1.984
2.09
1.941
1.855
2.075
2.17
2.374
2.448
2.271
4.761
6.421
6.946
5.957
7.788
7.349
8.325
5.847
7.776
3.497
4.175
3.198
1.794
0.2831
1.303
0.2655
0.2342
0.1602
0.1411
0.2426
0.2262
0.7904
0.7256
0.737
2.045
0.396
0.7133
0.6836
0.2029
0.1883
0.1591
0.1223
0.1308
0.4074
0.1629
1.413
0.1947
1.39
0.2113
1.199
0.5196
0.3666
0.161
0.1862
0.4326
0.107
1.028
1.451
1.439
1.212
1.343
1.358
1.299
1.358
1.372
1.434
1.45
1.395
1.224
1.323
1.28
1.437
1.1
1.105
1.369
1.031
0.7858
1.006
1.059
1.257
1.184
0.9064
0.9354
1.094
1.109
0.9003
1.12
2.383
4.395
7.202
4.736
3.857
5.737
4.553
8.13
6.323
5.273
7.922
3.992
3.961
2.731
1.895
1.645
0.3929
0.3414
0.3387
0.3063
0.2575
0.2617
0.37
0.3887
0.396
0.4166
0.3086
0.04873
0.1228
0.1049
0.3597
0.1244
0.2663
0.2846
0.2846
0.1163
0.1331
0.1083
0.2331
0.2327
0.3136
0.4005
0.3235
0.2407
0.3998
0.3437
0.3006
0.0514
0.141
0.1278
0.4089
0.0864
0.2354
0.2239
0.2319
0.2483
0.2426
0.008869
0.0005722
0.0
0.0
0.001049
0.0
9.537e-05
0.0
0.0
0.0005722
0.0
0.0
0.0
9.537e-05
0.0
0.0
0.0
0.0
9.537e-05
0.0
0.0
0.02499
1.068
0.5287
0.1287
0.5394
0.6004
0.3006
0.3235
0.3815
