10.99
10.3
10.19
9.778
9.985
10.55
10.51
10.3
10.35
10.61
10.67
10.67
10.69
10.77
10.78
10.62
10.5
10.73
10.71
10.63
10.67
10.69
10.77
10.69
10.89
11.12
11.28
11.05
10.89
10.88
10.73
10.88
11.46
11.29
10.95
10.8
10.4
10.3
10.35
10.49
10.6
10.75
10.41
10.53
10.42
10.49
10.53
10.47
10.64
10.02
10.05
10.34
10.39
10.56
10.16
10.24
10.19
10.12
10.19
10.31
10.63
11.07
10.83
10.72
10.46
10.45
10.56
10.89
10.72
10.91
10.63
10.75
10.71
10.69
10.69
14.72
14.75
14.62
14.77
15.06
14.6
14.43
14.5
14.7
14.33
14.01
13.82
13.92
13.79
13.96
13.99
14.01
13.6
13.6
13.75
15.14
14.06
13.79
13.62
13.82
13.6
14.26
14.6
13.72
13.6
13.79
13.79
13.79
13.79
13.43
13.57
13.72
13.23
13.26
12.92
12.77
12.82
12.3
12.67
12.82
12.89
13.72
13.06
13.09
12.82
12.79
12.62
12.45
12.24
12.34
12.43
12.5
12.38
12.32
12.28
12.32
12.24
12.43
12.44
12.55
12.74
12.55
12.05
12.21
12.23
12.28
12.94
12.37
12.11
11.99
12.08
12.02
11.99
11.89
12.16
12.12
11.85
11.85
11.99
11.85
12.05
11.78
12.0
11.35
11.11
11.12
10.74
11.02
10.72
10.83
10.88
10.75
10.94
11.1
10.94
11.21
11.24
10.93
11.13
10.91
11.05
11.32
11.45
11.18
11.23
10.88
10.89
11.25
10.69
10.88
10.89
10.88
10.89
10.78
10.82
10.68
10.73
10.93
10.89
11.6
11.43
11.25
11.16
11.07
11.0
11.13
11.16
11.6
11.57
11.47
11.63
11.51
11.15
11.15
11.1
11.39
12.07
11.46
11.46
11.46
11.51
12.62
11.72
11.74
11.66
11.67
12.23
12.17
11.72
11.84
11.94
11.91
11.57
11.46
11.74
11.21
11.44
11.15
11.13
11.08
11.51
11.23
10.8
10.69
11.62
10.9
10.86
10.52
10.66
10.85
11.08
11.12
11.0
10.74
10.58
10.71
10.97
11.3
11.34
11.46
11.66
11.27
11.27
11.27
11.39
11.78
11.4
11.46
11.36
11.47
12.21
11.8
11.43
11.43
11.51
11.07
10.95
11.19
11.21
11.07
10.93
11.1
11.07
11.17
11.45
11.47
11.23
10.35
10.68
10.5
10.75
10.5
10.4
10.5
10.53
10.67
10.74
10.88
10.88
10.89
10.89
10.95
10.57
10.44
10.16
10.3
10.42
10.63
10.71
10.86
10.53
10.62
10.61
10.17
10.35
10.34
13.13
13.4
13.6
13.6
13.6
13.79
13.72
13.72
13.18
13.01
13.04
13.21
13.04
12.82
12.89
12.82
12.99
13.16
13.09
12.82
12.84
13.01
13.01
13.04
13.01
13.04
13.26
13.33
13.06
13.01
13.01
13.13
13.09
13.01
13.04
13.16
13.21
13.21
13.06
13.01
13.09
12.67
12.29
12.24
12.05
12.11
12.17
12.11
12.24
12.26
12.24
12.29
12.27
11.85
11.69
11.8
11.47
11.61
11.69
11.73
11.85
11.66
11.66
11.66
11.66
11.52
11.83
11.89
12.1
12.18
12.12
12.23
12.19
12.16
12.05
11.95
12.05
12.19
12.15
12.24
12.57
12.28
12.29
12.1
11.66
11.56
11.66
11.69
11.47
11.66
11.66
11.76
11.89
11.45
11.44
10.73
10.71
10.89
10.89
10.97
11.1
10.95
10.89
11.06
11.25
11.17
11.18
11.07
11.13
11.21
11.34
11.46
11.56
11.39
11.34
11.27
11.38
11.46
11.61
11.15
11.25
11.28
10.77
10.9
10.79
10.52
10.71
11.15
10.88
10.96
10.99
10.93
10.89
10.95
11.28
11.43
11.47
11.29
11.46
11.11
11.1
10.94
10.99
11.55
11.46
11.49
11.51
11.47
11.65
11.55
11.77
11.87
11.95
11.66
11.57
11.78
11.17
11.23
10.82
10.9
11.05
11.06
10.78
10.42
10.36
10.55
10.91
10.88
10.86
11.15
10.56
10.62
10.75
10.99
10.83
10.83
10.96
10.89
10.88
10.91
11.19
11.28
11.39
11.27
11.32
11.32
11.07
11.17
11.18
11.29
11.46
11.34
11.69
11.5
11.46
11.5
11.54
11.66
11.66
11.8
11.33
11.27
11.23
10.97
10.94
11.04
11.18
11.06
11.04
11.17
11.04
10.82
11.01
11.02
11.1
10.31
10.36
10.5
10.66
10.74
10.31
10.33
10.5
10.66
10.73
10.89
11.05
10.73
10.69
10.69
10.94
10.5
10.12
10.18
10.3
10.55
10.77
10.42
10.51
10.79
10.79
11.07
14.97
15.04
15.16
15.16
15.38
15.45
15.45
15.53
15.67
15.67
14.79
14.84
13.7
13.5
13.4
13.5
13.99
13.92
13.45
13.79
13.67
13.6
13.62
13.18
13.04
13.21
13.21
13.43
13.53
13.57
13.28
13.33
13.01
13.01
12.77
12.72
12.16
12.07
12.27
12.27
11.82
11.77
11.89
11.85
12.01
12.04
12.11
11.9
12.23
12.46
12.49
12.07
12.24
12.26
12.16
11.85
11.85
11.98
11.98
12.02
12.05
12.08
12.23
12.24
12.24
12.32
12.44
12.44
12.1
12.1
12.05
12.17
12.23
12.57
12.24
12.27
12.22
11.93
12.04
11.85
11.85
11.91
11.82
12.01
11.88
12.04
11.84
11.51
11.67
11.05
11.11
11.08
11.27
11.36
11.08
11.11
11.27
11.46
11.35
11.27
11.1
11.24
11.34
11.83
11.43
11.54
11.69
12.02
11.84
11.67
11.66
11.66
11.63
11.46
11.62
11.94
11.5
11.43
11.46
11.36
11.29
11.4
11.46
11.54
11.5
11.54
11.32
11.47
11.63
11.96
11.76
11.57
11.71
11.91
11.9
12.17
12.22
12.04
12.34
11.66
11.72
11.76
12.13
11.73
12.1
12.07
12.11
