1.534
2.472
0.7812
1.855
0.7812
1.347
1.482
1.944
0.7919
1.407
0.6798
0.7965
3.345
4.169
3.815
1.015
1.66
0.6699
0.8713
0.9033
1.486
1.073
0.9659
1.039
1.263
0.4089
1.584
0.5844
0.708
1.373
4.901
5.115
0.4997
1.794
1.003
1.917
4.37
4.248
2.365
0.8514
0.9003
0.0
0.0
0.0
0.0
0.0
0.0
0.0
0.0
0.0
9.537e-05
9.537e-05
0.0006676
0.0
0.0
0.0
0.0
0.0
0.0
0.0
0.0
0.0
0.0
0.0
0.0
0.0
0.0
0.0
0.0
0.0
0.0
0.0
0.0
0.0
0.0
0.0
0.0
0.0
0.0
0.0
0.0
0.0
0.0
0.0
0.0
0.0
0.0
0.0
0.0
0.0
0.0
0.0
0.0
9.537e-05
0.0
0.0
0.0
0.0
0.0
0.0
0.0
0.0
0.0
0.0
0.0
0.0
0.0
0.0
0.0
0.0
0.0
0.0
0.0
0.0
0.0
0.0
0.0
0.0
0.0
0.0
0.0
0.0
0.0
0.0
0.0
0.0
0.0
0.0
0.0
0.0
0.0
9.537e-05
0.0
0.0
0.0
0.0
0.0
0.0
0.0
0.0
0.0
0.0
0.0
0.0
0.0
0.0
0.0
0.0
0.0
0.0
0.0
0.0
0.0
0.0
0.0
0.0
0.0
0.0
0.0
0.0
0.0
0.0
0.0
0.0
0.0
0.0
9.537e-05
0.0
0.0
0.0
0.0
0.0
0.0
0.0
0.0
0.0003815
0.07505
0.1905
0.1507
0.177
0.1709
0.08888
0.008488
0.8286
1.871
2.512
1.569
1.675
1.527
1.306
0.7675
0.5211
0.5791
2.527
4.309
0.882
0.1255
0.09565
0.1196
0.1453
0.1085
0.1081
0.1204
0.1247
0.09289
0.1135
0.1135
0.7614
1.782
4.419
4.291
2.295
1.352
1.059
1.007
0.9384
0.824
0.4639
3.302
3.528
3.601
0.9979
0.6287
0.5104
2.878
2.6
2.304
0.2712
0.001717
0.1297
0.3712
0.3391
0.354
0.5188
0.03386
3.284
4.138
3.589
1.068
0.9781
1.228
0.6248
0.4852
0.4639
0.6569
1.042
0.7019
0.6447
2.069
4.26
4.041
0.9842
0.9888
0.7858
0.1907
0.1787
0.1453
0.1627
0.07172
0.3899
1.289
0.6905
0.6729
0.4135
3.943
4.81
2.509
0.7996
1.469
0.9079
0.5165
3.314
3.925
3.339
0.7751
0.5386
0.4005
2.631
3.943
1.801
1.234
0.7072
2.173
3.503
3.693
1.286
0.8881
0.6462
0.1961
0.05693
1.035
0.8347
0.1842
0.1968
1.091
1.096
0.4349
0.6546
0.75
0.6645
0.5325
1.578
1.154
0.943
1.494
0.8438
1.18
0.5409
1.697
0.7217
1.387
0.8789
1.138
0.8087
1.46
1.143
1.503
0.8957
0.5165
0.6348
0.6165
2.585
4.193
3.345
2.756
2.744
1.868
1.84
1.846
1.03
1.599
3.937
4.547
2.261
1.306
3.894
4.767
1.428
0.2132
0.312
1.434
0.0886
0.1026
0.1362
0.1076
0.1272
0.1156
0.144
0.1242
0.1379
0.1472
0.1526
0.1389
0.09432
2.38
2.286
4.578
3.247
1.941
1.105
3.186
2.258
1.308
2.222
0.6714
1.724
1.35
0.7332
1.401
0.9567
1.43
0.9888
3.149
5.084
2.075
0.5913
1.492
1.096
1.286
3.662
4.095
3.851
1.25
1.81
4.382
4.7
1.517
0.6889
1.158
1.746
0.2361
0.2678
0.2724
0.1888
1.418
1.096
3.369
3.119
1.509
0.7057
0.2846
0.9598
0.8759
1.419
0.914
1.12
4.059
4.736
2.267
0.3319
1.587
0.975
0.9064
4.498
4.968
0.7225
3.571
2.039
1.498
2.28
1.309
2.155
5.127
4.138
0.6508
1.234
3.394
4.81
1.968
2.237
3.235
0.8591
2.567
1.027
1.773
0.3639
1.524
1.314
1.453
0.5508
1.627
0.1621
0.2197
1.855
0.4562
1.639
0.4883
1.172
1.022
1.318
1.437
2.682
3.479
1.018
0.8423
2.89
1.321
0.885
3.918
3.876
2.02
2.008
1.694
0.5173
0.09174
0.1152
0.1226
0.1196
0.1398
0.1389
0.1417
0.1337
0.1183
0.1205
0.1236
0.1507
0.2167
0.1488
2.255
2.228
4.816
4.736
3.21
0.5089
1.889
1.483
2.42
3.65
4.37
1.102
0.9995
1.262
3.9
1.202
1.494
2.13
0.8072
1.151
0.5417
0.9262
1.476
0.9216
1.328
0.3456
1.584
0.8423
1.497
3.076
3.07
0.9628
2.887
1.393
1.92
1.283
0.8591
0.8728
1.782
1.372
1.384
0.946
1.176
1.253
0.9201
1.895
2.484
3.174
1.186
1.311
1.051
1.143
0.9186
2.676
3.278
1.535
1.448
0.798
1.176
1.263
1.418
3.229
5.176
1.764
0.7553
0.5157
2.792
3.253
1.18
2.524
0.7843
2.328
3.625
1.146
2.64
0.8957
1.733
4.053
1.837
1.947
1.773
0.5157
0.4158
1.1
0.7965
1.578
1.318
2.112
4.657
4.193
1.108
1.871
4.382
4.333
2.588
0.737
1.63
1.309
1.126
4.065
4.23
2.774
0.6691
1.534
0.7179
1.84
0.8438
1.587
0.8163
1.892
2.408
2.957
0.7904
2.045
2.063
1.097
1.369
1.575
0.3822
0.1661
1.627
0.8316
0.9232
1.627
2.661
3.876
4.016
0.6645
1.584
1.578
2.664
1.231
2.667
1.126
0.972
3.406
4.608
2.271
1.202
2.237
3.809
2.127
1.724
2.118
1.428
1.718
4.791
4.596
0.7431
0.8423
1.84
5.762
0.9476
0.9644
0.8148
1.042
0.7019
1.299
1.16
1.691
3.094
3.003
3.186
1.474
0.317
0.8591
1.028
0.6615
1.27
0.9918
1.43
1.453
0.6554
0.6912
0.9979
1.617
3.51
3.796
1.125
1.344
0.6905
2.658
3.455
1.205
2.316
1.59
0.9979
1.059
1.663
0.428
1.537
0.65
1.639
0.4768
1.636
0.3517
1.663
0.914
0.9109
4.529
4.242
0.8148
0.5585
1.372
1.92
2.115
0.3998
1.788
0.943
0.6027
1.135
0.8163
1.051
1.508
0.5409
1.512
1.294
0.6386
1.715
3.018
2.365
1.317
2.515
1.326
1.054
4.651
4.858
0.5669
0.6767
1.657
0.3445
1.614
0.1602
1.065
1.335
0.9964
4.62
5.029
0.6599
0.6004
1.605
0.4944
0.8682
0.9903
4.919
4.84
0.4105
0.1507
1.036
0.6981
2.74
5.511
2.344
0.9644
0.7095
0.9903
4.913
5.042
1.134
0.4646
1.541
0.7683
0.7439
0.3639
1.028
0.9506
1.036
0.8102
0.8667
0.2403
1.064
0.0
0.1438
0.9827
0.4501
0.5722
0.7271
0.9537
1.045
1.311
1.093
1.44
4.84
4.199
0.5089
1.508
1.204
4.321
5.182
1.265
0.589
1.5
1.193
1.173
4.205
4.675
1.357
0.5356
1.678
0.3315
1.407
1.015
2.438
4.785
0.5989
0.2888
0.3567
0.5676
1.491
1.122
3.235
2.701
1.105
1.877
0.4288
1.608
1.271
3.21
4.675
2.475
0.6058
1.045
1.459
5.341
4.626
0.4959
0.5859
1.596
1.176
1.776
4.761
5.023
0.9018
0.5157
1.527
1.12
1.485
1.523
1.938
2.527
3.479
3.448
0.6027
1.318
1.135
1.266
1.602
4.645
3.253
0.5119
0.6622
1.414
0.7507
1.161
0.5539
0.6569
0.246
4.437
