6.024
6.024
6.024
6.024
6.024
6.024
6.024
6.024
6.024
6.024
6.024
6.024
6.024
6.024
6.024
6.024
6.024
6.024
6.024
6.024
6.024
6.024
6.024
6.024
6.024
6.024
6.024
6.024
6.024
6.024
6.024
6.024
6.024
8.276
14.62
16.31
17.09
17.6
17.87
18.16
17.97
15.41
13.4
11.45
8.386
12.82
15.97
16.89
17.48
17.75
18.12
17.75
15.58
13.35
11.87
8.521
8.63
13.26
15.92
16.8
17.41
17.68
17.99
18.19
16.38
14.28
11.78
9.9
8.252
8.423
8.606
14.65
20.65
20.17
10.93
8.484
8.569
8.606
8.936
8.85
10.4
20.09
20.65
16.87
9.302
15.21
20.73
20.63
14.62
13.38
15.84
16.7
17.29
17.68
17.97
18.02
15.28
14.18
11.24
8.459
9.241
8.362
13.06
15.92
16.67
17.36
17.75
18.14
15.58
13.23
11.47
9.045
13.38
16.16
17.14
17.68
18.09
17.68
15.23
13.13
11.34
10.55
18.14
20.83
15.06
9.668
10.21
10.58
18.41
20.83
18.24
9.204
9.143
9.68
8.496
12.99
16.38
17.26
17.7
18.12
18.33
15.94
13.96
11.62
9.485
9.68
9.021
16.02
20.73
20.21
11.73
9.778
8.777
9.253
9.351
8.936
9.314
10.14
15.31
16.41
17.07
17.55
17.82
18.16
17.72
15.38
14.18
13.18
10.22
10.75
20.21
20.48
14.26
16.92
20.85
20.73
14.7
6.604
8.032
6.219
6.219
6.219
6.219
6.219
6.219
6.219
6.219
6.219
6.219
6.219
6.219
6.219
6.219
6.531
8.447
8.337
12.24
20.21
20.85
19.7
10.29
6.384
6.219
6.219
6.219
6.219
6.219
6.219
6.219
6.219
6.219
6.219
6.219
6.219
6.219
6.219
6.219
6.219
6.219
6.219
6.219
6.219
6.219
6.219
6.219
6.219
6.219
6.219
6.219
6.219
6.219
6.219
6.219
6.219
6.219
6.219
6.219
6.219
6.219
6.219
6.219
6.219
6.219
6.219
6.219
6.219
6.219
6.219
6.219
6.219
6.219
6.219
8.472
6.219
6.219
6.219
6.219
6.219
6.219
6.219
6.219
6.219
6.219
6.219
6.219
6.219
6.219
6.219
6.219
6.219
6.219
6.219
6.219
6.219
6.219
6.219
6.219
6.219
6.219
6.219
6.219
6.219
6.219
6.219
6.219
6.219
6.219
6.219
6.219
7.727
7.629
6.219
6.219
6.219
6.219
6.219
6.219
6.219
6.219
6.219
6.219
6.219
6.219
6.219
6.219
6.219
6.219
6.219
6.219
6.219
6.219
6.219
6.219
6.219
6.219
6.219
6.219
6.219
6.219
6.219
6.219
6.219
6.219
6.219
6.219
6.219
6.219
6.219
6.219
6.219
6.219
6.219
6.219
6.219
6.219
6.219
6.219
6.219
6.219
6.219
6.219
6.219
6.219
6.219
6.219
6.219
6.219
6.219
6.219
6.219
6.219
6.219
6.219
6.219
6.219
6.219
6.219
6.219
6.219
6.219
6.219
6.219
6.219
6.75
11.52
16.65
17.72
18.14
18.63
18.87
19.14
19.19
19.34
19.43
19.56
19.73
19.75
19.97
20.26
20.41
19.41
19.51
20.85
20.65
20.17
16.89
16.65
13.06
15.31
16.85
14.82
13.87
10.73
15.6
16.85
14.82
14.09
11.58
13.92
17.02
17.9
18.26
18.75
18.97
19.17
19.29
19.46
19.53
19.68
19.73
19.92
20.09
20.29
20.31
19.85
18.8
20.7
20.83
20.83
19.7
18.38
18.21
13.33
12.5
16.67
17.55
18.09
18.46
18.82
18.99
19.17
19.31
19.36
19.56
19.63
19.78
19.92
19.92
20.02
20.29
20.31
19.58
19.87
20.8
20.83
20.85
20.39
19.17
19.19
19.17
12.24
14.84
16.58
17.26
17.82
18.09
18.36
18.6
18.87
18.97
18.97
19.14
19.19
19.34
19.34
19.34
19.53
19.65
19.73
19.73
19.82
19.92
19.97
20.12
20.12
20.29
20.31
20.31
19.9
19.02
20.8
20.83
20.83
19.7
19.36
19.36
11.36
15.41
17.41
18.04
18.48
18.92
19.04
19.21
19.36
19.46
19.53
19.7
19.8
19.92
19.92
20.19
20.31
20.31
18.33
20.48
20.83
20.65
19.97
16.55
16.09
15.94
10.9
16.43
17.5
18.07
18.38
18.85
19.07
19.21
19.36
19.53
19.53
19.65
19.82
19.92
19.92
20.14
20.31
20.31
18.16
20.56
20.8
20.26
19.65
16.85
16.65
14.18
12.32
16.85
17.65
17.97
18.29
18.68
18.95
19.14
19.19
19.36
19.41
19.53
19.63
19.73
19.75
19.92
19.92
20.12
20.31
20.31
18.58
20.41
20.85
20.8
20.65
19.7
17.99
17.63
17.63
12.48
15.43
16.63
16.67
13.65
13.6
11.45
14.38
16.28
16.94
14.55
14.01
11.05
13.09
16.65
15.33
13.35
10.22
14.04
16.97
17.75
18.16
18.51
18.9
19.12
19.21
19.36
19.51
19.6
19.78
19.9
20.0
20.09
20.12
20.48
20.51
20.21
18.99
20.31
20.19
20.48
20.48
20.48
20.48
20.48
20.51
19.38
17.14
16.77
16.6
16.41
16.26
14.55
10.67
15.7
16.63
17.11
17.5
17.94
18.04
18.21
18.51
18.7
18.87
19.02
19.17
19.19
19.41
19.53
19.65
19.73
19.82
19.92
20.02
20.21
20.31
19.58
18.29
20.85
20.73
20.26
19.41
16.26
15.99
15.58
10.31
16.36
17.58
18.14
18.33
18.85
19.07
19.24
19.36
19.41
19.58
19.73
19.78
19.92
19.92
20.09
20.24
20.31
20.36
17.99
20.12
20.31
20.58
20.87
20.87
20.73
20.09
19.73
19.46
16.67
16.26
16.26
16.26
16.26
16.28
12.07
12.48
9.985
13.84
13.01
18.92
19.6
19.65
17.87
9.814
11.78
9.412
12.11
10.03
13.45
14.14
19.17
19.75
19.68
17.43
9.961
10.82
12.65
17.6
19.65
18.36
12.01
9.558
9.998
9.875
18.26
20.61
17.72
11.22
18.92
20.41
16.48
10.89
9.448
9.412
9.448
9.68
12.04
20.34
19.36
15.77
9.497
9.705
10.69
16.33
17.36
17.92
18.12
18.6
18.85
19.02
19.17
19.29
19.36
19.48
19.56
19.73
19.8
19.92
19.92
20.07
20.29
20.31
20.31
17.92
20.39
20.85
20.85
20.85
20.02
18.36
18.02
17.8
9.729
8.923
8.948
8.923
8.984
8.923
8.936
8.801
9.155
10.45
20.12
20.12
17.58
9.766
13.33
20.73
19.38
16.77
6.702
6.384
6.219
6.219
6.287
9.094
8.411
9.094
8.923
10.28
19.92
20.21
13.16
9.265
8.691
8.533
11.01
20.61
19.36
11.3
8.96
9.094
7.458
6.409
6.287
6.219
6.219
6.219
6.219
6.219
6.219
6.219
6.219
6.219
6.219
6.219
6.219
6.219
6.219
6.219
6.219
6.219
6.219
6.219
6.219
6.219
6.219
8.704
9.656
8.447
11.01
19.51
20.53
