5.64
5.64
5.64
5.64
5.64
5.64
5.64
5.64
5.64
5.64
5.64
5.64
5.64
5.64
5.64
5.64
5.64
5.64
5.64
5.64
5.64
5.64
5.64
5.64
5.64
5.64
5.64
5.64
5.64
5.64
5.64
5.64
6.213
12.4
17.09
18.75
19.82
20.53
20.8
20.63
19.36
18.58
18.48
18.04
13.16
12.44
16.85
18.26
19.38
20.14
20.65
20.8
20.29
18.99
18.38
18.09
16.48
10.75
16.06
17.87
19.17
19.95
20.51
20.8
20.7
19.56
19.34
19.34
19.14
14.79
8.984
10.56
19.75
20.78
20.83
20.24
20.31
20.78
20.85
21.04
20.68
20.17
19.78
19.48
19.48
20.21
20.7
20.8
20.78
19.7
19.19
19.17
15.04
9.692
9.021
9.485
8.801
8.813
9.045
11.88
16.58
18.19
19.48
20.34
20.8
20.7
18.65
18.36
17.68
11.39
15.48
17.58
18.99
20.04
20.65
20.75
19.48
19.14
19.14
16.43
10.67
9.534
16.6
20.8
20.75
20.07
19.21
20.14
20.75
20.68
19.92
19.73
20.61
20.78
20.68
19.97
19.75
19.6
19.9
20.68
20.75
20.14
19.48
15.43
9.937
10.05
10.07
9.631
9.485
15.7
20.8
20.17
19.92
19.34
19.75
20.68
20.78
19.68
19.09
18.14
11.41
15.58
17.24
18.29
19.21
19.85
20.56
20.8
19.34
17.85
17.6
17.53
13.65
10.89
9.766
10.31
10.14
18.12
20.75
20.73
20.19
18.87
20.34
20.75
20.0
19.04
6.482
8.484
8.984
8.801
8.887
9.106
9.119
8.74
8.875
8.984
9.033
8.984
9.351
6.824
8.875
9.241
8.997
8.606
8.826
8.899
18.36
20.83
20.36
17.26
7.544
8.374
8.569
8.887
9.119
9.192
9.131
8.801
8.752
8.911
9.265
8.74
9.082
9.241
8.667
8.643
9.387
8.691
8.789
10.35
20.51
20.75
19.85
13.11
5.865
8.521
8.557
8.948
9.119
8.96
16.72
20.83
20.68
19.46
13.92
9.363
9.485
11.02
20.65
20.8
20.17
20.73
20.8
20.17
19.92
20.7
20.68
20.19
16.21
9.07
9.338
8.423
8.63
8.801
10.05
10.22
8.911
15.41
20.8
20.78
20.8
20.48
12.7
9.033
9.058
8.765
8.838
9.033
11.29
13.79
20.63
20.75
20.34
19.46
12.7
18.07
20.85
19.95
17.75
10.82
18.68
20.78
20.17
18.82
10.4
16.38
20.83
20.61
19.95
14.38
9.009
9.216
15.43
20.78
20.85
20.63
18.07
8.679
8.545
8.704
9.473
9.021
8.582
9.521
8.459
9.253
11.79
20.8
20.68
19.12
20.8
20.9
20.56
13.92
9.094
8.752
18.19
20.85
20.95
17.75
6.073
7.642
9.106
13.77
20.8
21.04
20.36
13.13
8.496
8.459
8.228
8.569
8.472
8.301
8.411
8.435
8.374
15.09
20.83
20.31
20.8
20.87
13.6
6.262
6.226
7.861
9.216
9.68
9.79
10.39
11.55
10.56
20.09
20.83
19.8
13.89
9.387
9.229
10.24
16.26
20.85
20.51
17.48
8.74
9.302
20.26
20.73
19.63
19.29
20.36
20.8
20.78
20.78
20.78
20.78
20.75
20.75
20.75
20.78
20.75
20.75
20.75
20.78
20.75
20.75
20.95
20.92
20.87
20.87
20.85
20.83
20.78
20.83
20.85
20.87
20.9
20.87
20.92
20.9
20.83
20.75
20.75
20.29
19.7
18.04
12.57
18.55
20.19
20.8
20.8
20.8
20.78
20.78
20.78
20.78
20.78
20.78
20.78
20.78
20.78
20.78
20.78
20.78
20.78
20.85
20.97
20.9
20.92
20.9
20.92
20.87
20.87
20.85
20.83
20.85
20.87
20.83
20.83
20.83
20.85
20.9
20.92
20.12
19.36
19.43
13.75
17.33
19.46
20.61
20.8
20.8
20.8
20.8
20.8
20.8
20.8
20.8
20.8
20.8
20.8
20.8
20.78
20.78
20.78
20.78
20.78
20.8
20.95
20.95
20.9
20.9
20.92
20.87
20.9
20.87
20.87
20.83
20.83
20.85
20.85
20.85
20.8
19.78
18.92
18.02
17.63
17.6
17.5
12.74
17.29
19.43
20.61
20.8
20.8
20.8
20.8
20.8
20.78
20.78
20.8
20.78
20.78
20.78
20.8
20.78
20.78
20.78
20.78
20.78
20.92
20.95
20.9
20.9
20.85
20.87
20.9
20.83
20.83
20.83
20.85
20.8
20.83
20.68
20.48
19.97
19.82
19.19
12.77
17.99
19.87
20.75
20.8
20.8
20.8
20.8
20.8
20.78
20.78
20.78
20.78
20.78
20.78
20.78
20.78
20.78
20.78
20.8
20.87
20.95
20.9
20.9
20.9
20.85
20.85
20.83
20.83
20.83
20.8
20.75
20.26
18.73
18.19
13.79
17.07
18.87
17.53
16.16
13.33
17.99
18.77
16.26
13.45
16.8
18.75
17.7
15.45
13.99
14.6
18.55
18.12
15.77
13.16
17.92
18.99
17.77
16.53
14.09
18.41
18.29
17.29
12.7
17.9
18.7
17.85
15.38
20.58
20.21
19.19
19.07
20.34
20.78
20.78
20.75
20.75
20.78
20.95
20.95
20.87
20.75
20.75
20.78
20.78
20.78
20.78
20.78
20.78
20.78
20.8
20.8
20.95
20.92
20.85
20.83
20.83
20.8
20.8
20.8
20.8
20.85
20.24
19.7
19.56
17.68
14.89
19.09
20.41
20.8
20.8
20.78
20.8
20.8
20.78
20.78
20.78
20.78
20.78
20.78
20.78
20.78
20.78
20.78
21.02
20.9
20.68
20.65
20.63
20.63
20.61
20.63
20.61
20.63
20.29
20.09
19.34
18.99
18.99
18.9
9.46
12.74
17.26
18.65
19.85
20.65
20.83
20.8
20.8
20.8
20.8
20.8
20.8
20.8
20.78
20.8
20.78
20.78
20.78
20.78
20.78
20.78
20.78
20.8
20.95
20.85
20.87
20.8
20.78
20.8
20.8
20.78
20.75
20.65
20.34
20.19
19.92
14.99
10.72
10.66
10.28
10.23
20.12
20.78
20.19
20.02
17.53
13.4
19.63
20.83
19.78
18.92
13.4
10.79
16.82
20.8
19.92
19.8
20.83
20.24
19.97
17.5
15.04
20.8
20.31
19.82
18.82
20.75
20.75
20.02
19.75
18.55
20.85
20.41
20.14
16.43
10.42
9.583
9.778
19.7
20.85
20.43
18.99
20.75
20.83
20.34
19.53
11.74
9.656
9.46
9.9
9.424
9.082
12.37
20.75
20.78
20.56
19.04
10.66
9.143
9.216
15.82
20.8
20.7
20.07
15.26
10.06
19.82
20.83
20.8
20.63
14.16
9.229
9.302
9.387
9.656
9.485
9.143
9.155
9.302
9.729
9.424
8.984
9.546
9.497
9.509
9.509
9.18
10.28
18.68
20.83
19.75
15.89
7.861
6.421
6.421
6.421
6.421
6.421
6.421
6.421
6.421
6.421
6.421
6.421
6.421
6.421
6.616
9.9
9.839
10.27
9.949
9.778
9.399
10.8
10.27
10.31
10.1
9.985
