21.53
22.19
16.87
14.87
14.99
14.67
12.06
16.38
16.99
14.5
15.7
15.38
19.85
21.63
24.41
7.8
0.5882
0.164
0.02604
0.02346
0.02604
0.02346
0.02604
0.02346
10.84
10.86
11.04
0.9369
11.99
7.397
4.193
12.43
7.043
12.15
18.9
23.93
24.98
28.52
25.68
27.98
24.27
26.17
24.0
21.31
11.77
12.82
16.43
11.46
28.61
28.81
29.69
29.44
28.32
24.78
26.03
25.39
16.8
4.651
18.85
25.54
27.39
25.93
25.68
25.68
19.53
21.66
19.97
21.95
13.11
16.53
14.89
13.65
21.83
24.27
25.2
12.87
19.38
12.84
18.21
18.43
40.67
41.31
41.75
35.21
33.79
18.9
22.8
31.88
34.77
37.01
36.87
38.62
25.63
16.82
14.04
15.43
18.7
33.94
37.01
34.23
34.57
39.21
27.59
16.31
39.99
40.67
40.72
37.74
35.69
15.94
33.15
41.02
40.09
38.38
39.4
29.98
15.23
20.85
24.41
31.69
32.62
8.704
18.43
33.79
34.08
16.46
16.46
21.9
19.63
19.19
21.66
12.74
36.87
40.19
38.38
36.72
40.09
27.44
12.28
40.87
38.38
39.36
37.5
38.77
22.53
23.68
29.59
33.2
20.87
21.17
22.73
21.0
18.31
17.41
17.92
15.26
16.09
9.424
25.93
25.78
25.2
22.88
25.54
22.8
17.99
25.93
20.83
17.99
17.48
16.5
15.92
21.36
23.49
18.55
17.75
13.77
18.92
18.04
19.19
16.09
15.16
14.97
0.1926
0.1041
0.02604
0.02604
0.02604
0.02079
0.02604
0.02604
0.02604
0.02604
12.21
14.48
5.579
14.14
14.99
14.16
13.6
14.7
18.12
19.8
20.51
21.48
11.04
8.203
0.2342
0.07296
0.03128
0.02079
0.03128
0.02079
0.03128
0.02079
0.02604
0.02604
9.265
13.77
13.75
11.52
13.23
11.65
17.87
14.97
14.09
16.31
12.92
12.17
13.23
12.13
0.2239
0.1093
0.02604
0.02604
0.02604
0.02604
0.02604
0.02604
0.02604
0.02079
10.97
22.51
20.02
20.65
14.45
13.67
11.51
13.62
13.57
18.58
18.12
18.6
15.48
17.04
0.1719
0.1041
0.02604
0.02604
0.02604
0.02604
0.02604
0.02079
0.02604
0.02604
0.02604
8.008
6.482
0.1354
6.091
4.297
0.1406
0.05207
11.54
11.72
12.28
11.69
12.92
12.92
1.657
0.1406
0.03643
0.02604
0.02604
0.02079
0.02604
0.02079
0.02604
2.921
14.09
15.48
15.65
15.38
15.26
12.0
13.16
17.26
18.75
17.94
17.77
14.84
0.6561
0.3334
0.03643
0.02079
0.02604
0.02604
0.02604
0.02079
0.02604
0.02604
0.02604
0.02079
0.02604
0.02604
0.02604
0.02604
0.02604
0.02079
0.02604
0.02079
0.02604
0.02604
0.02604
0.02604
0.02604
0.02079
0.02604
0.02079
0.03128
0.02079
0.02604
0.02604
0.02604
0.02079
0.02604
0.02604
0.02079
0.02604
0.02604
0.02604
0.02079
0.02604
0.02604
0.02079
0.03128
0.02079
0.03128
0.02604
0.02604
0.02604
0.02604
0.02604
0.02604
0.02604
0.03128
0.02604
0.02604
0.02604
0.02604
0.02604
0.03128
0.02604
0.02604
8.74
20.48
26.46
19.51
15.11
6.372
20.34
19.34
20.8
19.19
18.31
18.9
18.51
19.92
20.85
19.38
20.46
21.46
20.95
21.46
28.81
29.98
28.61
28.56
27.44
29.25
30.62
28.81
35.06
31.35
30.18
16.53
16.19
18.41
22.34
25.59
26.95
29.0
26.46
28.56
29.88
20.53
28.37
38.04
38.72
36.72
35.84
35.25
36.23
34.18
32.47
35.21
34.91
35.99
38.23
37.01
34.62
33.4
30.37
18.65
19.14
20.41
22.53
24.32
33.01
33.64
30.18
31.69
25.2
10.33
26.22
27.54
28.17
26.95
26.66
27.83
30.32
22.88
19.92
18.36
22.9
22.07
21.0
17.94
16.6
16.72
20.65
21.26
23.22
21.41
20.43
18.41
17.58
17.8
18.77
19.7
18.58
15.33
15.5
16.19
17.26
16.36
16.36
17.11
17.85
19.26
17.43
15.11
14.6
14.79
14.33
14.48
17.16
12.38
19.65
18.95
18.63
21.46
21.26
24.88
21.19
23.41
25.93
22.8
21.73
22.0
20.02
19.14
20.0
19.21
18.97
27.0
28.47
29.83
29.74
26.86
29.69
29.88
25.39
18.68
25.0
23.49
20.78
18.99
21.12
23.58
20.34
18.87
19.31
21.22
14.92
15.7
19.9
24.29
28.81
28.37
23.58
23.54
28.32
28.27
23.14
28.17
25.1
23.34
21.56
20.63
19.29
18.09
18.58
19.43
19.56
19.6
20.17
20.0
19.24
19.85
21.07
21.04
16.7
16.89
17.02
18.26
17.55
17.19
18.26
20.8
20.87
21.48
20.73
19.14
18.65
14.16
15.77
16.63
16.31
17.55
16.55
17.16
19.14
12.1
18.36
20.9
21.36
21.92
22.29
22.49
21.51
21.63
22.61
22.95
28.56
27.88
26.71
24.63
23.58
22.53
22.19
22.02
23.36
24.29
23.54
22.17
21.8
21.46
23.58
24.22
4.742
17.94
20.0
20.83
21.0
24.32
25.29
25.73
21.51
23.07
21.88
20.0
11.68
19.43
19.07
18.99
16.24
22.8
15.04
19.65
27.78
24.8
22.29
26.71
27.88
25.78
23.29
21.8
25.93
23.9
25.49
25.24
26.42
23.49
24.71
26.9
23.46
20.63
24.76
24.22
24.9
22.83
21.07
17.33
20.85
21.78
20.87
20.34
23.07
21.19
21.29
20.75
20.56
19.63
19.41
15.8
2.585
0.08335
17.02
21.41
23.41
22.44
29.35
31.69
28.96
27.69
26.32
26.71
28.81
29.88
30.52
30.86
30.42
30.62
30.03
28.42
28.56
29.15
30.18
28.56
18.16
18.16
23.39
27.0
31.35
33.45
31.49
29.49
29.54
23.07
20.78
35.55
33.94
32.42
29.83
28.61
27.69
26.81
24.46
23.95
25.73
25.34
33.74
31.79
31.2
30.57
30.18
29.69
26.42
22.29
17.8
15.72
14.55
15.16
16.33
20.73
23.61
24.12
27.15
34.96
31.84
31.25
29.44
18.99
22.07
21.0
21.58
16.09
14.79
28.56
33.5
19.14
17.53
18.31
26.12
16.82
17.5
15.26
14.62
14.55
19.95
16.99
12.82
12.79
15.01
18.07
18.12
14.77
14.82
20.75
18.68
12.87
12.22
15.65
15.28
15.8
11.33
14.58
14.7
14.67
16.02
16.16
14.75
11.89
13.45
12.11
13.96
15.31
14.6
14.62
14.6
15.33
11.44
16.58
13.72
12.22
14.87
12.52
13.79
13.21
14.97
11.65
26.51
23.95
22.75
21.73
21.97
20.73
19.34
18.6
18.7
20.68
23.61
21.56
19.65
19.63
19.7
22.09
26.37
26.81
22.05
20.68
25.39
22.61
21.58
22.34
21.88
26.76
26.17
14.36
16.63
17.8
17.9
22.34
21.8
19.92
19.85
22.41
23.07
20.26
18.36
13.99
0.1249
0.07811
0.02604
0.02604
0.02604
0.02604
0.02079
0.02604
0.02604
0.02604
0.02079
0.03128
0.02079
0.02604
0.02604
0.02604
0.02604
0.9064
18.36
14.36
15.43
18.19
18.41
16.21
10.93
