0.1598
0.3773
0.1799
0.1812
0.341
0.3101
0.08707
0.09661
0.2525
0.2045
0.246
0.2064
0.1034
0.164
0.3254
9.537e-05
0.0001907
0.0
0.0
0.0
9.537e-05
0.1097
0.1415
0.1249
0.1616
0.03796
0.177
0.1934
0.1766
0.1446
0.2708
0.2613
0.2159
0.1556
0.1869
0.1585
0.2243
0.1152
0.05217
9.537e-05
1.48
2.466
2.917
2.734
3.485
4.272
2.945
0.943
0.3574
0.2029
2.289
2.38
2.423
2.252
3.241
4.016
2.557
2.6
0.9567
0.4318
0.2335
1.843
1.965
2.325
2.127
2.148
3.497
3.668
2.286
0.975
0.211
0.2411
0.6912
1.418
1.892
2.252
2.188
2.005
2.066
4.773
1.917
1.816
0.6126
0.1472
0.4097
0.1875
0.2792
0.03824
0.1123
0.1133
0.3231
0.1583
0.3727
0.1413
0.3796
0.1402
0.1623
0.1616
0.2514
0.1911
0.1097
0.1173
0.3395
0.2544
0.2758
0.351
0.2777
0.4578
1.642
1.913
2.036
2.551
4.321
2.896
2.087
0.4707
0.4494
0.2987
0.1286
0.2991
0.3586
0.23
0.2937
0.1148
0.2934
2.472
2.075
1.767
1.874
3.418
3.32
3.29
1.338
0.5486
0.6172
2.289
1.846
1.837
1.904
1.923
4.449
1.84
1.761
0.7698
0.486
0.3468
0.169
1.767
2.423
2.295
2.661
3.857
3.11
1.535
1.534
0.5806
0.396
0.124
0.1282
0.1051
0.3143
0.1013
1.125
1.715
1.605
1.84
1.999
1.968
4.48
1.642
2.28
0.9384
0.4158
0.3185
0.3014
0.2987
0.3098
0.4028
0.3208
0.04654
0.1425
0.1257
0.3162
0.008488
0.0001907
0.0
0.0
0.0005722
0.0
0.0
0.01078
0.2914
0.2872
0.2224
0.2918
0.1709
0.3746
0.2308
0.2472
0.3307
0.2083
0.3674
0.1492
0.1871
0.3399
0.2083
9.537e-05
0.0
0.0
0.0
0.0
0.0
0.0
0.0
0.0
0.1965
0.1455
0.1122
0.1881
0.1747
0.2655
0.2357
0.0288
0.1129
0.09565
0.2842
0.1001
0.2293
0.3582
0.1455
0.0
0.0
0.0
0.0
0.0
0.0
0.0
0.0001907
0.0
0.08421
0.341
0.1543
0.1375
0.1146
0.3036
0.1762
0.3098
0.102
0.1146
0.3029
0.1657
0.4951
0.4967
0.3864
0.0001907
9.537e-05
0.0
0.0
0.0
0.0
0.0
0.0
0.0
0.1787
0.2426
0.3315
0.3807
0.2319
0.3372
0.425
0.3506
0.5547
0.259
0.2193
0.04358
0.1358
0.115
0.3426
0.01354
0.0
0.0
0.0
0.0
0.0
0.0
0.0
0.0267
0.5188
0.3372
0.2171
0.08812
0.2655
0.2819
0.2579
0.1865
0.1822
0.1976
0.1825
0.1528
0.3807
0.001621
0.1606
0.0002861
9.537e-05
0.0
0.0
0.0
0.0
9.537e-05
0.0
0.0
0.01259
0.1219
0.3853
0.1648
0.4608
0.5676
0.1593
0.1812
0.3304
0.3216
0.2251
0.3578
0.01392
0.1322
0.3265
0.0003815
0.0
9.537e-05
0.0
0.0
0.0
0.0
0.0
0.0
0.0
0.006199
0.1068
0.1789
0.37
0.2007
0.4257
0.0002861
0.0001907
0.0
0.0
0.0
0.0
0.0
0.0
9.537e-05
0.0
0.0
0.0
0.0
0.0
0.0
0.0
0.0
0.4135
0.2983
0.3147
0.1654
0.1287
1.218
2.191
2.386
2.618
2.832
2.93
2.808
2.646
2.423
2.164
2.188
2.081
2.539
2.228
2.139
2.039
2.264
3.351
7.227
4.004
3.143
5.017
5.127
5.92
5.432
6.921
4.022
3.796
4.59
2.472
1.379
0.9689
1.373
1.35
1.534
1.77
1.788
1.529
1.379
1.378
1.184
1.785
1.889
1.813
1.913
1.74
1.965
1.877
1.84
1.91
1.971
2.051
1.987
1.819
2.777
7.092
5.682
2.631
3.711
6.726
5.005
4.944
4.7
6.763
3.29
3.351
3.073
1.859
2.197
0.4738
1.404
1.654
1.605
1.978
1.892
1.904
1.938
2.06
2.298
2.271
2.097
2.063
2.365
2.551
2.399
2.515
2.277
1.663
1.669
1.503
2.53
3.851
5.536
2.313
3.339
2.863
3.351
4.95
4.822
3.644
4.919
6.006
3.723
3.113
2.878
2.423
0.8575
1.88
0.5463
1.669
1.932
1.721
1.779
1.965
1.712
1.831
1.984
2.127
1.895
1.926
2.09
1.703
1.456
1.505
1.685
1.66
1.834
1.91
2.063
1.993
1.88
1.999
2.185
4.175
5.194
6.042
7.336
5.518
6.287
7.19
6.25
4.144
3.32
1.736
1.231
0.8682
1.549
1.898
1.895
2.133
1.639
1.398
1.767
1.74
1.425
1.335
1.825
2.081
2.179
2.466
2.661
2.524
2.734
4.529
8.154
10.94
9.79
7.08
8.313
5.969
3.986
2.652
0.8636
2.502
2.756
3.107
2.78
1.494
1.201
1.334
1.384
1.657
1.755
1.642
1.99
2.032
1.654
1.746
1.846
1.785
1.819
1.849
2.087
2.237
1.996
2.792
4.773
8.044
3.491
6.067
5.511
5.084
7.41
5.78
3.143
3.259
2.145
1.001
1.935
0.6157
1.175
1.34
3.043
3.067
0.9766
0.1402
0.9552
1.357
2.139
3.259
1.189
0.721
0.605
1.198
1.439
4.163
1.895
0.7301
0.6721
1.071
2.09
3.51
1.27
0.1379
1.202
1.357
3.699
1.95
0.1617
1.131
1.764
1.733
1.971
1.874
1.865
2.606
2.667
2.982
3.049
2.652
2.695
2.841
3.116
3.424
2.975
2.719
4.108
7.312
11.39
10.55
8.057
8.838
5.493
3.247
1.43
1.978
3.116
3.21
2.869
2.866
2.853
3.067
2.859
2.875
2.368
2.258
2.2
2.383
3.027
3.113
4.797
8.74
11.25
10.21
9.29
7.678
5.621
2.545
1.195
2.405
2.621
3.162
3.082
3.085
3.217
3.088
3.0
2.576
2.64
3.192
3.467
3.174
2.863
3.003
8.557
10.23
10.24
8.618
8.813
5.328
3.448
2.222
0.6546
2.271
3.073
3.098
3.015
3.217
3.29
3.247
3.024
2.96
3.052
2.722
2.658
2.731
2.814
2.466
5.658
6.763
3.116
7.068
7.373
5.731
5.847
4.974
3.314
2.579
2.515
1.294
1.974
0.4791
0.3334
0.2781
0.2636
1.669
1.028
0.8118
0.312
0.2617
0.4128
0.7347
0.721
0.7271
0.3632
0.1671
0.4066
0.2483
0.9323
0.4478
0.9842
0.8896
0.2907
0.1961
0.4158
0.09584
0.6966
0.7477
0.6905
0.6554
0.3593
0.4211
2.319
2.353
2.182
2.835
2.881
2.628
2.53
2.603
2.423
2.737
2.975
3.021
3.122
2.71
2.737
2.957
5.762
9.546
10.69
8.752
9.155
4.852
4.279
2.802
2.414
0.3727
1.755
2.045
2.28
2.414
2.383
2.325
2.399
1.92
1.889
1.819
1.831
1.724
1.837
1.773
1.724
1.804
2.145
2.533
2.774
5.011
7.043
3.906
5.414
8.813
5.682
7.043
8.63
5.28
4.419
2.637
0.5424
0.2316
0.4181
0.2586
0.2041
0.2647
0.1081
0.2808
0.6676
0.3643
0.301
0.2789
0.1688
0.3181
9.537e-05
0.0
0.0
0.0001907
9.537e-05
0.0
0.0
0.0
0.0
0.0
0.0
0.0
0.0
0.0
0.0
0.0001907
0.0
0.0
0.0
0.0
0.0
0.01411
0.7736
0.9399
0.3819
0.1236
0.4913
0.9003
0.5989
0.2159
