0.6355
0.2888
0.0008583
0.6912
0.2808
0.2586
0.2163
0.3735
0.2384
0.2125
0.2831
0.3204
0.2033
0.1652
0.0
0.0001907
0.0001907
0.0
0.0
0.01011
0.0002861
0.01545
0.5394
0.1743
0.3807
0.2457
0.4311
0.1518
0.2151
0.5356
0.1699
0.2617
0.267
0.2537
1.675
2.103
1.862
1.443
1.335
2.1
4.517
4.572
3.912
1.35
0.2415
0.3178
0.1991
0.4097
0.2171
0.3708
0.1743
0.4044
0.4967
0.1272
0.3033
0.2918
0.1631
9.537e-05
1.135
2.078
2.097
2.048
2.048
2.222
6.702
3.546
2.905
0.5585
0.4333
0.1459
1.051
1.816
2.167
2.023
2.097
2.316
6.177
3.064
3.613
1.822
0.3677
1.837
1.889
1.892
1.682
1.575
3.931
5.243
3.278
1.599
0.3326
1.892
2.084
1.785
2.036
2.121
6.201
4.663
1.801
0.4036
0.168
0.3555
0.4189
0.2022
0.127
0.4173
0.4143
0.4852
0.1562
0.3296
0.2735
0.6462
1.935
1.849
1.764
2.167
2.234
5.945
1.553
2.243
2.179
0.375
0.5554
0.5051
0.3628
0.7614
0.489
0.1783
0.153
0.5165
0.05178
1.077
2.023
2.197
2.28
2.039
3.802
6.555
4.089
0.9521
0.3746
0.6058
0.5295
0.8392
0.1484
0.2068
0.2712
0.5783
2.167
2.554
2.328
2.499
4.12
5.927
3.32
0.6363
0.386
0.2666
1.581
2.09
2.289
2.219
2.084
5.78
4.565
3.351
0.7095
0.161
0.1175
0.6721
0.441
0.5783
0.6729
0.5966
0.4753
0.04873
0.4578
0.4974
0.5096
0.0
0.4662
0.5035
9.537e-05
0.0
0.0
0.0
0.0
0.01211
0.386
0.4982
0.3017
0.3372
0.1413
0.1068
0.3494
0.2769
0.1949
0.4204
0.3456
0.3757
0.3448
0.3399
0.2945
0.3708
0.3532
0.2518
0.0
0.0
0.0003815
0.0
0.0
0.01087
0.4036
0.4044
0.3174
0.4478
0.3265
0.09155
0.0886
0.1085
0.3609
0.4906
0.4379
0.2823
0.3349
0.3319
0.1068
0.07658
0.172
0.3124
0.005627
0.0001907
0.0
0.0
0.0
0.01068
0.2388
0.2583
0.2857
0.2941
0.1043
0.07839
0.2182
0.1867
0.4448
0.3204
0.1148
0.1553
0.4662
0.4547
0.3361
0.1465
0.325
0.2731
9.537e-05
9.537e-05
0.0
0.0
0.0
0.01116
1.271
0.5447
0.4028
0.1633
0.3796
0.6287
0.724
0.8102
0.8865
0.1776
0.6775
0.176
0.1265
0.4387
0.2327
0.4723
0.1541
0.3059
0.2342
0.0005722
0.0
0.0
0.0
0.008869
0.8514
0.3441
0.0007629
0.6027
0.2159
0.1629
0.5417
0.2666
0.4143
0.2686
0.3204
0.2697
0.3822
0.1251
0.1459
0.3605
0.5333
0.161
0.0
0.0
0.0
0.0
0.0003815
0.01163
0.4463
0.5333
0.1457
0.1213
0.4791
0.194
0.1493
0.1879
0.2308
0.2426
0.1417
0.1608
0.8591
0.5051
0.1621
0.2274
0.4852
0.1337
0.3017
0.2422
9.537e-05
0.0
0.0
0.008488
0.1415
0.2827
0.3624
0.1051
0.1348
0.3319
0.0329
0.4616
0.4509
0.09527
0.1081
0.2003
0.3075
0.0205
9.537e-05
0.0004768
0.206
0.08268
9.537e-05
9.537e-05
0.0001907
0.0
0.0001907
0.01001
0.2625
0.4791
0.486
0.7744
0.309
0.1657
0.2525
0.3582
0.1741
0.9399
1.074
1.807
2.097
2.209
2.13
2.267
2.051
1.956
2.298
2.365
1.913
1.813
1.59
1.509
1.259
1.901
2.432
1.974
2.267
2.13
3.693
6.714
10.36
10.94
10.01
9.607
5.951
8.411
5.28
2.859
1.311
0.544
1.852
2.173
2.441
2.029
1.758
1.733
1.703
1.572
1.813
2.167
2.393
2.24
2.243
1.608
1.81
1.614
1.987
1.543
1.761
1.776
1.476
3.748
4.626
8.679
9.473
8.972
9.717
10.78
0.9445
1.978
2.673
2.435
2.362
2.246
2.344
2.267
2.567
2.567
2.597
2.246
2.084
2.005
1.819
2.307
2.051
1.678
1.965
1.46
4.102
8.374
11.68
8.35
7.312
8.545
4.822
6.348
4.742
3.174
1.07
1.369
2.286
2.17
2.06
2.267
2.243
2.237
2.292
2.246
2.393
2.469
2.322
2.063
1.883
2.371
2.448
1.929
2.234
2.588
1.743
4.01
5.878
8.887
1.828
2.032
0.2316
1.514
0.396
1.66
1.761
1.84
1.874
1.849
1.807
1.761
1.651
2.087
2.335
1.761
1.794
1.52
1.479
1.398
1.596
2.029
1.901
1.523
1.221
1.54
1.43
1.822
5.212
4.572
5.975
9.265
10.21
6.982
10.36
6.061
5.92
7.214
3.748
3.583
1.395
0.09527
1.488
1.785
1.987
1.773
1.541
1.825
1.332
1.239
1.318
1.566
1.488
1.715
1.868
1.843
1.758
1.721
1.645
1.666
1.627
1.633
1.483
1.552
1.706
1.678
1.515
3.589
5.658
6.775
6.519
10.35
6.653
8.093
6.25
7.483
4.724
4.559
2.35
2.905
0.5379
1.012
1.082
2.966
3.668
1.18
0.2228
0.1383
0.108
0.4211
0.4944
0.8926
0.9308
1.068
2.426
5.066
3.061
1.485
0.3757
0.647
0.9048
0.7858
1.715
3.503
1.462
0.6424
0.3788
0.7423
0.9323
0.9186
3.528
2.783
1.314
0.5424
0.1545
0.1093
0.0906
0.2415
0.3937
0.1871
0.1068
0.09098
0.09861
0.4333
0.2586
0.1873
0.08736
0.3681
0.1419
0.1581
1.274
1.733
1.672
1.578
1.476
1.17
0.9308
0.8209
0.9964
1.642
1.584
1.46
1.66
1.485
1.645
1.512
1.868
1.697
1.335
1.486
1.343
1.611
1.543
1.234
1.041
0.9735
0.9567
1.167
1.353
1.746
3.296
5.591
8.228
5.261
8.716
8.191
7.593
5.066
6.763
4.736
4.529
2.841
1.947
1.404
1.151
1.547
1.657
1.118
1.05
1.163
1.779
1.611
1.512
1.392
1.447
1.543
1.822
1.608
1.503
1.41
1.291
1.254
1.688
1.474
1.59
1.721
1.447
1.408
1.099
1.389
1.791
1.801
2.133
2.899
4.285
6.244
5.939
6.763
8.081
7.446
9.009
8.447
6.372
5.157
4.639
2.71
1.335
1.605
0.2327
1.555
0.2399
1.627
0.1799
0.2495
0.1482
0.1486
0.3414
0.1423
1.624
0.8987
0.9232
0.6599
0.6119
1.041
0.1133
0.128
0.3551
0.3094
0.1787
0.09432
0.2567
0.2445
1.1
0.946
1.009
0.3307
0.1152
0.1329
0.2842
0.177
0.8209
1.425
1.617
1.846
1.822
1.971
1.703
1.682
1.697
1.521
1.859
1.923
2.029
1.663
1.663
1.852
2.075
1.926
1.862
1.776
1.831
1.617
1.718
2.063
1.855
2.798
6.763
8.252
6.677
9.814
7.703
8.557
6.726
5.304
4.51
4.016
2.75
1.669
0.5844
0.3502
0.3403
0.2869
0.3738
0.3868
0.2445
0.2819
0.1465
0.2739
0.2308
0.0003815
0.0004768
0.4295
0.3651
0.4021
0.3906
0.4128
0.3422
0.3223
0.0411
0.1059
0.2052
0.3052
0.3025
0.102
0.09232
0.3849
0.06008
0.3151
0.663
0.2422
0.2724
0.09022
0.09708
0.2609
0.2876
0.0002861
0.0005722
0.0
0.0
0.0
0.0
0.0
0.0
0.0
9.537e-05
0.0
0.0
0.0
0.0
0.75
0.4852
0.3403
0.7812
0.5394
0.6065
0.5142
0.515
0.6599
0.3075
0.2323
