18.02
9.998
13.43
17.94
22.85
25.83
25.93
17.29
15.38
15.6
18.65
24.63
26.03
22.83
23.14
26.61
27.54
11.69
0.7965
10.8
22.41
26.22
26.9
20.83
27.73
28.86
14.04
18.33
17.94
13.38
18.41
28.08
30.27
16.67
16.67
18.21
13.75
11.29
29.74
30.71
29.59
31.15
33.3
30.86
29.15
31.79
19.43
18.02
15.67
11.39
36.13
35.84
35.89
34.33
27.83
35.69
30.37
25.63
31.4
24.15
13.99
28.17
29.39
19.46
23.0
36.72
35.99
35.4
34.62
30.76
33.35
18.8
13.53
20.68
38.28
38.53
38.53
29.15
35.74
31.2
14.82
18.26
23.78
30.08
27.59
7.764
28.61
33.94
35.74
36.77
30.13
33.06
31.4
17.29
17.94
19.43
25.59
32.96
28.81
15.06
15.48
15.5
15.65
28.52
36.23
36.13
36.38
27.15
35.6
28.12
4.797
35.99
38.72
38.04
35.5
31.01
34.42
18.8
21.12
17.87
25.05
33.01
27.88
13.57
14.72
18.31
18.26
18.09
10.1
17.04
23.32
32.96
34.57
35.35
35.74
29.69
32.86
18.48
15.33
35.89
35.69
37.4
35.99
30.57
31.3
18.95
20.24
18.12
12.35
36.33
38.09
37.4
34.23
25.59
34.42
19.65
17.97
22.44
33.2
33.54
35.45
34.38
25.78
29.93
25.15
14.21
24.76
24.61
25.59
16.26
22.02
25.1
24.71
19.43
18.07
18.07
19.36
18.33
16.87
21.19
26.66
28.61
9.302
0.7553
0.2136
0.02346
0.02861
3.961
16.58
17.5
15.09
15.55
13.67
13.72
3.363
15.01
19.92
24.41
26.42
18.65
17.07
17.41
15.6
10.9
14.48
9.216
0.2083
0.07029
0.02861
0.02604
0.03128
3.479
16.02
17.33
16.24
16.31
17.99
15.65
15.14
15.7
17.19
16.89
19.38
14.87
18.75
18.53
20.21
21.04
14.4
14.84
0.5081
0.1459
0.03128
0.02604
0.02861
3.558
12.21
15.23
16.6
14.45
16.16
19.34
22.46
22.27
21.12
14.62
14.33
17.16
14.97
15.62
13.89
11.87
16.8
3.394
0.1537
0.04168
0.02861
0.02604
0.02861
1.515
16.31
14.79
15.11
22.49
26.12
15.89
11.67
13.38
11.71
15.43
13.6
16.09
19.73
21.07
19.75
14.16
16.31
5.853
0.1848
0.05989
0.02861
0.02604
0.03128
0.9949
15.48
16.99
16.6
17.94
21.12
11.99
19.19
19.51
20.51
18.95
16.77
14.21
7.983
11.63
12.48
16.63
15.14
17.26
19.04
19.85
6.091
0.7446
0.1797
2.841
11.78
13.89
18.07
18.82
18.87
18.82
17.43
20.95
22.29
17.14
13.01
16.55
24.85
24.49
22.09
12.06
13.99
20.65
24.44
25.49
10.39
0.795
0.2499
3.491
15.72
12.17
18.95
13.99
14.72
18.53
26.03
27.34
15.45
24.58
29.88
20.65
22.53
29.25
29.35
12.3
19.31
25.59
26.66
17.21
0.9216
0.4112
0.03128
3.625
16.28
20.85
16.33
17.9
21.56
29.35
25.44
27.54
23.78
7.898
19.82
29.79
29.88
12.19
16.21
13.4
14.5
4.285
16.43
9.888
17.48
17.63
18.29
16.94
7.605
29.1
36.96
35.64
37.3
36.67
36.82
35.99
35.89
35.99
34.67
33.79
34.67
34.67
35.6
37.21
35.89
33.54
32.23
23.68
36.33
22.61
29.44
28.66
32.62
22.95
18.77
20.24
11.9
16.41
35.79
34.33
35.35
37.4
37.4
36.57
37.7
35.94
36.77
34.91
34.81
34.77
35.5
34.96
34.81
36.38
34.33
14.82
14.7
35.16
37.99
37.21
35.16
22.83
26.66
27.54
14.48
17.31
34.96
29.64
33.94
32.28
32.08
33.89
33.4
33.84
35.89
36.13
35.84
35.69
32.76
31.64
33.89
34.38
34.96
34.42
17.75
9.192
17.21
30.91
33.64
30.71
33.01
29.54
24.32
24.71
21.73
1.682
21.0
33.74
32.37
32.42
32.86
32.81
33.01
33.64
34.03
32.71
31.35
32.86
32.67
34.13
32.37
33.94
30.08
29.98
30.57
30.03
13.28
11.79
24.41
32.18
25.15
24.27
29.69
30.71
18.97
21.63
16.82
19.14
1.042
16.7
30.57
31.74
32.18
31.74
32.81
32.03
31.01
31.88
32.71
32.52
31.98
34.13
32.76
33.59
34.28
32.62
30.96
32.32
34.03
15.16
12.57
21.8
25.24
26.22
30.18
33.25
31.3
21.95
16.09
10.58
16.46
9.973
3.394
30.96
34.33
35.01
32.76
34.67
32.57
32.23
30.18
32.91
34.03
33.2
33.84
33.69
34.08
30.91
30.91
31.59
31.1
32.18
23.02
13.04
28.32
31.45
24.39
27.34
28.76
26.81
23.95
20.65
17.68
11.6
7.849
32.08
32.71
25.49
30.76
19.29
27.54
31.4
21.44
29.3
20.48
23.75
30.47
29.3
19.17
27.15
20.83
21.34
29.15
27.29
18.9
28.42
20.83
25.39
25.73
17.43
23.85
30.13
29.3
16.97
26.76
20.51
16.48
31.3
28.12
13.43
27.83
23.14
19.6
20.24
21.12
16.6
10.23
19.95
18.99
18.48
18.95
16.82
15.67
15.53
15.7
21.26
19.8
20.21
20.34
20.7
28.27
34.38
34.81
34.72
36.04
35.5
35.64
35.74
35.6
34.33
34.57
14.89
18.68
35.89
28.27
26.07
25.63
26.27
26.51
22.34
21.85
14.77
3.467
35.99
36.82
37.01
37.21
37.5
37.94
37.55
36.57
35.01
37.35
37.94
37.79
38.04
38.13
37.35
35.84
29.15
24.17
39.7
38.18
31.84
28.86
22.71
26.76
27.44
13.06
23.54
35.16
34.96
34.33
36.08
34.91
36.04
36.13
37.11
37.26
37.01
37.3
37.3
37.5
38.28
37.89
37.5
20.8
24.66
35.35
36.67
37.35
33.64
30.76
29.74
23.51
6.628
24.51
27.15
10.12
35.64
33.79
34.52
34.81
37.4
36.33
36.13
35.79
36.57
36.33
37.06
36.67
37.7
38.38
37.79
37.94
37.45
20.61
38.33
36.18
36.23
34.42
26.86
29.49
26.51
9.534
23.66
17.19
23.9
18.65
21.56
21.83
17.9
24.58
35.94
33.2
32.86
35.16
36.18
36.96
35.3
32.28
31.84
33.3
35.45
35.6
35.4
32.13
32.81
34.52
35.99
29.25
23.22
35.4
30.62
28.76
27.98
30.32
27.39
27.29
22.97
6.885
18.8
14.23
33.98
34.96
34.47
34.28
30.76
31.4
32.18
32.76
33.4
34.38
31.01
31.3
33.74
34.57
33.69
33.69
34.91
34.03
30.08
19.56
34.18
31.4
31.74
28.86
27.0
27.1
28.81
15.01
13.89
14.67
27.59
28.66
16.85
18.63
14.26
10.79
3.528
19.68
27.1
28.12
13.92
0.8331
0.3178
0.02604
0.03128
0.02604
0.02604
0.02604
0.02604
0.02604
0.03128
0.02604
0.02604
0.02604
0.02604
0.02604
0.02604
0.02604
0.02604
13.6
20.0
14.16
18.16
15.55
20.24
21.17
20.24
20.02
19.51
19.21
