5.249
5.249
5.249
5.249
5.249
5.249
5.249
5.249
5.249
5.249
5.249
5.249
5.249
5.249
5.249
5.249
5.249
5.249
5.249
5.249
5.249
5.249
5.249
5.249
5.249
5.249
5.249
5.249
5.249
5.249
5.249
5.249
5.518
9.131
14.45
15.62
16.28
16.75
17.14
17.43
14.28
11.52
7.422
9.094
14.38
15.55
16.33
16.7
17.14
17.46
14.94
12.79
11.23
8.362
11.62
15.01
15.89
16.53
16.99
17.41
16.28
13.79
11.43
8.618
8.765
14.28
15.53
16.16
16.75
17.02
16.41
13.33
9.717
8.118
7.593
11.3
15.8
16.82
17.29
14.43
9.473
7.837
8.057
8.044
7.703
7.971
10.41
14.72
15.77
16.43
16.92
17.26
16.5
13.94
11.34
8.691
8.044
10.52
19.12
20.75
20.09
12.7
8.35
8.765
8.252
12.46
15.33
16.21
16.82
17.14
17.6
16.65
14.14
11.52
7.812
9.277
14.84
16.04
16.67
17.11
17.55
15.84
13.45
10.44
7.812
10.58
18.43
20.39
20.68
14.99
9.509
8.679
9.473
10.14
18.16
20.58
13.72
10.94
15.92
16.99
17.55
16.33
12.39
8.887
11.91
16.11
17.09
17.63
15.16
11.99
9.167
8.533
8.911
17.26
20.68
16.02
8.728
10.34
14.94
16.06
16.87
17.48
16.82
13.75
10.05
7.446
8.704
14.82
16.26
16.99
17.38
17.16
14.01
13.43
11.56
8.716
8.862
8.643
8.582
8.704
8.984
8.643
17.38
20.14
14.18
5.664
5.524
7.446
8.521
8.325
8.618
9.399
8.728
7.959
8.423
8.582
8.789
8.435
8.411
8.423
15.82
20.8
17.7
9.302
8.643
9.058
18.43
19.97
13.57
5.75
5.536
7.385
8.594
8.423
8.557
9.937
10.38
19.7
19.56
14.23
13.57
20.07
19.82
14.11
8.728
12.26
19.73
20.61
17.9
10.53
11.89
20.12
19.43
8.704
5.676
7.373
8.276
8.545
8.508
11.19
19.92
20.29
16.04
9.07
8.826
8.594
16.06
20.39
19.24
10.38
9.094
8.997
9.045
9.106
8.887
16.7
20.39
18.53
7.068
7.727
10.67
8.24
8.484
8.118
8.313
8.557
7.996
8.325
8.521
9.399
8.423
8.594
8.862
8.728
8.85
8.569
8.679
8.569
8.936
16.21
20.14
20.53
18.85
11.11
8.704
8.618
9.009
8.398
15.48
20.36
19.07
11.24
9.192
9.131
8.569
8.472
14.28
20.17
20.58
17.33
8.557
8.398
13.31
20.58
19.78
11.91
5.841
7.751
8.069
11.72
20.24
19.73
13.38
9.302
8.582
8.154
8.35
8.374
8.508
8.447
14.79
20.8
18.95
9.497
8.472
8.813
18.19
20.85
18.21
6.104
5.804
7.361
8.252
10.41
18.29
20.56
20.61
16.92
8.105
12.27
19.34
20.7
20.75
15.72
8.569
8.154
8.362
8.887
8.081
8.02
14.48
20.56
20.75
19.82
11.41
8.081
8.374
8.777
9.607
10.52
18.87
20.41
12.57
8.203
13.5
20.83
19.53
8.997
8.826
8.374
8.521
8.74
8.997
8.459
14.5
20.53
20.51
13.18
12.96
16.6
17.41
17.92
18.41
18.68
18.95
19.04
19.31
19.36
19.43
19.56
19.73
19.9
19.95
20.09
19.24
17.53
20.8
20.87
20.9
19.8
18.24
18.04
13.28
12.35
16.48
17.41
17.85
18.33
18.6
18.77
18.99
19.12
19.29
19.38
19.53
19.58
19.73
19.9
20.09
18.16
18.46
20.8
20.83
20.73
18.55
17.77
17.02
8.435
15.09
16.94
17.7
18.16
18.55
18.75
18.95
19.02
19.19
19.34
19.46
19.53
19.6
19.85
19.97
19.41
16.97
20.21
20.75
20.63
20.39
19.58
17.82
13.84
10.42
15.72
16.92
17.68
18.12
18.51
18.73
18.85
18.95
19.07
19.19
19.36
19.48
19.58
19.68
19.95
20.07
19.51
16.94
19.85
20.17
20.07
20.04
18.65
18.12
17.97
11.12
13.89
16.75
17.63
18.02
18.53
18.7
18.95
18.95
19.09
19.19
19.34
19.41
19.53
19.7
19.82
20.02
20.12
18.51
16.87
19.29
20.07
19.87
19.8
19.14
17.26
17.19
14.4
11.82
16.5
17.5
17.9
18.36
18.68
18.92
19.09
19.24
19.36
19.53
19.63
19.73
19.78
19.92
20.04
20.19
19.53
18.55
20.56
20.8
20.48
20.21
19.75
19.53
19.36
11.21
15.19
16.87
17.65
17.94
18.38
18.7
18.9
19.09
19.31
19.31
19.51
19.56
19.73
19.73
19.85
20.04
20.09
20.12
18.73
18.58
20.0
20.17
20.02
19.7
18.92
18.92
18.92
12.05
14.06
16.24
17.09
14.09
13.53
10.57
13.65
16.7
15.58
13.4
9.827
14.94
16.82
13.75
12.7
10.21
15.84
16.92
13.84
13.16
9.009
14.67
16.77
14.06
12.46
13.55
19.43
16.7
14.4
19.34
17.11
9.143
14.84
16.72
16.14
13.16
11.88
8.911
15.58
16.99
17.7
18.09
18.53
18.7
18.9
18.99
19.17
19.26
19.36
19.53
19.65
19.78
19.95
20.09
20.21
19.14
18.95
20.8
20.43
20.07
19.6
19.09
18.63
16.58
11.15
16.48
17.5
17.92
18.46
18.73
18.99
19.04
19.19
19.38
19.43
19.56
19.68
19.78
19.82
20.14
19.26
18.33
20.7
20.34
19.87
19.56
19.24
19.19
17.6
10.93
16.46
17.5
17.94
18.48
18.73
18.92
19.12
19.26
19.36
19.53
19.6
19.73
19.92
20.12
19.8
17.7
19.75
20.83
20.85
20.53
20.12
19.65
15.67
11.52
16.31
17.29
17.87
18.26
18.6
18.8
18.99
19.19
19.34
19.38
19.53
19.63
19.73
19.92
20.09
18.73
17.19
20.48
20.68
20.43
18.77
17.29
17.19
12.77
10.41
10.18
10.84
9.888
11.66
9.778
10.82
13.57
20.12
17.09
10.55
9.326
10.61
11.3
9.46
9.253
8.765
9.485
13.4
20.48
15.6
9.705
10.45
19.78
19.07
10.28
9.302
9.46
10.97
20.19
19.29
11.84
20.04
19.51
10.12
12.82
13.65
18.95
17.21
9.338
8.936
9.412
9.29
9.631
8.533
9.119
8.838
9.326
9.216
8.472
9.473
13.38
20.75
19.04
14.84
19.68
19.75
16.5
16.72
20.68
19.38
15.11
10.86
18.77
20.07
14.45
9.497
9.473
18.75
20.24
16.53
16.7
20.73
20.07
18.38
15.62
9.766
18.36
20.78
18.92
16.26
12.04
18.48
19.51
14.99
13.7
19.97
18.75
11.79
8.936
8.826
8.997
13.55
20.68
18.73
10.3
8.789
8.813
8.691
8.777
8.875
8.96
8.997
9.009
9.204
10.34
17.97
20.58
20.48
14.99
6.195
6.018
6.024
6.024
6.024
6.024
6.024
6.024
6.024
6.024
6.024
6.024
6.024
6.024
6.024
6.024
9.998
9.241
9.253
9.082
8.972
8.911
8.923
10.91
9.082
9.167
9.314
