0.2956
0.06914
0.107
0.1675
0.3094
0.2792
0.457
0.05989
0.09995
0.08583
0.2636
0.1606
0.1772
0.1587
0.0004768
0.0
0.0
0.0
0.0
0.0
0.006771
0.1465
0.2686
0.1961
0.3006
0.1186
0.09394
0.3231
0.1606
0.3483
0.1133
0.08049
0.2312
0.2197
0.1913
0.5066
0.5005
0.3567
0.238
0.296
0.0002861
0.3334
3.54
4.108
3.485
6.201
3.955
1.085
0.8286
3.314
3.43
3.375
5.731
2.728
0.8453
0.264
0.3422
0.267
0.4272
0.4288
0.3723
0.1699
1.779
3.149
3.094
3.088
4.962
3.436
0.5295
0.2213
0.2819
0.3807
0.2121
0.1661
1.19
2.832
3.079
2.844
4.645
2.859
0.1684
0.1806
0.2243
0.186
0.2804
0.3403
0.00124
0.0
1.3
2.802
2.545
2.615
4.919
2.829
0.8362
0.6645
0.1308
0.415
0.2563
0.1501
0.3338
0.4013
0.16
0.3609
0.1152
0.4944
0.2335
0.3494
0.3139
0.2522
1.831
2.899
3.094
3.302
4.926
2.533
0.5272
0.3826
0.3815
0.4364
0.5501
0.5539
0.1682
2.219
2.991
2.924
3.534
5.237
2.084
0.6271
0.1564
0.1772
0.3292
0.4753
0.05407
2.078
2.866
2.655
2.82
5.573
3.302
0.4402
0.415
0.5661
0.6775
0.4272
0.6943
0.6882
0.4074
0.5714
2.792
3.009
2.744
4.669
4.059
1.633
0.3819
0.3891
0.5302
1.326
1.416
2.603
2.887
4.645
3.29
1.846
0.3658
0.2319
0.3353
0.2064
0.3571
0.4692
0.5562
0.02756
0.2995
0.0
0.0004768
0.0
0.0
0.0
0.0006676
0.0
9.537e-05
9.537e-05
0.0
0.0
0.0
0.0
0.0
0.0
9.537e-05
0.0
0.0007629
0.0
0.0
0.0
0.0
0.0
0.0
9.537e-05
0.0
0.0
0.0
0.0
0.0
0.0
0.0
0.0
0.0
0.0
0.0
0.0
0.0
0.0
0.0
0.0
0.0
0.0
0.0
0.0
0.0
0.0
0.0
0.0
0.0
0.0
0.0
0.0
0.0
0.0
0.0
0.0
0.0
0.0
0.0
0.0
0.0
0.0
0.0
0.0006676
0.0
9.537e-05
0.0
0.0
0.0
0.0
0.0
0.0
0.0
9.537e-05
0.0
0.0
0.0
0.0
0.0
0.0
0.0
0.0
0.0
0.0
0.0
0.0
0.0
0.0
9.537e-05
0.0
0.0
0.0
0.0002861
0.0
0.0
0.0
0.0002861
0.0
0.0
0.0
0.0
0.0
0.0
0.0
0.0
0.0
0.0
0.0
0.0
0.0
9.537e-05
0.0
0.0
0.0
0.0
0.0
0.0
0.0
0.0
0.0
0.0
0.0
0.0
0.0
0.0001907
0.0
0.0
0.0
0.0
0.0
0.0
0.0
0.0
0.0
0.0
0.0
0.0001907
0.0
0.0
0.0
0.0
0.0
0.0
0.0
0.0
0.0
0.0
0.0
0.0
0.0
0.0002861
0.0
0.0
0.0
0.0
0.0
0.0
0.0
0.0
0.0
0.0
0.0
0.0
0.0
9.537e-05
9.537e-05
0.0
0.0
0.0
0.0
0.0
0.0
0.0
0.0
0.0001907
0.0
0.0
0.0
9.537e-05
0.0
0.0
0.0
0.0
0.0
0.0
0.0
0.0
0.0124
1.064
2.328
2.628
2.606
2.771
2.689
2.634
2.917
2.979
2.774
2.893
3.149
2.667
2.292
2.09
2.173
3.149
6.628
10.1
10.73
9.326
6.897
5.481
3.326
1.089
1.66
1.465
3.442
4.773
1.521
0.5394
2.634
2.814
2.64
2.563
2.869
2.808
2.783
1.791
1.746
1.59
1.654
1.736
1.779
1.923
2.512
3.4
3.503
2.924
7.446
8.228
9.07
7.849
8.533
4.626
5.389
2.02
0.3872
1.639
1.935
2.631
2.448
2.89
2.686
2.618
2.963
3.174
3.125
2.737
2.725
2.512
2.643
3.009
2.994
2.866
2.515
5.005
7.812
6.543
9.497
8.948
5.994
4.938
4.236
3.571
2.002
0.4929
2.322
2.554
2.765
2.985
2.832
2.832
2.304
2.347
2.319
2.28
2.06
2.585
2.875
2.817
2.826
2.902
5.219
9.253
10.55
9.045
7.861
5.658
5.096
2.85
0.6622
2.609
2.759
2.164
2.551
2.509
2.512
2.451
2.197
2.353
1.807
1.889
1.727
2.267
2.441
2.994
2.762
4.895
9.155
10.38
10.67
8.411
8.337
5.286
4.425
2.139
0.6561
2.258
2.582
2.725
2.628
2.695
2.496
2.368
2.054
2.289
2.335
2.383
2.499
2.396
2.1
2.161
2.048
4.138
4.449
5.371
5.011
4.999
10.82
8.936
7.031
5.743
3.76
0.7607
1.91
2.283
1.981
2.005
1.938
2.026
2.026
2.048
2.332
2.606
2.811
2.493
2.264
2.338
1.981
1.968
1.938
2.161
5.463
8.24
11.78
7.703
7.91
8.142
5.536
3.387
3.448
0.9354
1.941
4.297
2.347
0.5264
1.469
1.733
4.541
1.016
1.108
1.84
1.965
6.616
2.548
0.6271
1.837
2.225
5.884
3.741
0.7553
1.172
1.73
4.669
2.075
0.28
1.556
2.594
4.37
0.544
1.323
1.801
4.706
1.291
0.7629
1.491
3.308
2.838
0.4616
1.201
1.527
4.431
1.396
0.3849
0.2441
0.2243
0.6012
1.788
3.235
3.04
0.2613
0.4219
2.533
2.267
2.408
2.844
2.972
2.762
2.676
2.56
2.197
2.228
2.405
2.029
1.825
1.724
1.617
1.556
1.831
1.66
1.666
6.018
5.566
4.053
5.499
4.126
9.668
5.469
4.34
6.25
4.236
3.552
3.729
2.194
1.5
0.6752
1.5
1.871
2.023
1.852
1.642
1.688
1.569
1.608
1.663
1.935
1.929
2.133
1.859
1.785
2.023
1.758
1.898
2.005
1.715
1.761
1.494
3.116
5.725
5.536
4.944
5.658
10.1
6.58
7.52
5.444
5.029
1.849
1.279
0.6851
0.9491
0.8575
0.8575
0.8713
1.025
1.224
1.195
1.295
1.25
1.212
1.572
1.718
1.639
1.761
1.761
1.822
1.642
1.758
1.938
2.072
2.127
2.112
1.938
1.642
1.265
1.125
3.516
4.803
4.065
4.51
6.348
10.06
6.653
7.556
5.304
3.656
2.481
1.344
1.065
0.8408
1.093
0.7935
0.2041
0.3853
0.1648
0.9232
0.8911
0.8545
1.357
0.169
2.396
2.731
2.585
2.493
2.277
2.628
2.216
2.298
2.402
2.539
2.869
2.6
2.332
2.191
2.847
3.03
2.652
8.533
6.824
8.313
9.851
8.545
6.323
5.109
2.661
0.9628
1.01
0.1814
0.3349
0.1522
0.4974
0.7042
0.5714
0.2853
0.1539
0.312
0.09222
0.515
0.7553
0.3117
0.3548
0.1228
0.1816
0.3132
0.2743
0.4509
0.1013
0.2499
0.3628
0.3269
0.3273
0.2079
0.2094
0.1675
0.2621
0.3384
0.3502
0.415
0.1991
0.09737
0.1238
0.1286
0.2647
0.0267
0.4158
0.206
0.1253
0.1331
0.3147
0.3548
0.341
0.2258
0.1556
0.8072
0.621
0.0412
0.2686
0.2663
0.2468
0.3326
0.001431
9.537e-05
0.0
9.537e-05
0.0
0.0001907
0.0
0.0
0.0
0.0
9.537e-05
0.0
0.0
0.0
0.0
0.0
0.0
0.0
0.0
0.0
0.0
0.0
0.0003815
0.0
0.0
0.0
0.4631
0.602
0.5516
0.0006676
0.0
