9.326
9.326
9.326
9.326
9.326
9.326
9.326
9.326
9.326
9.338
9.326
9.326
9.326
9.326
9.338
9.326
9.326
9.326
9.326
9.326
9.338
9.326
9.326
9.326
9.326
9.326
9.326
9.326
9.326
9.326
9.338
9.338
9.326
9.326
9.338
9.326
9.326
9.326
9.326
9.326
9.326
9.326
9.326
9.326
9.326
9.326
9.326
9.326
9.326
9.326
9.338
9.326
9.326
9.326
9.326
9.326
9.326
9.326
9.326
9.326
9.326
9.326
9.326
9.326
9.326
9.326
9.326
9.326
9.326
9.326
9.326
9.326
9.338
9.326
9.326
9.326
9.326
9.326
9.326
9.326
9.326
9.326
9.326
9.326
9.326
9.326
9.326
9.326
9.326
9.326
9.338
9.338
9.351
9.326
9.326
9.338
9.497
9.521
9.521
9.399
9.326
9.326
9.326
9.326
9.326
9.326
9.326
9.326
9.326
9.326
9.326
9.338
9.326
9.326
9.326
9.326
9.326
9.326
9.326
9.485
9.509
9.521
9.521
9.521
9.521
9.521
9.521
9.436
9.326
9.326
9.326
9.326
9.326
9.326
9.326
9.326
9.326
9.326
9.326
9.326
9.326
9.326
9.326
9.326
9.326
9.326
9.326
9.326
9.326
9.326
9.326
9.326
9.326
9.363
9.326
9.338
9.326
9.326
9.338
9.326
9.338
9.326
9.351
9.326
9.326
9.363
9.326
9.326
9.326
9.338
9.326
9.326
9.338
9.338
9.326
9.326
9.326
9.338
9.326
9.326
9.326
9.326
9.326
9.326
9.326
9.326
9.326
9.326
9.326
9.326
9.399
9.363
9.338
9.326
9.326
9.338
9.326
9.326
9.424
9.326
9.326
9.326
9.326
9.326
9.326
9.326
9.326
9.326
9.326
9.326
9.326
9.338
9.338
9.338
9.326
9.326
9.326
9.351
9.326
9.326
9.326
9.326
9.326
9.326
9.326
9.326
9.387
9.338
9.326
9.351
9.326
9.326
9.351
9.326
9.314
9.363
9.326
9.314
9.314
9.351
9.326
9.326
9.326
9.46
9.424
9.363
9.326
9.326
9.338
9.326
9.326
9.326
9.326
9.326
9.326
9.326
9.326
9.326
9.326
9.326
9.314
9.326
9.326
9.326
9.326
9.326
9.326
9.326
9.326
9.326
9.351
9.326
9.326
9.326
9.326
9.326
9.326
9.326
9.326
9.326
9.326
9.326
9.338
9.338
9.338
9.473
9.521
9.521
9.521
9.521
9.521
9.521
9.521
9.521
9.521
9.521
9.521
9.521
9.521
9.521
9.521
9.521
9.521
9.521
9.521
9.521
9.521
9.521
9.521
9.521
9.521
9.521
9.521
9.521
9.521
9.521
9.521
9.521
9.521
9.521
9.521
9.521
9.521
9.521
9.521
9.521
9.521
9.521
9.521
9.521
9.521
9.521
9.521
9.521
9.521
9.521
9.521
9.521
9.521
9.521
9.521
9.521
9.521
9.521
9.521
9.521
9.521
9.521
9.521
9.338
9.326
9.326
9.326
9.326
9.326
9.338
9.326
9.351
9.326
9.326
9.326
9.326
9.326
9.326
9.326
9.326
9.326
9.326
9.326
9.326
9.326
9.326
9.326
9.338
9.387
9.338
9.326
9.326
9.326
9.326
9.326
9.436
9.387
9.326
9.326
9.326
9.326
9.326
9.326
9.338
9.326
9.326
9.326
9.326
9.326
9.326
9.326
9.363
9.521
9.521
9.521
9.521
9.521
9.509
9.521
9.338
9.485
9.521
9.521
9.509
9.521
9.521
9.521
9.521
9.521
9.521
9.521
9.399
9.326
9.326
9.326
9.326
9.326
9.326
9.326
9.326
9.326
9.326
9.314
9.326
9.314
9.326
9.351
9.326
9.326
9.326
9.326
9.326
9.338
9.326
9.326
9.326
9.326
9.326
9.326
9.326
9.326
9.326
9.326
9.326
9.326
9.326
9.326
9.326
9.351
9.351
9.326
9.326
9.326
9.326
9.326
9.326
9.351
9.326
9.326
9.326
9.326
9.326
9.326
9.326
9.326
9.338
9.326
9.375
9.326
9.326
9.338
9.338
9.326
9.326
9.326
9.326
9.326
9.326
9.326
9.326
9.326
9.338
9.326
9.338
9.424
9.351
9.326
9.326
9.326
9.351
9.351
9.46
9.387
9.338
9.326
9.497
9.375
9.338
9.314
9.338
9.326
9.326
9.338
9.326
9.338
9.338
9.351
9.509
9.399
9.326
9.338
9.338
9.326
9.326
9.351
9.314
9.375
9.326
9.326
9.436
9.338
9.326
9.326
9.326
9.448
9.521
9.473
9.326
9.326
9.338
9.326
9.326
9.326
9.326
9.387
9.326
9.326
9.326
9.326
9.326
9.326
9.326
9.326
9.326
9.338
9.351
9.326
9.326
9.326
9.326
9.326
9.326
9.326
9.351
9.326
9.326
9.326
9.326
9.326
9.326
9.326
9.326
9.326
9.326
9.326
9.326
9.326
9.326
9.326
9.326
9.326
9.326
9.326
9.326
9.326
9.326
9.326
9.326
9.326
9.326
9.338
9.326
9.326
9.326
9.326
9.326
9.326
9.326
9.326
9.326
9.326
9.326
9.338
9.326
9.326
9.326
9.326
9.326
9.326
9.326
9.326
9.326
9.326
9.326
9.326
9.326
9.326
9.326
9.326
9.326
9.326
9.326
9.326
9.326
9.326
9.521
9.497
9.326
9.326
9.326
9.326
9.326
9.326
9.326
9.326
9.326
9.326
9.326
9.326
9.326
9.326
9.326
9.326
9.326
9.326
9.326
9.326
9.326
9.326
9.326
9.326
9.326
9.326
9.326
9.326
9.326
9.326
9.326
9.326
9.338
9.326
9.326
9.326
9.326
9.326
9.326
9.326
9.326
9.326
9.326
9.326
9.326
9.326
9.326
9.326
9.326
9.326
9.326
9.326
9.326
9.497
9.521
9.509
9.326
9.326
9.326
9.326
9.326
9.326
9.326
9.326
9.326
9.326
9.326
9.326
9.326
9.326
9.351
9.485
9.521
9.521
9.521
9.509
9.521
9.521
9.521
9.521
9.521
9.399
9.326
9.326
9.326
9.326
9.351
9.326
9.326
9.387
9.326
9.326
9.326
9.326
9.326
9.375
9.326
9.326
9.326
9.326
9.326
9.338
9.326
9.326
9.326
9.326
9.326
9.338
9.326
9.326
9.326
9.326
9.326
9.314
9.338
9.326
9.351
9.326
9.326
9.326
9.326
9.326
9.326
9.497
9.521
9.521
9.521
9.521
9.521
9.521
9.521
9.521
9.412
9.326
9.326
9.326
9.326
9.326
9.326
9.338
9.326
9.326
9.326
9.351
9.521
9.521
9.521
9.521
9.521
9.521
9.521
9.521
9.521
9.521
9.521
9.521
9.521
9.521
9.521
9.521
9.521
9.521
9.521
9.521
9.521
9.521
9.521
9.521
9.509
9.521
9.521
9.521
9.436
9.326
9.326
9.326
9.338
9.326
9.448
9.521
9.521
9.521
9.497
9.326
9.375
9.326
9.351
9.497
9.509
9.473
9.509
9.509
9.509
9.509
9.497
9.509
9.509
9.509
9.509
9.509
9.46
9.509
9.509
9.509
9.509
9.509
9.509
9.509
9.509
9.509
9.509
9.509
9.509
