0.0
0.0
0.0
0.0
0.0
0.0
0.0
0.0
0.0
0.0
0.0
0.0
0.0
0.0
0.0
0.0
0.0
0.0006676
0.0
0.0
0.0
0.0
0.0
0.0
0.0
0.0
0.0
0.0
0.0
0.0
0.0
0.0
0.01307
0.4707
0.7263
0.5249
0.666
0.5478
0.5898
0.7698
0.5119
0.5264
0.5875
1.877
5.475
2.927
3.613
3.418
2.188
1.387
0.2136
0.5592
0.5394
0.486
0.5852
0.5081
0.5348
0.6775
0.7027
0.7172
1.541
5.023
1.804
3.528
3.186
1.718
0.1381
0.4349
0.6218
0.7027
0.6401
0.5463
0.5127
0.5455
0.576
0.6737
3.479
4.401
3.534
2.325
2.039
1.089
0.396
0.3277
0.4616
0.04349
0.09069
0.2674
0.07534
0.4738
0.5775
0.5272
0.5188
0.6088
0.6058
0.5875
0.6165
0.6142
2.945
4.181
3.821
2.109
2.341
0.7256
0.3597
0.5096
0.4944
0.5211
0.5531
0.6699
0.6607
0.502
0.5768
1.129
5.701
1.401
2.991
2.655
1.369
0.6493
0.4143
0.4776
0.07811
0.4623
0.5089
0.4494
0.4654
0.4463
0.4181
0.5127
0.4951
0.5188
0.589
1.549
5.157
4.108
1.401
3.137
1.651
0.666
0.8331
0.2403
0.05026
0.07763
0.06409
0.4143
0.06237
0.441
0.4257
0.5623
0.4379
0.4745
0.502
0.5592
0.4112
0.5302
0.486
0.9079
1.941
4.663
2.365
3.122
2.902
1.633
0.7294
0.3464
0.415
0.2796
0.4753
0.3868
0.2808
0.3796
0.5363
0.2472
0.5615
0.2415
0.03166
0.07286
0.04683
0.3876
0.1421
0.4463
0.2644
0.05121
0.07839
0.05188
0.2182
0.09031
0.3258
0.267
0.3132
0.3166
0.3521
0.0495
0.03433
0.5157
0.19
0.07839
0.04911
0.0823
0.3071
0.3433
0.1728
0.5867
0.3838
0.3342
0.251
0.05007
0.07353
0.04597
0.1789
0.1738
0.359
0.3654
0.4608
0.5447
0.5028
0.3105
0.2056
0.1011
0.5661
0.2182
0.08049
0.05646
0.07515
0.4478
0.317
0.3048
0.03805
0.07315
0.04635
0.1902
0.1209
9.537e-05
9.537e-05
0.2068
0.3094
0.3765
0.2453
0.2617
0.2022
0.2537
0.2716
0.243
0.3075
0.2468
0.06218
0.0596
0.06428
0.2949
0.378
0.4295
0.766
0.2384
0.0514
0.07153
0.04492
0.1898
0.1207
0.1516
0.2357
0.4082
0.1913
0.2605
0.2079
0.0494
0.08812
0.04702
0.4822
0.2724
0.2487
0.1911
0.2956
0.2583
0.3746
0.8057
0.2914
0.378
0.222
0.0535
0.07925
0.05913
0.333
0.2285
0.3902
0.0946
0.1249
0.06905
0.2422
0.0906
0.3105
0.3765
0.2922
0.2502
0.3437
0.3464
0.04902
0.08154
0.05417
0.412
0.1047
0.1755
0.4967
0.05589
0.09165
0.04797
0.275
0.4646
0.3696
0.2045
0.2472
0.3082
0.4082
0.3391
0.06113
0.07744
0.168
0.1268
0.3288
0.2686
0.2644
0.06218
0.0556
0.08221
0.2495
0.5112
0.3014
0.05169
0.08564
0.206
0.2186
0.1522
0.2731
0.3197
0.0433
0.1276
0.04864
0.3479
0.2502
0.3105
0.04711
0.08068
0.2014
0.3666
0.2838
0.2544
0.2846
0.0596
0.07563
0.1736
0.5051
0.1808
0.06666
0.07
0.06504
0.4349
0.4364
0.4066
0.2323
0.4616
0.9491
0.2594
0.04597
0.07782
0.0555
0.2762
0.4372
0.2468
0.3525
0.03862
0.08211
0.07181
0.6264
0.3883
0.2308
0.05341
0.104
0.3563
0.1354
0.4349
0.5104
0.4364
0.5394
0.4936
0.5646
0.5356
0.5745
0.5302
0.5096
0.4807
0.4761
0.5203
0.4791
0.4669
0.4784
0.4753
0.4723
0.7385
0.7996
0.7095
0.6058
0.5432
0.5356
0.6073
0.7545
0.6126
0.573
0.4997
0.5302
0.6081
0.5196
0.5463
0.5402
0.4997
0.576
0.4616
0.4456
0.5264
0.5074
0.4684
0.4692
0.5257
2.692
2.994
3.302
4.163
4.279
4.645
8.179
4.755
4.626
5.548
4.071
3.229
2.838
2.588
4.999
6.934
5.658
4.987
5.585
4.169
4.547
2.707
2.737
2.393
2.768
2.856
3.107
2.551
3.186
1.77
1.035
1.688
0.5661
0.415
0.3838
0.441
0.4753
0.4745
0.4158
0.4593
0.5318
0.4875
0.4677
0.4913
0.4623
0.4723
0.4776
0.4219
0.3944
0.4356
0.4868
0.4684
0.4822
0.4044
0.4028
0.4517
0.4776
0.5013
0.4463
0.4364
0.4333
0.4456
0.4494
0.4295
0.4417
0.5043
0.4745
0.4372
0.4356
0.4539
0.4128
0.486
0.4272
0.5013
0.4272
0.4143
0.4349
0.4135
0.4944
2.301
3.43
3.156
2.768
3.265
3.302
5.804
7.178
5.206
5.536
6.116
6.311
4.828
5.67
6.995
7.556
5.2
5.56
4.321
3.925
2.466
1.855
2.069
3.485
3.302
2.344
2.457
2.646
1.785
1.395
0.827
1.21
0.47
0.28
0.4051
0.4272
0.4379
0.4898
0.4509
0.5409
0.4379
0.5928
0.6058
0.6493
0.4997
0.5051
0.473
0.5165
0.4555
0.4555
0.5051
0.4761
0.5295
0.5043
0.4692
0.7378
0.6531
0.5699
0.5058
0.5661
0.5943
0.5753
0.5966
0.5119
0.5348
0.5127
0.5745
0.5241
0.489
0.4784
0.5058
0.4883
0.5333
0.6157
2.85
3.87
3.979
4.578
7.434
7.471
5.554
6.543
7.996
6.873
4.681
4.999
6.677
4.834
5.023
6.104
4.169
4.163
6.073
5.438
2.792
1.1
2.118
0.176
0.1162
0.06723
0.2773
0.06227
0.296
0.4623
0.489
1.524
3.595
2.295
1.03
0.1026
0.09508
0.2174
0.04845
0.4219
0.5051
0.5051
0.5142
0.457
0.4875
0.4524
0.4883
0.473
0.4906
0.5417
0.6844
0.7217
0.6203
0.5722
0.56
0.5707
0.5272
0.4906
0.6538
0.6889
0.7637
0.7729
0.7759
0.8118
0.7271
0.6912
0.676
0.7675
0.8835
0.8636
0.8713
0.8896
2.631
3.772
3.241
4.578
6.018
9.18
5.878
5.408
7.41
6.86
7.69
6.799
5.64
4.791
7.007
5.981
3.436
5.188
2.377
1.03
2.075
0.2621
0.6409
0.6767
0.6371
0.6363
0.6973
0.7317
0.6241
0.6577
0.6721
0.5997
0.6393
0.5592
0.6851
0.666
0.5196
0.4799
0.4753
0.5371
0.5531
0.4501
0.499
0.6073
0.6264
0.5768
0.5653
0.5653
0.576
0.5577
0.5547
0.5173
0.4959
0.473
0.5112
0.5318
0.5592
0.4784
0.5844
0.6027
3.003
3.705
4.291
3.918
5.487
8.423
5.438
6.238
6.799
7.043
6.86
6.036
4.999
6.812
5.762
4.858
4.651
5.396
5.231
4.651
3.052
0.8316
2.277
0.8743
0.2762
0.243
0.05207
0.07143
0.05636
0.243
0.6248
0.06104
1.068
0.2026
0.05102
0.06657
0.04597
0.04969
0.2441
0.06075
0.8743
0.3349
0.1055
0.06752
0.04749
0.05054
0.2762
0.07086
0.7805
0.2296
0.04406
0.05341
0.05016
0.128
0.3044
0.072
0.2312
0.04377
0.07038
0.05121
0.2022
0.256
0.1862
0.03834
0.06466
0.04768
0.1904
0.4051
0.214
0.4532
0.5623
0.2083
0.4364
0.4105
0.5219
0.5051
0.415
0.4807
0.5035
0.5203
0.4936
0.4951
0.4509
0.5417
0.5043
0.5165
0.499
0.6256
0.5432
0.6165
0.5577
0.6454
0.5661
0.5096
0.4845
0.412
0.4745
0.4738
0.4395
0.4547
0.5051
0.5943
0.5005
0.56
0.5043
0.6042
0.5203
0.5241
0.5005
0.5882
0.5196
0.4829
0.5394
0.486
1.63
3.571
3.137
3.894
4.095
6.042
8.02
4.437
6.201
6.873
6.653
5.328
4.376
2.209
2.774
