0.3464
0.3605
1.221
0.5768
1.176
1.251
1.84
0.9277
1.262
1.018
1.039
0.7118
1.202
4.443
1.537
0.528
1.212
0.5104
0.5379
0.4791
3.259
3.65
0.9155
2.277
1.482
1.204
0.6302
1.492
1.199
2.316
4.791
1.334
0.6584
1.361
3.079
1.657
1.518
1.463
1.167
1.852
4.187
2.89
0.3342
0.0
0.0
0.0
0.0
0.0005722
0.0
0.0
0.0
0.0
0.0
0.0
0.001717
0.0
0.0
0.0
0.0
0.0
0.0
0.0
0.0
0.0007629
0.0
0.0
0.0
0.0
0.0
0.0
0.0
0.0
0.0
0.0
0.0
0.0
0.0
0.0
0.0
0.0
0.0
0.0
0.0
0.0
0.0
0.0
0.0
0.0
0.0
0.0
0.0
0.0
0.0
0.0
0.0
0.0
0.0
0.0
0.0
0.0
0.0
0.0
0.0
0.0
0.0
0.0
0.0
0.0
0.0
0.0
0.0
0.0
0.0
0.0
0.0
9.537e-05
0.0
0.0
0.0
0.0
0.0
0.0
0.0
0.0
0.0
0.0
0.0
0.0
0.0
0.0
0.0
0.0
0.0
0.0
0.0
0.0
0.0
0.0
0.0
9.537e-05
0.0
0.0
0.0
0.0
0.0
0.0
0.0
0.0
0.0
0.0
0.0
0.0
0.0
0.0
0.0
0.0
0.0
0.0
0.0
0.0
0.0
0.0
0.0
0.0
0.0
0.0
0.0
0.0
0.0
0.0
0.0
0.0
0.0
0.0
0.0
0.002956
0.003433
0.001717
0.9949
0.01926
0.04044
0.04749
0.02937
0.04253
0.03023
0.03195
0.5005
1.477
1.465
1.323
1.038
1.797
0.7919
1.108
4.071
2.917
0.7629
0.4143
1.317
1.227
0.9705
4.584
4.449
0.5341
0.1957
9.537e-05
2.42
1.981
1.456
1.347
0.9659
1.132
2.319
1.291
1.648
1.993
0.9048
0.9262
4.193
4.81
0.7919
1.384
2.161
1.425
2.051
1.006
0.0
0.0
0.002003
0.001144
0.1381
1.213
1.27
1.347
0.7233
1.404
1.03
1.328
2.478
5.06
3.534
0.7729
1.407
0.5356
0.5043
0.5554
0.1751
1.497
1.645
2.795
4.95
4.211
0.5562
0.7446
0.6447
1.074
0.2491
1.015
0.4303
0.1841
1.393
0.4257
1.376
0.576
1.109
0.795
0.8682
1.041
0.5142
1.189
1.151
0.6386
0.766
0.6355
0.4639
2.283
5.084
2.475
0.5821
0.5936
0.6897
0.7614
3.619
5.084
2.002
0.5516
1.593
0.1261
1.076
1.996
1.34
4.761
4.828
0.8209
0.8057
0.7309
0.9567
0.7568
1.561
2.164
0.3548
0.7408
0.8499
1.073
0.6966
1.044
1.213
0.7637
1.401
4.01
4.73
0.7767
0.6424
1.578
1.216
3.223
2.42
0.6134
1.706
1.186
2.478
4.315
1.593
0.8713
1.349
2.661
4.95
2.304
0.6607
1.636
2.789
1.669
2.371
1.05
0.8133
0.8423
0.9171
2.954
5.054
3.943
0.6363
1.366
0.37
1.378
0.7515
0.9705
1.23
0.6882
1.427
1.265
0.28
0.1278
0.1522
0.1369
0.1289
0.1535
0.1442
0.1141
0.1461
0.1564
0.1568
0.128
2.213
3.351
3.662
2.502
0.2224
1.456
0.6348
0.7271
1.767
4.926
3.918
0.4417
1.225
0.9964
1.245
1.425
3.253
1.038
2.203
1.108
1.685
1.846
4.37
4.291
0.679
0.0
2.31
1.846
1.987
1.437
1.509
1.62
0.5074
1.404
0.7858
1.227
0.37
0.4883
0.5928
0.4318
3.516
4.883
0.5638
1.187
0.8606
1.007
0.6218
1.335
2.618
1.926
1.003
2.084
0.5257
2.121
3.278
0.8102
2.554
1.181
1.999
4.352
4.504
0.3468
0.3811
1.648
0.4639
1.259
1.562
1.849
0.3239
0.0
0.3937
0.7378
0.795
1.112
4.913
5.017
0.9995
0.7362
0.8713
0.8591
1.721
4.974
3.073
0.4433
1.335
0.856
1.282
2.795
4.144
0.7057
0.4639
0.1513
1.135
0.5424
1.428
0.3414
1.035
0.5974
0.2453
1.262
0.2125
0.1642
1.363
0.288
0.1307
0.1369
1.286
0.4196
1.295
0.8896
0.5531
4.449
1.935
0.2838
0.1247
0.0638
0.03386
1.5
0.2537
1.427
2.002
4.407
3.851
1.385
3.101
1.384
2.295
1.18
0.1881
0.2495
0.2113
0.2285
0.2571
0.2674
0.2449
0.1957
0.1841
0.1638
0.1335
2.829
2.582
4.303
2.594
0.3067
2.472
2.869
0.7675
2.011
2.109
2.252
1.003
2.133
1.624
1.492
0.01144
0.4677
0.9933
4.156
1.178
0.6866
1.332
3.18
1.271
2.182
1.193
1.028
4.211
1.216
0.5234
1.242
0.8102
2.631
1.437
2.191
1.28
1.355
0.5867
1.361
1.416
2.414
4.578
1.556
0.4433
0.3342
1.26
0.3582
0.5882
0.6996
1.141
4.663
4.242
0.592
0.7042
1.489
1.511
3.876
5.029
1.129
0.5692
1.384
0.5806
1.657
1.624
3.992
4.944
1.547
1.184
1.5
4.749
4.657
0.9735
0.02565
0.4738
1.538
1.181
1.523
1.537
1.724
4.803
2.545
0.37
0.1226
0.1358
0.1154
0.1095
0.1631
0.2026
0.2411
0.2296
0.2407
0.2071
0.1209
0.1459
1.28
2.777
4.956
5.035
2.548
0.9033
1.416
2.905
2.676
0.3937
1.294
0.1659
0.1513
1.451
0.9018
1.546
1.981
3.094
1.05
2.307
0.8469
0.8942
1.047
3.018
0.7759
2.176
0.9048
0.882
0.7622
1.181
1.297
0.9949
1.758
4.584
3.394
0.4852
1.231
0.5653
1.221
1.288
2.118
4.413
2.029
0.4776
0.04044
0.7858
1.044
0.2888
0.2811
0.227
1.268
0.6401
1.468
1.292
0.4021
0.7057
0.5821
1.419
5.042
2.466
0.8453
1.308
0.9857
1.566
3.436
4.462
2.292
1.685
2.402
4.578
3.04
1.451
1.093
1.033
1.085
1.408
1.099
1.92
1.208
0.6279
0.2167
0.6248
0.3819
1.19
1.375
3.009
5.029
0.8057
1.752
0.5417
1.532
1.266
0.4257
0.544
0.5264
1.935
4.858
2.295
0.2247
1.535
2.567
1.703
1.474
0.9979
1.81
1.172
2.164
5.029
2.466
0.5432
1.55
2.985
4.651
1.399
0.8591
1.271
1.053
0.8743
1.128
1.381
0.2705
1.23
0.4791
2.478
2.609
1.318
2.078
0.06752
0.7874
1.192
0.0
0.6874
1.308
1.022
2.338
4.59
1.392
0.2117
0.2083
0.2258
0.2197
0.2415
0.2502
0.2197
0.2522
2.121
2.753
3.07
0.7179
1.672
1.073
3.137
4.81
3.043
0.4402
0.0006676
0.001621
0.0
0.06704
0.1181
0.1055
0.135
0.1047
0.1286
0.1335
0.1368
1.367
2.841
2.457
0.7034
0.2899
1.23
0.3227
1.276
0.7065
1.045
0.753
1.175
1.311
0.5447
1.23
1.178
0.415
1.164
0.5386
1.103
1.166
0.4082
0.9979
1.357
1.03
0.7072
1.224
0.9735
0.8377
1.332
0.8224
0.7828
1.1
0.5333
1.344
0.5447
1.176
1.372
0.5653
1.012
0.09127
0.1186
0.1307
0.1141
0.1163
0.108
0.1146
0.09642
0.1305
0.1387
0.1343
0.1266
0.4875
1.993
4.456
3.18
1.712
0.7431
1.076
1.221
0.8179
2.24
2.774
0.8026
2.115
0.7309
1.282
0.3067
0.3899
0.5455
1.036
0.7874
1.006
1.231
3.067
