20.17
19.14
19.56
18.46
18.07
19.17
19.95
20.0
16.99
18.99
17.87
19.36
19.65
19.43
20.41
19.41
18.43
17.99
16.87
18.36
18.09
19.07
18.33
21.02
18.68
18.48
17.53
19.24
18.46
20.41
21.44
19.34
16.31
18.87
17.26
17.92
21.61
19.53
17.68
18.19
16.94
15.33
17.04
22.27
20.8
19.02
18.38
18.73
20.9
21.31
17.07
17.26
19.7
20.04
19.68
16.53
16.46
18.21
19.8
20.34
18.7
15.38
14.82
18.65
22.02
20.48
17.55
17.19
18.75
17.72
18.14
20.43
19.53
20.14
21.04
20.56
20.7
18.99
17.58
17.43
19.24
19.56
17.41
17.11
17.48
17.87
18.65
18.95
20.19
18.19
17.53
16.02
15.41
16.16
19.34
18.85
21.68
20.12
20.02
20.39
24.02
16.77
15.94
15.84
15.77
15.6
16.82
17.26
14.55
15.23
14.77
15.04
15.92
16.46
15.77
16.97
17.29
17.99
19.95
20.26
19.38
16.94
13.62
14.6
16.28
15.23
15.09
16.67
18.14
20.41
19.78
14.92
16.14
17.21
15.72
16.72
17.7
18.19
15.21
17.41
15.94
16.46
16.77
17.77
16.75
14.97
17.43
18.41
19.7
19.78
18.82
19.65
17.65
17.6
17.87
17.94
19.75
17.16
18.97
18.19
16.55
16.43
18.92
19.36
16.31
18.33
19.21
18.24
17.14
17.48
17.7
16.33
17.72
18.99
21.0
17.85
17.87
18.8
17.29
16.87
18.24
16.38
15.41
16.09
17.55
17.65
19.46
15.48
15.01
16.94
18.26
16.7
16.7
16.5
16.04
14.67
15.33
17.16
18.16
20.0
19.07
18.68
20.56
17.33
18.85
17.58
16.7
15.41
15.89
18.95
19.34
20.78
17.99
15.33
16.82
15.48
17.94
19.36
17.38
18.16
16.19
17.9
17.14
16.77
17.75
18.75
18.85
18.51
18.41
22.05
19.63
17.43
16.53
16.97
17.55
17.02
16.31
18.31
19.41
16.43
15.33
17.82
17.16
18.16
19.34
20.7
20.19
17.99
13.65
17.7
19.31
23.51
18.8
19.21
19.12
18.41
16.97
17.11
20.97
19.14
17.41
18.36
19.6
19.9
20.9
21.39
18.77
16.28
16.92
16.63
20.24
23.54
21.8
19.53
21.29
17.21
17.24
17.94
18.55
21.56
21.7
18.19
17.02
18.9
19.8
22.51
20.12
19.82
20.14
18.68
16.5
16.65
16.63
18.07
19.19
21.97
21.53
19.48
16.33
15.82
18.12
18.21
18.51
16.77
19.04
17.8
16.89
19.78
19.7
18.97
18.73
15.14
14.79
15.38
16.24
16.41
17.38
18.43
18.75
20.56
21.04
18.26
18.85
17.24
16.6
19.02
18.36
19.58
18.04
18.97
21.53
20.56
20.0
20.0
20.21
18.87
19.17
18.73
19.51
19.17
21.0
19.51
19.04
19.53
18.02
17.09
17.16
16.26
14.94
15.8
16.26
17.5
18.26
19.14
19.7
20.58
21.73
20.48
21.14
18.75
17.5
15.87
16.21
16.16
16.77
21.26
18.97
17.58
20.24
21.31
20.31
18.09
17.85
18.55
18.53
18.68
16.85
17.8
16.53
20.97
22.31
18.73
20.0
18.65
18.48
20.92
19.53
17.72
17.29
18.09
18.26
18.63
19.6
18.73
20.48
21.09
16.55
19.63
17.43
17.09
18.58
15.99
16.26
16.65
18.99
15.16
16.14
16.48
17.8
18.77
16.55
18.9
14.87
15.31
17.5
21.0
14.45
17.38
16.02
16.58
17.5
17.14
18.82
20.39
18.85
18.73
17.41
16.5
14.7
14.53
15.84
15.48
15.26
16.46
18.87
20.53
19.14
17.87
16.72
16.38
15.53
16.82
18.09
16.67
17.07
17.7
21.56
19.7
19.24
17.38
15.75
15.62
16.87
19.73
18.31
17.92
16.21
17.41
18.26
17.85
19.02
18.51
18.68
18.19
17.46
17.09
18.46
16.33
17.85
17.31
18.95
18.24
17.5
17.41
18.02
17.24
17.75
18.16
17.97
16.7
17.02
18.6
19.31
17.77
18.7
18.21
17.87
16.63
16.38
18.09
17.99
17.46
15.8
16.28
18.24
19.36
18.09
19.58
21.61
18.77
21.04
21.75
20.31
18.95
20.34
20.85
20.97
20.56
19.8
18.73
19.9
18.55
20.04
20.85
19.09
18.14
19.34
19.6
18.77
19.85
21.41
22.88
18.85
19.21
17.72
16.87
18.92
20.36
18.04
19.92
21.88
19.09
19.85
17.19
17.14
18.53
17.77
19.46
16.5
16.94
18.36
20.34
19.85
21.09
18.7
18.46
20.8
22.39
20.26
19.07
17.26
17.21
16.92
17.87
19.75
19.07
17.99
15.55
18.19
17.5
19.24
21.14
20.53
20.43
18.43
18.87
19.82
16.43
17.97
19.21
18.07
18.75
16.41
18.38
17.8
18.92
20.51
20.9
19.38
20.97
20.78
21.56
17.16
17.68
17.33
18.09
16.38
16.94
17.29
18.14
18.7
18.02
20.26
21.39
20.04
21.14
20.61
17.36
17.55
18.75
16.82
16.04
15.65
17.53
21.85
20.29
20.7
18.36
18.97
18.87
18.19
18.33
18.16
20.53
19.24
17.85
18.68
18.7
16.77
17.26
18.63
19.09
20.04
20.95
22.29
20.8
14.28
17.29
17.85
20.7
20.02
19.73
22.0
21.14
19.31
21.97
18.48
16.92
20.56
19.17
18.51
19.97
21.7
21.31
21.7
19.26
19.65
17.94
18.7
20.61
18.09
19.38
21.7
19.75
20.36
19.14
18.04
18.43
17.46
20.43
20.51
20.02
19.56
19.26
17.46
17.75
17.9
19.43
18.48
20.73
20.75
21.95
18.48
18.73
20.95
18.48
19.6
17.58
19.12
19.6
18.95
20.09
20.0
18.48
20.26
19.19
19.9
21.8
20.0
18.73
17.9
17.65
18.7
17.29
18.41
20.21
21.29
19.9
19.92
21.53
21.97
19.65
24.46
17.41
17.68
18.48
17.33
17.26
17.43
18.7
18.6
19.6
