0.4059
0.3288
0.1726
0.4135
0.3361
0.1768
0.2998
0.157
0.2853
0.2102
0.1726
0.1617
0.2048
0.1514
9.537e-05
0.0
0.0
0.0
0.0005722
0.0
0.0001907
0.0
0.0009537
0.0
0.0002861
0.0
0.0
0.0
0.008583
0.1421
0.0
0.06647
0.3693
0.1547
0.4059
0.173
0.4959
2.182
2.277
1.88
2.332
5.481
4.181
2.957
0.3151
0.1667
0.1549
0.1726
0.1665
2.261
2.689
2.655
2.771
6.238
4.529
1.45
0.5333
2.631
2.768
2.771
2.679
6.226
4.645
0.9842
1.018
2.405
2.432
2.393
4.187
5.151
2.75
0.4898
0.19
0.3326
0.1501
2.353
3.04
2.246
2.585
5.884
4.944
1.26
0.4944
0.3967
0.1308
0.489
0.9277
1.791
2.396
2.319
3.503
6.421
2.676
0.2861
0.9262
0.1516
0.2651
0.3296
0.1352
0.1106
0.3288
0.2468
0.219
0.1471
0.5272
0.2922
0.3052
0.9109
0.3391
0.3849
1.224
2.667
2.896
2.692
5.829
4.132
1.221
0.4318
0.4211
0.473
0.528
0.5409
0.5066
0.2773
0.3471
0.4257
0.8209
0.3517
0.1619
0.3319
0.547
0.1991
1.849
2.322
2.866
2.719
6.689
3.314
0.3967
1.617
2.603
2.631
3.076
6.97
4.248
0.2884
0.4349
2.078
2.893
2.844
2.859
6.787
3.644
0.3571
0.4471
0.695
0.2121
0.383
0.1368
1.18
3.058
2.731
2.551
6.018
4.456
0.8316
0.6783
0.3204
0.8286
0.1688
0.4456
0.5516
0.2171
0.3269
0.2129
0.47
9.537e-05
0.4967
0.4486
0.3952
0.5135
0.1204
9.537e-05
0.0
0.0
0.0
0.0003815
0.0
0.0
0.0001907
0.0
0.0
0.005054
0.3265
0.3944
0.3616
0.296
0.3105
0.2373
0.178
0.2941
0.1102
0.2846
0.3502
0.3735
0.3063
0.1787
0.3216
0.0001907
0.0
0.0001907
0.0
0.0001907
0.0
0.0001907
0.0
0.107
0.3731
0.1682
0.4707
0.351
0.1608
0.489
0.1392
0.3056
0.5241
0.1413
0.317
0.1379
0.1919
9.537e-05
0.0
0.0
0.0001907
0.0
0.0
0.0001907
0.0
0.0
0.0
0.005341
0.349
0.4326
0.1663
0.3521
0.1413
0.4913
0.1205
0.6783
0.4494
0.7797
0.7446
0.5539
0.383
0.211
0.338
0.008488
0.0001907
0.0
0.0
0.0
0.0
0.0001907
0.0
0.0
0.0
9.537e-05
0.0
0.0002861
0.0
0.0
0.0
0.008392
0.2918
0.2609
0.1654
0.1179
0.3849
0.01125
9.537e-05
0.0
0.0
0.0
0.0001907
0.0003815
0.0
0.0
0.09117
0.388
0.1783
0.2998
0.489
0.2029
0.03223
0.185
0.1759
0.1812
0.4684
0.1642
0.3357
0.1665
0.3273
0.0004768
9.537e-05
0.0
0.0
0.0
9.537e-05
0.0003815
0.0
0.0
9.537e-05
0.0
0.0
0.0
0.0
0.0
0.0
0.0
0.0
9.537e-05
0.0001907
0.0
0.0001907
9.537e-05
0.0002861
0.0001907
0.0
0.0
0.0
0.0
0.0
0.0007629
0.0001907
0.0001907
0.0001907
0.0001907
0.0005722
0.0001907
0.0004768
0.0003815
0.0
0.0
0.0001907
9.537e-05
0.0005722
0.0
0.0001907
0.0001907
0.0
0.0
0.0
0.0001907
0.0
0.0
0.0001907
0.0
0.0
0.0
0.0
0.0001907
0.0
0.0
0.009727
0.9491
2.283
2.38
2.774
2.838
2.808
2.908
3.043
2.579
2.243
2.472
2.673
2.286
2.103
1.886
2.164
3.229
6.592
8.765
12.33
11.85
7.178
4.755
3.668
2.06
0.5196
1.512
1.953
0.9323
1.639
2.759
6.519
3.043
0.4295
2.179
2.57
2.542
2.563
2.139
2.197
1.932
2.094
2.341
2.112
2.316
2.573
2.78
2.646
2.472
3.961
8.691
11.17
11.8
8.777
6.024
5.408
1.776
1.024
2.414
2.591
2.631
2.75
2.252
2.045
2.435
2.631
2.908
2.792
2.472
2.585
2.655
2.823
2.875
6.244
10.58
11.85
10.08
8.704
4.01
4.706
3.07
2.811
0.9705
9.537e-05
0.9125
2.399
2.307
2.286
2.31
2.109
2.271
2.417
2.393
2.274
2.316
2.298
2.274
2.432
2.307
2.53
4.242
8.472
11.05
11.43
9.119
7.507
4.529
2.621
0.7256
1.904
2.576
2.112
2.151
2.652
2.277
2.414
2.686
2.814
2.71
2.225
2.234
1.813
1.981
2.039
2.219
5.176
9.729
9.839
10.02
7.214
7.178
4.578
2.945
0.8881
1.534
1.99
2.194
2.335
2.344
2.423
2.588
2.527
2.658
2.026
1.816
1.956
1.907
2.081
2.121
2.429
3.29
5.408
6.836
9.119
12.08
10.49
5.969
5.426
3.827
1.926
0.4616
2.072
2.176
2.359
2.454
2.509
2.203
2.875
2.118
2.124
2.155
2.28
2.38
2.548
2.844
2.594
2.496
5.432
9.46
10.28
9.265
8.337
7.812
4.095
3.046
0.9995
0.8469
1.396
3.333
3.729
0.7042
1.259
1.509
1.907
6.519
2.875
0.6203
1.384
1.724
4.81
1.682
0.8636
1.715
1.782
5.164
4.84
1.035
1.155
1.645
2.109
6.848
3.51
0.4082
1.34
1.627
4.749
1.48
0.7858
1.43
3.387
4.15
0.7011
0.8331
1.63
4.718
1.855
0.4959
1.443
1.685
5.536
1.971
0.3109
1.407
2.515
4.205
0.5974
1.212
1.74
4.889
1.611
0.1093
2.148
2.335
2.316
2.304
2.539
2.762
2.621
2.484
2.509
2.42
2.512
2.588
2.786
2.475
2.353
2.084
2.097
7.166
6.226
3.217
5.701
8.85
5.286
5.261
6.592
4.309
2.985
2.487
1.556
1.114
0.6012
1.155
1.526
1.599
1.378
1.465
1.578
1.953
2.805
2.759
2.469
2.707
2.795
2.826
2.719
2.911
2.774
2.969
2.841
4.883
10.67
12.19
9.119
9.619
6.049
3.827
2.686
0.6134
2.71
3.11
2.936
2.646
2.484
2.335
2.258
1.99
1.978
1.865
1.498
1.414
1.192
1.224
1.237
1.993
2.594
2.484
3.186
9.058
9.766
10.28
10.36
7.666
4.37
3.528
2.13
0.4005
1.393
1.472
1.195
2.075
0.2998
0.1637
0.1492
0.3967
0.6798
0.6454
1.691
1.222
0.5005
1.436
1.427
0.4181
0.2892
0.1703
0.3338
0.186
1.453
1.633
1.042
0.8163
0.8072
0.9659
2.49
2.554
2.89
2.719
2.478
2.377
2.643
2.673
2.985
2.734
2.432
2.826
2.802
2.948
2.89
4.993
10.08
11.63
8.936
7.617
5.719
3.717
3.479
0.946
0.9506
1.006
0.2773
0.1574
0.351
0.486
0.8514
1.015
0.3521
0.168
0.3178
0.09604
0.0001907
0.111
0.6317
0.5219
0.6508
1.752
1.773
2.258
2.478
2.484
2.368
2.567
2.579
2.713
2.789
2.606
2.441
2.292
2.341
2.332
2.591
5.872
10.71
10.49
9.021
7.471
6.653
5.06
2.481
0.914
0.2728
0.0
0.0
0.0
0.01612
0.5852
0.4456
0.3826
0.6699
0.1038
0.3483
0.4684
0.5554
0.4608
0.7858
0.3056
0.489
0.3471
0.3212
0.4768
0.3159
0.3315
0.0007629
0.0
0.0
0.0001907
0.0
0.0
0.0
0.0
0.0002861
0.0
0.0
0.0
0.0
0.0
0.0
0.0
0.0
0.0
0.0
0.0
0.0
0.0001907
0.0
0.008583
0.6866
0.7431
1.009
0.5142
0.7607
0.7751
0.5234
