0.02604
0.02604
0.02861
0.02604
0.02861
0.02861
0.02861
0.02604
0.02861
0.02604
0.03128
0.02861
0.02861
0.02604
0.03128
0.02604
0.02861
0.02861
0.02861
0.02604
0.02861
0.02604
0.03128
0.02604
0.02861
0.02604
0.02861
0.02604
0.02861
0.02604
0.02861
0.02604
0.02861
3.308
31.98
36.57
33.98
34.67
31.54
20.41
31.64
28.61
14.58
20.46
35.5
35.79
36.82
38.09
29.79
31.88
26.51
14.48
33.64
33.54
35.45
36.82
32.18
37.11
26.17
14.16
17.58
10.82
33.01
33.79
34.57
33.01
32.81
26.27
28.61
24.98
14.77
17.36
13.06
13.28
34.47
36.67
36.67
32.96
30.13
36.04
25.88
19.02
31.01
30.37
29.54
27.39
26.51
27.93
27.78
18.58
12.7
18.82
28.17
24.83
23.71
25.24
26.12
25.34
26.07
29.1
17.75
11.95
35.6
36.28
34.33
35.45
29.79
30.22
24.29
17.5
11.51
35.84
38.04
37.3
33.84
33.4
32.71
20.07
17.82
18.12
18.97
18.92
19.43
26.51
31.2
21.56
29.35
28.96
16.38
21.9
22.36
28.56
27.88
8.96
20.29
35.21
35.79
35.89
35.69
32.13
31.98
14.43
23.8
37.89
36.62
38.04
34.03
34.77
22.53
9.192
35.35
34.77
31.54
34.08
29.25
35.55
29.15
8.154
21.83
22.36
20.51
32.32
35.25
29.39
29.59
30.13
17.02
19.41
21.63
24.73
26.22
16.43
18.07
15.38
0.211
0.09899
0.02861
0.02861
0.02861
0.02604
0.02604
0.02604
0.02604
0.02346
0.02861
0.02346
0.02861
0.02346
0.02604
0.02346
0.02346
0.02604
0.02604
0.02346
0.02861
0.02346
0.02861
0.02346
0.02604
0.02346
0.02861
0.02346
0.02604
0.02604
0.02604
0.02346
0.02604
0.02346
0.02604
0.02604
0.02604
0.02604
0.02604
0.02346
0.02861
0.02346
0.02604
0.02346
0.02861
0.02346
0.02861
0.02604
0.02737
0.0247
0.02861
0.02604
0.02604
0.02604
0.02604
0.02604
0.02604
0.02604
0.02604
0.02604
0.02604
0.02604
0.02604
0.02604
0.02604
0.02604
0.02604
0.02604
0.02604
0.02604
0.02604
0.02604
0.02861
0.02604
0.02861
0.02346
0.02604
0.02604
0.02604
0.02346
0.02604
0.02604
0.02604
0.02346
0.02604
0.02861
0.02604
0.02604
0.02604
0.02346
0.02604
0.02346
0.02861
0.02346
0.02604
0.02346
0.02861
0.02346
0.02604
0.02346
0.02861
0.02346
0.02861
0.02346
0.02604
0.02346
0.02861
0.02346
0.02861
0.02604
0.02861
0.02346
0.02861
0.02346
0.02861
0.02346
0.02861
0.02346
0.02604
0.02604
0.02861
0.02346
0.02604
0.02604
0.02604
0.02604
0.02861
0.02346
0.02861
0.02346
0.02604
0.02604
0.02861
0.02604
0.02861
0.02346
0.02604
0.02604
0.02604
0.02604
0.02861
0.02346
0.02861
0.02346
0.02604
0.02346
0.02604
0.02346
0.02604
0.02346
0.02604
0.02346
0.02604
0.02604
0.02861
0.02346
0.02861
0.02346
0.02604
0.02346
0.02861
0.02346
0.02604
0.02604
0.02604
0.02604
0.02604
0.02604
0.02604
0.02346
0.02861
0.02346
0.02861
0.02346
0.02861
0.02604
0.02861
0.02604
0.02604
0.02861
0.02604
0.02346
0.02604
0.02346
0.02604
0.02346
0.02604
0.02346
0.02604
0.6927
2.53
30.57
30.18
33.45
35.25
35.06
36.77
33.79
27.15
23.85
21.02
17.94
18.16
20.21
30.03
31.3
30.52
31.54
35.25
36.62
37.01
33.79
12.77
21.26
35.79
30.86
31.54
29.74
25.73
29.79
28.66
13.43
14.33
34.42
32.86
29.35
28.61
24.07
22.36
21.26
20.95
20.09
17.9
16.04
15.8
16.31
15.94
16.67
16.7
15.31
17.21
20.51
20.61
18.9
20.51
20.34
18.99
17.75
17.43
17.55
17.8
16.33
7.739
16.48
20.53
22.61
20.83
17.29
16.7
18.31
19.48
17.11
16.09
16.26
15.36
15.6
16.58
1.816
12.55
20.83
19.31
18.99
17.46
15.6
15.99
15.92
17.97
18.48
19.51
20.24
20.7
20.78
23.19
28.22
25.15
24.51
23.68
22.88
22.29
23.1
23.12
25.0
25.98
25.93
25.88
25.29
23.02
11.27
15.45
15.84
20.19
17.85
16.48
18.55
20.58
21.63
21.04
19.8
19.36
22.97
13.04
1.282
13.06
20.0
21.14
21.95
23.17
23.8
23.61
22.46
22.61
23.1
21.68
20.46
27.59
27.59
25.78
23.9
23.51
23.49
24.07
23.36
23.22
24.83
24.46
23.12
22.97
22.36
21.68
10.38
11.98
17.97
21.46
21.8
20.9
22.27
23.17
22.49
15.55
15.82
15.38
16.8
17.72
12.11
4.645
20.68
19.95
19.85
17.68
16.8
17.16
17.26
18.31
17.26
18.51
17.31
17.97
15.77
15.5
15.45
16.6
17.58
20.0
21.53
21.07
20.04
20.21
29.2
32.08
33.4
33.69
33.69
33.89
30.57
15.77
30.03
35.06
33.15
30.86
25.63
24.15
25.05
26.95
11.07
20.53
33.25
36.87
32.18
35.5
14.01
12.17
30.18
31.54
30.42
26.32
30.13
20.53
27.59
34.91
29.15
25.44
21.19
33.54
28.76
33.4
12.02
32.62
29.49
23.83
26.61
16.89
24.83
32.52
27.49
33.64
9.351
27.59
31.93
32.23
31.88
32.13
31.59
32.76
33.25
35.16
36.43
36.43
34.91
33.3
32.28
32.23
34.33
29.1
19.65
17.24
15.65
12.52
13.77
15.94
15.26
14.92
15.06
14.92
14.87
15.09
14.82
14.89
14.72
14.45
14.48
15.19
15.6
15.65
17.87
3.198
17.99
16.31
15.53
16.09
17.09
18.58
22.73
32.32
34.13
34.86
36.08
36.08
36.23
33.64
33.59
35.16
35.16
34.38
35.25
32.32
29.39
15.72
20.09
32.71
33.11
32.47
29.88
21.56
17.43
15.01
15.04
14.77
9.607
11.39
16.89
16.55
17.16
17.36
16.89
16.6
17.82
19.31
19.12
18.58
17.58
17.7
16.24
15.09
16.38
17.97
20.21
22.51
23.29
26.51
29.15
27.78
24.95
21.44
17.8
16.16
15.31
15.23
15.75
16.53
17.38
16.11
16.82
10.72
15.87
16.6
16.11
19.17
20.63
23.02
24.58
23.78
24.88
26.32
25.98
11.9
20.83
17.48
17.9
22.92
22.46
24.68
26.12
16.48
17.33
14.4
16.65
27.64
29.1
15.06
13.6
13.21
25.63
25.54
23.88
25.39
29.59
30.37
30.81
28.22
26.81
24.76
25.68
24.07
23.83
25.83
26.07
25.93
25.54
26.86
26.51
26.66
25.29
19.14
14.67
14.99
12.92
17.24
16.43
16.89
17.36
17.65
18.6
19.68
18.51
18.75
17.77
14.99
15.14
15.23
16.24
16.99
3.973
15.77
13.16
14.4
15.5
20.26
20.17
20.41
16.31
0.9476
0.5051
0.03643
0.02604
0.02604
10.74
11.57
10.51
15.62
14.48
13.13
13.79
14.36
15.01
14.92
0.6874
0.1146
0.03128
0.02604
0.03128
0.02604
0.02604
0.02604
0.02604
0.02604
0.02604
0.02604
0.03128
0.02604
0.02604
0.02604
0.03128
0.02604
0.02604
0.02604
0.02604
0.02604
0.03128
0.02604
0.02604
0.02604
0.03128
0.02079
0.03128
0.02604
0.02604
0.02604
0.03128
0.02604
0.02604
0.03128
