8.105
6.738
5.035
4.517
4.639
5.518
6.25
6.616
7.568
6.287
4.059
4.98
4.248
4.938
4.468
5.286
3.491
5.011
5.243
9.412
9.79
11.1
4.84
4.749
4.474
4.858
7.227
7.568
8.398
5.591
6.482
6.982
7.861
8.813
4.852
5.811
6.171
6.531
6.75
6.897
6.958
7.581
7.751
7.678
8.374
8.521
8.594
7.971
6.299
8.081
10.17
12.11
12.55
5.054
3.296
3.296
3.296
3.296
3.296
3.296
3.296
3.296
3.296
3.296
3.296
3.296
3.296
3.296
3.296
3.296
3.296
3.296
3.296
3.296
3.296
3.296
3.296
3.296
3.296
3.296
3.296
3.296
3.296
3.296
3.296
3.296
3.296
3.296
3.296
3.296
3.296
3.296
3.296
3.296
3.296
3.296
3.296
3.296
3.296
3.296
3.296
3.296
3.296
3.296
3.296
3.296
3.296
3.296
3.296
3.296
3.296
3.296
3.296
3.296
3.296
3.296
3.296
3.296
3.296
3.296
3.296
3.296
3.296
3.296
3.296
3.296
3.296
3.296
3.296
3.296
3.296
3.296
3.296
3.296
3.296
3.296
3.296
3.296
3.296
3.296
3.296
3.296
3.296
3.296
3.296
3.296
3.296
3.296
3.296
3.296
3.296
3.296
3.296
3.296
3.296
3.296
3.296
3.296
3.296
3.296
3.296
3.296
3.296
3.296
3.296
3.296
3.296
3.296
3.296
3.296
3.296
3.296
3.296
3.296
3.296
3.632
7.898
9.802
9.607
10.58
9.009
4.535
5.255
4.602
5.157
5.756
6.012
6.848
6.726
6.909
7.202
7.288
7.69
7.251
5.823
7.544
9.656
11.35
8.435
6.25
9.558
10.52
8.667
4.987
6.738
7.068
7.751
8.533
6.244
10.1
10.58
9.79
6.25
9.729
10.07
10.39
4.498
5.206
5.609
6.274
6.543
6.824
6.909
7.056
7.275
7.422
7.324
7.263
6.702
7.935
9.924
10.66
6.396
4.828
5.084
4.523
5.481
3.772
4.376
5.115
5.566
5.994
6.201
6.201
6.201
6.207
6.763
4.59
5.145
5.902
6.146
6.628
6.848
7.214
7.434
7.812
8.081
7.556
7.483
6.372
7.129
8.936
10.71
11.4
5.762
4.944
5.402
6.47
6.58
6.58
6.396
7.568
8.411
6.012
5.164
6.677
6.689
7.739
8.496
5.328
4.98
5.927
6.207
7.3
5.096
4.675
5.341
4.034
5.06
5.884
6.433
6.543
7.922
8.472
6.396
8.203
10.06
9.082
4.767
5.432
5.054
7.031
6.604
7.947
8.508
5.573
8.057
10.47
11.0
8.667
4.816
4.932
5.548
9.607
9.326
11.25
9.094
4.852
4.773
4.822
4.401
5.054
4.346
5.219
4.926
4.95
4.968
5.505
5.92
6.226
6.384
6.897
7.288
7.507
7.593
7.642
8.13
8.142
8.667
8.801
8.154
7.019
7.031
9.387
11.29
12.6
10.42
4.761
5.035
4.565
6.421
6.287
7.251
8.264
6.458
5.066
4.297
5.609
6.433
7.092
7.666
8.618
7.727
4.163
4.193
5.109
5.945
6.653
4.852
4.7
5.566
6.03
6.323
6.445
7.092
7.178
7.251
7.874
8.032
7.983
8.582
8.691
8.411
6.982
7.349
9.778
11.83
12.62
8.215
4.675
4.749
5.975
7.458
7.947
8.569
6.677
7.825
10.41
10.86
7.971
4.846
4.578
5.121
6.165
10.1
10.45
11.11
4.871
4.773
4.895
4.535
4.669
5.06
6.421
6.653
7.629
8.386
5.56
9.656
10.13
9.717
4.895
4.15
5.292
5.75
4.633
4.48
4.071
5.481
5.878
7.239
5.383
6.458
6.543
7.373
8.643
4.73
5.817
6.311
7.739
9.192
4.364
4.608
5.347
4.919
6.86
6.36
7.654
8.704
5.133
4.999
4.346
5.463
4.083
4.175
4.962
5.06
4.523
5.56
5.194
4.993
4.132
5.139
5.719
6.287
6.213
7.544
6.97
6.213
7.446
7.593
8.398
5.603
5.103
5.316
9.509
9.961
10.96
5.444
6.238
6.567
6.885
4.62
4.517
5.548
5.981
6.226
6.287
6.958
7.104
6.946
7.556
7.983
8.142
8.179
8.606
8.655
7.788
6.689
8.093
10.29
11.99
12.43
6.763
4.852
6.091
6.396
7.739
8.276
4.578
5.157
4.578
6.506
7.153
8.02
8.24
5.219
5.45
4.407
5.054
4.681
5.933
6.934
6.299
4.614
4.578
4.834
5.09
4.614
5.396
6.122
6.665
6.091
7.581
8.435
6.921
4.803
4.517
4.926
4.663
5.109
4.95
4.535
5.292
4.626
5.292
4.645
5.939
6.348
7.617
4.956
5.042
3.223
4.59
4.462
4.724
5.78
4.816
4.901
4.266
5.823
5.682
7.275
7.227
7.947
7.544
4.089
5.066
6.0
6.738
4.541
4.236
5.621
9.656
10.03
10.29
4.364
5.072
5.994
6.653
6.073
9.558
9.167
10.9
6.506
5.066
4.584
5.957
5.817
6.897
5.45
4.742
5.731
4.877
5.09
3.613
4.846
5.457
5.304
6.177
7.056
6.543
5.823
7.703
7.104
8.179
7.031
3.699
5.151
5.927
6.665
6.592
7.959
9.106
4.285
4.968
4.926
5.817
6.311
7.422
4.498
5.035
5.786
5.652
9.265
9.509
10.71
4.73
5.688
6.104
6.958
4.749
6.543
6.592
7.458
8.813
5.365
5.591
6.158
7.385
5.255
5.133
4.468
5.396
4.547
5.353
5.524
6.689
7.214
8.704
6.384
3.333
3.864
5.103
5.664
4.144
5.469
5.365
9.509
9.875
9.827
4.23
5.164
5.725
7.007
6.421
7.434
8.411
5.164
5.908
7.288
7.507
8.826
7.434
5.975
9.814
9.912
10.24
4.803
4.675
5.792
6.873
7.166
8.13
6.134
4.547
5.383
5.481
4.901
4.565
4.919
4.755
4.218
4.932
6.775
6.531
7.568
9.29
5.078
8.813
9.473
10.53
6.958
4.919
4.407
5.084
5.121
6.787
7.031
7.935
7.727
4.669
6.073
6.311
7.397
8.228
5.017
6.433
6.787
7.703
9.351
4.926
5.835
6.958
6.445
7.361
8.655
6.219
5.011
4.987
5.121
4.907
5.267
4.523
4.602
5.322
4.706
4.486
4.999
5.103
4.901
4.877
8.496
9.412
10.58
8.264
3.979
5.139
4.059
3.296
3.485
6.11
3.656
4.456
6.018
6.592
6.262
7.825
8.057
5.713
4.26
5.078
4.12
5.121
4.15
4.449
4.297
4.779
4.242
4.456
4.633
4.083
4.846
4.114
5.627
6.433
6.116
7.605
8.496
5.298
4.681
4.895
4.639
4.163
4.803
4.126
6.555
7.483
7.703
8.606
4.712
6.024
6.543
7.043
4.272
5.396
4.297
5.182
4.211
5.267
4.285
4.34
4.81
4.645
6.86
6.604
7.654
8.594
4.065
5.176
5.212
6.567
7.654
7.08
7.788
8.789
5.927
6.921
9.851
10.33
9.998
6.189
4.59
5.829
6.25
6.641
6.909
6.775
7.8
7.996
8.24
8.521
8.435
8.789
8.911
8.142
