0.0
0.0
5.328
0.1896
0.0007629
0.001049
0.0006676
0.001335
0.0008583
0.0008583
0.0006676
0.001144
0.0009537
0.0008583
0.0005722
0.0007629
0.0006676
0.0008583
0.0007629
0.00124
0.0005722
0.0008583
0.0008583
0.0007629
0.0007629
0.0005722
0.0008583
0.0009537
0.0006676
0.0009537
0.0009537
0.0005722
0.001144
0.001907
0.00124
0.001144
0.00124
0.0007629
0.0006676
0.0007629
0.0008583
0.001144
0.0008583
0.0005722
0.001431
0.001144
0.0006676
0.0007629
0.0009537
0.0008583
0.0008583
0.0005722
0.0007629
0.001812
0.02499
0.0
