42.63
42.63
42.63
42.63
42.63
32.81
16.7
18.51
20.61
19.63
20.8
20.26
13.04
13.06
21.36
24.98
12.67
11.45
11.1
12.41
12.96
13.28
13.28
13.84
24.95
22.88
20.34
26.56
16.43
13.7
13.35
13.5
13.16
14.77
26.27
20.41
13.67
16.6
27.05
16.72
12.07
11.47
11.08
12.74
13.21
13.53
13.28
13.45
13.06
13.28
13.48
13.09
13.45
13.04
13.28
13.4
13.18
22.07
25.49
14.6
13.48
15.28
26.61
19.63
17.33
30.27
31.49
32.13
32.13
31.15
28.66
25.88
25.88
18.99
35.64
42.38
43.07
43.12
43.16
43.16
43.16
43.16
43.16
43.16
43.16
43.16
43.16
43.16
43.12
43.12
43.12
43.16
43.16
43.16
43.21
43.16
43.21
43.21
43.21
43.21
43.21
43.21
43.21
43.21
43.21
41.89
20.31
16.26
17.72
19.41
19.24
19.56
19.46
15.55
12.72
16.8
30.03
31.2
31.88
31.88
30.37
28.56
25.29
23.61
19.46
40.14
42.92
43.07
42.43
42.19
42.19
42.19
42.19
42.14
42.19
42.24
42.38
42.53
43.07
43.12
43.12
43.16
43.12
43.16
43.16
43.16
43.21
43.21
43.21
43.21
43.16
43.21
43.16
24.54
16.89
17.53
20.17
19.82
19.36
19.6
16.72
12.77
15.53
30.03
31.3
31.93
31.98
29.2
26.95
25.1
18.55
35.16
42.43
43.07
43.12
43.12
43.12
43.12
43.12
43.12
43.12
43.12
43.12
43.12
43.12
43.02
43.12
43.12
43.12
43.12
43.16
43.12
43.21
43.02
43.02
43.02
43.02
43.02
43.02
42.82
40.58
20.48
16.43
17.26
19.87
20.12
19.14
19.51
17.97
12.82
14.45
27.39
31.1
31.88
31.98
30.62
27.0
25.49
19.7
34.03
42.04
43.07
43.12
43.16
43.12
43.12
43.16
43.12
43.16
43.12
43.12
43.12
43.07
43.12
43.12
43.16
43.12
43.16
43.21
43.16
43.21
43.21
43.21
43.21
43.21
43.21
43.21
43.07
31.3
16.8
16.24
18.09
20.58
19.07
19.9
19.73
13.72
13.01
26.95
30.62
31.93
31.93
31.1
28.56
25.68
24.93
18.02
39.21
43.02
43.07
42.68
42.58
42.58
42.58
42.58
42.53
42.58
42.58
42.77
42.87
43.16
43.31
43.31
43.31
43.36
43.36
43.36
43.41
43.41
43.41
43.41
43.36
43.36
43.21
25.34
16.58
16.04
17.92
20.26
19.34
18.33
18.36
14.04
12.04
11.27
11.17
11.08
11.08
11.08
11.08
11.08
11.08
11.08
11.08
11.08
11.08
11.08
11.08
11.08
11.08
11.08
11.08
11.08
11.08
11.08
11.08
11.08
11.08
11.08
11.08
11.08
11.08
11.08
11.08
11.08
11.08
11.08
11.08
11.08
11.08
11.08
11.08
11.08
11.08
11.08
11.08
11.08
11.08
11.08
11.08
11.08
11.08
11.08
11.08
11.08
11.08
11.08
11.08
11.08
11.08
11.08
11.08
11.08
11.08
11.08
11.08
11.08
11.08
11.08
11.08
11.08
11.08
11.08
11.08
11.08
11.08
11.08
11.08
11.08
11.08
11.08
11.08
11.08
11.08
11.08
11.08
11.08
11.08
11.08
11.08
11.08
11.08
11.08
11.08
11.08
11.08
11.08
11.08
11.08
11.08
11.08
11.08
11.08
11.08
11.08
11.08
11.08
11.08
11.08
11.08
11.08
11.08
11.08
11.08
11.08
11.08
11.08
11.08
11.08
11.08
11.08
12.72
33.2
43.02
43.07
43.12
43.21
43.16
43.16
43.12
43.12
43.16
43.12
43.12
43.12
43.12
43.12
43.12
43.12
43.21
43.31
43.26
43.36
43.31
43.41
43.41
43.41
43.41
43.41
43.46
43.46
29.35
16.19
17.92
21.41
23.44
15.97
12.24
11.57
11.15
13.33
36.96
43.07
43.07
43.12
43.21
43.16
43.16
43.12
43.12
43.16
43.16
43.12
43.16
43.12
43.16
43.16
43.12
43.12
43.07
43.07
43.12
43.12
43.21
43.21
43.21
43.21
43.21
43.21
43.26
43.31
43.26
29.2
16.19
20.65
22.12
17.94
14.58
12.41
14.23
37.79
43.07
43.07
43.12
43.16
43.16
43.16
43.16
43.12
43.12
43.16
43.12
43.12
43.12
43.12
43.16
43.12
43.12
43.07
43.07
43.12
43.07
43.16
43.16
43.21
43.21
43.21
43.21
43.21
43.21
43.26
43.31
42.48
19.07
19.58
20.56
21.75
14.97
12.27
12.94
31.69
43.07
43.07
43.07
43.16
43.21
43.16
43.16
43.12
43.16
43.16
43.16
43.12
43.12
43.16
43.16
43.12
43.12
43.07
43.07
43.07
43.12
43.12
43.21
43.21
43.21
43.21
43.21
43.26
43.26
43.31
43.26
39.99
16.41
19.85
17.92
21.66
16.58
12.15
11.96
20.61
42.97
43.02
43.07
43.16
43.16
43.16
43.12
43.12
43.12
43.16
43.12
43.12
43.12
43.12
43.12
43.12
43.07
43.12
43.12
43.12
43.21
43.21
43.21
43.21
43.26
43.21
43.21
43.26
37.4
16.65
18.16
22.07
22.29
14.23
12.07
11.44
11.15
11.08
11.08
11.38
14.6
13.06
11.9
11.85
11.73
11.21
11.07
11.08
11.08
11.08
11.08
11.08
11.08
11.08
11.08
11.08
11.08
11.08
11.08
11.08
11.08
11.08
11.08
11.08
11.08
11.08
11.13
13.77
36.33
42.82
43.07
43.16
43.16
43.16
43.12
43.07
43.12
43.12
43.12
43.12
43.12
43.12
43.07
43.07
43.12
43.12
43.21
43.16
43.16
43.21
43.21
43.16
43.21
43.26
30.22
16.14
17.55
21.36
23.49
14.45
12.22
13.89
38.62
43.07
43.16
43.31
43.36
43.36
43.31
43.26
43.31
43.31
43.31
43.31
43.31
43.31
43.31
43.31
43.26
43.31
43.31
43.31
43.36
43.41
43.41
43.41
43.46
43.41
43.41
43.46
43.46
40.19
17.6
17.82
21.19
23.02
16.11
12.3
12.08
18.85
42.72
43.02
43.07
43.16
43.16
43.16
43.16
43.12
43.12
43.16
43.12
43.12
43.12
43.12
43.12
43.12
43.07
43.12
43.12
43.12
43.21
43.21
43.21
43.21
43.26
43.21
43.21
43.26
43.02
23.54
16.11
20.78
21.24
20.43
12.72
11.66
11.25
11.08
11.08
11.08
11.08
11.08
11.08
11.08
11.08
11.9
21.97
42.87
43.07
43.12
43.16
43.16
43.12
43.07
43.12
43.12
43.12
43.07
43.12
43.12
43.12
43.12
43.07
43.07
43.12
43.12
43.16
43.16
43.21
43.21
43.21
43.21
43.16
43.21
43.21
21.92
16.5
20.73
22.88
18.21
12.35
11.32
11.27
11.1
11.08
11.08
11.08
11.08
12.1
19.97
42.53
43.07
43.07
43.16
43.21
43.16
43.16
43.12
43.12
43.16
43.12
43.12
43.12
43.12
43.12
43.12
43.07
43.12
43.16
43.12
43.21
43.21
43.21
43.21
43.26
