3.65
0.03796
0.01163
9.537e-05
0.0
0.0
0.0
0.0
0.0
0.0
0.0
0.0
0.0
0.0
0.0004768
0.0
0.0
0.0
0.0
9.537e-05
0.0
0.0
0.0
0.0
0.0
0.0
0.0
9.537e-05
0.0
0.0
0.0
0.0004768
0.0
0.01936
0.1562
0.1472
0.3006
0.1318
0.0
0.0001907
0.0
0.0
0.0
9.537e-05
0.2472
0.3254
0.2132
0.2819
0.3857
0.2869
0.3422
0.3803
0.4021
0.04177
0.03281
0.03395
0.573
0.09689
0.0226
1.018
0.3395
0.4395
0.3056
0.3105
0.275
0.2209
0.2506
0.2254
0.2319
0.2354
0.2625
0.7919
1.488
1.393
1.028
0.5363
0.8148
0.7256
0.8774
0.9369
0.7454
0.01402
2.353
4.285
4.108
4.694
1.408
0.05474
0.7118
0.033
0.03223
0.04463
0.4074
0.04206
0.301
0.8453
0.4799
0.2426
0.6905
0.222
0.2087
0.2266
0.2254
0.2087
0.2117
0.2289
0.259
1.366
1.953
0.7507
1.147
0.798
0.8926
0.8026
1.004
1.054
0.3349
0.01316
4.529
3.955
4.272
3.65
0.035
0.4578
0.2872
0.05646
0.1051
0.6996
0.04063
1.158
0.5508
0.2922
0.3864
0.3128
0.3323
0.3159
0.721
0.3044
0.5005
1.43
2.008
1.152
0.5707
0.9125
0.8194
0.9476
1.102
0.5234
0.1553
3.363
3.131
3.351
3.577
3.809
0.3937
0.05274
0.724
0.03395
0.03195
0.04539
0.5676
0.09546
9.537e-05
0.01478
0.8499
1.195
0.02785
0.04768
0.03185
0.2731
0.3563
0.2544
0.1369
0.8362
1.25
0.5814
0.2937
0.3056
0.4372
0.4417
0.3834
0.3952
0.3914
0.4211
0.3876
0.3452
0.3857
0.3414
0.3536
0.5127
1.079
2.222
1.773
1.785
0.9109
0.7843
0.972
0.856
0.9293
0.9079
1.033
0.8682
0.4326
0.01602
0.01478
2.53
3.326
4.309
3.522
2.509
2.646
2.954
1.529
0.02508
0.8224
0.2113
0.05693
0.04549
0.05913
0.04854
0.5043
0.1001
0.01268
0.004959
0.5165
1.21
0.7767
0.2777
0.2781
0.3384
0.3944
0.3483
0.3426
0.3502
0.3101
0.359
0.4738
0.3418
0.3174
0.3376
0.3452
0.2865
0.4364
0.4723
1.277
2.206
1.546
1.228
1.343
0.6569
0.8865
0.7889
0.8804
0.8011
0.9109
0.7286
0.3731
0.2018
0.01335
1.639
3.51
0.0164
1.019
0.03214
0.0598
0.1051
0.03443
0.5531
0.07925
0.01421
0.003815
0.737
0.8881
0.6645
0.2296
0.2964
0.3334
0.3674
0.3258
0.3017
0.2861
0.3155
0.3765
0.3471
0.3181
0.3185
0.3181
0.3071
0.325
0.4883
0.9201
1.81
1.956
1.12
1.294
0.5577
0.544
0.8072
0.7408
0.7996
0.7812
0.9628
0.367
0.2293
0.008869
0.4761
3.033
3.76
3.674
2.567
2.234
2.908
3.18
1.289
0.01831
0.0002861
0.0
0.0
9.537e-05
9.537e-05
0.0
9.537e-05
0.0
0.0
0.0
0.0
9.537e-05
0.0
0.0
0.0
0.0
9.537e-05
0.0001907
0.0001907
0.0
0.0
0.0
0.0
0.0
0.0
9.537e-05
9.537e-05
0.0
0.0
0.0
0.0
0.0
0.0
0.0
0.0
0.0
0.0
9.537e-05
0.0
0.0
0.0
9.537e-05
9.537e-05
0.0
0.0
0.0
0.0
0.0
0.0005722
0.0001907
0.0
9.537e-05
0.0004768
0.0003815
0.0001907
0.0
0.0
0.0
0.0
0.0
9.537e-05
0.0
0.0
0.0
0.0001907
0.0
0.0
0.0
0.0
0.0
0.0001907
0.0
0.0
0.0
0.0
0.0
0.0003815
0.0001907
0.0003815
0.0
0.0001907
0.0
0.0001907
0.0001907
0.0001907
0.0
9.537e-05
0.0
0.0
0.0
0.0009537
0.0
0.0
0.0
0.0
0.0
0.0
0.0001907
0.0
0.0
0.0
0.0
0.0
0.004101
0.3635
0.882
0.3784
0.3967
0.5539
0.3193
0.5302
0.7202
0.7416
0.5363
0.412
0.3429
0.3689
0.3677
0.3677
0.3887
0.3559
0.3349
0.3506
0.3429
0.3586
1.749
1.639
2.237
1.537
0.6233
0.5638
0.5249
0.5264
0.5653
0.724
0.7446
0.9018
0.3391
0.07172
0.01307
1.198
6.677
7.983
5.389
2.219
0.003242
0.001717
0.0
0.005245
0.07706
1.247
0.3685
0.4417
0.5508
0.3262
0.5531
0.6721
0.7217
0.5226
0.4395
0.362
0.349
0.3662
0.3563
0.3628
0.3273
0.322
0.3132
0.3368
1.414
1.868
2.148
1.465
0.946
0.5272
0.5005
0.6187
0.6691
0.7065
0.9583
1.094
0.3468
0.102
0.007629
0.01068
6.726
7.947
6.055
3.259
0.02632
0.01278
0.06742
1.192
0.3819
0.428
0.5692
0.3235
0.5463
0.6546
0.6424
0.4112
0.4189
0.354
0.3532
0.351
0.3334
0.3193
0.3326
0.3765
0.3555
0.3845
1.424
1.666
2.115
1.205
1.361
0.5089
0.4913
0.6111
0.695
0.8301
1.173
1.099
0.3071
0.1036
0.01097
0.6973
6.287
7.434
5.072
3.888
0.02718
0.01087
0.3227
0.8408
0.563
0.5836
0.4082
0.383
0.6271
0.7385
0.7523
0.5074
0.4105
0.3754
0.3334
0.3113
0.3872
0.3799
0.3735
0.4189
0.425
1.277
1.315
2.148
1.782
1.305
1.146
0.5981
0.7072
0.6767
0.7904
1.21
0.4753
0.1976
0.007057
0.007248
5.872
7.043
5.499
5.243
0.09747
0.01173
0.07963
1.015
0.6226
0.4913
0.4974
0.3323
0.663
0.7401
0.7225
0.4791
0.3754
0.3479
0.3525
0.3895
0.37
0.4028
0.3696
0.6226
2.502
2.002
1.947
1.45
0.5989
0.6531
0.8194
1.051
1.28
1.288
0.6287
0.02222
0.007534
0.1951
7.935
7.361
5.719
3.265
0.0006676
0.001621
0.0
0.0
0.0
0.0
0.0
9.537e-05
0.0005722
0.0
0.0
0.0
0.0
0.0
0.0
0.0
9.537e-05
0.0
9.537e-05
0.0
0.0
0.0
0.0
0.0
0.0
0.0
0.0
0.0206
0.6195
0.8331
0.4562
0.6012
0.4051
0.6287
0.7553
0.8316
0.5272
0.3967
0.3521
0.3681
0.3384
0.3872
0.3929
0.4112
0.3815
0.4799
2.084
2.124
1.709
1.453
0.5875
0.5966
0.7027
0.7759
0.9354
1.231
1.12
0.3395
0.007725
0.007534
2.39
7.544
5.316
5.237
0.6279
0.00267
0.0001907
0.01001
0.7812
0.7965
0.4089
0.5898
0.3944
0.5539
0.7088
0.6668
0.4868
0.4517
0.3838
0.3487
0.3731
0.3578
0.3967
0.4066
0.367
0.4036
0.5875
2.417
2.747
1.651
1.059
0.6393
0.6653
0.7278
0.7919
1.17
1.337
0.576
0.1215
0.009727
1.5
7.654
7.446
6.134
1.691
0.003433
0.01154
0.7103
0.8698
0.4562
0.5981
0.4112
0.6973
0.8423
0.7904
0.4417
0.3551
0.3399
0.4089
0.3822
0.3937
0.3761
0.3498
0.4974
2.356
2.045
1.718
1.407
0.5508
0.5768
0.6462
0.7423
0.9109
1.031
0.9888
0.946
0.2251
0.0144
0.01125
0.144
6.653
6.824
5.493
5.518
0.7263
0.004005
0.0003815
9.537e-05
0.007629
0.2205
1.161
0.4036
0.5844
0.3613
0.3651
0.6149
0.6706
0.7248
0.4654
0.3239
0.3281
0.3025
0.362
0.3887
0.3506
0.3536
0.3117
0.3498
1.051
2.56
2.591
1.669
0.7271
0.592
0.6927
0.6714
0.9003
1.013
1.073
0.9644
0.1406
0.0123
0.01125
1.953
7.69
3.937
2.704
4.181
3.583
0.004292
0.0
9.537e-05
0.009918
0.4662
0.9201
0.4829
0.6111
0.3937
0.5302
0.7141
0.7919
0.6317
0.4471
0.3429
0.3426
0.3944
0.3071
0.3155
