0.2689
0.07629
0.1078
0.1143
0.2495
0.198
0.3563
0.1841
0.178
0.1579
0.1686
0.2594
0.1396
0.1459
9.537e-05
0.0
0.0
0.0
0.0
9.537e-05
0.0
0.0
0.0
0.141
0.1308
0.1526
0.1511
0.312
0.1659
0.1396
0.104
0.2529
0.09842
0.4631
1.332
1.157
1.276
1.144
1.089
1.134
1.057
1.192
1.07
1.295
4.01
2.402
1.846
2.054
1.318
0.3807
0.3838
0.08574
0.1068
0.08669
0.2129
0.1453
0.5791
1.608
1.614
1.466
1.48
1.428
1.462
1.27
1.382
1.323
4.584
1.599
2.267
1.932
0.6218
0.2514
0.1141
0.09089
0.2777
0.08993
0.2277
0.177
0.3777
0.4326
1.306
1.66
1.212
0.9567
0.9583
0.9933
0.8606
1.202
2.777
2.509
1.66
2.441
1.062
0.3059
0.1518
0.1814
0.2712
0.08049
0.06199
0.07715
0.2903
0.06475
0.2018
0.1991
0.2087
0.2869
0.333
0.3044
0.0577
0.1022
0.07048
0.2693
0.09995
0.7347
1.405
1.593
1.587
1.602
1.553
1.749
3.76
2.158
1.414
1.451
0.7874
0.3777
0.1291
0.1204
0.09184
0.1957
0.2445
0.4189
0.5943
0.3128
0.1074
0.1165
0.1062
0.3277
0.0701
0.9689
1.572
1.791
1.813
1.639
1.993
2.277
4.236
1.256
2.045
1.482
0.4669
0.428
0.2361
0.4967
0.23
0.4951
0.07801
1.216
1.566
1.614
1.472
1.427
1.088
1.5
1.303
1.776
4.016
1.52
2.036
1.338
0.6004
0.4189
0.3216
0.341
0.341
0.2941
0.3815
0.4936
0.3078
0.2308
0.5501
0.3193
0.08221
0.1135
0.08278
0.246
0.08335
0.3223
0.2232
0.1087
0.1644
0.2354
0.2594
0.01001
0.2182
0.09098
0.1154
0.08173
0.2018
0.1451
0.3441
0.2995
0.06599
0.106
0.07963
0.2403
0.1289
0.001812
0.0
0.0005722
0.0
0.04578
0.3017
0.5867
0.235
0.1987
0.2525
0.1287
0.09422
0.07105
0.1757
0.1619
0.1947
0.1472
0.1575
0.367
0.07944
0.1078
0.08154
0.2445
0.2045
0.2346
0.1139
0.08383
0.2575
0.07343
0.3235
0.2735
0.3807
0.1801
0.1726
0.185
0.1839
0.201
0.2796
0.362
0.2003
0.2445
0.3757
0.2098
0.1915
0.4799
0.3166
0.2895
0.1972
0.1455
0.06618
0.08421
0.2968
0.04807
0.7965
0.169
0.1638
0.174
0.7637
0.2731
0.1476
0.1078
0.07753
0.2113
0.2106
0.7759
0.293
0.08726
0.08001
0.08268
0.2785
0.1348
0.2495
0.09279
0.09146
0.07429
0.2235
0.08726
0.211
0.2094
0.0002861
0.3468
0.3071
0.02089
0.444
0.1745
0.09604
0.06943
0.1886
0.2357
0.1587
0.3632
0.03996
0.1122
0.1188
0.2357
0.1593
0.0002861
0.0
0.0
0.0
0.01822
0.3712
0.06285
0.09527
0.06857
0.2254
0.1438
0.4326
0.1238
0.2785
0.3635
0.1247
0.1425
0.1348
0.4906
0.3635
0.02995
0.09613
0.0741
0.1751
0.1431
0.0003815
9.537e-05
0.0
0.07191
0.1774
0.1328
0.2075
0.2926
0.08879
0.09308
0.1566
0.2224
0.3712
0.1034
0.211
0.09022
0.2056
0.1118
0.1657
0.1013
0.3853
0.3101
0.1057
0.1152
0.08669
0.23
0.1133
0.3819
0.1835
0.4967
0.1535
0.5943
0.2113
0.2075
0.09003
0.3975
0.3819
0.05293
0.1093
0.08221
0.2472
0.08945
1.004
1.445
1.297
1.024
0.8377
1.16
1.109
0.9293
0.9216
0.8163
0.8453
0.8835
0.9903
0.0
1.335
1.514
0.9583
0.4906
0.5424
0.6943
0.8133
1.053
1.126
0.7935
2.072
2.112
2.09
2.466
2.417
2.209
1.874
1.584
1.418
1.52
1.314
1.254
1.488
1.968
1.944
2.139
1.788
1.639
2.118
1.535
1.883
1.62
1.84
1.968
2.02
1.913
1.797
1.654
6.122
6.311
3.937
6.165
7.41
5.67
7.458
7.092
6.506
3.912
4.62
3.943
1.666
0.7072
1.143
1.587
1.694
1.511
1.503
1.401
1.32
1.44
1.266
1.138
1.036
1.291
1.169
1.198
1.535
1.43
1.657
1.779
1.846
1.453
1.489
1.581
1.691
1.733
1.785
1.886
1.91
1.813
1.852
4.004
7.446
3.729
3.656
6.592
6.073
6.482
6.47
7.275
4.535
5.957
4.138
4.419
3.046
1.984
0.3822
1.562
1.408
1.602
1.193
1.382
1.66
1.55
1.706
1.575
1.605
1.366
1.543
1.472
1.43
1.259
1.428
1.419
1.353
1.549
1.593
1.804
1.752
1.804
1.578
1.416
1.196
1.266
1.419
1.482
1.517
1.639
4.657
4.962
5.817
4.608
7.117
5.542
7.227
7.263
6.036
6.506
7.544
3.967
3.546
3.271
1.117
0.5905
1.282
1.956
1.208
1.242
1.221
1.376
1.263
1.477
1.837
1.549
1.469
1.566
1.337
1.381
1.428
1.346
1.396
1.488
1.334
1.472
1.363
1.396
1.482
2.542
2.805
2.924
2.948
3.174
7.874
11.78
15.53
11.41
9.241
7.019
4.773
1.147
1.425
2.261
5.426
0.4112
1.743
3.18
4.315
0.5852
1.935
1.874
4.669
5.133
1.639
0.7828
1.521
4.578
1.752
0.2033
1.465
2.759
3.461
0.219
0.2918
0.2541
1.636
2.798
3.54
0.1871
1.181
2.322
2.911
2.756
2.789
2.817
2.625
2.734
2.597
2.356
2.106
2.222
2.112
2.008
2.081
2.274
2.112
1.996
4.437
5.927
3.442
5.658
5.011
9.314
7.666
5.762
5.682
5.139
5.933
3.693
0.8148
2.869
3.442
3.265
3.308
3.302
3.351
3.027
2.896
2.826
3.241
2.933
2.777
2.591
2.71
2.509
5.762
10.96
12.79
10.11
8.484
6.506
4.529
1.645
2.173
3.387
3.394
3.589
3.308
2.722
3.11
3.082
3.204
3.247
3.116
3.119
2.74
2.994
3.061
8.069
12.02
11.3
9.583
6.86
4.913
4.51
3.149
1.318
0.4845
1.089
1.111
1.1
0.9949
1.067
1.099
1.036
1.091
1.123
1.21
1.221
1.299
1.456
1.328
1.376
1.381
1.503
1.245
1.369
1.494
1.74
2.811
2.966
2.942
2.6
2.658
2.1
4.236
8.716
8.972
11.38
9.009
8.142
5.725
3.778
1.23
1.913
0.2911
0.2033
0.2693
0.2834
0.3143
0.2304
0.2644
0.8392
0.7393
0.3319
0.1877
0.2987
0.2708
0.9415
1.181
0.312
0.1781
0.3014
0.9247
0.8636
0.8408
0.7874
1.239
3.143
3.082
3.229
2.985
2.832
3.18
3.357
3.516
3.278
2.878
2.841
2.631
2.994
3.131
2.893
5.383
7.935
12.94
10.61
9.204
5.908
5.042
2.39
0.5806
1.016
2.933
2.704
2.554
2.432
2.826
2.649
2.838
2.686
2.872
2.795
2.377
2.481
2.295
2.271
2.405
2.563
2.686
2.103
5.493
8.044
9.509
10.71
8.337
7.178
5.328
3.772
2.124
0.04826
0.0
0.486
0.02394
0.4219
0.6042
0.07067
0.7683
0.4211
0.0783
0.3826
0.4616
0.4189
0.4311
0.4143
0.338
0.3384
0.3136
0.28
0.0
0.0
0.0
0.0008583
0.0
0.0
0.0
0.0
0.0
0.0
0.0
0.0
0.0
0.0
0.0
0.0
0.0
0.0
0.0
0.0
0.0
0.0
0.0
0.0
0.0
0.0
0.1852
0.2094
0.1167
0.1345
0.264
