6.409
7.593
8.411
6.47
6.738
8.813
6.848
6.409
6.409
6.409
6.409
6.409
6.409
6.409
6.409
6.409
6.409
6.409
6.409
6.409
6.409
6.409
6.409
6.409
6.409
6.409
6.409
6.409
6.409
6.409
6.409
6.409
6.409
9.009
14.92
16.67
17.43
17.94
18.31
18.63
18.77
16.77
15.19
13.5
12.39
9.961
10.34
15.62
16.87
17.46
17.92
18.16
18.51
17.87
15.48
14.72
13.96
9.729
8.704
10.35
15.67
16.77
17.36
17.92
18.31
18.65
16.85
15.14
13.92
12.57
10.52
8.887
8.765
8.875
12.67
16.21
17.19
17.85
18.19
18.55
17.16
14.92
12.45
12.21
9.656
8.679
13.72
16.16
16.97
17.48
17.94
18.16
18.46
17.43
15.21
13.7
12.13
11.57
8.74
8.643
9.021
11.62
16.04
17.09
17.77
18.14
18.51
16.67
14.84
12.89
11.82
9.363
14.5
16.55
17.29
17.85
18.24
18.53
17.41
15.16
14.23
12.55
9.595
9.473
14.4
20.68
20.43
18.7
16.5
9.521
9.448
9.412
9.082
9.155
15.58
20.78
16.58
11.0
16.36
17.43
18.19
18.58
17.07
14.89
13.04
9.302
9.106
9.192
9.314
9.363
14.45
17.24
17.99
18.43
18.29
15.84
14.87
11.21
18.9
20.51
15.75
13.92
17.04
17.77
18.19
18.63
17.11
15.01
13.84
10.88
11.49
20.48
19.97
17.87
10.72
8.972
9.07
9.204
9.045
9.607
8.557
8.167
6.604
6.506
6.409
6.409
6.409
6.409
6.409
6.409
6.409
6.409
6.824
8.887
8.63
12.67
20.51
19.87
14.62
8.813
8.398
8.167
7.788
8.838
7.8
6.543
6.409
6.409
6.409
6.409
6.409
6.409
6.409
6.409
6.409
6.409
6.409
7.52
8.02
7.544
8.789
8.96
8.423
8.887
7.41
9.131
7.703
8.313
16.77
20.83
17.87
6.946
6.555
6.409
6.409
6.409
6.409
6.409
6.409
6.409
6.409
8.301
8.887
8.875
10.45
20.24
20.75
18.99
13.38
10.79
20.56
19.8
13.55
8.826
6.604
6.592
6.409
6.409
6.409
6.409
6.409
6.409
6.409
6.409
6.409
6.409
6.409
6.409
6.409
6.409
6.409
6.409
6.409
8.191
9.436
9.082
15.7
20.8
20.83
18.68
7.471
6.604
6.409
6.409
6.409
6.409
6.409
6.445
9.131
9.253
9.375
8.899
9.094
15.67
20.78
20.43
15.04
6.75
6.555
6.409
6.409
6.409
6.409
6.409
6.409
6.409
6.409
6.409
6.409
6.409
6.409
6.409
6.409
6.409
6.409
6.409
6.409
6.409
6.409
6.409
6.409
6.409
6.409
6.409
6.409
6.409
6.409
6.409
6.409
6.409
6.409
6.409
6.409
6.409
6.409
6.409
6.409
6.409
6.409
6.409
6.409
6.409
6.409
6.409
6.409
6.409
6.409
6.409
6.409
6.409
6.409
6.409
6.409
6.409
6.409
6.409
6.409
6.409
6.409
6.409
6.409
6.409
6.409
7.324
13.13
16.6
17.41
18.02
18.41
18.75
19.07
19.38
19.53
19.6
19.73
19.85
19.92
20.02
20.12
20.12
20.26
20.31
20.41
20.51
20.68
20.68
20.58
17.43
18.43
20.7
20.85
20.7
20.51
20.29
20.04
18.51
18.12
17.72
16.92
10.08
12.84
16.67
17.65
18.19
18.48
18.58
18.92
19.17
19.34
19.36
19.51
19.7
19.73
19.87
19.92
20.04
20.12
20.19
20.31
20.31
20.39
20.53
20.7
20.7
20.68
17.6
17.99
20.14
20.85
20.85
20.48
20.19
19.82
17.9
17.04
16.97
16.85
16.65
10.77
14.21
16.75
17.43
17.92
18.33
18.48
18.65
18.95
19.14
19.24
19.36
19.53
19.58
19.73
19.73
19.85
19.92
19.95
20.12
20.12
20.12
20.12
20.24
20.31
20.31
20.46
20.7
20.68
20.7
20.7
19.07
17.9
19.82
20.78
20.8
20.87
20.73
20.68
20.43
19.75
18.48
16.65
16.6
16.46
16.38
9.07
11.78
16.16
17.09
17.63
17.99
18.31
18.53
18.85
19.17
19.36
19.41
19.53
19.6
19.73
19.78
19.92
19.92
20.12
20.12
20.19
20.31
20.36
20.51
20.63
20.7
20.7
20.7
18.12
17.24
19.14
20.19
20.78
20.87
20.75
20.36
20.14
20.09
20.12
19.04
18.02
17.8
17.58
17.43
16.75
11.99
13.13
16.53
17.29
17.65
18.04
18.31
18.43
18.6
18.92
19.14
19.29
19.36
19.48
19.56
19.58
19.73
19.75
19.75
19.92
19.92
19.92
20.12
20.12
20.12
20.17
20.31
20.31
20.31
20.41
20.68
20.68
20.7
19.87
17.75
19.63
20.8
20.85
20.85
20.87
20.87
20.8
20.04
17.9
17.7
17.46
17.36
16.99
10.41
12.02
15.65
16.58
16.85
14.5
12.6
12.65
10.08
12.46
15.84
16.67
16.92
13.7
12.77
12.65
11.71
17.36
19.85
20.09
18.46
16.09
11.72
15.6
16.7
16.89
12.94
12.84
12.52
9.448
14.72
16.85
17.5
17.94
18.26
18.51
18.68
18.85
19.12
19.29
19.38
19.56
19.56
19.6
19.73
19.75
19.75
19.9
19.95
19.95
20.09
20.12
20.12
20.12
20.26
20.31
20.31
20.31
20.34
20.41
20.51
20.61
20.7
20.7
20.7
20.7
20.7
20.7
20.7
17.77
19.04
20.12
20.85
20.87
20.87
20.68
20.68
20.68
20.34
18.77
15.97
15.82
15.67
15.67
15.7
15.45
8.313
13.18
16.65
17.43
17.85
18.19
18.43
18.58
18.87
19.12
19.29
19.36
19.43
19.56
19.56
19.65
19.73
19.75
19.92
19.92
20.02
20.12
20.12
20.12
20.29
20.31
20.31
20.36
20.51
20.65
20.7
20.7
20.68
17.53
18.85
20.0
20.19
20.68
20.68
20.24
19.73
19.7
19.7
19.26
18.16
16.77
16.65
16.65
16.46
16.26
10.27
9.497
10.25
10.21
9.229
10.78
10.07
10.07
11.66
19.24
20.78
20.46
17.77
11.22
18.24
20.61
20.24
16.36
11.77
19.17
20.75
18.99
15.26
14.92
16.85
17.53
17.94
18.33
18.48
18.68
18.95
19.12
19.26
19.34
19.46
19.53
19.65
19.73
19.73
19.8
19.92
19.92
20.0
20.12
20.12
20.12
20.26
20.31
20.31
20.31
20.34
20.65
20.7
20.7
20.7
18.31
18.73
20.39
20.87
20.87
20.87
20.87
20.87
20.87
20.78
19.14
17.82
17.8
17.82
11.87
6.604
6.604
6.604
6.604
7.031
9.204
9.351
10.79
18.7
20.85
20.34
17.53
14.53
9.68
9.155
9.424
9.57
9.143
9.241
9.033
9.094
9.216
8.655
6.604
6.604
6.604
6.604
6.604
6.604
6.604
6.604
6.604
6.604
6.604
6.604
6.604
6.604
6.604
6.604
6.604
6.604
6.604
6.604
6.604
6.604
6.604
9.424
9.192
10.17
9.985
9.241
9.692
10.33
