0.0
0.0
0.0
0.0
0.0
0.0
0.0
0.0
9.537e-05
0.0
0.0
0.0
0.0
0.0
9.537e-05
0.0
0.0
0.0
0.0
0.0
0.0
0.0
0.0
0.0
0.0
0.0
0.0
0.0
0.0
0.0
0.0
0.0
0.0
0.007915
0.5646
1.453
1.682
2.051
1.736
1.347
5.023
5.109
3.711
1.204
0.1131
1.88
2.17
2.6
1.953
5.432
3.906
4.51
1.051
1.041
1.913
2.142
2.365
2.255
6.201
4.352
2.411
0.2781
1.639
1.874
2.017
2.133
2.652
6.03
5.249
1.678
0.1598
0.6248
0.3819
0.1274
0.2449
0.2392
0.3559
0.2605
2.362
2.426
2.737
2.667
5.524
2.106
3.937
1.094
0.4425
1.373
2.045
2.6
2.112
6.049
2.374
3.9
1.051
0.5203
0.2102
0.3006
0.4883
0.3174
0.6058
0.2327
0.4501
0.3403
0.1709
0.2872
0.5592
0.2007
0.2563
0.2319
0.4814
2.267
2.307
2.304
1.904
5.658
2.042
3.394
1.447
0.5417
0.3609
0.6622
0.1442
0.1564
0.4021
0.4936
0.6454
1.335
1.326
1.494
1.627
1.599
2.753
6.049
2.85
2.905
1.019
0.4684
1.411
2.142
2.078
2.182
3.65
5.029
3.552
2.032
0.4852
0.4166
0.1228
0.09289
0.3567
0.4028
0.6325
0.04568
1.981
2.136
2.191
1.999
2.28
5.103
2.353
4.218
0.6508
0.4181
1.158
1.361
1.37
1.274
1.492
1.463
6.677
4.7
1.947
0.2007
9.537e-05
0.0
0.0
0.0
0.0
0.0
0.0001907
0.0
9.537e-05
0.0
0.0
0.0
0.0
0.0
0.0
0.0
0.0
0.0
9.537e-05
0.0
9.537e-05
0.0
0.0
0.0
0.0
0.0
0.0
0.0
0.0
0.0
0.0
9.537e-05
0.0
0.0
0.0
0.0
0.0
0.0
0.0
0.0
0.0
0.0
0.0
0.0
0.0
0.0
9.537e-05
0.0
0.0
0.0
9.537e-05
0.0
0.0
0.0
9.537e-05
0.0
0.0
0.0
0.0
0.0
0.0
0.0
0.0
0.0
0.0
0.0
0.0
0.0
0.0
0.0
0.0
0.0
0.0
0.0
0.0
0.0
0.0
0.0
0.0
0.0
0.0
0.0
0.0
0.0
0.0
0.0
0.0
0.0
0.0
0.0003815
0.0
0.0
0.0
0.0
0.0
0.0
0.0
0.0
0.0
0.0
0.0
0.0
0.0
9.537e-05
0.0
0.0
0.0
0.0
0.0
0.0
0.0
0.0
0.0
0.0
0.0
0.0
0.0
0.0
0.0
0.0
0.0
9.537e-05
0.0
0.0
0.0
0.0
0.0
0.0
0.0
0.0
0.0
0.0
0.0
0.0
0.0
0.0
0.0
0.0
0.0
0.0
0.0
0.0
0.0
0.0
0.0
0.0
9.537e-05
0.0
0.0
0.0
0.0
0.0
0.0
0.0
0.0
0.0
0.0
0.0
0.0
0.0
0.0
0.0
0.0
0.0
0.0
0.0
0.0
0.0
0.0
0.0
0.0
0.0
0.0
0.0
0.0
0.0
9.537e-05
0.0002861
9.537e-05
0.0
0.0
0.0
0.0
0.0
0.0
0.0
0.0
0.0
0.0
0.0
0.01469
1.421
1.868
2.264
2.786
2.921
2.881
2.969
2.383
2.35
2.509
2.493
2.023
1.73
1.837
2.109
2.249
3.363
4.327
10.94
13.48
13.67
11.32
10.6
7.043
5.06
1.801
0.9995
1.373
1.852
3.949
6.506
1.651
0.8972
2.301
2.579
2.365
1.974
1.62
1.779
1.779
1.7
1.849
1.788
1.813
1.895
1.923
1.813
1.63
1.691
2.237
1.999
3.43
7.812
9.888
10.12
9.485
9.033
8.264
8.24
4.755
3.271
2.686
1.41
1.033
1.73
1.865
1.935
1.587
1.414
1.541
1.724
2.356
2.24
2.249
2.246
2.051
2.121
1.846
2.124
2.106
1.95
2.017
2.28
5.005
8.105
4.443
5.475
7.532
9.204
9.827
10.61
7.605
5.249
3.088
2.695
1.62
1.147
1.526
2.127
2.151
1.904
2.032
1.88
1.917
1.862
1.62
1.541
1.538
1.483
1.474
1.341
1.404
1.357
1.685
1.874
1.889
3.552
8.386
10.61
11.39
7.654
8.923
9.119
7.153
6.006
6.067
5.511
1.691
1.276
0.8102
2.075
1.749
1.437
1.463
1.534
1.614
1.575
1.697
1.749
1.733
1.593
1.587
1.439
1.73
1.445
1.509
1.427
1.584
1.63
1.427
3.656
5.792
9.497
10.72
11.35
9.924
8.789
5.847
5.316
8.191
4.858
3.607
3.65
2.167
0.5554
1.085
1.06
0.946
0.9415
0.9567
1.097
1.233
1.234
1.379
1.262
1.323
1.114
1.065
0.9491
0.9842
1.308
1.393
1.311
1.424
1.517
1.297
1.36
1.53
1.462
1.636
1.53
1.944
6.592
8.447
5.463
7.69
9.741
9.558
9.351
5.896
6.311
7.593
4.932
4.523
1.758
0.769
0.6516
0.9186
0.9338
3.265
3.168
1.315
1.083
0.4066
0.7393
0.7904
0.8835
2.89
4.303
1.636
1.167
0.695
0.8896
1.091
1.128
1.131
1.106
1.106
1.154
1.222
1.308
1.221
1.242
1.418
1.566
1.581
1.353
1.228
1.396
1.294
1.186
1.312
1.361
1.666
1.801
1.517
1.535
2.579
5.194
7.947
4.718
5.56
9.302
10.36
10.69
10.57
9.888
6.433
2.661
1.411
2.231
2.695
2.844
2.808
2.618
2.853
2.701
2.493
2.362
2.203
2.356
2.353
2.307
1.807
1.755
1.895
6.085
12.33
12.67
11.23
10.44
10.05
7.349
5.109
2.356
0.9155
2.435
2.762
2.264
2.054
2.579
2.426
2.762
2.615
2.56
2.362
2.167
2.295
2.524
3.009
2.457
3.601
7.837
4.877
4.944
6.049
6.073
8.655
9.058
6.226
7.605
6.897
3.992
3.937
2.924
2.875
1.831
1.108
1.569
0.211
1.624
1.468
1.74
1.697
0.2956
1.697
0.2766
0.1766
0.2941
0.2449
1.428
0.243
1.131
1.163
1.166
1.218
1.134
1.048
1.016
1.518
1.95
2.066
1.987
1.834
1.801
1.807
2.106
1.929
1.73
1.901
2.191
1.965
2.267
2.127
2.319
5.969
11.21
8.63
8.801
10.11
7.471
10.36
6.543
4.999
3.986
2.155
0.7423
0.8484
0.9232
0.8255
0.07992
1.724
1.611
1.489
1.761
1.685
1.926
1.828
1.648
1.584
1.54
2.045
1.95
1.892
1.636
1.5
1.706
1.81
1.77
1.895
1.776
1.688
3.302
3.638
7.275
6.494
5.066
9.839
7.788
7.361
8.398
9.351
4.657
4.285
3.4
1.999
0.4211
0.3143
0.2018
9.537e-05
0.04568
0.4517
0.3658
0.6836
1.228
1.454
1.566
1.389
1.234
1.169
1.282
1.463
1.418
1.419
1.485
1.697
1.688
1.703
1.509
1.482
1.39
1.294
1.521
1.491
1.283
1.593
1.627
1.59
2.808
7.324
5.908
4.822
7.153
7.996
8.862
6.799
8.887
8.569
4.51
5.353
3.18
2.625
0.3578
9.537e-05
0.0
0.0
0.0
0.0
0.0
0.0
0.0
0.0
0.0007629
0.0
0.0
0.0
0.0
0.0
0.0
9.537e-05
0.0
