9.241
8.521
8.093
8.069
8.118
8.264
8.313
8.496
8.533
8.521
8.618
8.704
8.337
8.13
8.179
8.167
7.971
8.02
8.13
8.374
8.521
8.423
8.386
8.411
8.362
8.203
8.362
8.374
8.459
8.411
8.618
8.716
8.667
8.533
8.667
8.411
8.545
8.521
8.521
8.521
8.655
9.058
8.728
8.508
8.301
8.301
8.459
8.606
8.398
9.229
9.302
8.691
8.252
8.24
8.252
8.203
8.228
8.313
8.179
8.557
8.777
8.459
8.569
9.619
8.752
8.203
8.215
8.484
9.106
8.228
8.35
8.289
8.13
8.13
8.13
8.264
8.289
8.13
8.167
16.09
16.06
16.09
16.09
15.11
14.77
14.75
14.6
15.33
13.79
13.87
14.09
14.11
13.94
14.14
14.14
14.16
14.14
14.14
14.14
14.21
14.31
14.14
13.96
14.16
14.16
13.21
13.04
13.18
13.18
12.99
12.99
13.18
13.26
13.43
13.31
13.18
13.23
13.26
13.28
13.16
12.92
12.6
12.6
12.7
12.94
12.84
12.6
13.33
12.62
12.6
12.6
12.6
12.6
12.72
12.67
12.82
12.6
12.6
12.77
12.62
12.4
12.52
12.43
12.22
12.06
12.07
12.01
12.15
12.29
12.77
12.05
12.11
12.26
11.6
11.5
11.43
11.57
11.62
11.5
11.39
11.55
11.21
10.99
10.66
10.66
10.68
10.69
11.29
10.84
10.64
10.63
10.66
10.58
10.52
10.56
11.21
11.46
10.94
10.51
10.46
10.66
10.64
10.72
10.8
10.64
9.875
9.9
10.51
10.66
9.204
8.911
8.923
9.802
8.765
8.215
8.24
8.325
8.35
8.496
8.606
8.398
8.374
8.521
8.789
8.728
9.253
8.716
8.716
9.314
8.826
8.447
8.435
8.594
8.643
8.716
8.569
8.85
8.948
8.813
9.424
8.374
8.521
8.362
8.533
8.545
8.521
8.569
8.521
8.582
8.704
8.875
8.521
8.521
8.704
8.813
8.691
8.459
8.643
8.533
8.276
8.325
8.813
8.582
8.521
8.435
8.459
8.35
8.484
8.423
8.472
8.423
8.655
8.667
8.582
8.789
8.936
9.167
7.825
7.361
7.41
7.8
8.362
7.776
7.69
7.556
7.605
7.593
7.605
7.727
7.556
7.556
7.703
7.617
7.739
7.849
7.739
7.886
7.776
7.739
7.739
7.935
7.776
8.008
8.484
8.142
7.983
7.837
7.935
7.935
7.874
8.032
8.118
7.922
8.13
7.935
7.849
7.8
7.874
8.398
8.069
7.947
8.203
8.325
8.24
8.142
8.105
8.008
7.617
7.556
8.496
8.032
8.154
8.179
8.301
7.751
7.739
8.655
8.74
7.849
7.874
7.849
8.606
7.788
7.605
7.373
7.373
7.422
7.593
7.446
7.593
9.46
16.04
15.5
15.31
14.5
14.43
14.65
13.79
13.7
13.96
13.77
13.82
13.79
14.01
14.14
13.99
14.7
13.67
13.72
14.43
13.72
13.6
13.75
13.65
13.6
13.82
14.06
13.92
13.75
13.53
13.38
13.65
13.75
13.75
13.55
13.18
13.21
12.92
12.96
12.52
12.4
12.43
12.52
12.6
12.6
12.62
12.13
12.04
11.78
11.68
11.9
12.87
12.27
11.66
11.66
11.74
11.76
12.57
11.85
11.83
11.72
11.54
12.35
11.93
11.67
11.76
11.82
11.47
11.62
11.62
11.6
11.54
11.47
11.46
11.57
11.73
11.24
11.29
11.43
10.85
10.89
10.86
10.66
10.66
10.66
10.68
10.42
9.485
9.668
9.497
9.509
10.08
9.912
10.02
9.973
9.9
9.692
9.619
9.521
10.02
9.949
9.668
9.497
9.509
9.631
10.06
9.631
9.192
9.058
9.167
9.521
9.106
9.119
9.509
10.11
8.85
8.582
8.545
9.07
8.423
8.374
7.849
7.751
7.886
7.812
7.935
8.118
8.142
8.618
8.215
7.996
8.557
8.447
7.996
8.252
8.154
8.13
8.215
8.13
8.105
8.069
7.996
8.74
7.69
7.568
8.337
7.642
7.666
7.727
7.605
7.874
8.02
7.825
7.996
8.228
7.861
8.252
7.996
7.947
7.849
8.069
7.849
7.568
7.593
7.739
7.886
8.081
8.13
8.374
8.105
8.105
7.971
7.935
7.935
8.069
8.435
8.313
8.13
8.167
8.13
8.167
7.935
7.837
7.629
7.703
7.947
9.009
8.118
8.032
7.947
8.118
8.13
8.545
7.935
8.069
7.947
7.751
8.594
8.008
7.776
7.898
8.118
7.935
8.081
8.313
8.191
8.252
8.191
8.13
8.081
8.093
8.008
8.228
8.191
8.093
8.044
8.081
7.971
8.13
8.191
8.179
8.484
8.569
8.411
8.069
8.142
8.02
8.276
8.691
8.276
8.337
8.228
8.313
8.484
8.411
8.411
9.021
9.192
8.459
8.069
7.812
7.837
8.252
7.971
7.837
7.922
8.191
8.545
8.24
8.13
9.131
8.667
7.849
7.959
8.069
9.045
7.69
7.642
7.642
7.361
7.361
7.544
7.751
7.849
8.093
8.044
8.936
14.06
16.06
15.89
15.99
15.5
15.43
14.99
14.92
15.09
14.92
15.01
14.82
14.5
14.75
15.21
14.28
14.31
15.26
14.58
14.53
14.62
14.79
14.77
14.72
14.72
14.72
14.21
13.99
14.53
14.36
14.14
14.14
14.01
14.11
13.99
14.04
14.14
14.38
14.14
14.33
14.04
14.09
13.99
13.94
13.94
13.94
14.09
14.09
14.14
14.16
14.23
14.21
13.96
13.94
13.23
12.41
12.24
12.72
13.06
12.4
13.06
12.5
12.52
12.41
12.6
12.74
13.6
12.74
12.26
12.21
12.01
12.45
11.95
11.82
11.84
12.12
12.04
12.01
12.01
12.05
12.01
11.85
11.85
12.07
12.12
11.52
11.6
11.63
11.3
11.24
11.08
11.28
11.21
11.05
11.21
11.15
10.55
10.56
10.24
10.03
9.338
9.839
9.631
9.29
9.412
9.448
9.448
9.363
9.29
9.888
9.79
9.265
9.814
9.18
9.18
9.131
8.887
8.801
9.497
10.27
8.936
7.91
7.666
8.533
7.935
7.617
6.934
7.019
6.86
6.97
6.97
7.043
7.19
7.764
8.032
7.153
7.007
7.568
7.141
7.068
7.275
7.336
7.385
7.361
7.471
7.324
7.483
7.666
8.313
7.336
7.263
8.093
7.19
7.324
7.483
7.642
7.703
7.544
7.397
7.471
7.471
7.507
8.044
7.678
7.495
7.568
