0.3098
0.2056
0.499
0.08736
0.1034
0.07992
0.1942
0.2201
0.3822
0.1848
0.3773
0.08345
0.07305
0.06351
0.08039
0.2792
0.1247
0.0
0.0
0.004864
0.1667
0.141
0.1444
0.1406
0.1961
0.1432
0.3479
0.1167
0.1287
0.09975
0.2476
0.09699
0.1984
0.1631
0.3738
1.06
1.17
0.9918
0.737
0.6218
0.7408
0.8835
0.8987
1.239
4.437
2.756
2.628
3.11
1.39
0.1471
0.2644
0.1945
0.1345
0.3002
0.1427
0.1873
0.1644
0.2274
0.4089
0.1463
0.1408
0.3407
0.08392
1.006
1.3
1.201
1.099
1.27
1.263
1.334
1.549
4.974
1.691
2.371
2.029
0.415
0.2651
0.1417
0.153
0.1173
0.4951
0.1322
0.4242
0.2308
0.09918
0.07706
0.2216
0.2052
0.3742
1.056
1.144
1.161
1.306
1.102
1.247
1.292
5.206
1.834
2.231
1.651
0.4929
0.6371
1.216
1.524
1.373
1.335
1.05
0.9598
1.204
5.28
1.938
2.115
1.697
0.4875
0.7652
1.251
1.418
1.343
1.36
1.518
1.045
3.058
4.712
2.136
2.463
1.192
0.2777
0.05798
0.1266
0.1368
0.4196
0.5295
0.2201
0.7538
0.008106
0.9308
1.091
1.089
0.9659
1.143
1.596
1.581
1.268
5.365
2.039
2.454
1.544
0.8118
0.2701
0.1047
0.1095
0.359
0.09298
0.7072
0.5501
0.2571
0.1696
0.3922
0.6668
1.144
1.042
1.347
1.143
1.212
1.436
1.511
5.328
2.039
2.185
1.999
0.6622
0.5684
0.2689
0.08364
0.08316
0.1211
0.3113
0.3311
0.6912
0.1965
0.09956
0.06771
0.104
0.3101
0.01469
0.0001907
0.0003815
0.01688
0.4387
0.2357
0.1101
0.07734
0.1812
0.2136
0.2834
0.1781
0.1188
0.3319
0.3178
0.3002
0.5318
0.2533
0.173
0.104
0.08192
0.1677
0.2342
0.01965
0.001431
0.0
0.0
0.006485
0.2819
0.3838
0.2701
0.1045
0.07915
0.08955
0.2972
0.1205
0.3349
0.08688
0.09899
0.08163
0.2907
0.1396
0.1812
0.153
0.2293
0.2258
0.2281
0.07219
0.0761
0.09575
0.2567
0.1968
0.5554
0.1591
0.2445
0.4822
0.2457
0.3284
0.2605
0.1019
0.08268
0.206
0.23
0.5112
0.3872
0.2415
0.111
0.0803
0.09699
0.3113
0.2644
0.149
0.1112
0.07687
0.2266
0.1684
0.1804
0.3105
0.06924
0.09432
0.1379
0.5943
0.3578
0.09804
0.09604
0.2621
0.172
0.3155
0.2007
0.09251
0.08411
0.1579
0.2453
0.3582
0.1123
0.103
0.2304
0.153
0.001812
0.004387
0.2289
0.3639
0.3887
0.2781
0.07324
0.1022
0.2872
0.1427
0.2396
0.2186
0.206
0.2098
0.1909
0.2281
0.2701
0.4196
0.1825
0.0927
0.2777
0.5554
0.01907
0.001335
0.0
0.00639
0.2399
0.2178
0.3868
0.103
0.0988
0.0762
0.3151
0.1293
0.2766
0.3788
0.06361
0.1074
0.07067
0.1751
0.3014
0.2987
0.09766
0.08793
0.2033
0.1667
0.0002861
0.0
0.0
0.3098
0.317
0.173
0.3269
0.07391
0.09289
0.08945
0.3143
0.4288
0.1184
0.1097
0.2129
0.5623
0.3105
0.2262
0.1698
0.2457
0.0618
0.07458
0.08917
0.3529
0.0124
0.00124
0.0
0.007725
0.4509
0.5661
0.5386
0.2827
0.0493
0.1478
0.2319
0.2174
0.1451
0.2396
0.1019
0.1566
0.338
0.3563
0.07849
0.08316
0.1011
0.2785
0.3788
0.05188
0.1041
0.0742
0.2636
0.1032
0.4654
0.9033
1.042
1.324
1.779
1.379
1.451
1.219
1.283
1.01
0.946
1.169
1.198
1.288
1.108
1.225
2.109
1.517
1.268
1.506
1.263
1.106
0.9644
0.8804
0.8591
0.9598
1.071
1.324
1.265
1.193
1.515
1.122
1.228
1.146
1.282
2.82
6.592
4.81
3.986
6.091
4.907
8.948
9.546
6.073
4.01
5.048
5.652
3.723
5.139
4.242
2.039
2.676
0.2567
1.051
0.9537
1.067
1.202
1.794
2.393
1.791
1.366
1.154
1.26
1.283
1.678
1.308
1.147
1.385
1.442
1.509
1.309
1.105
1.079
1.176
1.305
1.262
0.9995
1.027
1.202
1.039
1.082
1.041
0.8484
1.408
1.326
1.141
1.039
2.231
6.122
7.166
4.462
9.155
9.277
10.46
8.081
8.447
3.43
5.432
3.912
2.258
3.162
1.688
0.2628
1.003
1.06
0.9201
0.8041
0.8575
0.8698
0.9766
1.239
1.143
1.164
1.06
0.9109
1.639
1.509
1.012
1.105
0.914
0.946
1.242
1.389
1.184
1.053
1.237
1.572
2.112
1.974
1.807
1.392
1.981
1.291
1.318
1.265
1.065
4.48
7.544
5.231
3.949
5.774
8.008
6.677
6.909
9.009
5.115
7.837
3.32
3.748
3.845
2.225
3.76
1.236
0.7828
0.4875
0.8911
0.8194
1.308
1.382
1.529
1.253
1.024
1.254
0.8682
0.8789
0.9399
1.042
0.9979
1.413
1.321
1.279
0.9644
0.8698
0.9613
1.241
1.143
1.978
1.343
1.175
0.9537
1.024
1.196
1.44
1.213
1.323
1.292
1.128
1.288
1.41
6.47
8.691
6.049
8.887
8.862
8.423
7.581
4.291
5.45
5.096
4.285
4.156
3.558
2.554
1.892
0.1188
0.6363
0.6973
0.7446
2.774
2.655
1.192
0.3769
1.025
1.163
1.065
1.515
1.448
0.9903
1.402
1.752
1.456
1.28
1.288
1.408
1.48
2.408
2.576
1.938
1.32
1.369
1.451
2.072
1.767
1.703
2.097
1.43
1.404
1.416
1.195
1.053
2.466
5.17
6.58
6.189
3.333
7.849
8.142
10.56
7.104
8.044
3.723
4.572
3.18
2.866
1.581
0.4379
1.953
1.498
1.41
1.346
1.18
1.527
1.241
1.047
1.189
1.198
1.421
1.338
1.273
1.831
2.179
1.874
1.518
1.332
1.389
1.544
0.9689
1.413
2.292
1.63
1.541
1.578
1.308
2.008
1.813
6.207
10.79
8.545
10.31
9.912
8.35
8.813
6.061
3.369
2.347
1.466
0.7675
1.761
2.124
1.477
1.712
1.733
1.694
2.856
2.817
2.106
1.791
1.534
1.442
1.431
1.357
1.009
1.059
1.404
1.694
1.456
1.199
1.05
1.134
1.575
2.097
1.666
1.984
1.703
4.889
6.738
4.999
6.152
6.86
10.17
7.471
7.446
3.131
6.592
3.473
4.822
4.95
2.255
1.382
0.214
0.09661
0.0988
0.2232
0.2106
0.169
1.248
0.285
0.1091
0.1003
0.09212
0.2434
0.1316
0.853
0.1295
0.9048
0.08202
0.09413
0.2167
0.08898
0.07238
0.07286
0.2953
0.1112
0.9796
0.4356
0.01984
0.795
1.913
2.512
2.222
2.005
1.471
1.66
1.501
1.227
1.228
1.137
1.007
1.457
1.727
1.5
1.286
1.247
1.036
1.003
1.042
1.083
1.044
1.033
1.143
0.8987
0.8865
0.8926
0.8804
0.9369
0.946
0.8865
0.8972
1.172
3.735
7.8
5.347
5.237
3.644
6.348
5.804
6.616
7.874
6.543
4.407
6.11
3.918
5.048
2.795
3.052
2.457
1.66
0.4257
0.2869
0.05369
0.09642
0.09375
0.3536
0.1394
0.2869
0.04368
0.1015
0.08583
0.2773
0.09155
9.537e-05
0.0
0.0
0.0
0.0
9.537e-05
0.0
0.0
0.0
0.0
0.0
0.0
0.0
0.0
0.0
0.7393
0.7156
0.181
0.7935
0.7172
0.1194
0.4295
0.5928
0.3307
0.0494
0.1059
