16.26
14.75
14.72
14.55
14.94
15.28
14.45
16.19
20.12
22.73
22.44
18.8
21.53
26.12
7.629
19.43
25.0
23.93
5.768
12.26
13.75
15.19
15.16
12.84
15.43
15.04
17.21
19.6
20.43
13.4
13.72
13.55
12.79
15.75
16.53
18.16
20.36
18.55
17.72
17.68
20.19
14.99
15.14
22.61
25.0
28.08
30.13
32.03
27.39
27.49
28.66
14.38
12.33
13.13
14.72
13.96
13.57
15.72
17.33
21.85
16.16
16.24
18.58
22.07
23.68
9.314
21.97
23.46
25.49
25.83
29.2
29.05
26.9
24.37
14.45
17.77
22.9
24.8
26.03
29.1
29.59
28.22
28.22
20.73
17.04
22.8
24.12
12.04
19.09
20.63
22.63
25.49
27.05
26.61
22.22
20.65
18.53
15.8
16.48
18.31
19.21
17.07
17.21
16.92
17.09
16.85
12.89
16.48
16.6
18.55
22.19
17.55
13.53
21.41
21.14
23.14
25.15
27.54
27.34
23.27
24.98
19.9
15.48
14.6
15.38
16.85
17.31
21.73
17.41
14.82
7.91
24.07
38.33
34.42
36.96
30.71
36.96
24.63
6.421
31.45
36.67
31.25
33.45
33.01
37.4
24.73
18.8
19.65
17.7
9.607
38.33
37.7
35.79
38.92
36.62
31.69
20.83
15.75
25.0
41.6
41.55
42.14
37.45
33.2
15.65
23.32
31.79
36.38
25.0
36.13
29.79
17.68
31.3
37.45
25.15
36.77
32.08
17.5
23.12
36.18
32.86
14.21
3.864
0.165
0.05074
0.0267
0.02899
0.02604
2.005
4.901
14.09
14.14
16.65
14.43
7.373
19.24
28.03
30.32
16.16
7.385
13.96
13.48
14.58
15.43
11.73
14.84
0.2022
0.1305
0.02928
0.02508
0.02699
0.0247
6.531
14.4
14.75
14.55
14.16
14.58
26.9
32.18
21.24
19.95
24.29
30.13
15.43
15.06
15.72
19.68
23.19
19.75
0.8987
0.5096
0.03548
0.02537
0.02804
0.02575
9.814
15.67
25.49
29.0
23.97
13.06
16.94
12.52
20.63
20.43
20.26
18.19
14.97
14.26
16.89
14.23
15.77
8.765
0.1722
0.08135
0.02699
0.02537
0.02766
0.02604
8.154
15.16
16.06
16.36
16.63
16.65
13.67
12.84
14.14
12.65
16.19
16.85
19.07
20.9
12.92
16.63
15.75
15.48
0.2651
0.1446
0.02928
0.02537
0.02804
0.02537
6.909
14.48
12.28
12.34
14.65
17.07
12.6
13.55
14.72
13.55
15.77
16.02
19.26
19.58
14.4
14.82
15.41
13.11
0.2121
0.1249
0.02804
0.02537
0.02804
0.02537
0.02737
11.82
17.19
18.38
20.14
19.21
13.75
16.58
16.92
17.9
17.43
12.24
13.77
12.72
12.28
15.21
13.4
3.735
0.1627
0.0514
0.02737
0.02346
0.02537
0.02279
0.0267
6.812
12.92
14.92
14.18
13.53
14.38
13.26
14.33
14.79
15.6
15.75
15.48
15.41
17.82
18.6
17.46
15.58
4.767
0.4463
0.1009
0.02213
0.02413
0.02279
0.02537
11.61
15.5
15.09
17.92
16.19
18.33
16.43
16.77
13.87
16.77
18.95
17.9
20.04
11.5
13.5
14.67
12.72
16.28
16.24
18.09
20.75
6.689
22.92
22.17
27.0
29.2
29.83
29.59
29.44
27.44
25.83
28.52
27.93
28.47
27.49
27.98
29.74
31.25
32.08
30.96
31.35
30.66
22.31
17.92
23.22
26.17
25.34
27.44
28.37
26.56
28.71
29.25
14.16
21.04
25.0
26.95
26.42
27.25
29.49
29.74
29.88
28.17
27.78
28.08
28.47
29.39
29.64
29.0
29.2
29.79
29.83
30.91
31.98
32.18
16.19
18.36
20.04
22.61
23.85
23.32
24.51
23.63
28.42
29.25
23.29
11.83
22.73
22.97
23.22
23.97
25.73
25.88
26.22
26.61
25.68
26.12
27.1
27.0
26.9
27.49
27.34
26.03
27.49
28.47
28.76
30.18
28.91
29.2
19.65
21.61
25.1
25.54
25.49
26.81
26.9
24.22
21.29
21.78
21.46
6.189
22.12
20.04
17.77
16.63
18.77
21.09
22.39
23.8
23.61
21.34
19.68
18.87
17.5
19.36
19.04
18.95
19.51
20.39
21.24
23.39
25.05
25.39
25.44
25.98
27.73
26.03
22.92
21.73
14.82
17.16
21.39
23.14
24.02
25.73
27.2
23.75
25.68
27.25
26.86
7.776
22.97
24.54
25.2
23.22
22.05
22.36
23.39
22.09
20.65
23.17
23.93
21.17
22.07
21.48
22.31
23.88
24.93
25.88
28.42
27.73
26.56
26.95
26.32
27.29
20.85
16.19
17.19
20.7
20.36
21.44
21.07
20.7
22.39
23.34
21.44
21.7
16.85
17.04
21.22
22.46
20.04
15.8
16.8
16.85
16.14
19.95
22.63
22.0
13.4
21.92
23.49
23.51
22.8
23.88
27.1
16.72
22.83
24.29
24.51
25.39
23.68
25.49
21.34
16.99
19.8
21.09
19.29
19.85
22.56
14.53
19.87
21.39
21.66
19.8
22.44
14.84
20.92
22.56
23.05
20.36
21.9
12.38
0.2174
15.33
23.95
25.44
19.58
19.58
14.4
15.36
23.39
26.32
27.44
28.86
30.57
30.86
31.4
30.18
29.69
30.47
29.93
30.62
30.27
32.52
32.91
33.4
32.91
31.59
31.4
19.38
21.9
26.03
30.42
31.2
31.98
31.64
31.1
29.39
11.18
24.8
28.91
31.15
30.81
29.83
29.49
30.18
29.39
30.76
30.62
30.86
29.59
29.39
29.49
39.31
41.6
42.43
41.11
27.29
43.6
44.09
40.92
32.91
36.82
22.97
1.617
18.26
42.38
42.19
41.99
42.87
42.48
42.38
42.24
42.38
39.79
35.69
34.52
32.91
31.98
30.52
26.56
17.33
21.39
21.56
24.58
26.22
26.17
25.24
26.32
26.22
26.9
16.24
16.5
16.04
15.7
17.43
21.0
23.51
15.09
21.04
18.58
16.02
16.24
14.23
17.5
15.82
15.5
17.87
18.8
18.65
14.21
16.6
17.21
14.97
16.33
14.72
17.14
13.43
15.87
16.77
19.31
25.1
21.61
17.55
14.5
15.23
16.99
11.32
16.24
25.93
27.93
27.39
28.12
28.96
29.79
30.96
31.79
32.81
33.74
32.86
31.64
30.42
30.03
30.22
31.88
31.49
32.18
31.54
22.53
16.97
20.04
21.07
23.88
27.05
27.73
28.37
28.22
25.98
25.24
14.89
13.94
13.16
15.67
13.21
15.14
11.88
19.46
22.29
20.14
15.7
16.31
15.8
16.16
15.72
15.67
15.75
15.65
16.82
16.77
16.7
17.09
16.26
15.7
15.75
16.06
16.53
15.72
16.97
17.14
15.97
16.19
15.87
15.67
15.82
15.58
15.6
15.97
15.55
16.19
15.6
15.6
15.33
15.87
15.97
15.99
16.48
16.94
15.84
16.92
15.82
16.11
16.77
17.94
16.38
16.31
16.67
11.15
3.778
0.06514
0.03252
0.02213
0.0247
0.02346
0.02604
0.02213
0.02604
0.02346
0.02737
0.5508
16.77
15.21
15.45
15.43
15.45
16.21
15.06
15.72
17.8
17.48
