4.254
4.254
4.254
4.254
4.254
4.254
4.254
4.254
4.254
4.254
4.254
4.254
4.254
4.254
4.254
4.254
4.254
4.254
4.254
4.254
4.254
4.254
4.065
4.211
4.254
4.254
4.254
4.254
4.254
4.254
4.254
4.254
4.254
4.254
4.254
4.254
4.254
4.254
4.254
4.254
4.254
4.254
4.254
4.254
4.254
4.254
4.254
4.254
4.254
4.254
4.254
4.254
4.254
4.254
4.254
4.254
4.254
4.254
4.254
4.254
4.254
4.254
4.315
4.449
4.449
4.449
4.26
4.254
4.254
4.254
4.254
4.254
4.254
4.254
4.254
4.254
4.254
4.26
4.26
4.254
4.26
4.254
4.26
4.26
4.26
4.26
4.26
4.26
4.26
4.26
4.26
4.26
4.26
4.254
4.26
4.26
4.34
4.456
4.456
4.456
4.456
4.456
4.456
4.456
4.456
4.456
4.456
4.456
4.456
4.456
4.456
4.456
4.456
4.456
4.401
4.26
4.26
4.26
4.26
4.26
4.26
4.26
4.26
4.26
4.26
4.26
4.26
4.26
4.266
4.26
4.26
4.26
4.26
4.26
4.26
4.26
4.26
4.26
4.26
4.26
4.26
4.266
4.26
4.266
4.26
4.26
4.26
4.26
4.26
4.26
4.26
4.26
4.26
4.26
4.26
4.26
4.26
4.26
4.26
4.26
4.26
4.26
4.26
4.26
4.26
4.26
4.26
4.242
4.248
4.248
4.102
4.065
4.065
4.065
4.065
4.065
4.065
4.065
4.065
4.065
4.163
4.242
4.138
4.163
4.26
4.254
4.156
4.132
4.065
4.224
4.236
4.236
4.242
4.242
4.242
4.242
4.236
4.242
4.236
4.242
4.23
4.248
4.175
4.114
4.163
4.059
4.065
4.065
4.047
4.218
4.248
4.242
4.242
4.248
4.279
4.242
4.242
4.224
4.236
4.26
4.144
4.114
4.26
4.108
4.254
4.254
4.26
4.26
4.26
4.254
4.254
4.254
4.26
4.254
4.254
4.254
4.254
4.236
4.12
4.23
4.187
4.254
4.254
4.114
4.132
4.187
4.254
4.254
4.254
4.254
4.156
4.169
4.254
4.254
4.254
4.254
4.254
4.254
4.254
4.254
4.254
4.254
4.254
4.254
4.254
4.254
4.254
4.254
4.254
4.254
4.254
4.254
4.254
4.254
4.254
4.254
4.242
4.254
4.242
4.254
4.254
4.254
4.254
4.254
4.254
4.254
4.254
4.254
4.254
4.26
4.26
4.254
4.254
4.254
4.254
4.254
4.254
4.254
4.254
4.236
4.059
4.187
4.254
4.26
4.254
4.254
4.254
4.26
4.254
4.254
4.254
4.254
4.26
4.254
4.254
4.254
4.254
4.254
4.254
4.254
4.254
4.254
4.254
4.254
4.254
4.254
4.254
4.254
4.254
4.254
4.254
4.254
4.254
4.254
4.254
4.254
4.254
4.254
4.254
4.254
4.254
4.254
4.254
4.254
4.254
4.352
4.449
4.346
4.254
4.254
4.254
4.254
4.254
4.254
4.254
4.254
4.254
4.254
4.254
4.26
4.26
4.26
4.26
4.26
4.26
4.26
4.26
4.26
4.26
4.26
4.26
4.26
4.26
4.26
4.26
4.26
4.26
4.26
4.26
4.26
4.26
4.26
4.26
4.26
4.26
4.26
4.26
4.26
4.26
4.26
4.26
4.26
4.26
4.26
4.26
4.26
4.26
4.26
4.26
4.26
4.26
4.26
4.26
4.26
4.26
4.26
4.26
4.26
4.26
4.26
4.26
4.26
4.26
4.26
4.26
4.26
4.26
4.26
4.26
4.26
4.26
4.26
4.26
4.26
4.26
4.26
4.26
4.26
4.26
4.26
4.26
4.26
4.26
4.26
4.26
4.26
4.26
4.26
4.26
4.26
4.26
4.26
4.26
4.26
4.26
4.254
4.26
4.254
4.26
4.26
4.26
4.26
4.26
4.26
4.26
4.254
4.26
4.254
4.26
4.26
4.169
4.065
4.059
4.12
4.132
4.163
4.254
4.254
4.23
4.126
4.065
4.175
4.254
4.254
4.26
4.254
4.254
4.077
4.065
4.083
4.242
4.242
4.242
4.242
4.236
4.236
4.236
4.236
4.242
4.218
4.242
4.242
4.236
4.26
4.254
4.254
4.254
4.26
4.254
4.254
4.254
4.181
4.095
4.26
4.26
4.254
4.26
4.254
4.254
4.254
4.254
4.254
4.254
4.224
4.12
4.065
4.065
4.065
4.065
4.065
4.065
4.187
4.254
4.254
4.254
4.254
4.254
4.254
4.254
4.254
4.254
4.254
4.248
4.254
4.254
4.254
4.254
4.254
4.254
4.248
4.248
4.254
4.254
4.254
4.248
4.254
4.254
4.254
4.254
4.254
4.254
4.254
4.254
4.254
4.254
4.254
4.248
4.254
4.254
4.248
4.254
4.065
4.059
4.059
4.169
4.254
4.254
4.163
4.059
4.169
4.254
4.254
4.254
4.095
4.059
4.089
4.089
4.059
4.059
4.059
4.199
4.254
4.254
4.254
4.254
4.254
4.26
4.26
4.254
4.254
4.254
4.254
4.254
4.254
4.254
4.254
4.254
4.254
4.254
4.254
4.254
4.254
4.254
4.254
4.254
4.254
4.254
4.254
4.254
4.254
4.26
4.254
4.254
4.254
4.254
4.254
4.254
4.26
4.254
4.254
4.254
4.26
4.254
4.254
4.254
4.26
4.254
4.26
4.26
4.26
4.26
4.26
4.26
4.26
4.26
4.26
4.26
4.26
4.26
4.26
4.26
4.26
4.26
4.26
4.26
4.37
4.443
4.443
4.443
4.443
4.443
4.437
4.443
4.346
4.26
4.26
4.26
4.26
4.26
4.26
4.26
4.26
4.26
4.26
4.26
4.26
4.26
4.26
4.26
4.26
4.26
4.26
4.26
4.26
4.26
4.26
4.26
4.26
4.26
4.26
4.26
4.26
4.26
4.26
4.26
4.26
4.26
4.26
4.26
4.26
4.26
4.291
4.449
4.449
4.456
4.456
4.456
4.449
4.449
4.456
4.449
4.449
4.449
4.456
4.449
4.449
4.449
4.456
4.449
4.449
4.449
4.449
4.449
4.449
4.456
4.456
4.456
4.456
4.449
4.382
4.26
4.26
4.26
4.26
4.413
4.279
4.26
4.26
4.26
4.26
4.26
4.26
4.26
4.26
4.26
4.26
4.26
4.26
4.254
4.254
4.187
4.224
4.23
4.254
4.138
4.065
4.065
4.065
4.065
4.065
4.065
4.144
4.065
4.193
4.254
4.254
4.218
4.071
4.199
4.065
4.175
4.254
4.254
4.26
4.254
4.254
4.254
4.254
4.254
4.254
4.254
4.254
4.254
4.254
4.254
4.254
4.279
4.254
4.254
4.254
4.224
4.163
4.156
4.26
4.26
4.254
4.254
4.254
4.254
4.254
4.254
4.254
4.254
4.254
4.254
4.254
4.254
4.254
4.132
4.12
4.071
4.211
4.102
4.175
4.254
4.248
4.248
4.248
4.248
