5.872
5.872
5.872
5.872
5.872
5.872
5.872
5.872
5.872
5.872
5.872
5.872
5.872
5.872
5.872
5.872
5.872
5.872
5.872
5.872
5.872
5.872
5.872
5.872
5.872
5.872
5.872
5.872
5.872
5.872
5.872
5.872
5.872
6.885
12.5
16.24
17.09
17.55
17.92
18.19
14.55
14.5
13.09
12.72
9.009
14.82
16.46
17.21
17.63
17.99
17.02
14.99
13.35
12.1
9.998
15.48
16.77
17.46
18.09
16.87
14.75
13.28
9.888
12.72
16.31
17.19
17.68
18.04
15.09
14.16
12.77
8.728
8.167
8.594
9.131
15.48
16.8
17.48
17.92
17.21
15.19
13.45
9.119
8.398
8.936
9.937
18.85
20.85
19.26
13.87
15.31
16.67
17.46
17.9
17.02
14.79
12.77
8.789
8.496
11.07
16.02
17.11
17.63
17.72
14.89
13.77
10.45
9.204
8.557
10.84
15.94
16.99
17.7
17.53
14.89
13.7
10.38
8.899
8.826
8.997
8.936
8.948
9.302
13.06
20.7
18.41
12.16
15.53
16.67
17.41
17.9
17.8
14.94
14.06
12.35
9.753
15.65
16.87
17.53
17.97
16.21
14.26
12.43
9.119
8.948
9.058
9.009
9.448
8.777
11.11
15.6
16.55
17.11
17.58
17.8
18.12
16.48
14.67
14.31
13.38
10.96
12.44
15.72
16.55
17.14
17.53
17.82
18.14
16.75
14.67
13.77
12.21
8.301
6.024
6.024
6.024
6.024
6.024
6.024
6.024
6.024
6.024
6.024
6.024
6.024
6.024
6.024
6.024
6.024
6.024
6.024
6.024
6.024
6.024
6.024
6.024
6.024
6.024
6.024
6.024
6.024
6.024
6.024
6.024
6.024
6.024
6.024
6.024
6.024
6.024
6.024
6.024
6.024
6.024
6.024
6.024
6.024
6.024
6.024
6.024
6.024
6.024
6.024
6.024
6.024
6.024
6.024
6.024
6.024
6.024
6.024
6.024
6.024
6.024
6.024
6.024
6.024
6.024
6.024
6.024
6.024
6.024
6.024
6.024
6.024
6.024
6.024
6.024
6.024
6.024
6.024
6.024
6.024
6.024
6.024
6.024
6.024
6.024
6.024
6.024
6.024
6.024
6.024
6.024
6.024
6.024
6.024
6.024
6.024
6.024
6.024
6.024
6.024
6.024
6.024
6.024
6.024
6.024
6.024
6.024
6.024
6.024
6.024
6.024
6.024
6.024
6.024
6.024
6.024
6.024
6.024
6.024
6.024
6.024
6.024
6.024
6.024
6.024
6.024
6.024
6.024
6.024
6.024
6.024
6.024
6.024
6.024
6.024
6.024
6.024
6.024
6.024
6.024
6.024
6.024
6.024
6.024
6.024
6.024
6.024
6.024
6.024
6.024
6.024
6.024
6.024
6.024
6.024
6.024
6.024
6.024
6.024
6.024
6.024
6.024
6.024
6.024
6.024
6.024
6.024
6.024
6.024
6.024
6.024
6.024
6.024
6.024
6.024
6.024
6.024
6.024
6.024
6.024
6.024
6.024
6.024
6.024
6.024
6.024
6.024
6.024
6.024
6.024
6.042
8.533
14.99
16.87
17.65
18.04
18.51
18.82
18.97
19.12
19.19
19.36
19.51
19.56
19.65
19.75
19.73
19.92
20.07
20.24
19.31
17.38
20.21
20.83
20.46
19.92
19.31
18.77
18.8
18.31
9.485
15.84
17.29
17.94
18.31
18.68
18.9
19.07
19.14
19.29
19.48
19.53
19.65
19.73
19.85
19.92
20.0
20.21
20.29
18.65
18.9
20.83
20.63
20.39
19.6
17.87
17.41
17.16
10.34
15.89
17.21
17.87
18.26
18.68
18.92
19.04
19.14
19.29
19.46
19.53
19.58
19.73
19.8
20.0
20.14
20.31
19.02
17.36
20.34
20.43
20.0
19.68
19.31
18.82
18.31
17.21
10.8
16.02
17.33
17.9
18.21
18.68
18.92
19.07
19.17
19.29
19.43
19.53
19.53
19.73
19.75
19.92
20.12
20.26
20.31
18.36
18.99
20.85
20.85
20.48
20.21
18.85
18.29
18.16
18.04
11.44
14.26
16.85
17.68
18.07
18.51
18.77
18.9
19.14
19.14
19.24
19.38
19.53
19.53
19.73
19.73
19.82
19.92
19.95
20.12
20.26
20.31
18.46
18.26
20.7
20.8
20.29
20.07
19.7
19.17
18.87
17.5
8.74
15.43
17.09
17.8
18.12
18.55
18.85
18.99
19.14
19.24
19.34
19.51
19.53
19.7
19.73
19.82
19.92
20.02
20.31
20.31
18.7
17.55
20.04
20.65
20.12
19.78
19.68
18.41
17.75
17.5
14.92
11.76
16.28
17.24
17.8
18.14
18.51
18.8
18.95
19.09
19.31
19.34
19.43
19.53
19.65
19.73
19.92
19.95
20.24
20.19
17.41
19.85
20.75
20.09
19.85
19.43
18.7
17.48
13.57
8.02
15.28
16.06
13.16
10.07
15.16
16.53
13.33
11.12
13.28
16.6
14.09
12.52
11.22
16.36
15.14
13.13
9.595
15.72
16.11
13.31
10.12
14.97
16.46
13.16
10.4
13.23
16.6
14.43
12.67
9.448
16.14
17.43
18.02
18.51
18.85
18.99
19.17
19.34
19.48
19.58
19.78
19.92
19.92
20.19
20.43
20.24
19.97
20.78
20.43
19.9
19.26
18.92
18.87
12.52
14.72
17.26
17.97
18.51
18.87
19.09
19.29
19.46
19.58
19.7
19.87
20.04
20.07
20.34
20.43
20.48
20.51
20.8
19.9
19.58
19.21
18.55
15.99
9.79
16.48
17.72
18.19
18.77
19.02
19.24
19.34
19.48
19.73
19.73
19.92
19.92
20.17
20.34
17.99
19.7
20.8
20.63
20.19
18.73
18.19
17.82
13.23
12.67
16.26
17.11
17.68
17.94
18.21
18.48
18.68
18.77
18.92
18.97
19.04
19.17
19.31
19.36
19.43
19.56
19.63
19.73
19.87
19.97
20.17
20.31
18.9
19.26
20.85
20.78
20.09
19.7
18.68
17.24
17.24
16.63
9.546
11.67
9.778
16.31
17.46
18.02
18.36
18.87
19.02
19.17
19.34
19.41
19.58
19.7
19.9
19.95
20.19
20.34
19.02
20.24
20.95
20.46
20.34
18.09
16.48
16.24
9.546
9.192
9.241
9.119
9.204
8.606
15.28
17.19
17.82
18.19
18.73
18.99
19.14
19.34
19.34
19.53
19.6
19.75
19.92
19.97
20.21
20.31
18.87
18.48
20.53
20.75
20.65
20.43
19.24
18.02
18.02
12.79
9.167
9.204
9.119
9.106
9.229
14.6
20.7
19.21
17.82
15.5
8.862
8.911
8.936
9.009
14.16
20.24
20.17
17.68
16.5
10.19
8.862
8.228
6.213
6.128
6.024
6.024
6.024
6.024
6.519
14.26
20.56
19.58
17.65
13.75
8.459
8.85
8.435
6.213
6.207
6.024
6.024
6.024
6.024
6.024
6.024
6.024
6.024
6.024
6.024
6.024
6.024
6.024
6.024
6.024
6.024
6.024
6.024
6.024
6.024
6.024
6.024
6.024
6.024
6.024
6.024
6.024
6.024
6.024
6.024
6.024
6.024
6.024
6.024
6.024
