0.0247
0.02604
0.0247
0.02737
0.0247
0.02737
0.0247
0.02604
0.0247
0.02737
0.0247
0.02861
0.0247
0.02737
0.02346
0.02737
0.02604
0.02737
0.0247
0.02737
0.0247
0.02737
0.02346
0.02737
0.02604
0.02604
0.0247
0.02604
0.0247
0.02604
0.0247
0.02737
0.02737
3.015
0.1081
3.998
21.97
21.26
19.51
18.41
16.43
15.55
17.48
19.02
18.8
16.02
17.65
18.85
12.07
12.74
13.38
13.09
10.16
16.02
18.16
16.24
17.07
19.58
19.43
20.41
19.19
18.97
9.778
10.08
16.06
16.55
15.55
14.75
8.643
13.43
11.89
12.5
17.72
19.78
22.02
22.83
22.83
21.78
23.41
18.31
17.65
19.6
17.48
10.16
12.0
13.77
16.16
16.09
15.09
15.75
11.61
14.06
23.39
24.54
23.54
23.66
23.51
22.29
13.18
26.27
24.02
16.8
15.45
16.38
15.28
15.45
16.14
15.43
15.67
20.58
20.7
21.24
9.18
26.42
24.34
23.49
25.2
24.34
23.88
21.58
26.17
24.02
12.02
17.36
15.89
15.36
13.09
17.48
16.31
17.53
18.99
19.29
12.55
19.48
20.17
19.9
16.63
9.924
19.41
23.88
23.46
21.88
22.34
24.15
20.02
24.37
24.66
18.55
17.21
17.36
16.94
14.58
18.29
19.82
22.05
22.09
13.53
15.33
13.75
19.75
20.8
24.17
25.1
23.71
22.05
14.43
8.423
17.11
18.19
15.11
10.63
15.94
13.18
18.07
22.12
21.41
22.71
13.87
13.89
19.65
22.49
20.97
11.32
0.7301
0.2811
0.02737
0.0247
0.02737
10.22
15.6
18.46
13.35
16.36
16.16
9.814
11.01
15.55
23.1
23.58
20.53
18.53
22.71
19.92
17.85
18.48
21.41
18.6
19.95
2.213
0.6325
0.09632
0.02861
12.34
13.01
11.65
11.23
19.8
18.87
16.46
15.14
14.04
11.87
13.13
12.79
14.77
17.09
15.53
16.09
17.26
3.723
0.5966
0.1133
0.0247
0.02604
0.0247
0.02737
11.02
13.4
14.53
13.31
14.14
14.72
17.8
15.77
16.33
15.82
12.4
15.23
19.6
19.34
18.77
12.45
15.53
4.138
0.1446
0.04559
0.02604
0.02737
0.02346
0.02737
11.72
14.36
13.33
12.18
15.8
13.5
11.55
12.04
13.16
17.9
16.31
17.92
19.17
20.07
18.55
13.6
14.04
10.25
0.194
0.09241
0.02604
0.02737
0.02413
0.0267
9.778
13.55
17.19
16.55
16.31
18.19
13.31
18.6
20.43
18.7
15.72
13.94
12.62
11.87
14.11
17.87
17.65
15.21
18.38
13.65
1.938
0.486
0.08984
0.02604
0.2747
12.55
12.62
13.18
16.8
17.65
16.92
19.65
12.55
14.26
15.89
15.14
11.87
12.52
14.7
14.87
14.72
14.89
15.92
4.437
0.5974
0.1341
0.0247
0.02737
0.02346
10.64
13.55
14.94
13.01
14.7
19.26
19.82
19.8
14.92
14.97
13.4
19.04
20.85
21.53
18.9
11.56
5.566
0.2655
0.06638
0.0247
0.02861
0.0247
0.02737
0.4112
16.87
15.01
12.08
14.7
13.45
16.72
16.5
15.11
14.99
10.68
15.89
18.53
22.88
22.31
16.43
16.94
15.28
15.97
15.41
7.471
19.41
17.21
17.8
17.21
17.9
17.58
17.53
18.29
20.36
21.46
21.14
21.66
21.75
19.31
18.6
20.21
20.14
21.19
22.09
22.44
20.39
17.65
16.72
18.75
17.7
18.09
17.68
17.04
19.6
19.21
19.97
20.53
20.34
15.92
14.75
16.97
20.87
11.49
8.789
12.74
18.58
9.18
9.009
10.88
7.91
9.07
19.75
17.97
5.359
13.96
10.94
7.08
14.09
4.181
15.72
22.46
21.58
20.51
20.26
23.36
26.81
25.54
25.44
24.63
23.46
23.14
21.95
21.61
21.19
20.34
23.75
23.95
22.19
21.34
21.63
21.19
20.12
21.29
19.04
18.43
18.82
18.97
19.17
14.09
12.43
12.06
19.6
19.75
9.875
9.607
16.75
9.082
14.01
10.67
8.215
9.814
10.18
10.99
14.94
11.3
8.96
5.664
5.328
12.3
13.79
5.804
3.079
23.9
21.44
19.85
17.82
17.33
17.72
20.39
22.56
22.41
21.41
20.65
21.26
22.17
20.95
19.41
20.12
21.63
22.12
21.02
22.14
23.07
23.49
23.14
22.68
22.61
21.88
21.22
21.58
22.8
22.36
3.68
4.022
13.13
13.55
16.46
11.79
4.315
11.66
6.787
13.48
11.02
6.372
2.335
12.77
13.35
16.11
14.21
5.975
4.004
15.99
6.799
3.079
4.865
8.911
14.7
13.65
7.654
18.85
19.36
18.7
19.17
19.36
20.26
19.29
21.36
20.65
19.95
16.92
23.56
26.07
25.93
26.9
29.05
28.76
28.08
29.05
28.32
27.98
28.52
27.98
27.1
26.66
27.39
16.41
9.436
15.77
31.01
14.94
10.51
9.57
11.57
8.276
5.115
2.264
5.798
6.042
6.787
5.45
1.526
3.375
1.575
1.309
3.18
1.511
2.264
6.494
2.209
5.273
4.688
1.459
0.6744
0.4456
0.3204
0.4974
0.6248
11.39
13.38
3.174
6.171
6.055
7.324
8.02
12.92
1.721
17.6
33.59
32.67
33.11
33.01
29.25
26.81
29.69
31.3
33.2
30.37
31.74
32.23
31.98
32.28
31.98
32.47
31.1
32.18
32.76
21.75
27.2
29.88
14.58
11.55
17.99
5.347
16.31
10.78
8.862
9.229
9.607
4.218
5.06
15.6
16.63
6.25
1.558
0.531
0.383
3.479
6.714
17.92
4.016
19.38
31.59
29.2
30.13
29.93
29.44
29.93
27.64
25.83
25.49
26.66
27.2
27.59
26.61
23.85
22.34
26.71
27.64
30.37
32.67
32.23
28.32
25.63
5.615
12.01
15.97
17.16
16.92
12.57
13.01
18.24
19.31
18.55
16.99
16.67
14.79
13.57
17.16
12.67
15.06
4.004
25.44
24.12
19.95
18.02
23.78
19.63
19.36
25.24
18.9
18.09
20.21
17.43
24.1
20.92
12.6
19.92
23.27
25.1
25.83
14.43
24.76
33.4
35.99
35.01
31.54
31.84
32.76
32.81
29.49
29.79
30.32
28.17
27.49
28.42
30.66
31.59
31.1
30.42
31.4
30.86
20.56
18.43
24.22
24.0
8.569
7.703
19.8
13.16
19.43
23.51
9.753
12.38
11.06
13.87
15.75
12.52
10.56
8.862
5.518
18.48
16.65
22.75
25.68
27.0
16.11
18.87
26.81
28.22
22.66
19.24
18.43
20.14
27.64
27.83
23.39
17.21
15.06
17.82
20.85
20.53
24.24
17.09
16.28
11.83
30.86
31.69
32.28
32.42
30.62
31.2
30.37
29.0
30.57
31.35
30.76
31.1
30.03
32.47
32.96
30.81
30.62
29.93
29.98
29.05
13.6
16.04
18.16
27.25
15.43
15.16
12.26
9.216
5.273
1.375
4.596
7.483
15.26
3.217
2.789
15.26
14.33
13.13
9.143
5.389
7.898
12.38
18.09
0.1902
0.2136
0.03386
0.03128
0.02346
2.295
20.97
25.49
25.83
26.51
18.38
18.21
15.21
18.8
17.8
17.24
