4.071
4.248
4.193
4.248
4.254
4.248
4.248
4.248
4.242
4.248
4.248
4.248
4.248
4.248
4.248
4.248
4.248
4.248
4.248
4.248
4.248
4.248
4.248
4.248
4.248
4.248
4.248
4.248
4.248
4.248
4.248
4.248
4.248
4.248
4.248
4.242
4.248
4.248
4.248
4.248
4.248
4.248
4.248
4.248
4.248
4.248
4.248
4.248
4.248
4.163
4.175
4.254
4.254
4.254
4.254
4.254
4.254
4.254
4.248
4.248
4.254
4.254
4.254
4.254
4.254
4.254
4.254
4.254
4.254
4.254
4.254
4.254
4.254
4.254
4.254
4.254
4.254
4.254
4.254
4.248
4.254
4.254
4.254
4.254
4.254
4.254
4.254
4.254
4.254
4.254
4.254
4.254
4.254
4.254
4.254
4.26
4.327
4.309
4.254
4.254
4.254
4.254
4.254
4.254
4.254
4.254
4.254
4.26
4.254
4.254
4.26
4.26
4.26
4.254
4.254
4.26
4.26
4.254
4.26
4.254
4.254
4.346
4.449
4.449
4.449
4.449
4.449
4.407
4.254
4.254
4.254
4.254
4.254
4.254
4.254
4.254
4.254
4.26
4.254
4.26
4.254
4.26
4.254
4.254
4.254
4.254
4.254
4.254
4.254
4.26
4.254
4.254
4.254
4.254
4.254
4.254
4.254
4.254
4.254
4.254
4.254
4.254
4.254
4.456
4.419
4.254
4.26
4.26
4.254
4.254
4.254
4.254
4.254
4.254
4.254
4.254
4.254
4.254
4.254
4.254
4.254
4.254
4.248
4.254
4.248
4.248
4.248
4.248
4.248
4.248
4.254
4.205
4.059
4.053
4.059
4.059
4.059
4.059
4.163
4.169
4.205
4.102
4.083
4.059
4.059
4.218
4.254
4.254
4.236
4.205
4.163
4.26
4.254
4.254
4.254
4.248
4.248
4.132
4.095
4.071
4.138
4.26
4.254
4.254
4.248
4.248
4.248
4.248
4.248
4.248
4.163
4.144
4.059
4.059
4.071
4.114
4.254
4.248
4.248
4.254
4.248
4.254
4.254
4.254
4.248
4.248
4.248
4.248
4.248
4.254
4.242
4.199
4.254
4.163
4.059
4.059
4.059
4.059
4.095
4.059
4.059
4.059
4.059
4.059
4.059
4.059
4.059
4.053
4.059
4.059
4.059
4.059
4.059
4.059
4.059
4.059
4.053
4.053
4.053
4.053
4.053
4.053
4.193
4.254
4.248
4.248
4.248
4.248
4.248
4.254
4.248
4.248
4.254
4.254
4.248
4.254
4.248
4.248
4.248
4.248
4.248
4.248
4.254
4.254
4.248
4.248
4.248
4.242
4.248
4.248
4.248
4.248
4.248
4.248
4.254
4.248
4.248
4.248
4.248
4.248
4.248
4.248
4.248
4.248
4.248
4.254
4.248
4.248
4.248
4.248
4.248
4.248
4.248
4.248
4.248
4.248
4.248
4.248
4.248
4.407
4.443
4.382
4.254
4.248
4.248
4.254
4.254
4.254
4.254
4.254
4.254
4.254
4.254
4.254
4.254
4.254
4.254
4.254
4.254
4.254
4.254
4.254
4.254
4.254
4.254
4.254
4.254
4.254
4.254
4.254
4.254
4.254
4.254
4.254
4.297
4.254
4.254
4.254
4.254
4.26
4.254
4.26
4.254
4.254
4.254
4.254
4.26
4.26
4.321
4.431
4.449
4.449
4.449
4.449
4.449
4.382
4.321
4.437
4.437
4.437
4.437
4.437
4.437
4.437
4.266
4.26
4.26
4.26
4.26
4.26
4.26
4.26
4.26
4.419
4.456
4.456
4.291
4.26
4.26
4.26
4.26
4.26
4.26
4.26
4.26
4.26
4.26
4.26
4.26
4.26
4.26
4.26
4.26
4.26
4.26
4.26
4.26
4.26
4.254
4.187
4.254
4.254
4.254
4.254
4.254
4.254
4.254
4.248
4.248
4.248
4.248
4.248
4.248
4.248
4.248
4.248
4.254
4.254
4.254
4.254
4.254
4.254
4.254
4.254
4.254
4.254
4.254
4.254
4.254
4.254
4.254
4.163
4.077
4.059
4.065
4.059
4.065
4.059
4.059
4.138
4.23
4.26
4.254
4.254
4.254
4.254
4.254
4.175
4.187
4.193
4.187
4.218
4.248
4.248
4.199
4.254
4.254
4.254
4.248
4.254
4.254
4.254
4.248
4.254
4.254
4.254
4.175
4.187
4.211
4.211
4.163
4.156
4.12
4.132
4.138
4.23
4.254
4.254
4.254
4.175
4.089
4.254
4.242
4.169
4.059
4.059
4.059
4.156
4.102
4.199
4.254
4.254
4.254
4.254
4.254
4.254
4.254
4.248
4.254
4.254
4.218
4.059
4.163
4.156
4.059
4.059
4.059
4.059
4.059
4.059
4.059
4.059
4.059
4.059
4.053
4.053
4.071
4.211
4.059
4.059
4.059
4.144
4.254
4.254
4.254
4.254
4.254
4.254
4.254
4.254
4.254
4.254
4.254
4.254
4.248
4.254
4.248
4.254
4.254
4.248
4.248
4.254
4.254
4.254
4.254
4.248
4.248
4.254
4.254
4.248
4.248
4.248
4.248
4.254
4.254
4.254
4.254
4.254
4.248
4.254
4.254
4.254
4.254
4.254
4.254
4.254
4.248
4.156
4.181
4.248
4.248
4.248
4.248
4.248
4.248
4.248
4.248
4.254
4.248
4.248
4.254
4.248
4.248
4.248
4.248
4.248
4.254
4.254
4.254
4.254
4.254
4.254
4.254
4.254
4.254
4.254
4.254
4.254
4.254
4.254
4.254
4.254
4.254
4.254
4.254
4.254
4.254
4.254
4.254
4.254
4.254
4.254
4.254
4.254
4.254
4.254
4.254
4.254
4.254
4.279
4.26
4.26
4.254
4.254
4.26
4.254
4.26
4.26
4.26
4.26
4.26
4.26
4.26
4.26
4.26
4.266
4.456
4.376
4.254
4.254
4.254
4.254
4.254
4.254
4.254
4.26
4.26
4.26
4.26
4.26
4.358
4.456
4.456
4.456
4.456
4.456
4.443
4.26
4.26
4.26
4.407
4.364
4.26
4.26
4.26
4.327
4.456
4.382
4.26
4.26
4.26
4.26
4.26
4.26
4.254
4.254
4.254
4.26
4.26
4.26
4.26
4.26
4.254
4.254
4.26
4.254
4.254
4.254
4.26
4.26
4.254
4.254
4.254
4.254
4.254
4.254
4.254
4.254
4.254
4.254
4.254
4.254
4.254
4.254
4.254
4.254
4.254
4.254
4.248
4.254
4.254
4.181
4.059
4.059
4.059
4.077
4.059
4.059
4.089
4.102
4.065
4.059
4.059
4.059
4.077
4.193
4.254
4.248
4.254
4.254
4.23
4.254
4.254
4.248
4.187
4.254
4.254
4.254
4.254
4.224
4.254
4.254
4.23
4.254
4.254
4.211
4.205
4.236
4.102
4.138
4.242
4.248
4.248
4.248
4.248
4.254
4.254
4.254
4.254
4.248
4.254
4.254
4.254
4.254
4.254
4.102
4.071
4.193
4.205
4.218
4.059
4.059
4.224
4.23
