17.38
18.63
16.94
16.24
18.7
19.19
19.17
19.58
20.73
20.78
18.29
17.8
20.04
19.07
18.21
17.77
18.09
19.04
16.65
17.87
17.48
17.16
17.21
15.58
17.77
19.78
19.65
18.95
21.02
20.85
20.39
16.99
17.02
19.34
15.55
15.43
17.97
18.46
19.7
19.53
17.6
18.77
18.07
19.65
20.07
19.04
17.02
17.8
17.21
20.24
17.75
16.77
20.21
17.8
18.95
19.24
16.16
17.19
18.09
15.33
19.7
18.8
16.48
17.41
18.19
20.41
17.77
18.38
16.77
16.19
16.19
16.43
16.94
18.07
15.84
16.87
15.28
16.02
17.72
18.82
16.31
16.31
17.16
17.99
14.53
14.55
15.09
16.33
17.24
19.12
20.48
23.02
19.34
19.56
20.43
16.77
17.75
16.94
15.58
16.33
16.94
17.97
19.6
20.46
19.63
19.17
18.26
17.85
17.29
16.38
18.07
18.41
17.75
18.29
19.78
19.65
19.58
18.58
17.92
18.33
18.9
19.34
19.09
18.12
16.65
16.16
17.65
19.51
20.9
18.58
17.07
18.53
17.75
16.82
19.21
18.97
18.46
18.77
17.75
17.41
18.24
17.46
19.95
20.92
19.85
19.04
17.41
16.55
17.16
19.56
19.95
18.07
19.19
18.58
17.41
19.14
19.31
17.92
16.99
16.63
17.99
20.58
17.16
16.36
16.99
18.9
19.56
16.09
19.07
19.9
19.63
17.68
18.04
18.6
18.26
18.26
17.72
18.09
17.41
15.45
19.12
16.6
15.43
17.7
17.43
17.6
20.02
15.06
14.18
15.94
17.53
18.31
15.97
14.31
16.31
17.68
19.21
14.43
14.06
15.41
16.43
16.87
17.46
18.29
17.97
18.33
19.56
16.89
16.16
18.07
15.62
14.58
17.7
19.56
17.55
17.36
15.84
15.36
19.21
21.0
17.5
17.65
16.46
15.97
17.85
18.02
18.58
17.41
16.85
16.63
15.84
17.82
18.65
18.51
17.68
15.16
17.68
15.89
17.09
17.19
18.99
18.85
16.28
16.77
18.04
15.77
15.65
15.48
17.48
16.94
17.92
18.85
19.21
19.9
16.5
17.09
17.99
18.24
17.29
17.7
19.75
16.63
17.31
17.6
19.63
18.41
17.46
17.82
20.09
18.95
18.9
16.82
14.67
16.11
18.6
18.99
18.73
17.38
17.72
19.92
19.97
18.97
20.0
18.6
17.82
19.34
18.9
16.8
19.41
19.29
18.65
17.14
18.6
18.77
16.77
18.04
18.41
18.99
19.21
21.68
16.21
15.41
15.84
17.7
20.14
18.82
17.46
20.92
18.36
18.97
18.21
17.8
20.14
16.5
17.46
17.19
17.41
17.94
18.9
18.07
18.58
16.06
15.94
17.31
18.53
20.51
22.09
21.36
19.7
17.6
17.63
17.65
17.94
18.73
20.43
20.65
20.17
19.75
18.68
19.75
19.29
18.33
15.8
13.96
15.89
17.33
18.97
19.07
20.29
20.73
20.92
20.31
20.36
17.5
18.14
16.7
17.43
17.26
18.85
17.26
17.07
19.02
18.38
17.9
16.55
17.82
19.9
18.26
19.58
18.14
17.33
16.43
16.24
18.85
18.38
18.87
17.97
15.77
16.38
16.89
18.33
19.8
22.75
17.19
15.21
15.65
18.75
18.95
22.34
21.7
17.97
17.94
14.99
16.28
17.48
19.07
21.22
21.46
19.09
19.02
17.43
17.04
17.6
19.46
19.17
18.24
18.26
19.75
17.77
19.82
18.48
18.26
18.33
18.99
17.92
21.41
18.9
14.97
17.48
15.82
20.19
18.75
17.99
15.6
17.82
18.21
16.24
18.33
18.07
20.17
16.26
18.41
21.34
16.14
15.43
15.89
18.77
15.8
16.19
18.38
17.58
15.82
15.33
15.45
17.21
17.29
19.17
16.55
17.14
15.65
15.01
15.82
17.04
17.8
17.58
16.97
16.55
18.77
19.24
19.43
15.89
15.67
17.04
19.43
18.31
17.63
19.85
18.43
16.85
17.68
19.97
15.87
17.09
18.75
18.48
18.85
16.41
15.36
16.11
16.92
19.51
22.29
17.97
16.31
17.07
16.14
19.24
20.04
21.53
17.9
16.58
19.65
16.77
16.06
17.07
20.56
17.82
15.92
17.87
18.31
17.65
17.68
20.04
18.41
19.29
17.6
17.31
19.56
18.95
16.75
16.24
19.46
19.43
20.14
23.44
19.34
21.97
20.48
18.97
20.09
16.26
17.75
19.24
19.24
20.04
21.48
21.68
17.5
18.29
18.53
17.5
19.07
20.9
19.85
18.58
18.24
20.36
19.34
19.26
18.65
19.41
20.92
20.9
19.8
18.87
17.85
18.16
20.19
18.09
19.26
19.51
24.9
19.56
19.73
19.6
21.09
17.92
18.55
20.83
17.36
16.65
17.55
16.75
15.65
17.55
17.94
18.95
16.87
16.75
17.7
18.36
18.46
17.21
16.77
17.97
19.14
19.34
16.97
18.46
21.12
19.63
15.06
14.94
15.43
16.58
17.97
20.02
19.6
20.31
21.88
21.68
18.43
17.14
17.31
19.36
18.29
19.38
21.17
22.49
22.22
20.04
19.14
18.46
20.78
19.58
16.55
13.84
15.23
17.58
16.04
18.41
17.77
17.04
17.6
20.43
17.68
18.75
18.6
17.65
20.34
15.84
17.04
17.29
17.5
17.31
18.82
19.58
19.7
20.21
17.46
19.34
18.48
16.89
17.5
15.77
17.68
18.38
16.53
21.07
18.36
19.56
19.9
18.9
17.99
18.41
16.43
15.89
19.65
19.46
19.29
20.68
20.97
16.97
16.36
19.97
19.75
20.73
21.8
21.51
21.31
18.41
20.53
21.31
18.73
20.19
20.68
21.04
20.02
20.85
17.9
17.21
20.07
22.27
21.24
19.68
21.29
20.39
20.07
19.07
17.92
22.44
18.12
17.07
19.6
21.56
22.36
21.85
17.94
19.14
20.39
18.12
17.8
19.17
19.9
16.94
18.26
20.48
19.9
20.12
18.95
18.36
19.97
20.31
20.09
19.58
23.07
22.07
20.48
18.14
18.7
18.38
18.68
21.19
18.99
19.51
19.82
