23.46
19.46
24.49
19.19
23.12
18.63
23.1
19.41
23.73
21.66
25.54
19.36
23.66
19.31
23.19
17.99
22.05
18.38
22.14
18.53
22.22
17.9
21.92
18.16
22.31
18.8
22.68
18.16
22.36
17.82
21.7
18.29
22.85
18.41
22.68
18.38
23.14
18.26
22.66
18.8
23.12
18.38
21.66
18.02
22.09
17.94
22.63
17.75
22.51
18.07
27.78
24.19
25.24
19.24
24.02
18.9
26.9
18.85
22.05
17.8
22.12
18.33
22.09
18.04
27.25
21.34
21.95
17.19
22.27
17.6
21.44
17.36
22.07
18.24
21.48
16.85
21.14
16.48
21.51
17.16
22.36
15.94
20.31
16.67
20.46
16.7
20.24
15.87
19.8
15.65
20.39
16.97
20.02
16.24
19.97
16.67
20.8
16.19
20.19
16.16
19.75
18.53
23.78
16.99
20.07
14.99
19.63
15.99
19.8
15.41
19.51
15.14
18.95
14.99
18.95
15.14
19.12
14.99
20.48
16.26
19.21
16.04
21.7
17.21
20.73
14.72
19.29
15.5
19.85
18.38
20.87
17.99
18.33
14.26
18.21
14.16
14.53
18.09
14.23
14.01
28.91
19.78
15.55
19.46
14.65
18.53
14.84
22.88
18.77
21.39
19.68
22.51
20.17
21.34
17.9
24.22
19.26
21.04
16.53
21.61
19.07
24.44
19.82
27.29
19.12
22.53
21.88
27.64
20.78
22.17
18.6
22.66
19.43
23.61
19.12
22.9
16.99
21.46
17.46
21.29
17.87
21.56
18.58
21.78
18.6
21.56
17.72
22.31
19.43
20.78
18.16
22.68
17.72
21.95
16.55
21.44
20.95
23.68
18.14
21.48
18.21
23.88
19.82
22.36
20.02
23.44
21.09
26.51
20.34
24.76
19.65
22.9
20.02
24.24
18.43
23.49
20.68
22.63
18.73
22.63
18.07
22.24
20.75
25.29
17.85
25.68
20.65
24.58
21.14
23.02
20.21
24.93
21.17
23.93
22.14
25.1
22.22
27.1
24.54
25.83
23.49
28.61
22.27
26.81
23.54
25.88
21.95
24.93
22.36
25.39
22.41
24.88
23.34
27.39
23.54
26.81
24.19
29.25
25.63
30.47
25.98
30.03
29.64
30.52
24.88
27.73
23.85
27.69
24.8
28.47
28.66
32.91
28.81
30.57
23.66
28.37
25.88
28.47
27.05
30.22
26.56
31.01
29.25
28.47
26.46
32.52
27.1
30.57
26.03
28.17
24.98
28.61
25.49
29.0
25.15
28.12
25.0
28.22
23.75
26.22
22.49
24.85
21.97
25.15
22.36
25.05
22.17
25.54
21.56
24.37
21.0
24.37
21.83
25.34
21.92
25.68
22.02
28.52
22.31
25.63
23.12
26.81
23.1
26.27
22.49
26.27
23.14
24.88
22.46
25.2
22.29
25.49
21.88
25.05
21.22
26.12
22.02
26.03
24.12
26.76
21.56
23.1
20.21
23.39
23.49
24.98
20.92
23.22
20.95
26.66
22.51
22.92
20.85
23.56
19.75
21.85
20.8
23.75
21.07
22.95
20.51
22.29
19.19
21.88
18.92
21.97
21.17
22.31
20.21
21.56
19.56
21.09
19.85
24.85
20.09
22.02
19.41
21.0
18.99
21.29
17.7
20.95
18.92
21.29
18.87
21.14
18.55
18.7
16.58
18.55
17.46
19.48
17.77
20.53
18.99
20.63
18.63
20.53
18.82
19.97
17.92
20.14
18.77
20.53
18.14
20.68
18.33
20.34
20.26
20.7
18.92
21.19
19.82
21.83
19.29
23.83
25.68
25.78
24.39
23.0
20.53
22.83
20.07
21.44
24.27
26.66
22.31
24.12
20.75
23.12
20.7
21.75
19.95
21.85
19.53
21.51
19.9
21.9
20.26
22.97
22.53
23.36
21.83
23.17
22.31
26.51
27.15
25.73
28.32
26.03
24.27
29.39
24.8
25.88
22.71
25.83
24.49
28.71
25.34
27.59
25.34
26.37
23.32
25.29
24.34
26.76
25.63
26.86
25.2
26.51
26.22
29.3
27.39
27.15
25.39
28.32
26.22
26.9
26.81
27.54
25.49
28.66
27.49
32.62
26.66
29.35
26.27
32.96
31.93
33.84
28.66
29.49
29.79
33.25
27.88
29.2
28.56
31.1
25.78
28.91
25.78
29.2
24.44
28.12
25.63
27.83
23.9
24.83
22.14
25.39
23.49
26.07
24.56
27.69
25.29
29.15
24.07
25.59
23.27
25.73
23.61
26.51
22.83
26.56
22.41
26.66
24.46
23.36
20.39
23.32
20.29
23.88
20.12
23.51
21.04
23.95
21.12
23.22
20.87
24.49
24.78
25.15
22.39
25.2
22.24
25.83
22.53
25.15
23.19
26.42
23.29
26.9
23.8
27.15
29.54
28.52
25.78
31.64
30.52
32.03
28.71
31.74
25.78
26.95
24.07
28.03
25.05
28.27
23.51
27.05
22.66
27.49
23.34
28.81
22.22
26.32
27.49
28.12
21.51
24.78
21.8
24.07
20.68
25.0
21.73
24.29
23.32
23.17
21.02
24.19
22.22
21.17
20.07
23.34
19.12
23.17
19.26
24.9
21.0
25.34
22.36
26.17
22.44
23.56
19.73
26.32
21.44
22.53
19.7
23.63
18.99
22.53
20.73
26.03
20.58
21.88
20.8
25.73
20.75
23.93
21.95
24.9
19.85
22.73
20.65
23.12
23.0
17.48
15.23
28.52
17.87
19.97
20.83
24.02
21.75
23.66
19.92
25.2
21.48
24.32
26.37
26.27
20.9
22.0
21.14
21.53
18.87
21.78
18.36
22.0
19.34
21.41
18.38
22.44
18.16
21.53
16.82
20.83
17.29
20.92
17.9
21.9
18.07
22.39
21.34
25.1
21.41
23.51
18.85
22.53
21.58
22.39
20.34
26.71
21.66
21.83
21.53
21.83
18.43
20.53
17.63
23.58
19.56
21.66
18.85
21.12
17.48
20.97
18.19
20.58
17.75
20.73
17.48
20.8
17.38
20.87
15.65
19.38
16.65
20.51
16.02
20.36
17.07
19.48
16.16
21.61
19.02
23.22
20.19
22.34
19.6
23.61
21.07
28.56
18.99
23.41
18.65
22.39
19.75
21.88
19.21
25.88
16.11
18.9
17.24
21.41
17.19
21.17
17.24
21.22
17.31
24.61
19.29
22.0
18.46
23.32
23.17
23.95
21.9
27.73
24.68
24.22
19.41
21.58
18.63
23.39
20.58
23.1
18.75
23.12
19.21
21.39
18.16
23.36
20.73
23.97
22.09
23.73
22.73
23.22
21.97
27.0
21.17
25.44
19.21
23.29
20.09
23.78
20.39
23.93
23.24
28.61
26.22
24.56
21.39
26.9
22.8
27.64
24.32
27.2
24.51
27.78
25.1
28.61
25.88
29.2
25.44
27.83
25.05
28.56
28.12
30.37
25.93
29.83
24.51
27.64
24.8
29.1
24.41
29.0
25.34
28.47
25.39
28.03
26.61
31.1
27.69
29.3
24.76
29.2
24.05
32.23
26.86
25.44
24.1
26.51
22.75
27.73
22.88
28.86
25.2
25.73
23.05
25.73
23.05
26.37
22.09
26.22
22.58
25.59
23.29
27.93
20.87
24.71
19.8
24.46
20.78
27.1
21.44
24.46
21.51
24.32
21.22
