0.0
9.537e-05
0.0
0.0
0.0
0.0
0.0
0.0
0.0
0.0
0.0
0.0
0.0
0.0
0.0
0.0
0.0
0.0
0.0
0.0
0.0
0.0
0.0
0.0
0.0
0.0
0.0
0.0
0.0
0.0
0.0
0.0
0.01202
0.3551
1.122
0.9552
0.8804
1.006
1.053
1.062
0.8133
0.9628
4.791
3.156
4.327
2.39
1.369
0.1768
0.111
0.4791
0.2377
0.2243
0.4921
0.1894
0.1083
0.4707
0.4089
0.2342
0.07925
0.1036
0.4333
0.2098
0.4425
0.972
1.01
0.9705
1.05
1.247
1.207
4.535
4.309
3.955
0.7248
0.3529
0.312
0.3834
0.1631
0.3479
0.8331
0.975
1.093
1.273
1.176
2.332
4.565
4.675
1.709
0.3799
0.6775
0.8057
0.8331
1.147
1.196
1.437
2.353
4.114
2.249
3.021
1.381
0.6454
0.65
1.186
1.064
1.039
1.042
1.096
2.167
4.608
1.782
4.12
1.758
0.01574
0.0
0.4257
0.9674
1.271
1.111
1.181
1.027
3.186
3.613
3.339
2.594
0.7301
0.631
0.3098
0.8438
1.112
1.189
1.323
1.37
1.743
5.121
1.617
4.083
1.335
0.1055
0.631
1.016
1.044
1.065
0.9781
0.7889
0.7462
1.874
3.192
3.607
3.314
3.098
1.34
0.6943
0.5829
0.6432
0.882
0.8316
0.856
0.8362
0.7759
0.7454
2.679
3.717
3.061
2.008
1.84
0.7301
0.3418
0.2441
0.5493
0.6355
0.753
0.695
0.7919
0.8606
0.8499
1.003
3.668
4.382
3.967
2.316
1.95
0.8179
0.341
0.2342
0.05379
0.07296
0.04921
0.2602
0.157
0.1823
0.5707
0.4074
0.08516
0.05608
0.2289
0.08307
0.2022
0.2048
0.5028
0.3788
0.3719
0.07162
0.08678
0.06981
0.383
0.4227
0.3716
0.05817
0.06361
0.05379
0.2064
0.09117
0.07067
0.5936
0.2659
0.1303
0.0003815
0.3902
0.3452
0.3082
0.3288
0.3975
0.2991
0.2846
0.4814
0.2968
0.5516
0.1938
0.05884
0.07715
0.06094
0.3479
0.01831
0.0
9.537e-05
0.0
0.1165
0.1425
0.2968
0.3761
0.2216
0.1383
0.07725
0.222
0.1301
0.4028
0.4547
0.4715
0.2651
0.4036
0.3399
0.07677
0.08316
0.0659
0.2285
0.2483
0.1863
0.09069
0.05655
0.1991
0.1493
0.6317
0.2419
0.499
0.1205
0.07858
0.05789
0.2476
0.05922
0.2537
0.3117
0.2563
0.2396
0.7164
0.3151
0.2209
0.04616
0.07715
0.05798
0.296
0.002384
0.0
0.0
0.0
0.1524
0.2369
0.5783
0.7225
0.6821
0.1114
0.09861
0.2098
0.4211
0.4974
0.3807
0.2735
0.3914
0.4135
0.5722
0.2945
0.1019
0.115
0.4654
0.1873
0.09508
0.2129
0.2094
0.0002861
0.4387
0.309
0.769
0.1804
0.3208
0.4204
0.2781
0.5516
0.1087
0.08583
0.07677
0.4868
0.2636
0.2472
0.6439
0.3754
0.3384
0.3151
0.2872
0.05941
0.1015
0.2529
0.08192
0.0006676
0.181
0.2827
0.2914
0.05503
0.09146
0.1453
0.4845
0.2228
0.5646
0.07877
0.1078
0.4272
0.1663
0.1863
9.537e-05
0.3262
0.1945
0.09804
0.1015
0.5409
0.0007629
0.0001907
0.0
0.0
0.2289
0.2628
0.3147
0.7767
0.7217
0.2228
0.08717
0.05121
0.2495
0.2151
0.2453
0.1501
0.4845
0.0782
0.102
0.4745
0.6706
0.2262
0.7263
0.2296
0.3902
0.1453
0.1238
0.1196
0.5943
0.3021
0.766
0.7812
0.7545
0.7805
1.022
0.9827
0.9964
0.9171
0.8362
0.9308
0.9903
1.019
1.03
0.8865
0.7362
0.8133
0.827
0.7248
0.8209
1.039
1.138
0.8926
0.8316
0.8194
0.7668
0.9827
1.071
1.152
1.096
1.125
1.198
4.48
4.01
4.321
9.167
5.853
9.534
5.676
7.654
5.566
7.727
9.192
5.127
6.763
6.604
6.641
5.054
6.47
5.42
2.686
0.9094
2.472
0.5577
0.4364
0.6073
0.8224
0.9293
1.003
1.048
1.086
1.1
0.8652
0.795
0.7034
0.6432
0.7217
0.7553
0.6622
0.6866
0.6882
0.8133
0.8743
0.8102
0.7996
0.6958
0.7935
0.856
0.8377
0.8316
0.824
1.001
0.8194
0.7706
0.8179
0.8606
2.951
3.326
3.192
3.015
3.387
5.457
5.298
7.812
6.421
7.446
6.909
6.812
8.838
7.617
6.323
5.347
6.006
4.23
6.36
6.519
4.62
4.7
4.541
2.094
1.427
1.746
0.1722
0.7393
0.7454
0.7904
0.8301
1.299
0.8957
0.972
0.8804
0.9216
0.7004
0.8011
0.7607
0.8362
0.7484
0.753
1.019
0.8835
0.6836
0.6989
0.7828
0.6607
0.6325
0.6119
0.602
0.7164
0.8408
0.8194
0.8942
0.8133
0.666
0.6187
0.8087
0.7797
0.8255
0.6676
0.8194
4.321
4.083
4.706
5.859
8.618
9.583
8.948
9.082
8.472
8.179
7.104
3.723
8.74
5.444
6.665
4.535
4.718
5.646
5.231
0.8911
2.667
0.3464
0.6302
0.7599
0.6943
0.7858
3.156
5.145
3.021
2.197
2.097
0.5211
0.1284
0.08726
0.3338
0.08993
0.5638
0.6554
0.4951
1.767
3.558
2.56
2.139
1.329
0.1293
0.2846
0.5646
0.6561
2.136
3.247
1.685
0.5737
0.4303
0.882
0.9628
1.01
1.068
1.074
1.054
1.212
1.187
1.157
1.102
1.01
0.8209
0.9079
1.1
1.123
1.035
1.117
1.205
0.9079
0.8072
0.7629
0.7683
0.6943
0.6386
0.7874
0.9079
4.669
4.913
4.98
9.631
8.228
9.448
10.11
9.131
9.033
5.688
5.414
7.788
5.078
4.48
5.438
6.122
4.681
7.239
2.948
1.981
1.125
0.1825
0.7408
0.8499
0.9369
1.08
1.036
1.242
1.109
1.109
1.26
1.3
1.219
1.129
1.273
1.158
1.302
1.346
1.25
1.244
1.266
1.057
1.12
1.355
1.067
4.669
3.821
4.755
7.971
8.972
9.473
4.706
8.325
9.253
7.544
7.117
7.703
7.825
5.75
6.299
6.274
6.433
2.924
1.033
2.197
0.06571
0.8072
0.9628
1.044
1.094
0.9964
1.126
1.12
1.009
1.007
1.154
1.12
0.9384
0.9094
0.853
0.8621
0.7744
0.8835
0.9277
0.9171
0.9171
0.9964
0.9399
1.051
1.083
1.036
0.9338
0.885
3.006
3.833
4.7
3.406
6.726
8.411
8.838
8.057
9.094
7.495
8.484
6.104
7.886
7.019
5.969
5.823
5.92
6.244
5.988
1.37
2.573
0.563
0.8194
0.592
1.34
1.074
0.5424
0.6889
0.8148
0.8423
0.2636
0.1747
0.09527
0.3132
0.2312
0.104
0.214
0.05941
0.07763
0.206
0.4509
0.4951
0.515
0.4761
0.351
0.4944
0.7401
0.5272
0.4166
0.7164
0.165
0.7965
0.272
0.8499
0.2796
0.05217
0.07906
0.07753
0.248
0.6195
0.2193
0.7782
0.8331
0.8743
1.007
0.9659
0.8621
0.7416
0.7179
0.6615
0.8011
0.8194
0.7935
0.8362
0.9628
0.9415
0.9857
0.7446
0.6615
0.4982
0.5806
0.6699
0.7004
0.7416
0.7004
0.6981
0.6477
0.6828
0.6424
0.7004
0.7729
0.7095
0.6714
0.5882
0.6859
1.773
3.577
3.912
4.51
3.632
3.894
3.528
7.556
8.484
6.665
6.506
8.057
7.104
6.763
5.774
7.544
7.117
6.287
5.481
3.21
5.75
5.621
2.383
2.118
0.8911
0.001621
0.0
9.537e-05
0.0145
0.6737
0.1379
0.8743
0.8438
0.2068
0.6691
0.2132
0.04892
0.07029
0.06008
0.2819
