0.0
0.07639
0.001717
0.03052
0.7935
0.359
0.4517
0.5119
0.528
0.5249
0.9979
0.6958
0.5768
0.499
0.5188
0.4494
0.7126
0.4936
0.5997
0.5394
0.4662
0.3605
0.4707
0.7454
0.4669
0.3002
0.6638
0.7217
0.7545
0.7721
0.5783
0.6989
0.631
0.444
0.7294
0.856
0.6523
0.6866
0.5676
0.5943
0.3048
0.4486
0.7332
0.5798
0.6691
0.6203
0.4745
0.8545
0.5669
0.7767
0.3906
0.3777
0.7042
0.9567
0.7141
0.631
0.6821
0.8041
0.8041
0.8865
0.7233
0.6927
0.6264
0.6203
0.5859
0.7233
0.7225
0.6714
0.6897
0.489
0.2457
0.5386
0.6012
0.47
0.6409
0.3647
0.6233
0.186
0.2834
0.3922
0.3914
0.457
0.6569
0.4776
0.5989
0.5234
0.3201
0.3643
0.5043
0.4417
0.5356
0.2327
0.5028
0.502
0.4059
0.2186
0.3788
0.7133
0.4044
0.6561
0.4349
0.4593
0.341
0.2365
0.251
0.1778
0.4387
0.47
0.6538
0.4097
0.6241
0.4379
0.5974
0.6569
0.3899
0.3754
0.5264
0.5478
0.428
0.5127
0.4272
0.6538
0.5791
0.5714
0.3323
0.2872
0.6721
0.7591
0.634
0.4669
0.6859
0.5829
0.6874
0.5424
0.5295
0.502
0.4509
0.4585
0.4669
0.5905
0.4959
0.3025
0.5402
0.5943
0.8362
0.7118
0.7713
0.5066
0.6897
0.7172
0.6653
0.7248
0.4173
0.6493
0.9415
0.6935
0.9796
0.605
0.602
0.441
0.415
0.3815
0.4974
0.6393
0.6302
0.6104
0.6187
0.4883
0.6592
0.4562
0.6493
0.3792
0.5547
0.6836
0.3315
0.4112
0.6691
0.4539
0.7507
0.5478
0.3578
0.563
0.6317
