0.0
0.0
0.0
0.0
0.0
0.0
0.0
0.0
0.0
0.0
0.0
9.537e-05
0.0
0.0
0.0
0.0
0.0
9.537e-05
0.0
0.0
0.0
0.0
0.0
0.0
0.0
0.0
0.0
0.0
0.0
0.0
0.0
0.0
0.0
0.03233
0.2659
0.1612
0.2728
0.1493
0.1904
0.2357
0.0001907
0.0
0.0
0.004578
0.238
0.3086
0.1453
0.2686
0.1249
0.1181
0.2243
0.1301
0.1776
0.2308
0.1863
0.107
0.1076
0.235
0.1375
0.4562
0.4105
0.007057
0.05322
0.04702
0.02327
0.05121
0.0349
0.01659
0.3826
0.04883
0.009823
0.005722
0.01011
0.04444
1.012
0.3433
0.4784
0.1472
0.1537
0.1938
0.1925
0.1957
0.1877
0.1972
0.1972
0.1972
0.1642
0.1858
0.2499
0.2174
0.1999
0.1915
0.1749
0.1534
0.1375
0.1469
0.1478
0.1553
0.5875
1.027
0.7858
0.5051
0.5531
0.1692
0.176
0.219
0.1886
0.2407
0.8865
0.8377
0.737
0.531
0.2323
0.2296
0.2907
0.2605
0.2739
0.288
0.2613
0.2499
0.2449
0.378
0.4204
0.6004
0.1938
0.259
0.1141
0.01612
0.0124
2.475
3.888
5.597
4.315
4.541
2.966
1.44
0.04435
0.1354
0.6294
0.09489
0.02184
0.06132
0.04539
0.0411
0.05598
0.3227
0.0473
0.008202
0.01411
0.002384
1.018
0.563
0.4227
0.1968
0.2037
0.201
0.2945
0.2628
0.1865
0.1616
0.1667
0.1431
0.1402
0.1863
0.1991
0.1999
0.2319
0.209
0.2033
0.161
0.1684
0.1833
0.2129
0.5478
0.5638
0.853
0.9109
0.563
0.2914
0.7172
1.129
1.242
0.4471
0.4753
0.56
0.5798
0.7187
0.9338
0.7195
0.457
0.09565
0.1724
0.02165
0.1064
0.01535
0.01364
0.007629
1.657
3.394
5.444
3.253
2.832
2.56
3.619
0.3323
0.03786
0.3613
0.4761
0.04911
0.06351
0.0433
0.3448
0.219
0.01011
0.0123
0.01068
1.077
0.4265
0.3857
0.1694
0.2026
0.2373
0.2964
0.2117
0.2193
0.2029
0.2262
0.2651
0.2193
0.1991
0.1833
0.2052
0.2346
0.2773
0.375
1.089
1.228
0.9949
0.4562
0.9384
1.17
0.9094
0.351
0.3174
0.2583
0.2422
0.3162
0.4402
0.4448
0.5348
0.7141
0.6607
0.7904
0.3841
0.008106
0.006294
0.008202
5.231
4.333
3.949
3.265
3.65
2.46
0.0008583
0.04539
0.5859
0.2014
0.02956
0.06189
0.04358
0.04559
0.317
0.3109
0.02651
0.008583
0.01612
0.0536
1.108
0.5966
0.3868
0.2815
0.3418
0.2819
0.3262
0.2384
0.2522
0.2556
0.2705
0.2388
0.2399
0.23
0.2651
0.3765
0.8636
1.08
0.7736
0.6088
0.3811
0.5173
0.975
1.189
0.7286
0.6172
0.6042
1.184
0.6721
0.972
1.044
0.9827
0.7462
0.02184
0.06971
0.02813
0.9415
3.174
5.139
4.028
3.754
3.967
2.478
0.03481
0.001526
0.00124
0.0
0.0003815
0.0
0.0
0.0001907
0.0
0.0
0.0
0.0
0.0
0.0009537
0.0
0.0
0.0
0.0
0.0
0.0
0.0
0.0
0.0
9.537e-05
0.0
0.0
0.0
0.0
0.0
0.0
0.0
0.0
0.0
0.0
0.0
0.0
0.0002861
0.0
0.0
0.0
0.0
0.0
0.0
0.0
0.0
0.0
0.0
9.537e-05
9.537e-05
0.0
0.0
9.537e-05
0.0
0.0
0.0
9.537e-05
0.0
0.0
0.0
0.0001907
0.0
0.0001907
0.0
0.0002861
0.0
0.0
0.0003815
0.0
0.0
0.0
9.537e-05
0.0
0.0
0.0003815
0.0
0.0001907
0.0
0.0
0.0
0.0
0.0
0.0001907
0.0
0.0
0.0
0.0
0.0
0.0
9.537e-05
0.0
0.0
0.0
0.0
0.0001907
0.0
0.0
0.0
0.0
0.05436
0.8499
0.2895
0.3365
0.2888
0.4005
0.1814
0.1688
0.2293
0.2705
0.3117
0.3025
0.3376
0.2834
0.2739
0.2701
0.1879
0.2117
0.206
0.1898
0.1711
0.1656
0.1987
0.2033
0.1961
0.2186
0.2567
0.2399
0.2468
0.2316
0.1781
0.1987
0.2151
0.1865
0.2121
1.057
0.5272
0.1856
0.9781
0.6653
0.679
0.9796
0.7828
0.6859
0.6386
0.2216
0.2243
0.2365
0.2499
0.2548
0.2441
0.2403
0.2308
0.2411
0.3391
0.219
0.08459
0.08602
0.09089
0.1345
0.1177
0.1261
3.406
7.69
7.507
2.493
0.02985
2.798
0.1863
0.007629
0.0186
0.8194
0.3212
0.2216
0.2087
0.2518
0.1909
0.3529
0.1915
0.1905
0.1919
0.1612
0.2094
0.2716
0.3521
0.3254
0.3189
0.3082
0.2365
0.2522
0.1753
0.182
0.2132
0.1455
0.1686
0.2331
0.2136
0.1991
0.2083
0.1976
0.2426
0.1867
0.1925
0.1797
0.1755
0.1451
0.1539
0.1659
0.1778
0.6195
0.5493
0.2129
0.4051
0.4799
0.6981
0.795
1.025
1.074
0.6912
0.1873
0.23
0.1926
0.1965
0.1917
0.2068
0.2277
0.3578
0.07792
0.07725
0.08278
0.1034
0.1108
0.1347
0.2365
7.202
7.385
6.958
0.5196
0.035
0.02384
0.1833
2.625
0.01783
0.01583
0.6943
0.5432
0.3265
0.3223
0.1831
0.3769
0.2022
0.1585
0.181
0.2453
0.3536
0.3094
0.4227
0.301
0.2602
0.1987
0.1825
0.2045
0.1736
0.201
0.2575
0.1945
0.1909
0.1814
0.1991
0.2525
0.1965
0.1759
0.2289
0.1539
0.1913
0.243
0.1591
0.2075
0.2209
0.375
0.9964
0.7362
0.7317
2.24
1.39
0.5272
0.3273
0.3162
0.3471
0.3242
0.3185
0.428
0.3632
0.1743
0.2396
0.2548
0.2659
2.582
7.971
7.922
3.29
2.652
0.2781
0.001049
0.001621
0.0
0.0
0.0
0.0
0.0
0.0
9.537e-05
0.0
0.0
0.0
0.0
9.537e-05
0.0
0.0
0.01287
0.6912
0.4372
0.2842
0.3082
0.3822
0.2487
0.2277
0.1942
0.3471
0.3479
0.3044
0.3437
0.2769
0.3044
0.2827
0.2117
0.2586
0.2434
0.2338
0.2743
0.2743
0.3002
0.2811
0.2781
0.2548
0.209
0.2499
0.2262
0.2647
0.2987
0.9644
0.3124
0.56
1.26
1.373
1.755
0.3529
0.3414
0.3746
0.4074
0.3716
0.3674
0.3834
0.3716
0.2792
0.1427
0.1711
0.1972
0.2205
0.06037
2.673
7.654
7.117
4.553
1.555
0.0391
0.01459
0.09356
0.8881
0.3075
0.3407
0.3868
0.2354
0.2232
0.3452
0.4181
0.3902
0.3841
0.3666
0.2407
0.2438
0.2171
0.2224
0.2186
0.2052
0.2094
0.2121
0.2213
0.2647
0.2174
0.2285
0.2251
0.6134
0.6721
1.031
2.115
1.718
0.4433
0.3387
0.3738
0.3597
0.3628
0.4143
0.3811
0.4456
0.3616
0.6096
0.2079
0.1497
0.01354
0.01574
0.01917
5.682
7.935
8.777
2.307
0.03805
0.003338
0.0
0.0
0.4021
0.1234
0.2087
0.2316
0.1509
0.325
0.1543
0.2125
0.3139
0.4074
0.4074
0.3868
0.3418
0.2819
0.2319
0.3044
0.3002
0.2625
0.2697
0.227
0.2666
0.5417
1.508
2.069
1.21
0.5981
0.4379
0.4646
0.5508
0.5898
0.8606
0.8484
0.6821
0.1987
0.01307
0.5493
7.373
7.605
6.824
1.306
0.005341
0.1123
0.7767
0.3105
0.3506
0.4868
0.7507
0.4631
0.5074
0.4784
0.338
0.248
0.2598
0.2304
0.2335
0.2655
0.2365
0.2808
0.2556
0.2617
0.9125
1.712
1.608
1.566
0.4166
0.4303
0.4913
0.544
0.7828
0.8545
0.9018
0.5821
0.01192
0.0185
7.227
6.958
5.206
4.346
0.005054
0.01345
0.7263
0.2155
0.28
0.2556
