12.3
20.09
4.84
3.412
13.04
10.73
4.706
10.3
12.35
0.1484
6.567
5.811
0.1146
0.06514
0.02346
0.02604
0.02346
0.02604
0.02346
0.02861
0.02346
0.02604
0.02604
0.02604
0.02346
0.02861
0.02346
0.02604
0.02346
0.02346
0.02346
0.02861
0.02346
14.53
18.33
16.02
18.04
3.394
0.1484
0.04168
0.02604
0.02604
0.02346
5.334
17.46
11.12
15.36
34.33
33.94
15.6
24.05
32.47
25.34
15.55
16.63
29.3
36.47
20.48
15.06
0.3696
26.86
36.43
17.26
20.75
35.01
34.67
33.25
32.81
32.81
34.96
33.98
33.4
14.99
23.78
37.94
37.01
36.47
35.74
35.6
35.79
34.42
33.45
30.91
32.62
31.93
30.66
34.28
34.33
23.17
22.41
25.15
27.29
25.2
23.56
24.12
24.83
23.73
25.78
33.11
30.91
31.49
31.84
32.03
32.08
31.98
33.54
31.84
18.92
12.33
9.363
9.106
9.497
9.485
6.299
16.41
17.29
11.06
3.619
5.011
25.83
31.59
33.84
35.11
34.33
34.91
34.38
33.45
19.24
20.39
41.5
39.36
39.4
37.65
38.09
38.23
36.96
37.16
36.96
36.67
36.57
37.16
37.99
37.3
38.38
37.79
36.04
34.86
34.77
35.01
34.86
35.79
35.94
35.74
34.81
36.08
31.25
11.21
10.51
8.313
9.607
10.03
14.28
20.68
4.535
4.083
3.284
15.62
34.72
32.96
35.11
36.91
35.16
35.35
33.2
29.3
6.995
39.5
33.2
32.86
35.11
33.06
34.38
36.13
35.89
34.77
34.47
35.89
37.11
37.7
34.67
33.94
33.25
33.15
32.62
32.28
29.79
31.15
32.57
30.22
29.83
29.88
30.81
34.13
33.4
33.11
33.74
28.91
10.5
9.583
9.705
9.521
8.35
14.94
14.92
14.14
4.333
3.583
4.706
24.34
33.25
35.11
32.57
32.86
30.13
29.39
28.91
29.74
13.57
28.08
37.5
36.38
35.45
34.23
32.71
32.86
31.64
31.45
28.42
27.15
28.03
28.56
28.37
28.47
27.34
31.1
34.42
36.62
36.38
34.86
34.33
34.77
33.01
34.03
34.08
33.4
34.03
30.66
31.15
30.18
27.54
10.75
9.741
9.558
9.558
9.448
7.446
15.55
15.16
14.14
4.419
3.619
10.99
33.54
29.49
30.62
32.28
32.62
31.15
30.32
31.59
25.34
11.27
38.96
37.65
37.84
37.16
36.82
37.3
37.45
37.11
36.43
34.77
33.59
32.18
29.49
29.79
30.03
27.73
31.93
35.21
36.43
35.45
36.18
35.84
34.38
34.52
34.81
34.57
35.11
33.84
32.18
15.5
11.05
10.85
10.56
8.252
17.46
20.24
6.421
3.949
2.85
0.544
0.2163
0.02604
0.02346
0.02861
0.02346
0.02604
0.02346
0.02604
0.02346
0.02604
0.02346
0.02604
0.02604
0.02604
0.02346
0.02861
0.02346
0.02861
0.02346
0.02604
0.02346
0.02604
0.02604
0.02604
0.02604
0.02861
0.02604
0.02861
0.02861
0.02861
0.02604
0.02861
0.02604
0.02861
0.02604
0.02861
0.02604
0.02861
0.02604
0.02861
0.02604
0.02861
0.02604
0.02861
0.02604
0.02861
0.02604
0.02861
0.02604
0.02861
0.02604
0.02861
0.02604
0.02604
0.02604
0.02604
0.02604
0.02604
0.02604
0.02604
0.02346
0.02604
0.02346
0.02604
0.02346
0.02604
0.02079
0.02861
0.02346
0.02604
0.02861
0.02604
0.02346
0.02604
0.02346
0.02604
0.02346
0.02604
0.02346
0.02861
0.02346
0.02861
0.02346
0.02604
0.02604
0.02604
0.02346
0.02604
0.02346
0.02346
0.02346
0.02604
0.02346
0.02604
0.02079
1.091
17.72
37.89
37.16
37.4
36.38
34.77
34.62
36.13
36.28
36.72
37.26
37.3
35.89
36.67
37.45
37.79
36.87
36.96
34.52
35.89
33.89
34.52
34.47
35.45
36.57
35.25
35.84
32.71
14.33
11.17
10.9
13.62
20.48
25.15
3.162
5.914
40.19
37.5
37.26
36.72
35.99
33.35
34.13
38.04
38.62
38.92
36.13
35.69
36.52
37.89
36.43
32.32
30.86
30.86
31.4
32.52
30.47
31.69
32.08
34.67
36.72
37.4
37.35
34.08
15.31
10.93
10.31
12.7
15.5
21.07
14.36
4.144
21.73
37.79
37.79
37.99
36.62
35.6
36.43
36.96
34.81
36.33
33.11
34.86
27.49
23.27
27.83
30.81
37.5
39.5
38.82
38.57
38.62
35.11
34.72
35.3
33.4
36.04
34.38
33.94
34.18
13.7
10.66
10.24
12.12
15.36
17.9
21.48
3.4
5.676
42.72
39.7
37.4
39.31
37.74
36.67
35.6
37.99
36.33
37.16
38.53
36.28
36.04
38.09
39.31
36.52
36.13
36.62
34.81
31.79
32.47
33.25
33.5
34.28
37.3
37.21
36.91
22.17
10.72
10.75
10.33
15.84
16.7
23.58
3.424
2.75
22.29
39.31
41.75
41.46
38.04
38.43
37.65
38.96
39.7
39.01
34.77
34.96
35.94
36.87
36.33
37.45
34.91
33.54
38.28
34.81
34.33
34.33
35.11
35.3
22.07
34.13
30.76
33.01
26.37
9.998
10.06
10.25
10.02
20.46
25.44
3.595
1.534
0.2918
0.06247
5.737
39.75
37.06
36.28
36.91
34.77
37.99
38.62
39.65
40.67
40.82
39.11
37.7
38.33
39.01
36.23
35.3
32.76
34.38
34.91
34.81
35.25
35.84
36.52
36.72
36.28
36.77
36.18
11.44
10.71
10.49
12.43
19.31
20.7
9.998
6.091
40.87
39.11
37.99
37.99
37.16
36.82
35.55
37.99
38.18
38.57
38.87
39.6
40.82
40.53
41.06
38.28
37.99
39.11
36.87
36.23
35.06
34.57
33.15
36.87
35.89
38.57
13.62
11.04
10.89
12.92
18.65
21.24
9.253
4.456
30.76
40.04
38.43
37.16
37.16
37.7
37.89
38.82
39.84
39.7
39.06
37.4
38.38
37.4
38.43
35.01
35.25
35.21
34.72
33.79
33.94
33.79
34.91
35.79
35.06
35.79
35.74
22.27
10.34
10.4
10.67
12.39
20.0
19.63
10.61
4.401
20.97
39.4
40.48
39.65
36.62
36.18
34.03
35.89
38.38
38.38
38.43
36.87
36.82
37.6
38.77
37.84
36.77
37.06
36.52
35.45
35.01
34.96
35.06
35.21
35.11
36.72
36.43
32.13
10.9
10.3
10.8
12.7
20.19
15.72
13.11
2.1
0.2968
0.09375
0.02604
0.02079
0.02604
0.02604
0.02604
0.02604
0.02604
0.02604
0.02604
0.3593
12.89
41.16
37.26
37.99
36.72
37.5
38.67
37.74
39.45
39.7
38.82
37.35
37.84
39.7
38.23
36.43
35.89
35.4
35.55
35.89
34.67
35.35
36.13
36.91
34.33
35.3
35.74
34.77
11.25
10.16
10.21
11.3
17.72
14.21
22.22
2.942
4.712
38.04
44.48
43.65
41.85
40.62
40.28
41.46
40.97
39.36
37.84
37.55
37.5
36.52
36.28
39.01
38.23
38.04
35.3
32.62
34.86
35.55
36.23
37.35
38.09
38.28
34.23
11.38
11.13
10.95
13.35
20.39
24.71
4.102
0.5783
0.2449
0.03643
5.78
35.06
32.76
36.04
35.79
32.42
