9.192
12.7
20.12
20.83
20.36
18.16
10.86
8.887
8.96
9.082
9.314
8.887
8.911
10.6
18.38
20.85
20.63
15.84
6.873
8.276
8.997
8.972
9.058
8.826
8.691
8.887
8.997
14.72
20.73
20.83
19.63
14.18
9.363
9.375
14.94
16.58
17.29
17.85
18.19
18.43
18.73
18.7
15.82
15.16
13.04
12.79
9.814
9.155
8.96
8.911
10.78
19.46
20.85
20.58
19.09
10.93
14.18
20.58
20.85
20.36
19.29
12.67
16.53
20.83
20.83
19.48
12.57
15.99
16.97
17.65
18.09
18.31
18.7
18.09
15.58
14.48
12.55
10.97
8.875
8.984
9.119
8.716
10.13
15.55
16.87
17.6
18.07
18.43
18.68
18.38
15.58
14.67
12.41
11.8
9.106
8.789
8.948
8.972
9.119
11.61
16.16
17.19
17.9
18.31
18.6
15.48
14.09
12.11
10.84
9.46
11.27
16.06
17.09
17.85
18.26
18.63
17.7
15.45
13.31
12.24
9.924
16.14
20.8
20.53
13.04
10.14
9.204
9.424
9.68
9.546
9.973
16.06
17.55
18.24
18.75
17.04
14.94
13.43
9.753
15.97
17.41
18.14
18.7
17.36
14.97
13.33
9.583
9.338
9.241
9.717
9.814
11.02
19.14
20.85
19.82
15.8
9.705
9.509
8.936
8.936
8.936
9.729
14.7
16.11
16.77
17.65
18.09
18.29
18.53
18.8
17.11
15.14
13.6
10.8
12.7
20.7
20.0
18.7
12.6
8.96
9.302
15.41
20.83
18.85
7.678
6.763
6.604
7.19
9.07
9.57
18.07
20.83
18.48
15.28
9.18
9.009
9.119
9.351
9.131
9.082
9.119
9.18
9.119
9.229
9.021
8.777
6.628
6.604
6.604
6.604
6.604
7.117
9.277
14.7
20.8
20.29
18.63
14.38
9.351
9.167
9.058
9.595
9.106
9.094
8.997
9.119
9.229
12.96
20.53
20.83
18.63
7.471
6.738
6.604
6.604
7.129
8.606
9.033
9.021
12.79
20.58
20.48
15.55
15.11
20.78
20.83
18.85
16.65
9.399
9.387
9.326
10.08
13.01
20.63
20.46
14.31
6.97
6.702
6.653
7.178
10.13
8.777
8.85
9.009
8.557
8.789
9.802
19.02
20.85
18.73
15.41
9.106
8.96
8.984
14.04
20.46
20.78
19.09
11.06
6.812
6.641
6.641
6.641
7.104
10.17
9.119
9.082
15.97
20.73
20.73
18.12
16.02
9.68
9.326
9.192
9.155
9.082
8.997
8.96
9.375
9.448
8.362
6.787
6.726
6.653
6.653
6.653
7.104
9.204
12.96
20.48
20.78
18.9
17.38
9.546
9.302
9.058
8.728
8.765
8.826
9.839
19.02
20.73
19.51
17.07
8.765
6.665
6.641
6.653
6.653
6.653
7.104
8.838
8.972
8.606
8.826
8.667
10.41
18.87
20.73
18.21
10.23
9.07
9.302
9.448
16.97
20.75
20.78
19.29
14.38
6.787
6.653
6.653
6.653
6.653
7.104
9.387
17.82
20.8
20.75
17.5
8.997
8.691
8.875
12.15
16.46
17.43
17.94
18.43
18.7
19.09
19.46
19.58
19.73
19.75
19.92
20.02
20.14
20.17
20.34
20.36
20.53
20.53
20.7
20.7
20.7
17.85
19.58
20.87
20.87
20.9
20.9
20.58
18.53
18.07
15.06
11.83
16.94
17.9
18.51
18.85
19.26
19.48
19.7
19.75
19.92
20.09
20.12
20.14
20.31
20.39
20.51
20.53
20.7
20.7
20.78
19.17
18.9
20.63
20.85
20.65
20.65
20.02
19.78
18.48
17.04
11.51
12.72
17.11
18.07
18.63
19.07
19.41
19.58
19.73
19.82
19.92
20.02
20.12
20.31
20.31
20.46
20.51
20.68
20.7
20.7
20.7
18.7
17.94
20.17
20.85
20.85
20.85
20.85
20.36
17.9
17.09
16.87
11.79
14.92
17.43
18.19
18.63
18.95
19.29
19.56
19.68
19.75
19.92
20.0
20.12
20.12
20.26
20.34
20.51
20.51
20.58
20.7
20.7
20.73
19.17
18.48
20.63
20.85
20.75
20.26
20.24
20.12
19.85
18.87
18.12
15.97
10.93
16.63
17.75
18.41
18.73
19.04
19.34
19.56
19.73
19.78
19.92
20.04
20.12
20.31
20.31
20.46
20.51
20.51
20.68
20.78
20.87
20.61
17.63
18.48
20.19
20.85
20.85
20.87
20.87
20.8
20.02
18.26
18.02
17.9
12.92
12.79
16.65
17.55
18.02
18.51
18.8
18.99
19.31
19.53
19.73
19.75
19.92
19.97
20.12
20.19
20.31
20.36
20.51
20.51
20.7
20.7
20.7
20.58
18.02
19.12
20.75
20.85
20.68
20.65
20.39
19.24
18.68
18.38
13.67
13.09
16.11
17.07
17.24
13.87
14.09
12.07
12.87
16.14
17.07
16.31
13.84
13.77
10.95
15.55
16.7
17.33
14.94
13.57
12.92
10.61
15.99
16.89
13.67
13.06
9.546
15.72
17.5
18.24
18.68
18.97
19.36
19.6
19.68
19.85
19.87
20.02
20.12
20.12
20.29
20.31
20.46
20.56
20.51
20.7
20.7
20.7
20.7
18.85
19.56
20.85
20.85
20.73
20.68
20.65
19.29
19.14
17.75
8.472
14.65
17.58
18.38
18.77
19.17
19.46
19.63
19.8
19.92
20.02
20.21
20.31
20.31
20.48
20.56
20.7
20.73
20.7
20.53
17.68
20.21
20.85
20.68
20.48
19.92
19.21
19.17
16.92
10.27
16.75
18.07
18.65
19.09
19.43
19.6
19.73
19.87
20.04
20.19
20.31
20.31
20.48
20.51
20.7
20.85
20.85
17.94
18.95
20.53
20.85
20.73
20.39
20.04
19.46
18.19
17.82
17.82
17.82
17.8
13.33
12.3
10.33
12.74
13.28
10.91
14.38
15.31
20.34
18.55
12.02
11.25
10.29
13.38
10.42
13.13
10.27
11.56
9.68
12.01
9.595
11.74
12.05
13.99
20.09
19.51
13.18
11.87
10.67
10.89
13.57
19.36
19.95
12.7
13.01
17.31
18.19
18.77
19.19
19.48
19.68
19.85
19.92
20.09
20.17
20.31
20.41
20.48
20.56
20.7
20.75
20.73
19.51
18.38
20.63
20.85
20.85
20.85
20.7
19.95
19.75
19.58
15.5
9.79
8.887
9.973
9.448
9.778
10.52
19.68
20.83
19.04
11.29
9.436
15.43
20.83
19.43
13.79
20.04
20.78
18.85
13.45
16.28
20.07
19.43
14.75
9.729
9.68
15.28
20.83
19.9
18.48
13.11
17.41
20.83
19.29
14.28
20.56
20.56
18.68
13.01
9.839
10.85
20.12
20.7
16.16
7.031
6.836
9.216
9.412
9.253
9.229
9.131
9.29
10.23
8.997
9.265
9.229
9.558
9.18
9.692
11.51
20.61
19.87
12.84
17.77
20.83
18.02
7.544
6.909
6.799
6.799
6.799
6.799
6.799
6.799
6.799
6.799
6.799
6.799
6.799
6.799
6.799
6.799
6.799
6.799
8.496
10.14
9.778
9.998
17.58
20.75
18.31
13.31
20.17
20.7
16.99
