0.02604
0.02861
0.02604
0.02861
0.02346
0.02861
0.02346
0.02861
0.02346
0.02861
0.02346
0.02604
0.02604
0.02604
0.02346
0.02861
0.02346
0.02604
0.02346
0.02861
0.02346
0.02861
0.02604
0.02604
0.02346
0.02604
0.02604
0.02604
0.02604
0.02604
0.02604
0.02604
0.02604
8.008
36.18
32.52
14.38
12.3
0.1953
0.08078
0.02346
0.02604
0.02604
0.02604
14.89
17.87
13.48
19.65
14.14
22.22
37.06
37.35
36.96
37.16
37.01
36.13
33.89
30.18
7.312
39.11
41.46
40.53
38.87
38.18
38.38
37.6
36.67
36.38
37.89
37.65
37.55
37.06
36.28
36.43
37.4
37.45
35.21
34.47
35.74
33.74
33.45
33.84
33.35
33.94
33.45
31.79
31.45
22.51
5.969
7.068
7.751
7.764
7.91
7.507
8.508
11.36
12.39
10.9
18.51
4.608
3.613
13.89
17.63
13.43
34.96
35.64
35.94
34.96
34.28
34.18
31.59
31.3
21.31
8.35
40.33
37.5
35.89
33.74
33.5
32.81
33.84
33.35
34.86
34.08
34.47
34.52
34.72
32.37
34.18
34.47
34.57
35.69
34.81
33.84
34.62
31.98
33.01
32.91
32.52
32.42
32.47
33.64
34.42
34.33
22.88
10.85
10.28
10.24
10.25
8.386
15.19
11.58
20.29
4.98
4.028
4.559
21.07
34.62
34.57
35.45
34.81
34.91
35.55
34.28
26.22
10.05
41.06
36.82
35.55
36.18
34.77
34.23
34.57
33.5
33.3
31.74
32.62
32.28
30.37
34.72
33.2
32.42
33.84
34.52
34.28
31.69
31.15
35.64
35.89
34.23
34.86
34.72
31.74
31.98
31.49
31.84
26.61
10.46
9.558
9.888
10.35
8.496
15.82
15.48
15.23
4.84
4.047
4.498
19.9
37.06
34.28
34.42
36.23
32.86
31.4
31.05
29.2
7.776
39.84
40.82
39.4
39.11
34.08
35.11
35.94
36.04
35.84
36.33
36.96
37.26
36.47
35.21
36.08
35.11
37.3
34.62
35.3
34.47
32.42
33.01
33.74
33.89
33.59
33.35
32.62
34.13
31.93
11.0
10.01
10.44
10.46
9.558
15.67
11.54
19.82
5.212
4.437
5.621
29.54
35.79
35.11
33.74
33.01
31.98
30.47
32.57
20.8
20.65
39.6
38.67
37.26
36.52
37.16
35.01
34.18
34.57
34.13
36.91
37.99
38.38
38.57
38.72
38.23
38.33
37.94
35.79
33.74
35.35
37.45
36.62
36.18
36.72
35.06
33.06
34.18
31.15
10.86
10.67
10.58
10.8
11.13
15.48
21.44
5.499
4.462
3.479
0.6119
0.2995
0.02079
0.02604
0.02346
0.02604
0.02604
0.02604
0.02604
0.02604
0.02346
0.02604
0.02346
0.02604
0.02346
0.02346
0.02346
0.02604
0.02346
0.02346
0.02346
0.02604
0.02346
0.02604
0.02604
0.02604
0.02604
0.02861
0.02604
0.02346
0.02346
0.02861
0.02604
0.02861
0.02604
0.02861
0.02346
0.02861
0.02604
0.02604
0.02604
0.02604
0.02604
0.02604
0.02346
0.02604
0.02346
0.02604
0.02346
0.02604
0.02346
0.02346
0.02346
0.02604
0.02079
0.02604
0.02079
0.02861
0.02346
0.02346
0.02346
0.02604
0.02346
0.02346
0.02346
0.02604
0.02079
0.02604
0.02346
0.02604
0.02079
0.02604
0.02346
0.02346
0.02346
0.02604
0.02079
0.02604
0.02079
0.02604
0.02346
0.02346
0.02346
0.02346
0.02346
0.02604
0.02346
0.02604
0.02346
0.02604
0.02346
0.02604
0.02346
0.02861
0.02346
0.02604
0.02604
0.02604
0.02604
0.02604
0.02346
0.02604
0.02346
0.02604
0.02079
1.712
20.53
38.04
40.87
41.31
38.09
37.3
37.3
37.79
37.84
33.59
28.27
31.88
36.43
37.21
37.4
39.45
39.45
39.55
38.09
35.45
36.77
36.87
34.72
34.33
32.76
34.13
35.11
20.61
11.16
10.41
10.68
12.24
18.33
17.36
19.85
2.744
5.591
40.62
38.23
39.94
38.96
39.01
38.96
39.06
40.33
41.11
40.43
37.45
36.57
37.3
38.33
39.36
38.43
39.06
38.87
34.08
35.25
33.45
33.2
35.5
34.91
35.94
36.47
13.92
10.19
10.88
10.89
13.89
21.29
24.95
3.925
6.049
36.13
36.77
36.96
35.89
33.64
33.35
35.4
35.74
35.84
36.87
35.25
33.45
34.23
34.08
35.16
34.96
33.64
34.08
32.67
33.5
33.64
31.1
32.67
32.52
33.59
34.62
33.98
32.71
32.62
15.33
10.25
10.11
10.23
12.87
19.92
15.99
17.09
2.57
6.36
34.81
33.2
37.21
36.62
35.69
36.91
36.33
36.96
37.6
37.6
37.65
36.82
37.3
37.3
37.4
37.74
35.3
32.28
33.94
34.57
33.59
33.89
33.94
34.96
34.62
34.67
35.25
35.21
18.33
10.56
10.16
9.937
11.32
12.4
20.87
25.49
4.193
4.523
26.56
39.7
39.4
37.89
35.69
36.23
37.21
36.87
38.48
38.33
37.84
36.47
34.13
36.62
35.01
36.72
35.21
34.03
35.89
35.55
33.01
34.62
33.79
33.98
33.45
34.18
33.59
33.01
27.44
10.64
10.17
10.41
10.96
13.82
20.9
24.61
3.577
2.545
18.68
40.38
40.97
39.75
37.21
36.91
36.77
37.6
37.84
38.23
38.38
36.96
36.43
38.43
39.84
39.5
37.26
36.47
36.87
34.28
33.84
34.03
34.57
35.16
35.79
35.06
36.04
30.27
10.93
10.24
10.23
10.46
13.26
20.0
19.56
11.99
4.016
23.0
38.92
37.94
37.79
37.4
37.5
37.55
39.26
39.89
39.4
38.43
37.21
38.23
39.4
40.38
39.65
37.89
38.96
37.65
35.64
35.89
37.21
37.6
37.79
37.55
37.4
25.63
11.12
11.04
10.94
12.22
15.23
18.87
21.12
4.449
21.7
39.75
37.89
37.89
36.91
36.23
37.4
37.84
37.6
37.84
37.89
37.3
37.35
37.4
37.65
37.06
35.3
36.62
36.62
36.77
32.86
33.01
33.5
33.84
34.03
33.79
33.25
34.77
17.31
10.57
10.28
10.42
12.96
19.68
14.87
18.19
2.725
5.06
31.3
37.16
36.57
36.33
32.42
32.81
32.42
33.15
35.01
35.74
34.81
34.86
33.2
33.01
34.52
35.55
36.23
37.6
34.81
35.3
35.11
32.62
32.03
32.37
32.08
33.79
33.64
33.54
32.71
27.05
13.04
10.41
10.25
10.52
13.7
20.68
19.36
12.21
5.414
28.08
38.33
40.58
36.82
36.13
36.72
36.87
38.23
34.96
37.6
37.7
36.38
36.87
38.33
33.64
37.74
36.91
36.08
38.43
34.86
33.54
33.74
32.76
34.42
33.06
33.2
33.74
33.79
15.7
10.51
9.888
9.961
11.33
15.28
16.89
24.12
4.779
1.624
2.713
20.87
35.94
35.06
34.23
34.67
33.06
35.3
35.79
38.09
38.38
38.92
37.74
36.47
36.47
37.84
37.84
36.87
35.3
33.98
33.74
30.71
33.06
34.42
33.94
33.06
33.2
32.71
32.18
31.79
13.87
10.96
10.66
10.74
13.89
20.87
21.39
9.143
1.636
5.688
33.15
35.16
35.25
35.4
32.62
30.37
31.54
34.03
35.94
35.16
