0.0
0.1015
0.002575
0.01259
1.001
0.6538
0.6042
0.7187
0.4669
0.5852
0.8026
0.8453
0.499
0.7675
0.9979
0.6378
0.7568
0.634
0.8163
0.7072
0.8255
0.5211
0.7935
0.5531
0.708
0.6264
0.6119
0.7668
0.7469
0.8469
0.7317
0.6165
0.7179
0.8911
0.8194
0.4303
0.4555
0.6271
0.6897
0.3983
0.5127
0.5943
0.8606
0.7195
0.8286
0.7042
0.3246
0.7133
0.8194
0.4486
0.9583
0.7751
0.6577
0.6386
0.6416
0.5997
0.5524
0.5753
0.5676
0.8194
0.7797
0.7965
0.9323
0.9216
0.6409
0.7706
0.6226
0.705
0.8438
0.7462
0.8011
0.8667
0.7263
0.5684
0.473
0.4066
0.9735
0.9445
0.9415
0.563
0.6271
0.5524
0.7004
0.2621
0.7401
0.4639
0.4196
0.8286
0.7858
0.2846
0.4166
0.5104
0.3975
0.7065
1.253
0.8026
0.9872
0.8682
1.073
0.8926
0.6409
0.3864
1.234
0.4333
0.264
0.6599
0.8942
0.4738
0.6134
0.3086
0.5943
1.262
0.4173
0.8194
0.8301
1.057
0.7347
0.8102
0.5455
0.5219
0.362
0.8499
0.2686
0.6493
1.047
1.097
0.9399
0.8423
0.248
0.8179
0.5043
0.3368
0.4234
1.19
0.5943
0.6531
0.5829
0.7446
0.827
1.176
0.7843
0.4402
0.1522
0.4066
0.6454
0.3448
0.3052
0.6874
0.6348
0.6248
0.4478
0.3323
0.4646
0.6126
0.5104
0.4288
0.4898
0.296
0.2811
0.8347
0.7828
0.6546
1.237
0.6737
0.6935
1.012
0.6493
0.3574
0.5318
0.6065
0.3559
0.6142
0.3304
0.3235
0.769
0.309
0.4921
0.6264
0.5669
0.227
0.3929
0.4105
1.247
0.9766
0.7164
0.6538
0.2235
0.499
0.7744
0.8011
0.5486
0.4303
0.8514
0.4501
0.5341
0.5669
0.2598
0.2876
0.3841
0.7492
0.7317
0.6264
0.8804
0.7996
1.07
0.5486
0.9247
0.676
0.6714
0.5806
1.056
0.8301
0.6943
0.6271
1.036
0.9781
0.679
1.105
