15.06
14.84
15.55
15.01
12.72
13.77
13.89
13.79
13.23
12.65
14.89
14.43
14.92
14.67
14.92
8.118
0.7111
0.2682
0.02861
0.02604
0.02604
0.3098
12.35
15.23
13.84
13.7
12.23
14.77
14.92
15.16
15.16
15.09
13.53
13.28
13.65
11.45
17.31
15.09
15.33
14.82
14.58
14.77
14.99
15.11
14.92
14.94
14.97
14.94
15.11
15.62
15.19
14.82
14.65
11.3
14.48
14.67
15.11
15.5
15.45
12.13
13.4
9.631
0.6981
1.788
19.7
16.38
15.26
14.92
14.94
15.04
15.62
14.92
15.11
15.23
14.36
15.16
15.31
14.79
14.6
15.01
11.27
11.6
11.89
16.46
14.84
14.77
14.65
14.79
15.21
15.09
14.89
14.97
15.16
11.43
17.14
16.82
15.5
15.19
13.18
15.5
15.6
15.89
15.55
12.33
13.18
14.75
13.16
14.16
14.65
15.48
15.19
15.14
14.92
8.948
17.7
16.92
15.65
15.58
15.84
15.72
15.7
15.09
14.75
14.92
16.41
15.23
14.97
15.23
8.093
15.19
14.43
13.62
15.06
14.58
15.62
13.79
9.631
17.21
15.48
15.36
15.62
15.36
15.65
15.11
15.33
15.45
15.06
14.92
16.21
17.92
17.9
14.09
15.16
15.62
15.28
15.14
15.09
7.898
17.92
17.6
15.55
14.99
15.06
14.99
14.87
14.87
15.04
15.01
15.26
14.6
16.46
15.48
15.72
13.53
14.21
13.77
12.28
13.21
15.11
15.65
15.38
15.04
15.53
5.56
0.6195
0.164
0.02861
0.02346
0.02861
0.02604
0.02861
10.36
13.43
6.201
16.06
14.43
14.67
14.75
14.55
11.87
11.33
14.55
13.82
11.84
13.48
5.768
0.1902
0.06771
0.02861
0.02604
0.02861
0.02604
0.03128
0.02604
0.02861
10.28
13.87
14.48
14.43
14.55
14.58
14.38
12.77
12.11
13.5
12.52
13.16
13.16
13.31
3.925
0.1616
0.05465
0.02861
0.02604
0.02861
0.02604
0.02861
0.02604
0.02861
7.605
13.75
14.45
14.62
14.55
14.65
14.36
9.631
13.5
15.5
14.38
14.62
14.45
14.79
6.75
0.7034
0.2213
0.02861
0.02604
0.02861
0.02604
0.02861
0.02861
0.03128
2.844
11.13
12.55
10.46
8.789
14.82
11.46
11.55
14.94
8.447
7.068
13.26
10.78
13.82
6.122
0.198
0.06514
0.02861
0.02861
0.03128
0.02604
0.03128
0.02861
1.572
13.06
12.04
12.57
15.11
14.33
14.65
14.55
14.38
11.35
11.72
11.67
14.43
14.58
13.92
15.38
14.5
14.82
14.72
14.53
2.277
0.5753
0.09375
0.02861
0.02861
0.02861
8.057
12.67
9.57
11.8
11.74
15.21
14.53
14.82
14.65
14.72
8.691
14.16
13.72
13.45
13.92
14.33
6.506
0.5966
0.2007
0.02604
0.02861
0.02604
0.02861
0.02346
0.5913
9.29
9.863
0.5257
0.1354
0.03128
0.03128
0.02604
0.02861
0.02604
0.02861
0.02861
0.02604
0.02861
0.02861
0.02604
0.02604
0.02604
0.02861
0.02346
0.02861
0.02604
0.02604
12.48
14.45
14.45
14.53
14.14
14.36
14.4
11.16
12.12
10.86
13.89
8.789
18.51
15.8
14.94
14.94
15.01
15.48
14.77
14.77
15.04
14.62
15.01
14.97
14.84
15.06
15.19
15.09
14.94
14.97
14.89
14.92
15.06
14.94
15.28
14.92
15.11
15.21
14.79
14.92
15.14
15.97
14.87
14.65
14.82
14.97
15.11
14.79
14.94
15.21
15.14
15.19
14.92
15.16
14.87
15.31
11.96
15.23
17.43
18.43
17.24
16.36
15.58
15.26
15.14
14.94
14.79
15.77
15.58
14.67
14.97
16.16
14.84
4.688
14.01
16.99
15.7
15.75
16.41
15.45
16.26
15.06
15.19
15.21
15.28
15.33
14.82
15.09
14.7
15.26
15.09
15.09
14.84
15.04
14.92
14.84
15.28
14.92
14.97
14.55
15.01
14.92
15.04
15.14
15.41
15.33
15.06
16.09
15.19
14.94
15.04
15.11
15.43
14.92
14.89
15.28
15.19
14.87
11.4
12.04
16.58
16.36
17.41
15.31
15.14
15.31
14.94
14.36
14.62
15.14
14.26
15.31
16.16
15.28
15.77
15.21
9.119
9.753
18.85
17.68
16.77
15.31
14.97
15.16
15.01
15.43
15.7
14.94
15.31
15.31
14.94
15.41
16.28
15.33
15.14
15.16
15.09
15.06
15.16
15.14
14.99
15.82
15.45
15.77
15.72
15.33
15.55
15.11
15.58
28.22
26.61
26.27
25.49
22.95
24.98
22.29
11.9
18.77
30.52
26.03
29.44
28.12
23.63
20.36
22.39
22.58
22.39
7.983
18.16
26.27
24.54
21.68
25.05
24.88
24.46
23.07
24.44
26.66
26.22
25.93
24.9
25.44
25.98
25.54
26.32
25.29
24.24
24.66
28.03
26.12
27.05
29.54
29.93
28.47
12.84
23.05
30.22
25.44
26.32
28.03
24.98
23.12
23.49
24.46
22.41
6.812
24.56
28.17
25.24
26.71
22.36
20.24
28.81
29.0
18.68
26.27
16.11
24.17
26.76
26.86
25.05
25.68
18.07
21.09
23.51
18.73
14.36
28.71
29.15
30.42
31.4
31.59
30.81
26.61
22.09
21.78
24.71
28.76
30.08
29.25
30.18
30.08
29.59
31.2
30.18
30.91
30.13
30.91
29.98
13.84
18.8
24.19
23.88
21.83
21.31
20.09
21.85
19.38
17.19
16.53
22.88
24.76
10.42
21.44
29.79
29.74
29.05
27.98
30.32
30.47
30.91
31.45
31.88
32.52
30.18
29.54
30.81
29.59
30.76
30.71
31.35
31.15
29.93
29.39
21.73
26.32
32.03
27.34
23.39
15.5
22.63
21.58
17.5
15.33
15.09
15.14
15.11
14.84
4.749
11.61
15.16
14.99
15.62
15.16
15.09
15.6
15.31
15.01
15.06
15.65
15.21
14.97
14.97
15.38
14.94
15.26
15.26
14.87
15.04
15.33
15.26
14.94
15.28
15.26
15.38
15.26
15.33
22.78
27.15
24.76
23.27
22.09
21.09
19.82
22.49
22.53
15.84
12.44
25.93
35.74
33.54
32.67
29.74
23.12
23.1
21.7
24.66
11.62
19.78
18.92
21.41
17.43
19.6
17.7
17.92
13.35
22.53
29.74
26.86
27.25
29.83
30.18
30.37
26.66
16.41
24.49
29.88
25.15
23.22
33.45
29.44
29.64
32.08
31.79
30.76
31.69
30.86
31.1
27.83
13.79
28.71
27.93
25.78
25.68
29.49
24.44
24.73
24.93
25.0
15.16
15.38
13.23
15.82
15.04
8.093
7.678
18.26
18.04
22.8
24.54
14.04
15.11
15.65
22.0
20.7
21.41
9.985
0.7812
6.14
14.7
14.75
16.5
15.82
15.41
15.92
14.94
13.62
14.5
13.6
13.84
14.82
15.99
15.38
14.28
14.43
21.24
20.36
21.14
10.49
0.7607
0.2655
0.02604
0.02604
0.03128
0.02604
0.03128
0.02604
0.02604
0.02604
0.03128
0.02079
0.03128
0.02604
0.02604
0.02604
0.03128
0.02604
0.02604
0.02604
15.87
18.58
18.97
16.89
20.02
20.29
17.02
21.39
