10.72
10.67
10.86
10.83
10.73
10.86
10.93
10.86
10.9
10.57
10.64
10.6
10.6
10.62
10.64
10.4
10.85
10.47
10.58
10.29
10.45
10.5
10.67
10.85
10.91
12.43
11.21
10.67
10.53
10.51
10.73
10.93
10.58
10.42
10.28
10.47
10.57
10.61
10.6
10.63
10.67
10.78
10.85
10.71
10.61
10.42
10.47
10.5
10.61
10.28
10.4
10.44
10.29
10.28
10.27
10.31
10.63
10.51
10.47
10.28
10.36
10.38
10.58
11.65
11.85
11.93
11.83
11.9
11.63
11.78
11.41
10.71
10.82
10.51
10.51
10.5
10.67
10.69
10.12
10.1
10.33
10.47
10.49
11.36
10.33
10.49
10.5
10.1
10.27
10.1
10.28
10.62
10.49
10.53
10.1
10.08
10.08
10.21
10.28
10.17
10.16
10.27
10.46
10.3
10.39
10.47
10.55
10.08
10.19
10.08
10.21
10.33
10.45
10.28
10.38
10.3
10.12
10.13
10.19
10.13
9.888
10.05
10.27
10.3
10.39
10.01
9.692
9.814
9.9
10.06
10.08
10.14
10.38
10.66
10.38
10.31
10.31
10.28
10.42
10.38
10.13
10.27
10.28
10.28
10.55
10.31
10.47
10.19
10.28
10.28
10.28
10.39
10.52
10.57
10.24
10.12
10.29
10.05
9.888
9.912
9.912
9.9
9.607
10.08
10.17
10.08
10.56
10.42
10.27
10.11
10.13
9.998
10.34
10.45
9.937
10.1
10.27
10.14
10.28
10.14
10.38
9.937
9.985
9.888
9.888
10.07
9.766
9.839
10.07
9.705
9.985
9.973
10.07
10.07
10.16
11.17
10.19
10.16
10.49
10.53
10.51
10.52
10.36
10.51
10.55
10.6
10.35
10.45
10.31
10.28
10.45
10.51
10.47
10.71
10.84
10.82
10.66
10.66
10.68
10.58
10.75
11.02
11.22
10.78
10.64
10.71
10.89
11.06
11.19
11.12
11.13
11.12
10.69
10.67
10.71
10.9
11.0
10.86
10.77
10.91
11.13
10.86
10.84
10.71
10.56
10.73
10.91
11.04
11.15
10.97
11.04
10.97
11.04
11.08
10.86
10.9
10.9
11.11
11.05
11.13
10.68
10.55
10.79
10.71
10.58
10.67
10.82
10.85
10.91
11.39
10.6
10.46
10.17
10.28
10.28
9.766
9.9
10.05
10.01
9.924
10.08
9.851
9.863
10.03
10.08
10.12
9.985
9.705
9.729
9.973
9.839
11.23
11.25
11.41
11.15
11.15
10.94
10.33
10.03
9.9
10.07
10.13
10.3
10.1
10.08
10.1
10.28
10.29
10.35
10.28
10.28
10.51
10.39
10.28
10.46
10.61
10.28
10.42
10.34
10.34
10.35
10.28
10.06
9.9
9.937
10.02
10.1
10.08
10.27
10.28
10.28
10.23
10.11
10.08
10.42
10.46
10.46
10.78
11.1
11.16
11.07
10.8
10.63
10.35
10.52
10.58
10.49
10.6
10.73
10.56
10.69
10.58
10.5
10.47
10.6
10.67
10.57
10.6
10.6
10.57
10.95
10.89
10.96
11.05
11.05
11.13
10.6
10.45
10.31
10.33
10.46
10.72
10.35
10.51
10.72
10.77
10.67
10.55
10.69
10.56
10.55
10.67
10.68
10.77
11.01
10.77
10.73
10.71
10.69
10.77
10.61
10.06
9.888
9.985
10.11
9.9
10.08
9.985
10.13
10.28
10.36
10.41
10.08
10.17
10.5
9.985
9.924
9.9
10.21
9.534
9.839
9.888
9.9
10.01
10.01
10.18
9.814
9.692
9.888
9.949
10.21
10.12
10.13
10.01
10.08
10.28
10.3
10.56
10.53
10.58
10.64
10.55
10.67
10.69
11.01
10.57
10.71
10.67
10.74
10.73
10.75
10.67
10.68
10.73
10.86
10.86
10.94
11.04
10.9
10.93
11.84
11.24
11.34
11.5
11.34
11.06
11.05
11.06
11.06
11.05
11.06
11.06
11.27
11.0
11.19
11.24
11.11
10.93
11.05
11.05
10.99
11.25
10.96
10.61
10.72
10.85
11.08
10.93
11.05
11.07
11.22
11.28
11.33
11.44
11.46
11.44
11.29
10.96
11.12
11.15
11.24
11.11
11.22
10.71
10.68
10.97
11.15
11.05
11.15
11.12
10.91
10.93
11.18
11.45
11.76
11.43
11.25
11.16
11.06
10.99
10.89
10.31
10.3
10.5
10.51
10.47
10.38
10.53
10.68
10.68
10.86
10.71
10.67
10.68
10.68
10.51
10.28
10.49
10.67
10.74
13.16
13.38
13.26
13.33
13.31
13.21
13.33
13.23
13.01
13.01
13.01
13.01
12.92
12.62
12.62
12.7
13.04
12.11
12.02
12.35
12.74
12.79
13.33
13.5
12.17
11.49
11.21
10.93
10.99
11.17
11.06
11.21
11.25
10.9
11.06
11.06
11.06
11.22
11.06
11.06
11.06
11.06
10.99
10.99
11.05
11.36
11.44
11.44
11.44
11.46
11.52
11.44
11.36
11.35
11.25
11.25
11.25
11.29
11.45
11.45
11.65
11.18
11.05
10.95
10.88
10.96
10.94
11.06
10.86
11.3
11.11
10.83
10.75
11.05
11.15
11.08
11.82
11.25
11.15
11.19
11.47
11.54
11.56
11.49
11.5
11.4
11.84
10.91
11.01
11.05
11.06
11.23
11.23
11.16
11.27
11.25
11.34
11.34
11.54
11.4
11.3
11.04
10.91
10.89
11.01
10.86
10.86
10.94
10.99
10.8
10.71
10.71
10.6
10.72
10.85
11.22
11.19
11.25
11.06
10.96
11.05
11.01
11.0
11.44
11.16
10.9
10.97
10.95
10.86
10.86
10.86
10.8
10.67
10.88
10.56
10.47
10.52
10.33
10.56
10.44
10.28
10.28
10.28
10.52
10.17
10.24
10.16
10.08
10.24
10.58
10.35
10.28
10.31
10.39
10.39
10.47
10.77
10.83
10.75
10.68
