7.483
10.24
11.74
11.99
14.5
15.41
15.97
14.87
16.99
14.84
14.65
13.99
12.0
14.77
11.71
13.77
14.38
14.87
13.43
10.63
10.21
12.04
12.55
10.49
12.4
15.6
15.87
16.48
19.29
23.73
27.0
26.37
25.29
25.05
25.29
22.24
18.51
18.58
13.18
12.04
12.1
15.21
14.97
11.38
12.92
13.18
14.84
13.99
13.5
17.07
15.8
16.21
17.55
17.38
19.09
20.63
21.31
19.58
19.07
17.19
16.89
20.41
19.58
19.43
19.36
17.7
16.6
16.6
11.52
10.02
14.06
16.92
19.92
20.56
14.38
15.45
18.38
20.21
19.34
22.39
15.04
15.53
16.48
11.99
10.83
11.95
10.53
11.61
13.4
14.06
14.23
17.77
15.04
14.26
15.01
15.09
16.24
18.09
15.7
17.8
16.7
21.8
23.34
22.95
23.49
20.12
17.19
18.8
16.87
20.29
17.02
14.48
17.77
16.55
17.41
16.87
16.92
12.05
12.84
12.46
11.38
17.82
12.48
19.36
25.0
23.85
20.0
15.19
12.46
10.35
11.52
9.229
10.42
13.72
9.888
10.3
13.84
9.631
11.56
13.96
9.998
10.74
11.82
12.82
15.33
18.9
19.41
20.68
24.73
22.68
23.14
19.34
19.07
17.48
18.04
17.63
19.78
21.04
17.09
18.97
19.53
17.02
13.84
15.75
10.39
10.23
8.923
10.51
9.546
12.55
11.49
11.6
13.26
13.65
16.46
12.74
13.53
13.18
12.57
14.7
15.14
15.8
14.6
15.53
16.67
17.02
18.85
23.19
20.46
21.78
21.66
13.72
13.96
14.58
17.48
16.8
21.26
21.88
23.27
21.78
18.58
20.36
16.77
15.43
15.53
20.87
14.01
19.56
18.04
19.85
20.7
12.87
11.99
12.94
14.67
15.55
15.23
23.17
19.78
18.53
21.97
16.89
13.04
13.18
14.31
12.82
11.51
12.4
10.31
13.7
9.229
9.033
10.16
8.936
9.18
8.984
9.949
11.49
12.49
15.6
15.53
18.24
16.8
17.85
22.44
19.75
20.31
17.92
19.78
19.31
19.31
18.16
20.73
23.07
23.0
21.53
22.56
13.06
12.67
10.68
10.77
12.67
14.92
18.19
17.82
20.48
25.98
18.41
17.04
16.53
18.31
16.97
18.21
19.85
16.58
16.26
15.06
15.7
17.72
17.02
17.33
20.41
20.41
18.92
16.19
13.77
15.62
16.82
15.7
20.61
19.82
21.02
20.12
18.95
19.92
21.24
22.46
21.36
19.7
17.24
16.75
19.8
18.55
18.04
15.72
12.77
12.06
12.49
12.87
15.92
10.16
12.52
13.43
15.26
17.94
16.99
17.87
21.88
24.22
24.95
24.41
21.78
20.51
20.78
14.99
21.78
20.24
21.51
24.44
25.98
25.63
25.63
25.1
25.29
23.73
18.58
15.45
12.89
16.06
14.48
15.92
20.87
21.85
20.95
16.58
18.02
19.46
18.95
18.55
20.87
19.78
19.02
16.53
16.09
19.78
18.29
19.31
16.26
15.23
17.75
16.82
17.09
15.72
13.99
15.5
16.21
15.16
16.06
16.67
16.77
14.77
14.65
14.11
12.48
14.28
15.21
16.5
16.89
17.36
17.53
16.5
17.46
15.75
19.34
12.96
17.48
23.61
26.76
16.72
15.16
18.43
20.97
18.65
21.19
20.07
13.11
12.79
15.28
14.48
14.11
12.01
10.36
10.75
11.66
9.29
9.534
10.61
12.06
11.89
12.46
14.7
19.63
20.56
20.29
18.9
17.46
17.19
17.04
15.75
11.93
11.44
12.19
14.82
14.89
16.5
15.16
14.72
13.75
12.39
11.9
11.23
9.485
8.85
9.363
14.01
13.48
16.75
20.73
19.9
21.9
20.21
20.56
20.41
19.78
20.36
21.83
17.94
17.43
17.19
15.92
15.94
15.01
13.87
13.04
6.641
9.277
9.644
12.84
14.82
19.24
19.75
18.99
23.71
22.39
21.78
17.16
15.43
14.38
11.13
12.34
13.11
14.43
13.6
16.8
15.19
14.77
13.26
12.52
11.96
11.68
12.55
12.55
14.48
17.6
14.75
15.82
16.65
17.24
13.45
13.33
15.04
13.23
14.5
22.17
18.8
24.07
23.22
17.46
12.65
16.7
20.17
13.16
16.14
8.508
8.35
8.679
9.424
13.6
18.12
16.28
15.04
15.53
17.11
16.99
14.18
14.65
11.87
11.76
12.79
10.33
10.3
10.47
11.44
11.8
10.84
10.53
10.1
12.33
10.51
12.6
13.01
16.53
15.5
17.63
17.65
18.09
17.72
15.48
17.55
17.94
18.55
21.83
19.68
20.95
21.31
20.21
18.95
23.78
21.58
22.19
18.7
18.29
16.55
15.31
19.21
19.48
22.09
19.63
18.6
18.02
17.92
18.29
16.65
16.5
17.9
18.14
17.36
18.12
18.7
16.41
16.06
17.48
15.6
12.57
15.65
14.82
12.39
20.7
22.22
22.02
21.75
19.51
21.53
23.83
22.02
20.07
20.21
16.99
13.65
14.94
15.77
13.21
10.22
11.96
14.5
12.43
17.72
19.78
11.39
9.998
11.05
10.85
11.57
11.49
13.04
13.65
19.43
23.97
20.43
16.92
23.39
22.09
18.12
20.63
18.33
20.36
16.04
13.28
15.5
15.45
14.11
15.28
15.26
16.19
18.75
19.38
16.82
16.26
17.92
18.48
19.07
19.07
18.12
20.09
15.23
15.38
17.21
17.07
17.26
14.4
14.48
13.28
17.21
13.57
15.53
15.6
18.65
20.24
17.87
20.75
14.67
17.11
15.19
15.21
18.21
14.82
16.89
14.84
10.95
9.436
12.15
22.51
18.07
11.21
9.644
20.17
18.38
14.75
18.31
19.9
16.19
16.43
14.26
18.41
23.97
16.38
8.691
16.7
23.0
17.99
19.14
19.46
21.8
20.41
14.62
17.53
14.94
16.97
14.92
16.02
13.53
15.77
16.65
13.72
15.48
15.36
12.79
16.87
24.44
23.24
22.68
17.77
19.68
21.07
18.38
17.19
18.46
14.89
15.65
15.06
11.24
11.01
15.04
14.53
15.62
11.85
14.62
13.35
14.04
11.67
10.13
13.11
13.77
14.72
15.48
18.73
24.07
22.05
21.12
19.8
21.75
21.73
19.56
21.41
18.33
17.09
17.65
17.48
15.8
16.04
13.13
11.0
10.71
4.565
6.219
10.22
13.43
15.06
15.89
15.99
18.21
18.51
16.67
14.7
12.35
17.9
18.46
18.99
19.31
18.75
28.22
27.39
26.37
25.59
25.78
25.49
25.83
25.24
16.02
12.62
10.39
10.71
11.68
12.52
15.45
17.99
14.72
15.38
13.53
14.67
13.67
20.09
19.95
19.46
18.46
17.8
20.17
17.97
18.8
17.02
16.85
14.48
25.78
18.33
15.94
13.01
15.11
11.06
10.24
16.26
12.17
9.863
8.105
7.532
7.141
8.948
9.546
8.411
8.533
7.458
9.448
8.374
8.801
8.972
12.6
13.23
16.28
16.82
15.87
17.65
16.92
18.92
20.56
22.12
18.82
17.94
19.92
21.58
17.41
17.7
16.99
16.99
13.84
13.48
11.57
17.04
