18.31
18.14
18.92
20.07
18.36
16.02
15.14
16.72
18.85
16.97
17.04
21.7
18.33
19.14
17.36
15.77
17.11
15.72
15.99
18.33
18.19
17.97
16.55
15.89
17.19
20.0
18.99
18.43
17.68
17.99
16.6
18.21
19.48
17.97
18.97
18.82
17.26
19.29
18.19
17.36
18.77
20.26
20.0
18.24
19.51
18.9
19.31
20.12
15.94
17.58
20.92
21.26
22.36
13.62
16.09
15.16
16.65
17.07
17.92
19.17
17.24
17.99
16.24
13.75
18.21
19.38
18.38
21.09
14.94
16.65
15.43
16.19
14.33
16.14
15.82
15.8
16.99
18.04
17.94
18.8
17.58
16.67
16.14
13.57
14.87
15.09
16.09
18.07
21.04
19.21
16.8
15.41
15.87
17.94
17.58
20.26
18.92
19.48
18.38
16.11
17.65
16.75
16.43
16.99
17.97
18.02
17.99
16.77
17.94
17.94
19.07
15.87
16.94
19.31
19.29
18.48
19.51
17.21
17.21
18.43
17.82
16.77
18.21
18.29
16.7
17.99
21.78
19.51
18.55
16.82
15.89
16.5
17.8
16.53
18.29
18.9
19.8
17.75
18.26
17.99
18.26
19.7
19.68
20.51
20.68
20.61
20.34
21.7
18.53
18.46
18.21
19.17
16.6
18.09
20.95
22.27
19.63
17.94
16.31
14.38
15.82
17.94
19.02
18.02
17.55
17.63
15.94
16.65
18.04
18.21
17.41
15.97
18.87
17.41
16.26
18.24
15.92
16.94
15.77
15.77
16.75
16.55
16.28
18.92
15.36
18.9
17.99
17.19
15.19
17.72
15.21
17.75
16.97
15.94
16.8
16.14
16.8
15.01
16.31
16.36
14.82
15.31
17.85
13.96
15.21
16.11
16.06
17.68
19.19
14.21
17.77
18.65
19.95
22.58
20.09
18.21
19.31
16.43
16.21
19.31
18.41
19.97
19.48
16.72
16.85
17.75
15.58
18.38
19.78
19.51
15.14
16.26
18.9
18.92
17.26
17.72
18.58
18.73
17.46
19.7
19.04
18.16
19.19
17.97
18.31
18.29
18.8
19.07
18.19
18.41
18.63
17.75
18.82
17.6
19.14
18.16
20.43
18.95
17.99
18.29
19.04
16.8
21.83
19.48
18.02
17.41
18.38
21.39
19.95
17.43
19.26
18.99
17.63
16.06
16.16
18.36
20.78
21.17
22.09
16.7
17.68
18.31
18.14
17.68
19.04
18.97
20.21
19.65
20.85
16.46
17.65
17.41
17.94
17.33
16.89
15.87
18.77
20.17
18.58
16.6
20.56
20.12
22.31
13.96
15.55
16.21
16.94
18.8
17.55
17.36
18.8
19.58
17.8
18.43
17.31
16.43
14.67
16.36
17.63
18.95
16.6
15.75
16.94
19.14
20.87
21.44
23.56
19.7
17.26
20.0
17.97
15.19
14.38
13.16
14.89
15.62
16.85
18.55
19.51
24.56
21.14
20.31
18.51
17.63
14.75
15.82
17.99
17.19
15.45
17.09
18.14
17.7
17.16
15.28
15.77
16.65
16.19
14.5
14.28
15.87
16.92
16.75
16.77
18.02
17.16
15.97
18.36
19.21
14.4
17.07
18.21
17.26
16.33
17.94
19.41
17.7
15.6
15.99
18.77
19.21
18.53
17.75
16.85
17.77
19.41
21.36
18.75
16.67
15.41
15.8
19.78
22.27
19.46
18.31
15.28
16.77
17.31
18.07
17.97
17.02
16.99
19.46
17.31
16.97
17.94
19.12
18.09
16.72
17.41
19.12
16.28
19.31
15.7
16.63
16.89
14.84
17.38
20.02
20.19
18.65
18.24
17.58
16.6
17.55
20.21
18.14
17.94
15.72
17.77
18.31
18.99
17.7
19.24
17.87
15.65
15.87
17.6
19.04
17.99
17.75
18.48
17.94
19.12
20.02
16.97
17.36
18.65
18.55
20.61
20.87
18.38
18.24
19.04
18.16
17.87
18.85
20.21
21.07
21.22
15.87
15.36
17.33
19.34
18.97
20.75
18.53
17.7
17.04
15.36
16.55
18.24
18.9
20.07
19.82
17.72
19.31
18.87
15.92
16.82
20.36
19.75
17.14
18.33
16.53
19.36
20.48
21.34
22.07
21.09
17.07
14.36
18.36
20.36
18.9
17.31
18.58
16.92
20.09
19.97
20.85
19.34
22.0
19.07
18.77
18.8
21.04
17.94
17.99
18.29
19.34
20.73
21.51
19.65
22.19
19.75
19.82
20.31
21.14
20.87
21.92
18.9
19.07
19.26
20.43
21.46
21.51
22.88
20.29
19.29
19.43
16.75
18.58
20.26
20.09
20.58
21.51
22.92
19.29
19.21
19.92
18.51
21.83
18.75
20.73
22.19
20.41
20.26
17.87
18.19
18.75
19.8
18.73
19.07
19.9
19.31
21.75
19.87
18.41
19.87
21.02
18.9
18.14
17.82
20.95
20.24
18.7
18.99
18.36
17.87
17.77
17.65
18.12
18.8
17.6
20.87
23.14
21.0
21.39
22.31
22.12
23.68
20.7
17.77
15.19
15.31
19.36
18.75
19.09
20.75
20.46
20.09
18.87
17.5
18.68
17.55
17.77
18.97
19.26
18.55
17.48
18.26
19.92
17.41
17.7
17.53
17.92
19.63
17.58
17.58
19.87
17.5
18.68
19.17
16.89
18.36
20.83
22.63
18.38
18.38
19.6
20.61
19.65
20.21
20.92
21.51
18.53
18.8
16.92
17.33
20.04
17.33
17.29
17.68
19.04
20.29
19.8
21.09
22.24
21.56
18.33
16.16
18.38
18.48
18.33
19.6
22.12
17.77
18.53
20.29
18.07
19.51
21.17
19.41
20.58
17.02
17.04
18.41
18.26
18.46
19.92
18.95
20.12
18.29
18.7
16.75
17.48
19.34
18.65
20.19
18.09
16.63
19.04
16.63
18.77
18.63
20.02
20.02
19.21
18.16
20.26
19.09
18.77
17.19
18.55
18.73
20.21
21.02
21.51
21.75
15.33
16.09
16.77
20.61
19.9
20.78
21.51
19.78
18.92
18.68
18.6
21.0
22.75
24.51
21.66
13.96
16.36
17.65
21.56
21.73
22.24
17.75
16.24
