29.64
29.88
29.3
30.32
30.13
30.71
0.0
29.93
30.13
30.18
30.57
30.13
29.83
30.18
29.69
29.44
29.49
29.3
29.1
29.59
29.54
29.54
29.2
29.54
28.96
28.76
28.61
28.91
28.71
28.61
28.42
29.0
29.05
28.96
28.86
28.42
27.83
27.29
27.39
27.15
27.05
26.46
26.12
25.59
25.2
24.19
23.56
22.83
22.22
21.66
20.95
20.92
21.02
20.29
19.82
17.82
18.48
17.41
15.84
15.41
15.11
14.58
13.96
13.6
13.13
12.72
12.44
12.01
11.46
11.29
10.91
9.998
9.717
9.363
9.021
8.801
8.521
8.13
7.886
7.532
7.361
7.068
6.946
6.848
6.543
6.36
6.195
6.055
5.75
5.518
5.353
5.249
4.98
4.681
4.425
4.517
4.218
4.047
3.876
3.784
3.68
3.638
3.479
3.424
3.186
3.085
2.994
3.009
2.896
2.887
2.737
2.734
2.679
2.67
2.481
2.499
2.46
2.383
2.426
2.405
2.487
2.661
2.536
2.686
2.621
2.679
2.594
2.728
2.771
3.018
3.168
3.137
3.247
3.314
3.461
3.534
3.577
3.607
3.778
3.925
4.022
4.309
4.364
4.559
4.651
4.669
4.913
5.176
5.316
5.273
5.444
5.597
5.859
6.097
6.299
6.592
7.251
7.739
8.13
8.752
9.265
10.19
10.24
10.69
11.06
11.57
11.95
12.5
12.6
13.21
13.7
13.92
13.87
14.01
14.45
14.82
15.23
15.43
15.45
15.55
15.7
16.28
16.28
16.63
16.63
17.02
17.65
0.0
3.815
16.28
18.6
19.29
19.51
20.02
20.04
19.97
19.78
20.0
20.65
21.9
22.36
22.17
21.12
21.68
21.88
22.0
22.02
22.07
22.22
22.56
22.95
22.49
22.27
22.53
23.0
23.1
23.44
23.27
23.44
23.22
23.49
23.88
24.0
24.54
24.76
25.0
24.88
25.39
25.54
25.88
25.98
26.12
26.61
27.34
27.54
28.22
28.71
28.66
28.52
28.47
28.17
28.22
28.47
28.56
28.47
28.61
28.71
28.76
28.96
28.56
29.15
29.05
28.52
28.76
28.61
28.61
29.25
29.0
29.05
29.15
29.25
29.25
29.25
28.91
29.39
28.96
29.0
29.49
29.25
29.54
29.3
29.74
29.3
29.35
29.69
29.74
29.69
29.79
29.54
30.62
0.0
28.17
30.52
31.01
31.05
29.74
30.62
29.98
29.88
30.57
29.44
30.71
29.44
29.49
29.2
28.91
29.39
29.59
29.35
29.49
29.44
29.25
29.15
29.2
29.0
29.1
29.05
29.25
28.96
29.1
28.56
28.32
28.56
28.91
28.91
28.96
29.05
28.81
29.0
28.91
28.47
28.12
27.98
27.83
27.15
27.1
25.83
25.29
24.12
23.73
23.29
23.14
22.49
21.7
21.31
20.75
20.07
19.26
18.75
17.94
17.09
16.46
15.97
15.48
14.89
14.28
13.82
13.28
12.79
12.41
11.87
11.35
11.15
10.47
9.998
9.534
9.155
9.082
8.801
8.228
8.057
8.142
7.751
7.495
7.385
7.007
6.97
6.665
6.085
5.841
5.487
5.243
5.157
4.913
4.822
4.712
4.547
4.388
4.376
4.248
4.028
3.888
3.772
3.815
3.68
3.668
3.424
3.351
3.174
3.168
3.073
2.969
2.899
2.783
2.765
2.649
2.725
2.615
2.603
2.634
2.563
2.521
2.518
2.6
2.545
2.658
2.579
2.545
2.734
2.74
2.841
2.982
3.131
3.308
3.357
3.607
3.674
4.016
4.077
4.315
4.297
4.474
4.767
4.797
4.974
5.17
5.182
5.487
5.817
6.189
6.287
6.458
6.238
6.555
6.848
7.007
7.092
7.312
7.434
7.544
7.617
7.886
8.533
9.253
9.741
10.39
11.08
11.68
12.28
12.74
13.23
14.48
14.87
15.04
15.41
16.04
16.31
16.58
16.89
16.97
17.31
17.7
0.0
18.09
18.19
18.29
18.43
18.46
18.8
19.04
19.68
19.9
20.0
20.39
20.34
20.87
20.8
20.78
21.09
21.14
21.34
21.63
21.8
22.14
22.49
22.53
22.49
22.51
22.39
22.51
22.63
23.36
24.54
24.39
23.36
23.29
23.32
23.75
23.56
23.19
23.39
23.07
23.19
23.29
23.19
23.32
23.19
24.02
23.75
23.41
23.14
23.12
23.58
23.56
23.56
21.95
21.39
21.29
22.17
23.02
23.24
23.32
22.85
22.95
23.36
23.71
24.02
24.8
24.76
25.1
25.63
25.88
26.86
27.0
27.25
27.64
27.49
27.73
28.47
28.56
29.15
29.59
29.05
29.15
29.39
29.1
29.0
29.44
29.44
29.59
30.03
29.64
30.32
30.57
30.42
30.66
30.37
29.59
0.0
30.47
29.98
30.27
29.39
29.64
29.59
29.44
29.1
30.32
30.18
30.32
30.22
29.98
29.25
29.2
29.44
29.59
29.69
29.74
29.39
29.98
29.39
29.15
29.05
29.05
29.15
29.1
29.3
29.54
29.15
29.2
29.35
29.49
29.39
29.54
29.35
29.44
29.15
29.44
29.64
29.54
29.54
29.83
29.39
29.44
28.56
27.54
26.76
26.46
25.59
24.71
24.12
23.46
23.14
22.53
21.97
21.48
20.9
20.26
19.56
18.9
17.72
17.33
16.48
15.99
15.48
15.01
14.31
13.99
13.65
13.18
12.7
12.32
11.68
11.3
10.47
10.12
9.644
9.729
9.351
8.704
8.496
8.032
7.69
7.642
7.263
6.873
6.616
6.335
6.36
6.024
5.701
5.597
5.383
5.298
5.487
5.078
4.846
4.633
4.419
4.395
4.132
4.114
3.894
3.821
3.68
3.546
3.394
3.357
3.503
3.333
3.235
3.29
3.18
3.055
3.033
2.939
2.924
2.893
2.798
2.762
2.798
2.795
2.704
2.786
2.829
2.847
2.945
2.878
2.899
2.93
2.982
3.113
3.125
3.326
3.461
3.638
3.564
3.723
4.01
3.961
4.187
4.333
4.523
4.755
5.023
5.072
5.359
5.627
6.152
6.03
6.519
6.665
6.604
6.763
6.97
7.104
7.288
7.544
7.739
7.971
8.179
8.618
8.875
9.521
10.01
10.88
11.68
0.0
12.02
13.18
13.89
14.48
14.84
15.23
15.04
15.26
15.62
15.99
16.41
16.89
17.21
17.9
18.12
18.53
18.65
18.99
19.07
20.34
20.48
20.73
20.92
21.19
21.41
21.51
21.66
22.14
22.41
22.36
22.71
22.75
22.66
23.39
23.46
23.32
23.58
23.51
23.49
23.83
23.93
24.0
23.85
24.1
24.19
24.27
24.27
24.34
24.32
24.39
24.32
24.46
24.63
24.93
25.05
26.42
26.66
26.71
26.95
26.81
26.9
26.56
26.76
27.34
27.98
28.12
28.52
29.1
29.1
28.91
28.71
28.71
28.91
28.76
29.1
28.86
29.05
29.0
29.25
29.2
29.3
