0.0
0.1255
0.004482
0.07048
0.676
0.6783
0.8041
0.7217
0.7965
0.7744
0.7874
0.8255
0.5913
0.6355
0.7454
0.3262
0.5173
1.053
0.602
0.9995
0.6897
0.7828
0.5569
0.6065
0.4799
0.6378
0.8484
0.8881
0.5737
1.202
1.013
1.141
1.093
1.16
1.314
1.198
1.003
0.5089
0.3197
0.4791
0.8408
0.8667
0.9735
1.054
0.8698
1.241
1.189
1.141
0.9933
0.6195
0.6897
0.6706
1.285
1.041
1.271
0.798
1.193
1.114
1.247
1.057
0.6111
1.219
1.06
0.8316
1.295
1.402
1.268
1.294
0.7721
1.129
0.7347
0.605
0.6027
0.4395
0.6355
0.647
1.027
0.9872
1.205
1.318
0.882
1.07
1.138
0.9689
0.8286
0.8362
0.5325
0.6012
0.5592
1.038
0.6783
0.7263
1.06
0.8942
0.5402
0.4906
0.9201
0.576
0.4509
0.5562
0.8179
0.618
0.8286
0.8469
0.8408
0.853
0.7736
0.7996
0.7294
0.9598
0.9964
0.3662
1.042
0.4524
0.4517
0.7668
0.6218
1.19
0.7515
0.7553
0.5188
0.3902
0.4013
0.8575
0.4105
0.7515
0.333
1.054
0.7141
0.5432
0.3952
0.6439
1.006
0.7339
0.5356
0.8255
0.4128
0.663
0.4692
0.2792
0.425
0.386
0.6042
0.7172
0.457
0.4524
0.602
0.4768
0.3101
0.5043
0.8087
0.6004
0.4257
0.6371
0.3769
0.7904
0.621
0.441
0.4539
1.172
0.6989
0.3681
0.8881
0.8545
0.8652
0.7263
0.8118
0.9949
0.8011
0.9094
1.038
0.9155
1.083
0.6378
0.2613
0.6638
0.6569
0.3635
0.5165
0.9445
0.7019
0.4967
0.634
0.6859
0.7668
0.7652
0.5928
0.4242
0.5562
0.6416
0.5211
0.7774
0.7172
0.4395
0.6432
0.695
0.7401
0.4974
0.6836
0.6279
0.7576
0.8545
0.7172
0.6485
0.3132
0.5646
0.7767
0.6531
0.5753
0.7431
0.7256
0.8224
0.7919
0.6355
0.7378
0.7339
0.602
0.7172
0.9369
0.9628
0.8865
0.8438
0.8957
0.6241
0.5295
0.3155
0.8789
1.01
0.853
0.592
0.8118
0.9323
1.073
0.8728
0.4921
0.9537
0.4196
0.8209
1.219
0.9995
0.8698
0.9872
0.9186
0.9384
0.7996
0.7553
0.721
0.8377
0.9048
0.8575
0.4227
0.4807
0.7378
1.378
0.5814
0.6851
0.9918
0.8469
1.035
0.8759
0.5188
0.3189
0.6699
1.051
0.8835
0.9659
0.9796
0.7256
0.8591
0.9628
0.827
0.7515
0.4272
0.6386
0.824
0.6996
0.2979
0.4929
0.7332
0.5043
0.3819
0.2628
0.6935
0.7713
0.7111
0.5104
0.6981
0.4112
0.4089
0.6081
2.502
