21.24
22.73
16.67
16.04
17.72
17.04
16.87
16.5
15.23
16.7
17.58
18.36
19.73
18.46
18.26
18.53
15.48
17.02
18.29
19.87
19.26
19.41
18.99
17.19
17.29
20.36
18.51
19.09
20.48
14.65
15.14
16.99
18.53
19.87
18.14
21.39
18.36
19.31
21.0
21.02
18.04
20.97
19.78
19.97
20.31
16.43
19.9
19.46
18.6
18.85
16.63
16.46
16.5
14.94
16.43
19.12
19.17
19.02
17.8
15.65
15.87
14.97
15.89
17.63
17.99
17.65
16.6
16.87
17.9
16.82
16.82
15.65
15.31
17.14
18.8
19.85
20.07
18.92
19.7
17.94
17.02
17.09
16.63
17.16
19.63
15.45
16.14
16.92
17.5
18.6
19.17
18.43
16.14
17.6
19.31
17.19
17.43
18.85
18.38
19.56
18.58
17.68
15.62
16.36
16.36
16.06
16.97
17.6
20.53
19.17
18.77
16.04
15.23
14.7
14.89
16.14
18.14
19.7
22.17
19.36
18.95
18.26
17.8
14.31
15.67
14.72
15.7
16.28
15.8
15.26
17.04
18.19
18.99
17.63
17.29
19.38
20.43
18.7
16.55
15.43
15.16
18.21
19.92
19.95
18.12
16.8
14.97
16.97
17.46
19.63
20.29
19.02
18.65
19.65
17.5
18.53
18.53
16.89
18.09
19.19
19.31
20.7
22.85
17.8
16.6
16.02
18.04
17.68
18.02
18.75
15.97
16.19
15.36
15.97
17.41
19.17
20.34
19.65
16.7
15.77
16.82
15.89
16.53
18.7
18.9
21.41
17.43
17.21
18.21
17.72
17.43
16.87
16.92
18.8
16.87
16.02
17.24
19.21
17.82
20.0
16.36
16.48
17.68
18.82
17.48
18.68
17.65
18.19
17.41
16.6
17.02
17.19
15.53
16.33
17.92
17.26
18.29
18.65
18.16
20.29
20.0
17.9
17.6
16.87
15.14
15.31
18.53
19.78
15.01
14.75
14.33
17.46
17.14
19.65
12.94
16.63
18.09
18.77
18.77
17.04
16.02
18.41
16.28
15.94
16.94
17.19
17.72
14.48
15.26
17.6
19.43
18.38
15.99
17.68
14.79
16.77
16.63
19.17
18.43
13.87
17.16
16.21
16.43
17.85
20.83
20.92
20.12
20.75
17.07
15.7
16.48
18.48
18.33
17.38
17.21
16.14
18.43
17.94
18.31
20.95
23.75
17.82
16.48
14.79
18.6
18.33
17.29
17.26
17.75
17.04
15.09
17.31
20.73
21.9
20.73
18.33
18.87
20.14
17.02
14.18
15.23
17.02
19.48
18.46
19.29
19.8
17.99
15.01
15.19
20.24
18.73
21.04
18.43
21.78
19.38
18.09
18.12
17.5
19.73
17.8
17.46
18.24
19.43
19.04
18.04
19.14
18.04
20.46
26.27
19.92
16.06
15.11
14.23
14.58
15.58
17.21
14.48
14.28
15.38
15.84
16.85
15.41
14.77
13.57
14.26
15.01
15.53
16.14
15.09
15.04
15.82
16.7
15.09
16.77
15.09
16.77
17.82
14.18
17.11
15.16
15.72
13.89
13.28
15.65
17.87
15.7
15.82
17.8
19.65
23.12
19.07
16.63
16.24
17.21
18.8
17.31
15.87
16.7
17.63
15.77
15.16
15.99
17.24
19.09
18.07
15.94
16.97
18.16
16.58
15.62
15.89
16.6
16.41
15.45
18.09
18.55
19.38
15.99
16.72
18.19
16.92
19.04
15.84
17.68
15.48
17.36
17.21
20.34
20.34
16.21
15.84
17.72
17.41
16.82
18.04
18.7
19.85
17.68
16.26
15.14
18.73
18.14
19.24
20.29
18.82
14.53
16.38
16.21
16.58
19.63
18.68
20.87
20.36
19.34
20.19
18.36
18.9
17.92
19.56
21.31
21.19
18.68
16.99
16.97
16.63
17.24
19.19
20.19
21.44
20.24
20.78
19.21
18.73
18.46
19.34
17.46
17.92
18.73
21.09
20.87
20.24
18.58
18.53
17.38
17.43
16.53
19.75
21.78
19.46
19.17
17.02
18.68
18.6
18.43
21.22
20.53
16.5
19.14
20.48
22.56
21.12
18.8
16.43
16.48
20.41
18.73
19.78
19.34
18.97
18.21
17.11
18.55
17.55
17.48
19.12
19.63
18.53
17.33
17.58
18.63
18.02
18.14
18.7
17.11
17.6
18.21
20.04
21.75
22.02
18.41
16.53
16.38
18.6
20.21
19.97
18.58
18.77
19.75
18.77
19.68
18.55
17.8
18.09
19.7
19.17
19.63
21.34
15.84
19.38
15.26
16.02
19.85
20.53
22.02
20.97
21.51
14.77
16.82
18.21
18.02
17.8
18.07
17.63
16.33
19.38
18.29
20.0
19.87
21.68
20.97
18.21
18.73
16.97
17.14
17.26
17.6
19.21
20.34
18.31
18.02
17.68
16.46
14.82
15.31
22.34
18.6
19.26
18.43
18.99
19.19
19.43
19.12
20.46
18.63
18.16
18.6
17.36
18.41
18.73
17.68
15.92
18.55
21.0
20.02
18.8
17.99
16.04
16.77
16.82
18.82
20.24
19.34
17.48
17.68
19.12
21.07
23.41
19.75
15.26
16.33
14.45
17.68
18.6
18.38
18.77
20.61
23.27
22.09
23.46
22.12
20.63
18.65
19.12
20.31
18.43
18.09
20.51
20.41
20.92
21.0
18.58
19.31
19.92
18.48
19.7
22.39
19.07
18.75
20.31
17.72
20.36
19.36
20.68
17.04
19.07
22.56
19.78
18.12
20.02
19.75
17.7
22.07
21.26
19.73
20.24
17.43
18.85
20.75
22.14
19.6
20.73
18.65
19.73
21.09
18.04
20.39
17.14
17.11
17.99
17.65
19.29
16.33
17.8
22.88
20.87
18.87
16.09
18.53
18.14
17.33
18.53
17.48
21.7
18.92
17.41
16.63
17.53
17.48
18.48
19.02
20.21
20.63
19.8
16.82
15.94
17.41
22.58
20.07
17.82
18.29
19.02
21.29
22.17
20.95
16.41
17.53
19.8
18.36
18.51
17.94
