0.0
0.0
0.0
0.0
0.0
0.0
0.0
0.0
0.0002861
0.0
0.0
0.0
0.0
0.0
9.537e-05
0.0
0.0
0.0
0.0
0.0
9.537e-05
0.0
0.0
0.0
0.0
0.0
0.0
0.0
0.0
0.0
9.537e-05
0.0
0.01154
0.06847
0.8774
0.8514
0.9888
0.8804
0.7622
1.956
4.913
4.248
3.699
0.3998
0.2632
0.8209
0.9583
0.9644
0.8987
2.448
5.774
4.138
0.8774
0.1635
0.576
0.8728
0.9506
1.134
1.089
6.11
4.041
1.208
0.2716
1.009
0.8896
0.8865
0.9094
3.314
5.389
3.448
0.7072
0.5638
0.1087
0.2426
0.3906
0.1696
0.3754
0.2354
0.2151
0.7256
0.8652
0.8865
0.7805
2.42
3.845
3.473
2.167
0.362
0.4265
0.6294
0.6241
0.6607
0.7057
0.724
5.597
2.512
2.316
0.6088
0.1953
0.1629
0.1694
0.3777
0.7133
1.079
1.003
0.9338
4.376
3.65
2.414
0.05455
0.8698
1.106
1.025
1.141
5.432
4.126
1.427
0.3929
0.3616
0.5547
0.5646
0.1818
0.5058
0.2506
0.7088
0.1972
0.853
1.028
0.9613
1.321
1.485
4.791
5.109
3.406
0.8133
0.4501
0.144
0.5569
0.02632
0.7996
0.8514
1.222
1.007
5.347
3.436
2.094
0.1024
0.8957
1.028
0.8698
0.8438
2.249
3.552
4.26
2.673
1.053
0.6126
0.3342
0.1814
0.4959
0.9003
0.9308
0.7996
0.8942
5.548
3.894
2.17
0.6889
0.5005
0.3643
0.1217
0.4318
0.3834
0.6241
0.3609
0.1606
0.322
0.1629
0.547
0.6592
0.3613
0.2647
0.1839
0.3452
0.01354
0.0003815
0.0004768
0.01554
0.3387
0.4494
0.238
0.3361
0.3078
0.1787
0.1148
0.09604
0.3002
0.193
0.256
0.04892
0.1123
0.09298
0.2884
0.148
0.1816
0.2129
0.07315
0.1503
0.1547
0.3719
0.05245
0.2052
0.3815
0.08345
0.2052
0.2476
0.2769
0.135
0.2678
0.1368
0.4776
0.09842
0.3632
0.09241
0.1116
0.1081
0.3338
0.1398
0.1648
0.2666
0.1902
0.1266
0.2625
0.2186
0.03605
0.2682
0.1925
0.1894
0.2537
0.3017
0.006008
0.1383
0.156
0.1621
0.4784
0.2243
0.2552
0.1638
0.3311
0.3605
0.3998
0.4028
0.2117
0.08612
0.1125
0.3201
0.06218
9.537e-05
0.1726
0.2384
0.1007
0.2617
0.1453
0.174
0.4128
0.1064
0.5722
0.5951
0.1074
0.1595
0.2571
0.164
0.2895
0.1144
0.3162
0.09661
0.1329
0.3719
0.01507
9.537e-05
0.0
0.00515
0.2182
0.2934
0.1511
0.1976
0.05827
9.537e-05
0.2857
0.325
0.272
0.2354
0.1556
0.2647
0.2316
0.2811
0.2125
0.116
0.3571
0.1448
0.0
0.0
0.0
0.0
0.0
0.005722
0.1139
0.1186
0.3208
0.1749
0.1871
0.4074
0.2018
0.1404
0.2842
0.1087
0.301
0.3838
0.09995
0.0947
0.1019
0.3262
0.296
0.1455
0.2556
0.1444
0.0001907
0.0
0.0
0.00391
0.1732
0.1043
0.1556
0.243
0.2037
0.2769
0.1762
0.07734
0.07524
0.1461
0.3216
0.1129
0.2277
0.1041
0.1543
0.3868
0.2914
0.0596
0.0
0.0
0.0
0.0
0.0
0.004387
0.1045
0.4463
0.6271
0.2342
0.2525
0.251
0.1152
0.103
0.02651
1.083
2.069
2.054
1.898
1.901
1.956
1.938
1.971
1.959
2.38
2.316
2.362
2.072
2.005
1.88
1.843
1.587
1.721
1.779
2.142
2.094
5.67
5.469
3.302
6.604
7.385
7.434
6.848
4.248
3.967
2.225
0.914
1.81
2.258
2.344
2.094
2.014
1.984
2.301
2.234
1.932
2.008
1.974
1.785
2.094
2.005
2.039
1.996
2.014
2.103
2.148
4.413
7.019
3.094
4.681
5.2
8.875
6.189
7.751
4.425
3.516
2.756
1.868
0.1366
1.172
1.413
1.52
1.541
1.611
1.785
2.216
2.261
2.139
2.127
1.852
2.039
1.907
1.791
1.758
1.862
2.335
1.95
1.941
2.075
2.142
5.255
6.079
2.56
5.92
8.875
7.715
6.946
4.541
3.979
2.652
1.721
0.8911
1.299
1.584
1.599
1.779
1.614
1.761
1.877
1.962
1.965
2.039
1.868
1.95
1.825
1.74
1.706
1.636
1.663
1.691
1.822
1.776
1.74
1.974
5.707
7.336
3.265
5.09
6.848
6.763
7.678
7.373
4.559
4.199
1.849
1.378
1.06
2.136
1.947
1.938
1.813
2.017
2.014
1.874
2.176
2.148
2.005
1.865
1.993
1.88
1.709
1.898
1.81
1.797
1.91
1.862
2.432
7.166
3.748
6.171
4.608
7.483
6.458
4.84
6.677
3.705
3.479
3.046
1.076
1.192
0.9842
1.624
1.611
1.593
1.488
1.749
1.834
1.74
1.74
1.822
1.874
1.703
1.816
1.831
1.874
1.865
1.727
1.929
1.907
2.39
2.267
1.929
2.71
8.252
3.284
6.299
6.604
7.141
7.056
4.608
3.815
2.49
1.073
0.7256
1.114
1.378
3.687
1.241
0.4639
0.5959
1.357
3.015
2.322
0.415
0.6683
1.193
2.606
2.594
0.9613
0.3536
0.6317
0.9827
1.375
3.735
1.755
0.5234
0.1848
0.1112
0.08364
0.4128
0.0679
1.036
1.602
1.706
1.62
1.788
1.868
2.026
2.182
1.953
2.24
2.066
2.206
2.286
2.087
1.804
1.935
1.999
2.222
1.889
2.234
3.949
7.373
5.914
5.182
8.716
7.446
5.579
4.565
4.016
1.299
1.018
1.042
1.424
1.28
1.518
1.364
1.448
1.288
1.485
1.39
1.456
1.299
1.556
1.776
1.611
1.822
1.868
1.721
1.66
1.694
1.486
1.627
1.537
1.544
1.828
1.926
1.926
3.809
7.129
2.917
5.237
5.481
8.496
6.58
5.286
3.809
4.095
3.235
1.724
0.2865
1.141
1.183
1.086
1.001
0.9903
1.143
1.126
1.051
1.105
0.9537
1.161
1.03
1.05
0.972
1.009
1.025
1.083
1.01
0.9705
1.01
1.051
1.054
0.9918
0.9338
1.146
1.06
1.141
1.295
1.361
1.459
1.486
1.785
1.923
1.694
3.51
7.178
3.107
5.206
3.906
6.189
5.719
4.694
6.195
5.371
4.077
4.291
1.978
1.353
0.2754
0.1228
0.09212
0.2522
0.1207
0.7401
1.181
1.399
1.135
1.07
1.212
1.321
1.485
1.445
1.527
1.283
1.543
1.831
1.697
1.797
1.755
1.825
1.755
1.834
1.642
1.813
2.045
1.883
2.002
1.688
1.807
6.775
5.029
2.271
4.95
5.45
6.982
6.921
5.865
6.384
4.303
3.967
1.965
2.039
0.6966
0.3166
0.1213
0.5981
0.4707
0.259
0.1009
0.08736
0.2972
0.1423
0.5447
0.1423
0.2449
0.1226
0.3632
0.3597
0.1057
0.119
0.1837
0.2388
0.3727
0.3613
0.4646
0.1808
0.1175
0.08078
0.3654
0.2579
0.2644
0.275
0.172
0.2144
0.1081
0.09623
0.3151
0.1198
0.293
0.3044
0.3513
0.2831
0.1169
0.123
0.3418
0.1221
0.2151
0.2148
0.2869
0.3132
0.2861
0.2895
0.2979
0.2159
0.219
0.1995
0.1179
0.1591
0.2708
0.0002861
0.0
0.0
0.0
0.0
0.0
0.0
0.0
0.0
0.0
0.0
0.0
0.0
0.0
0.0
0.1257
0.666
0.4845
0.8987
0.6393
0.2972
0.5165
0.708
0.4997
0.9857
0.1711
