43.21
43.21
43.21
43.12
38.57
16.97
16.36
19.75
20.24
18.58
20.68
18.33
12.52
12.12
10.88
10.88
10.89
10.89
10.89
10.95
13.26
22.56
24.85
14.04
13.48
12.96
13.28
12.96
13.13
13.89
13.26
23.05
24.88
14.33
13.53
13.01
20.68
25.78
13.92
11.17
10.88
10.89
10.89
12.41
17.31
26.46
18.95
14.97
25.68
21.29
13.35
13.38
13.16
12.96
18.19
29.79
30.91
31.69
31.59
30.91
28.81
25.68
25.44
18.87
29.93
41.02
43.07
43.12
43.16
43.16
43.16
43.16
43.16
43.16
43.16
43.16
43.16
43.16
43.12
43.12
43.12
43.16
43.16
43.16
43.16
43.16
43.21
43.21
43.21
43.21
43.21
43.26
43.21
43.21
43.21
43.21
42.77
39.7
19.68
15.8
18.43
20.26
18.21
20.09
19.95
15.09
12.57
20.34
26.32
15.48
22.44
29.54
31.2
31.4
31.49
28.66
27.49
24.76
24.71
17.9
34.13
41.46
43.07
42.87
42.58
42.58
42.58
42.58
42.58
42.53
42.58
42.58
42.58
42.82
43.07
43.12
43.12
42.92
42.92
42.97
42.97
43.02
43.02
43.02
43.02
43.02
43.02
43.02
43.02
41.94
23.61
15.97
16.46
19.7
19.36
19.7
19.97
16.19
12.33
15.84
29.44
30.71
31.4
31.49
29.44
27.1
24.93
20.87
28.27
41.6
43.07
42.97
42.77
42.72
42.72
42.77
42.77
42.72
42.77
42.72
42.77
42.77
43.07
43.07
43.12
43.12
43.16
43.07
42.97
42.82
42.82
42.82
42.82
42.82
42.82
42.82
42.82
42.82
42.72
42.14
33.3
16.41
15.92
18.65
20.51
18.55
19.34
19.34
15.06
12.46
18.95
29.35
30.96
31.79
31.54
29.83
27.73
25.49
25.05
19.51
39.21
42.97
43.07
42.82
42.77
42.77
42.77
42.77
42.72
42.77
42.77
43.12
43.16
43.07
43.07
43.12
43.16
43.16
43.16
43.16
43.16
43.16
43.21
43.21
43.21
43.21
43.26
43.21
43.21
43.21
43.07
41.6
19.95
15.7
17.68
20.63
18.46
18.8
18.92
14.48
12.55
20.12
29.64
30.86
31.45
31.4
30.13
27.88
24.73
24.66
16.87
35.01
41.6
42.92
43.12
42.63
42.58
42.58
42.58
42.58
42.58
42.58
42.58
42.63
42.58
43.02
42.92
42.92
42.97
42.97
42.97
42.97
42.97
43.02
43.02
43.02
43.07
43.02
43.02
43.02
42.92
36.57
16.8
16.21
18.48
21.04
19.29
19.9
18.77
12.44
11.32
10.96
10.89
10.89
10.89
10.89
10.89
10.89
10.89
10.89
10.89
10.89
10.89
10.89
10.89
10.89
10.89
10.89
10.89
10.89
10.89
10.89
10.89
10.89
10.89
10.89
10.89
10.89
10.89
10.89
10.89
10.89
10.89
10.89
10.89
10.89
10.89
10.89
10.89
10.89
10.89
10.89
10.89
10.89
10.89
10.89
10.89
10.89
10.89
10.89
10.89
10.89
10.89
10.89
10.89
10.89
10.89
10.89
10.89
10.89
10.89
10.89
10.89
10.89
10.89
10.89
10.89
10.89
10.89
10.89
10.89
10.89
10.89
10.89
10.89
10.89
10.89
10.89
10.89
10.89
10.89
10.89
10.89
10.89
10.89
10.89
10.89
10.89
10.89
10.89
10.89
10.89
10.89
10.89
10.89
10.89
10.89
10.89
11.21
15.5
39.94
43.02
43.07
43.16
43.16
43.16
43.16
43.12
43.12
43.16
43.12
43.12
43.12
43.12
43.12
43.12
43.07
43.12
43.07
43.16
43.16
43.21
43.21
43.21
43.21
43.26
43.21
43.26
43.26
38.33
15.75
19.14
21.14
22.68
13.72
11.74
14.48
40.14
43.07
43.07
43.16
43.16
43.16
43.16
43.12
43.12
43.16
43.12
43.12
43.12
43.12
43.12
43.12
43.07
43.12
43.07
43.12
43.16
43.21
43.21
43.21
43.21
43.21
43.21
43.21
43.26
36.38
16.21
19.7
21.46
20.34
12.43
12.43
27.39
43.02
43.07
43.12
43.21
43.21
43.16
43.16
43.12
43.16
43.16
43.16
43.12
43.16
43.12
43.12
43.12
43.16
43.07
43.12
43.07
43.16
43.12
43.21
43.21
43.21
43.21
43.26
43.26
43.21
43.26
43.31
29.1
15.72
18.87
21.88
20.97
13.82
11.72
13.55
35.6
43.07
43.07
43.12
43.16
43.16
43.16
43.12
43.12
43.16
43.16
43.12
43.12
43.16
43.12
43.12
43.12
43.07
43.12
43.16
43.16
43.16
43.21
43.21
43.21
43.21
43.26
43.21
43.21
43.26
43.31
42.04
18.31
17.38
20.75
22.95
15.53
11.95
13.38
35.55
43.07
43.07
43.12
43.16
43.16
43.16
43.16
43.12
43.16
43.16
43.16
43.12
43.12
43.12
43.12
43.12
43.16
43.07
43.12
43.12
43.16
43.16
43.21
43.21
43.21
43.21
43.26
43.26
43.21
43.26
43.26
43.31
37.11
15.5
18.99
21.51
21.12
13.53
11.55
12.22
28.91
42.92
43.16
43.21
43.31
43.31
43.31
43.31
43.26
43.26
43.31
43.26
43.26
43.26
43.31
43.36
43.36
43.31
43.26
43.31
43.31
43.31
43.41
43.41
43.41
43.41
43.46
43.46
43.41
43.46
43.31
38.18
16.38
16.85
20.85
22.24
16.19
12.19
12.24
25.63
42.82
43.02
43.12
43.16
43.16
43.16
43.12
43.12
43.16
43.16
43.12
43.12
43.12
43.12
43.12
43.12
43.07
43.07
43.16
43.12
43.21
43.21
43.21
43.21
43.26
43.21
43.21
43.26
42.14
18.24
16.8
21.0
23.1
15.38
12.06
12.32
25.83
42.82
43.02
43.07
43.16
43.16
43.16
43.16
43.12
43.12
43.12
43.12
43.12
43.12
43.12
43.12
43.12
43.12
43.02
43.12
43.12
43.16
43.12
43.21
43.21
43.21
43.21
43.21
43.26
43.21
43.21
43.26
43.26
43.31
25.83
16.55
20.53
22.12
18.14
12.46
12.46
27.44
42.53
43.02
43.12
43.16
43.02
42.97
42.97
42.92
42.92
42.97
42.97
42.97
42.92
42.97
42.97
42.97
42.92
42.97
43.07
43.12
43.12
43.16
43.16
43.21
43.21
43.21
43.21
43.26
43.26
43.21
43.21
43.26
43.16
25.54
15.89
18.36
20.46
20.95
15.94
12.15
12.37
24.66
42.72
43.07
43.07
43.07
42.82
42.77
42.77
42.92
43.02
43.16
43.16
43.16
43.12
43.16
43.16
43.16
43.16
43.12
43.07
43.12
43.16
43.16
43.16
43.21
43.21
43.21
43.21
43.21
43.26
43.26
43.21
43.26
43.21
26.42
15.92
19.48
22.34
20.12
12.7
11.27
10.95
13.72
37.94
43.07
43.07
43.12
43.21
43.21
43.16
43.16
43.12
43.16
43.16
43.16
43.12
43.12
43.16
43.16
43.12
43.16
43.12
43.07
43.12
43.16
43.12
43.21
43.21
43.21
43.21
43.21
43.26
43.26
43.26
