0.0
0.9872
1.247
2.783
16.85
16.58
17.77
16.65
17.09
19.21
16.31
17.43
15.58
13.94
17.38
17.55
18.09
16.33
18.31
17.68
16.65
10.13
13.67
15.8
17.33
15.55
16.33
17.41
16.36
18.33
17.11
15.6
13.62
14.18
15.87
17.75
17.14
16.43
15.43
17.85
18.41
15.31
19.09
18.7
14.28
16.72
13.53
16.77
17.92
15.06
13.65
16.67
17.7
18.43
18.51
15.55
14.23
17.29
17.7
17.85
18.65
18.48
17.21
19.29
15.84
15.89
16.06
17.8
15.89
14.26
15.19
17.04
16.58
18.04
18.48
17.14
15.04
17.07
15.45
15.38
18.07
18.04
16.04
16.48
14.87
15.11
14.21
17.68
17.85
15.21
16.97
15.33
16.24
16.43
15.06
16.67
17.11
13.96
15.26
17.97
14.45
17.94
17.8
16.02
16.72
14.45
14.26
16.7
15.26
14.04
17.31
16.8
17.04
13.79
13.99
16.43
14.18
16.7
17.58
16.06
15.31
16.72
13.72
12.08
15.82
12.74
14.26
12.37
14.62
13.77
15.94
14.72
18.26
14.4
15.53
18.02
13.62
17.5
17.85
15.72
16.97
16.65
13.94
15.58
14.94
17.75
17.94
14.99
16.46
15.75
15.94
15.53
14.92
16.92
17.11
13.55
15.38
13.48
13.35
11.85
9.229
4.102
5.579
3.098
2.271
7.703
13.4
12.26
14.21
14.89
14.31
17.04
14.16
16.97
18.09
16.04
15.55
17.58
15.72
15.77
15.6
15.89
15.38
