0.02489
0.02851
0.03185
0.02947
0.01993
0.02537
0.02394
0.035
0.02909
0.01879
0.03958
0.02432
0.03147
0.02861
0.02146
0.02441
0.0247
0.033
0.02985
0.03319
0.02804
0.02623
0.02146
0.02537
0.02804
0.03128
0.04272
0.03242
0.02394
0.02222
0.033
0.03166
0.02832
0.02308
0.02575
0.03347
0.02775
0.02756
0.0309
0.05198
0.02642
0.02851
0.01335
0.02537
0.03052
0.02489
0.02956
0.04854
0.02804
0.02003
0.02604
0.02308
0.03214
0.03738
0.1461
0.0721
0.01898
0.01926
0.02861
0.02489
0.02594
0.03519
0.02365
0.02623
0.0309
0.01469
0.02785
0.02623
0.0004768
0.02508
0.02718
0.02508
0.02165
0.02079
0.0205
0.02546
0.02584
0.02413
0.0412
0.02012
0.02203
0.0248
0.02527
0.02556
0.02346
0.02565
0.02308
0.02289
0.02413
0.02537
0.02031
0.0246
0.02861
0.01097
0.01974
0.03691
0.02432
0.02699
0.02451
0.02851
0.02823
0.01984
0.02728
0.02403
0.02193
0.02537
0.02441
0.0185
0.02012
0.02718
0.02766
0.02584
0.02155
0.02069
0.0267
0.02003
0.03052
0.02413
0.01984
0.02642
0.02337
0.02041
0.02804
0.02689
0.02146
0.02909
0.02222
0.0309
0.0246
0.0227
0.02003
0.0247
0.02546
0.01125
0.01974
0.02146
0.02489
0.02775
0.02222
0.02327
0.02956
0.04282
0.02069
0.0268
0.03605
0.02794
0.0248
0.02975
0.02518
0.02642
0.0248
0.02012
0.02079
0.02737
0.03958
0.03004
0.02718
0.02403
0.02909
0.02117
0.0248
0.02985
0.04282
0.02174
0.02117
0.02651
0.03366
0.02222
0.02079
0.02623
0.02127
0.02089
0.02508
0.02518
0.02499
0.01945
0.03843
0.03672
0.04272
0.03786
0.03691
0.03939
0.03891
0.05045
0.04435
0.03748
0.04873
0.04129
0.03843
0.04539
0.04044
0.03633
0.04826
0.04168
0.03796
0.08011
0.06628
0.05426
0.03824
0.05245
0.04663
0.03967
0.04292
0.04253
0.04177
0.0392
0.02432
0.05322
0.03672
0.04196
0.04768
0.05283
0.03796
0.04873
0.04416
0.05054
0.04568
0.04396
0.04072
0.04702
0.03576
0.0452
0.05007
0.04272
0.05941
0.04177
0.04768
0.04215
0.05045
0.04511
0.04349
0.04311
0.04702
0.03967
0.05035
0.04826
0.05388
0.04969
0.03986
0.05302
0.04482
0.0577
0.04587
0.04454
0.04444
0.04387
0.04539
0.0433
0.04911
0.04444
0.03595
0.04473
0.037
0.04463
0.04797
0.04206
0.04301
0.04129
0.04005
0.03624
0.03662
0.04148
0.04034
0.03958
0.03777
0.04387
0.04034
0.04253
0.03977
0.04692
0.05026
0.04473
0.04435
0.05178
0.04721
0.0493
0.04749
0.04816
0.04168
0.04787
0.0412
0.03662
0.03815
0.04377
0.04272
0.04721
0.0473
0.04511
0.04463
0.04368
0.04845
0.04187
0.04358
0.03881
0.037
0.04358
0.0392
0.03519
0.03347
0.04311
0.03748
0.04034
0.04463
0.0493
0.04454
0.04416
0.04416
0.03939
0.04416
0.04749
0.03948
0.03576
0.04034
0.0453
0.04911
0.04139
0.03977
0.04749
0.04759
0.04187
0.04015
0.04416
0.0493
0.04511
0.03767
0.04721
0.03967
0.04635
0.03176
0.04683
0.04234
0.04148
0.03929
0.03786
0.0515
0.04425
0.04053
0.04244
0.03805
0.03901
0.03653
0.02613
0.03633
0.03824
0.04015
0.03204
0.03815
0.0349
0.03166
0.03443
0.02947
0.037
0.03099
0.04129
0.03843
0.03958
0.04101
0.03691
0.04377
0.03815
0.03872
0.03557
0.03548
0.03595
0.02737
0.03281
0.03147
0.03033
0.03862
0.0351
0.03328
0.0351
0.03214
0.0329
0.02642
0.0351
0.03138
0.03052
0.04034
0.03386
0.03204
0.03633
0.03033
0.03233
0.03214
0.03109
0.0268
0.03033
0.02613
0.02422
0.02604
0.02537
0.03099
0.02403
0.02432
0.02527
0.04883
0.04053
0.03109
0.02337
0.02193
0.03014
0.02499
0.0248
0.02298
0.02346
0.02384
0.03119
0.02527
0.02337
0.02089
0.02832
0.02108
0.02794
0.0267
0.02937
0.03176
0.02728
0.03157
0.02632
0.02375
0.02489
0.03395
0.02851
0.03119
0.03471
0.04168
0.02995
0.02346
0.02775
0.02832
0.02613
0.03586
0.02632
0.02527
0.03462
0.03204
0.01888
0.0268
0.02871
0.02775
0.0267
0.02861
0.02851
0.02403
0.0248
0.02584
0.03443
0.03195
0.02842
0.02708
0.06561
0.02203
0.033
0.02708
0.02689
0.02518
0.0268
0.02499
0.02546
0.02413
0.02451
0.02193
0.03033
0.0205
0.02327
0.02584
0.02241
0.02222
0.02909
0.02642
0.03004
0.0
0.02537
0.399
0.02432
0.02632
0.02861
0.03176
0.05007
0.03576
0.04148
0.05493
0.04911
0.05178
0.05121
0.04215
0.04473
0.04349
0.0412
0.03586
0.04683
0.05674
0.03357
0.02909
0.03519
0.03347
0.02861
0.02537
0.02384
0.02489
0.05789
0.02947
0.03214
0.02365
0.04053
0.03796
0.03366
0.03767
0.03633
0.03862
0.04549
0.03729
0.04177
0.04005
0.04349
0.08764
0.05093
0.03948
0.04702
0.0452
0.04368
0.04673
0.04482
0.04044
0.04644
0.04635
0.0514
0.04101
0.05732
0.04492
0.0474
0.03958
0.05178
0.03967
0.1238
0.04311
0.05236
0.04606
0.05226
0.05007
0.05436
0.03881
0.05465
0.04053
0.03777
0.04358
0.04807
0.04587
0.04177
0.04158
0.04311
0.04444
0.04692
0.03633
0.03881
0.04148
0.03967
0.03777
0.04435
0.03948
0.03872
0.033
0.04587
0.0473
0.04492
0.04148
0.04978
0.04625
0.04568
0.03786
0.03452
0.04368
0.04244
0.04492
0.04253
0.04463
0.03719
0.04072
0.04606
0.03901
0.03414
0.03824
0.0392
0.03948
0.04158
0.04797
0.04759
0.04425
0.0493
0.03605
0.04692
0.03633
0.05302
0.04559
0.03872
0.04702
0.03653
0.04206
0.03872
0.04272
0.05064
0.03967
0.03672
0.0392
0.04454
0.04234
0.04005
0.05388
0.04807
0.05846
0.05016
0.04244
0.04435
0.05016
0.03834
0.03729
0.04444
0.04578
0.06475
0.04339
0.04072
0.04692
0.03357
0.04406
0.08211
0.03834
0.04616
0.1143
0.0391
0.04778
0.04339
0.0494
0.04396
0.03633
0.03052
0.03986
0.03748
0.03872
0.05054
0.04816
0.04559
0.04339
0.05665
0.04282
0.04406
0.04816
0.04854
0.04768
0.04005
0.04044
0.02966
0.03824
0.03786
0.035
0.03824
0.03805
0.03347
0.04025
0.0452
0.03567
0.02785
0.03815
0.03242
0.03462
0.02604
0.03386
0.01936
0.03452
0.03757
0.04082
0.02861
0.02737
0.03052
0.0309
0.02661
0.02975
0.02241
0.02756
0.03691
0.02403
0.02899
0.03338
0.02775
0.02689
0.02804
0.02985
0.02804
0.02651
0.02842
0.03147
0.0268
0.03681
0.02174
0.0289
0.02222
0.02556
0.02022
0.03052
0.02499
0.02804
0.02375
0.0227
0.01955
0.03595
0.0267
0.02794
0.02918
0.03576
0.02289
0.02661
0.02928
0.03033
0.01793
0.02117
0.0248
0.03347
0.03195
0.02546
0.01955
0.0246
0.03529
0.02651
0.0267
0.02651
0.0309
0.0248
0.02813
0.03195
0.02518
0.02546
0.02441
0.02785
0.02337
0.02689
0.03099
0.02251
0.03014
0.02565
0.06733
0.02346
0.03014
0.1371
0.02823
0.02794
0.03033
0.02613
0.02432
0.02441
0.005341
0.01755
0.03071
0.02241
0.02165
0.02356
0.02861
0.02403
0.02279
0.02594
0.03004
0.01936
0.0268
0.02804
0.02565
0.0227
0.02975
0.0308
0.02184
0.02108
0.02632
0.02537
0.02508
0.02069
0.02775
0.03023
0.02232
0.02432
0.03576
0.03662
0.03357
0.03595
0.04158
0.03786
0.03901
0.03357
0.03424
0.03281
0.03633
0.03633
0.0308
0.03843
0.03529
0.03529
0.03042
0.02966
0.02623
0.03242
0.03147
0.0329
0.03023
0.03223
0.03548
0.03347
0.03853
0.03681
0.03042
0.03214
0.03481
0.03309
0.03014
0.03166
0.04063
0.033
0.03872
0.02623
0.02947
0.03366
0.03386
0.03443
0.037
0.03147
0.04015
0.03119
0.03958
0.03023
0.03595
0.04139
0.0308
0.03405
0.03319
0.04292
0.05779
0.03548
0.03338
0.035
0.03777
0.03662
0.035
0.06857
0.03414
0.03557
0.03214
0.02623
0.0349
0.04015
0.03004
0.02937
0.04606
0.03176
0.03262
0.03643
0.03796
0.06266
0.03939
0.03147
0.03452
0.02489
0.03386
0.03185
0.03786
0.03805
0.02642
0.02832
0.03204
0.0267
0.03691
0.03805
0.03128
0.03004
0.03185
0.04368
0.03529
0.03624
0.03929
0.0268
0.03672
0.0329
0.03948
0.02937
0.03901
0.03042
0.03271
0.1339
0.06056
0.02842
0.03481
0.03166
0.03147
0.0309
