0.0
0.0
0.0
3.802
0.3311
0.001335
0.001335
0.00124
0.002384
0.001431
0.001621
0.001907
0.001526
0.001621
0.001812
0.001431
0.002289
0.001907
0.001144
0.001621
0.001621
0.002098
0.001049
0.001049
0.00124
0.001335
0.002575
0.001335
0.0007629
0.0008583
0.2293
0.0003815
0.0
0.0
0.0
0.0
1.076
0.001526
0.002289
0.002003
0.001621
0.0005722
0.00267
0.002861
0.001431
0.001431
0.001526
0.001526
0.00248
0.002861
0.002766
0.0009537
0.0009537
0.002193
0.002098
0.001717
0.003147
0.001812
0.001812
0.0007629
0.001907
0.00124
0.0006676
0.003242
0.0
