22.24
22.8
24.02
23.85
23.66
21.63
21.95
22.34
22.39
22.39
22.36
22.09
22.56
22.83
23.46
23.68
23.61
22.27
21.92
22.31
23.44
20.95
22.09
22.02
21.46
22.53
16.16
12.3
0.07515
0.0
0.007439
7.715
22.24
22.14
22.02
22.07
22.0
21.73
22.09
22.17
22.19
18.95
22.58
9.875
0.2064
0.0
0.0
12.34
20.56
21.02
21.02
19.8
19.73
22.05
22.14
20.8
22.56
21.61
22.27
18.12
22.95
23.0
23.56
23.12
23.14
21.9
23.17
23.34
23.46
22.12
20.65
23.14
13.04
0.1202
0.0
0.009727
21.07
23.73
23.61
23.73
23.8
23.54
23.66
23.88
23.85
23.63
23.32
23.58
23.54
23.27
13.26
0.007343
0.0
0.09508
10.29
20.43
21.51
21.04
20.8
21.34
21.51
21.51
21.58
20.63
20.24
20.65
21.09
16.89
20.95
21.26
21.29
21.44
21.09
21.41
12.72
0.001907
9.537e-05
0.006771
0.2823
0.004673
9.537e-05
0.001526
0.001907
0.001621
4.175
20.97
5.42
0.1831
0.0
