20.7
18.46
12.6
17.58
20.83
20.75
18.38
11.25
8.911
8.85
9.033
8.679
11.62
19.63
20.85
19.75
14.16
7.227
6.677
6.409
6.714
9.094
8.765
8.521
11.25
19.65
20.83
19.6
17.85
10.89
8.887
8.85
8.728
8.875
14.6
16.33
17.02
17.5
17.87
18.04
18.31
18.53
18.75
16.97
14.97
13.77
12.4
12.12
10.67
18.87
20.83
19.95
16.43
12.62
15.97
16.8
17.33
17.75
17.99
18.26
18.51
17.85
15.58
14.75
13.45
11.96
11.45
15.62
16.58
17.11
17.6
17.92
18.21
18.43
17.82
15.48
14.5
13.38
12.79
9.399
8.545
9.167
8.716
8.789
8.447
8.618
12.92
20.12
20.85
20.61
18.58
16.06
15.67
16.63
17.16
17.6
17.9
18.09
18.41
17.46
15.01
14.5
13.82
13.11
10.24
18.58
20.85
20.56
17.97
17.43
11.34
15.38
20.61
20.85
19.56
15.65
9.509
9.851
11.04
18.24
20.61
20.58
18.46
13.21
15.6
20.53
20.78
19.24
17.55
14.06
10.5
15.53
16.58
17.19
17.75
17.99
18.21
18.46
16.99
14.84
13.77
12.08
9.595
9.729
9.094
9.363
9.338
9.79
8.972
9.827
8.74
9.619
9.119
9.143
9.436
9.631
9.595
9.18
9.07
13.35
16.19
16.99
17.46
17.9
18.12
18.38
17.97
15.5
14.48
13.06
12.6
9.814
9.131
13.79
20.19
20.85
20.19
16.58
11.43
18.55
20.78
20.7
18.82
11.38
6.665
6.445
6.409
6.409
6.409
6.409
6.702
9.119
9.741
17.09
20.73
20.75
18.02
17.19
9.741
9.387
8.545
9.253
8.655
8.997
9.155
12.1
19.51
20.78
19.6
14.16
6.982
6.494
6.409
6.409
6.531
9.07
9.18
9.155
9.448
16.87
20.78
20.73
19.09
13.18
9.204
9.18
9.009
10.88
18.82
20.85
20.56
16.02
6.946
6.531
6.409
6.409
6.409
6.409
6.494
8.789
16.46
20.8
14.21
9.18
8.923
9.131
9.082
14.18
20.63
20.83
16.11
9.949
9.241
10.02
6.641
6.58
6.409
6.409
6.409
6.409
6.409
6.409
6.409
8.679
8.826
8.386
8.667
13.13
20.41
20.73
19.82
11.16
8.984
9.338
16.41
20.83
20.29
10.34
6.836
6.506
6.409
6.409
6.409
6.409
6.409
6.409
8.643
8.716
8.875
9.814
9.668
17.75
20.83
20.68
14.21
9.229
9.045
9.326
8.875
14.77
20.73
20.78
13.79
6.812
6.58
6.458
6.458
6.458
6.458
6.458
6.458
7.422
9.167
9.082
8.63
9.18
8.496
8.508
8.752
8.923
7.91
9.253
8.594
8.716
8.496
7.971
6.543
6.458
6.458
6.458
6.458
6.458
6.458
6.458
6.458
6.458
7.996
8.582
8.569
8.594
8.594
8.008
9.302
19.24
20.85
19.8
8.057
6.714
8.691
8.606
6.641
6.506
6.458
6.458
6.458
6.458
6.458
6.458
7.385
13.28
20.61
20.46
11.67
8.704
11.01
16.28
17.33
17.9
18.33
18.43
18.73
18.95
19.21
19.21
19.31
19.41
19.41
19.58
19.58
19.68
19.78
19.82
19.97
19.97
20.04
20.17
20.17
20.17
20.29
20.48
20.56
20.75
19.24
19.87
20.53
20.63
20.7
20.7
20.7
20.68
19.24
18.04
18.04
17.8
17.5
11.76
13.92
16.58
17.26
17.75
18.12
18.38
18.46
18.73
18.95
19.14
19.24
19.36
19.36
19.56
19.58
19.75
19.75
19.75
19.78
19.95
19.95
19.95
20.14
20.14
20.14
20.19
20.34
20.34
20.48
20.51
20.51
20.53
20.73
19.02
19.92
20.68
20.78
20.87
20.87
20.85
20.7
20.61
18.6
17.43
17.36
17.14
16.75
16.36
10.27
15.33
16.89
17.46
17.87
18.29
18.38
18.55
18.68
18.95
19.17
19.17
19.31
19.36
19.56
19.56
19.58
19.75
19.75
19.75
19.9
19.95
19.95
19.95
20.14
20.14
20.14
20.14
20.21
20.34
20.34
20.46
20.53
20.63
20.73
20.7
20.7
20.43
18.19
20.39
20.19
20.7
20.87
20.87
20.53
20.48
20.36
18.36
18.02
17.97
17.75
17.5
11.32
15.14
16.97
17.58
18.09
18.38
18.58
18.9
19.02
19.17
19.24
19.36
19.41
19.56
19.56
19.56
19.68
19.75
19.75
19.85
19.95
19.95
19.95
19.95
20.04
20.14
20.14
20.14
20.21
20.34
20.34
20.46
20.51
20.53
20.7
20.7
20.7
18.82
19.53
20.26
20.63
20.87
20.87
20.53
19.9
19.9
19.68
17.21
16.11
16.06
16.06
16.06
11.27
14.31
15.89
16.75
17.21
14.92
13.33
13.67
11.28
11.62
15.28
16.31
16.97
16.6
13.38
13.48
13.48
10.5
9.131
10.99
15.43
16.41
16.85
16.46
12.67
12.92
12.23
12.48
19.04
20.19
19.04
12.35
12.4
15.87
16.72
16.63
12.84
13.06
10.99
10.99
15.48
16.67
15.19
12.79
11.58
10.94
15.36
16.41
16.89
14.23
12.87
11.06
11.84
16.46
17.29
17.68
18.12
18.41
18.58
18.75
19.02
19.17
19.31
19.41
19.56
19.56
19.56
19.7
19.75
19.75
19.92
19.92
19.97
20.12
20.12
20.17
20.31
20.48
20.63
20.7
19.58
18.9
20.31
20.68
20.83
20.83
20.7
19.43
16.28
16.26
16.26
11.65
14.65
16.89
17.77
18.29
18.68
19.04
19.24
19.48
19.53
19.68
19.75
19.92
19.95
20.12
20.12
20.24
20.31
20.51
20.61
20.7
20.63
18.53
20.85
20.87
20.87
20.87
20.34
19.7
19.7
18.31
17.99
17.99
17.92
10.63
12.0
11.61
13.35
16.89
20.24
20.0
13.4
11.9
10.03
11.34
10.33
11.11
9.839
10.38
11.85
9.485
11.9
9.924
10.99
11.13
9.778
10.58
11.29
9.631
10.58
11.5
10.82
10.9
11.82
9.473
9.521
9.473
9.875
10.3
9.814
9.814
18.99
20.51
12.89
9.753
9.546
9.863
10.01
10.41
19.36
20.83
19.53
10.36
9.998
10.35
9.229
10.07
11.35
16.24
17.24
17.8
18.33
18.51
18.77
19.04
19.24
19.36
19.51
19.56
19.73
19.75
19.87
19.95
19.95
19.95
20.12
20.12
20.14
20.31
20.31
20.31
20.53
20.7
20.7
20.7
20.65
18.36
20.65
20.87
20.87
20.87
20.65
20.39
20.29
19.29
16.89
16.85
16.85
16.67
12.94
9.473
12.89
20.36
20.85
19.38
8.728
6.787
6.604
7.849
8.984
9.326
9.631
9.619
8.496
17.09
20.85
20.7
16.53
9.692
9.155
9.009
9.412
12.46
20.31
20.83
17.36
9.692
6.714
6.604
6.604
6.604
6.604
6.604
6.604
6.604
6.604
6.604
6.604
6.604
6.604
6.604
6.604
6.604
6.604
6.604
6.604
6.604
6.604
7.739
9.79
9.985
10.12
9.509
13.62
20.0
20.7
19.75
