9.888
9.778
9.924
10.21
10.34
10.3
10.27
10.3
10.34
9.9
9.998
10.12
10.35
10.6
10.63
10.77
10.67
10.79
10.63
10.47
10.71
10.69
10.29
10.46
10.79
10.67
10.73
10.67
10.67
10.6
10.66
10.08
10.18
10.19
10.33
10.47
10.53
10.39
10.08
10.11
10.5
10.56
10.39
10.13
10.28
10.1
10.08
9.79
9.985
10.27
10.27
10.21
10.29
10.36
10.3
10.8
10.53
9.827
9.9
9.888
9.924
10.05
10.33
10.18
10.19
10.18
10.12
10.08
10.08
10.25
10.13
10.08
10.22
10.11
10.28
11.08
14.45
15.09
14.97
15.01
14.94
14.94
15.14
15.14
15.14
15.43
14.77
14.75
14.5
14.23
13.87
13.92
13.96
13.87
13.4
13.48
13.01
13.23
12.96
12.7
12.41
12.45
12.45
12.41
12.41
12.55
12.48
12.45
12.41
12.41
12.6
12.32
12.22
12.22
12.22
12.22
12.22
12.28
12.38
12.35
12.22
12.33
12.41
12.26
12.46
12.41
12.52
12.41
12.41
12.41
12.27
12.02
12.02
12.07
12.02
12.02
12.15
12.04
12.15
12.29
12.22
12.35
12.41
12.41
12.7
12.27
12.22
12.27
12.22
12.22
12.22
12.11
12.35
12.6
12.52
12.41
12.55
12.62
12.77
12.82
11.84
11.43
11.46
11.45
11.46
11.63
11.77
11.63
11.79
11.47
11.44
11.38
11.52
11.88
11.32
10.61
10.14
10.31
10.6
10.67
10.77
10.51
10.31
10.29
10.47
10.24
10.27
10.47
10.5
10.38
10.51
10.66
10.67
10.83
10.62
10.08
10.25
10.99
10.53
9.729
9.705
9.961
9.741
10.74
9.802
9.705
9.729
10.06
10.55
10.11
10.33
10.58
10.12
9.827
9.949
10.08
10.19
10.3
10.35
11.39
10.29
11.06
11.12
10.38
11.06
10.69
10.28
10.08
10.17
9.888
9.888
10.14
10.01
9.961
10.94
10.34
10.22
10.08
10.51
10.36
10.38
10.52
10.56
10.68
10.73
10.67
10.8
10.8
10.84
10.6
11.0
11.88
11.17
10.95
10.72
10.28
10.49
10.28
10.38
10.62
11.52
11.11
10.78
11.66
10.83
10.97
11.01
10.5
10.52
10.58
10.84
10.52
11.05
11.04
10.96
10.79
10.8
11.04
10.89
10.88
11.08
11.0
10.89
11.05
11.07
10.85
11.3
11.57
12.13
11.05
10.67
10.85
10.91
10.91
10.89
10.77
10.89
10.93
11.0
10.52
10.75
10.74
10.82
10.61
10.47
10.5
10.67
10.69
10.88
10.51
10.47
10.47
10.66
10.93
11.69
10.86
10.86
10.91
10.6
10.35
11.33
10.52
10.56
11.06
10.93
11.46
14.26
14.36
14.4
14.36
13.99
13.96
13.96
14.01
14.06
13.5
13.38
13.6
14.4
14.01
13.5
13.43
13.45
13.38
13.11
13.18
13.18
12.77
12.74
12.87
12.87
12.79
12.94
12.96
12.82
12.99
12.99
12.99
12.79
12.24
12.22
12.22
12.4
12.41
12.62
12.82
12.77
12.1
12.22
12.26
11.85
11.63
11.65
11.85
11.79
11.6
11.34
11.41
11.55
11.68
11.96
11.83
11.68
11.82
12.08
12.08
12.04
11.83
11.83
12.06
12.16
12.04
12.12
12.04
12.13
11.95
12.05
12.19
12.48
12.39
12.24
12.23
12.19
11.91
12.05
12.01
12.24
12.48
12.57
12.46
12.46
11.68
12.02
11.67
11.47
11.8
12.23
11.66
11.44
11.5
11.76
11.85
11.65
11.17
11.25
11.33
11.57
11.08
10.89
11.18
11.33
11.34
11.51
11.65
11.35
11.44
11.55
11.11
11.17
11.16
11.25
11.45
12.33
11.32
10.9
10.9
10.57
10.5
10.74
10.66
10.66
10.68
10.84
11.06
10.51
10.73
10.95
11.19
11.35
10.72
10.8
10.71
10.74
10.86
10.9
10.88
10.9
11.23
10.95
10.8
10.85
10.83
10.77
10.47
10.5
10.56
10.23
10.3
10.52
10.49
10.47
10.5
10.39
10.28
10.47
10.88
11.12
10.97
11.06
11.19
11.08
10.95
10.91
11.08
11.22
11.33
11.36
11.24
11.35
11.56
11.32
11.0
11.17
11.17
11.34
11.29
11.02
11.02
10.73
10.83
10.67
10.66
10.83
10.71
10.86
11.04
11.13
11.12
11.15
11.1
11.23
11.23
10.85
10.77
10.91
10.89
11.07
11.0
11.22
11.13
11.16
11.07
11.19
11.18
11.25
11.46
11.36
11.34
11.54
10.9
11.16
11.29
11.24
11.16
11.16
11.22
11.15
11.67
11.29
11.08
11.16
11.17
11.52
11.73
11.29
10.93
11.1
11.08
11.36
11.47
10.96
11.05
11.1
11.06
10.58
10.67
10.77
10.99
10.95
10.93
11.15
11.24
11.15
11.19
10.51
10.58
10.67
10.84
10.89
10.85
10.99
10.96
10.96
10.68
10.35
10.28
10.44
10.62
10.78
11.05
11.05
11.06
11.12
11.73
16.06
15.5
15.28
15.14
15.16
14.79
14.55
14.97
14.94
14.31
13.99
14.09
13.72
12.48
12.22
12.23
11.87
12.02
12.12
11.39
11.38
11.45
11.52
11.67
11.55
11.35
10.74
10.91
10.91
10.75
10.89
10.86
11.52
11.6
11.35
11.54
11.07
11.07
10.93
10.85
10.97
10.68
10.77
10.91
11.19
11.35
11.34
11.24
11.22
11.16
11.15
11.06
11.05
11.05
11.04
11.06
11.12
11.24
11.23
11.07
10.94
11.08
11.17
11.36
11.35
11.32
11.33
11.43
11.41
11.25
11.21
11.13
11.06
11.3
11.41
11.68
11.29
11.47
11.25
11.3
11.27
11.35
11.36
11.44
11.44
11.05
11.04
10.86
11.01
11.01
10.97
11.06
11.12
11.38
10.55
10.6
10.85
11.11
11.15
11.41
11.56
11.45
11.17
11.0
11.19
11.16
11.18
11.08
11.02
10.73
10.91
10.79
10.62
10.45
10.62
10.41
10.47
10.38
10.84
11.17
11.15
10.97
10.99
10.79
10.85
10.99
10.8
10.93
11.1
11.0
11.16
11.3
11.12
10.99
10.85
10.9
10.84
10.5
10.56
10.73
10.42
10.47
10.64
10.74
10.46
10.29
10.28
10.45
10.71
10.66
10.64
