0.02537
0.0227
0.02031
0.02718
0.02861
0.02136
0.02127
0.00248
0.02337
0.02146
0.02241
0.02251
0.02146
0.0246
0.0246
0.01593
0.01822
0.01755
0.01659
0.01907
0.02146
0.01698
0.0205
0.01736
0.01917
0.01574
0.01812
0.01564
0.02012
0.01926
0.0165
0.0002861
0.02632
0.01879
0.0205
0.02232
0.02136
0.0206
0.01745
0.01974
0.02575
0.01945
0.02213
0.01774
0.02089
0.02098
0.02232
0.01717
0.05856
0.0205
0.01192
0.02518
0.0
0.01869
0.02203
0.02546
0.02508
0.02108
0.03109
0.02213
0.02203
0.02346
0.02022
0.02193
0.02069
0.02365
0.01831
0.01478
0.02003
0.01516
0.0185
0.02279
0.02089
0.02975
0.02356
0.02213
0.0
0.01717
0.0165
0.02241
0.02728
0.02136
0.02489
0.02127
0.02003
0.008202
0.01974
0.02003
0.02375
0.01707
0.02222
0.02279
0.01869
0.07896
0.02079
0.02003
0.02298
0.02213
0.02756
0.01945
0.02298
0.01783
0.02604
0.01879
0.02384
0.02394
0.02632
0.02232
0.02203
0.02394
0.01659
0.02174
0.0186
0.02537
0.02184
0.02861
0.03738
0.03376
0.0289
0.02403
0.02337
0.0009537
0.0227
0.02317
0.009918
0.02956
0.0391
0.0185
0.02041
0.02279
0.02174
0.02718
0.02155
0.02279
0.01965
0.03157
0.02556
0.02394
0.03643
0.01526
0.02842
0.02623
0.02756
0.0246
0.02813
0.02213
0.01898
0.02022
0.02117
0.02747
0.01936
0.02975
0.02403
0.02384
0.02556
0.02241
0.0206
0.02995
0.0248
0.02575
0.0267
0.02508
0.02813
0.03061
0.0308
0.02537
0.02422
0.03729
0.02098
0.02804
0.02432
0.01717
0.02441
0.02441
0.02537
0.05636
0.02556
0.02165
0.02174
0.02728
0.02317
0.0226
0.02699
0.01812
0.02031
0.02117
0.02155
0.02241
0.00248
0.02899
0.0247
0.02804
0.02909
0.02489
0.02289
0.0246
0.02861
0.02813
0.01392
0.02584
0.02537
0.02108
0.01898
0.02651
0.03052
0.01841
0.02165
0.0268
0.02375
0.02213
0.0227
0.02947
0.02584
0.0248
0.02995
0.02565
0.03128
0.01974
0.02785
0.02899
0.02871
0.03939
0.02337
0.02623
0.02861
0.02966
0.02508
0.03138
0.02794
0.0288
0.03424
0.03481
0.03281
0.03843
0.05369
0.02947
0.03242
0.02813
0.02594
0.02232
0.03147
0.02356
0.02832
0.02499
0.03004
0.0268
0.02375
0.0205
0.02651
0.02327
0.02022
0.02117
0.02012
0.05751
0.01879
0.02718
0.02651
0.02394
0.01974
0.0248
0.03014
0.02069
0.02298
0.02251
0.02165
0.02804
0.03815
0.03099
0.02623
0.02556
0.02241
0.02632
0.02089
0.02565
0.01783
0.02413
0.02384
0.01965
0.02909
0.02995
0.02422
0.03767
0.03929
0.03157
0.03939
0.02995
0.03262
0.03481
0.005054
0.04692
0.03576
0.03605
0.03004
0.03328
0.02937
0.03862
0.03242
0.03347
0.03633
0.03424
0.03538
0.033
0.03204
0.03519
0.04492
0.03595
0.04063
0.0433
0.03204
0.03042
0.02718
0.0351
0.04044
0.03223
0.04148
0.04215
0.04091
0.03309
0.02899
0.04053
0.08411
0.02956
0.03233
0.02737
0.0351
0.04082
0.03157
0.0351
0.02794
0.03309
0.03109
0.03347
0.0351
0.02947
0.04311
0.0309
0.03071
0.0329
0.02813
0.04349
0.03386
0.03281
0.03347
0.02537
0.02928
0.02947
0.04063
0.03004
0.0288
0.02975
0.0288
0.02966
0.02756
0.02489
0.02756
0.02813
0.02832
0.02518
0.03014
0.03176
0.02527
0.02899
0.02432
0.03242
0.02813
0.03805
0.03843
0.02937
0.03204
0.02842
0.03061
0.03662
0.02813
0.02909
0.03004
0.03138
0.03071
0.0267
0.02832
0.03443
0.03366
0.033
0.03424
0.03281
0.02899
0.03252
0.0267
0.02451
0.02823
0.05932
0.0308
0.03138
0.02432
0.09918
0.0185
0.02193
0.02213
0.0226
0.02184
0.0206
0.0246
0.02031
0.02031
0.02308
0.01974
0.01936
0.01993
0.01917
0.01459
0.02337
0.0206
0.0248
0.01669
0.01945
0.02174
0.02985
0.02356
0.0185
0.01602
0.01602
0.01373
0.01888
0.01402
0.01726
0.02069
0.01831
0.01564
0.01354
0.01516
0.01783
0.01345
0.01326
0.01612
0.0164
0.0164
0.01631
0.01278
0.01078
0.01678
0.01192
0.01554
0.01812
0.01678
0.01402
0.01554
0.01497
0.01583
0.0144
0.02346
0.01535
0.01459
0.01659
0.01593
0.01421
0.01278
0.01669
0.01898
0.01888
0.01516
0.02346
0.02079
0.01822
0.0185
0.02127
0.01392
0.0164
0.01602
0.02203
0.01678
0.01497
0.01659
0.01459
0.01783
0.02079
0.02346
0.01659
0.01879
0.01945
0.0288
0.02203
0.09937
0.02079
0.01831
0.01898
0.03748
0.0412
0.04101
0.03948
0.0555
0.05093
0.05322
0.04539
0.03233
0.04549
0.03939
0.04158
0.04339
0.04368
0.03538
0.03004
0.02966
0.04692
0.04673
0.0289
0.02985
0.02651
0.02708
0.02546
0.02842
0.03176
0.03128
0.03872
0.04234
0.04835
0.04683
0.04091
0.05379
0.04921
0.04463
0.04921
0.04168
0.05722
0.06609
0.05531
0.05131
0.05922
0.0639
0.0617
0.06819
0.05379
0.05035
0.05713
0.05484
0.0535
0.05531
0.04997
0.05131
0.05713
0.0536
0.05913
0.04826
0.05264
0.05484
0.05808
0.06838
0.05445
0.0555
0.05207
0.05074
0.0453
0.04625
0.06046
0.06008
0.06332
0.05445
0.05989
0.04997
0.06275
0.05922
0.06485
0.06332
0.06847
0.05569
0.04578
0.05331
0.06027
0.05751
0.05674
0.05531
0.05732
0.06609
0.05465
0.06924
0.06151
0.05999
0.0618
0.06628
0.05236
0.04959
0.0659
0.07048
0.06084
0.008202
0.05369
0.07019
0.0596
0.05808
0.0638
0.04921
0.05312
0.05293
0.05083
0.08965
0.04816
0.03805
0.05388
0.07601
0.1211
0.09136
0.05713
0.04711
0.06189
0.06304
0.0701
0.0495
0.06771
0.06561
0.06485
0.06618
0.06914
0.05779
0.06504
0.06943
0.06075
0.06828
0.05636
0.05636
0.05217
0.05407
0.06056
0.06723
0.07582
0.07286
0.06609
0.0597
0.05741
0.07076
0.0576
0.06275
0.06876
0.06094
0.07191
0.06599
0.05503
0.05159
0.04921
0.05436
0.04873
0.06227
0.05245
0.05207
0.05627
0.05913
0.04263
0.04311
0.04644
0.03633
0.0556
0.05522
0.08116
0.06237
0.05817
0.06456
0.04673
0.04873
0.04759
0.1081
0.04311
0.04616
0.03586
0.04492
0.04501
0.04778
0.05045
0.04139
0.0556
0.05093
0.04473
0.04816
0.05283
0.03223
0.02995
0.02918
0.03319
0.04044
0.03967
0.03872
0.02584
0.03023
0.03605
0.03624
0.03366
0.0351
0.03176
0.02718
0.03519
0.08068
0.02499
0.02203
0.0288
0.02928
0.02871
0.02556
0.02432
0.02823
0.02699
0.02298
0.0246
0.0247
0.02069
0.0247
0.02232
0.02127
0.02346
0.02661
0.02193
0.02747
0.02384
0.0349
0.06046
0.02871
0.03061
0.02632
0.02737
0.03452
0.03519
0.03042
0.03119
0.02499
0.02842
0.02832
0.03023
0.02909
0.03061
0.02775
0.02842
0.03281
0.0268
0.0268
0.02918
0.02737
0.02756
0.03099
0.02613
0.02489
0.02851
0.02451
0.03109
0.03109
0.02871
0.02928
0.03414
0.03262
0.0308
0.03109
0.0267
0.03157
0.1366
0.02518
0.04568
0.02956
0.02642
0.0309
0.03567
0.0371
0.03452
0.03443
0.03262
0.03548
0.02584
0.07105
0.02842
0.07362
0.0309
0.02851
0.02728
0.02441
0.02632
0.02289
0.02213
0.02441
0.03223
0.04387
0.07153
0.03548
0.03147
0.02527
0.0268
0.0947
0.05913
0.05941
0.05512
0.07114
0.0701
0.05999
0.05436
0.06351
0.06542
0.0596
0.05312
0.05655
0.0515
0.04787
0.04778
0.04606
0.03958
0.04253
0.03853
0.03977
0.04435
0.05054
0.05035
0.04778
0.0618
0.0639
0.07057
0.09098
0.0596
0.0927
0.05007
0.05798
0.0598
0.05445
0.0536
0.07429
0.06819
0.06247
0.05941
0.06218
0.06657
0.06113
0.06008
0.07172
0.06247
0.06857
0.05322
0.05779
0.072
0.06218
0.06323
0.06409
0.06857
0.06256
0.05083
0.06456
0.06618
0.06132
0.05779
0.05054
0.05484
0.05522
0.05369
0.06189
0.0596
0.07257
0.06418
0.06514
0.06809
0.06132
0.05398
0.06428
0.07629
0.05598
0.06962
0.06456
0.05322
0.06599
0.04168
0.0617
0.05951
0.05474
0.06094
0.23
0.05665
0.05236
0.06056
0.0638
0.06075
0.07086
0.06723
0.06475
0.05836
0.06828
0.05732
0.0535
0.06018
0.05341
0.07792
0.05579
0.05665
0.06466
0.05856
0.04959
0.0576
0.05579
0.05798
0.06256
0.04835
0.05341
0.05302
0.06495
