23.78
22.75
18.55
19.07
28.22
26.17
16.09
15.94
15.65
18.92
30.71
29.35
19.65
31.74
28.42
4.456
0.5676
0.09375
0.02604
0.02604
0.02604
1.495
15.8
15.36
13.43
23.1
29.74
20.34
13.57
13.53
13.26
13.4
14.48
10.52
20.73
21.53
20.63
23.85
30.81
34.42
26.46
23.05
25.29
20.56
11.3
21.07
30.86
34.67
33.79
31.69
17.94
24.29
23.24
19.58
13.11
15.14
28.37
30.37
17.07
16.41
28.81
30.22
8.411
0.6042
14.84
31.74
33.79
35.16
34.13
27.34
34.18
22.14
15.33
14.09
12.67
19.82
23.05
24.78
17.02
8.911
12.21
15.55
18.07
24.12
26.56
5.981
34.23
32.86
35.21
34.03
28.47
25.1
24.93
19.02
7.532
17.33
0.2762
15.31
22.63
27.39
18.97
15.84
34.33
35.5
32.03
25.54
22.14
20.51
21.14
17.99
6.055
20.12
18.82
20.36
22.88
23.17
21.9
19.78
19.63
20.34
18.43
17.97
5.994
20.14
20.19
21.83
20.04
18.04
18.7
19.36
20.26
28.52
23.68
15.16
11.5
18.7
18.99
18.8
15.99
15.53
15.33
15.16
15.77
15.21
14.84
17.21
15.92
15.19
13.38
12.11
19.46
17.9
17.07
15.6
15.16
15.26
14.94
18.58
21.39
17.72
17.16
17.65
18.14
14.11
12.07
15.8
13.87
12.72
15.99
6.836
12.19
20.85
19.17
15.77
14.84
12.35
17.38
14.5
14.62
15.53
15.8
15.21
1.968
0.4791
0.06771
0.02604
0.02604
0.02604
0.02604
0.02604
0.02604
13.75
15.77
17.53
20.56
13.84
15.48
16.14
17.07
15.8
11.72
14.36
15.41
14.82
14.48
15.16
12.87
0.6927
0.375
0.02604
0.02604
0.02604
0.02604
0.03128
0.02604
9.534
13.43
12.96
13.43
11.95
13.57
11.84
9.314
15.77
13.67
13.87
12.84
12.38
12.35
10.42
0.177
0.08335
0.02604
0.02604
0.02604
0.02604
0.02079
0.03128
0.02079
7.715
13.62
12.65
13.4
15.21
15.58
15.43
15.62
10.67
13.35
12.92
15.41
13.06
16.6
14.75
15.16
16.94
18.63
14.5
0.6767
0.3696
0.02604
0.02604
0.02604
4.834
17.72
18.21
18.53
14.16
12.26
14.48
12.45
17.24
3.314
7.141
19.9
11.65
13.45
7.776
0.1562
0.06247
0.02079
0.02604
0.02604
0.02604
0.02079
0.03128
4.028
15.16
16.5
18.07
20.75
16.72
12.43
15.65
16.19
16.99
20.68
29.79
30.57
11.17
0.5363
5.804
0.0885
0.05732
0.02604
0.02604
0.02079
0.02604
0.02604
0.02604
0.02079
0.02604
11.01
15.33
15.11
14.09
13.26
9.778
10.51
22.58
33.84
18.09
21.04
33.35
24.12
34.62
31.84
2.234
0.5051
0.07296
0.02079
0.02604
0.02604
0.02604
0.02079
0.02604
0.7812
9.583
8.728
0.1303
0.05732
0.02604
0.02079
0.03128
0.02079
0.03128
0.02604
0.03128
0.02604
0.03128
0.02604
0.03128
0.02604
0.02604
0.02604
0.02604
0.02079
0.02604
0.02079
14.75
11.15
10.13
12.84
14.26
11.78
20.83
21.9
22.44
24.88
25.59
24.9
25.78
25.39
26.32
26.37
27.29
28.91
30.27
28.61
28.08
27.44
29.59
32.86
33.84
33.94
33.69
20.29
33.4
39.55
38.96
37.06
34.28
33.89
20.43
25.2
37.89
39.01
36.57
35.5
34.52
33.35
36.52
37.79
35.94
34.77
34.38
32.37
27.29
24.44
22.27
23.32
23.56
22.09
24.8
27.15
25.2
24.29
21.8
25.63
23.02
21.73
20.12
22.71
7.104
26.66
25.68
27.34
25.54
24.15
22.51
25.1
23.68
22.63
22.63
22.39
21.24
21.12
24.17
28.12
28.03
25.49
23.88
23.14
22.31
21.44
22.61
22.56
26.42
20.09
16.75
16.82
16.53
19.8
27.25
24.71
23.07
22.41
20.87
19.82
20.34
13.79
13.48
21.78
25.68
23.88
24.54
24.27
25.39
26.46
25.63
23.88
21.85
21.41
21.17
20.12
20.85
22.22
20.17
19.95
25.2
23.19
22.8
23.46
22.41
21.0
19.43
23.02
20.34
15.55
18.38
22.97
27.0
25.34
24.78
22.49
21.29
22.36
20.61
20.04
7.446
20.68
20.02
25.88
23.75
21.02
19.02
17.82
16.43
16.82
24.19
25.83
23.63
23.07
22.51
20.92
20.34
19.56
20.24
19.97
22.58
21.92
21.12
19.07
17.5
16.89
18.02
22.49
24.54
22.36
15.09
19.53
21.58
24.61
22.31
21.63
20.65
19.78
19.26
18.68
18.53
18.36
10.29
22.63
26.03
26.07
26.46
25.44
22.95
21.48
25.73
25.24
23.22
21.24
20.53
19.41
19.36
23.49
21.56
20.65
19.41
18.65
23.39
25.78
28.86
31.54
33.25
28.47
17.36
21.29
21.29
22.51
22.12
23.24
28.32
25.2
27.29
24.39
19.95
16.02
29.49
31.74
21.12
25.63
16.43
31.05
35.45
31.15
27.15
18.26
18.12
25.34
17.46
13.13
21.83
26.22
22.22
21.02
18.99
18.51
18.73
19.07
13.31
16.36
18.68
20.87
20.26
27.44
19.12
17.29
26.56
26.66
34.86
32.23
31.3
34.13
32.86
34.77
33.2
33.06
31.3
28.71
26.86
24.95
23.05
23.73
33.35
36.57
32.08
20.92
38.13
34.33
33.64
30.42
20.61
17.29
28.22
21.07
17.55
26.17
26.07
27.05
28.71
28.37
32.28
34.47
33.84
36.13
34.47
36.33
37.16
36.52
36.08
37.94
38.09
36.57
29.98
36.23
35.6
34.91
36.72
31.93
30.81
31.54
12.04
28.27
33.15
36.38
35.01
33.3
31.98
31.35
29.88
29.69
30.76
31.1
27.93
25.68
24.8
24.58
24.32
27.54
36.67
35.99
34.57
26.76
34.72
33.84
33.84
31.59
19.82
22.61
22.56
20.68
21.09
13.75
15.26
14.6
17.9
14.72
15.16
14.53
14.97
14.62
14.99
13.38
13.75
16.38
13.16
16.97
14.23
14.94
13.33
14.7
17.07
13.45
12.79
17.14
14.01
14.43
15.16
18.41
19.24
14.62
15.09
14.11
14.53
17.36
20.36
20.92
16.04
17.6
13.7
13.87
16.21
16.19
10.3
16.04
20.87
22.97
22.44
24.63
25.78
26.46
26.46
26.66
25.0
23.61
21.48
22.78
23.05
21.29
21.39
21.36
22.78
26.17
25.44
22.46
24.41
23.44
22.49
21.61
19.95
20.07
14.99
23.12
21.85
20.58
19.17
18.97
17.02
16.41
16.33
15.43
20.9
21.39
20.43
16.87
14.21
13.79
14.38
15.45
15.89
15.94
15.45
5.115
0.6042
0.1511
6.25
15.09
11.49
12.82
15.36
13.01
15.48
19.38
22.09
20.19
12.92
13.28
13.62
11.54
13.09
15.89
16.31
15.23
16.65
7.861
0.6042
0.1875
0.02604
0.02079
0.02604
0.02604
0.02604
0.02604
0.02604
0.02604
0.02604
0.02604
0.02604
0.02604
0.02604
0.02604
0.02604
0.02604
0.02604
0.02079
0.02604
14.6
14.65
14.48
14.53
14.31
13.92
12.07
15.75
