28.56
28.96
28.52
28.91
28.66
29.79
30.37
29.59
29.93
30.47
30.22
30.42
30.18
30.42
29.79
28.91
28.81
28.86
28.81
28.66
0.0
28.37
28.08
28.22
28.17
28.27
28.08
28.32
28.08
28.08
28.03
28.61
28.32
28.61
28.47
28.03
27.29
27.1
26.76
27.15
26.95
25.63
25.29
24.71
24.32
24.0
23.02
22.24
21.61
21.12
20.58
21.19
20.21
20.09
19.09
17.21
16.8
16.46
15.94
15.58
15.16
14.65
14.18
14.11
13.55
13.72
13.94
13.53
12.87
12.43
11.3
10.86
10.03
9.753
9.363
9.131
8.862
8.691
8.691
8.459
8.142
7.861
7.397
7.007
6.58
6.641
6.335
6.244
5.969
5.627
5.383
5.298
5.09
4.901
4.706
4.572
4.395
4.102
4.016
3.839
3.888
3.827
3.595
3.43
3.424
3.125
3.036
2.951
2.924
2.728
2.783
2.679
2.673
2.734
2.71
2.6
2.521
2.399
2.386
2.463
2.347
2.643
2.734
2.737
2.658
2.637
2.505
2.704
2.817
2.814
2.841
2.905
2.887
3.271
3.345
3.424
3.497
3.558
3.552
3.802
3.906
4.071
4.12
4.346
4.364
4.565
4.633
4.98
5.066
5.292
5.292
5.505
5.64
6.006
6.067
6.207
6.653
7.373
7.788
8.093
8.704
9.692
10.41
11.04
11.69
12.1
12.23
12.62
12.99
14.21
14.21
14.01
14.11
14.55
14.97
15.23
15.58
15.8
15.92
16.02
16.11
16.41
16.75
16.94
17.21
18.02
20.21
20.36
19.87
19.85
20.12
20.36
21.44
21.26
21.73
21.41
21.85
21.85
21.88
21.75
22.0
22.09
22.61
23.07
0.0
22.17
22.49
22.61
22.88
23.02
22.83
22.85
22.9
23.34
23.71
24.15
24.46
24.61
24.78
24.71
25.1
25.49
25.78
25.68
26.17
26.51
27.2
27.54
28.17
28.56
28.56
28.47
28.61
28.32
28.32
28.56
28.61
28.56
28.66
28.61
28.96
28.76
29.1
28.91
29.1
28.66
28.81
28.52
28.61
29.05
28.96
29.0
29.0
29.0
29.2
29.25
29.05
29.2
29.0
29.1
28.91
29.15
29.0
28.96
29.25
29.05
29.05
29.39
29.83
29.79
29.3
29.35
29.35
30.52
30.08
29.83
29.88
30.27
29.69
29.98
29.59
30.22
29.88
0.0
29.54
29.35
29.0
28.81
29.35
29.1
29.1
29.05
29.15
29.1
29.05
29.0
28.86
28.91
28.76
28.61
28.81
29.0
28.71
28.22
28.32
28.52
29.0
28.91
28.91
29.05
28.76
29.2
28.91
28.47
28.03
27.83
27.39
26.56
26.51
25.63
24.98
24.61
24.83
24.0
23.05
21.85
22.22
21.19
20.87
20.0
19.48
19.21
18.21
17.77
17.11
16.09
15.43
15.01
14.38
13.79
13.43
12.92
12.3
11.78
11.33
11.21
10.9
10.03
9.753
9.509
9.045
9.009
8.386
7.91
7.91
7.776
7.52
7.385
7.104
6.812
6.506
6.287
5.902
5.792
5.53
5.402
5.225
5.048
4.895
4.706
4.559
4.297
4.095
3.979
3.857
3.802
3.766
3.735
3.711
3.644
3.326
3.284
3.156
3.162
3.03
2.982
2.927
2.899
2.771
2.676
2.579
2.536
2.646
2.625
2.658
2.527
2.539
2.487
2.548
2.515
2.457
2.591
2.597
2.74
2.878
3.058
3.149
3.284
3.589
3.625
3.809
3.79
3.937
4.004
4.23
4.413
4.504
4.633
4.816
4.883
5.212
5.377
5.548
5.707
5.835
6.03
6.323
6.482
7.275
6.738
6.799
7.129
7.349
7.483
7.861
8.374
9.119
9.619
10.39
11.12
11.74
12.07
12.84
13.16
13.94
14.6
14.7
14.92
14.84
15.31
15.94
16.28
16.43
16.63
16.75
17.68
18.14
18.09
17.92
18.07
18.16
18.41
19.02
19.38
19.97
19.92
20.14
0.0
20.65
20.75
20.8
21.07
21.04
21.46
21.58
21.92
22.24
22.24
22.61
22.51
22.46
22.63
22.58
22.92
23.34
24.24
24.02
23.56
23.24
23.17
23.24
23.12
22.85
22.68
22.61
22.56
23.02
23.0
23.07
23.32
23.32
23.54
23.34
23.02
22.71
22.88
23.02
23.83
22.39
21.88
21.61
22.14
22.83
22.46
22.44
22.31
21.95
22.49
23.1
23.58
24.02
24.07
24.68
24.66
24.37
25.29
25.93
26.37
26.37
26.22
26.9
27.88
28.52
29.05
29.49
29.1
28.96
29.15
28.76
28.52
28.76
29.15
29.59
29.35
29.44
29.74
30.22
29.88
31.15
31.25
30.22
31.3
30.96
30.96
30.86
30.47
30.66
30.62
30.32
28.91
0.0
28.86
30.37
30.37
30.32
29.1
28.86
29.49
29.54
29.93
29.54
29.54
30.32
30.08
29.93
30.08
30.22
30.13
30.32
30.57
30.62
30.32
30.42
30.52
30.42
29.39
29.2
29.15
29.39
29.44
29.64
29.69
29.69
29.54
30.32
30.13
30.13
29.35
28.76
27.83
26.95
24.68
23.85
23.32
22.78
22.36
22.17
21.66
21.0
20.41
19.95
19.14
18.6
18.07
11.1
14.84
14.18
14.01
13.18
12.82
12.67
12.4
11.88
11.44
10.62
10.03
9.546
9.387
9.18
8.679
8.289
7.959
7.935
7.605
7.251
7.043
6.653
6.592
6.165
6.036
5.853
5.646
5.53
5.426
5.518
5.054
4.846
4.688
4.675
4.425
4.297
4.089
4.047
3.912
3.741
3.619
3.583
3.485
3.461
3.351
3.284
3.278
3.094
3.125
2.927
3.009
2.905
2.921
2.823
2.765
2.939
2.991
2.93
2.893
2.93
2.93
2.914
2.899
2.902
2.869
3.009
3.223
3.278
3.387
3.632
3.888
3.9
4.053
4.041
4.108
4.303
4.388
4.663
4.81
5.103
5.28
5.438
5.707
6.097
6.177
6.122
6.543
6.433
6.433
6.714
7.153
7.41
7.617
7.996
8.276
8.142
8.508
8.74
9.448
10.01
10.8
11.63
12.55
13.99
13.96
14.45
15.14
15.21
15.55
15.77
16.02
16.43
16.77
17.31
17.48
18.36
18.36
18.51
18.68
18.68
18.65
19.09
18.9
19.92
20.17
20.63
20.85
21.46
21.61
21.78
21.63
21.95
22.56
23.12
23.1
23.14
23.32
23.12
23.71
23.93
23.75
24.05
23.75
23.63
23.85
24.19
24.71
23.71
23.51
23.75
23.73
23.83
24.1
24.17
23.63
24.1
24.68
24.71
24.24
24.93
25.63
26.03
26.03
26.07
25.93
25.93
26.17
26.46
27.49
28.08
28.08
28.96
29.25
29.15
28.86
29.0
29.05
28.61
25.93
0.0
28.61
28.96
29.0
29.1
28.81
29.39
