5.829
5.829
5.829
5.829
5.829
5.829
5.829
5.829
5.829
5.829
5.829
5.829
5.829
5.829
5.829
5.829
5.829
5.829
5.829
5.829
5.829
5.829
5.829
5.829
5.829
5.829
5.829
5.829
5.829
5.829
5.829
5.829
5.829
7.166
11.95
15.26
16.14
16.65
17.07
17.29
17.53
17.75
17.87
17.99
16.28
15.23
14.53
14.55
14.45
9.314
13.5
16.21
16.99
17.41
17.8
17.7
15.58
14.75
14.36
11.17
8.508
8.398
13.09
15.89
16.67
17.33
17.68
17.19
14.92
13.87
10.18
8.105
8.594
13.77
16.21
16.97
17.38
17.8
16.65
13.7
11.68
8.606
8.521
8.606
8.459
8.24
13.96
16.26
17.11
17.58
17.97
15.45
13.65
12.19
12.87
20.65
19.24
16.82
15.31
16.53
17.29
17.72
17.16
14.92
14.14
10.96
18.04
20.65
17.04
9.167
11.74
15.97
16.89
17.46
17.9
16.85
14.18
13.01
9.607
9.167
15.31
16.58
17.31
17.8
17.41
14.82
12.96
11.02
9.912
9.18
8.655
9.229
9.888
15.65
16.85
17.5
17.92
17.41
14.75
13.23
11.79
9.241
9.558
9.302
9.106
10.33
9.167
9.29
9.155
9.314
8.96
15.23
16.58
17.29
17.7
17.99
15.92
14.06
13.67
9.583
14.62
16.36
17.11
17.53
17.87
15.89
13.26
11.9
8.85
8.936
8.862
8.777
7.642
8.447
6.36
6.018
6.024
6.024
6.024
6.024
6.024
6.024
6.024
6.024
6.024
6.024
6.024
6.024
6.024
6.024
6.024
6.024
6.024
6.024
6.024
6.024
6.024
6.024
6.024
6.024
6.024
6.024
6.024
6.024
6.024
6.024
6.024
6.024
6.024
6.024
6.024
6.024
6.024
6.024
6.024
6.024
6.024
6.024
6.024
6.024
6.024
6.024
6.024
6.024
6.024
6.024
6.024
6.024
6.024
6.024
6.024
6.024
6.024
6.024
6.024
6.024
6.024
6.024
6.024
6.024
6.024
6.024
6.024
6.024
6.024
6.024
6.024
6.024
6.024
6.024
6.024
6.024
6.024
6.024
6.024
6.024
6.024
6.024
6.024
6.024
6.024
6.024
6.024
6.024
6.024
6.024
6.024
6.024
6.024
6.024
6.024
6.024
6.024
6.024
6.024
6.024
6.024
6.024
6.024
6.024
6.024
6.024
6.024
6.024
6.024
6.024
6.024
6.024
6.024
6.024
6.024
6.024
6.024
6.024
6.024
6.024
6.024
6.024
6.024
6.024
6.024
6.024
6.024
6.024
6.024
6.024
6.024
6.024
6.024
6.024
6.024
6.024
6.024
6.024
6.024
6.024
6.024
6.024
6.024
6.024
6.024
6.024
6.024
6.024
6.024
6.024
6.024
6.024
6.024
6.024
6.024
6.024
6.024
6.024
6.024
6.024
6.024
6.024
6.024
6.024
6.024
6.024
6.024
6.024
6.024
6.024
6.024
6.024
6.024
6.024
6.024
6.024
6.024
6.024
6.024
6.024
6.024
6.024
6.024
6.024
6.024
6.024
6.024
6.287
10.52
15.55
16.63
17.14
17.6
17.87
18.04
18.33
18.53
18.65
18.77
18.77
18.92
18.97
19.12
19.17
19.24
19.41
19.56
19.56
19.75
19.82
19.97
20.12
19.75
18.99
20.78
20.85
20.24
20.07
18.38
17.02
16.67
11.91
12.87
16.53
17.38
17.9
18.24
18.53
18.73
18.87
18.97
19.14
19.24
19.36
19.51
19.56
19.58
19.75
19.92
20.04
20.12
18.75
20.04
20.63
20.85
20.85
20.8
19.24
18.48
18.31
14.7
11.72
16.24
17.21
17.72
18.04
18.43
18.63
18.8
18.97
18.97
19.14
19.26
19.36
19.53
19.56
19.58
19.75
19.8
19.97
20.12
20.12
18.04
20.53
20.78
20.78
20.63
20.63
18.95
17.6
17.43
17.43
12.11
13.57
15.97
16.75
17.24
17.65
17.85
18.12
18.43
18.68
18.77
18.9
18.99
19.04
19.17
19.17
19.31
19.36
19.51
19.56
19.68
19.75
19.95
20.12
20.12
17.92
20.31
20.73
20.85
20.85
20.85
19.04
17.82
17.82
15.53
10.77
15.87
16.87
17.5
17.87
18.24
18.51
18.6
18.77
18.97
19.04
19.17
19.19
19.36
19.38
19.56
19.56
19.7
19.75
19.85
20.0
20.14
20.12
18.09
20.61
20.85
20.85
20.85
20.48
19.02
18.8
18.8
18.75
9.338
13.7
16.6
17.38
17.8
18.09
18.51
18.77
18.85
19.02
19.17
19.17
19.26
19.36
19.53
19.56
19.58
19.75
19.75
20.04
20.14
19.97
19.19
20.53
20.85
20.78
20.63
19.87
18.73
18.58
18.6
14.4
12.15
15.77
16.77
16.04
14.01
13.5
11.96
14.99
16.65
14.62
13.09
12.16
12.65
16.06
16.43
13.04
11.9
10.82
15.23
16.36
16.99
14.45
13.84
13.45
12.87
16.02
16.94
14.43
13.31
11.29
12.13
16.09
16.33
13.06
12.15
12.27
16.09
16.09
13.04
10.74
12.38
16.26
16.67
13.28
12.94
11.13
15.43
16.58
13.4
12.84
9.155
14.97
16.87
17.55
17.94
18.31
18.65
18.8
18.97
19.09
19.17
19.24
19.36
19.48
19.56
19.56
19.75
19.75
19.95
20.12
20.12
18.75
19.7
20.68
20.85
20.85
20.83
19.09
17.68
17.31
13.84
12.5
16.31
17.09
17.65
17.9
18.19
18.53
18.77
18.92
18.97
19.14
19.24
19.36
19.43
19.56
19.68
19.75
19.75
19.9
20.07
20.14
18.31
19.82
20.78
20.85
20.85
20.75
18.8
18.09
17.82
13.75
13.06
16.24
17.04
17.68
17.87
18.02
18.31
18.63
18.77
18.85
18.97
19.07
19.17
19.21
19.36
19.36
19.56
19.56
19.63
19.75
19.85
19.95
20.12
20.12
20.19
18.26
19.43
20.85
20.85
20.85
20.87
20.19
17.82
17.82
17.82
15.53
12.82
16.94
19.41
17.55
11.1
10.75
11.47
9.363
12.74
16.28
17.14
17.68
17.99
18.29
18.65
18.8
18.97
19.04
19.17
19.19
19.36
19.46
19.56
19.56
19.73
19.75
19.82
19.95
19.97
20.14
20.12
18.12
19.9
20.7
20.85
20.68
20.68
19.58
18.43
18.33
18.07
10.91
9.216
8.691
14.26
16.65
17.38
17.82
18.09
18.48
18.77
18.9
19.07
19.17
19.19
19.36
19.48
19.56
19.56
19.75
19.75
19.8
20.0
20.12
20.21
20.29
17.85
20.02
20.8
20.87
20.85
20.85
20.48
18.51
18.29
18.07
15.72
7.91
6.018
6.024
6.024
6.024
6.226
9.485
9.766
18.26
20.68
18.92
17.65
13.26
8.948
8.643
8.801
8.887
8.948
7.446
7.8
6.018
6.024
6.024
6.024
6.024
6.024
6.024
6.024
6.024
6.024
6.024
6.024
6.024
6.024
6.024
6.024
6.024
6.024
6.024
6.024
6.024
6.024
6.024
6.024
6.024
6.024
6.024
6.024
6.024
6.024
6.024
6.024
6.024
