17.65
20.46
19.26
17.26
17.72
18.65
21.41
19.78
20.34
20.48
19.07
18.19
17.48
17.16
18.99
20.97
16.24
17.87
20.29
20.04
19.87
16.38
19.29
18.29
20.14
19.12
19.75
21.46
20.73
20.8
21.75
18.29
19.87
18.65
17.75
18.36
17.31
20.09
22.17
18.85
16.63
17.19
19.04
17.8
19.14
20.8
18.07
16.87
15.48
17.65
18.38
18.92
21.34
17.14
16.24
16.06
16.82
20.12
19.87
18.75
19.34
16.48
15.16
16.58
17.14
19.95
20.73
16.92
15.77
14.82
14.36
16.11
17.63
18.97
16.87
16.33
17.04
16.82
17.53
17.63
18.14
18.09
18.53
21.09
16.5
15.8
15.26
16.21
16.48
18.51
17.53
18.97
17.55
17.24
17.46
16.38
15.48
14.7
15.38
16.28
18.58
18.02
19.73
18.82
17.5
17.33
20.19
14.82
15.8
16.24
16.82
16.16
17.24
17.16
19.48
20.7
16.77
17.53
17.72
18.43
16.09
15.97
15.75
15.8
17.63
17.14
18.48
18.14
18.09
18.38
17.46
16.92
18.73
17.9
17.43
18.55
18.7
18.21
18.21
14.6
15.14
17.14
17.72
20.51
21.12
19.9
18.85
18.21
16.43
18.77
18.65
21.22
22.34
19.82
18.82
19.82
19.31
17.31
16.7
18.07
17.82
18.09
19.24
19.9
21.75
20.39
19.6
16.97
17.19
19.17
17.02
17.5
18.43
17.38
19.21
21.31
19.78
18.48
19.58
21.58
17.24
18.9
19.7
19.56
16.7
16.36
17.43
17.36
19.63
19.38
22.12
16.5
16.75
17.21
16.72
18.85
17.24
17.55
16.53
15.55
15.92
17.48
18.02
17.72
19.31
18.21
17.09
17.82
15.45
18.92
17.02
18.46
18.51
17.16
18.7
18.53
18.36
16.14
15.33
16.77
17.97
15.92
15.53
16.5
17.68
18.75
19.38
20.63
17.8
16.53
15.16
15.14
17.09
19.63
19.73
22.58
17.9
16.02
16.31
20.31
18.02
17.29
17.92
19.46
19.53
17.38
17.19
17.8
18.99
17.68
19.12
19.87
19.8
16.7
16.7
17.11
18.97
20.56
19.31
20.83
15.65
16.48
17.21
18.68
19.04
19.9
19.87
17.6
17.36
17.68
17.82
18.12
18.36
15.87
18.19
18.33
20.19
20.61
18.73
18.29
17.43
16.48
21.34
19.53
18.51
17.21
15.65
17.36
16.04
17.72
16.65
17.58
17.94
18.68
15.97
18.14
15.01
17.94
16.33
17.87
18.19
15.7
14.18
18.07
16.43
17.11
14.84
18.04
16.72
17.6
16.82
16.82
17.14
15.72
17.19
17.43
16.63
18.8
19.21
17.82
19.04
16.11
15.65
14.38
14.87
16.28
16.38
17.21
15.72
15.94
17.38
18.36
17.24
16.85
17.77
14.31
15.62
16.55
16.48
16.87
16.28
18.02
18.99
19.09
21.29
18.87
16.63
15.21
15.19
14.79
16.72
17.43
18.36
17.16
18.6
17.92
19.04
18.29
13.04
14.18
16.24
17.82
19.75
17.8
17.33
16.6
16.24
18.02
18.46
16.58
17.41
16.09
16.58
17.72
19.14
17.94
18.14
17.87
14.75
16.09
16.43
18.16
14.89
15.72
18.68
18.31
21.34
18.99
18.99
16.04
15.65
17.53
19.34
17.5
15.84
17.97
19.65
16.24
17.09
16.04
18.07
19.07
21.31
19.9
19.46
15.94
17.75
18.8
18.6
20.65
18.36
17.8
16.85
18.82
19.43
18.53
19.17
17.46
15.92
17.41
19.58
20.07
21.9
15.87
16.7
19.04
18.53
18.8
20.73
21.63
15.23
15.97
17.26
17.07
19.7
19.29
20.36
16.21
18.36
20.19
18.26
17.92
17.63
17.75
18.07
17.87
18.9
19.07
19.41
17.26
15.99
16.46
17.87
18.65
20.0
21.19
16.11
15.58
16.53
17.21
17.85
17.77
19.31
16.55
14.97
19.21
16.63
20.39
22.12
19.41
18.63
14.4
14.6
15.82
17.55
20.14
19.29
19.75
17.97
16.09
16.31
19.51
19.41
18.21
17.92
19.29
15.87
18.36
17.53
17.63
18.95
20.78
20.17
17.55
17.02
16.97
17.75
18.77
20.07
19.31
19.34
20.0
16.5
17.99
19.9
19.31
19.65
20.31
18.31
18.58
17.55
19.6
19.65
19.78
20.87
16.16
17.6
17.63
21.29
22.68
22.12
19.17
15.7
16.31
17.43
19.75
20.31
21.19
21.26
22.05
19.38
20.68
18.41
20.46
19.41
20.9
17.77
18.6
18.87
17.99
17.41
18.04
20.39
20.61
18.6
21.0
20.7
18.63
15.99
17.6
21.66
18.41
20.02
19.36
18.58
17.26
18.77
18.31
18.92
19.34
19.87
20.61
19.92
18.19
19.36
16.89
16.41
17.68
16.97
18.02
16.77
18.33
19.63
18.09
19.63
21.75
18.6
16.97
15.38
15.21
17.04
16.48
16.82
17.82
17.6
17.7
21.09
20.36
18.04
16.5
16.38
15.31
14.92
17.38
15.87
16.5
16.85
16.77
17.41
18.87
20.63
17.5
16.75
17.94
15.97
16.16
15.41
16.31
15.21
15.72
16.7
15.11
17.68
19.9
19.04
19.07
19.24
19.38
17.82
15.5
15.38
15.92
17.68
15.48
16.94
17.55
20.09
19.41
18.51
18.95
20.19
21.31
18.12
15.5
17.75
15.92
15.89
16.55
18.6
17.58
19.07
19.68
17.58
14.97
17.6
18.14
17.14
18.26
18.97
21.24
21.31
18.07
16.11
19.09
17.92
19.34
19.48
19.92
19.51
16.63
17.82
17.5
19.75
19.17
18.19
20.26
19.38
20.31
18.82
19.85
19.6
18.9
20.29
21.58
20.9
17.94
19.43
20.09
23.66
18.99
17.72
18.26
19.85
19.43
20.43
16.97
17.43
19.78
17.9
17.24
19.04
19.34
17.48
20.65
19.36
21.88
17.63
20.0
20.51
17.65
19.48
18.75
18.75
18.24
21.51
17.48
17.09
18.73
19.46
19.75
17.29
18.46
19.29
18.33
18.82
19.8
16.67
16.5
19.9
20.68
21.53
21.24
18.63
18.21
20.29
20.56
20.17
19.85
19.53
19.9
18.26
21.66
19.65
18.07
21.34
19.6
18.99
19.65
18.95
22.24
19.04
18.09
