10.11
10.11
9.973
10.11
10.03
9.949
9.985
10.08
10.08
10.17
10.1
10.31
9.729
9.692
9.924
10.33
10.35
10.23
10.08
10.12
10.53
10.47
10.38
10.6
10.67
10.75
10.75
10.5
10.66
10.67
10.67
10.8
10.86
10.88
10.5
10.57
10.46
10.1
10.12
10.35
10.42
10.53
10.53
10.68
10.78
10.67
10.67
10.62
10.6
10.63
10.88
10.84
10.8
10.95
11.07
11.06
11.16
11.07
10.94
11.16
11.27
11.25
11.34
11.29
11.62
11.52
11.51
11.56
12.27
15.21
15.33
15.5
15.28
14.31
13.99
13.4
13.31
13.38
13.38
13.48
13.5
13.01
11.61
11.15
11.13
11.0
10.67
10.51
10.53
10.67
10.78
10.68
10.89
11.08
11.23
11.07
10.86
10.95
11.23
11.23
11.3
11.08
11.01
11.06
11.19
11.1
11.24
11.08
11.22
11.08
11.1
11.32
10.95
10.68
10.41
10.38
10.67
10.71
10.12
10.21
10.22
10.31
10.08
10.14
10.31
10.53
10.69
10.71
10.67
10.61
10.13
9.961
10.08
9.814
9.509
9.497
9.705
9.509
9.961
10.08
10.08
9.802
10.11
10.14
10.38
10.46
10.24
10.22
10.12
10.19
10.39
10.36
9.998
9.912
10.12
9.998
10.08
10.08
10.35
10.51
10.39
10.16
10.13
10.21
10.4
10.53
10.69
10.51
10.66
10.66
10.57
10.78
11.1
10.96
10.89
10.91
11.11
11.44
11.44
11.24
11.12
11.35
10.73
10.79
11.12
10.72
10.71
10.51
10.57
10.63
10.72
10.8
10.69
10.69
10.58
10.28
10.29
10.34
9.741
9.753
10.03
9.497
9.595
9.692
9.692
9.888
9.888
9.753
9.607
9.924
10.08
10.08
10.3
10.36
10.28
10.27
10.12
10.01
10.11
10.41
10.36
10.24
10.28
10.17
9.778
9.595
9.607
9.753
10.21
10.11
10.13
10.17
9.888
9.79
9.851
9.839
9.998
9.924
9.68
9.705
9.888
10.45
10.17
10.08
10.08
10.12
10.28
10.8
10.77
10.66
10.46
10.56
10.86
10.85
10.66
10.66
10.68
10.84
10.66
10.91
10.66
10.3
10.21
10.12
10.6
10.89
10.67
10.8
10.9
11.13
11.0
11.1
10.96
10.99
10.86
11.02
10.94
11.04
11.17
11.17
11.16
11.34
11.16
11.36
11.39
11.18
11.08
11.05
11.05
11.33
11.56
12.05
12.04
11.76
11.78
11.73
12.1
15.11
15.09
14.97
14.75
14.77
14.01
13.89
13.92
14.01
14.04
13.92
13.77
13.09
13.04
13.01
13.01
12.7
12.52
12.6
12.65
12.77
12.94
12.52
12.57
12.5
12.5
12.52
12.41
12.41
12.44
12.38
12.37
12.29
12.43
12.65
12.77
12.65
12.52
12.55
12.65
12.43
12.45
12.62
11.73
11.67
11.51
11.45
11.52
11.66
11.87
11.83
11.77
12.0
11.65
11.89
11.71
11.82
12.05
11.89
12.11
12.11
12.26
12.38
11.46
11.44
11.45
11.61
11.38
11.25
11.61
11.28
11.41
11.45
11.41
11.18
11.32
11.58
11.99
11.88
11.45
11.46
11.19
11.18
11.1
11.18
11.67
11.95
11.74
11.36
11.47
11.24
11.04
11.05
11.44
11.36
11.66
11.63
11.58
11.52
11.45
11.44
11.57
11.83
11.62
11.57
11.68
12.04
11.99
11.89
11.73
11.8
12.01
12.18
12.35
12.4
12.45
12.4
12.3
12.21
12.3
12.21
12.13
12.17
12.26
12.26
12.16
12.05
12.12
12.07
11.87
12.08
11.55
11.63
11.82
11.71
11.71
11.93
11.84
11.83
11.39
11.63
11.32
10.67
10.55
10.52
10.68
10.18
10.3
10.39
10.46
10.84
10.75
10.84
10.6
10.86
10.79
10.85
10.96
11.23
11.56
11.44
10.97
10.85
10.9
11.22
11.24
11.63
11.51
11.61
11.54
11.04
10.83
10.66
10.6
10.72
10.75
10.89
10.88
11.07
10.94
11.13
10.91
10.85
10.79
10.69
10.39
10.58
10.96
10.73
10.84
11.15
11.44
10.85
10.47
10.47
10.51
10.57
10.68
10.85
10.88
10.74
10.79
10.84
11.08
11.1
11.04
11.1
11.36
11.32
11.44
11.33
11.24
11.43
10.97
11.04
10.84
10.88
10.99
10.78
10.84
10.67
10.84
11.21
11.24
11.16
11.23
11.08
11.19
11.54
11.61
11.77
12.01
11.94
11.88
11.62
11.82
11.89
11.73
11.88
11.91
11.94
11.94
11.83
11.83
11.88
12.02
12.13
12.17
12.27
12.3
12.4
11.87
12.19
12.65
12.67
12.5
12.6
12.87
12.89
12.87
11.57
10.77
10.67
10.79
10.4
10.45
10.47
10.66
10.67
10.9
10.99
11.11
10.99
10.47
10.34
10.19
10.17
10.35
10.47
10.44
10.42
10.66
10.71
10.91
11.0
11.0
10.97
10.96
11.05
10.8
10.73
10.38
10.22
9.851
9.888
9.888
10.31
10.44
10.84
10.89
10.47
10.4
10.28
10.35
10.34
10.47
10.3
10.6
10.13
10.23
10.3
10.47
10.34
10.52
10.71
10.17
10.28
10.4
10.39
10.38
10.35
10.52
10.52
10.4
10.58
10.95
11.21
11.5
11.28
11.15
11.05
11.05
10.97
10.91
10.94
10.83
10.77
11.01
11.15
11.11
11.05
11.05
10.94
11.15
11.34
11.41
11.56
11.39
11.46
11.38
11.5
11.63
11.83
11.87
12.04
11.52
11.52
11.63
11.85
12.02
12.13
12.35
12.21
12.21
12.26
11.99
11.87
12.02
12.18
12.15
12.21
12.24
12.23
12.01
12.01
12.06
11.56
11.39
11.23
11.34
11.56
11.83
11.9
11.63
11.34
11.5
11.61
11.06
11.11
11.32
10.96
10.61
10.78
10.84
10.93
11.07
11.07
11.17
11.11
11.12
10.99
11.05
11.36
