0.02308
0.02193
0.02041
0.01774
0.02165
0.01936
0.01717
0.01717
0.02327
0.01726
0.02232
0.01926
0.01764
0.01974
0.01917
0.01774
0.02203
0.01879
0.01926
0.01945
0.01831
0.0309
0.01831
0.02232
0.0205
0.02804
0.01831
0.01802
0.01926
0.01955
0.02184
0.02108
0.02089
0.02518
0.02184
0.02356
0.0205
0.02213
0.02556
0.02022
0.02651
0.01945
0.02699
0.02069
0.01869
0.02232
0.02155
0.02804
0.02489
0.02041
0.02146
0.02365
0.01984
0.03128
0.01907
0.03452
0.02213
0.02346
0.0227
0.02108
0.01888
0.02432
0.01764
0.01984
0.01726
0.02041
0.02584
0.02165
0.01621
0.01993
0.02165
0.01698
0.01879
0.02012
0.02422
0.02108
0.02127
0.01612
0.01812
0.02642
0.02003
0.02251
0.0351
0.01984
0.01917
0.02098
0.02079
0.02089
0.02193
0.01469
0.01583
0.02098
0.01698
0.0226
0.01554
0.01764
0.01812
0.0246
0.01717
0.01678
0.01602
0.01974
0.01783
0.01707
0.02241
0.01888
0.01698
0.01745
0.01907
0.02642
0.02232
0.01755
0.02642
0.0185
0.04244
0.04778
0.03786
0.03548
0.01631
0.01402
0.01955
0.02832
0.01888
0.03176
0.01755
0.02546
0.01698
0.02089
0.02136
0.01717
0.0206
0.02069
0.02012
0.02222
0.03109
0.03529
0.0246
0.02213
0.02718
0.02928
0.02604
0.02527
0.02651
0.02041
0.02136
0.01841
0.01936
0.02975
0.02127
0.02365
0.01945
0.04339
0.01831
0.02165
0.01898
0.0164
0.0309
0.02003
0.02708
0.02174
0.02079
0.02565
0.02718
0.02108
0.02327
0.02203
0.02232
0.02584
0.02222
0.01831
0.01926
0.02365
0.02337
0.02337
0.02155
0.02823
0.02623
0.02556
0.02117
0.02537
0.02298
0.02546
0.02613
0.02403
0.02079
0.02384
0.02451
0.02146
0.001144
0.06971
0.0309
0.03042
0.03366
0.03119
0.02975
0.04225
0.03624
0.02995
0.01717
0.02346
0.02747
0.02966
0.04263
0.02003
0.02718
0.02327
0.02394
0.02022
0.02661
0.02251
0.02232
0.02232
0.0308
0.02117
0.02213
0.02584
0.03843
0.02365
0.02975
0.01698
0.02499
0.01783
0.02298
0.02575
0.02327
0.02441
0.01678
0.02041
0.02985
0.02384
0.02584
0.01583
0.01936
0.02737
0.02403
0.02337
0.01879
0.02289
0.02623
0.02012
0.01965
0.02298
0.02003
0.02184
0.01984
0.02317
0.02489
0.01764
0.02089
0.01879
0.01879
0.03023
0.02279
0.02737
0.01926
0.03109
0.02155
0.01869
0.02365
0.0267
0.03042
0.02012
0.0205
0.01984
0.0227
0.01764
0.01898
0.02985
0.03595
0.02518
0.02155
0.02422
0.03643
0.01783
0.03662
0.01316
0.03719
0.03061
0.0493
0.02174
0.03672
0.02613
0.05999
0.03004
0.04129
0.03424
0.01955
0.02804
0.02337
0.02737
0.0247
0.02012
0.02365
0.02193
0.02308
0.01831
0.01726
0.02022
0.02327
0.02804
0.03834
0.02718
0.02823
0.01688
0.02699
0.01945
0.03223
0.02708
0.02499
0.01974
0.02432
0.02327
0.03176
0.01812
0.01822
0.02632
0.02384
0.02117
0.02527
0.02251
0.01965
0.02499
0.02222
0.02728
0.01993
0.033
0.02327
0.02165
0.02298
0.01812
0.02079
0.01879
0.01822
0.02289
0.01869
0.01984
0.02785
0.0248
0.0246
0.02537
0.02165
0.0226
0.01869
0.01793
0.01945
0.0268
0.01907
0.01602
0.01802
0.02079
0.01802
0.0186
0.01936
0.02117
0.0185
0.02203
0.01955
0.02069
0.02155
0.02136
0.01917
0.01993
0.03071
0.02165
0.02213
0.01907
0.01678
0.02403
0.01955
0.0309
0.03166
0.02193
0.03319
0.02346
0.02422
0.02623
0.02108
0.02327
0.04683
0.0227
0.03328
0.02575
0.0206
0.03681
0.01822
0.02213
0.02165
0.02375
0.0267
0.02804
0.02155
0.02165
0.02003
0.02365
0.0309
0.05922
0.02718
0.0309
0.02422
0.03424
0.01669
0.02394
0.0206
0.01812
0.02728
0.02966
0.01802
0.02613
0.01898
0.01955
0.02146
0.02871
0.02031
0.02775
0.02041
0.0246
0.02995
0.02241
0.02127
0.02127
0.01888
0.03223
0.01984
0.03014
0.0186
0.02375
0.02508
0.0226
0.01984
0.0247
0.0227
0.02594
0.02365
0.0227
0.0248
0.0206
0.03185
0.02689
0.02308
0.02146
0.02127
0.02012
0.0227
0.01993
0.01907
0.02451
0.02317
0.02928
0.02337
0.03138
0.01774
0.03176
0.02041
0.02518
0.02327
0.04177
0.02813
0.01888
0.0268
0.01717
0.03386
0.02747
0.02546
0.02289
0.02375
0.02041
0.02031
0.01888
0.02518
0.02298
0.02422
0.01726
0.03242
0.03443
0.02432
0.0186
0.02403
0.0226
0.01774
0.02203
0.01593
0.0164
0.0246
0.01802
0.02174
0.02518
0.02527
0.02232
0.02718
0.02432
0.02375
0.01945
0.02699
0.01497
0.02089
0.02222
0.02213
0.0186
0.02289
0.02136
0.0185
0.02384
0.0227
0.0206
0.01698
0.0309
0.02537
0.0226
0.01717
0.02031
0.02127
0.02737
0.02146
0.01736
0.02232
0.02117
0.02975
0.01717
0.02546
0.01545
0.02136
0.01812
0.01984
0.01841
0.01698
0.01965
0.01736
0.01888
0.02031
0.02403
0.02584
0.02127
0.04025
0.0289
0.02289
0.02623
0.02832
0.02861
0.02775
0.04244
0.02108
0.03834
0.03204
0.04139
0.02146
0.03109
0.02022
0.03443
0.02165
0.02623
0.01736
0.01888
0.01965
0.0227
0.02823
0.02384
0.03557
0.02747
0.0227
0.01907
0.02718
0.02403
0.02594
0.01812
0.01993
0.02365
0.0227
0.0227
0.02251
0.01965
0.01783
0.02003
0.0248
0.01678
0.01831
0.03853
0.02203
0.01879
0.01984
0.02413
0.02203
0.02432
0.02584
0.02098
0.02518
0.03996
0.01984
0.02146
0.02689
0.02775
0.01707
0.02222
0.01936
0.01955
0.0206
0.01812
0.01764
0.02069
0.02642
0.02022
0.02251
0.01879
0.02184
0.01984
0.0248
0.02117
0.02136
0.02193
0.01993
0.01717
0.02193
0.02069
0.01602
0.01678
0.02537
0.03061
0.0144
0.02069
0.02279
0.0186
0.02251
0.01822
0.01945
0.01936
0.02584
0.01421
0.01936
0.0185
0.01898
0.01888
0.02422
0.01688
0.02184
0.02193
0.02012
0.0205
0.02222
0.01774
0.01945
0.01974
0.01802
0.02146
0.02041
0.01974
0.01945
0.03214
0.02155
0.03004
0.01841
0.02651
0.02899
0.0205
0.02031
0.02556
0.01755
0.01945
0.01907
0.01888
0.01812
0.02375
0.03119
0.01955
0.02184
0.01926
0.02031
0.01535
0.02642
0.02079
0.02432
0.02232
0.02556
0.02155
0.02451
0.01984
0.02775
0.02003
0.02184
0.04244
0.01984
0.02308
0.02165
0.02346
0.02251
0.02155
0.0185
0.02375
0.01841
0.02518
0.02708
0.01802
0.0329
0.02909
0.01841
0.0226
0.01812
0.02222
0.02623
0.02022
0.02537
0.02251
0.02022
0.02146
0.01917
0.02241
0.02365
0.02375
0.02203
0.03433
0.02174
0.02069
0.03109
0.0206
0.03347
0.02022
0.02346
0.02441
0.02813
0.02031
0.01917
0.0206
0.02251
0.01812
0.02155
0.01917
0.03557
0.02747
0.02079
0.01993
0.0248
0.02451
0.02422
0.02155
0.0576
0.02031
0.06771
0.02432
0.02327
0.02127
0.02346
0.02012
0.02537
0.01726
0.03023
0.02337
0.03204
0.03309
0.02422
0.02222
0.02041
0.02279
0.0226
0.01945
0.02308
0.02289
0.01926
0.02298
