3.308
0.6042
0.9384
1.819
2.112
4.23
1.825
1.12
2.341
4.327
1.901
0.9689
1.599
4.413
2.689
0.5905
0.1804
0.3197
0.2026
0.2121
0.2071
0.2304
0.1907
0.2216
0.2342
0.2106
0.1953
2.933
4.559
2.722
0.9644
1.476
1.651
3.577
3.894
0.679
0.7965
1.044
1.347
1.115
0.8362
1.324
0.0474
0.0
0.0
0.0
0.0
0.0
0.0
0.0
9.537e-05
0.0
0.0
0.002003
0.0009537
0.0
0.0
0.0
0.0
0.0
0.0
0.0
0.0
0.0
0.0
0.0
0.0
0.0
0.0
0.0
0.0
0.0
0.0
0.0
0.0
0.0
0.0
0.0
0.0
0.0
0.0
0.0
0.0
0.0
0.0
0.0
0.0
0.0005722
0.0
0.0
0.0
0.0
0.0
0.0
0.0
0.0
0.0
0.0
0.0
0.0
0.0
0.0
0.0
9.537e-05
0.0
0.0
0.0
0.001431
0.0
0.0
0.0
9.537e-05
0.0
0.0
0.0
0.0
0.0
0.0
0.0
0.0
0.0
0.0
0.0
0.0
0.0
0.0
0.0
0.0
0.0
0.0
0.0
0.0
0.0
0.0
0.0
0.0
0.0
0.0
0.0
0.0
0.0
0.0
0.0
0.0
0.0
0.0
0.0
0.0
0.0
0.0
0.0
0.0
0.0
0.0
0.0
0.0
0.0
0.0
0.0
0.0
0.0
0.0
0.0
0.0
0.0
0.0
0.0
0.0
0.0
0.0
0.0
0.0
0.0
0.0
0.0
0.005341
0.1873
0.6584
0.7248
0.5707
2.28
2.679
3.473
2.597
1.352
0.3922
0.01469
0.128
1.401
1.524
1.445
2.603
1.199
0.7874
0.7469
2.783
2.875
2.679
1.03
1.286
4.065
2.762
1.199
1.895
1.865
1.883
0.3086
1.224
3.284
1.733
1.944
0.6721
0.1801
0.2316
0.2094
0.2232
0.1795
0.2083
0.1932
0.2033
0.1858
0.1965
0.7195
2.344
3.778
2.725
0.8728
1.27
0.003052
0.3365
0.7996
0.7416
0.3452
4.041
3.851
1.381
0.6851
1.544
0.2682
0.2972
0.2625
0.2007
0.1764
1.797
0.7248
1.331
0.8255
1.614
1.382
0.7004
0.5539
0.5066
0.4028
0.06609
3.821
3.894
0.5508
0.6752
0.6683
0.6836
1.163
1.431
0.124
0.1356
0.1392
0.1629
0.1514
0.1417
0.1211
0.1719
0.1387
0.1862
0.1722
0.1822
0.1192
0.02136
3.894
4.175
3.479
0.8362
0.9659
0.1896
0.2323
0.1987
0.209
0.193
0.1886
0.1896
0.2129
0.1995
1.66
2.304
4.108
2.93
0.4181
1.764
2.219
3.699
2.295
0.9186
1.398
3.638
3.967
0.6416
1.492
2.67
4.694
1.672
2.289
2.902
1.509
1.553
0.4349
1.344
0.5379
1.543
1.222
2.023
4.224
2.286
0.7843
1.295
1.039
1.578
4.065
3.448
0.6805
1.247
1.581
3.528
4.095
0.7812
0.7103
1.797
1.572
1.584
0.647
1.227
1.291
0.06952
0.1705
0.1873
0.198
0.1459
0.1621
0.172
0.1579
0.1465
0.1829
0.1604
0.2117
1.216
2.682
4.358
4.333
3.436
0.769
1.271
0.1987
0.2083
0.2304
0.2155
0.2106
0.2323
0.2621
0.1829
0.2186
0.3223
4.108
4.736
4.865
0.4204
3.049
2.292
1.248
2.158
1.099
2.921
2.365
1.697
1.012
1.27
0.7668
1.541
0.5119
1.555
0.9354
1.23
1.218
1.189
0.6058
1.421
0.4768
1.231
1.338
1.7
4.352
3.656
0.6187
1.512
2.548
3.876
0.8652
0.5936
1.596
1.077
1.456
1.498
1.648
2.026
1.073
0.6271
0.5272
0.5074
3.296
4.81
1.094
1.462
1.66
3.168
0.8286
1.971
0.5554
1.306
1.486
2.933
3.284
0.4654
1.082
0.5257
1.414
0.9094
1.123
4.492
1.157
1.385
1.968
4.279
1.883
0.4143
1.154
0.186
0.2155
0.0638
0.1965
0.2178
0.2064
0.2041
0.2209
0.2029
0.201
0.383
2.924
3.436
3.265
1.822
0.8881
0.9781
1.247
1.256
0.6927
1.329
0.7919
0.0
4.364
1.764
0.6889
1.721
1.868
4.163
2.496
0.6195
0.9415
3.101
2.704
0.946
1.483
1.279
1.776
4.23
3.018
0.4745
1.073
0.7904
1.132
1.137
0.7202
0.9674
2.286
4.742
1.907
0.5241
0.721
0.8621
0.3487
0.1858
0.3159
1.469
1.147
2.982
2.026
0.296
0.3002
0.914
0.8057
4.199
3.973
0.7492
1.059
0.1684
0.1644
0.2365
0.1446
0.168
0.1686
0.2087
0.1551
0.1514
0.1701
0.1682
0.1871
1.797
2.603
5.127
4.529
1.445
1.184
0.9155
1.831
1.439
3.046
2.267
2.399
2.386
0.679
1.505
1.404
3.29
2.255
0.8133
0.8118
0.3002
1.288
0.8972
1.155
1.292
0.531
1.241
1.498
0.8835
1.421
0.8148
1.344
1.648
1.66
1.355
4.474
4.468
0.9705
1.776
1.024
1.086
1.425
2.78
4.077
1.416
0.8102
1.318
1.453
0.8667
1.48
1.407
0.6531
1.195
1.353
0.6714
1.222
0.5501
1.369
0.6371
1.337
1.205
1.131
0.7828
1.012
1.52
3.522
2.866
0.9155
1.189
0.8408
1.538
1.074
1.425
4.272
4.51
1.126
1.131
4.144
2.887
0.7904
1.364
1.18
0.9262
0.6165
0.7217
1.079
4.199
2.917
1.222
1.736
3.766
3.314
0.6645
1.022
0.9598
1.721
3.992
0.943
1.968
0.6798
1.201
0.7736
1.129
1.247
0.779
1.463
0.7156
1.5
3.656
4.803
0.9811
0.4639
0.2312
0.2087
0.1913
0.2537
0.1919
0.2129
0.2064
0.1957
0.1764
0.2117
2.213
1.935
4.053
2.725
1.025
1.321
0.3391
0.396
0.2426
1.389
0.7545
0.9674
0.8957
1.053
1.419
0.2079
0.198
0.2159
0.2163
0.1879
0.2113
0.209
0.1942
0.2056
0.1919
0.2087
3.012
3.656
3.51
1.84
0.7614
1.758
2.493
4.108
1.437
0.8163
1.462
1.468
0.5791
1.262
0.2705
0.1923
0.2159
0.189
0.1638
0.2438
0.2636
0.2354
0.2041
0.2304
0.2399
3.693
4.401
4.346
0.9064
1.405
1.016
1.518
4.651
0.9537
0.5882
0.5936
0.444
0.3498
0.9354
1.688
1.369
2.982
4.504
1.855
0.8667
1.617
2.426
1.929
1.338
1.346
1.439
0.5424
1.63
0.4478
0.531
0.235
0.6165
1.587
0.6584
1.501
0.634
0.6302
0.4517
0.946
0.7042
0.4128
0.3513
0.3674
0.3101
0.2419
2.725
4.907
1.512
1.439
1.06
1.517
0.7523
1.265
0.4738
0.3559
0.2678
0.2052
0.4379
0.3014
0.06933
2.991
4.468
3.345
0.8408
1.712
0.7736
1.186
2.151
4.541
3.912
0.737
0.5264
0.6149
0.6233
3.168
4.37
1.962
1.436
1.051
1.633
1.74
3.149
4.041
0.8926
0.7217
0.6622
0.6271
0.2048
2.71
4.742
2.039
1.489
0.724
1.486
0.5623
1.286
1.454
3.18
4.48
1.987
0.9277
1.402
1.596
1.724
3.235
1.518
2.188
1.277
0.647
1.198
0.8408
1.562
0.8591
1.262
2.872
4.578
2.487
0.7683
1.218
1.437
1.685
3.564
4.059
1.025
0.9048
1.166
1.268
1.459
1.378
1.215
1.06
1.41
1.176
1.309
0.1751
1.085
0.8484
1.44
0.2361
0.1703
0.182
0.1646
