0.0493
0.06104
0.04997
0.04969
0.05569
0.05627
0.3296
0.03538
0.1009
0.0494
0.04873
0.04473
0.03948
0.04234
0.03977
0.05188
0.05817
0.0495
0.04578
0.05007
0.04148
0.04902
0.04988
0.03901
0.04435
0.04635
0.0721
0.0494
0.05035
0.0515
0.04301
0.04444
0.05093
0.04539
0.04635
0.0371
0.04139
0.03204
0.06208
0.03605
0.0514
0.03281
0.04654
0.03805
0.106
0.03471
0.03653
0.04282
0.0453
0.0309
0.103
0.03595
0.03738
0.03366
0.03347
0.03662
0.04644
0.03862
0.04034
0.03519
0.04063
0.04234
0.02804
0.03529
0.03729
0.03433
0.035
0.03319
0.02689
0.02413
0.02356
0.0246
0.02613
0.02928
0.0248
0.02556
0.02804
0.06523
0.02518
0.01326
0.01841
0.02594
0.02661
0.09279
0.01411
0.02642
0.03014
0.02298
0.02985
0.02499
0.03147
0.01812
0.02041
0.02155
0.01955
0.03014
0.02441
0.02184
0.0247
0.02279
0.0226
0.06647
0.01898
0.02203
0.01802
0.04396
0.01726
0.07849
0.02499
0.02308
0.07849
0.01688
0.0165
0.06952
0.02642
0.01717
0.01955
0.01869
0.01926
0.01926
0.01984
0.02069
0.0247
0.02089
0.02136
0.01402
0.0185
0.01936
0.02031
0.01554
0.01688
0.06742
0.01984
0.01774
0.01917
0.01488
0.01659
0.02289
0.01945
0.0226
0.02022
0.02346
0.01564
0.02747
0.02861
0.02604
0.02851
0.0247
0.02317
0.06819
0.01488
0.0185
0.01917
0.02146
0.02403
0.02918
0.02508
0.02317
0.02508
0.0226
0.02518
0.1053
0.02832
0.02174
0.02632
0.02499
0.02794
0.02985
0.0349
0.02708
0.02279
0.03567
0.02699
0.03595
0.02785
0.03357
0.02546
0.03119
0.03033
0.03309
0.03033
0.0351
0.03872
0.03633
0.04225
0.02689
0.03567
0.03271
0.03347
0.03424
0.03443
0.06714
0.03061
0.02346
0.04539
0.03452
0.03748
0.03719
0.04358
0.04158
0.04377
0.112
0.08516
0.04349
0.04244
0.03977
0.04778
0.04549
0.04559
0.04616
0.05865
0.037
0.04759
0.03281
0.03233
0.04082
0.04883
0.0392
0.04625
0.03824
0.03586
0.03462
0.04549
0.033
0.04206
0.03614
0.04311
0.0453
0.04215
0.04168
0.0452
0.03643
0.03672
0.03681
0.0412
0.0412
0.03576
0.03624
0.03872
0.04282
0.04396
0.04473
0.04702
0.04358
0.04854
0.04539
0.04387
0.0392
0.05102
0.04683
0.04845
0.04892
0.0597
0.04988
0.05445
0.05684
0.05922
0.05636
0.05445
0.04215
0.04759
0.05121
0.0452
0.05293
0.04778
0.03996
0.04463
0.04692
0.04473
0.05016
0.05045
0.03767
0.04816
0.0474
0.04921
0.04883
0.0412
0.04587
0.04473
0.04787
0.05274
0.05445
0.3304
0.04311
0.03986
0.04864
0.04187
0.04997
0.03757
0.04778
0.04807
0.04444
0.04816
0.04253
0.05159
0.04635
0.04292
0.04177
0.05636
0.04501
0.0473
0.05503
0.0452
0.04406
0.0391
0.04759
0.03939
0.03529
0.0514
0.05007
0.05283
0.04454
0.04568
0.04225
0.04578
0.04349
0.0412
0.04721
0.03853
0.04444
0.0453
0.03691
0.04511
0.04606
0.03872
0.04187
0.04797
0.04034
0.037
0.04358
0.03595
0.04129
0.0452
0.04911
0.04311
0.03567
0.03681
0.03481
0.03738
0.03595
0.03481
0.03319
0.03157
0.04435
0.03605
0.0391
0.03805
0.03071
0.03157
0.03777
0.03166
0.03662
0.03786
0.04168
0.03109
0.02842
0.02184
0.02565
0.02556
0.02375
0.01936
0.02308
0.0185
0.02556
0.02518
0.02842
0.01764
0.02012
0.01926
0.0268
0.02155
0.02117
0.02079
0.02518
0.01316
0.02508
0.0186
0.01965
0.02222
0.0227
0.02069
0.0186
0.02623
0.02356
0.01993
0.04625
0.01965
0.02165
0.02451
0.02232
0.02251
0.01583
0.02356
0.01268
0.08669
0.01812
0.01869
0.01984
0.02174
0.01841
0.02184
0.01974
0.02127
0.02527
0.02337
0.02508
0.02155
0.01526
0.02384
0.01459
0.01755
0.01764
0.01936
0.02108
0.02375
0.0185
0.01783
0.02022
0.02384
0.0145
0.02155
0.01907
0.0205
0.02069
0.02041
0.01926
0.02346
0.02098
0.01936
0.02289
0.02327
0.02098
0.02871
0.02699
0.02346
0.01726
0.02232
0.02012
0.02127
0.02394
0.02327
0.0226
0.02165
0.02327
0.02375
0.01898
0.02403
0.02422
0.02899
0.02766
0.02003
0.02899
0.03052
0.02594
0.02575
0.02928
0.02851
0.0349
0.02728
0.02813
0.02966
0.03099
0.02851
0.2983
0.03662
0.03691
0.03834
0.03672
0.03901
0.02947
0.03481
0.03176
0.03748
0.03929
0.04683
0.03881
0.03948
0.03777
0.03357
0.03166
0.03529
0.02909
0.02604
0.03233
0.0308
0.03595
0.03557
0.04148
0.03328
0.03309
0.04225
0.02546
0.03433
0.02823
0.03204
0.03395
0.02975
0.0351
0.03357
0.03643
0.03557
0.02871
0.03042
0.03252
0.03119
0.03424
0.03824
0.03185
0.03061
0.03757
0.03653
0.03719
0.03777
0.0329
0.03843
0.03052
0.04187
0.03576
0.03719
0.02937
0.03672
0.03252
0.03662
0.03357
0.03567
0.04034
0.03748
0.02956
0.03252
0.03214
0.03729
0.03452
0.03376
0.03548
0.03386
0.04921
0.04349
0.03729
0.03223
0.03901
0.04826
0.04358
0.0432
0.03777
0.0514
0.04416
0.04482
0.035
0.04606
0.04206
0.04282
0.04244
0.04482
0.04892
0.04168
0.04826
0.03595
0.04454
0.03729
0.0576
0.3471
0.03977
0.04358
0.03624
0.03986
0.04673
0.06886
0.05569
0.04444
0.04463
0.03605
0.04787
0.03014
0.04005
0.0371
0.04044
0.03605
0.03853
0.04263
0.03195
0.04129
0.03443
0.05474
0.03729
0.04187
0.03796
0.03586
0.04082
0.04187
0.04187
0.0391
0.04053
0.04225
0.03738
0.04673
0.04044
0.04053
0.03815
0.04911
0.04854
0.03757
0.04377
0.03538
0.04168
0.03099
0.0308
0.03548
0.0351
0.03815
0.03757
0.04129
0.03929
0.03862
0.03119
0.04091
0.03281
0.03328
0.03614
0.03471
0.03452
0.03357
0.04034
0.02937
0.03843
0.02832
0.02975
0.02975
0.03586
0.02842
0.03366
0.033
0.03023
0.02728
0.02794
0.02842
0.02499
0.02832
0.02012
0.02518
0.03166
0.02365
0.0246
0.02136
0.02756
0.02108
0.02689
0.01354
0.02928
0.02213
0.02031
0.02956
0.02289
0.01965
0.0248
0.01774
0.02489
0.0145
0.02708
0.0186
0.01698
0.01822
0.01707
0.01936
0.0226
0.01612
0.04988
0.02708
0.01822
0.02041
0.02003
0.01831
0.01955
0.07324
0.02041
0.01907
0.02279
0.01869
0.01879
0.02146
0.01936
0.01421
0.01583
0.01783
0.01631
0.01545
0.01869
0.01631
0.02069
0.02155
0.02174
0.01717
0.02117
0.01965
0.01869
0.02031
0.02079
0.01965
0.02527
0.02489
0.01783
0.01602
0.0186
0.01822
0.01993
0.02251
0.02365
0.01984
0.01984
0.02413
0.02651
0.0185
0.02422
0.01898
0.02127
0.02584
0.02594
0.0246
0.02069
0.02432
0.02317
0.02136
0.02651
0.03185
0.0226
0.02365
0.02546
0.02613
0.0247
0.02346
0.2819
0.02937
0.02842
0.0412
0.0432
0.03376
0.0349
0.04234
0.03481
0.03376
0.0452
0.0309
0.04168
0.03929
0.03796
0.04063
0.03223
0.03386
0.03052
0.03519
0.03643
0.04158
0.03319
0.03252
0.04406
0.03328
0.0452
0.02937
0.04091
0.03166
0.03567
0.03862
0.03433
0.03777
0.03395
0.03767
0.03576
0.05035
0.03252
0.03357
0.03538
0.03881
0.04215
0.03834
0.04301
0.03872
0.03977
0.04292
0.03824
0.03567
0.03567
0.04148
0.0432
0.03929
0.04549
0.03786
0.03567
0.04234
0.03366
0.03681
0.04139
0.04034
0.0392
0.04444
0.05188
0.05245
0.05503
0.04292
0.0556
0.04473
0.04997
0.0432
0.05045
0.04864
0.05617
0.05503
0.04511
0.03729
0.04349
0.04482
0.04759
0.04816
0.04578
