0.0
0.0
0.0001907
0.0
0.0
0.0
0.0
0.0
0.0
0.0
0.0
0.0
0.0
0.0
0.0
0.0
0.0
0.0
9.537e-05
0.0
0.0
0.0
0.0
0.0
0.0
0.0
9.537e-05
0.0
0.0
0.0
0.0
0.0
0.0226
0.2529
1.1
1.106
0.9354
1.067
1.207
4.974
4.236
5.139
2.353
0.515
0.2766
0.8148
0.8453
0.9003
0.9476
1.19
1.241
6.58
4.755
3.876
1.225
0.1701
0.1787
0.1715
0.2956
0.04911
0.07639
0.1535
0.2247
0.3796
1.025
1.082
1.071
1.256
1.669
5.743
4.871
3.546
1.036
0.2758
0.6157
0.6943
0.7187
0.827
1.003
0.9705
3.006
4.333
2.78
4.242
2.383
1.036
0.3265
0.563
0.7759
0.9918
1.129
0.9903
0.8896
4.797
3.253
4.059
3.796
0.7515
0.3036
0.3407
0.04768
0.1137
0.3006
0.23
0.6729
0.8438
0.8316
0.827
0.8224
0.724
2.603
4.803
4.523
3.314
0.9415
0.5127
1.076
0.8713
0.7355
0.9674
0.9705
3.4
4.321
5.505
2.621
0.1682
0.5791
0.8896
0.6493
0.2304
0.975
0.1984
0.0905
0.3265
0.09975
0.4829
0.975
1.114
1.126
0.9842
0.8438
3.357
4.62
5.426
2.829
1.944
0.8392
0.4318
0.769
0.2968
0.08392
0.09012
0.06886
0.2602
0.4349
0.4761
0.4166
0.3105
0.1738
0.09575
0.06428
0.2823
0.1471
0.4448
0.724
0.7744
0.6836
0.6302
0.8682
0.5775
0.8835
3.967
4.913
3.735
3.394
1.477
0.7858
0.5112
0.2655
0.08345
0.09975
0.4356
0.0001907
0.0
0.00124
0.0
0.0
0.0
0.3178
0.4295
0.301
0.5173
0.3002
0.0002861
0.19
0.1345
0.1455
0.3929
0.2972
0.05875
0.09918
0.3742
0.4066
0.1146
0.1051
0.06037
0.272
0.03767
0.0001907
0.0
9.537e-05
0.0
0.3075
0.4105
0.2762
0.2728
0.04044
0.1125
0.05369
0.2647
0.3716
0.3593
0.4265
0.2506
0.09413
0.08478
0.4143
0.1953
0.2838
0.2037
0.0001907
9.537e-05
0.0
0.0
0.0
0.0
0.2583
0.238
0.4211
0.07534
0.07324
0.04921
0.5264
0.3094
0.4089
0.1087
0.09298
0.05503
0.2575
0.2983
0.5264
0.5264
0.7584
0.3208
0.06704
0.09613
0.2838
9.537e-05
0.0002861
0.0
0.1629
0.5005
0.2289
0.1093
0.2613
0.2781
0.04234
0.06275
0.4097
0.2209
0.2186
0.2728
0.2224
0.1738
0.03214
0.1793
0.2846
0.05217
0.0948
0.2628
0.04044
0.0001907
9.537e-05
0.0
0.2048
0.7545
0.2033
0.5211
0.7637
0.1577
0.1022
0.2937
0.3445
0.222
0.2277
0.0351
0.05674
0.4112
0.1009
0.1038
0.2659
0.2193
9.537e-05
0.0
0.0
0.0
0.0
0.0
0.003624
0.2567
0.275
0.6752
0.3983
0.4936
0.2964
0.214
0.09394
0.2735
0.4501
0.1049
0.251
0.222
0.5943
0.5127
0.181
0.157
0.0
0.0
0.0
0.0
0.0
0.0
0.0
0.4097
0.2659
0.1829
0.1032
0.04969
0.3269
0.4333
0.2777
0.2861
0.5379
0.2331
0.0927
0.05989
0.2857
0.396
0.1078
0.1223
0.2968
0.05865
0.003338
0.0
0.0
0.0
0.04635
0.7393
0.7515
0.3754
0.0988
0.05903
0.04883
0.2838
0.112
0.4982
0.5295
0.6241
0.5981
0.7637
0.8087
0.8255
0.7874
0.8057
0.8163
0.6912
0.6264
0.7172
0.856
0.7698
0.6874
0.7042
0.6676
0.5913
0.6599
0.634
0.6538
0.5409
0.6546
0.6294
0.6905
0.5569
0.7561
0.7072
0.7843
0.7675
0.676
0.6454
1.498
4.132
3.815
4.48
8.044
7.117
7.715
6.384
9.033
7.959
9.302
7.471
5.963
6.323
7.214
6.677
4.608
7.117
4.877
1.877
1.596
1.709
0.3922
0.8072
0.9262
0.9583
0.8423
0.9674
0.8087
0.7645
1.01
1.059
0.8163
0.7774
0.8743
0.695
0.5959
0.7225
0.6416
0.6897
0.6256
0.5569
0.6058
0.7202
0.6042
0.5531
0.4738
0.5623
0.4883
0.5028
0.5409
0.4318
0.5447
2.255
3.625
4.175
4.907
6.213
7.166
8.582
8.081
8.374
7.52
8.752
7.324
5.591
6.592
6.567
5.273
5.084
6.445
3.68
5.322
2.533
1.694
1.889
0.547
0.4196
0.518
0.4768
0.5203
0.5173
0.5997
0.7141
0.5852
0.547
0.4517
0.6248
0.647
0.547
0.5249
0.6836
0.8621
0.7454
0.7057
0.6577
0.7103
0.5585
0.4753
0.5737
0.6561
0.647
0.8072
0.5547
0.6218
0.8148
0.7545
0.6935
0.5638
0.6721
0.6432
1.566
4.12
3.271
3.241
3.925
8.362
8.594
8.655
7.996
9.241
7.861
8.521
7.153
5.511
4.791
6.543
4.987
4.437
4.669
5.798
3.381
1.549
2.097
0.3334
0.4662
0.6859
0.6744
0.7179
0.6813
0.5257
0.5264
0.7668
0.7759
0.7126
0.75
0.6805
0.6027
0.647
0.853
0.7935
0.7538
0.8026
0.7408
0.708
0.6699
0.7278
0.7538
0.676
0.6073
0.8881
0.9872
0.8469
0.8423
1.091
3.967
3.491
2.899
3.012
6.47
7.117
8.826
6.024
4.95
7.935
9.338
9.973
8.875
6.201
5.884
7.349
5.688
5.786
6.726
4.333
1.082
2.628
0.1242
0.6378
0.7072
1.074
4.266
2.182
2.127
0.0988
0.5264
0.4745
0.5577
0.737
4.547
3.009
2.219
0.2289
0.1329
0.08087
0.4166
0.04683
0.4631
0.6958
0.9308
0.7729
0.8072
0.7874
0.8575
0.9079
0.8652
0.9079
0.9003
1.016
0.8163
0.7706
0.631
0.589
0.5882
0.7057
0.6996
0.724
0.7843
1.015
0.8575
0.8469
1.024
0.885
1.083
2.542
4.779
4.932
5.353
8.911
8.667
6.11
10.9
6.0
8.643
7.446
7.715
7.336
8.167
7.068
7.019
4.114
1.685
2.216
1.033
0.5318
0.972
0.7782
1.057
1.064
0.9171
0.9949
0.9247
0.8194
0.9979
0.9796
0.6744
0.7454
0.8087
0.795
0.8789
0.9705
1.009
1.019
0.943
0.8972
0.9003
0.9903
1.154
0.9323
4.523
4.309
5.084
7.324
10.24
9.009
9.143
9.485
8.752
7.031
6.287
6.592
8.337
7.349
6.726
6.458
4.401
0.7584
2.811
0.1667
1.274
0.1894
1.231
0.3101
0.3136
0.08669
0.1015
0.4608
0.1198
1.651
0.1926
0.9109
1.093
0.05922
0.2068
0.1081
0.1196
0.2125
0.9567
0.1274
0.602
0.6676
0.6256
0.576
0.695
0.7469
0.8881
0.5882
0.798
0.7858
0.6577
0.7782
0.5203
0.6203
0.6073
0.6172
0.6378
0.7324
0.5493
0.6241
0.5325
0.6386
0.5997
0.6081
0.6622
0.6119
0.4959
0.5493
0.5241
0.5547
0.5745
0.5852
0.6584
0.7256
0.7629
3.674
3.577
1.794
2.344
4.407
6.653
8.301
7.751
8.228
9.424
9.68
7.532
7.129
6.665
6.201
6.616
5.597
5.792
5.792
5.664
2.899
0.9064
1.389
1.755
0.5608
0.4745
0.3502
0.4852
0.5257
0.4417
0.1734
0.1474
0.07257
0.04206
0.06466
0.2846
0.4135
0.3071
0.03529
0.07792
0.06399
0.3326
0.288
0.3101
0.5684
0.4074
0.3384
0.4982
0.3647
0.3006
0.4898
0.04091
0.07591
0.05159
0.2918
0.02899
0.0002861
9.537e-05
0.0
0.0
0.0
0.0
0.0
0.0
0.0
0.0
9.537e-05
0.0
0.0
0.0
0.0
0.0
0.0
0.02546
1.205
0.2895
0.1881
0.07572
0.04539
0.1307
0.3822
0.8423
0.824
0.6897
