15.75
15.38
16.38
17.41
15.23
16.41
20.04
15.77
16.11
18.68
26.46
27.59
22.63
1.984
0.5524
0.08335
0.02604
0.02604
0.02346
6.897
15.55
13.09
15.36
15.72
20.0
23.8
26.81
14.36
16.26
12.55
14.87
11.96
18.82
19.97
24.8
17.43
3.473
0.4684
17.26
25.05
25.78
23.1
29.93
30.62
28.56
24.05
28.27
24.02
13.65
11.32
15.09
14.33
15.82
18.31
12.92
13.84
17.75
17.68
20.04
21.66
12.67
12.33
22.73
14.53
18.95
23.14
23.8
23.54
23.97
23.85
23.19
22.49
17.77
13.18
14.75
13.77
17.99
17.77
19.53
13.31
12.87
15.6
13.84
18.24
11.45
13.62
13.96
16.02
15.41
18.33
8.887
26.95
27.83
25.29
25.63
27.05
25.49
26.37
22.46
20.17
16.38
20.24
22.49
21.8
15.6
17.31
19.24
20.48
21.44
12.62
18.12
20.12
29.1
11.8
31.88
38.38
40.09
39.89
35.84
31.64
17.9
13.57
29.05
32.76
31.64
35.94
24.34
24.68
34.08
17.16
10.95
12.74
12.7
13.89
14.77
25.54
27.49
28.76
27.78
29.15
21.58
31.49
24.34
15.65
21.07
26.86
9.619
12.39
16.85
14.4
11.93
26.07
23.9
25.2
27.34
25.59
25.44
21.12
22.56
18.21
17.58
10.72
26.17
23.12
22.71
23.85
23.12
23.19
21.48
22.85
19.78
18.12
11.82
14.55
17.48
16.43
20.48
10.57
15.5
16.6
17.29
19.68
22.44
6.555
0.7576
0.1902
0.02604
0.02861
0.02604
6.519
23.54
30.81
27.1
15.62
14.55
31.98
31.79
15.84
25.63
32.08
29.0
16.55
14.67
22.85
26.61
28.12
9.106
0.7553
0.1848
0.02346
0.02346
0.02346
0.02079
10.25
13.38
13.99
15.09
16.31
15.43
10.46
9.131
10.83
12.67
15.43
16.55
16.36
12.27
13.99
13.84
13.09
0.4143
0.1511
0.02861
0.02346
0.02346
0.02604
0.02079
4.742
14.33
13.13
15.28
17.43
18.16
15.16
13.45
13.7
13.67
14.28
14.38
14.84
19.19
17.24
15.8
12.74
0.2682
0.1328
0.02604
0.02861
0.02604
0.03128
0.02861
0.721
18.92
32.37
32.23
13.99
14.38
13.55
13.16
17.33
18.02
16.85
12.94
14.11
13.92
15.58
15.77
18.55
1.819
0.4845
0.08335
0.02604
0.02346
0.03128
0.02079
5.597
0.9293
10.79
12.74
14.94
14.31
14.84
15.38
15.62
17.53
11.76
14.38
14.01
15.26
15.28
15.23
16.14
0.9766
0.4791
0.05989
0.02604
0.02346
0.02604
0.02346
0.02604
11.24
16.67
16.77
20.83
22.49
9.656
14.7
12.74
17.8
19.46
20.78
20.36
13.99
18.77
21.19
23.32
5.573
0.7477
0.1537
0.03128
0.02604
0.02861
0.02861
0.02604
8.142
12.87
32.23
30.86
20.02
26.07
36.23
22.61
29.25
36.67
20.95
15.75
13.5
16.04
11.69
11.63
0.2396
0.1068
0.02861
0.02861
0.02346
0.03128
0.02604
6.848
22.46
24.58
25.39
16.16
22.29
22.8
21.0
12.33
11.5
15.38
11.23
13.11
16.33
17.36
25.88
20.7
17.55
8.838
37.79
37.79
38.96
39.94
38.87
37.89
38.04
39.6
41.21
40.38
40.14
39.55
39.99
40.14
38.67
38.04
14.92
36.67
42.92
42.38
35.94
29.15
28.32
25.88
3.357
37.35
37.89
37.65
37.45
38.38
37.55
38.13
38.38
40.82
41.41
40.48
38.57
40.09
41.26
39.65
38.53
24.1
32.96
37.45
36.08
30.81
18.8
12.49
13.7
13.87
14.28
14.14
14.26
14.7
3.662
16.89
18.7
16.55
15.53
14.94
15.36
16.87
18.41
17.36
17.97
19.46
19.04
17.7
17.53
17.48
19.75
24.61
25.93
28.27
27.64
25.83
25.68
28.47
28.71
29.2
26.51
26.42
25.05
24.34
17.14
11.25
19.7
31.74
27.83
28.08
30.22
24.29
20.65
23.0
24.17
15.87
3.32
24.32
27.25
30.86
30.76
33.35
34.03
33.3
34.91
34.52
30.22
36.08
33.3
20.04
27.44
31.59
32.23
28.27
16.41
19.95
19.65
21.09
21.92
25.78
11.65
9.485
21.66
24.95
25.29
25.78
24.15
23.78
19.48
18.99
18.26
19.17
18.46
4.962
2.014
21.78
25.29
24.85
25.29
25.59
24.02
25.54
25.44
24.44
26.37
27.88
29.44
29.1
27.98
24.29
26.27
28.66
27.93
28.37
27.64
28.81
25.49
26.22
26.03
16.38
12.87
30.27
30.66
31.2
31.2
26.37
23.95
26.42
27.05
15.87
12.65
31.98
36.82
38.77
35.6
31.98
33.3
32.67
33.64
28.56
33.89
24.9
36.43
36.43
26.76
21.7
23.49
21.95
22.68
23.75
25.2
27.73
14.79
18.19
28.91
26.86
26.81
24.98
24.05
17.38
15.41
17.94
19.19
20.34
9.07
12.1
25.59
27.0
21.44
22.09
20.34
12.45
23.97
28.08
22.34
23.41
21.78
10.78
26.37
25.44
22.71
22.39
27.0
10.75
30.13
27.93
22.12
26.81
15.55
1.797
31.3
30.47
30.96
31.64
32.13
32.96
33.84
31.15
29.88
29.79
30.32
34.42
35.64
32.96
30.03
28.27
26.32
18.77
18.31
15.21
18.14
22.46
19.21
19.7
24.85
24.07
25.24
25.05
28.12
27.29
33.25
33.84
12.43
17.9
40.04
40.92
41.26
41.36
40.38
40.09
40.53
41.11
40.82
40.33
28.47
21.02
24.78
22.41
23.19
25.2
24.24
28.37
20.09
19.07
28.52
26.32
26.07
26.51
25.83
19.12
18.68
16.97
17.94
19.63
11.69
18.33
28.86
24.32
25.93
23.32
24.63
24.07
24.32
24.61
26.22
28.32
29.05
28.96
29.69
30.13
30.42
31.35
29.15
28.17
25.93
27.15
28.12
27.39
23.68
15.87
25.78
29.05
27.49
29.69
29.54
24.15
23.51
22.66
23.44
11.93
5.853
1.025
18.99
19.9
24.1
29.1
21.51
21.39
20.41
20.43
19.48
17.68
22.53
37.74
32.42
10.33
20.12
13.35
17.41
11.6
17.41
18.8
19.12
22.66
10.97
14.77
15.99
16.21
18.14
14.99
11.4
24.68
26.56
27.69
27.29
30.42
26.07
23.73
23.56
25.34
26.61
26.22
28.22
26.42
26.37
28.47
30.47
31.15
30.22
29.05
27.2
25.88
26.12
28.47
18.77
22.78
28.17
28.27
25.63
25.68
25.39
24.56
23.29
24.12
21.41
5.237
16.99
11.54
0.9109
17.09
27.2
36.38
37.5
37.06
32.18
34.42
33.74
31.01
29.39
27.64
31.79
37.79
34.57
18.6
22.9
22.61
21.85
22.8
23.71
24.05
26.51
18.26
24.63
26.95
26.46
25.2
22.78
20.26
16.21
16.8
16.65
18.75
18.09
14.55
0.2655
0.07296
0.02079
0.02604
0.02079
0.02604
0.02079
0.02604
0.02079
0.03128
0.02079
0.03128
0.02604
0.03128
0.02079
0.03128
12.65
20.46
22.02
21.66
21.02
25.34
31.79
27.39
15.62
20.73
