28.71
28.91
28.81
28.76
28.71
29.83
29.69
29.1
29.44
29.49
27.83
0.0
28.81
29.1
28.96
28.52
28.71
28.52
28.52
28.47
29.0
28.66
28.42
28.32
28.42
28.66
28.42
28.66
28.47
28.52
28.47
28.81
28.71
28.81
28.71
28.47
27.78
27.34
26.95
26.81
26.51
25.68
25.29
24.9
24.54
23.95
23.24
22.41
21.78
21.22
20.65
20.58
20.56
20.29
19.75
17.43
18.12
16.89
16.58
15.92
15.41
15.28
14.75
14.23
13.94
13.48
13.13
12.77
12.41
11.91
11.45
9.875
9.644
9.424
8.984
8.85
8.557
7.996
7.825
7.751
7.617
7.056
6.714
6.506
6.396
6.201
6.024
5.719
5.396
5.28
5.139
4.907
4.718
4.614
4.376
4.321
4.095
4.041
3.845
3.699
3.65
3.522
3.369
3.387
3.18
3.143
3.0
2.936
2.841
2.786
2.692
2.667
2.557
2.524
2.533
2.469
2.383
2.344
2.335
2.328
2.353
2.615
2.505
2.454
2.499
2.451
2.533
2.673
2.6
2.774
2.856
2.899
3.0
3.049
3.204
3.296
3.412
3.394
3.601
3.772
3.888
4.199
4.224
4.346
4.388
4.559
4.681
4.987
5.072
5.048
5.304
5.56
5.634
5.841
6.042
6.323
6.897
7.336
7.849
8.459
8.826
9.338
9.717
10.17
10.71
11.15
11.56
11.65
12.04
12.43
13.06
13.57
13.72
13.87
14.48
14.72
15.14
15.5
15.82
16.04
16.16
16.33
16.5
16.6
16.48
16.75
17.36
17.72
17.99
18.75
0.0
17.11
19.29
19.26
19.53
19.8
20.48
20.83
21.09
20.75
21.44
21.44
21.31
21.63
21.68
21.8
22.02
22.02
22.05
22.0
22.31
22.31
22.46
22.9
22.71
22.85
22.78
23.27
23.51
23.8
24.07
24.15
24.49
24.49
24.8
25.05
25.54
25.59
25.88
26.17
26.86
27.2
27.93
28.52
28.27
28.17
28.37
28.37
28.27
28.17
28.17
28.22
28.17
28.08
28.37
28.42
28.27
28.56
28.61
28.56
28.66
28.52
28.56
28.56
28.66
28.52
28.86
28.61
28.76
28.71
28.66
28.56
28.37
28.52
28.47
28.52
28.66
28.32
28.56
28.66
28.61
29.49
29.83
28.86
29.15
29.1
29.35
30.03
29.59
29.79
30.03
0.0
29.0
29.88
28.81
28.61
29.15
28.61
28.91
29.69
28.71
28.61
28.71
29.3
29.59
29.44
29.35
29.1
28.91
29.05
28.81
28.76
28.86
28.56
28.96
29.05
28.86
28.08
27.93
27.98
28.12
28.37
28.12
28.27
28.08
28.42
28.17
27.88
27.49
27.39
27.1
26.27
26.27
25.39
24.61
23.49
23.8
23.46
22.8
22.34
21.29
20.78
20.36
19.65
19.24
19.07
18.33
17.07
15.97
15.77
15.14
14.89
14.36
13.77
13.28
12.74
12.18
11.73
11.18
10.57
10.28
9.656
9.29
8.984
8.667
8.362
8.008
7.812
7.654
7.324
7.166
7.19
6.885
6.763
6.482
6.189
6.03
5.481
5.365
5.383
5.115
5.078
4.803
4.657
4.517
4.23
3.967
3.955
3.784
3.705
3.735
3.619
3.54
3.412
3.204
3.076
3.104
3.061
2.924
2.771
2.667
2.661
2.637
2.521
2.496
2.563
2.49
2.423
2.591
2.478
2.441
2.441
2.521
2.417
2.545
2.576
2.594
2.774
2.856
2.927
3.168
3.247
3.485
3.534
3.699
3.711
3.857
3.827
4.083
4.291
4.364
4.535
4.736
4.816
5.017
5.536
5.676
5.786
5.939
6.067
6.207
6.409
6.494
6.702
6.934
6.995
7.41
7.483
7.751
8.398
9.119
10.47
10.33
11.04
11.54
12.07
13.35
13.77
14.09
14.55
14.82
14.87
15.23
15.84
16.11
16.5
16.89
16.77
17.26
17.7
18.31
18.24
0.0
19.02
19.34
19.56
19.92
20.21
20.21
20.41
20.43
20.9
20.61
21.07
21.51
21.56
21.88
22.34
22.36
22.83
23.73
23.41
23.49
23.02
23.24
24.0
23.78
23.17
23.44
23.71
23.12
23.58
23.34
23.17
23.05
23.27
22.92
22.78
22.95
22.92
23.49
23.36
22.75
22.95
23.07
23.29
23.8
23.8
22.22
21.61
21.51
22.19
22.56
22.51
22.71
22.58
22.44
22.53
23.14
23.58
23.88
24.1
24.41
24.34
24.66
25.68
25.88
26.27
26.61
26.46
27.34
27.78
28.37
28.96
29.2
29.2
29.3
29.3
29.2
28.86
29.15
29.15
29.35
29.2
29.3
30.08
29.59
29.15
30.08
29.69
29.79
30.22
29.64
27.05
0.0
28.71
28.86
29.64
28.86
29.0
29.98
29.98
29.93
30.03
30.03
29.39
29.0
29.49
29.74
29.98
29.88
29.2
28.81
29.44
29.1
29.3
29.1
29.0
28.96
28.86
29.35
29.15
28.91
29.2
29.25
29.15
29.05
29.2
29.15
29.05
29.2
29.15
29.15
28.71
28.81
28.56
28.76
27.83
27.34
26.61
26.07
25.2
24.29
23.63
23.02
22.51
22.02
21.63
21.31
20.68
20.12
19.36
18.8
18.19
16.97
16.8
16.46
15.92
15.41
14.97
14.28
13.84
13.4
12.92
12.35
11.87
11.13
10.44
10.18
9.949
9.644
9.705
9.143
8.679
8.484
7.983
7.678
7.41
7.129
6.873
6.58
6.299
6.122
5.896
5.798
5.768
5.402
5.249
5.475
5.103
4.919
4.724
4.578
4.242
4.095
4.016
3.979
3.912
3.693
3.613
3.619
3.351
3.326
3.259
3.241
3.186
3.043
2.96
2.832
2.795
2.841
2.682
2.679
2.713
2.716
2.71
2.618
2.682
2.704
2.808
2.966
2.844
2.844
2.966
3.009
3.094
3.122
3.32
3.516
3.589
3.674
3.815
3.931
4.004
4.23
4.236
4.486
4.608
4.858
5.072
5.103
5.487
6.042
5.927
6.207
6.445
6.262
6.384
6.616
6.946
7.251
7.471
7.654
8.044
8.081
8.472
8.667
9.277
9.583
10.47
11.34
12.23
12.4
13.06
13.62
0.0
14.5
14.58
14.79
15.38
15.65
15.89
16.72
17.46
17.11
16.92
17.14
17.36
17.55
17.63
18.14
18.87
18.73
19.56
19.92
20.07
20.46
20.36
20.8
20.78
21.07
21.66
22.53
22.88
22.58
22.71
22.75
22.8
23.41
23.83
23.54
23.19
23.39
23.54
23.56
23.63
23.78
23.68
23.95
24.22
24.27
24.0
23.97
24.17
24.17
24.32
24.32
24.66
24.95
25.34
26.17
26.71
26.76
26.76
26.86
26.46
26.66
27.44
27.25
28.03
28.27
28.37
28.71
28.86
28.71
28.47
28.56
28.52
28.61
29.25
28.96
28.71
29.3
29.15
29.25
29.35
