0.009918
0.02003
0.02804
0.01926
0.01259
0.009251
0.01259
0.01135
0.01554
0.01812
0.01001
0.01488
0.01221
0.0124
0.009727
0.0103
0.01011
0.009632
0.01287
0.01497
0.01049
0.02298
0.01802
0.01192
0.01287
0.01678
0.01202
0.007439
0.006962
0.0123
0.01497
0.02384
0.02213
0.02012
0.01669
0.04597
0.01249
0.01631
0.01059
0.008965
0.009251
0.01707
0.01516
0.01287
0.01373
0.0102
0.01278
0.01268
0.006485
0.01011
0.0267
0.0123
0.009632
0.008774
0.01411
0.01001
0.009823
0.01125
0.01602
0.01297
0.01402
0.01354
0.0124
0.0144
0.01297
0.09823
0.01736
0.02003
0.0124
0.01192
0.01688
0.008392
0.01459
0.0186
0.008011
0.01106
0.01745
0.02203
0.0144
0.0227
0.01831
0.0103
0.02031
0.01888
0.01202
0.01068
0.01211
0.02098
0.02012
0.0165
0.01469
0.0185
0.01812
0.01793
0.0165
0.01965
0.01736
0.02213
0.04826
0.01802
0.01822
0.0205
0.02346
0.0246
0.02775
0.02127
0.01936
0.03986
0.01936
0.02108
0.01659
0.01669
0.0144
0.01669
0.01345
0.01669
0.01984
0.01745
0.01955
0.01287
0.01059
0.0206
0.01612
0.02222
0.02327
0.0185
0.03271
0.0226
0.02298
0.01879
0.0165
0.0123
0.01135
0.0185
0.01087
0.01335
0.01211
0.008488
0.009537
0.01221
0.01364
0.01307
0.009441
0.01173
0.006485
0.009632
0.0124
0.01364
0.0144
0.01364
0.01545
0.0103
0.01593
0.01154
0.01268
0.009346
0.009346
0.01554
0.01116
0.01068
0.01307
0.01135
0.01678
0.01173
0.008106
0.006199
0.009632
0.008583
0.005913
0.01335
0.02012
0.01488
0.01421
0.01535
0.01841
0.01373
0.01993
0.01488
0.01307
0.01488
0.02127
0.02384
0.01965
0.01945
0.01612
0.0124
0.01869
0.02298
0.02899
0.04005
0.02632
0.0227
0.01669
0.01812
0.01488
0.01631
0.01736
0.01841
0.02241
0.02184
0.02174
0.01545
0.01516
0.01974
0.01535
0.01917
0.01297
0.01087
0.01717
0.02127
0.01602
0.01173
0.01011
0.009537
0.02308
0.01478
0.01307
0.03548
0.04234
0.0329
0.03462
0.02537
0.02146
0.01488
0.01497
0.01259
0.01755
0.01144
0.007629
0.01383
0.009155
0.006294
0.009727
0.006771
0.00639
0.009823
0.005722
0.007725
0.004387
0.008488
0.006962
0.01287
0.01059
0.007629
0.01364
0.01564
0.009632
0.01879
0.01602
0.01154
0.01297
0.01116
0.01106
0.03366
0.02499
0.02346
0.02432
0.02613
0.01945
0.01526
0.01459
0.01812
0.01831
0.01345
0.01106
0.01326
0.02203
0.02298
0.01698
0.01526
0.01268
0.01411
0.01392
0.01383
0.009346
0.008392
0.005436
0.006676
0.01192
0.01192
0.005722
0.01068
0.006866
0.0123
0.008678
0.008678
0.008678
0.008965
0.007153
0.01545
0.01192
0.0144
0.01135
0.01488
0.01345
0.02193
0.01535
0.01993
0.01831
0.01526
0.02251
0.01984
0.02098
0.01726
0.07639
0.01726
0.03405
0.02441
0.01144
0.02651
0.01535
0.01059
0.01736
0.01335
0.01307
0.01364
0.009155
0.007915
0.01326
0.01974
0.01717
0.01755
0.01888
0.05302
0.02146
0.02308
0.02651
0.02193
0.01793
0.01287
0.01211
0.01307
0.01078
0.0123
0.01211
0.01192
0.01154
0.0145
0.0145
0.01554
0.01917
0.01354
0.01745
0.01431
0.009346
0.01278
0.01106
0.0123
0.01173
0.01135
0.0124
0.009632
0.01135
0.009632
0.01364
0.01221
0.01507
0.01135
0.008392
0.01192
0.01144
0.01431
0.01011
0.05226
0.008297
0.009918
0.01307
0.01326
0.01135
0.01001
0.00782
0.009727
0.01087
0.01621
0.02108
0.01888
0.01926
0.01907
0.02232
0.03042
0.02537
0.02279
0.02632
0.04263
0.02718
0.03719
0.04845
0.04358
0.03033
0.03223
0.03138
0.03338
0.02918
0.03853
0.03815
0.04282
0.01574
0.02623
0.01612
0.02089
0.01507
0.01402
0.01574
0.0123
0.01326
0.0144
0.01097
0.01936
0.01097
0.01917
0.03099
0.02537
0.01917
0.02584
0.01945
0.01688
0.01373
0.01926
0.01087
0.009251
0.007343
0.008202
0.01583
0.01202
0.01554
0.01631
0.01326
0.01202
0.009346
0.008297
0.009537
0.006771
0.007057
0.006104
0.01059
0.008392
0.01202
0.01602
0.01726
0.01993
0.01497
0.01268
0.01154
0.01011
0.01144
0.0102
0.01163
0.008297
0.01116
0.01249
0.01373
0.01783
0.01154
0.009632
0.009155
0.01249
0.01078
0.008297
0.01335
0.01478
0.01841
0.01621
0.01345
0.01802
0.02594
0.01955
0.0267
0.02689
0.02785
0.02403
0.0308
0.01879
0.01917
0.02155
0.02403
0.02298
0.02041
0.02146
0.02136
0.01612
0.02756
0.0205
0.0246
0.0185
0.0165
0.02213
0.02403
0.02565
0.02184
0.01755
0.01879
0.01888
0.01669
0.02451
0.01917
0.02213
0.03347
0.02289
0.01526
0.01678
0.01507
0.02222
0.01497
0.01478
0.008106
0.01383
0.01955
0.02642
0.03576
0.02708
0.02699
0.02546
0.02756
0.02127
0.01144
0.0103
0.007915
0.008583
0.01173
0.01173
0.007725
0.008774
0.01097
0.009346
0.008392
0.005913
0.006676
0.006962
0.008678
0.009918
0.009441
0.008297
0.006771
0.007534
0.01421
0.01183
0.007915
0.009537
0.01116
0.01469
0.01945
0.01659
0.01326
0.01059
0.01144
0.009251
0.01202
0.01087
0.01841
0.02508
0.01402
0.0104
0.0102
0.00782
0.01059
0.01316
0.01259
0.01154
0.01163
0.009727
0.008392
0.006866
0.006104
0.008106
0.008583
0.01707
0.01135
0.009537
0.01173
0.01402
0.01469
0.01612
0.01478
0.01621
0.02575
0.01726
0.01841
0.02098
0.03691
0.03614
0.03452
0.02279
0.03462
0.03481
0.03872
0.033
0.0329
0.01822
0.01726
0.0186
0.01831
0.02136
0.01526
0.01135
0.01602
0.01698
0.02127
0.02899
0.02136
0.01411
0.01535
0.01917
0.0145
0.01373
0.01011
0.01049
0.01612
0.02298
0.02117
0.02041
0.01745
0.04311
0.01431
0.01698
0.01421
0.01364
0.01373
0.01221
0.0104
0.01087
0.007057
0.009251
0.01097
0.0124
0.008678
0.0123
0.01049
0.01392
0.0103
0.01345
0.01802
0.01516
0.008297
0.01545
0.01192
0.009727
0.01297
0.01507
0.01659
0.009632
0.007343
0.01183
0.01049
0.01564
0.0144
0.01526
0.01745
0.02775
0.01383
0.01793
0.01163
0.01249
0.008774
0.009441
0.01659
0.01497
0.02413
0.02632
0.01001
0.00658
0.01431
0.02089
0.02871
0.01011
0.007057
0.035
0.02956
0.02422
0.02518
0.02937
0.0227
0.02451
0.01583
0.01745
0.009537
0.01402
0.008869
0.01707
0.01974
0.01516
0.01593
0.01717
0.02117
0.0164
0.01516
0.02232
0.01316
0.01945
0.01869
0.01287
0.0102
0.01087
0.009823
0.01249
0.01268
0.0165
0.01087
0.01364
0.01249
0.01802
0.01774
0.01907
0.01516
0.01202
0.01087
0.01135
0.01736
0.01125
0.0124
0.0164
0.01678
0.0103
0.01183
0.009823
0.01011
0.009537
0.01135
0.008678
0.009441
0.00782
0.00658
0.01307
0.0144
0.01478
0.0144
0.01535
0.02575
0.01678
0.01144
0.01059
0.01183
0.01402
0.01402
0.01888
0.01602
0.01411
0.01154
0.01106
0.008011
0.01221
0.01659
0.01163
0.008965
0.006962
0.00782
0.01764
0.01059
0.01211
0.01068
0.008678
0.009537
0.009918
0.01259
0.01888
0.02022
0.01526
0.01154
0.0165
0.01183
0.02375
0.01945
0.03052
0.0246
0.02356
0.03014
0.03014
0.02565
0.02718
0.02108
0.02451
0.02003
0.01793
0.01421
0.01717
0.01516
0.01841
0.01202
0.01421
0.01745
0.01392
0.01135
0.01287
0.01287
0.009632
0.007343
0.01059
0.01373
0.008488
0.01001
0.01278
0.008678
0.008488
0.01297
0.02575
0.03071
0.02441
0.03414
0.03204
0.01392
0.04053
0.01974
0.01135
0.006771
0.008297
0.008774
0.008297
0.0145
0.007248
0.0102
0.008774
0.009441
0.01278
0.006294
0.007343
0.004578
0.004768
0.006104
0.009918
0.007153
0.008106
0.008106
0.01431
0.01602
0.01249
0.01421
0.01087
0.01059
0.01173
0.01059
0.01764
0.01736
0.01335
0.02165
0.0164
0.01545
0.01287
