0.3094
0.1076
0.09956
0.2499
0.2357
0.2346
0.1947
0.5264
0.2224
0.1762
0.1453
0.165
0.1703
0.2163
9.537e-05
9.537e-05
0.0
0.0
0.0
0.0
0.0
9.537e-05
0.1694
0.3666
0.05989
0.1364
0.09575
0.248
0.275
0.2731
0.1093
0.1091
0.2289
0.5592
0.0007629
0.0002861
0.827
1.009
1.176
1.048
1.137
1.379
1.253
1.282
1.468
1.328
4.297
1.761
1.379
1.779
1.247
0.634
0.02604
0.06857
1.282
1.338
1.291
1.28
1.309
1.559
1.392
1.418
1.514
1.407
3.955
1.071
1.363
1.305
0.6767
0.2537
0.1076
0.3372
0.9262
1.044
1.483
1.474
1.154
1.193
1.268
1.199
1.131
1.181
4.254
0.8575
1.085
1.482
1.154
0.4456
0.341
0.9247
1.086
1.06
1.048
1.106
1.038
1.111
1.126
0.9827
2.292
2.756
0.9659
1.537
1.045
0.5074
0.2209
0.2941
0.03309
0.09031
0.07391
0.219
0.1865
0.1396
1.282
1.422
1.126
1.021
1.099
0.9567
0.9308
0.7965
0.9872
3.467
1.895
1.27
1.62
1.028
0.1427
1.16
1.093
1.074
1.166
1.189
1.265
1.161
1.405
1.158
2.689
2.469
1.022
1.608
0.9857
0.4013
0.3849
0.1432
0.3189
0.473
0.2823
0.03386
0.1244
0.0824
0.2075
0.1839
0.3658
0.3418
0.2895
0.2781
0.1925
0.1337
0.08202
0.1781
0.2678
0.05112
0.9598
1.035
1.132
1.068
1.065
1.041
1.323
1.117
1.256
1.691
4.602
1.169
1.974
1.471
0.3117
0.3605
0.2605
0.1066
0.07124
0.08469
0.2663
0.09785
0.0001907
9.537e-05
0.0
0.007153
0.2384
0.1909
0.168
0.1385
0.1133
0.3109
0.07505
0.1011
0.08507
0.2247
0.1755
0.2121
0.1539
0.2945
0.3616
0.2556
0.0391
0.1131
0.08793
0.1976
0.1764
0.0001907
9.537e-05
0.005531
0.002384
0.0
0.189
0.123
0.4494
0.1833
0.2609
0.1125
0.116
0.07448
0.1137
0.3139
0.375
0.2708
0.04215
0.1057
0.07753
0.2277
0.1448
0.0005722
0.0
0.0
0.0
0.007629
0.1369
0.3494
0.1785
0.4005
0.1644
0.2045
0.3479
0.2224
0.3513
0.2205
0.2316
0.3147
0.2922
0.2998
0.07105
0.1127
0.102
0.2384
0.2079
0.001907
0.0002861
0.0
0.0
0.008392
0.2811
0.2956
0.05455
0.09422
0.05846
0.1831
0.2472
0.05903
0.4074
0.06962
0.1095
0.06752
0.1875
0.2148
0.1677
0.3162
0.0453
0.0946
0.09117
0.2289
0.243
0.0005722
0.0002861
0.008869
0.2251
0.7706
0.5821
0.3017
0.115
0.3601
0.03805
0.5569
0.3647
0.1171
0.1356
0.1091
0.2636
0.3181
0.2457
0.1247
0.1047
0.2552
0.2514
0.0001907
9.537e-05
0.0
0.0
0.01183
0.1675
0.0001907
0.02556
0.2369
0.1816
0.4242
0.4311
0.4601
0.06647
0.1465
0.2102
0.3063
0.1591
0.3479
0.1221
0.3548
0.1373
0.1055
0.0
0.0
0.0001907
0.0
0.0
0.00658
0.3792
0.3822
0.08774
0.2571
0.264
0.1112
0.09308
0.2575
0.4097
0.4562
0.06132
0.1432
0.1469
0.351
0.1448
0.6966
0.05064
0.1278
0.1038
0.3723
0.02651
0.0001907
0.0
0.01135
0.259
0.3017
0.1207
0.1095
0.2426
0.2861
0.1614
0.6706
0.1841
1.103
1.169
1.241
1.401
1.189
1.199
1.216
1.28
1.315
1.138
1.164
1.222
1.283
1.349
1.248
1.189
1.228
1.16
1.375
1.276
1.279
1.225
1.147
1.286
1.192
1.251
1.317
1.166
1.21
1.241
1.254
1.384
1.244
1.411
1.381
1.213
1.357
6.519
3.473
2.261
5.054
4.285
4.761
5.426
4.169
3.394
5.261
2.664
3.607
3.107
2.866
1.352
0.9964
0.7858
1.428
1.166
1.459
1.338
1.164
1.236
1.286
1.421
1.599
1.761
1.353
1.237
1.181
1.201
1.237
1.231
1.125
1.164
1.479
1.323
1.448
1.289
1.221
1.274
1.17
1.172
1.154
1.369
1.251
1.36
1.218
1.428
1.241
1.408
1.253
1.3
1.036
1.089
1.131
5.811
4.028
1.91
4.199
2.853
3.717
4.785
3.973
4.456
3.168
4.382
2.606
2.777
2.402
2.423
1.611
1.102
0.0002861
0.0
0.7187
1.239
1.361
1.199
1.248
1.263
1.154
1.251
1.231
1.195
1.12
1.134
1.143
1.102
1.035
1.073
1.172
1.215
1.138
1.157
1.082
1.077
1.109
1.022
0.02031
2.112
1.825
1.66
1.682
1.791
1.663
1.785
1.721
1.913
1.797
1.666
1.944
1.956
1.746
1.636
2.164
2.173
6.824
11.82
10.12
9.9
9.033
10.51
2.82
4.401
2.1
0.8804
1.286
1.651
1.736
1.837
2.02
2.286
2.328
2.386
2.341
2.066
1.99
1.709
2.094
2.142
2.039
2.225
2.145
5.988
6.036
6.47
5.054
4.968
6.207
6.274
6.836
6.897
5.017
4.883
7.007
5.499
2.365
1.285
1.112
1.614
4.81
2.045
0.5402
1.53
3.839
3.491
0.383
1.382
1.55
4.62
3.711
0.6233
1.085
1.384
3.448
3.729
0.3498
1.173
1.427
4.15
3.79
0.4723
1.178
1.511
3.76
3.65
0.4257
1.057
1.45
4.352
2.594
0.1198
0.5592
2.026
2.106
1.66
1.715
1.825
1.813
1.984
1.981
2.148
2.072
2.222
2.429
2.274
2.344
1.843
1.822
1.987
3.894
8.191
5.493
4.163
5.493
5.457
6.445
6.024
6.665
6.195
6.616
5.005
4.175
1.505
1.556
2.362
2.332
2.151
2.225
2.441
2.133
2.365
2.368
2.209
2.322
2.582
2.42
2.423
2.011
1.608
1.965
1.855
5.945
10.29
7.69
6.689
9.741
6.055
6.372
7.385
3.992
3.43
1.523
1.825
2.118
2.048
1.941
2.527
2.853
2.423
2.304
2.014
2.094
2.472
2.576
2.765
2.478
1.791
1.694
1.694
2.127
3.009
7.117
6.067
4.028
4.675
10.08
5.389
5.743
5.396
6.873
3.229
2.808
1.813
1.411
1.721
1.379
0.5821
1.125
2.512
0.7019
1.3
2.283
2.527
2.231
2.1
1.917
1.669
1.527
1.45
2.347
2.17
2.127
1.837
1.871
1.672
1.581
1.749
2.35
2.924
2.914
2.762
9.607
10.3
10.49
8.289
9.448
6.787
4.785
2.963
2.078
0.7797
0.9415
0.5997
0.8453
0.8011
0.8301
0.6966
0.5714
0.5089
2.283
2.24
2.081
2.463
2.39
2.841
2.582
2.097
1.993
2.258
2.386
2.469
2.466
2.191
2.094
2.53
2.402
4.919
12.19
8.093
9.644
9.302
6.641
6.909
4.23
2.136
1.746
0.4272
0.4448
0.4303
0.3544
0.3338
0.4654
0.4173
0.3407
0.7141
0.1307
0.2678
0.3048
0.7187
0.2373
0.1463
0.3178
0.3628
0.6798
0.3834
0.1907
0.7385
0.0002861
0.0004768
0.0
0.00391
0.4295
0.4288
0.3769
0.3483
0.3235
0.3338
0.0
0.03424
0.3002
0.7706
0.3197
0.3479
0.2762
0.2876
0.2804
0.6584
0.3483
0.2857
0.0
0.0
0.0
0.0
0.0
0.0
0.0
0.0
0.0
0.0
0.0
0.0
0.0
0.0
0.0
0.0
0.0
0.0
0.0
0.0
0.0
0.5096
0.7332
0.8743
0.2163
0.7996
0.6699
0.6874
0.1276
0.1789
