23.32
28.12
23.05
5.469
7.922
28.12
17.6
19.58
31.93
34.96
18.09
28.56
31.49
27.98
16.77
17.26
24.73
31.88
13.31
20.26
30.66
19.09
23.02
29.25
30.96
22.85
6.0
26.71
13.82
28.61
23.17
21.0
19.78
29.83
33.25
31.01
24.49
8.655
25.54
18.29
20.19
1.172
0.02604
0.02604
0.02604
0.02079
0.02604
0.02346
0.02604
0.02346
0.02604
0.02346
0.02604
0.02079
0.02604
0.02346
0.02346
0.02346
0.02604
0.02079
0.02346
0.02079
0.02346
0.02604
0.02604
0.02346
0.02604
0.02604
0.02604
0.02079
0.02604
0.02604
0.02604
0.02346
0.02604
0.02079
0.02604
0.02079
0.02346
0.02346
0.02346
0.02346
0.02346
0.02079
0.02346
0.02346
0.02346
0.02346
0.02604
0.02346
0.02604
0.02346
0.02604
0.02346
0.02604
0.02346
0.02604
0.02346
0.02604
0.02346
0.02604
0.02346
0.02604
0.02346
0.02604
0.02346
0.02346
0.02604
0.02604
0.02346
0.02861
0.02079
0.02604
0.02346
0.02346
0.02346
0.02346
0.02346
0.02604
0.02079
0.02604
0.02079
0.02346
0.02346
0.02346
0.02079
0.02346
0.02604
0.02604
0.02861
0.02861
0.02604
0.02604
0.02346
0.02604
0.02346
0.02604
0.02346
0.02604
0.02604
0.02861
0.02346
0.02604
0.02346
0.02604
0.02079
0.02604
0.02346
0.02346
0.02346
0.02604
0.02604
0.02604
0.02346
0.02604
0.02346
0.02604
0.02346
0.02604
0.02346
0.02604
0.02346
0.02861
0.02604
0.02604
0.02604
0.02604
0.02604
0.03128
0.02346
0.02861
0.02346
0.02861
0.02604
0.02604
0.02604
7.874
19.56
17.9
9.717
3.247
6.396
30.13
18.7
4.022
6.726
6.787
8.154
9.57
9.961
8.899
9.485
6.11
1.785
32.08
18.8
17.38
17.65
21.83
14.01
30.62
31.59
29.25
14.48
13.94
31.01
27.2
26.32
5.969
11.21
15.62
17.68
29.98
26.66
30.57
14.7
27.2
20.34
30.27
17.14
6.012
19.75
22.58
26.37
24.68
5.115
1.451
0.02346
0.02861
11.58
8.069
2.582
15.38
18.63
26.17
22.0
19.12
25.68
23.05
27.88
23.85
12.79
26.9
14.18
7.849
12.96
11.29
1.132
1.442
0.3853
20.14
21.12
11.73
26.56
21.02
22.39
18.31
13.21
14.84
5.841
31.49
23.12
3.888
11.3
8.313
5.585
2.896
11.06
16.31
12.65
25.68
31.93
14.72
16.02
14.67
20.19
27.1
4.211
19.97
24.12
25.15
18.38
21.04
20.8
18.75
31.84
26.76
26.76
17.36
7.52
13.45
12.62
10.67
21.29
16.14
18.75
11.02
21.61
13.94
1.593
21.51
18.65
6.653
20.51
20.14
17.02
17.43
5.029
20.73
27.73
31.79
13.75
17.21
10.23
26.56
12.05
29.79
33.45
33.84
31.4
15.31
22.14
18.7
18.63
26.61
24.88
23.39
31.79
8.044
14.58
24.29
14.82
38.33
32.52
26.76
11.15
20.21
29.49
28.91
27.64
8.093
24.68
36.38
32.52
11.89
28.56
7.422
14.75
26.46
21.51
13.62
25.83
27.15
27.83
27.93
3.461
27.34
27.39
24.07
28.12
12.46
19.68
29.35
30.37
7.544
21.85
23.02
33.3
35.3
27.88
11.82
24.12
29.93
31.15
25.29
6.396
12.99
8.362
8.618
20.87
11.25
9.241
11.82
10.07
12.28
9.766
8.862
19.19
25.68
26.76
27.59
7.678
8.411
27.29
27.98
31.88
26.95
9.888
29.25
28.76
37.21
26.22
17.87
15.01
28.47
18.07
26.86
27.73
24.51
32.03
28.12
6.824
28.37
23.63
36.13
32.28
14.94
39.31
27.15
24.41
9.265
16.19
30.13
28.47
30.86
16.43
6.018
24.19
34.96
30.03
16.6
38.72
26.71
26.66
5.109
22.0
25.63
26.46
25.49
28.81
38.09
29.79
19.75
9.131
11.1
25.05
19.95
24.61
16.38
12.3
10.74
11.06
16.19
11.56
11.33
13.84
11.99
9.595
15.99
31.59
24.12
27.69
10.27
8.508
9.9
22.58
24.44
32.76
24.44
25.1
8.96
15.26
7.629
7.996
18.92
3.4
12.34
17.65
13.21
25.49
12.99
28.37
16.94
27.93
23.85
38.28
31.2
20.02
6.079
30.13
19.04
8.313
10.13
19.14
16.67
24.98
28.37
13.62
12.5
10.19
11.36
9.741
9.961
15.21
11.29
16.5
13.67
8.96
14.31
23.66
15.7
28.71
19.73
6.58
12.74
27.59
20.51
29.25
28.56
12.74
16.63
21.92
10.13
8.374
12.67
12.1
11.21
10.35
15.6
8.228
14.99
12.08
11.01
27.98
21.48
26.27
17.31
6.848
23.78
15.06
21.9
25.83
28.81
19.29
19.68
28.27
15.65
27.88
12.96
40.97
29.59
26.42
7.739
23.93
34.81
31.59
19.75
40.09
31.59
27.83
8.337
9.204
10.17
14.45
7.739
9.167
10.44
13.55
14.4
9.143
8.093
8.179
8.533
13.09
19.53
20.9
23.83
21.88
12.32
2.017
22.58
17.09
13.96
23.29
24.44
18.73
22.07
26.12
32.81
37.84
19.02
17.58
28.76
27.98
16.11
18.68
33.25
29.39
26.12
11.39
18.77
27.69
30.37
11.83
17.63
26.86
29.64
19.19
19.21
23.83
29.25
28.12
31.01
29.25
23.9
3.9
25.0
19.09
21.58
26.9
23.78
25.78
29.64
24.51
4.541
31.88
35.69
31.45
16.85
13.04
28.12
26.86
23.32
16.55
31.59
21.75
29.05
21.75
19.7
30.66
36.38
18.07
23.05
34.03
32.03
19.17
28.08
18.12
31.25
27.05
25.39
10.44
23.56
23.95
23.41
28.61
16.58
12.89
16.72
26.03
5.695
27.83
31.69
26.17
28.66
25.39
11.96
20.56
13.6
22.41
26.03
20.9
26.12
24.61
6.714
9.485
14.94
14.4
13.35
21.7
15.8
30.81
28.71
23.83
32.42
24.32
15.75
32.03
26.81
27.1
24.02
6.445
25.39
14.62
28.66
21.14
24.93
24.27
16.41
35.94
17.97
10.79
7.788
7.715
10.42
10.99
13.43
9.045
8.057
11.87
9.326
6.0
28.22
29.39
23.05
4.382
18.38
18.09
8.167
15.67
13.94
10.55
13.09
13.77
12.33
29.05
16.89
9.155
12.4
19.12
15.04
15.5
8.655
4.474
8.032
12.84
29.05
13.4
19.73
15.58
21.26
16.77
31.84
20.9
2.457
0.02537
0.02413
9.534
27.54
0.0
15.7
17.38
18.68
20.53
16.55
17.11
11.12
31.79
32.28
27.1
17.77
31.3
27.78
26.42
11.17
12.62
27.54
29.83
29.64
10.23
34.38
30.32
25.68
14.75
5.658
26.86
26.07
31.15
29.54
13.48
24.85
24.85
19.24
32.47
28.42
18.95
14.58
26.32
19.78
14.65
21.09
22.07
21.75
19.24
25.59
25.54
26.17
15.75
4.095
12.65
10.31
10.27
10.75
11.34
13.38
12.67
8.557
8.777
10.25
13.67
9.949
15.31
17.97
15.26
17.04
19.92
22.49
7.581
6.226
17.68
17.07
23.0
35.3
32.42
31.35
14.97
32.47
28.91
25.63
13.4
21.9
16.04
25.63
