4.26
4.26
4.26
4.26
4.26
4.26
4.26
4.26
4.26
4.26
4.26
4.26
4.26
4.26
4.26
4.26
4.26
4.26
4.26
4.26
4.26
4.26
4.26
4.26
4.26
4.26
4.26
4.26
4.26
4.26
4.26
4.26
4.26
4.254
4.26
4.26
4.26
4.26
4.26
4.26
4.254
4.187
4.193
4.26
4.26
4.26
4.26
4.26
4.266
4.266
4.266
4.26
4.26
4.26
4.26
4.26
4.266
4.12
4.175
4.266
4.266
4.266
4.266
4.266
4.266
4.266
4.266
4.26
4.26
4.266
4.266
4.266
4.266
4.266
4.266
4.266
4.266
4.266
4.266
4.266
4.266
4.266
4.266
4.266
4.266
4.266
4.266
4.266
4.266
4.266
4.266
4.266
4.266
4.266
4.266
4.266
4.266
4.266
4.266
4.266
4.266
4.266
4.266
4.266
4.266
4.266
4.266
4.266
4.266
4.266
4.266
4.266
4.266
4.266
4.266
4.266
4.266
4.272
4.272
4.272
4.266
4.358
4.462
4.462
4.462
4.462
4.285
4.266
4.266
4.266
4.266
4.266
4.266
4.266
4.266
4.266
4.266
4.266
4.266
4.266
4.266
4.266
4.266
4.266
4.266
4.266
4.266
4.266
4.266
4.266
4.266
4.266
4.266
4.266
4.266
4.266
4.266
4.266
4.266
4.266
4.266
4.26
4.266
4.266
4.266
4.266
4.266
4.266
4.266
4.266
4.266
4.266
4.266
4.266
4.266
4.266
4.266
4.266
4.266
4.266
4.266
4.395
4.309
4.266
4.266
4.266
4.266
4.266
4.266
4.266
4.266
4.248
4.071
4.071
4.169
4.266
4.26
4.26
4.26
4.236
4.144
4.065
4.193
4.163
4.181
4.248
4.193
4.26
4.266
4.26
4.26
4.254
4.26
4.26
4.181
4.065
4.15
4.26
4.15
4.205
4.26
4.26
4.26
4.26
4.266
4.26
4.26
4.26
4.26
4.26
4.224
4.15
4.236
4.26
4.26
4.26
4.26
4.26
4.254
4.181
4.071
4.065
4.083
4.266
4.266
4.26
4.26
4.26
4.242
4.242
4.242
4.26
4.083
4.169
4.089
4.266
4.266
4.266
4.266
4.26
4.26
4.26
4.26
4.26
4.26
4.26
4.26
4.26
4.26
4.26
4.26
4.26
4.26
4.26
4.26
4.193
4.065
4.065
4.065
4.065
4.065
4.065
4.065
4.065
4.065
4.065
4.211
4.218
4.126
4.242
4.248
4.199
4.065
4.065
4.065
4.218
4.242
4.242
4.248
4.248
4.248
4.242
4.242
4.242
4.242
4.242
4.242
4.242
4.242
4.248
4.242
4.181
4.065
4.065
4.065
4.065
4.23
4.26
4.26
4.26
4.266
4.266
4.26
4.26
4.26
4.26
4.26
4.26
4.26
4.26
4.26
4.26
4.26
4.26
4.26
4.26
4.26
4.26
4.26
4.26
4.26
4.26
4.26
4.26
4.26
4.26
4.26
4.26
4.26
4.26
4.266
4.266
4.266
4.266
4.266
4.266
4.266
4.285
4.266
4.266
4.266
4.266
4.266
4.266
4.352
4.407
4.266
4.266
4.266
4.266
4.266
4.413
4.266
4.266
4.266
4.266
4.266
4.266
4.266
4.266
4.266
4.266
4.266
4.266
4.266
4.266
4.266
4.266
4.266
4.266
4.266
4.266
4.236
4.077
4.077
4.23
4.272
4.272
4.089
4.102
4.266
4.266
4.266
4.266
4.266
4.266
4.266
4.266
4.266
4.266
4.266
4.114
4.071
4.071
4.071
4.071
4.071
4.071
4.071
4.071
4.071
4.071
4.071
4.071
4.211
4.272
4.266
4.266
4.272
4.272
4.272
4.272
4.266
4.266
4.266
4.266
4.266
4.266
4.266
4.266
4.266
4.266
4.266
4.266
4.266
4.266
4.266
4.266
4.266
4.266
4.266
4.266
4.26
4.266
4.26
4.26
4.224
4.132
4.266
4.266
4.26
4.26
4.26
4.26
4.26
4.26
4.266
4.26
4.266
4.102
4.065
4.071
4.071
4.065
4.144
4.254
4.254
4.254
4.248
4.248
4.297
4.26
4.26
4.26
4.26
4.26
4.175
4.218
4.254
4.254
4.254
4.254
4.254
4.26
4.26
4.254
4.254
4.254
4.254
4.254
4.254
4.254
4.26
4.254
4.254
4.254
4.254
4.254
4.254
4.254
4.254
4.254
4.254
4.254
4.254
4.254
4.254
4.254
4.199
4.065
4.059
4.065
4.065
4.059
4.059
4.059
4.059
4.059
4.059
4.059
4.059
4.059
4.059
4.059
4.059
4.059
4.059
4.059
4.059
4.059
4.059
4.059
4.059
4.059
4.059
4.059
4.059
4.193
4.26
4.059
4.144
4.26
4.236
4.218
4.144
4.065
4.065
4.102
4.266
4.266
4.266
4.266
4.26
4.26
4.26
4.26
4.26
4.26
4.26
4.26
4.26
4.26
4.254
4.26
4.26
4.26
4.26
4.26
4.26
4.26
4.26
4.26
4.26
4.26
4.26
4.26
4.26
4.26
4.26
4.26
4.26
4.26
4.26
4.266
4.26
4.26
4.26
4.26
4.26
4.26
4.26
4.26
4.26
4.26
4.26
4.26
4.26
4.26
4.26
4.26
4.26
4.26
4.26
4.26
4.26
4.26
4.26
4.26
4.26
4.266
4.266
4.266
4.266
4.266
4.266
4.266
4.266
4.266
4.266
4.266
4.266
4.376
4.462
4.462
4.462
4.352
4.266
4.266
4.266
4.266
4.266
4.266
4.272
4.266
4.266
4.266
4.266
4.266
4.266
4.266
4.266
4.266
4.266
4.266
4.266
4.272
4.272
4.272
4.272
4.272
4.272
4.272
4.272
4.266
4.266
4.266
4.266
4.266
4.266
4.266
4.175
4.077
4.071
4.077
4.077
4.169
4.272
4.272
4.272
4.272
4.272
4.272
4.272
4.272
4.266
4.199
4.077
4.077
4.071
4.071
4.077
4.077
4.205
4.272
4.156
4.077
4.077
4.077
4.083
4.266
4.272
4.266
4.266
4.266
4.266
4.266
4.266
4.266
4.266
4.266
4.266
4.266
4.266
4.266
4.266
4.266
4.266
4.266
4.266
4.266
4.266
4.266
4.266
4.266
4.266
4.266
4.266
4.266
4.266
4.266
4.266
4.266
4.266
4.26
4.26
4.26
4.26
4.26
4.26
4.26
4.26
4.26
4.26
4.26
4.26
4.23
4.071
4.071
4.065
4.071
4.071
4.071
4.108
4.266
4.26
4.26
4.26
4.26
4.248
4.266
4.266
4.236
4.26
4.26
4.26
4.26
4.26
4.266
4.26
4.26
4.266
4.26
4.26
4.26
4.26
4.26
4.26
4.26
4.26
4.26
4.26
4.26
4.26
4.26
4.26
4.26
4.26
4.26
4.108
4.144
4.26
4.26
4.266
4.266
4.26
4.266
4.26
4.26
4.26
4.26
4.266
4.26
4.26
4.26
