0.03595
0.02918
0.02775
0.02737
0.03595
0.02947
0.02823
0.03767
0.03119
0.0288
0.03204
0.02804
0.02756
0.03824
0.03614
0.03052
0.03214
0.03166
0.04206
0.02451
0.02966
0.02556
0.02413
0.02451
0.03014
0.02413
0.02451
0.03166
0.02537
0.02584
0.02651
0.02861
0.02604
0.02718
0.02632
0.03357
0.02756
0.03099
0.02775
0.02651
0.03052
0.02413
0.0247
0.02766
0.02966
0.0
0.08898
0.02842
0.02832
0.02556
0.03157
0.0309
0.02832
0.03548
0.02689
0.02947
0.02499
0.02937
0.02499
0.02308
0.0206
0.01869
0.02069
0.02604
0.02317
0.01984
0.0267
0.0005722
0.02537
0.04759
0.02289
0.01945
0.01984
0.02365
0.02203
0.02642
0.07572
0.02651
0.06628
0.03004
0.02565
0.01898
0.02775
0.02489
0.01888
0.02117
0.01869
0.02441
0.02213
0.01926
0.02375
0.02136
0.01745
0.02251
0.01574
0.0005722
0.1041
0.01945
0.01793
0.02108
0.02947
0.02527
0.02174
0.0289
0.02384
0.02747
0.02499
0.02661
0.01984
0.0248
0.02127
0.02222
0.02193
0.02089
0.02365
0.02499
0.02375
0.02728
0.02518
0.02298
0.02632
0.02594
0.02708
0.0186
0.03433
0.02174
0.0
0.02356
0.02556
0.0
0.02508
0.02079
0.02289
0.02213
0.0205
0.03519
0.08698
0.03567
0.02613
0.02594
0.02127
0.02241
0.02365
0.02556
0.02527
0.01955
0.02546
0.001907
0.0246
0.02384
0.02279
0.02308
0.02565
0.02241
0.02108
0.001621
0.02575
0.02003
0.02489
0.01926
0.06199
0.05398
0.3929
0.06495
0.06752
0.0515
0.04196
0.05875
0.07801
0.06571
0.06561
0.06218
0.06952
0.06723
0.08287
0.07629
0.07
0.06714
0.07381
0.07219
0.06485
0.07343
0.06895
0.05379
0.06828
0.06933
0.07668
0.07067
0.0617
0.06895
0.06495
0.07334
0.06914
0.05846
0.12
0.06914
0.05474
0.06275
0.05913
0.06847
0.0742
0.1154
0.07267
0.07782
0.08297
0.06781
0.07086
0.05445
0.06857
0.06323
0.05665
0.06704
0.06495
0.05922
0.06208
0.1394
0.05836
0.05636
0.06771
0.05369
0.07286
0.06456
0.07124
0.08707
0.0721
0.06771
0.07219
0.06113
0.07
0.06618
0.06523
0.06943
0.06428
0.06199
0.05856
0.06495
0.06371
0.06247
0.05779
0.05484
0.07639
0.06094
0.0576
0.06428
0.06008
0.05884
0.05875
0.05741
0.0618
0.05302
0.05951
0.05569
0.068
0.05875
0.06256
0.06514
0.08202
0.07019
0.08106
0.06609
0.06924
0.06008
0.07038
0.06866
0.06104
0.06256
0.07391
0.0308
0.05608
0.0598
0.04816
0.05789
0.06084
0.09117
0.06237
0.07305
0.0205
0.07343
0.06199
0.06237
0.0577
0.06571
0.09556
0.06971
0.06514
0.05627
0.04988
0.05465
0.04892
0.05369
0.05779
0.07315
0.06628
0.0679
0.07324
0.07648
0.06104
0.05999
0.06542
0.05951
0.07668
0.07162
0.04883
0.06142
0.07076
0.06723
0.06428
0.04969
0.0596
0.05445
0.0617
0.05589
0.06084
0.05312
0.06418
0.06332
0.06857
0.05283
0.05455
0.04644
0.06161
0.05798
0.04988
0.04692
0.05913
0.05512
0.06409
0.05512
0.03901
0.05388
0.04435
0.04978
0.0432
0.03757
0.03901
0.03872
0.04368
0.03653
0.0432
0.03672
0.03328
0.02804
0.04015
0.04072
0.04501
0.04206
0.04301
0.0432
0.04673
0.03786
0.04597
0.04244
0.04692
0.04053
0.04044
0.03281
0.03347
0.02642
0.04053
0.04787
0.03691
0.03872
0.04597
0.03195
0.03338
0.03691
0.04396
0.04473
0.04969
0.05131
0.0474
0.04301
0.04406
0.0658
0.0433
0.04454
0.03796
0.03366
0.03204
0.03376
0.03462
0.03004
0.02737
0.02861
0.03004
0.02031
0.02413
0.01965
0.0227
0.02623
0.0002861
0.03281
0.02499
0.02995
0.02975
0.02489
0.02966
0.08678
0.02356
0.02413
0.02356
0.02527
0.02451
0.02394
0.02966
0.0246
0.02689
0.0309
0.03138
0.03605
0.03366
0.035
0.02832
0.03366
0.02375
0.02251
0.02174
0.02193
0.02422
0.02365
0.02069
0.02327
0.02012
0.0205
0.03195
0.02251
0.03071
0.02384
0.02537
0.03033
0.02232
0.02651
0.03042
0.03014
0.02851
0.02422
0.02661
0.02441
0.0289
0.0495
0.02947
0.0247
0.03862
0.03128
0.03357
0.02737
0.03433
0.0268
0.02203
0.02146
0.02432
0.0268
0.02823
0.0268
0.02651
0.02079
0.02804
0.02356
0.02165
0.02174
0.0227
0.01583
0.02794
0.03157
0.0288
0.03557
0.02384
0.02861
0.02794
0.04511
0.05283
0.05274
0.05274
0.05541
0.05722
0.05608
0.05188
0.05941
0.0535
0.04883
0.05302
0.05436
0.0474
0.04578
0.0371
0.03967
0.05102
0.04349
0.04177
0.04063
0.03138
0.02851
0.03061
0.03233
0.06866
0.05302
0.04482
0.05207
0.05817
0.07658
0.05455
0.06399
0.06952
0.06332
0.05827
0.0556
0.06075
0.06733
0.06609
0.06018
0.06447
0.05703
0.05922
0.06037
0.05684
0.06208
0.06075
0.04997
0.05245
0.06027
0.0596
0.07076
0.06456
0.06437
0.06886
0.05589
0.05693
0.06466
0.06847
0.07381
0.06466
0.06485
0.0639
0.0576
0.05608
0.05713
0.06208
0.0597
0.06857
0.05646
0.06151
0.05684
0.05789
0.06294
0.06132
0.06866
0.05865
0.05541
0.04902
0.05035
0.05388
0.0495
0.05121
0.05751
0.07887
0.04873
0.0556
0.05827
0.0639
0.06161
0.0658
0.0555
0.05522
0.05188
0.05217
0.05903
0.06199
0.05617
0.06227
0.05922
0.05751
0.1097
0.04549
0.0493
0.04902
0.04711
0.06104
0.05503
0.05531
0.04797
0.05274
0.05283
0.06399
0.04692
0.06657
0.06142
0.06971
0.05722
0.04807
0.04997
0.05741
0.06247
0.06094
0.05865
0.05217
0.05398
0.05293
0.05903
0.05512
0.06485
0.07133
0.07505
0.07782
0.06924
0.0639
0.06886
0.05217
0.06437
0.05932
0.05503
0.06199
0.04578
0.06704
0.04902
0.04435
0.05398
0.04368
0.04673
0.04511
0.04692
0.05922
0.04902
0.03881
0.04072
0.04129
0.04187
0.05541
0.06313
0.06523
0.06666
0.05808
0.05541
0.05293
0.04644
0.05465
0.04816
0.04463
0.04425
0.04263
0.04292
0.04406
0.03986
0.05255
0.04511
0.05217
0.05541
0.05074
0.05512
0.0598
0.2052
0.03824
0.03052
0.02594
0.04387
0.04606
0.03815
0.033
0.03319
0.03853
0.03748
0.03414
0.03366
0.03033
0.03271
0.02995
0.02728
0.03338
0.02937
0.03204
0.03719
0.02728
0.0329
0.03014
0.03595
0.0308
0.02756
0.02155
0.02356
0.02193
0.02785
0.02642
0.02594
0.02642
0.02546
0.02584
0.02527
0.02832
0.02642
0.02699
0.03405
0.03109
0.02899
0.02451
0.02794
0.02756
0.0247
0.02766
0.0206
0.02079
0.02947
0.02346
0.02556
0.02851
0.02537
0.0247
0.02432
0.02642
0.02565
0.02375
0.02327
0.02384
0.02394
0.02403
0.02766
0.02365
0.02117
0.03872
0.02604
0.02413
0.02642
0.0246
0.02346
0.02394
0.0246
0.02728
0.0248
0.01974
0.02079
0.02432
0.02174
0.02317
0.02985
0.02422
0.03166
0.02594
0.02689
0.08326
0.03252
0.03338
0.02737
0.02213
0.0288
0.02298
0.03061
0.02813
0.0268
0.02499
0.02527
0.01774
0.02031
0.02718
0.02947
0.0247
0.02346
0.02728
0.07191
0.06971
0.03443
0.03557
0.02804
0.03023
0.02918
0.03405
0.03386
0.0351
0.03576
0.035
0.02975
0.03681
0.03204
0.03204
0.0309
0.02842
0.04921
0.02441
0.02527
0.03147
0.02737
0.03223
0.03529
0.03157
0.04225
0.04215
0.03223
0.03033
0.03529
0.03014
0.03338
0.03204
0.03262
0.03796
0.03624
0.0309
0.03672
0.03662
0.04702
0.03319
0.04091
0.03309
0.03939
0.04044
0.03614
0.04606
0.07687
0.09022
0.04129
0.04835
0.04921
0.04511
0.04463
0.04177
0.0432
0.0432
0.03605
0.04644
0.03815
0.04072
0.03805
0.09022
0.1192
0.03033
0.03281
0.03691
0.04349
0.03796
0.04177
0.035
0.03433
0.0351
0.03452
0.03347
0.03805
0.04396
0.04072
0.03567
0.03738
0.02584
0.04272
0.04406
0.04187
0.03576
0.03986
0.02975
0.02985
0.03538
0.0391
0.04005
0.03157
0.04368
0.03614
0.03881
0.03614
0.0391
0.03614
0.03424
0.03157
0.03042
0.03395
0.03386
0.03757
0.03366
0.03643
0.0371
0.033
0.03614
0.03347
0.03242
0.03653
0.0289
