0.0
0.0
0.0
1.685
0.0
0.0005722
0.001717
0.003338
0.002003
0.001049
0.002098
0.001431
0.0009537
0.001049
0.001049
0.001049
0.0007629
0.001049
0.0005722
0.002003
0.0007629
0.002384
0.001526
0.00124
0.0007629
0.002098
0.002384
0.001621
0.001621
0.001526
0.6157
0.005817
0.0
0.0
0.0
0.0
2.588
0.00124
0.00248
0.001335
0.002098
0.003052
0.00515
0.003052
0.00391
0.002575
0.004292
0.004292
0.003338
0.003338
0.004101
0.004482
0.005436
0.003719
0.004482
0.004005
0.003719
0.003624
0.00391
0.002861
0.003338
0.003719
0.002098
0.0004768
0.0
