0.02346
0.02604
0.02346
0.02604
0.02604
0.02604
0.02604
0.02604
0.02346
0.02861
0.02346
0.02861
0.02346
0.02861
0.02346
0.02604
0.02604
0.02604
0.02346
0.02604
0.02346
0.02604
0.02346
0.02604
0.02346
0.02604
0.02346
0.02604
0.02346
0.02604
0.02346
0.02604
0.02346
10.13
19.97
21.34
21.8
23.07
23.14
22.83
21.51
15.06
20.19
21.12
18.43
14.87
9.888
21.53
24.54
24.05
24.58
24.1
23.75
20.73
16.28
19.6
20.39
14.38
13.4
22.63
24.71
25.63
25.39
23.54
22.63
17.14
18.24
18.09
19.9
15.33
13.38
13.26
15.41
13.26
12.5
0.4868
9.058
20.78
20.63
20.39
21.07
21.14
21.07
20.39
15.31
17.85
20.41
20.8
10.05
19.75
17.75
25.39
34.33
31.88
23.34
34.57
28.12
23.85
29.44
22.92
18.55
31.15
31.84
16.82
19.51
14.45
18.82
32.57
33.98
33.84
32.37
31.25
31.98
9.766
31.49
33.35
36.96
36.08
29.35
31.79
19.51
15.99
19.58
32.08
35.21
35.69
30.76
20.97
25.88
22.85
8.667
14.55
16.72
19.7
26.81
30.03
16.99
14.5
30.03
33.15
31.93
31.88
29.35
35.06
21.8
13.01
31.93
35.5
33.4
35.45
27.49
31.93
18.7
18.82
13.33
19.73
33.59
34.13
31.54
31.45
28.52
34.57
20.31
17.77
30.13
31.69
30.08
28.66
20.34
24.83
26.37
17.07
16.41
18.09
24.58
30.91
18.58
14.01
15.19
16.63
11.63
13.55
0.164
0.08078
0.02346
0.02604
0.02346
0.02604
9.717
15.38
15.6
16.89
18.51
15.58
6.262
14.33
15.77
14.38
12.49
21.34
30.42
29.74
15.5
11.06
14.18
12.29
0.1848
0.09899
0.02604
0.02861
0.02346
0.02861
11.6
13.89
14.01
13.99
14.18
14.43
14.43
12.15
14.04
13.72
14.84
16.16
17.63
18.43
14.82
13.84
13.28
12.33
0.1926
0.1068
0.02604
0.02604
0.02346
0.02861
12.72
18.19
26.17
25.78
14.28
17.9
16.09
16.09
20.7
23.95
24.56
14.28
15.97
16.82
16.5
19.21
18.48
0.3517
17.16
0.1432
0.1198
0.02861
0.02346
0.02861
10.99
14.01
22.58
25.88
26.51
12.27
15.72
22.31
29.2
18.63
19.92
18.38
14.16
16.8
20.83
25.98
25.24
5.682
0.6508
0.1225
0.02346
0.02861
0.02604
0.02861
10.8
14.72
11.15
14.79
20.48
26.42
26.66
16.7
18.09
15.31
16.26
22.09
24.44
24.88
14.18
13.6
14.99
24.58
26.03
24.66
1.396
0.5882
0.06771
0.02604
0.02604
13.28
15.16
16.38
12.52
19.26
20.68
28.22
26.71
9.583
9.546
3.894
12.7
16.24
15.8
14.99
18.48
25.78
27.25
10.34
0.7629
0.2342
0.02604
0.02604
0.02346
9.668
13.11
14.87
13.38
16.75
15.55
13.55
16.41
12.41
17.31
16.67
28.12
30.96
15.58
13.82
14.28
16.24
15.33
19.02
22.75
1.26
0.4974
0.05598
0.181
16.36
16.94
12.67
17.14
11.57
14.55
13.23
12.7
19.9
22.0
22.14
20.9
22.58
23.12
23.22
22.36
20.41
17.68
18.16
19.73
19.38
20.7
20.36
21.09
22.27
22.05
20.85
21.14
21.9
21.31
21.12
20.51
22.09
23.54
23.97
24.44
15.23
15.36
20.19
22.05
22.07
19.82
16.94
23.1
25.59
22.61
18.87
24.0
13.82
3.21
26.61
29.25
31.49
35.01
33.11
30.22
31.35
34.13
33.69
32.32
33.4
32.23
32.03
31.25
30.52
28.47
25.54
24.63
24.15
23.95
17.14
8.521
18.77
28.96
30.18
30.32
27.44
24.54
22.24
21.22
22.24
16.85
12.72
32.47
29.98
27.78
26.95
29.93
31.3
29.15
28.56
31.59
32.42
34.47
32.18
29.35
30.86
33.64
33.11
33.69
30.76
29.05
13.01
17.7
23.93
25.29
28.76
31.4
29.98
27.54
26.56
26.46
9.656
15.23
30.47
29.54
28.81
29.74
29.98
29.2
32.28
31.35
30.71
30.76
31.25
30.96
31.05
33.3
31.1
28.81
28.03
26.37
27.88
28.42
14.38
24.32
31.01
23.41
28.37
30.91
21.31
18.29
21.8
21.0
20.21
2.966
18.65
26.12
31.98
32.18
30.08
29.2
27.49
25.78
30.32
31.1
31.49
31.1
28.52
29.39
30.76
27.39
27.69
27.88
31.98
29.98
30.81
10.96
14.26
24.85
30.71
29.83
29.64
24.19
15.87
14.62
14.75
15.33
15.89
14.6
2.744
18.07
21.02
21.36
19.95
18.55
16.26
15.92
18.14
20.56
21.34
20.04
20.58
18.97
19.78
31.05
35.06
33.64
34.18
36.82
37.45
36.13
35.5
35.84
25.88
13.26
34.62
35.99
35.01
35.74
25.98
27.1
27.98
11.51
26.51
35.6
28.96
35.06
20.31
34.81
36.52
27.98
36.52
19.63
17.46
35.55
27.1
22.09
24.98
23.83
34.62
24.0
34.77
17.14
30.96
35.64
19.95
33.5
13.92
35.4
31.2
28.96
22.9
17.6
20.73
22.07
19.65
16.36
19.73
15.53
22.88
37.79
38.09
37.84
38.33
36.67
31.45
29.1
28.81
29.64
29.49
28.52
29.2
25.88
20.68
17.75
17.36
15.65
15.89
15.87
15.38
15.65
17.16
15.06
13.23
15.7
15.55
17.94
9.131
2.78
20.8
16.33
4.688
14.23
16.65
10.83
21.78
28.76
26.66
16.87
7.642
37.21
33.35
31.35
30.91
29.74
29.83
30.76
30.37
30.42
30.27
30.62
30.91
32.03
31.98
30.71
31.25
31.2
32.28
32.08
18.87
20.29
23.56
24.85
27.39
28.12
24.07
18.6
23.75
21.68
21.66
10.44
14.14
23.44
24.54
23.93
26.22
25.0
25.73
26.22
27.93
28.91
28.12
27.34
27.44
27.54
27.88
27.2
28.76
26.66
22.71
20.24
17.43
16.65
16.63
17.72
20.58
16.48
20.92
25.63
26.56
25.44
25.59
27.15
26.71
28.76
28.81
10.1
19.51
16.38
17.72
19.29
13.62
15.75
17.6
17.68
22.07
23.0
27.54
21.88
15.62
23.58
26.32
16.97
18.31
17.77
16.21
10.27
17.16
19.26
17.7
17.87
23.63
27.83
27.78
27.59
25.39
23.58
23.44
23.05
24.44
24.8
23.85
24.76
25.78
25.39
25.54
25.78
25.44
26.07
25.24
22.63
22.75
18.14
15.97
16.55
15.92
15.6
17.16
17.82
19.7
23.41
21.48
17.68
15.87
15.14
16.26
18.26
8.203
13.13
12.12
14.26
14.09
14.01
12.06
13.7
15.53
15.36
16.48
17.53
18.65
14.26
12.77
14.72
15.7
13.65
17.85
18.12
18.9
11.91
11.57
14.16
10.68
15.33
15.77
15.53
15.28
16.5
5.682
0.6096
0.1459
0.02346
0.02604
0.02604
0.02861
0.02604
0.02861
0.02604
0.02861
0.02604
0.02861
0.02346
0.02861
0.02346
0.02861
0.02346
0.02604
0.02604
1.999
16.97
17.92
15.36
15.77
14.48
13.67
17.19
13.99
15.45
15.09
