19.24
20.17
20.21
19.85
17.8
18.97
18.97
15.84
16.58
17.94
18.51
17.77
19.95
20.87
22.78
19.09
18.29
16.94
16.24
17.82
21.75
21.07
19.51
18.14
20.07
19.24
20.73
20.26
20.58
18.46
18.87
17.87
16.82
19.21
20.56
21.63
18.77
16.65
17.87
19.73
19.97
20.68
17.99
19.24
20.17
21.51
20.8
20.56
17.97
18.77
19.68
20.31
21.29
18.95
23.12
21.12
16.77
19.41
18.51
18.53
19.51
20.97
21.88
17.5
18.46
15.19
15.21
15.6
18.9
19.51
20.29
20.21
19.38
20.17
16.26
16.11
17.29
16.85
19.48
18.12
13.72
14.21
15.82
16.72
16.24
17.43
18.31
20.19
20.36
21.34
19.63
19.8
19.19
20.36
17.41
15.16
15.04
15.45
15.77
17.38
19.02
20.7
19.68
18.07
17.99
19.63
19.92
17.75
17.09
19.58
17.9
18.43
19.14
17.9
16.33
17.38
19.48
17.02
15.26
15.09
16.33
16.72
19.34
20.9
21.56
19.85
18.09
17.02
14.48
15.94
18.58
20.14
20.53
17.33
16.31
16.72
21.19
20.31
17.9
15.82
16.43
17.55
23.14
25.34
23.83
15.58
17.58
17.68
20.51
20.83
20.43
19.58
16.14
15.72
16.28
18.09
18.75
18.14
17.7
16.87
17.41
17.24
20.61
17.92
21.04
17.14
16.99
17.43
16.38
14.77
17.75
17.26
18.43
19.58
15.87
15.14
15.45
18.12
15.84
15.43
13.62
16.87
17.72
16.85
17.16
17.6
22.34
17.11
16.8
16.85
20.26
17.43
15.16
16.87
17.99
16.82
17.8
16.92
17.11
15.82
16.55
17.58
15.41
17.6
15.55
14.16
16.72
17.87
17.48
18.46
17.5
17.33
15.97
18.58
19.31
18.09
19.58
18.65
17.11
18.12
15.65
15.65
16.58
16.92
18.51
18.04
18.16
14.6
16.41
14.92
16.85
17.75
18.24
15.94
15.55
17.26
18.07
17.68
16.46
15.31
13.35
14.77
19.04
19.29
18.82
18.48
17.75
17.55
17.58
17.7
17.9
17.5
19.36
20.17
17.6
18.51
18.65
18.97
17.85
21.02
18.7
17.87
17.04
18.36
19.12
20.53
21.56
20.26
16.38
18.7
20.61
19.36
18.8
22.05
18.19
19.7
18.9
18.33
16.92
18.58
17.85
19.36
20.53
20.51
16.72
18.68
18.33
19.34
18.53
18.02
18.77
20.78
22.09
23.68
18.38
15.99
15.48
17.09
20.9
17.77
18.92
18.82
20.73
17.94
18.58
18.16
20.61
18.26
17.72
17.58
18.68
20.9
19.97
19.7
20.31
19.6
19.85
19.73
19.97
16.14
15.77
14.67
16.58
17.29
19.6
19.75
19.38
20.17
21.44
20.31
19.48
21.7
19.51
18.97
16.87
16.53
16.28
16.06
15.65
15.72
17.11
18.7
19.29
20.92
23.27
18.46
18.75
17.53
15.16
17.9
17.9
14.99
16.85
19.24
18.63
18.68
18.19
19.9
20.24
19.85
19.02
18.26
17.75
18.38
16.24
17.02
16.16
20.46
19.17
20.07
20.26
21.51
19.29
19.7
19.14
19.41
18.19
17.43
17.85
16.87
17.75
19.68
19.68
19.24
19.6
20.78
19.51
21.44
18.16
17.46
17.9
18.87
16.85
17.9
18.9
22.88
18.97
21.51
17.09
18.77
19.53
21.31
17.29
20.41
18.85
21.34
21.41
19.38
17.53
17.36
15.6
20.85
18.8
18.24
19.6
18.38
15.94
16.02
18.6
20.65
16.63
17.72
16.99
15.55
17.77
15.65
17.9
15.14
19.63
18.85
16.65
20.56
16.85
14.82
15.7
17.43
17.16
16.24
16.6
19.43
18.73
19.87
18.85
18.97
18.16
16.02
18.14
17.97
18.85
21.24
17.82
17.8
17.9
20.0
19.21
19.85
17.8
17.97
17.92
20.29
18.63
20.14
19.95
18.92
15.89
16.04
18.31
17.24
18.6
19.51
16.94
18.04
20.53
19.43
18.36
18.41
16.14
13.79
17.85
20.51
20.58
18.53
18.95
16.99
17.29
14.92
16.7
17.21
20.48
20.14
20.04
19.9
15.41
15.7
16.21
18.09
19.6
20.48
20.29
18.29
16.63
16.87
17.63
20.04
20.04
20.85
19.24
19.56
18.77
16.53
18.33
18.21
18.29
19.04
18.33
19.31
20.8
22.12
20.68
19.17
15.36
19.41
16.11
16.94
17.6
18.77
19.53
21.22
20.61
20.43
19.19
16.41
17.19
16.58
18.95
19.04
18.14
18.73
19.56
21.04
18.16
19.73
15.48
18.43
19.29
20.58
19.68
18.58
18.55
20.87
16.82
16.99
17.24
17.36
16.53
15.62
15.8
18.04
16.04
21.29
21.07
19.24
14.23
13.75
14.36
15.55
15.23
16.38
18.04
19.73
20.87
20.61
19.78
18.63
17.72
18.82
21.58
19.7
16.67
16.8
18.9
18.53
20.02
23.02
20.9
19.24
19.73
20.17
19.34
18.6
18.31
19.24
20.24
17.41
15.53
16.6
17.9
19.8
18.75
18.87
20.63
19.04
18.8
21.44
23.66
23.8
20.14
16.16
17.65
14.87
15.77
19.78
19.92
23.32
21.9
19.78
15.94
18.26
18.6
19.07
18.46
20.19
20.26
21.29
17.8
18.82
18.75
19.07
18.53
19.12
20.02
20.87
20.41
18.82
19.78
19.82
20.07
20.29
18.82
16.11
18.99
20.0
20.87
19.31
17.55
19.56
20.17
19.82
20.31
23.07
20.02
19.31
18.36
18.38
18.53
20.83
22.88
22.44
20.39
18.38
17.6
17.68
20.46
16.97
19.38
16.7
19.21
16.7
19.58
18.46
18.51
21.22
19.41
18.58
20.39
17.7
20.41
17.41
21.66
21.41
20.09
19.26
20.07
21.34
17.36
17.31
17.65
17.21
19.75
20.53
22.56
19.8
18.87
20.39
18.24
15.7
16.82
17.21
