0.02604
0.02346
0.02604
0.02346
0.02604
0.02346
0.02861
0.02346
0.02604
0.02346
0.02861
0.02604
0.02604
0.02346
0.02861
0.02346
0.02861
0.02346
0.02604
0.02346
0.02604
0.02346
0.02604
0.02346
0.02604
0.02604
0.02604
0.02346
0.02604
0.02346
0.02604
0.02346
0.02604
6.433
23.1
25.44
25.93
27.39
27.98
28.27
23.24
17.04
20.61
24.41
16.48
14.79
18.58
22.63
24.73
11.18
17.75
23.58
26.56
28.27
29.54
29.44
25.05
25.29
26.61
17.48
15.7
18.09
19.73
22.34
10.19
19.7
19.97
21.34
24.61
25.29
25.83
27.98
22.05
25.83
26.37
12.11
15.84
15.19
13.99
17.07
17.97
21.0
19.97
12.11
12.34
15.14
16.65
18.26
19.19
17.8
12.74
21.39
22.31
22.9
22.75
24.56
26.03
23.36
23.88
27.0
17.8
13.53
13.89
14.55
9.607
18.6
20.97
29.69
30.13
13.55
29.1
37.16
37.84
39.31
31.79
36.43
22.58
19.14
23.22
26.32
31.84
28.37
18.33
15.45
18.6
18.51
15.31
12.29
15.84
20.26
20.34
14.18
13.96
9.692
25.98
34.47
36.57
35.35
33.69
34.38
27.64
16.53
16.99
23.58
19.43
22.73
18.26
30.32
34.86
17.33
27.64
38.77
33.74
37.11
33.4
31.93
32.47
12.35
17.48
22.61
37.26
38.13
37.55
29.44
34.08
23.75
14.62
18.29
19.58
19.92
19.51
18.33
20.0
15.62
12.37
8.752
13.53
15.67
14.23
15.65
16.67
17.87
18.36
17.33
1.146
0.4532
0.05732
0.02604
0.02604
0.02604
0.02604
0.02604
1.353
13.5
8.545
12.38
17.46
21.92
22.78
14.79
9.448
5.585
0.1511
5.682
8.899
0.1198
0.0885
0.02604
0.02604
0.02604
0.03128
0.02604
0.02604
0.02604
0.03128
0.02604
0.02604
0.02604
0.02604
0.04692
13.82
14.99
16.58
16.14
15.67
17.63
4.724
0.6195
12.3
0.2396
0.1406
0.02604
0.03128
0.02604
0.03128
0.02604
0.03128
0.02604
0.02604
0.02604
0.03128
0.02604
13.09
0.1875
13.26
1.813
13.4
11.29
3.589
0.1459
9.802
13.94
16.82
0.5569
0.1198
0.02604
0.03128
0.02079
0.03128
0.02604
0.02604
0.02604
0.03128
0.02079
0.03128
0.02604
0.02604
0.02604
0.02604
0.02604
0.02604
0.02079
0.03128
0.02604
11.08
19.6
22.17
23.27
16.48
0.7812
0.3803
0.02604
0.03128
0.02604
0.02604
0.02604
0.03128
0.02604
8.521
7.593
15.38
14.28
10.5
4.657
13.65
0.1562
0.1093
0.02604
0.02604
0.02604
0.02604
0.02604
0.03128
0.02604
0.02604
0.02604
0.02604
0.02604
0.03128
0.02604
0.02604
0.02604
0.02604
0.02604
0.02604
0.02604
0.02604
0.02604
0.02604
0.02604
0.02604
0.02604
0.02604
0.02604
0.03128
0.02604
0.03128
0.02604
0.02604
0.02604
0.02604
0.02604
0.02604
0.02604
0.02604
0.02604
0.02604
0.02604
0.02604
0.02604
0.02604
0.02604
0.02604
0.02604
0.02604
0.02604
0.02604
0.02604
0.03128
0.02604
0.03128
0.03128
0.03128
0.02604
0.03128
0.02079
0.03128
0.02604
0.03128
0.02604
0.02604
0.02604
0.03128
2.85
18.38
21.56
23.14
23.63
23.78
25.24
26.03
28.81
34.23
35.89
37.06
35.89
34.81
32.76
34.42
36.08
35.45
34.86
37.7
35.55
29.49
12.41
22.0
33.84
37.99
32.86
27.34
21.68
23.07
25.05
21.78
2.313
21.14
29.54
34.18
34.77
35.35
36.23
30.86
34.28
35.01
34.18
36.08
34.67
33.2
36.77
38.53
36.91
35.3
32.32
31.84
17.36
13.53
16.99
17.26
21.68
22.8
25.54
26.71
25.1
25.0
21.48
19.68
15.67
14.16
1.442
3.851
23.39
23.27
24.51
24.83
24.9
27.49
28.61
29.15
33.94
35.64
36.43
35.06
35.11
33.11
34.23
34.03
37.6
37.94
37.55
37.16
18.8
8.167
15.45
19.53
22.95
25.54
25.73
26.61
22.73
16.77
18.58
19.38
21.48
21.34
2.011
16.21
23.66
26.42
29.05
29.54
28.32
28.17
28.86
29.83
27.83
27.93
29.05
29.59
29.54
29.69
29.3
30.13
28.91
29.0
26.81
24.76
25.34
25.34
23.85
11.46
17.6
24.17
27.64
22.29
21.0
22.75
20.36
19.8
18.82
20.63
19.78
16.38
4.37
15.33
24.76
32.71
36.47
35.5
34.52
34.72
36.72
36.13
36.04
34.42
35.4
35.25
35.06
33.11
32.76
35.21
36.52
36.87
15.94
16.58
32.81
35.5
37.06
38.82
26.51
27.69
16.94
12.94
15.31
2.46
26.9
38.33
38.82
39.55
38.87
39.11
38.13
36.87
37.79
38.23
38.43
37.55
38.96
39.4
37.94
36.04
35.55
12.41
28.47
37.99
38.13
30.27
28.37
28.32
29.35
24.15
8.362
32.62
38.82
26.95
30.86
20.63
37.16
28.81
35.69
19.12
39.11
37.16
31.2
37.6
29.83
18.19
38.77
31.01
37.16
8.362
36.82
36.77
35.35
36.04
34.86
34.52
34.28
29.69
28.96
30.52
31.84
31.49
32.32
32.91
32.86
33.25
33.2
34.96
33.59
26.95
5.945
18.95
31.98
38.38
38.96
36.28
25.34
30.22
25.98
11.33
35.5
33.89
6.946
33.54
36.91
35.35
35.5
33.94
32.37
28.91
26.32
23.1
21.0
19.48
16.67
16.6
17.41
16.72
17.09
18.07
19.75
19.07
17.9
18.38
19.48
19.78
20.19
20.21
22.24
24.19
16.26
14.5
18.73
21.53
22.17
23.93
23.66
33.74
23.0
24.15
27.15
22.78
4.279
12.04
22.83
24.24
25.93
27.44
28.08
29.64
30.37
30.81
31.2
32.08
31.25
30.71
29.98
30.03
31.2
32.67
33.64
33.79
32.81
33.35
26.81
11.38
15.65
17.63
20.73
20.34
19.97
19.56
19.75
16.5
15.65
17.46
19.6
22.05
24.0
3.418
23.1
22.29
15.8
16.11
24.93
28.32
27.0
24.15
15.7
15.38
20.0
28.52
24.73
19.56
23.07
31.35
26.12
21.9
15.82
22.49
30.66
33.54
33.54
33.98
35.21
34.38
35.5
33.94
33.35
35.16
31.79
29.74
31.05
28.81
27.93
27.05
28.91
27.59
27.15
16.41
16.43
22.22
25.88
26.27
25.59
25.29
19.29
18.99
21.78
19.65
19.24
13.79
6.018
14.7
13.5
13.5
16.04
14.84
14.65
15.06
14.94
17.38
15.43
14.75
15.48
15.84
18.55
25.93
20.24
15.16
14.65
13.7
14.28
14.48
13.6
14.53
16.75
18.95
23.56
17.94
16.82
12.82
13.62
15.23
14.75
15.28
14.43
9.766
15.31
13.04
14.11
14.11
8.948
0.1823
0.07296
0.02604
2.75
13.72
15.21
12.35
14.48
13.4
15.53
15.82
15.62
13.94
14.23
14.87
14.97
13.94
13.43
11.18
13.89
14.62
8.057
0.1719
0.07296
0.03128
0.02079
0.03128
0.02604
0.03128
0.02604
0.02604
0.02604
0.02604
0.02604
0.02604
0.02604
0.02604
0.02604
0.03128
0.02079
0.03128
0.02079
0.02604
0.02604
0.02604
8.24
17.97
23.75
22.78
26.17
30.03
32.81
