0.02346
0.02346
0.02346
0.02604
0.02346
0.02861
0.02346
0.02604
0.02346
0.02604
0.02604
0.02861
0.02346
0.02861
0.02346
0.02604
0.02604
0.02604
0.02346
0.02604
0.02346
0.02604
0.02346
0.02604
0.02346
0.02346
0.02346
0.02604
0.02079
0.02604
0.02346
0.02604
0.02346
2.899
19.41
21.73
22.27
21.66
22.39
24.8
25.39
22.63
27.98
25.83
16.24
12.52
29.0
30.08
27.29
26.86
29.3
22.75
28.81
25.29
17.29
9.119
29.44
29.79
29.59
29.3
27.25
21.41
25.29
26.17
15.31
18.99
28.52
28.08
26.95
29.0
27.2
29.25
25.98
16.33
12.84
14.7
14.99
12.52
1.146
26.56
29.15
29.2
26.27
26.07
20.12
24.27
23.75
20.8
12.33
27.88
26.46
28.96
28.91
27.1
22.53
27.93
20.65
13.57
16.24
17.16
4.803
0.2029
0.07296
0.06247
22.88
26.66
27.34
27.29
27.73
23.49
26.66
26.61
14.62
21.97
26.22
28.66
30.08
29.79
26.71
29.15
22.14
14.62
24.95
27.49
29.49
28.81
27.15
19.8
25.98
23.44
12.17
15.92
17.24
17.7
8.826
27.15
27.83
27.69
28.08
28.66
22.46
29.3
27.69
17.68
17.85
14.28
15.41
17.43
30.27
30.66
30.52
30.22
19.65
28.32
27.1
15.99
17.26
11.65
23.88
26.56
29.0
29.49
28.12
22.02
26.51
25.73
16.11
16.6
19.26
21.8
23.66
24.05
12.24
11.29
0.211
0.07296
0.02346
0.02604
0.02861
0.02604
0.02346
0.02604
0.02346
0.02604
0.02346
0.02861
0.02079
0.02604
0.02346
0.02604
0.02346
0.02604
0.02346
0.02604
0.02346
0.02861
0.02346
0.02861
0.02346
0.02604
0.02346
0.02604
0.02346
0.02861
0.02346
0.02604
0.02604
0.02604
0.02346
0.02861
0.02346
0.02861
0.02346
0.02604
0.02604
0.02604
0.02346
0.02604
0.02604
0.02604
0.02604
0.02604
0.02604
0.02604
0.02604
0.02604
0.02346
0.02861
0.02604
0.02604
0.02346
0.02604
0.02346
0.02861
0.02346
0.02861
0.02346
0.02861
0.02346
0.02861
0.02346
0.02604
0.02346
0.02861
0.02346
0.02861
0.02346
0.02861
0.02346
0.02604
0.02346
0.02861
0.02346
0.02604
0.02346
0.02604
0.02346
0.02604
0.02346
0.02861
0.02604
0.02861
0.02346
0.02604
0.02346
0.02604
0.02604
0.02604
0.02346
0.02861
0.02346
0.02604
0.02346
0.02861
0.02604
0.02604
0.02604
0.02604
0.02604
0.02604
0.02604
0.02861
0.02604
0.02861
0.02604
0.02861
0.02604
0.02604
0.02346
0.02861
0.02346
0.02604
0.02604
0.02604
0.02604
0.02861
0.02346
0.02861
0.02604
0.02604
0.02861
0.02861
0.02604
0.02604
0.02604
0.02604
0.02604
0.02861
0.02604
0.02604
0.02604
0.02604
0.02346
0.02861
0.02604
0.02604
0.02604
0.02861
0.02346
0.02604
0.02346
0.02346
0.02346
0.02604
0.02079
0.02604
0.02346
0.02604
0.02346
0.02604
0.02346
0.02604
0.02346
0.02346
0.02346
0.02346
0.02346
0.02861
0.02346
0.02861
0.02346
0.02861
0.02604
0.02604
0.02346
0.02604
0.02346
0.02861
0.02604
0.02861
0.02604
0.03386
0.03128
0.02737
0.02213
0.02346
0.02346
0.02346
0.02346
0.02346
0.02346
0.02604
0.02346
0.5707
12.79
23.93
24.0
26.03
28.12
27.88
27.73
28.22
24.58
26.27
28.37
27.98
24.12
23.63
26.32
27.05
26.27
26.56
28.96
29.59
30.03
28.96
28.47
10.72
17.02
17.82
16.58
15.11
14.84
19.85
24.46
24.32
21.51
20.68
24.0
21.04
2.866
22.73
23.36
25.88
24.39
25.1
26.07
25.1
24.22
23.93
26.17
26.27
25.68
25.68
28.91
28.42
27.83
28.86
27.05
25.59
24.46
24.54
25.93
25.78
18.46
15.04
18.82
26.37
24.19
24.95
28.71
25.39
20.36
21.26
20.04
18.07
4.346
18.97
29.69
29.2
26.71
24.17
22.0
19.97
20.7
18.95
22.31
22.41
22.34
20.41
20.87
23.22
24.22
22.53
22.51
22.41
21.75
20.24
19.07
18.68
17.94
17.7
17.14
16.7
17.07
14.62
13.6
16.09
16.94
16.5
16.14
16.65
15.62
15.55
15.41
15.84
14.84
15.36
15.04
15.48
16.11
15.72
2.051
14.23
19.6
18.7
17.43
17.16
18.26
17.7
18.9
18.99
19.82
19.92
20.26
19.82
18.7
17.36
16.58
16.8
15.14
15.67
17.63
19.48
19.17
19.48
24.98
27.2
24.83
22.9
21.88
22.24
22.92
23.51
14.18
11.85
15.97
21.75
18.9
14.11
17.38
16.21
15.99
18.14
22.51
17.53
19.34
17.02
17.36
2.744
18.16
31.93
31.1
31.45
32.28
33.25
34.28
34.38
34.28
33.4
31.1
28.37
26.37
25.29
24.93
24.37
23.66
22.97
34.13
32.91
25.24
15.23
32.08
30.18
29.44
30.81
30.71
28.08
29.05
22.63
6.677
31.4
33.64
28.17
31.64
14.79
33.69
29.83
30.32
19.9
28.61
33.64
28.91
27.34
21.46
32.28
31.64
24.98
28.71
13.99
31.88
32.37
33.25
32.57
32.96
32.18
31.69
32.23
32.86
34.91
32.76
34.18
33.35
32.76
33.94
33.3
32.42
31.2
15.62
18.6
15.65
16.31
16.87
15.09
15.09
15.04
15.45
15.19
19.07
24.54
24.85
24.54
4.291
15.53
21.0
20.8
20.02
20.65
20.17
21.09
27.49
27.69
26.32
35.64
35.21
32.52
30.96
29.39
29.49
30.47
29.74
30.66
29.98
30.13
29.98
20.36
34.67
34.77
30.76
26.81
23.29
25.78
26.51
25.0
3.424
27.05
30.22
30.71
31.4
32.03
31.1
30.86
32.03
30.42
29.44
30.22
29.39
30.03
31.01
31.25
30.76
29.54
30.66
31.35
21.24
26.86
27.54
27.05
18.87
16.5
25.34
27.49
25.54
25.2
17.99
3.082
18.41
28.17
27.05
26.71
29.79
30.37
30.76
31.54
31.1
31.25
30.08
30.47
29.54
27.98
27.69
28.76
29.54
30.57
31.4
28.17
23.34
15.55
28.12
28.03
27.49
22.36
23.39
19.68
15.43
15.97
15.62
21.24
15.21
8.423
21.19
19.82
27.29
27.93
26.03
21.41
21.51
22.97
21.51
16.11
34.77
35.06
29.74
35.21
34.03
35.6
35.6
35.11
35.3
36.43
36.72
36.18
36.33
35.89
34.91
35.5
27.93
15.48
19.29
34.23
32.18
32.96
30.91
23.54
21.46
25.83
16.26
13.53
14.16
15.87
16.09
12.99
16.48
16.04
15.72
10.22
15.99
13.26
18.48
28.76
22.61
10.49
20.36
18.87
19.02
24.44
27.0
25.39
24.46
24.46
24.85
24.61
24.12
32.96
33.69
32.96
31.35
32.03
34.62
34.23
30.91
28.03
26.07
25.98
18.41
28.91
34.67
34.03
33.54
29.64
29.1
30.47
25.83
7.849
13.06
17.58
29.15
30.91
13.33
5.365
9.644
0.1249
0.06771
0.02604
0.02604
0.02604
0.02604
0.02604
0.02079
0.02604
0.02604
0.02604
0.02079
0.02604
0.02604
0.02604
0.02604
0.02604
0.02604
0.02604
0.02604
0.02604
0.02079
0.02604
0.02604
0.02079
0.03128
0.02079
0.02604
0.02604
0.02604
0.02604
0.03128
0.02604
0.02604
0.02604
