5.829
5.829
5.829
5.829
5.829
5.829
5.829
5.829
5.829
5.829
5.829
5.829
5.829
5.829
5.829
5.829
5.829
5.829
5.829
5.829
5.829
5.829
5.829
5.829
5.829
5.829
5.829
5.829
5.829
5.829
5.829
5.829
5.829
7.043
13.5
16.28
17.16
17.8
17.6
15.11
13.13
9.473
14.28
16.5
17.29
17.77
17.38
14.82
12.08
9.119
13.92
16.63
17.43
17.9
17.07
13.55
11.16
10.4
15.84
17.04
17.63
17.14
14.14
11.25
8.142
10.19
15.65
17.07
17.75
17.11
13.43
10.36
8.606
8.618
10.49
19.09
20.14
10.46
8.557
8.496
13.89
16.38
17.31
17.82
16.24
13.16
10.31
11.57
15.62
16.6
17.29
17.72
16.53
13.18
11.3
8.105
8.691
8.533
12.41
16.36
17.24
17.82
16.41
13.09
10.51
9.961
15.82
17.02
17.58
17.75
14.92
12.55
9.595
11.52
15.8
16.94
17.6
17.31
14.53
10.78
9.375
11.54
20.14
17.26
8.545
13.62
16.36
17.16
17.65
17.48
14.97
13.16
9.656
9.668
11.22
19.48
19.48
9.167
15.16
16.75
17.53
17.31
14.77
12.52
9.326
9.814
19.36
19.68
10.6
9.424
9.692
9.57
8.789
9.021
9.521
11.0
19.29
19.92
10.49
15.14
16.55
17.29
17.75
17.99
15.16
11.63
8.862
8.777
13.87
20.7
16.94
8.643
6.555
9.143
6.018
6.018
6.024
6.024
6.024
5.841
5.829
5.829
5.829
5.829
5.829
5.829
5.829
5.829
5.829
5.829
5.829
5.829
5.829
5.829
5.829
5.829
5.829
5.829
5.829
5.829
5.829
5.829
5.829
5.829
5.829
5.829
5.829
5.829
5.829
5.829
5.829
5.829
5.829
5.829
5.829
5.829
5.829
5.829
5.829
5.829
5.829
5.829
5.829
5.829
5.829
5.829
5.829
5.829
5.829
5.829
5.829
5.829
5.829
5.829
5.829
5.829
5.829
5.829
5.829
5.829
5.829
5.829
5.829
5.829
5.829
5.829
5.829
5.829
5.829
5.829
5.829
5.829
5.829
5.829
5.829
5.829
5.829
5.829
5.829
5.829
5.829
5.829
5.829
5.829
5.829
5.829
5.829
5.829
5.829
5.829
5.829
5.829
5.829
5.829
5.829
5.829
5.829
5.829
5.829
5.829
5.829
5.829
5.829
5.829
5.829
5.829
5.829
5.829
5.829
5.829
5.829
5.829
5.829
5.829
5.829
5.829
5.829
5.829
5.829
5.829
5.829
5.829
5.829
5.829
5.829
5.829
5.829
5.829
5.829
5.829
5.829
5.829
5.829
5.829
5.829
5.829
5.829
5.829
5.829
5.829
5.829
5.829
5.829
5.829
5.829
5.829
5.829
5.829
5.829
5.829
5.829
5.829
5.829
5.829
5.829
5.829
5.829
5.829
5.829
5.829
5.829
5.829
5.829
5.829
5.829
5.829
5.829
5.829
5.829
5.829
5.829
5.829
5.829
5.829
5.829
5.829
5.829
5.829
5.829
5.829
5.829
5.829
5.829
5.902
8.765
8.179
8.862
8.411
8.02
14.87
20.78
18.48
8.862
8.667
8.301
8.521
14.65
16.75
17.46
17.82
18.12
18.38
18.55
18.73
18.87
18.97
19.02
19.17
19.34
19.36
19.46
19.53
19.63
19.73
19.85
20.04
20.12
20.12
18.21
19.7
20.48
20.83
20.83
20.34
18.53
16.31
15.87
12.82
11.29
15.82
16.7
17.19
17.75
17.92
18.12
18.36
18.58
18.73
18.77
18.95
18.97
19.04
19.17
19.19
19.36
19.36
19.48
19.53
19.65
19.73
19.73
19.8
20.07
20.12
19.73
17.97
19.95
20.14
20.85
20.85
20.85
19.95
18.48
18.26
18.12
15.7
11.25
15.77
16.72
17.26
17.63
17.85
18.09
18.43
18.6
18.77
18.87
18.97
19.04
19.17
19.17
19.31
19.36
19.48
19.53
19.68
19.73
19.87
20.04
20.12
20.12
18.12
19.82
20.73
20.85
20.83
20.24
19.36
19.36
17.11
10.31
16.11
17.29
17.87
18.16
18.51
18.73
18.95
19.07
19.17
19.34
19.36
19.53
19.53
19.7
19.75
19.97
20.12
20.12
17.97
20.46
20.85
20.85
20.85
19.09
17.43
17.21
12.67
12.19
16.63
17.5
18.02
18.43
18.73
18.92
19.04
19.14
19.26
19.36
19.53
19.68
19.73
19.8
20.02
20.14
20.31
19.7
18.77
20.83
20.85
20.85
20.87
18.95
18.04
17.97
11.72
14.97
16.72
17.55
17.97
18.41
18.75
18.87
19.07
19.14
19.34
19.36
19.53
19.73
19.73
19.8
20.02
20.12
20.02
18.41
20.43
20.85
20.75
20.51
18.6
16.65
16.46
11.78
15.33
16.02
13.18
10.29
14.58
16.65
13.84
13.04
10.78
15.53
16.77
15.36
14.01
11.38
13.28
16.6
14.36
13.26
10.14
15.89
15.48
13.01
9.839
15.09
16.5
13.16
10.52
14.36
16.6
13.48
11.34
11.85
16.5
14.5
12.43
10.13
15.97
15.45
13.06
9.961
15.43
16.75
13.45
12.02
11.83
16.53
17.53
18.09
18.48
18.85
19.04
19.24
19.34
19.48
19.65
19.7
19.73
19.75
19.92
20.02
20.24
18.68
19.78
20.85
20.83
20.85
17.46
16.5
16.33
10.61
16.19
17.41
17.9
18.36
18.73
18.92
19.12
19.14
19.34
19.48
19.58
19.73
19.73
19.9
20.12
20.12
18.53
20.21
20.85
20.85
20.56
18.8
17.8
17.8
10.79
15.04
16.94
17.7
18.02
18.53
18.77
18.95
19.14
19.17
19.34
19.53
19.53
19.73
19.75
19.97
20.12
20.26
18.36
20.63
20.75
20.29
19.04
17.19
17.02
13.79
11.32
11.39
11.5
10.83
10.17
12.67
10.05
9.888
13.16
9.18
11.39
11.15
12.79
9.766
11.61
9.326
11.83
10.71
12.22
17.8
19.8
19.17
12.96
11.46
11.06
10.39
11.65
10.94
11.3
18.12
19.68
19.17
11.24
10.63
8.838
14.77
16.58
17.24
17.8
18.07
18.36
18.63
18.75
18.9
19.02
19.14
19.17
19.17
19.36
19.36
19.51
19.56
19.58
19.75
19.75
19.75
19.85
19.95
20.02
20.12
20.19
20.31
20.29
17.8
20.26
20.29
20.7
20.87
20.87
20.58
20.46
19.26
16.89
16.72
16.65
16.65
12.15
9.497
9.937
9.595
11.46
10.75
18.31
19.85
18.38
10.45
8.533
9.485
10.88
18.65
20.7
20.68
18.26
12.05
9.094
9.387
8.984
14.06
20.34
20.8
19.29
10.51
6.226
6.079
6.024
6.024
6.024
7.019
14.4
20.21
20.73
18.85
9.814
17.6
20.75
20.7
14.11
6.372
6.128
6.024
6.024
6.024
6.024
6.024
6.024
6.024
6.024
6.024
6.024
6.024
6.024
6.024
6.024
6.024
6.024
6.024
6.024
6.024
6.024
6.024
6.024
6.024
6.024
6.024
6.024
6.024
6.024
6.024
6.024
6.024
6.024
6.024
6.024
