0.02861
0.02346
0.02861
0.02346
0.02861
0.02604
0.02861
0.02346
0.02861
0.02604
0.02861
0.02604
0.02861
0.02861
0.02861
0.02346
0.03128
0.02346
0.02861
0.02346
0.02861
0.02604
0.02861
0.02346
0.02861
0.02604
0.02604
0.02346
0.02861
0.02346
0.02861
0.02604
0.02604
2.927
0.362
12.45
34.08
34.13
31.54
29.79
30.62
25.1
31.35
27.0
9.277
26.51
33.45
35.01
31.79
32.76
30.96
33.01
25.39
11.39
33.4
34.67
35.25
35.21
30.66
34.91
28.47
11.63
26.9
34.42
34.52
34.38
33.45
26.81
30.08
21.66
16.21
7.544
33.06
34.18
35.01
35.74
30.37
32.37
27.88
14.99
29.59
31.35
18.87
16.6
21.73
24.24
23.9
20.34
14.84
32.86
31.84
33.45
32.91
25.39
32.76
27.78
8.838
34.52
31.79
31.69
34.03
34.62
34.18
35.45
33.06
31.79
31.64
31.64
32.13
30.81
32.52
34.42
35.35
33.79
32.23
29.25
25.93
36.33
35.89
35.3
31.69
29.64
26.51
28.17
11.43
6.348
34.38
31.54
30.81
31.4
30.86
11.34
30.71
22.97
11.45
12.32
32.52
33.69
34.57
35.11
24.78
34.52
26.42
19.26
20.29
28.81
31.25
19.8
19.58
23.9
30.57
31.59
16.41
18.7
18.58
17.68
18.82
12.65
14.82
20.39
35.4
36.08
34.42
27.34
32.08
28.52
17.07
18.53
19.21
19.17
9.802
9.973
0.1692
0.1225
0.02861
0.02604
0.02861
0.02604
0.02861
0.02604
0.02861
0.02604
0.02861
0.02604
0.02861
0.02346
0.02861
0.02604
0.02604
0.02604
0.02604
0.02604
0.02861
0.02604
0.02861
0.02604
0.02861
0.02604
0.02604
0.02604
0.02861
0.02346
0.03128
0.02604
0.02604
0.02604
0.02861
0.02604
0.02861
0.02604
0.02861
0.02861
0.02861
0.02604
0.02861
0.02604
0.02861
0.02346
0.02861
0.02604
0.03128
0.02604
0.02861
0.02604
0.02861
0.02604
0.02604
0.02861
0.02604
0.02604
0.02861
0.02604
0.02861
0.02346
0.02861
0.02604
0.02861
0.02346
0.02861
0.02604
0.02861
0.02604
0.02861
0.02346
0.03128
0.02604
0.02861
0.02346
0.02861
0.02604
0.02861
0.02604
0.02861
0.02346
0.02861
0.02346
0.02604
0.02604
0.02861
0.02604
0.02861
0.02604
0.02604
0.02604
0.02861
0.02346
0.02604
0.02604
0.02604
0.02604
0.02604
0.02604
0.02861
0.02346
0.03128
0.02346
0.02861
0.02604
0.02861
0.02346
0.02861
0.02604
0.02861
0.02604
0.02861
0.02604
0.02861
0.02604
0.02861
0.02604
0.02861
0.02346
0.02861
0.02604
0.02861
0.02604
0.02861
0.02604
0.02861
0.02604
0.02861
0.02861
0.02861
0.02604
0.02861
0.02861
0.03128
0.02604
0.02861
0.02604
0.03128
0.02604
0.02861
0.02604
0.02861
0.02604
0.02861
0.02861
0.02604
0.02346
0.02604
0.02346
0.02861
0.02346
0.02861
0.02604
0.02861
0.02604
0.03128
0.02346
0.02861
0.02604
0.02861
0.02604
0.02861
0.02346
0.02861
0.02604
0.03128
0.02604
0.02861
0.02604
0.02861
0.02604
0.02861
0.02604
0.02604
0.02604
0.03128
0.02861
0.02861
0.02861
0.02861
0.02604
0.02861
0.02604
0.02861
0.02346
0.02861
0.02346
0.02604
0.02604
0.02861
0.1667
14.16
9.18
20.31
28.86
24.32
12.07
16.38
25.34
28.52
25.44
7.751
0.6149
6.775
19.78
28.71
25.98
27.05
30.76
31.15
33.01
34.86
32.62
31.93
31.45
31.93
31.98
30.08
30.27
30.71
32.71
33.01
33.79
32.62
18.99
11.87
29.0
34.72
32.08
28.17
28.96
22.8
25.83
22.02
21.68
2.17
15.41
35.64
34.13
32.71
33.74
35.01
34.47
33.4
35.4
32.91
30.57
29.1
27.2
28.12
33.79
33.94
34.67
35.55
30.71
23.19
13.96
31.84
36.38
31.45
28.27
24.93
19.29
19.24
19.85
20.95
9.839
15.72
32.62
32.03
33.11
32.57
28.76
26.03
25.73
25.63
24.76
25.63
25.83
25.98
23.9
22.95
23.07
23.61
22.66
22.09
22.61
22.36
23.68
24.44
25.05
23.73
15.06
18.14
19.82
19.75
20.34
20.24
19.34
17.31
16.63
15.82
16.04
15.92
17.11
16.5
10.64
10.63
21.34
21.78
21.78
21.51
22.29
22.09
19.92
18.6
17.43
17.21
19.24
20.7
20.73
20.56
21.24
26.22
26.46
23.97
23.44
23.19
22.92
23.66
22.97
22.12
23.32
24.63
25.39
24.66
10.67
11.41
17.6
20.63
21.22
19.87
17.9
19.31
31.88
24.61
20.53
24.83
24.22
2.524
23.75
34.03
32.37
34.13
35.5
34.28
33.59
32.67
32.13
31.64
32.13
32.91
33.94
33.2
34.62
34.67
35.11
33.98
31.74
13.89
11.76
31.01
28.27
27.78
32.57
31.64
31.01
25.05
23.46
10.3
19.38
32.32
31.79
29.64
23.29
28.71
34.72
34.42
29.69
33.89
22.09
27.34
31.88
28.27
32.91
17.92
36.13
35.11
31.1
26.37
25.15
31.98
29.79
24.88
20.41
28.81
20.8
17.02
19.63
33.01
20.21
30.18
22.17
9.119
30.81
31.69
31.98
31.64
31.69
33.11
32.86
33.3
31.74
29.3
27.73
31.45
32.81
33.59
30.86
31.54
32.37
32.91
33.11
27.59
16.72
34.96
35.35
36.38
35.21
30.57
27.73
27.54
11.21
16.72
35.89
34.62
33.45
34.03
34.67
35.16
35.11
34.38
34.18
34.47
35.21
34.42
34.72
36.18
36.08
34.42
34.33
22.02
26.12
35.74
29.3
21.61
20.41
19.07
23.8
29.0
26.03
12.05
22.05
34.67
35.89
35.6
36.33
36.33
35.79
35.6
34.47
32.57
33.45
33.15
33.25
35.45
35.45
34.38
34.23
33.84
20.12
36.33
33.69
32.57
30.91
25.15
28.86
31.3
25.44
8.643
30.66
29.93
29.0
32.13
32.42
32.03
30.91
30.42
32.23
32.91
31.49
33.59
35.16
35.35
34.77
35.01
34.91
33.74
33.06
15.7
20.61
26.12
30.37
28.71
29.74
23.85
26.32
26.42
27.83
11.5
22.05
21.31
21.02
29.54
28.61
16.89
16.26
16.46
24.0
21.39
22.71
21.07
24.24
30.18
28.17
18.87
20.21
20.09
20.24
19.92
21.73
20.53
13.6
13.06
16.43
15.97
16.58
17.82
20.78
19.53
14.94
9.57
18.73
20.07
19.12
17.16
17.19
17.53
18.07
17.04
16.63
15.6
15.21
15.43
15.84
16.97
17.77
16.99
16.11
15.48
17.09
16.65
15.55
15.72
15.11
15.26
15.58
16.21
18.55
21.44
21.85
21.9
24.17
34.67
33.94
16.04
17.92
20.83
21.63
21.04
18.38
16.16
16.85
17.09
19.14
22.73
21.24
21.34
11.0
13.35
0.1616
0.1249
0.02079
0.03128
0.02079
0.03128
0.02079
6.409
16.11
17.43
26.86
30.52
16.02
14.21
16.53
14.5
0.1823
0.0885
0.02079
0.03128
0.02604
0.02604
0.02604
0.02604
0.02604
0.02604
0.02604
0.03128
0.02604
0.02604
0.03128
0.02604
0.02604
0.03128
0.02079
0.03128
0.02604
0.02604
0.02604
0.03128
0.02079
0.03128
0.02079
0.03128
0.02604
0.02604
0.02604
0.02604
0.02604
0.03128
0.02604
0.02604
0.02604
