18.85
15.41
20.9
27.78
29.83
16.72
17.99
14.36
15.04
13.5
13.87
16.38
15.41
23.49
23.78
11.12
0.708
0.2396
0.02604
7.166
15.67
29.49
30.91
19.26
15.58
17.36
29.79
24.46
12.65
16.43
21.26
21.97
21.95
15.55
15.58
31.59
27.44
10.82
20.14
24.98
30.57
28.32
27.73
27.98
21.75
17.82
20.26
22.02
17.29
16.28
17.04
30.62
25.93
15.6
30.71
29.05
14.31
13.99
12.45
15.6
17.58
26.51
27.64
14.94
16.63
24.71
28.27
28.12
27.15
27.44
22.41
18.07
20.26
24.61
16.04
16.75
22.97
24.19
23.39
16.38
21.24
26.56
18.63
16.02
23.56
27.1
29.59
28.86
28.08
24.46
18.43
17.77
18.38
14.14
15.04
15.99
15.09
26.95
27.93
22.53
18.43
31.15
31.49
15.89
17.55
19.95
19.82
20.95
24.29
32.62
26.32
16.65
17.97
25.2
11.96
17.02
23.63
28.32
27.25
25.24
25.2
17.8
21.02
25.44
16.31
14.65
12.96
12.82
14.72
14.5
14.94
13.75
13.01
15.84
14.82
15.7
15.87
16.02
15.72
13.84
14.36
14.77
16.24
15.41
16.43
17.55
17.9
17.09
13.55
14.4
15.41
13.38
13.38
16.43
19.41
21.0
22.46
18.73
10.58
18.63
18.68
19.65
22.78
23.41
22.78
21.73
14.53
16.7
17.92
20.09
15.77
14.11
15.01
16.19
17.36
18.24
19.58
12.77
14.82
15.92
16.5
17.24
18.31
10.94
0.6905
0.2941
0.02604
10.85
12.84
15.21
13.89
15.14
14.36
5.951
14.65
14.31
12.94
5.219
15.01
15.48
16.58
16.02
15.99
13.48
15.09
15.77
18.63
19.65
17.38
7.727
0.7477
11.23
13.48
13.82
13.5
13.96
14.04
15.43
16.02
16.46
16.77
20.29
12.84
12.55
12.6
17.14
13.94
16.16
14.45
14.82
16.99
17.9
18.82
17.29
1.404
7.349
4.834
15.41
13.28
14.36
15.31
15.67
15.16
15.43
12.05
14.31
15.21
15.43
15.16
16.65
16.38
13.43
13.92
14.87
15.92
15.48
15.48
15.16
12.35
11.5
14.06
14.21
13.48
13.18
15.16
13.28
15.16
16.77
17.14
15.75
13.82
7.361
12.3
16.94
15.8
16.33
19.19
15.21
26.95
26.42
22.27
1.408
0.6065
10.18
15.28
13.26
12.79
12.74
15.94
15.04
15.97
16.04
16.14
24.12
23.68
12.79
14.09
14.26
15.84
13.5
14.55
15.97
25.0
25.73
23.39
6.25
0.7858
12.12
13.06
12.45
14.89
18.14
21.04
27.54
14.84
10.94
12.72
11.38
12.84
12.94
15.23
12.22
15.58
26.76
26.56
23.73
22.51
28.22
27.78
2.289
0.6302
10.46
12.45
16.97
18.02
23.78
23.51
16.77
14.36
12.99
16.7
14.82
19.73
31.84
22.14
29.1
27.54
18.07
13.84
16.06
21.39
26.56
23.29
2.277
0.5707
11.22
14.97
15.48
13.18
18.65
14.14
13.4
12.82
14.82
12.32
11.36
14.4
12.84
12.29
15.87
7.031
15.5
13.82
14.06
15.55
15.55
15.77
15.77
13.89
19.63
27.88
31.4
29.54
29.35
29.93
28.47
27.64
25.88
26.22
30.18
26.9
26.61
26.71
26.51
26.17
25.73
25.73
25.34
24.9
26.03
25.34
25.44
24.22
3.308
11.85
13.65
18.99
18.51
26.51
28.71
26.66
24.51
24.61
29.05
27.2
9.216
3.314
28.81
32.08
30.52
28.47
27.34
27.39
30.86
28.96
29.25
28.61
27.69
25.68
25.88
25.93
25.24
24.61
24.95
26.27
25.63
26.07
27.0
35.16
34.13
9.57
11.96
15.99
22.02
23.88
26.71
22.22
22.8
21.75
19.95
23.44
18.85
19.43
8.447
12.89
29.49
32.28
29.98
28.71
28.03
29.1
30.81
29.59
32.08
30.96
30.42
29.44
28.17
26.86
25.2
24.27
21.02
18.85
17.31
19.12
18.24
18.33
18.46
19.21
18.38
10.28
8.752
16.19
21.88
22.61
19.95
17.36
18.63
18.75
17.6
16.04
17.53
18.92
20.7
17.24
11.32
8.643
19.92
20.83
20.87
19.8
20.95
22.34
22.61
23.07
25.68
24.34
22.73
23.68
24.07
24.54
25.29
25.49
26.37
28.03
29.35
27.54
25.15
25.05
25.73
27.78
28.96
28.56
18.16
13.23
16.85
22.92
25.2
26.27
25.59
23.46
21.68
18.7
20.65
19.24
16.43
14.97
3.436
20.65
23.34
27.0
26.37
27.39
30.32
31.93
32.86
33.35
31.69
30.32
30.18
29.54
27.49
27.0
26.32
25.63
26.37
33.54
30.03
28.47
26.95
21.48
12.74
17.19
22.24
22.63
23.12
27.49
30.22
21.7
20.78
28.47
27.69
8.325
16.89
28.52
33.25
19.95
31.98
13.33
26.46
31.45
21.36
26.22
20.36
21.66
28.52
27.0
14.48
31.1
19.56
18.99
22.22
24.24
18.68
29.64
21.07
20.41
18.29
17.14
15.97
11.49
14.01
20.53
29.25
30.18
32.71
33.59
31.01
34.28
33.06
30.66
29.15
33.45
33.4
30.81
29.74
28.42
28.52
28.52
32.81
31.79
30.27
19.63
15.55
18.04
18.12
16.33
17.07
20.17
22.27
23.97
21.12
19.51
18.53
16.99
15.82
13.77
6.604
19.78
17.82
18.8
18.26
19.51
19.97
23.22
30.62
32.96
32.47
36.52
35.99
35.11
34.03
33.59
33.5
32.42
30.81
31.88
32.52
32.32
30.52
10.66
15.01
17.16
18.92
31.93
33.59
28.27
22.22
19.02
18.65
23.1
21.02
4.828
18.82
20.41
18.48
16.28
15.65
15.6
15.67
18.21
20.04
21.97
22.46
22.63
22.78
21.58
20.63
21.19
22.02
20.68
21.31
25.98
27.0
28.96
28.32
29.54
27.29
26.12
27.05
26.27
20.63
11.71
15.53
15.92
16.16
16.41
16.75
17.99
20.17
18.99
22.14
25.73
28.71
27.93
8.887
17.21
25.34
25.63
32.91
30.86
28.12
26.51
25.59
24.58
23.93
24.22
23.29
26.61
28.71
26.46
26.27
26.17
25.24
23.32
22.02
23.29
22.41
21.51
20.92
21.46
18.75
13.43
17.65
26.17
25.73
25.54
25.44
25.98
20.12
19.92
21.66
26.32
13.4
13.31
24.41
23.61
23.56
14.01
14.84
20.31
15.94
16.04
25.2
19.43
13.06
14.82
14.36
17.92
24.44
22.12
13.13
5.737
15.92
13.18
13.99
16.6
14.55
15.97
19.43
23.36
19.19
15.26
24.0
23.78
20.46
1.401
15.26
13.43
14.23
8.093
0.4791
12.72
17.5
23.54
23.44
15.53
15.21
14.67
13.33
15.21
20.83
22.36
20.9
13.06
14.92
21.75
24.93
23.02
5.872
0.6721
0.1406
0.02604
0.02604
0.02604
0.02604
0.02604
0.03128
0.02079
0.03128
0.02604
0.02604
0.02604
0.02604
0.5783
19.7
18.41
18.43
17.36
19.9
25.98
22.24
14.16
9.998
20.58
17.02
