0.02604
0.02604
0.02604
0.02604
0.02604
0.03128
0.02604
0.02604
0.02604
0.02604
0.02604
0.03128
0.02604
0.02604
0.02604
0.02604
0.02604
0.03128
0.02604
0.02604
0.02604
0.02604
0.02604
0.02604
0.02604
0.02604
0.02604
0.02604
0.02604
0.02604
0.02604
0.02604
0.02604
6.14
39.06
41.11
40.77
40.38
29.59
36.33
28.71
5.902
36.13
38.82
40.43
40.58
35.35
39.4
23.32
13.75
19.85
40.23
40.28
39.55
35.16
37.99
32.91
16.94
32.03
36.77
18.02
9.387
36.47
40.38
40.14
39.89
32.57
35.55
19.34
17.21
12.7
13.79
16.89
16.38
35.11
34.81
16.02
15.6
12.24
37.26
41.26
41.46
38.23
30.62
33.2
18.87
18.75
35.94
38.77
39.65
33.98
35.4
31.64
16.16
14.94
25.88
40.48
41.85
38.38
34.23
35.84
20.02
14.67
36.52
33.01
16.77
20.41
17.5
20.04
33.45
34.62
11.76
33.79
41.8
38.33
40.14
36.91
33.79
18.63
21.39
16.33
22.19
38.28
40.04
41.5
35.79
35.64
20.9
4.498
32.37
36.72
37.45
38.43
28.27
38.62
28.42
9.509
38.09
37.89
39.75
38.62
34.57
32.18
21.17
21.7
21.24
13.92
21.44
20.46
19.51
19.02
13.87
18.41
17.33
16.33
27.1
40.19
40.19
37.89
29.54
39.11
25.93
10.5
36.08
37.21
37.16
37.11
37.06
37.21
37.06
37.55
37.74
38.53
38.43
40.09
39.4
39.26
37.45
36.57
36.96
21.48
28.12
41.26
39.55
40.43
33.74
30.57
32.37
21.02
0.4219
0.09899
0.03128
0.02604
0.03128
0.02604
0.02604
13.77
15.72
8.411
8.875
0.1406
0.06771
0.02604
0.03128
0.02604
0.02604
0.02604
0.03128
0.02604
0.03643
0.03128
0.03128
0.03128
0.03643
0.03128
0.03128
0.03128
0.03128
0.03643
0.03128
0.03128
0.03128
0.03128
0.03643
0.03128
0.03128
0.03128
0.03643
0.03128
0.03128
0.03128
0.03128
0.02604
0.03128
0.03128
0.03128
0.02604
0.03128
0.02604
0.03128
0.02604
0.03128
0.03128
0.03128
0.02604
0.03128
0.02604
0.03128
0.03128
0.03128
0.03128
0.03128
0.02604
0.03128
0.02604
0.03128
0.02604
0.9125
16.58
12.08
13.38
12.55
14.58
17.48
24.37
24.46
12.27
16.89
16.19
22.88
18.16
10.68
13.4
10.53
0.2048
0.09489
0.02756
0.02565
0.02813
0.9079
15.77
13.35
10.36
12.13
16.63
12.52
15.23
17.99
22.9
22.53
9.692
15.11
15.65
15.43
25.24
6.726
0.6676
0.2037
0.0289
0.02708
0.02832
2.277
12.27
16.19
15.97
16.04
14.97
14.7
15.6
14.6
12.29
14.79
21.9
25.05
17.43
13.75
16.75
17.43
15.41
15.7
2.426
0.5447
0.1055
0.02546
0.02756
2.368
14.77
12.77
17.14
18.02
18.73
14.72
11.51
11.41
14.7
14.45
14.48
12.94
14.75
14.55
16.53
18.75
19.26
15.92
5.853
0.6531
0.1863
0.02556
0.02728
0.8789
17.75
17.26
15.58
14.87
16.63
12.38
12.5
11.33
14.82
13.6
12.87
13.35
12.3
13.67
12.29
11.67
13.7
10.08
15.72
14.92
14.97
14.67
13.06
6.946
21.73
24.61
23.24
22.58
23.0
29.83
24.71
22.9
22.97
22.92
21.29
20.29
20.04
19.07
19.21
19.7
22.73
21.83
21.12
21.66
23.49
23.9
23.34
21.8
21.85
21.29
19.09
18.68
17.94
14.45
15.43
16.02
15.48
16.04
18.97
20.73
20.61
20.95
21.61
19.8
17.8
17.72
17.09
18.97
9.741
20.9
23.07
23.41
22.9
22.05
22.41
22.34
22.73
22.27
21.51
26.07
25.68
25.78
25.1
24.17
20.0
18.95
18.87
21.34
21.14
20.17
20.51
20.48
20.7
25.1
28.86
28.17
11.95
15.26
17.41
17.75
19.31
19.24
19.17
18.9
15.99
15.21
15.87
19.26
18.65
18.43
25.83
8.63
18.95
23.27
19.43
18.95
18.26
17.41
17.72
16.89
17.99
19.68
19.58
18.85
18.48
19.53
19.97
20.61
18.48
16.33
16.97
17.92
17.48
17.87
18.04
19.31
21.17
21.92
21.36
21.41
22.83
23.29
23.36
22.44
15.58
14.92
16.8
18.36
18.16
20.09
19.21
17.87
17.09
16.87
19.09
22.02
26.22
18.65
9.619
11.52
19.12
18.24
17.53
16.09
17.97
19.8
20.63
24.02
24.37
24.76
25.68
24.73
21.92
20.56
19.51
20.9
17.97
17.99
20.02
19.63
18.09
18.04
18.02
18.53
23.19
23.95
23.46
24.63
21.53
20.68
13.18
9.717
16.99
17.11
17.09
16.89
24.66
25.39
21.7
19.26
19.46
24.32
23.19
20.46
14.18
22.92
23.66
22.66
22.05
17.65
19.82
19.21
19.63
12.52
21.51
22.05
23.68
24.56
19.41
21.04
20.39
17.9
8.203
18.46
18.51
18.85
18.53
20.75
22.07
23.19
25.15
24.54
25.34
27.73
26.71
24.15
24.07
23.02
22.63
21.51
21.48
22.75
22.83
25.98
25.29
24.24
23.8
23.63
22.73
21.39
20.19
12.01
15.45
16.63
19.43
24.07
24.19
23.24
22.39
17.21
24.0
27.69
23.71
9.412
16.82
18.8
16.31
15.06
15.01
15.26
15.14
15.87
15.45
15.53
15.04
15.31
15.33
15.26
14.87
14.87
14.99
15.11
15.14
15.6
15.87
16.67
15.65
17.21
15.92
16.06
15.97
18.19
18.41
25.68
28.61
27.2
26.32
25.78
25.34
20.8
12.18
17.77
19.36
22.29
24.98
21.29
27.0
23.71
22.97
26.17
24.1
13.92
14.62
16.97
15.31
15.04
15.21
15.14
14.92
14.82
14.87
14.97
15.38
15.7
15.26
15.38
17.21
15.89
15.04
14.79
15.01
15.67
15.65
14.99
14.7
15.41
15.23
14.84
16.41
17.58
17.6
18.19
18.63
18.73
18.16
17.38
16.5
16.02
15.28
14.75
14.62
14.97
11.87
12.34
14.97
15.16
15.21
15.55
15.62
23.29
23.88
22.41
20.75
24.37
27.73
18.02
16.26
15.43
15.8
18.19
26.27
20.17
19.09
13.13
15.55
14.87
16.87
14.82
13.28
12.77
14.38
14.11
14.43
14.33
14.16
14.48
12.44
10.16
12.92
6.067
3.766
12.4
14.26
14.18
14.55
14.5
15.23
10.82
11.84
14.97
11.39
12.44
14.62
13.21
14.26
14.67
14.06
14.11
14.31
14.99
14.62
16.28
14.53
13.94
16.02
8.02
12.39
6.311
10.07
13.75
14.11
11.98
14.04
11.65
21.31
21.26
19.24
18.36
17.58
19.29
20.83
21.66
20.14
20.07
20.02
21.66
21.02
20.31
20.56
23.22
24.95
24.44
24.58
23.49
22.39
21.63
20.51
18.92
17.9
16.77
15.21
15.65
16.36
17.7
17.9
14.09
15.55
15.99
18.24
18.33
17.14
22.56
22.49
19.09
23.88
25.2
20.87
21.51
0.2918
9.375
12.19
16.89
6.47
15.09
17.36
13.11
14.79
18.6
14.99
14.33
