9.998
9.998
10.08
10.11
10.23
10.31
10.3
10.17
10.13
10.35
10.39
10.51
9.839
9.729
9.668
9.143
9.106
9.29
9.46
9.57
9.351
9.412
9.399
9.155
9.302
9.546
9.509
9.656
9.631
9.509
9.509
9.509
9.57
9.839
9.863
9.766
9.717
9.583
9.619
9.79
9.924
9.973
9.998
9.973
9.766
9.802
10.01
9.888
10.01
9.68
9.753
9.802
10.07
10.07
10.12
10.02
10.03
10.12
9.68
9.839
9.937
9.949
9.924
9.631
9.497
9.521
9.497
9.497
9.607
9.607
9.399
9.314
9.497
8.997
9.058
9.143
8.862
8.862
8.948
14.38
16.06
16.06
16.06
16.06
16.06
16.06
16.06
16.06
16.06
16.06
16.06
15.99
15.67
15.84
15.45
15.11
14.01
14.14
13.7
13.35
13.13
12.99
12.79
12.7
12.23
12.33
12.4
12.65
12.79
12.79
13.18
12.79
12.79
12.79
12.87
12.79
12.82
12.79
12.79
12.79
12.84
12.65
12.21
12.57
12.65
12.82
12.82
12.57
12.43
13.33
12.65
12.22
11.71
11.73
11.8
11.45
11.1
11.05
11.06
11.06
11.04
11.44
11.41
11.1
11.05
11.05
10.67
10.75
10.88
11.01
10.61
10.56
10.66
10.86
10.66
10.83
10.85
10.84
10.84
10.88
10.97
11.04
10.85
10.72
10.84
10.97
10.91
10.96
11.17
10.66
10.72
10.82
10.67
10.17
10.03
10.07
10.28
10.4
10.29
10.46
10.49
10.71
10.9
10.3
10.45
9.912
9.436
9.241
9.363
9.302
9.424
9.521
9.583
9.229
8.862
8.936
9.595
8.96
8.838
8.533
8.521
8.643
8.63
8.777
8.911
9.119
9.143
8.875
9.058
8.972
9.143
9.131
9.204
9.131
9.119
8.899
8.813
9.07
8.813
8.96
9.094
9.277
9.106
9.094
8.594
8.679
8.728
8.374
8.252
8.423
8.606
8.337
8.313
8.325
8.325
8.325
8.569
8.716
8.594
8.521
8.606
8.752
8.96
8.923
8.887
8.813
9.082
8.862
8.777
9.021
9.119
9.204
9.338
9.375
9.534
9.314
9.29
9.473
9.29
9.094
9.265
9.497
9.473
9.302
9.326
9.497
9.387
9.595
9.521
9.583
9.644
9.497
9.558
9.668
9.558
9.814
9.314
9.29
9.265
9.094
9.094
9.46
9.424
9.314
9.448
9.448
9.717
10.42
10.29
9.485
9.692
9.961
9.875
10.06
10.03
9.863
9.68
9.814
9.839
9.741
10.35
10.29
9.937
9.961
9.949
10.02
10.38
10.1
10.07
10.11
9.998
9.924
10.01
10.08
9.9
10.03
10.16
9.9
9.631
9.485
9.558
9.717
9.937
9.131
9.277
9.302
9.399
8.997
8.74
8.838
8.862
8.85
8.911
9.033
14.28
16.04
16.04
16.04
16.04
16.06
16.06
15.72
15.28
15.48
15.5
15.58
15.7
15.65
15.19
15.36
15.11
14.31
14.23
14.33
14.11
14.11
12.72
12.72
12.82
12.87
12.55
12.39
12.4
12.6
12.82
12.39
12.6
13.6
12.67
12.28
12.19
12.26
12.39
12.6
12.49
12.39
12.5
12.41
12.6
12.19
12.21
12.21
12.19
12.13
12.18
12.19
12.21
12.22
12.21
12.52
12.57
12.39
12.43
12.21
12.21
12.29
12.15
11.77
11.39
11.49
11.62
11.43
11.47
11.51
11.33
11.24
11.08
11.21
11.23
11.36
11.43
11.28
11.25
11.43
11.55
11.43
11.61
11.79
11.58
11.19
11.04
11.66
11.62
11.04
11.23
11.23
11.32
11.28
11.41
11.43
11.44
11.49
11.63
11.15
10.88
11.04
11.18
11.39
11.04
11.16
10.95
10.71
10.97
11.17
11.07
11.06
11.24
11.11
11.21
11.07
10.67
10.68
10.86
10.72
10.41
10.06
9.619
9.57
9.595
9.448
9.717
9.302
9.094
8.813
9.045
8.728
8.704
8.704
8.655
8.789
8.826
8.838
8.972
8.936
9.082
9.119
9.192
9.143
8.923
9.033
8.997
9.143
9.094
9.241
9.106
9.277
9.387
9.131
9.119
9.375
9.497
9.192
9.29
8.765
9.131
9.021
8.142
8.435
8.496
8.386
8.423
8.521
8.655
8.557
8.838
8.911
8.911
8.911
8.716
8.655
8.74
8.887
9.058
9.167
9.167
9.277
9.29
9.29
9.106
9.314
9.167
9.387
9.314
9.29
9.326
9.387
9.485
9.619
9.534
9.387
9.314
9.363
9.753
9.497
9.558
9.68
9.863
9.778
9.668
9.802
9.778
9.534
9.692
9.741
9.692
9.778
9.595
9.302
9.314
9.29
9.46
9.57
9.57
9.351
9.314
9.485
9.729
9.692
9.778
9.778
9.961
9.692
9.766
9.607
9.79
9.875
9.888
9.912
10.03
10.27
10.1
10.19
10.28
10.03
10.35
10.33
10.19
10.27
10.25
10.27
10.29
10.25
10.07
10.18
10.44
10.25
10.25
10.05
9.973
10.06
9.973
9.985
10.1
9.814
9.814
9.863
9.863
9.863
9.802
9.277
9.131
9.106
9.253
8.972
8.716
8.936
9.192
8.997
9.094
9.607
14.43
16.06
16.06
16.06
16.04
16.06
16.06
16.06
16.09
16.06
16.06
16.06
16.06
15.99
15.7
15.09
14.99
14.94
14.87
15.01
14.43
14.09
13.75
13.77
13.55
13.57
13.53
12.99
13.13
13.16
13.16
13.21
13.23
13.43
13.55
13.55
13.55
13.62
13.06
12.99
12.99
12.87
12.79
12.87
12.99
13.01
13.01
12.99
13.18
13.4
13.13
13.16
12.72
12.4
12.5
12.6
12.26
11.71
11.62
11.44
11.63
11.8
11.82
11.77
11.73
11.76
11.62
11.54
11.5
11.44
11.68
11.62
11.6
11.57
11.68
11.69
11.91
12.11
11.35
11.06
11.23
11.23
11.41
11.57
11.73
11.18
10.84
11.34
11.11
11.3
11.38
11.51
11.51
11.38
11.06
11.24
11.08
10.82
10.34
9.656
9.033
9.18
9.436
8.887
8.838
9.021
9.009
9.094
8.862
8.923
8.911
8.862
9.46
9.021
9.167
9.204
9.302
9.204
9.265
9.241
8.899
9.106
9.277
9.192
8.777
9.167
9.119
8.459
8.533
8.508
8.398
8.362
8.569
8.704
8.63
8.569
