0.01535
0.01707
0.01612
0.01602
0.01593
0.01774
0.01411
0.01631
0.0205
0.0165
0.02012
0.01278
0.01469
0.01411
0.01554
0.01602
0.0164
0.01287
0.01373
0.01459
0.01459
0.0123
0.01497
0.01469
0.02022
0.01764
0.01316
0.0185
0.01411
0.01526
0.01459
0.01316
0.01535
0.01469
0.01411
0.09699
0.01545
0.0164
0.01755
0.01431
0.01459
0.01659
0.01564
0.01516
0.01345
0.01888
0.01516
0.01526
0.01755
0.01736
0.01488
0.0164
0.01526
0.01793
0.01764
0.01707
0.01268
0.01583
0.0124
0.01478
0.01497
0.01583
0.01545
0.01717
0.01488
0.01478
0.01478
0.01392
0.01526
0.01469
0.01755
0.01488
0.0145
0.01554
0.0164
0.01469
0.01421
0.0144
0.01583
0.01688
0.01593
0.01545
0.01411
0.01526
0.01726
0.01402
0.0144
0.01402
0.01335
0.01249
0.01316
0.01307
0.01307
0.01469
0.01316
0.01278
0.01354
0.01354
0.01516
0.01459
0.01373
0.01602
0.01564
0.02108
0.01287
0.01307
0.01335
0.01211
0.009727
0.01211
0.01354
0.0102
0.0144
0.01097
0.01297
0.01411
0.0145
0.0145
0.0165
0.01316
0.01278
0.01879
0.01469
0.01345
0.01516
0.01526
0.0145
0.01202
0.01526
0.01335
0.01736
0.01564
0.01345
0.01593
0.01488
0.01421
0.01745
0.01936
0.01869
0.01402
0.01307
0.01373
0.05054
0.07448
0.0412
0.03624
0.03672
0.04034
0.03939
0.04482
0.04253
0.04435
0.05026
0.04034
0.04749
0.037
0.05045
0.03881
0.0433
0.0453
0.04139
0.0432
0.04339
0.05569
0.04845
0.04387
0.04969
0.04272
0.04692
0.0391
0.04692
0.04168
0.04683
0.103
0.05226
0.04911
0.04711
0.04816
0.04854
0.05245
0.04005
0.04234
0.0452
0.0006676
0.03948
0.03338
0.04578
0.03767
0.03471
0.04253
0.04072
0.03891
0.04177
0.03843
0.03567
0.03929
0.04463
0.03729
0.04454
0.03901
0.03443
0.04063
0.04272
0.04339
0.03948
0.03643
0.04225
0.04473
0.03967
0.04101
0.04072
0.04387
0.03824
0.03347
0.04015
0.04158
0.03977
0.03347
0.03872
0.03605
0.03643
0.03672
0.03405
0.04158
0.04501
0.0349
0.0392
0.03567
0.03958
0.03834
0.04969
0.0351
0.03443
0.04187
0.03958
0.03901
0.0371
0.03519
0.03948
0.04215
0.037
0.04215
0.03834
0.04292
0.04406
0.04368
0.04377
0.03796
0.03347
0.03777
0.03996
0.03195
0.03481
0.033
0.003529
0.03052
0.03548
0.03872
0.0453
0.04177
0.04053
0.04158
0.05455
0.03929
0.04225
0.04425
0.04187
0.04148
0.03338
0.03576
0.03366
0.03405
0.03176
0.03672
0.03901
0.04272
0.04501
0.04196
0.04349
0.04616
0.04225
0.05121
0.03815
0.04234
0.03929
0.03624
0.04063
0.04101
0.0411
0.03662
0.03777
0.03214
0.03443
0.03529
0.04444
0.03853
0.0329
0.03901
0.03557
0.04625
0.04988
0.03185
0.03147
0.03138
0.03567
0.03433
0.035
0.03271
0.03395
0.06685
0.03414
0.03481
0.03281
0.03052
0.02813
0.02584
0.02661
0.03414
0.03338
0.02899
0.03033
0.02775
0.03338
0.02766
0.02613
0.02918
0.03805
0.03347
0.03319
0.03242
0.03519
0.03319
0.02975
0.03624
0.04139
0.04921
0.06781
0.03262
0.02937
0.03328
0.03042
0.02575
0.03452
0.03748
0.03757
0.04225
0.0412
0.04864
0.03052
0.05102
0.04606
0.03204
0.03271
0.03538
0.03481
0.04063
0.03576
0.03967
0.02756
0.0005722
0.03757
0.0
0.03786
0.03214
0.03805
0.03872
0.02766
0.02689
0.03386
0.02995
0.02871
0.03576
0.02794
0.02861
0.0246
0.03004
0.02604
0.01888
0.02213
0.02642
0.02642
0.0267
0.02985
0.02861
0.03061
0.02213
0.02556
0.02174
0.02193
0.02584
0.02384
0.02241
0.02403
0.02508
0.02279
0.03748
0.03061
0.02317
0.04272
0.02432
0.0246
0.02689
0.03834
0.02975
0.03042
0.03099
0.00124
0.03138
0.03138
0.03996
0.02632
0.02718
0.02346
0.02718
0.02632
0.03252
0.02642
0.03138
0.02928
0.0
0.03033
0.02565
0.02689
0.02823
0.0433
0.03519
0.02909
0.02794
0.0308
0.03347
0.02747
0.03166
0.02661
0.03271
0.03691
0.02718
0.02785
0.02117
0.02661
0.02565
0.03071
0.02747
0.02861
0.03052
0.02804
0.03414
0.03729
0.0288
0.02441
0.02699
0.02728
0.02499
0.03071
0.02489
0.05836
0.03481
0.02508
0.02995
0.02756
0.02222
0.02213
0.02089
0.05236
0.02851
0.02508
0.02174
0.02575
0.02499
0.07648
0.04444
0.04454
0.03977
0.04616
0.04749
0.04759
0.0452
0.04473
0.04673
0.04215
0.04625
0.04606
0.04311
0.04568
0.03643
0.03815
0.03405
0.04215
0.03901
0.03338
0.03567
0.03242
0.03271
0.03357
0.02928
0.03757
0.03471
0.0391
0.04692
0.04377
0.0433
0.05074
0.05188
0.04578
0.05074
0.05045
0.1595
0.04759
0.05388
0.05283
0.05255
0.04997
0.06065
0.05741
0.05407
0.0536
0.04873
0.04864
0.05388
0.05598
0.09394
0.04892
0.04721
0.05236
0.05121
0.04511
0.04673
0.04787
0.04778
0.0535
0.05817
0.05512
0.05236
0.05398
0.05808
0.04377
0.05045
0.05455
0.05131
0.05102
0.06332
0.04921
0.06094
0.06342
0.0495
0.05541
0.08154
0.05455
0.0576
0.06571
0.07687
0.04292
0.04711
0.05045
0.05217
0.07238
0.1736
0.05531
0.05064
0.04759
0.06371
0.05465
0.04377
0.03901
0.01869
0.03395
0.04082
0.03147
0.04139
0.04244
0.04005
0.04034
0.03996
0.04244
0.03729
0.04292
0.03214
0.04015
0.03204
0.03242
0.09766
0.03872
0.03538
0.03853
0.03977
0.03786
0.03986
0.0392
0.0392
0.04206
0.07029
0.03309
0.04883
0.03977
0.04854
0.04063
0.0432
0.04005
0.04091
0.0391
0.04063
0.03443
0.03595
0.03538
0.03529
0.03796
0.04339
0.04282
0.0495
0.04301
0.04015
0.03691
0.0432
0.03672
0.04721
0.04187
0.03777
0.03805
0.03624
0.0412
0.03395
0.03214
0.03605
0.03166
0.0392
0.02995
0.03004
0.03767
0.03748
0.02794
0.03691
0.02699
0.02651
0.07582
0.05913
0.04463
0.04053
0.03777
0.03662
0.03824
0.03834
0.03719
0.03271
0.03338
0.0308
0.03157
0.07725
0.08011
0.03557
0.0289
0.03395
0.03624
0.03119
0.0351
0.03576
0.03271
0.02975
0.02184
0.02422
0.02441
0.03042
0.03071
0.03004
0.02289
0.02861
0.02289
0.02556
0.02317
0.02365
0.0248
0.02737
0.03691
0.04768
0.02766
0.02584
0.02546
0.02642
0.02241
0.02365
0.05484
0.1499
0.02165
0.02384
0.02232
0.02289
0.02174
0.02337
0.02527
0.02441
0.02213
0.02413
0.02537
0.02508
0.02556
0.02556
0.02365
0.02422
0.02718
0.02213
0.06285
0.03195
0.06304
0.03996
0.06466
0.02012
0.0268
0.02394
0.02937
0.02289
0.02604
0.0227
0.02537
0.02422
0.02747
0.04625
0.04396
0.02642
0.04129
0.02241
0.02069
0.02432
0.02136
0.02413
0.02546
0.02737
0.06104
0.02737
0.01974
0.02584
0.02403
0.02975
0.02327
0.02251
0.0248
0.02327
0.02527
0.02651
0.02575
0.02594
0.02594
0.03185
0.03166
0.02356
0.02184
0.02508
0.02279
0.0247
0.0247
0.02728
0.01698
0.0205
0.01974
0.02108
0.02327
0.02298
0.02499
0.02127
0.02136
0.02499
0.03691
0.02832
0.02308
0.02708
0.01898
0.04196
0.04644
0.09041
0.04854
0.05217
0.05379
0.04902
0.04597
0.05102
0.04921
0.05102
0.04587
0.03777
0.03605
0.04072
0.0349
0.03681
0.04511
0.03881
0.03376
0.03357
0.03633
0.03004
0.04025
0.04606
0.04683
0.05283
0.0493
0.08173
0.04416
0.06123
0.05341
0.04883
0.04387
0.04263
0.04625
0.04988
0.05255
0.05312
0.05217
0.0576
0.04959
0.04454
0.0473
0.05341
0.04807
0.04501
0.04425
0.04702
0.04206
0.04816
0.04597
0.05245
0.05016
0.04416
0.04492
0.0474
0.0452
0.04873
0.04425
0.0391
0.04559
0.04473
0.04339
0.08049
0.04377
0.04368
0.05369
0.04702
0.04797
0.04311
0.04807
0.04511
0.05741
0.04663
0.04749
0.04644
0.04444
0.05074
0.03738
0.0536
0.04683
0.04349
0.04835
0.04568
0.03462
0.03729
0.04377
0.0493
0.05083
0.04625
0.04616
0.04625
0.04301
0.04988
0.05083
0.04911
0.05283
0.05169
0.04816
0.04845
0.04444
0.05274
0.04778
0.04759
0.05503
0.0493
0.05684
0.0474
0.06018
0.06723
0.05579
0.05493
