8.777
8.984
9.106
17.21
20.8
19.29
16.31
9.314
11.1
20.39
20.78
19.14
16.26
7.593
6.604
6.482
6.409
6.409
6.409
7.422
11.24
20.39
20.19
18.46
11.87
9.131
11.77
20.63
19.68
16.94
13.92
20.8
19.63
16.06
9.009
8.984
8.594
8.875
12.55
16.58
17.48
17.99
18.38
18.73
16.99
15.01
14.18
9.424
9.058
8.85
8.594
8.728
8.887
13.04
16.75
17.6
18.14
18.63
17.7
15.26
14.84
10.41
14.84
16.85
17.63
18.12
18.53
18.75
16.24
15.01
14.04
13.06
10.94
8.862
9.033
8.643
8.777
9.033
15.36
20.75
20.8
18.87
15.26
9.082
8.984
14.33
16.28
16.99
17.53
18.09
18.51
17.63
15.28
14.72
11.41
18.9
20.8
18.8
15.21
9.229
9.058
9.265
8.96
15.84
20.83
19.7
12.77
9.204
9.18
11.41
16.46
17.55
18.19
18.68
16.36
14.79
12.92
9.583
15.36
20.83
18.65
17.16
12.4
19.65
20.34
16.99
13.53
16.75
17.48
18.09
18.55
18.77
15.89
16.02
13.82
10.05
12.77
16.63
17.58
18.14
18.63
17.31
15.11
13.62
9.473
9.033
9.338
9.741
15.28
20.78
17.33
12.39
9.631
12.24
20.46
20.14
18.43
12.96
9.497
15.55
17.09
17.87
18.26
18.65
16.99
14.99
14.75
11.78
9.009
9.534
9.204
9.058
9.338
9.18
9.143
9.766
9.29
8.862
9.851
11.39
18.75
20.83
20.09
16.63
7.043
6.604
6.409
6.409
6.409
6.946
9.143
11.21
18.87
20.83
20.63
17.99
12.52
18.95
20.85
20.17
18.29
16.48
9.595
9.143
10.58
18.33
20.85
20.83
17.5
6.921
6.653
6.604
6.604
7.275
15.6
20.8
19.82
18.02
11.96
8.887
9.277
9.009
9.082
8.997
9.192
9.924
18.7
20.83
19.21
18.33
7.605
6.604
6.604
6.604
6.604
6.604
6.604
6.702
8.948
8.96
9.119
9.204
9.033
9.412
17.63
20.85
20.41
17.53
15.06
20.75
20.07
17.99
15.5
8.911
6.604
6.604
6.604
6.604
6.604
6.604
6.604
6.604
8.96
8.386
9.314
8.752
8.667
8.801
8.765
8.582
8.936
8.936
9.326
17.75
20.85
20.0
15.19
17.9
20.85
19.82
9.302
6.738
6.604
6.604
6.604
7.483
9.058
9.534
9.387
17.41
20.83
19.41
11.19
9.058
9.058
11.78
20.17
20.83
16.87
9.29
16.19
20.8
20.0
13.04
6.775
6.604
6.604
6.604
6.604
6.604
8.618
11.13
20.02
20.78
16.36
16.55
20.83
19.43
16.02
8.936
10.18
19.78
20.83
18.31
10.21
8.13
6.604
6.604
6.604
6.604
6.604
6.604
6.604
6.604
6.897
8.789
8.679
8.96
8.557
8.606
10.6
20.24
20.12
14.48
20.46
20.41
17.77
9.607
8.716
8.264
6.604
6.604
6.604
6.604
6.604
6.604
6.604
6.909
9.448
9.119
9.961
18.63
20.68
14.09
12.74
16.89
17.63
18.24
18.51
18.82
19.21
19.34
19.46
19.63
19.82
19.95
20.04
20.12
20.12
20.21
20.31
20.31
20.31
20.61
20.7
20.7
20.7
18.09
18.51
20.07
20.85
20.85
20.87
20.87
20.87
20.56
17.8
16.7
16.55
16.38
16.26
10.28
8.423
14.5
16.63
17.36
17.9
18.33
18.46
18.65
18.92
19.17
19.36
19.36
19.56
19.56
19.65
19.75
19.87
19.92
20.09
20.12
20.12
20.31
20.31
20.51
20.7
20.7
20.68
17.75
19.12
20.85
20.85
20.78
20.48
20.48
20.04
19.17
19.19
16.55
9.204
15.89
17.43
18.09
18.46
18.85
19.17
19.36
19.48
19.68
19.8
19.87
20.0
20.07
20.17
20.26
20.39
20.46
20.48
20.73
20.83
20.83
20.78
18.09
19.6
20.78
20.78
20.58
20.48
19.85
18.31
17.31
16.43
16.41
9.253
15.5
17.46
18.19
18.51
18.82
19.19
19.43
19.53
19.7
19.73
19.9
19.92
20.0
20.17
20.14
20.31
20.31
20.43
20.58
20.7
20.7
20.7
18.55
18.21
20.31
20.75
20.48
20.26
20.09
19.87
19.02
17.8
16.92
16.67
13.13
7.715
11.16
16.7
17.8
18.41
18.65
18.99
19.38
19.6
19.63
19.82
19.92
20.07
20.12
20.12
20.31
20.31
20.43
20.51
20.51
20.7
20.7
20.7
20.7
20.04
17.33
19.92
20.85
20.8
20.43
20.26
20.0
19.09
17.53
17.04
16.82
11.62
15.31
17.41
18.12
18.51
18.7
19.07
19.41
19.53
19.68
19.73
19.75
19.92
20.02
20.12
20.29
20.31
20.39
20.51
20.51
20.63
20.7
20.7
20.7
19.78
17.77
20.41
20.85
20.85
20.78
20.31
20.29
20.21
19.85
18.53
17.09
10.9
8.74
8.74
13.11
16.89
17.77
18.41
18.65
19.02
19.24
19.51
19.6
19.7
19.75
19.9
19.9
19.97
20.09
20.12
20.29
20.29
20.29
20.29
20.43
20.46
20.46
20.53
20.8
20.68
20.8
20.83
20.83
18.09
18.46
19.65
20.02
20.68
20.68
20.48
20.29
20.09
19.85
19.14
17.48
17.38
17.09
16.85
13.77
11.99
16.46
17.48
18.04
18.43
18.68
18.95
19.26
19.34
19.53
19.53
19.73
19.73
19.9
19.9
19.92
20.02
20.12
20.12
20.14
20.31
20.34
20.48
20.63
20.7
20.73
19.58
17.97
20.26
20.85
20.75
20.53
20.24
19.14
18.53
18.29
11.45
12.5
16.82
17.75
18.41
18.75
19.12
19.38
19.56
19.53
19.7
19.75
19.8
19.95
19.95
19.95
20.02
20.14
20.14
20.14
20.14
20.26
20.34
20.34
20.34
20.34
20.51
20.53
20.65
20.7
20.7
20.7
20.7
20.53
17.55
19.21
20.31
20.68
20.68
20.68
20.53
20.12
19.53
19.53
19.04
16.94
15.75
15.65
15.48
15.28
15.16
9.424
10.57
9.985
15.43
20.43
20.73
20.19
17.19
12.34
10.77
10.01
9.717
10.67
9.241
10.29
10.05
9.033
10.29
10.03
15.67
16.94
17.46
17.77
18.16
18.38
18.43
18.58
18.75
18.97
19.14
19.36
19.36
19.48
19.56
19.56
19.68
19.75
19.75
19.9
19.95
19.95
19.95
20.07
20.14
20.14
20.14
20.14
20.21
20.34
20.34
20.34
20.34
20.34
20.34
20.53
20.58
20.7
20.7
20.7
20.7
20.7
20.56
17.68
20.24
20.31
20.63
20.9
20.87
20.87
20.65
20.48
20.36
20.07
18.29
16.46
16.46
16.46
16.46
16.48
16.24
8.972
9.436
11.41
19.19
20.85
20.78
19.41
14.28
13.38
19.85
20.85
20.8
19.02
11.47
6.812
6.604
6.604
6.604
6.604
6.604
6.604
6.604
6.604
6.604
6.604
6.604
6.604
6.604
6.604
7.703
9.546
10.17
9.399
9.583
11.0
10.06
9.485
10.73
9.814
