0.0
9.537e-05
0.0
0.0
0.0
9.537e-05
0.0
0.0
0.0
0.0
0.0
0.0
0.0
0.0
0.0
0.0
0.0
0.0
0.0
0.0
0.0
0.0
0.0
0.0
0.0
0.0
0.0
0.0
0.0
0.0
0.0
9.537e-05
0.0
0.0
0.02527
0.1572
0.4646
0.1427
0.2457
0.1406
0.0008583
0.0005722
0.0
0.0
0.02184
0.235
0.2907
0.2613
0.1558
0.3059
0.1268
0.4135
0.1553
0.296
0.08116
0.7507
0.148
0.06008
0.04187
0.0555
0.02136
0.3628
0.2323
0.02804
0.009632
0.007343
0.07944
1.059
0.3944
0.4189
0.2159
0.2258
0.2365
0.2613
0.2514
0.2407
0.2312
0.2335
0.2293
0.2121
0.2308
0.246
0.1875
0.2125
0.428
0.8163
0.6584
0.9811
0.7668
0.2689
0.3212
0.6905
0.9506
0.7065
0.3353
0.3487
0.3601
0.4318
0.3826
0.4936
0.5524
0.7721
0.7423
0.7584
0.3246
0.01926
0.01745
0.01879
3.003
5.011
5.231
3.918
4.462
4.395
0.7088
0.07868
0.7034
0.1749
0.05512
0.03891
0.06018
0.02031
0.2678
0.1146
0.01974
0.01202
0.01898
0.6844
0.5577
0.3864
0.3719
0.1942
0.2171
0.2628
0.2396
0.264
0.2632
0.2304
0.2365
0.2445
0.2483
0.2457
0.2396
0.243
0.2438
0.2804
0.7446
0.7935
1.218
0.7751
0.7622
1.154
1.05
0.4768
0.3937
0.3891
0.412
0.4333
0.4128
0.3838
0.4776
0.6409
0.5753
0.6271
0.3536
0.02756
0.01888
0.0226
0.03042
2.597
4.999
3.073
4.138
3.308
4.425
4.346
0.005054
0.1068
0.6775
0.1362
0.04759
0.03777
0.06342
0.04463
0.444
0.04072
0.01202
0.01202
0.8835
0.5692
0.457
0.1856
0.2213
0.2205
0.2209
0.1865
0.2262
0.2041
0.2506
0.2487
0.2678
0.2361
0.1919
0.2052
0.2838
0.573
0.8591
1.294
0.5478
0.2178
0.3605
0.7591
1.068
0.8255
0.3326
0.3834
0.4066
0.4845
0.502
0.441
0.5501
0.5173
0.6088
0.6798
0.2331
0.1804
0.0206
0.01907
0.01707
3.485
4.718
4.547
3.705
2.774
4.041
2.655
0.0001907
0.106
0.6996
0.08364
0.0452
0.01965
0.0432
0.02069
0.2178
0.2808
0.1131
0.01183
0.009441
0.08812
0.972
0.3799
0.4387
0.1781
0.2377
0.2289
0.1942
0.2064
0.1875
0.1476
0.1762
0.1762
0.1968
0.219
0.2125
0.4005
0.4547
0.3929
1.129
1.096
0.824
0.2728
0.6813
0.9109
0.8484
0.2914
0.3204
0.3075
0.3437
0.4158
0.367
0.502
0.4715
0.7721
0.573
0.6065
0.618
0.2087
0.01402
0.145
0.01669
2.469
5.768
3.204
3.302
2.383
3.516
3.265
1.974
0.09556
0.0003815
9.537e-05
0.0
0.0
0.0
0.0
0.0
9.537e-05
0.0
0.0
0.0
0.0
0.0
9.537e-05
0.0
0.0
0.0
0.0
0.0
9.537e-05
0.0
0.0
0.0007629
0.0
0.0
0.0
0.0
0.0
0.0
0.0
0.0
0.0
0.0
0.0
0.0
0.0
0.0
0.0
0.0
0.0
0.0
0.0
0.0
0.0
0.0
0.0
0.0
0.0
0.0
9.537e-05
0.0
0.0
0.0
0.0
0.0005722
0.0
0.0
0.0
0.0
0.0
0.0
0.0
0.0
0.0
0.0
0.0001907
0.0
9.537e-05
0.0
0.0002861
0.0
0.0
0.0
0.0
0.0
9.537e-05
0.0
0.0
0.0
0.0
0.0
0.0
0.0
0.0
0.0
0.0
0.0
0.0
0.0
0.0
0.0
0.0
0.0
0.0
0.0
0.0
0.0
9.537e-05
0.0
0.0
0.0
0.0
0.0
9.537e-05
0.0
0.0
0.0
0.0
0.0
0.0
0.0
0.0
0.0
0.0
0.0
9.537e-05
0.0
0.0
0.0
0.0
0.0
0.0
0.0
0.0
0.0
0.0
0.0
0.0
0.0
9.537e-05
0.0
0.0
0.0
0.01354
0.592
0.4494
0.4128
0.3719
0.425
0.2495
0.3277
0.4211
0.4425
0.3937
0.3075
0.2159
0.1991
0.2346
0.2438
0.2323
0.2411
0.2186
0.2182
0.2548
0.2434
0.2605
0.2583
1.076
0.5394
0.9308
2.35
1.427
0.3796
0.4181
0.3754
0.3681
0.4547
0.4082
0.6355
0.6363
0.6927
0.2472
0.1486
0.0103
0.02003
4.999
7.898
7.947
5.835
0.1598
0.004196
0.0
0.01163
0.885
0.2686
0.3635
0.3117
0.3799
0.235
0.267
0.3731
0.4753
0.4242
0.3269
0.2907
0.2563
0.2743
0.2029
0.2403
0.1968
0.206
0.2407
0.2495
0.2388
0.2575
0.2472
0.2819
1.306
0.9186
1.962
1.14
0.9079
0.3319
0.3719
0.7072
0.3754
0.4646
0.5775
0.5608
0.531
0.2777
0.2068
0.02823
0.0185
7.922
6.958
8.887
2.405
0.1799
0.006485
0.01068
0.5737
0.4066
0.3136
0.3445
0.425
0.2468
0.2697
0.4341
0.473
0.4494
0.3914
0.3059
0.2518
0.2556
0.2533
0.2636
0.2438
0.2464
0.2399
0.2357
0.2518
0.227
0.2335
0.3395
1.305
1.53
1.712
1.288
0.3784
0.3914
0.3967
0.4128
0.3502
0.3613
0.5104
0.5829
0.4929
0.2739
0.06218
0.01173
0.3761
7.715
9.741
6.311
2.502
0.02165
0.005817
0.009155
0.4555
0.4677
0.3647
0.3727
0.4417
0.2731
0.3288
0.3803
0.3929
0.3853
0.3296
0.2602
0.2529
0.2502
0.2239
0.2468
0.2296
0.186
0.2079
0.2537
0.3086
0.2689
0.346
1.318
0.8987
1.602
1.341
0.8347
0.3765
0.3613
0.4471
0.4913
0.6126
0.7317
0.6462
0.6126
0.2853
0.01688
0.009441
0.01974
6.433
9.143
6.335
4.578
0.03109
0.002766
9.537e-05
0.0
0.0002861
0.0
0.0
0.0
0.0
0.0
0.0
0.0
0.0
0.0
0.0
0.0
0.0
0.0
0.0
0.0
9.537e-05
0.0
0.0
0.0
0.0
0.0
0.0
0.0
0.0
0.0
0.0
9.537e-05
0.0
0.0
0.0
0.0
0.0
0.0004768
0.0
0.0
0.0
0.0
0.0
0.01192
0.6424
0.4082
0.3609
0.3784
0.441
0.2708
0.2712
0.4021
0.3853
0.399
0.2842
0.3117
0.2724
0.2762
0.3025
0.2827
0.2842
0.2575
0.2754
0.272
0.2579
0.285
1.149
1.106
2.237
1.251
0.3929
0.4318
0.3819
0.362
0.3735
0.425
0.6676
0.663
0.6943
0.5608
0.1453
0.01678
0.01192
1.067
9.607
9.216
6.555
1.411
0.004005
9.537e-05
9.537e-05
0.0
0.0001907
0.0
0.0
0.0
0.0001907
0.0008583
0.0
0.01001
0.6454
0.1179
0.4211
0.3975
0.4463
0.2846
0.4318
0.5379
0.4875
0.3605
0.3071
0.2357
0.2483
0.2289
0.2232
0.2163
0.2319
0.2827
0.288
0.2522
0.251
0.275
1.041
1.033
1.935
1.779
0.5569
0.3674
0.3796
0.4356
0.4456
0.5165
0.6836
0.7301
0.5219
0.2003
0.2472
0.01793
0.01469
1.935
7.959
9.949
6.061
0.8713
0.01783
0.003338
0.001621
0.0
0.0
0.0
0.0
9.537e-05
9.537e-05
0.0
0.0
0.0
0.0
0.0
0.0
0.0
0.0
0.0
0.0
0.0
0.0
0.0
0.0
0.0
0.0005722
0.0
0.0
0.0
0.0
0.0
0.0
0.0
0.0
0.0
0.0
0.0
0.0
0.0
0.0
0.0
9.537e-05
0.0
0.0
0.0
0.0
0.0
0.0
0.0
0.0
0.0
0.0
0.0
9.537e-05
0.0
0.0
0.0
0.0
0.0
0.0
0.0
0.0
0.0003815
0.0
0.0
0.0
0.0
9.537e-05
0.0
0.0
