29.1
14.09
15.23
15.21
19.68
16.14
15.28
20.04
15.21
16.19
16.55
13.43
16.24
17.11
33.25
28.37
1.128
0.5257
0.04692
11.39
12.99
16.63
17.09
21.24
31.3
14.16
17.75
14.77
13.18
10.86
13.77
16.94
12.33
16.38
18.95
13.33
15.26
13.11
20.09
36.96
37.21
38.72
35.6
31.15
32.67
18.85
27.44
32.62
20.17
16.48
13.92
15.6
26.9
33.89
19.8
14.31
19.73
25.44
25.05
13.94
15.87
8.875
23.02
38.82
38.72
38.04
33.94
27.93
29.88
17.94
13.28
16.6
14.11
11.5
16.04
14.97
15.36
15.14
25.24
28.42
26.51
14.5
14.26
14.06
16.38
23.71
31.93
28.86
10.96
22.17
23.61
25.73
36.47
34.18
27.64
31.45
21.17
20.46
29.64
28.17
15.26
14.21
15.8
14.72
14.04
17.48
19.07
32.13
22.29
28.71
32.37
18.26
20.48
37.5
36.28
36.28
32.52
34.47
29.64
21.44
30.18
29.83
24.27
33.15
25.44
13.82
16.09
17.24
13.16
19.46
18.82
28.76
34.67
19.51
34.72
33.79
8.533
25.63
33.69
38.43
39.16
29.44
32.42
19.8
0.2941
21.95
31.79
32.42
15.99
16.24
29.64
35.45
19.36
16.99
17.85
17.09
14.77
14.87
25.34
37.5
34.57
36.87
36.62
36.28
21.09
16.7
19.6
16.99
19.9
19.41
35.11
31.54
16.6
27.83
34.38
21.04
16.92
17.07
16.82
27.15
33.54
25.98
0.7858
0.4532
0.03128
0.02604
0.02604
0.02604
0.02604
9.949
13.89
16.99
17.85
16.7
16.97
18.75
6.287
14.55
24.71
32.86
23.19
31.45
34.18
17.04
17.29
4.163
0.1354
0.04692
0.02604
0.02604
0.02604
0.02604
0.02604
14.45
12.16
16.97
16.21
18.46
18.16
12.07
17.6
28.47
28.37
17.72
19.9
31.05
29.88
15.04
16.55
10.14
0.2396
0.08335
0.02604
0.02604
0.02604
0.03128
0.02604
10.12
14.23
12.37
15.55
29.83
29.88
17.16
17.43
14.06
14.06
21.7
27.93
24.0
15.75
17.72
18.24
24.78
5.499
0.6355
0.1249
0.03128
0.02079
0.03128
1.99
11.88
15.89
16.31
20.83
22.12
11.07
16.58
16.92
20.29
26.56
16.28
21.22
24.88
23.19
12.16
13.5
2.866
0.1459
0.04692
0.02079
0.02604
0.02604
0.02604
0.02079
12.39
27.2
32.37
19.68
17.94
34.33
32.96
17.63
27.83
33.25
20.0
15.16
18.31
16.48
14.82
13.45
12.21
0.1719
0.1146
0.02604
0.02604
0.02604
0.02604
0.02604
0.8698
23.68
34.91
24.37
17.6
14.67
34.33
29.93
12.32
13.11
19.36
33.84
29.44
12.01
18.99
20.61
35.21
18.38
0.75
0.3334
0.02604
0.02604
0.02604
0.02079
0.02604
17.21
26.32
24.98
11.96
15.77
17.6
23.61
22.19
12.0
15.75
21.58
29.54
17.41
11.65
16.85
19.65
21.44
20.07
1.411
0.6248
0.06771
0.02604
0.02604
6.775
17.5
14.94
14.79
10.39
18.09
18.12
16.31
18.75
14.04
14.55
15.43
14.89
13.7
18.7
15.43
15.48
15.36
15.65
16.87
25.93
35.5
30.96
28.47
27.15
27.39
24.46
25.1
26.12
26.22
27.34
25.83
24.54
23.71
25.2
25.29
26.61
27.64
23.24
31.59
31.2
32.23
34.72
33.11
28.86
26.03
13.57
20.39
22.29
22.14
21.58
20.9
20.85
21.75
26.03
34.62
32.62
31.35
34.38
35.99
37.74
36.04
34.08
32.62
32.76
36.23
39.89
26.95
37.06
35.3
33.98
34.67
33.5
28.76
28.91
9.851
28.03
29.64
29.0
29.0
28.03
25.98
25.68
33.74
36.96
36.28
37.16
38.13
35.3
36.87
38.13
39.01
37.16
33.3
32.96
39.45
39.26
38.67
33.54
33.45
32.86
11.54
35.89
36.96
37.5
37.6
37.7
37.65
37.74
39.31
39.65
39.26
39.21
38.57
38.53
38.82
39.01
29.3
38.13
38.23
38.23
36.28
33.89
34.18
21.8
29.15
38.57
37.4
35.94
37.55
36.23
36.57
34.77
34.91
34.77
37.06
36.62
35.69
35.16
35.89
36.67
37.01
23.22
28.27
29.54
31.59
32.23
33.2
33.15
32.47
19.48
17.29
35.89
36.04
35.45
35.5
35.79
34.91
35.21
35.3
34.91
35.25
35.06
33.94
33.5
32.13
30.03
29.69
29.79
29.69
28.96
33.5
32.47
30.47
29.93
28.52
29.39
28.22
17.09
17.43
17.85
20.61
21.17
20.48
19.14
17.99
19.9
21.04
21.04
21.46
19.41
16.26
18.24
21.04
22.29
23.83
25.15
35.25
38.18
38.87
41.31
38.82
38.92
27.98
39.11
42.77
42.92
37.99
33.54
35.11
21.95
35.69
41.16
35.89
39.89
28.81
29.05
41.46
35.94
29.49
33.69
41.7
36.38
27.83
35.45
36.91
39.99
12.7
36.38
39.01
40.04
40.14
39.79
37.7
39.99
41.31
40.14
40.38
41.85
40.62
38.72
39.89
40.43
32.62
31.84
42.58
39.45
40.43
33.64
35.06
31.84
5.365
39.94
41.46
41.46
41.26
40.28
37.11
35.74
34.57
34.52
34.08
38.48
37.01
33.3
30.42
28.56
28.08
26.76
20.7
16.24
17.09
20.39
22.78
21.02
18.92
20.34
24.19
27.05
28.08
28.27
10.45
23.46
21.78
22.36
22.95
20.75
20.19
19.85
21.46
21.02
20.73
20.58
19.51
17.36
16.99
18.58
16.99
16.41
18.26
17.38
16.09
17.65
17.24
19.9
20.24
35.25
41.31
41.41
32.86
22.17
44.29
44.87
41.7
30.91
30.42
30.57
13.43
39.99
37.45
34.86
32.81
29.79
26.76
25.44
23.93
22.29
21.53
22.36
24.17
24.02
24.29
23.14
20.97
27.05
40.38
36.38
29.44
25.68
19.43
26.37
27.1
26.12
38.72
39.06
34.62
33.94
28.37
20.83
20.97
25.34
28.42
25.39
22.46
28.52
23.46
32.52
33.94
19.78
29.98
34.28
18.12
23.93
28.47
32.96
22.41
15.31
30.71
35.94
36.28
35.35
36.96
35.45
33.89
33.06
33.3
31.54
30.42
30.22
34.38
34.08
32.96
33.25
33.64
36.18
21.8
35.5
35.79
35.25
34.03
30.37
30.22
30.18
16.94
15.45
14.01
13.87
12.89
17.19
14.55
13.62
13.33
16.43
14.38
14.11
16.11
14.43
17.87
16.46
18.8
20.58
20.75
13.89
13.18
14.6
15.45
16.8
18.9
16.82
20.51
28.32
28.66
20.85
27.44
28.71
21.26
23.12
23.66
25.05
17.8
11.96
11.4
18.21
14.36
13.28
9.985
11.72
36.23
35.5
17.41
17.02
21.8
19.9
19.14
33.01
39.21
12.17
20.07
6.995
0.1875
0.06247
0.02604
0.02079
0.03128
0.03128
0.02604
0.02604
0.02604
0.02604
0.02604
0.03128
0.02079
0.03128
0.02604
0.02604
0.02604
0.03128
0.02604
0.02604
15.38
14.58
18.85
15.7
14.7
19.36
14.92
14.58
14.84
15.92
