24.12
24.07
24.34
24.34
17.19
23.97
24.29
24.46
24.46
24.44
24.37
24.07
24.49
23.97
24.17
24.07
24.12
12.13
0.1129
0.0
0.0
0.01602
11.98
21.02
21.39
19.73
19.24
20.41
20.7
19.6
18.82
21.14
20.61
20.65
20.48
21.19
20.75
20.09
20.19
20.26
20.51
17.38
10.36
20.8
20.48
20.83
20.92
21.07
20.87
19.9
20.95
20.92
16.41
17.72
17.04
17.29
15.43
20.39
20.17
20.24
20.75
20.51
20.36
20.21
19.92
19.43
17.5
16.6
12.33
11.11
13.43
9.705
13.6
8.142
14.43
16.43
17.41
17.31
18.46
12.57
11.49
11.44
11.44
11.25
6.775
0.07515
0.0
0.0
0.01326
17.9
23.46
23.66
23.27
23.88
23.75
24.02
23.58
23.34
23.75
23.44
23.07
11.94
0.06151
0.0
8.899
17.36
17.72
17.6
17.53
18.02
17.65
17.31
17.26
17.36
16.53
17.65
17.41
17.31
10.69
0.003242
0.004387
0.4364
9.537e-05
0.002575
0.002956
0.003052
0.00248
5.646
17.31
8.948
0.1823
0.0
