14.33
13.84
17.16
18.26
19.41
20.17
15.41
20.87
22.61
21.39
11.99
13.57
7.483
12.12
0.1875
0.1198
0.02604
0.02861
0.02604
0.02861
0.02604
0.02861
0.02604
0.02861
0.02346
0.02861
0.02604
0.02861
0.02604
0.02861
0.02604
0.02861
12.45
9.998
29.35
31.45
31.05
31.93
29.93
22.68
25.49
22.71
21.12
15.16
13.38
15.65
15.19
15.82
20.65
23.27
26.95
14.48
12.7
15.7
14.04
15.19
16.24
14.65
23.07
27.05
20.92
8.63
25.24
31.1
31.1
31.01
31.15
25.68
27.05
27.39
21.48
13.94
9.18
15.38
18.31
24.98
22.31
14.82
13.7
14.87
9.546
29.49
30.08
30.13
25.63
21.73
20.61
18.19
24.66
21.95
20.14
12.5
13.06
14.5
16.41
10.57
1.555
14.31
15.14
18.68
21.61
21.83
18.12
15.06
14.75
16.67
15.45
14.4
16.75
12.82
13.7
28.08
27.0
29.49
29.05
28.47
29.79
28.12
20.29
18.26
15.53
20.17
20.9
22.8
16.48
3.754
23.78
26.76
29.49
26.81
26.03
26.51
16.94
30.18
24.41
16.38
20.46
24.39
25.39
11.0
19.29
18.65
19.38
22.12
21.85
20.9
14.48
17.14
15.45
14.84
18.85
17.02
14.84
15.53
17.46
17.19
17.82
14.65
20.83
27.0
25.68
27.49
26.42
24.88
20.75
27.1
20.14
16.41
17.7
18.58
20.87
19.92
13.84
13.82
14.38
13.48
14.06
16.43
15.41
13.55
15.72
17.41
18.75
1.442
0.573
0.07553
0.02604
7.922
14.79
16.26
14.77
14.87
16.16
14.06
9.204
14.26
13.87
12.52
15.55
16.14
17.11
16.55
18.29
17.09
17.72
6.799
17.68
18.85
18.43
20.24
2.603
6.396
16.41
17.46
22.71
22.27
20.46
14.92
16.33
18.36
18.87
18.43
18.82
12.72
14.89
17.43
18.07
20.85
19.92
21.24
7.776
0.7858
0.2525
0.03128
0.02604
6.677
15.11
22.71
20.78
20.7
13.82
14.4
14.14
17.04
15.62
15.41
15.41
16.75
19.63
23.12
22.12
20.75
15.62
8.765
15.11
20.07
21.09
21.9
6.03
7.434
2.512
12.87
14.84
12.84
12.49
14.87
17.48
20.36
21.78
20.85
13.21
13.87
20.8
20.46
15.67
19.63
11.93
9.705
0.3334
0.09375
0.02346
0.02861
0.02604
6.433
15.75
14.62
10.4
13.96
16.89
14.21
18.09
13.72
20.63
24.02
23.02
13.53
17.07
20.83
18.6
21.51
16.85
14.06
0.5676
0.1303
0.02604
0.02861
0.02604
6.445
14.94
18.14
21.8
20.92
18.65
13.92
13.89
12.46
20.17
21.04
21.46
16.33
14.16
15.38
14.01
14.16
12.7
19.02
21.83
20.97
16.38
0.9979
0.5051
6.396
13.62
13.45
20.31
24.63
22.88
11.36
0.766
6.909
20.17
21.19
22.02
14.16
16.58
11.61
14.45
13.01
11.88
7.385
0.2163
0.07553
0.02604
0.03128
0.02604
6.641
19.46
17.97
16.19
14.92
14.55
13.89
16.36
15.92
14.55
15.04
14.97
10.08
13.72
12.02
11.91
10.61
13.18
12.16
15.23
14.97
16.19
18.7
12.65
10.31
24.46
27.29
29.39
28.12
26.66
26.37
25.54
23.61
26.07
24.39
21.75
25.44
28.08
29.64
29.44
21.24
22.46
22.73
23.97
23.58
25.54
21.78
22.31
23.78
27.88
24.22
4.352
10.52
20.65
24.17
24.12
23.66
24.68
27.05
21.31
20.63
20.48
25.29
18.51
4.987
26.81
27.29
27.98
29.2
28.61
28.56
30.08
25.49
23.88
29.59
26.95
27.54
27.64
27.59
27.69
29.05
28.96
28.86
28.08
27.29
23.58
23.02
23.32
22.0
4.681
11.36
16.65
19.78
20.95
21.22
24.49
22.27
19.8
14.92
15.19
16.19
15.31
16.43
16.65
5.237
11.25
26.12
27.05
25.54
23.78
23.54
24.58
23.36
25.68
26.66
27.1
22.85
25.78
25.63
25.78
29.2
27.83
24.71
28.32
26.37
28.42
24.8
23.73
27.44
27.88
19.12
9.9
15.33
23.32
25.78
26.17
26.81
25.59
20.68
17.33
21.9
21.04
16.36
9.863
9.778
26.86
28.86
26.07
26.61
27.29
28.27
25.54
25.73
26.66
24.83
24.39
23.14
23.85
23.71
24.76
26.66
27.05
29.15
25.05
26.27
24.44
27.69
28.52
25.15
22.34
9.106
14.67
27.44
26.95
24.44
26.12
23.1
17.41
16.8
18.12
20.26
20.97
16.5
3.085
27.0
23.29
24.66
25.24
27.54
26.51
27.54
26.81
25.63
25.93
25.34
24.0
24.68
24.39
21.58
25.83
28.32
26.03
27.39
25.29
27.44
22.61
23.93
25.0
27.88
13.84
11.05
16.82
23.8
25.0
26.42
26.86
26.61
19.17
17.99
16.65
16.7
19.14
10.71
10.34
21.12
21.97
21.09
17.53
20.87
21.44
12.44
21.73
24.9
21.92
20.29
24.78
19.14
15.99
19.24
18.16
20.92
14.65
18.75
20.87
20.29
17.77
4.065
26.03
27.54
22.9
22.44
23.93
25.15
25.78
27.83
25.98
23.17
23.05
21.88
19.38
18.36
18.04
19.02
20.46
19.87
18.26
16.97
17.14
15.55
14.82
15.53
15.38
16.24
17.16
15.38
14.94
15.04
15.43
15.58
15.48
11.54
14.97
16.28
15.41
15.58
15.82
15.31
15.45
16.04
16.43
15.92
16.04
15.36
18.75
20.53
19.48
6.714
13.65
22.73
23.19
21.97
21.12
20.34
21.26
20.31
20.31
19.7
19.17
18.87
19.95
20.09
16.6
14.79
14.82
14.97
15.06
15.04
15.26
14.94
15.06
14.7
14.97
15.14
15.04
15.04
15.04
15.65
15.45
15.04
14.92
14.97
15.28
18.02
15.92
11.83
13.99
16.14
17.72
15.33
15.06
15.33
15.38
15.01
15.38
15.16
14.7
15.33
17.85
18.73
19.75
18.51
3.229
22.71
23.66
22.73
23.17
23.34
20.19
19.29
28.32
27.73
28.76
27.54
20.17
19.73
19.38
20.26
20.34
19.19
18.6
20.0
20.31
23.75
26.66
27.34
26.71
24.32
22.73
19.04
18.51
14.31
13.92
14.67
14.38
16.36
18.58
18.8
16.26
16.06
14.72
14.16
13.4
17.33
19.29
15.48
16.6
15.23
8.337
16.26
15.53
18.46
22.51
12.99
17.7
15.7
18.02
14.14
16.14
14.62
16.53
12.52
19.87
20.97
21.9
19.24
8.203
15.77
9.717
14.94
14.79
17.11
18.16
19.87
20.9
13.89
15.8
20.9
21.97
19.56
2.246
0.5882
0.08335
16.8
16.63
15.84
13.01
16.21
17.99
23.27
25.2
17.75
15.97
15.89
16.04
16.21
22.71
22.68
19.85
16.75
15.72
16.16
15.84
16.43
16.04
14.82
0.8179
0.4639
0.03128
0.03128
0.02604
0.03128
0.02079
0.03128
0.02079
0.03128
0.02604
0.03128
0.02604
0.02604
0.02604
17.48
19.02
18.63
16.48
16.04
15.41
18.6
18.75
21.97
18.63
13.35
