0.02346
10.61
21.39
22.73
20.21
9.009
17.14
16.7
17.58
18.31
6.702
0.6248
0.164
0.02861
0.02346
0.02861
0.02346
0.02604
0.02604
0.02604
0.02346
0.02861
0.02346
0.02604
0.02604
0.02604
0.02346
0.02604
0.02346
0.02604
0.02346
0.02861
0.02346
10.85
23.22
23.1
24.37
23.44
23.22
28.76
26.37
22.61
33.15
23.22
13.57
16.99
16.94
12.28
34.77
35.74
37.84
36.38
29.35
36.28
29.54
14.94
12.1
31.98
37.35
36.13
35.89
32.37
31.3
32.96
14.82
0.2476
0.0885
28.42
34.77
37.16
38.53
30.08
34.13
29.05
25.24
28.91
24.41
21.04
32.28
31.64
9.302
37.11
33.5
32.18
32.03
31.2
29.44
29.88
16.53
27.49
35.55
36.38
36.13
28.47
36.08
28.08
13.96
15.75
15.53
17.94
20.02
16.89
20.92
34.13
31.54
15.16
18.92
13.79
12.94
24.17
31.15
32.91
10.62
38.53
35.45
37.01
37.79
35.89
33.4
18.09
26.03
32.28
26.17
21.63
32.47
29.39
14.55
20.21
12.55
15.65
17.68
16.21
18.99
17.77
10.79
34.03
31.64
33.25
33.45
30.47
21.02
32.03
22.97
19.51
21.07
20.41
20.46
19.8
18.6
27.39
32.03
22.46
19.29
18.97
10.31
32.52
33.89
34.28
30.52
29.93
29.54
31.49
16.87
20.29
33.69
34.47
34.23
32.42
21.31
32.32
26.03
13.99
11.99
18.99
14.77
17.48
20.63
21.61
18.73
16.16
14.5
2.625
0.1276
0.04168
0.02604
0.02861
0.02346
0.02861
0.02861
0.02861
0.02604
0.02861
4.749
10.93
21.14
21.75
18.68
11.24
14.38
9.082
10.36
13.48
11.94
9.741
3.668
4.016
0.1225
0.08335
0.02604
0.03128
0.02861
0.02861
0.02604
0.02861
0.02861
0.02861
0.02604
4.974
8.899
13.79
15.31
15.75
18.97
18.48
6.592
12.0
11.16
4.553
8.545
9.595
3.613
0.1249
0.04692
0.02604
0.02604
0.02604
0.02604
0.03128
0.02604
0.03128
0.02079
10.44
4.535
13.21
13.57
11.74
13.26
12.22
4.749
12.52
11.54
13.7
7.141
14.92
17.75
18.7
19.63
11.91
0.6821
0.3593
0.02604
0.02604
0.02604
0.02604
0.02604
0.02604
0.02604
0.02604
0.02604
0.03128
0.02604
0.02604
0.02604
11.93
13.82
12.72
12.72
5.188
0.1719
0.06771
0.02079
0.03128
0.02604
0.02604
0.02604
0.02604
0.02604
0.2083
15.75
15.41
15.04
15.14
22.19
27.29
26.51
8.374
13.75
0.2811
0.1146
0.03128
0.02604
0.02604
0.02604
0.03128
0.02604
0.02604
0.02604
0.03128
0.02604
0.03128
0.02604
0.03128
0.02604
0.03128
0.02604
0.03128
0.02604
0.03128
0.02604
0.02604
0.02604
0.02604
0.02604
0.03128
0.02604
0.02604
0.02604
0.03128
0.02604
0.02604
0.02604
0.02604
0.02604
0.03128
0.02079
0.03128
0.02079
0.03128
0.02604
0.02604
0.02604
0.02604
0.02604
0.02604
0.02604
0.02604
0.02604
0.03128
0.02604
0.02604
0.02604
0.03128
0.02604
0.02604
0.02604
0.03128
0.02604
0.02604
0.02604
0.02604
0.02079
0.03128
0.02079
6.628
6.458
23.39
22.58
24.0
25.93
25.88
25.44
26.32
27.73
26.22
24.63
21.8
19.58
16.02
19.17
31.1
33.11
33.5
34.52
37.55
37.65
36.04
35.69
28.81
25.63
38.67
34.91
30.66
35.69
29.64
32.28
28.42
5.579
32.18
32.91
35.25
31.93
34.33
30.37
31.01
30.42
32.57
32.67
30.08
30.52
31.64
35.21
33.98
30.66
33.54
32.96
32.23
27.2
19.31
30.13
27.34
31.79
23.46
20.73
21.44
21.44
21.7
22.36
11.02
2.969
18.77
25.78
29.88
31.2
26.22
31.15
33.2
34.08
34.57
33.74
33.4
31.4
31.69
31.25
34.91
33.79
32.23
31.79
35.99
34.91
18.51
27.98
31.01
27.25
24.56
21.0
20.58
21.36
18.53
16.04
15.6
15.89
7.056
16.02
21.39
21.73
22.46
29.83
33.59
32.08
31.74
32.57
30.37
31.79
32.52
30.91
32.81
31.59
30.66
28.32
23.12
21.07
20.48
20.83
20.63
20.58
18.75
9.851
17.02
17.31
18.12
19.8
21.26
18.31
19.63
17.85
16.21
15.7
17.36
15.41
15.99
15.7
6.47
13.89
22.39
23.61
23.97
28.17
31.35
30.42
30.13
26.37
29.35
30.96
29.2
32.13
30.32
28.86
33.01
29.93
31.74
30.37
31.25
27.69
27.88
18.97
13.09
32.23
33.94
34.57
33.35
26.22
24.17
21.78
24.15
14.4
6.47
32.57
31.15
33.3
30.47
23.9
20.31
28.03
34.67
33.54
33.11
33.79
31.2
33.11
31.54
31.4
29.3
31.59
27.05
30.86
32.91
22.63
30.27
34.52
32.03
32.18
30.76
27.64
28.56
25.2
4.175
33.11
31.64
31.59
29.69
34.33
22.97
27.15
34.33
29.3
33.25
18.36
19.56
33.74
32.57
33.59
32.52
31.45
31.64
33.94
31.2
30.81
32.67
31.98
31.69
32.42
31.2
32.32
29.88
32.52
28.22
23.17
19.65
12.67
21.26
33.01
27.69
28.61
27.29
29.74
27.0
28.61
24.37
7.507
18.19
34.33
33.94
35.16
30.27
30.71
29.15
33.01
33.79
33.59
31.93
27.59
22.39
19.38
17.85
16.82
17.41
16.19
16.14
16.16
17.48
15.48
16.46
16.09
15.89
15.53
15.87
14.4
16.46
21.19
19.87
19.58
18.41
16.97
18.36
17.94
16.38
16.58
15.99
18.07
16.7
14.18
3.217
22.29
22.34
20.68
18.87
18.38
33.15
34.42
34.28
34.81
33.98
33.84
34.96
32.62
36.04
33.98
28.52
22.44
22.51
21.22
20.95
18.95
17.8
17.53
14.33
17.19
18.87
29.44
32.62
31.45
23.51
21.22
21.95
17.7
18.26
12.7
13.35
17.63
16.33
14.38
15.84
14.87
15.7
15.7
15.33
15.8
15.38
17.5
25.73
16.46
20.41
20.21
22.05
22.68
21.17
19.75
26.32
23.73
25.24
16.04
26.46
19.92
24.98
28.91
27.93
18.16
11.47
0.2239
17.68
19.31
18.58
17.48
21.14
22.8
18.24
19.02
17.02
15.38
19.46
15.77
15.06
19.07
14.84
14.92
15.41
20.78
23.58
21.34
13.89
12.79
17.29
20.12
16.92
11.93
15.33
16.24
14.48
15.01
15.43
16.55
15.55
19.29
14.33
17.09
16.43
14.6
10.85
16.6
18.24
18.7
19.29
20.51
20.41
19.6
19.87
17.92
16.24
16.28
16.63
16.11
15.19
14.99
15.92
15.55
15.55
15.31
15.89
16.19
15.5
16.48
15.21
15.77
16.55
17.41
15.92
15.28
16.24
16.6
15.53
15.23
15.11
15.43
15.89
15.41
14.99
13.38
15.21
15.53
16.31
15.5
16.06
15.77
16.33
16.7
15.7
15.8
16.04
15.97
16.09
15.23
16.06
11.57
0.3075
0.05732
0.03643
0.02604
0.03128
0.02079
0.03128
0.02604
0.02604
0.02604
0.02604
0.02604
0.02604
0.03128
0.02604
0.02604
13.77
15.43
16.58
15.23
15.23
10.56
6.207
