14.99
13.5
15.89
14.77
14.14
14.94
16.5
16.7
16.21
19.63
13.26
13.65
13.57
12.07
0.2186
0.09899
0.02604
0.02604
0.02604
0.02604
6.763
14.31
13.79
13.79
15.87
16.8
19.68
17.11
12.17
14.09
13.35
15.36
16.72
15.87
16.53
17.04
15.09
9.265
21.02
19.24
18.29
16.24
17.38
18.19
20.34
18.95
17.11
18.48
19.26
18.46
17.7
20.0
18.8
18.19
19.51
17.6
4.614
22.17
20.09
21.58
21.73
23.02
23.8
22.0
19.97
16.99
18.19
19.6
20.26
11.62
14.38
14.97
16.14
16.55
15.92
16.09
10.94
12.67
13.87
15.21
16.48
19.56
22.02
14.33
12.33
17.16
15.41
15.6
16.36
19.38
8.228
19.73
19.85
28.66
26.51
28.27
27.15
28.03
29.93
22.19
16.24
16.63
17.19
18.46
26.95
27.39
21.39
16.67
16.24
17.36
25.83
30.27
32.86
33.4
25.68
27.98
28.12
19.14
18.99
19.09
24.24
28.86
26.66
14.04
18.29
18.51
15.11
18.77
15.82
16.11
15.53
16.24
18.55
7.483
24.58
28.61
28.03
29.0
28.47
30.03
24.85
29.15
22.09
18.75
18.85
20.04
18.95
15.75
25.0
34.18
34.23
34.52
31.25
24.02
29.05
23.22
16.72
17.9
14.94
25.78
26.37
31.84
30.71
28.47
25.59
26.51
24.15
9.863
16.38
17.85
24.63
25.44
23.85
17.11
17.46
11.15
17.94
22.61
20.07
25.44
15.87
5.603
0.1926
0.07296
0.02604
0.02604
0.02079
0.03128
0.02079
0.03128
6.25
23.36
27.93
27.15
7.349
16.11
15.38
14.67
15.62
9.46
15.01
20.8
25.2
27.0
25.15
15.65
0.885
0.1616
0.02604
0.03128
0.02604
0.02604
0.02604
0.03128
11.08
26.81
25.93
16.48
17.19
10.08
12.5
13.84
14.28
13.72
15.01
16.43
17.65
18.99
15.87
12.22
0.4532
0.1041
0.02604
0.03128
0.02604
0.03128
0.02604
0.03128
2.478
15.09
14.45
12.87
19.65
18.58
20.73
20.34
17.75
14.99
16.33
22.31
24.95
22.19
17.53
25.73
26.76
20.26
0.8911
0.4845
0.03128
0.03128
0.02604
0.03128
0.02604
14.38
16.21
12.94
10.77
11.62
11.25
5.646
0.1926
2.298
10.94
14.06
14.43
16.43
17.87
18.12
16.53
1.63
0.5211
0.07296
0.02604
0.03128
0.02079
0.03128
10.56
12.19
14.43
15.97
16.43
18.19
17.77
13.43
10.3
13.87
11.45
15.41
16.85
21.04
22.9
23.14
7.935
0.6721
0.1823
0.02604
0.02604
0.02604
0.02604
0.02604
0.02604
8.972
11.9
13.79
12.43
15.41
25.93
27.44
21.0
12.08
11.16
11.58
15.38
14.38
13.55
1.901
0.1616
0.03996
0.0226
0.03128
0.02604
0.02604
0.02604
0.02604
0.02604
1.23
15.55
15.26
15.01
15.23
15.28
6.555
16.89
15.5
15.38
15.38
11.0
10.12
10.9
8.606
0.1875
0.08335
0.02604
0.02604
0.02604
0.02604
0.02604
0.02604
6.348
12.28
16.99
15.77
16.92
15.48
16.06
14.99
13.28
13.38
19.41
19.14
17.85
20.68
20.19
18.46
17.8
20.17
21.39
20.29
18.19
16.89
23.66
35.45
35.55
36.04
38.62
37.6
34.33
27.25
27.29
28.66
27.73
25.73
21.9
14.84
24.24
22.61
21.95
20.21
19.8
20.78
21.66
23.88
21.36
21.04
20.39
11.12
5.798
21.07
20.19
18.73
20.29
21.48
21.88
21.73
21.44
20.48
26.71
34.77
29.1
36.77
35.69
30.27
24.22
28.96
32.86
37.5
38.57
34.52
33.94
31.59
18.58
36.52
34.33
29.3
22.36
30.27
27.0
25.59
25.63
18.33
7.617
32.81
31.88
32.96
33.15
31.15
32.23
34.67
33.25
35.16
31.25
28.27
30.91
29.05
28.12
27.69
27.88
26.42
25.63
24.58
25.83
26.17
17.46
16.26
19.82
20.39
20.73
22.83
23.97
24.61
21.68
23.27
26.32
28.66
11.87
15.53
37.3
37.89
35.6
34.86
36.47
37.16
37.6
36.91
36.87
34.38
34.13
34.18
33.15
34.28
34.96
35.74
36.13
25.83
12.55
27.59
35.6
34.91
35.89
30.71
29.74
25.29
23.93
2.463
22.56
36.96
36.13
35.4
34.13
33.94
34.81
35.89
31.01
32.42
35.74
34.52
33.01
30.96
28.52
26.12
25.0
24.51
23.58
23.68
22.8
12.46
14.16
18.51
20.73
21.95
24.22
21.51
16.65
17.68
15.72
16.87
19.7
20.63
20.07
6.506
19.56
22.95
24.83
25.68
27.29
28.22
27.69
28.56
27.54
26.86
28.86
26.61
25.98
26.03
25.54
25.39
26.61
28.66
28.61
29.25
28.81
28.32
29.88
23.56
12.82
15.43
31.74
34.42
32.08
31.84
29.74
27.44
26.66
15.01
10.03
24.93
26.32
22.22
19.21
21.92
12.6
19.9
36.18
27.54
24.12
29.49
6.287
34.08
35.4
36.57
34.96
35.16
35.89
35.25
35.79
33.69
30.66
26.86
27.78
32.32
31.79
29.59
33.64
34.96
34.72
33.54
16.11
16.65
35.89
39.4
37.01
36.77
29.39
28.03
21.66
9.204
3.18
0.05732
12.35
22.49
23.19
22.29
21.61
22.58
24.46
24.17
24.56
22.51
21.26
20.53
19.17
20.97
19.9
19.56
18.75
19.07
19.7
22.53
22.34
20.36
20.31
18.85
19.87
18.68
18.02
16.97
15.55
17.29
18.46
14.11
21.34
23.46
24.29
25.1
26.22
26.61
22.58
22.34
23.51
26.03
10.23
17.5
20.36
25.49
39.36
38.38
35.5
33.79
29.59
31.93
33.3
33.45
31.98
33.3
33.4
30.03
27.59
27.34
27.64
26.66
27.34
27.25
17.82
19.36
17.63
20.39
24.12
24.46
23.63
18.68
18.36
15.75
15.72
15.26
16.87
17.63
4.974
19.63
17.29
23.29
17.94
18.07
19.95
13.87
17.46
13.5
13.57
18.85
21.75
24.29
25.44
25.59
17.75
21.48
21.83
21.63
24.83
23.12
13.45
22.36
20.61
23.07
28.32
32.08
31.1
21.12
27.64
32.86
27.44
20.36
26.81
28.71
22.51
25.34
25.54
25.68
16.7
17.04
15.48
16.75
20.04
14.23
28.61
32.18
33.45
32.62
32.23
31.59
28.56
26.07
26.37
33.69
34.42
34.77
34.91
30.08
29.59
25.88
22.85
21.46
27.49
30.18
27.78
25.39
16.14
27.54
25.63
21.14
18.8
16.92
16.6
16.99
14.45
19.6
23.02
24.0
20.46
6.287
13.43
15.26
14.26
13.26
13.38
4.7
0.1667
0.05732
0.02604
7.605
14.53
12.21
12.26
16.21
16.21
16.19
15.14
19.73
20.56
20.75
15.77
16.7
15.8
20.26
19.21
18.87
12.5
9.888
3.131
0.1249
0.04692
0.02604
0.03128
0.02604
0.03128
0.02604
0.02604
0.03128
0.02604
0.03128
0.02604
0.03128
0.02604
0.02604
0.02604
0.03128
0.03128
0.03643
0.02604
9.521
15.48
14.62
15.06
15.8
16.53
19.65
20.78
18.99
