18.07
26.51
21.34
14.06
22.17
26.56
18.33
13.79
17.87
26.42
23.02
15.23
13.62
22.19
26.46
16.41
11.56
11.15
11.08
11.08
12.29
13.09
14.21
24.15
24.8
14.72
13.7
13.13
13.28
13.45
13.35
13.31
13.45
16.5
26.37
20.85
13.75
12.77
11.24
11.07
11.08
11.08
11.08
12.44
13.43
13.11
13.62
13.31
13.6
13.38
13.72
15.62
26.07
20.39
17.82
30.71
31.01
32.13
32.08
32.23
29.54
28.71
25.93
25.88
20.14
28.37
41.65
43.07
43.07
43.12
43.16
43.16
43.16
43.16
43.16
43.16
43.16
43.16
43.21
43.16
43.16
43.16
43.12
43.16
43.16
43.21
43.21
43.21
43.21
43.16
43.21
43.21
43.21
43.21
43.21
43.21
43.21
43.21
43.21
43.26
40.67
17.6
19.04
19.21
19.34
18.92
19.97
17.94
12.84
13.06
27.05
30.47
31.79
31.93
32.03
29.79
28.03
25.34
23.22
21.44
40.87
42.68
43.12
42.68
41.99
41.99
41.99
41.99
41.99
41.94
41.99
41.99
42.19
42.38
42.53
43.07
43.07
43.12
43.12
43.16
43.16
43.16
43.16
43.21
43.21
43.21
43.21
43.21
43.21
43.26
43.21
43.16
42.97
42.43
28.66
16.85
19.34
20.17
18.38
18.55
17.82
14.92
12.7
17.14
30.32
31.05
32.08
31.93
31.74
28.86
26.61
25.49
18.6
32.42
41.8
43.07
43.12
43.21
43.16
43.16
43.16
43.16
43.16
43.16
43.12
43.16
43.16
43.12
43.12
43.12
43.07
43.12
43.12
43.16
43.16
43.16
43.16
43.16
43.21
43.21
43.21
43.21
43.21
43.21
43.21
43.21
42.29
34.86
16.41
18.29
19.02
17.63
20.0
20.39
19.48
12.89
12.84
15.23
29.64
30.76
31.74
31.74
31.88
28.91
27.54
24.95
24.73
19.34
38.92
42.53
43.07
42.87
42.77
42.77
42.77
42.77
42.77
42.77
42.77
42.77
42.77
42.77
42.82
43.07
43.12
43.12
43.21
43.16
43.16
43.16
43.21
43.21
43.21
43.21
43.21
43.21
43.21
43.07
43.02
43.02
43.02
40.04
19.46
18.26
20.14
18.95
19.02
19.14
16.92
12.82
14.99
29.88
30.91
31.93
31.84
31.3
28.66
26.56
25.29
18.8
32.18
41.11
42.97
43.12
43.16
43.16
43.16
43.16
43.16
43.16
43.12
43.16
43.16
43.16
43.16
43.16
43.07
43.12
43.12
43.16
43.12
42.77
42.82
42.72
42.24
42.24
42.24
42.24
42.09
42.04
42.04
42.04
42.04
40.92
21.07
16.97
19.56
20.41
18.53
18.9
18.36
13.94
12.15
11.07
11.08
11.08
11.08
11.08
11.08
11.08
11.08
11.08
11.08
11.08
11.08
11.08
11.08
11.08
11.08
11.08
11.08
11.08
11.08
11.08
11.08
11.08
11.08
11.08
11.08
11.08
11.08
11.08
11.08
11.08
11.08
11.08
11.08
11.08
11.08
11.08
11.08
11.08
11.08
11.08
11.08
11.08
11.08
11.08
11.08
11.08
11.08
11.08
11.08
11.08
11.08
11.08
11.08
11.08
11.08
11.08
11.08
11.08
11.08
11.08
11.08
11.08
11.08
11.08
11.08
11.08
11.08
11.08
11.08
11.08
11.08
11.08
11.08
11.08
11.08
11.08
11.08
11.08
11.08
11.08
11.08
11.08
11.08
11.08
11.08
11.08
11.08
11.08
11.08
11.08
11.08
11.08
11.08
11.08
11.08
11.08
11.08
11.08
11.08
11.08
11.08
11.08
11.08
11.08
11.08
11.08
11.08
11.08
11.08
11.08
11.08
11.08
11.08
11.08
11.08
11.08
11.08
11.08
11.08
11.08
11.08
11.08
11.08
11.08
11.08
11.08
11.94
20.75
42.04
43.07
43.12
43.16
43.21
43.21
43.21
43.16
43.16
43.16
43.21
43.16
43.16
43.16
43.16
43.16
43.16
43.16
43.12
43.12
43.16
43.26
43.31
43.36
43.41
43.41
43.46
43.41
43.41
43.41
43.46
33.15
16.65
19.02
20.17
21.07
19.85
12.01
11.07
11.08
11.08
11.08
11.08
11.08
11.08
11.08
11.08
11.08
11.08
11.08
11.72
20.97
42.33
43.07
43.26
43.36
43.36
43.36
43.36
43.12
43.16
43.16
43.12
43.12
43.12
43.12
43.12
43.16
43.16
43.12
43.07
43.12
43.16
43.12
43.21
43.21
43.21
43.21
43.26
43.21
43.21
43.26
43.26
34.77
18.19
21.36
23.19
16.24
12.1
11.3
11.08
11.08
11.08
11.08
11.08
11.08
11.08
11.08
12.3
26.81
43.07
43.07
43.07
43.16
43.21
43.16
43.16
43.12
43.16
43.16
43.16
43.12
43.12
43.16
43.16
43.12
43.12
43.07
43.07
43.12
43.12
43.12
43.16
43.21
43.21
43.21
43.26
43.21
43.26
43.26
37.21
16.31
20.21
20.53
21.29
16.77
12.57
11.45
11.08
11.08
11.08
11.08
11.08
11.08
11.08
11.08
11.08
11.08
11.08
11.08
11.08
11.08
11.08
11.08
11.08
11.08
11.08
11.08
11.08
11.08
11.08
11.08
11.08
11.08
11.08
11.08
11.08
11.08
11.33
11.07
11.07
11.08
11.08
11.08
11.08
11.08
11.08
11.08
11.08
11.08
11.08
11.08
11.08
11.08
11.08
11.08
11.08
11.08
11.08
11.08
11.08
11.08
11.08
11.08
11.08
11.08
11.08
11.08
11.08
11.08
11.08
11.08
11.08
11.08
11.08
11.08
11.08
11.08
11.23
11.07
11.07
11.08
11.08
11.08
11.08
11.08
11.22
11.07
11.07
11.08
11.08
11.08
11.08
11.08
11.08
11.08
11.08
11.08
11.08
11.08
11.08
11.08
11.08
11.23
13.11
35.99
43.07
43.07
43.12
43.21
43.21
43.16
43.16
43.12
43.12
43.16
43.16
43.16
43.16
43.12
43.16
43.16
43.16
43.16
43.16
43.12
43.12
43.07
43.12
43.07
43.16
43.16
43.21
43.21
43.21
43.21
43.21
43.26
43.31
43.21
28.52
20.26
20.58
21.17
15.36
12.57
11.63
11.22
11.08
11.08
11.08
11.08
11.08
11.08
11.08
11.08
11.08
11.08
11.08
11.08
11.08
11.08
11.08
11.08
11.08
11.08
11.08
11.08
11.08
11.08
11.08
11.08
11.08
11.08
11.08
11.08
11.08
11.08
11.08
11.08
11.08
11.08
11.08
11.08
11.08
11.08
11.08
11.08
11.08
11.08
11.08
11.08
11.08
11.08
11.08
11.08
11.08
11.08
11.08
11.08
11.08
11.08
11.08
11.08
11.08
11.08
11.08
11.08
11.08
11.08
11.08
11.08
11.08
11.08
11.08
11.08
11.08
11.08
11.08
11.08
11.08
11.08
11.08
11.08
11.08
11.08
11.08
11.08
11.08
11.08
11.08
11.08
11.08
11.08
11.08
11.08
11.08
11.08
11.08
11.08
11.08
11.08
11.08
11.08
11.08
11.08
11.08
11.08
11.08
11.08
11.08
11.08
11.08
11.08
