27.39
27.49
27.44
27.64
27.59
27.44
27.54
27.59
27.44
27.78
27.59
27.59
27.54
27.83
27.39
27.44
27.34
27.34
27.39
27.29
27.25
27.64
27.83
27.69
27.2
27.49
27.25
27.44
27.59
27.25
27.49
27.1
26.95
27.39
27.1
27.34
27.44
27.69
27.78
27.54
28.12
27.69
27.69
27.98
28.22
27.83
27.34
26.81
26.03
25.44
24.83
24.68
24.27
23.41
23.02
21.9
21.51
21.68
22.49
21.97
22.66
22.51
22.12
21.51
21.51
21.04
20.9
20.41
19.68
18.19
19.43
18.95
17.26
16.53
16.28
14.06
14.6
15.89
16.97
16.92
16.99
15.45
13.62
12.6
12.43
13.35
12.82
13.94
14.14
12.99
12.32
11.13
10.08
9.583
9.155
8.948
9.839
9.802
9.644
9.949
9.68
10.11
9.912
9.875
8.679
9.229
9.705
10.82
10.97
10.08
8.972
8.289
9.448
9.363
8.777
8.582
7.751
9.326
10.05
10.58
10.96
10.75
9.485
9.875
10.31
9.07
7.288
10.24
10.71
10.14
10.01
9.924
8.289
9.79
10.46
9.973
9.216
9.155
9.448
9.729
10.12
10.35
10.53
9.9
10.36
10.74
10.63
11.3
12.04
9.68
12.39
12.34
12.15
12.67
12.57
12.16
12.48
12.99
13.65
13.45
13.77
14.94
15.04
15.41
15.45
15.38
15.87
16.26
15.77
16.19
16.38
16.43
16.63
17.04
17.31
18.14
19.95
19.92
22.75
23.14
23.54
23.73
22.41
23.8
23.85
25.44
26.71
27.25
27.25
28.08
28.03
28.08
28.03
27.88
27.73
27.93
27.64
27.73
27.64
27.59
27.69
27.78
27.83
27.78
27.98
27.73
28.03
27.73
28.17
28.47
27.83
28.08
28.27
28.42
28.56
28.71
28.61
28.61
28.56
28.56
28.42
28.61
28.47
28.37
29.0
28.66
28.42
28.32
28.56
28.42
28.22
28.71
28.47
28.61
28.61
28.66
28.52
28.27
28.17
28.32
27.98
28.12
28.17
27.88
27.98
27.88
27.69
27.93
27.88
27.88
28.37
28.17
28.08
27.98
27.98
28.12
28.56
28.27
28.17
28.27
28.32
29.1
28.81
28.56
27.54
27.64
27.64
27.88
27.34
27.64
27.88
27.54
27.54
27.93
27.59
27.88
27.73
27.83
27.49
27.83
27.59
27.59
27.73
28.22
28.03
27.69
28.27
29.3
28.81
28.91
28.27
28.52
28.03
28.08
28.47
29.2
29.44
28.47
28.71
28.71
28.08
27.34
27.78
27.73
27.49
27.59
27.59
27.44
27.39
27.69
27.39
27.98
28.03
28.17
28.03
28.08
27.73
28.17
28.81
28.12
27.78
27.93
27.34
27.73
27.88
28.08
27.64
28.03
28.08
27.78
26.51
27.73
27.88
27.78
26.9
26.03
26.12
25.83
25.34
24.63
24.93
24.66
24.39
24.0
23.14
23.05
21.97
22.58
21.09
20.21
19.56
18.73
18.04
17.75
17.48
16.53
16.11
15.28
14.28
14.18
13.6
12.92
12.6
12.43
12.49
12.02
10.95
11.11
11.12
11.88
12.5
12.77
12.92
10.96
10.99
10.67
9.924
9.204
9.009
10.51
10.91
10.75
11.17
11.46
11.43
10.45
8.899
6.787
8.813
8.948
8.74
8.667
8.594
8.533
8.679
9.753
10.69
10.9
10.67
10.42
10.95
11.32
11.21
10.77
9.546
9.766
11.07
11.67
11.83
11.17
9.521
9.644
11.4
11.46
11.63
11.71
11.63
10.24
12.01
11.63
11.34
12.82
12.72
13.38
13.26
13.01
11.04
10.99
14.4
14.97
15.14
14.48
16.33
16.85
17.19
18.04
17.94
18.77
17.9
18.82
19.9
18.6
17.75
19.26
19.87
21.14
22.63
23.07
25.68
26.22
27.29
28.17
28.37
28.03
28.22
28.22
28.17
28.47
28.27
28.66
28.71
28.42
28.37
27.98
27.64
27.98
28.42
27.88
27.54
27.54
27.69
27.78
27.54
28.27
27.98
28.12
28.32
28.12
28.22
29.39
28.76
28.86
28.76
28.66
28.42
28.32
28.42
28.66
28.37
28.27
28.56
28.37
28.42
28.56
28.86
28.96
28.96
29.35
29.0
28.56
28.32
28.08
28.96
28.66
28.86
28.47
28.37
28.66
28.27
28.27
28.37
28.08
28.17
28.76
28.56
28.56
28.27
28.56
28.52
28.42
28.42
28.52
28.37
28.71
28.61
28.27
28.71
28.91
28.76
28.81
28.71
28.91
28.71
28.47
28.42
28.47
28.47
28.56
28.42
28.76
28.52
28.56
28.37
28.37
27.64
27.93
27.98
28.66
28.61
28.96
28.61
28.76
28.27
28.03
27.98
27.59
29.05
29.05
29.15
28.81
29.1
28.81
28.81
28.66
28.96
27.69
27.69
28.47
28.96
28.32
28.47
28.66
28.81
28.71
28.71
28.91
28.61
27.83
27.39
27.73
27.59
27.59
27.49
27.39
27.64
27.34
27.93
28.17
28.17
28.22
28.96
28.86
28.66
28.37
28.47
28.08
28.08
28.81
28.22
27.93
27.78
28.08
27.64
27.34
27.29
27.29
26.46
25.63
25.29
25.24
25.59
25.05
24.49
23.83
23.19
21.85
20.85
20.53
19.97
18.46
16.94
16.38
15.8
15.48
15.04
16.46
14.6
16.7
16.24
15.04
14.26
13.09
12.55
12.96
12.44
12.43
12.67
11.22
11.05
10.6
11.15
11.44
9.485
9.29
10.75
11.54
11.51
10.78
10.36
10.39
10.66
9.851
9.924
9.814
9.827
9.583
8.899
8.533
7.3
7.471
10.17
9.57
10.14
9.204
8.459
9.351
9.497
9.094
9.082
8.167
7.874
7.849
7.825
8.704
7.922
7.507
8.179
8.74
9.009
9.204
9.607
9.521
10.03
10.31
9.668
10.44
10.5
9.766
9.741
9.912
9.07
9.229
9.18
9.216
9.753
11.43
11.08
10.56
11.39
11.79
12.77
13.65
13.82
14.06
13.92
13.75
13.57
13.87
14.04
14.26
15.16
15.28
15.11
12.34
16.87
16.67
16.94
17.07
16.82
17.6
18.77
19.36
19.36
20.31
21.61
22.66
23.29
22.95
23.63
25.39
27.05
27.44
28.03
28.22
27.98
27.98
28.12
28.17
28.12
28.12
28.03
28.32
28.47
28.27
28.17
28.32
28.32
28.52
28.32
28.12
28.37
28.37
28.47
28.61
27.88
28.66
28.22
28.32
28.32
28.37
28.37
28.37
28.17
28.42
28.42
28.12
28.27
28.42
28.17
28.32
27.98
28.76
28.61
28.52
28.27
28.32
28.71
28.81
28.86
28.47
28.52
28.56
28.66
28.61
28.56
28.47
28.56
28.56
28.86
28.52
28.37
28.42
28.32
28.47
28.56
28.27
28.76
28.61
28.47
28.42
28.56
28.66
