5.634
5.634
5.634
5.634
5.634
5.634
5.634
5.634
5.634
5.634
5.634
5.634
5.634
5.634
5.634
5.634
5.634
5.634
5.634
5.634
5.634
5.634
5.634
5.634
5.634
5.634
5.634
5.634
5.634
5.634
5.634
5.634
5.634
6.824
12.0
15.58
16.46
17.04
17.38
17.72
17.97
17.65
14.62
13.7
12.04
9.839
8.423
13.6
20.53
20.78
15.14
8.826
9.351
14.72
15.97
16.63
17.09
17.46
17.8
18.02
16.43
14.5
13.01
11.63
9.363
8.472
14.33
15.84
16.5
16.99
17.36
17.68
17.99
15.55
14.38
11.99
10.24
8.154
8.459
8.472
8.63
14.01
15.89
16.58
17.09
17.43
17.68
17.97
16.6
14.55
12.74
11.13
8.984
8.179
8.472
18.16
20.78
19.17
11.01
8.85
8.691
8.386
13.96
15.89
16.6
17.14
17.48
17.75
17.99
15.16
14.21
12.04
9.094
7.764
13.18
15.6
16.53
17.19
17.53
17.85
16.85
14.55
13.11
10.47
8.337
8.96
9.045
8.154
13.06
16.21
17.14
17.58
17.94
14.75
14.79
11.95
8.862
12.1
16.19
17.14
17.65
17.63
14.7
13.35
9.082
8.997
9.338
9.216
9.302
9.473
9.192
8.752
8.875
11.72
15.58
16.43
17.07
17.46
17.87
17.9
14.48
13.35
12.17
8.789
8.362
8.838
8.838
8.923
8.813
15.77
20.68
18.16
6.506
5.994
5.829
5.829
5.829
5.829
5.829
5.829
5.829
5.829
5.829
5.829
5.829
5.829
5.829
5.829
5.829
5.829
5.829
5.829
5.829
5.829
5.829
5.829
5.829
5.829
5.829
5.829
5.829
5.829
5.829
5.829
5.829
5.829
5.829
5.829
5.829
5.829
5.829
5.829
5.829
5.829
5.829
5.829
5.829
5.829
5.829
5.829
5.829
5.829
5.829
5.829
5.829
5.829
5.829
5.829
5.829
5.829
5.829
5.829
5.829
5.829
5.829
5.829
5.829
5.829
5.829
5.829
5.829
5.829
5.829
5.829
5.829
5.829
5.829
5.829
5.829
5.829
5.829
5.829
5.829
5.829
5.829
5.829
5.829
5.829
5.829
5.829
5.829
5.829
5.829
5.829
5.829
5.829
5.829
5.829
5.829
5.829
5.829
5.829
5.829
5.829
5.829
5.829
5.829
5.829
5.829
5.829
5.829
5.829
5.829
5.829
5.829
5.829
5.829
5.829
5.829
5.829
5.829
5.829
5.829
5.829
5.829
5.829
5.829
5.829
5.829
5.829
5.829
5.829
5.829
5.829
5.829
5.829
5.829
5.829
5.829
5.829
5.829
5.829
5.829
5.829
5.829
5.829
5.829
5.829
5.829
5.829
5.829
5.829
5.829
5.829
5.829
5.829
5.829
5.829
5.829
5.829
5.829
5.829
5.829
5.829
5.829
5.829
5.829
5.829
5.829
5.829
5.829
5.829
5.829
5.829
5.829
5.829
5.829
5.829
5.829
5.829
5.829
5.829
5.829
5.829
5.829
5.829
5.829
5.829
5.829
5.829
5.829
5.829
5.829
5.89
9.619
15.7
16.87
17.38
17.87
18.26
18.68
18.82
18.97
19.04
19.14
19.29
19.34
19.46
19.53
19.58
19.73
19.73
19.85
20.0
20.12
20.12
20.29
17.55
15.04
16.24
17.33
19.48
20.26
20.29
19.7
19.51
19.53
19.56
19.56
19.46
18.14
17.53
17.26
15.65
6.458
7.703
14.5
16.58
17.38
17.85
18.21
18.63
18.8
18.95
19.12
19.21
19.34
19.53
19.53
19.65
19.85
19.92
20.12
20.24
20.31
18.6
16.65
17.02
17.5
19.34
20.75
20.85
20.85
20.61
20.14
19.95
17.94
11.49
11.63
16.19
17.26
17.8
18.21
18.65
18.85
19.02
19.14
19.21
19.41
19.51
19.63
19.75
19.73
19.9
20.02
20.26
20.29
18.33
16.19
16.89
17.75
19.29
19.9
20.24
20.21
20.26
20.07
20.02
17.19
14.09
13.33
13.21
13.13
13.16
12.94
7.141
10.78
15.62
16.67
17.26
17.68
17.92
18.21
18.51
18.73
18.9
18.97
18.97
19.14
19.24
19.34
19.51
19.53
19.7
19.73
19.97
20.09
20.09
20.09
19.87
16.33
16.04
16.55
18.75
19.75
19.9
19.7
19.29
19.09
18.97
18.95
18.97
18.92
18.43
17.77
16.19
13.43
6.665
6.274
8.74
15.48
16.92
17.72
17.97
18.38
18.68
18.8
19.02
19.14
19.24
19.34
19.34
19.48
19.53
19.53
19.53
19.6
19.73
19.78
19.92
19.92
20.04
20.12
20.12
20.12
18.6
15.89
16.85
18.14
19.36
19.78
19.92
19.9
19.9
19.78
19.34
19.17
18.68
16.48
15.43
15.11
15.11
8.569
10.42
14.97
15.94
16.63
17.02
14.28
13.4
13.35
10.39
15.53
16.89
15.7
13.62
13.45
13.26
9.692
8.936
9.351
15.28
16.87
13.43
13.06
9.29
14.79
16.8
13.77
12.89
9.119
15.09
16.75
14.09
12.87
9.668
13.6
16.6
14.84
12.87
9.497
15.31
16.72
12.89
12.02
8.923
15.65
17.21
17.87
18.24
18.68
19.02
19.19
19.38
19.51
19.58
19.73
19.8
19.75
19.8
19.92
20.07
20.12
20.14
20.12
19.02
16.75
18.29
19.26
20.09
20.29
20.29
20.29
20.24
20.09
19.43
18.12
15.75
15.01
14.92
14.92
14.6
7.458
10.88
15.7
16.6
17.04
17.5
17.77
17.99
18.24
18.43
18.63
18.77
18.85
18.97
18.97
19.21
19.29
19.34
19.51
19.53
19.53
19.58
19.73
19.73
19.78
19.97
20.12
20.12
20.12
17.24
18.02
19.02
19.73
20.09
20.09
19.9
19.7
19.14
19.04
18.09
15.77
14.89
12.4
9.888
11.0
12.82
11.89
16.99
19.14
19.34
18.26
12.11
12.01
11.62
10.11
9.082
10.63
12.32
18.77
18.85
11.87
12.67
16.38
17.14
17.75
18.09
18.46
18.75
18.95
18.97
19.14
19.26
19.34
19.51
19.68
19.73
19.87
20.07
20.12
20.12
16.7
18.75
19.9
19.87
19.68
19.68
19.7
19.41
17.48
16.46
14.38
7.959
10.68
16.14
14.7
18.9
18.16
11.72
9.387
9.436
8.801
15.97
20.17
20.0
14.99
10.33
8.923
9.888
10.17
9.583
12.92
20.17
20.41
16.16
10.3
15.45
16.48
17.07
17.53
17.9
18.04
18.33
18.53
18.77
18.77
18.85
18.97
19.17
19.17
19.17
19.21
19.34
19.34
19.34
19.41
19.53
19.53
19.56
19.73
19.73
19.73
19.92
20.04
20.12
20.12
20.19
17.7
16.55
18.53
19.82
19.9
19.9
19.9
19.9
19.9
19.85
19.46
17.26
16.65
16.58
15.92
11.73
5.908
5.829
5.829
5.829
5.829
5.829
5.829
5.829
5.829
5.829
5.829
5.829
5.829
5.829
5.829
5.829
5.829
5.829
5.829
5.829
5.829
5.829
5.829
5.829
5.829
5.829
5.829
5.829
5.829
5.829
5.829
5.829
