15.06
17.09
16.65
14.79
17.92
16.58
16.41
19.63
18.7
17.38
16.89
15.11
17.36
15.11
14.75
15.41
15.33
15.82
16.87
11.77
19.68
29.98
30.47
30.86
32.03
31.4
25.29
15.53
16.85
19.43
19.19
22.39
22.31
21.22
18.16
15.55
13.21
18.92
14.97
12.16
10.96
14.45
15.31
14.58
16.97
13.06
12.06
12.18
12.77
17.26
13.38
14.5
16.02
17.07
19.46
17.5
16.77
17.53
17.36
20.51
19.07
22.29
19.7
18.43
20.0
21.73
18.95
16.53
15.14
12.12
14.45
17.26
16.41
17.29
16.24
19.65
22.22
21.68
20.87
20.78
14.62
14.23
14.04
10.62
10.47
11.76
10.34
17.53
12.72
15.7
10.79
13.96
11.34
10.41
15.28
13.96
13.75
19.7
17.7
17.75
24.39
19.92
19.7
21.78
19.43
17.11
17.58
17.92
15.21
19.26
15.92
14.04
11.89
10.08
12.5
11.8
11.08
11.44
15.89
13.33
13.28
20.61
13.89
19.63
22.97
23.17
20.04
18.04
16.33
14.79
13.33
11.57
9.766
13.06
10.25
11.56
12.04
10.18
9.082
10.94
8.167
8.325
9.009
10.19
9.912
14.31
16.7
15.01
16.28
19.38
21.73
19.53
19.43
18.55
15.04
16.16
18.07
20.0
19.53
19.04
17.68
18.19
16.58
16.14
12.17
11.32
12.13
11.39
9.839
13.77
11.94
13.38
14.38
13.31
16.04
14.92
18.21
18.24
15.92
17.19
16.89
19.17
16.09
20.9
21.19
20.53
18.53
16.77
17.04
15.31
18.6
16.04
18.87
15.26
17.38
16.92
20.09
20.63
18.46
20.68
15.36
23.1
22.9
19.7
18.36
18.9
17.85
16.38
17.53
18.02
18.55
17.97
19.29
18.85
19.46
16.14
16.16
18.14
18.48
17.31
18.8
17.65
13.62
14.01
15.87
14.82
15.38
10.1
9.351
13.65
10.55
10.22
10.95
8.557
9.57
9.314
10.88
11.96
13.06
14.11
14.21
15.72
17.24
17.36
20.65
21.24
19.46
17.21
17.65
20.85
23.17
18.9
20.43
20.41
19.75
18.21
17.46
16.5
13.87
13.67
13.11
11.45
14.97
17.9
17.99
20.56
20.02
19.31
21.17
20.31
22.29
20.56
19.87
19.21
18.9
15.38
14.72
14.5
16.6
15.21
14.62
20.21
19.17
22.09
17.92
15.84
17.55
17.63
16.38
19.68
20.12
19.12
17.53
19.7
18.7
16.65
20.07
20.68
20.29
20.92
18.58
20.43
16.55
15.94
21.02
16.04
19.7
16.89
20.46
14.28
10.23
13.89
11.77
15.72
15.7
15.62
14.92
14.75
18.77
20.9
21.63
23.63
22.63
24.51
15.06
19.38
22.61
16.24
21.19
19.92
20.85
19.85
21.26
19.58
21.58
18.41
18.7
15.43
16.53
16.75
14.87
18.77
20.83
21.46
19.97
20.0
16.99
16.75
14.92
16.94
16.92
12.72
13.77
18.41
21.66
20.29
18.33
15.99
15.84
16.7
14.04
14.36
17.41
16.77
16.72
19.82
19.9
18.92
21.95
21.04
20.02
18.07
16.38
14.01
13.57
16.65
18.58
17.6
17.43
17.85
14.99
17.46
20.39
18.43
11.15
20.51
22.83
23.51
18.26
16.8
22.29
20.51
20.48
24.66
24.88
17.7
14.89
14.33
16.14
12.07
12.04
12.77
11.54
12.07
8.887
10.69
12.79
13.11
10.47
13.89
15.01
18.33
18.6
18.8
20.87
17.04
18.46
20.48
20.8
21.85
20.78
21.95
22.78
18.58
19.8
18.77
18.63
18.09
16.31
16.97
14.18
13.99
9.326
10.11
13.99
12.48
14.5
15.6
14.75
13.6
12.6
13.53
13.33
13.62
13.62
14.55
15.19
13.99
15.06
13.57
14.21
13.4
12.52
10.97
5.45
7.8
7.971
10.39
11.99
15.82
16.28
16.11
18.04
14.65
17.8
16.85
18.65
17.09
18.24
16.82
17.9
18.38
18.38
15.01
14.43
13.09
13.6
12.1
13.04
12.52
11.27
11.43
15.41
17.24
14.67
14.33
11.46
12.67
14.79
13.67
14.97
13.7
16.87
22.85
19.21
23.0
31.88
25.0
20.63
22.78
19.82
19.26
10.88
10.08
7.361
8.533
9.509
10.21
12.38
11.73
11.69
12.46
15.09
14.11
13.53
12.67
12.22
11.62
12.43
13.18
9.973
10.31
11.67
11.95
10.5
10.4
9.839
9.924
10.88
14.89
18.7
19.26
19.87
19.58
14.75
15.16
15.14
15.84
16.85
15.14
15.53
15.92
16.21
16.26
17.94
17.29
16.6
18.6
17.7
19.43
19.12
17.29
16.82
16.72
20.0
16.43
17.87
17.97
17.8
19.75
18.55
19.9
19.8
17.53
18.75
18.7
17.55
18.19
22.05
21.29
17.72
22.09
20.46
19.48
13.38
13.92
10.93
17.16
21.83
18.92
19.02
17.63
19.7
17.55
17.43
18.87
16.28
16.16
12.77
13.09
16.31
17.8
15.72
9.875
9.277
10.47
10.88
9.912
8.74
7.996
9.949
10.01
11.41
12.1
11.6
14.89
16.99
19.38
19.87
23.34
22.49
22.0
18.36
22.63
26.61
20.87
20.34
16.33
14.58
16.72
15.01
14.75
17.16
14.89
15.11
15.48
14.06
13.77
15.53
16.67
18.8
18.82
18.51
18.7
14.21
16.19
20.02
19.68
15.99
14.26
17.99
14.89
15.28
13.99
14.26
15.99
14.82
18.36
18.24
20.68
19.04
16.26
13.5
13.7
13.87
12.52
15.11
13.67
9.241
9.07
11.07
14.84
14.53
8.936
11.08
14.18
13.62
16.65
15.09
15.41
11.18
16.7
13.16
19.87
21.07
18.19
14.48
14.26
23.75
21.68
22.24
22.14
18.51
16.85
20.29
15.14
14.89
14.65
15.5
12.99
18.48
13.57
13.23
13.38
11.25
13.75
12.6
15.16
14.14
18.8
18.31
18.04
20.02
23.97
23.22
23.46
22.02
21.44
20.09
20.85
19.82
19.12
19.97
18.92
17.6
15.26
17.02
14.09
14.26
11.51
10.35
12.32
13.77
13.5
14.58
16.14
15.48
17.6
17.36
15.62
14.14
16.06
15.48
16.53
14.36
13.77
15.11
14.48
13.23
16.55
14.43
13.75
13.75
5.731
6.689
10.97
11.93
14.09
16.63
17.33
16.09
18.02
16.94
18.02
12.13
13.45
18.19
20.83
18.99
21.12
20.41
20.92
22.02
21.34
20.07
17.63
20.14
16.16
13.99
17.04
16.58
19.9
16.63
15.04
19.51
16.48
19.17
17.63
16.8
14.55
10.25
13.65
12.67
12.39
12.74
10.64
13.6
12.87
13.11
13.57
12.5
12.26
15.55
17.87
20.75
19.75
21.9
18.33
16.43
23.46
17.24
13.65
12.5
9.058
7.471
9.29
9.106
8.667
8.459
7.288
8.582
7.214
7.202
7.471
10.08
10.67
12.41
16.94
14.89
15.89
16.24
19.65
21.0
20.97
20.43
19.12
18.02
16.97
19.58
20.34
20.12
18.04
15.26
12.49
11.76
17.53
