8.899
8.655
8.948
9.546
8.923
9.68
17.53
20.63
20.68
18.29
17.02
11.89
8.948
12.62
19.41
20.85
20.26
17.92
10.47
8.313
8.521
8.789
9.167
8.752
8.704
8.826
8.85
8.948
8.655
8.74
8.801
8.838
8.85
8.948
9.46
19.48
20.43
18.97
18.97
18.97
18.48
18.19
18.26
18.63
16.8
15.28
11.89
8.813
8.923
8.557
8.716
8.777
8.838
12.29
16.92
17.92
18.53
17.48
14.94
12.13
8.899
8.765
15.16
17.36
18.14
18.68
16.53
15.21
12.45
19.75
20.07
13.48
19.41
20.09
16.99
20.56
15.65
16.02
17.5
18.29
18.38
15.89
15.04
10.11
16.28
17.58
18.14
18.58
16.48
14.55
11.13
14.14
17.24
18.07
18.51
15.97
14.72
10.3
8.679
8.96
10.13
15.6
16.87
17.94
18.6
17.07
15.55
11.56
9.29
9.045
10.85
16.7
17.94
18.55
16.92
14.87
11.52
9.387
9.033
9.119
18.07
20.09
13.13
20.51
17.87
9.473
9.68
9.412
11.79
20.63
19.19
9.583
9.448
9.229
12.23
17.02
18.09
18.68
17.8
15.8
13.45
8.862
11.51
20.65
18.46
10.77
9.399
9.375
9.558
9.68
9.18
9.473
15.19
20.8
14.97
19.12
20.14
9.949
10.8
16.63
17.9
18.53
17.31
15.23
12.87
9.07
9.436
9.021
9.29
9.18
13.04
20.8
17.33
9.473
17.85
20.51
19.07
12.7
9.302
9.338
9.802
9.363
16.06
20.65
20.83
19.58
18.43
9.387
6.787
9.033
9.229
9.326
9.167
15.77
20.56
20.78
20.26
17.31
13.38
10.61
18.04
20.85
20.73
19.14
16.19
15.14
20.41
20.85
19.95
18.26
16.75
9.412
7.263
9.143
9.167
9.241
11.24
18.97
20.83
20.75
18.63
11.84
16.53
20.75
20.85
20.07
11.29
9.167
9.143
9.058
6.787
6.604
6.604
6.604
6.604
6.604
7.874
9.509
9.131
9.021
8.85
9.058
13.96
19.9
20.83
20.83
18.48
17.09
10.42
9.143
9.387
9.241
10.28
10.4
17.38
20.73
20.83
19.31
14.6
6.812
7.581
13.65
20.02
20.85
20.46
18.97
18.68
12.28
19.65
20.85
20.02
18.38
17.14
10.14
10.33
17.8
20.85
20.85
18.8
12.67
6.75
6.604
6.604
6.604
7.3
8.923
9.253
9.29
8.923
8.96
9.314
9.351
10.44
17.11
20.73
20.73
20.39
18.63
18.41
14.18
8.997
7.532
6.604
6.604
6.604
6.604
6.604
6.604
6.604
8.118
13.77
19.92
20.8
20.85
18.6
10.82
8.911
9.534
9.265
9.18
8.96
8.85
14.04
19.53
20.8
20.85
18.87
14.75
6.726
6.604
6.604
6.604
6.604
6.97
8.728
14.38
20.65
20.83
19.92
18.09
14.6
8.691
8.521
8.716
8.643
8.459
8.643
8.533
12.77
18.75
20.78
20.85
19.09
18.31
9.839
6.604
6.604
8.179
8.984
9.973
10.16
8.618
8.472
8.667
8.777
13.89
16.8
17.46
17.8
18.24
18.41
18.51
18.73
18.95
19.14
19.34
19.48
19.56
19.63
19.75
19.82
19.92
19.95
20.12
20.14
20.17
20.31
20.31
20.46
20.63
20.7
20.7
20.7
18.02
19.68
20.85
20.85
20.75
20.63
20.21
18.7
18.19
18.16
16.6
11.11
14.4
16.72
17.43
17.9
18.36
18.68
19.02
19.31
19.43
19.65
19.75
19.75
19.92
19.92
20.09
20.14
20.17
20.14
20.31
20.31
20.39
20.58
20.7
20.7
20.7
19.63
17.9
19.31
20.78
20.87
20.8
20.65
20.68
19.6
18.24
18.09
18.02
17.63
14.99
10.01
15.31
16.65
17.36
17.87
18.33
18.63
18.99
19.24
19.36
19.36
19.51
19.56
19.56
19.75
19.75
19.75
19.85
19.95
19.95
19.95
20.12
20.14
20.14
20.14
20.26
20.34
20.34
20.34
20.34
20.34
20.56
20.73
20.7
20.73
20.7
20.7
20.73
19.73
17.5
19.02
20.09
20.73
20.87
20.8
20.68
20.63
20.43
20.02
18.55
17.55
17.41
16.89
16.58
14.11
8.74
14.62
16.6
17.24
17.72
18.02
18.33
18.58
18.6
18.8
18.97
19.17
19.24
19.36
19.51
19.56
19.56
19.65
19.73
19.75
19.8
19.95
19.95
20.0
20.12
20.12
20.14
20.12
20.14
20.31
20.31
20.34
20.31
20.36
20.51
20.53
20.61
20.7
20.73
20.7
20.7
20.61
17.24
18.46
19.8
20.7
20.87
20.73
20.34
20.29
20.19
18.97
17.85
17.82
17.82
17.02
15.5
12.19
14.04
15.53
16.24
16.77
17.16
17.24
14.62
13.55
13.53
13.72
13.38
10.34
14.89
15.82
16.48
16.92
17.21
17.19
13.99
13.21
13.65
13.55
13.04
11.23
15.21
16.26
16.8
17.07
15.06
13.35
13.38
13.09
13.45
18.31
19.73
20.0
18.24
17.16
16.24
16.09
16.8
17.24
15.97
15.7
15.7
15.62
14.4
19.73
19.73
18.41
15.87
10.49
8.936
13.53
16.7
17.68
18.41
18.73
18.99
19.26
19.41
19.56
19.75
19.75
19.75
19.8
19.95
19.95
19.97
20.14
20.12
20.14
20.21
20.34
20.31
20.34
20.31
20.34
20.43
20.51
20.63
20.7
20.7
20.7
20.7
17.99
18.77
20.34
20.65
20.65
20.65
20.68
20.61
20.12
19.17
18.9
17.8
10.62
15.8
17.55
18.07
18.41
18.65
18.9
19.24
19.43
19.53
19.58
19.75
19.75
19.85
19.92
19.95
20.04
20.14
20.12
20.21
20.34
20.34
20.34
20.36
20.51
20.53
20.53
20.53
20.68
20.7
20.7
20.73
20.7
18.53
19.68
20.7
20.87
20.87
20.58
20.48
20.48
19.36
17.75
17.63
17.14
16.99
12.41
12.27
10.06
12.26
13.06
16.36
19.82
19.92
19.04
16.43
11.46
16.02
17.24
18.09
18.63
19.09
19.31
19.48
19.6
19.73
19.9
20.02
20.12
20.26
20.31
20.34
20.31
20.46
20.61
20.7
20.7
20.19
18.14
19.97
20.85
20.85
20.85
20.87
20.61
19.73
19.46
18.95
10.75
9.656
9.29
9.265
9.436
9.863
9.387
9.717
9.827
9.583
9.595
16.48
17.87
18.48
18.85
19.24
19.48
19.53
19.73
19.75
19.87
19.95
20.12
20.31
20.31
20.31
20.41
20.7
20.7
20.73
20.73
20.7
20.7
18.58
18.82
20.46
20.8
20.65
20.65
20.68
19.95
18.02
17.38
17.24
13.67
8.228
9.351
9.253
9.338
9.338
9.106
9.314
9.473
8.972
9.192
9.302
10.11
19.43
20.85
19.75
18.63
12.1
9.07
7.104
6.604
6.604
6.604
6.604
6.604
6.604
6.604
6.604
6.604
6.604
6.604
6.604
6.604
6.604
6.604
6.604
6.604
6.604
6.604
6.665
9.534
10.55
9.277
9.424
9.668
10.79
9.644
13.21
20.65
20.7
