12.84
17.11
15.11
13.53
13.84
14.77
15.19
15.26
17.92
20.95
22.97
13.89
15.38
4.98
0.1432
0.05465
0.02346
0.02604
0.02346
0.02604
0.02346
0.02604
0.02604
8.545
12.02
12.65
5.573
10.78
10.21
11.13
12.13
9.619
14.04
8.765
22.02
21.83
33.25
37.4
35.79
24.71
13.67
22.71
22.12
20.46
7.068
13.96
10.63
23.88
28.47
28.08
26.71
26.66
27.15
18.04
35.94
29.2
13.96
10.08
15.65
18.95
17.24
23.61
10.29
18.6
21.07
29.15
32.71
30.96
29.1
17.75
20.46
22.83
17.8
16.09
14.79
16.11
17.65
28.66
15.6
18.16
22.09
23.83
24.44
25.05
23.85
24.34
16.99
22.31
23.51
17.48
13.01
18.92
20.61
24.83
23.0
24.56
25.98
17.92
16.87
19.65
23.07
13.11
14.62
14.09
14.14
15.45
16.58
16.63
18.26
15.67
8.948
22.68
25.54
27.59
27.05
25.59
22.02
18.53
21.26
20.12
14.43
11.18
16.97
14.72
16.46
18.24
19.14
19.53
13.21
13.55
11.94
21.04
22.09
22.92
24.58
26.76
27.54
18.77
21.61
18.02
19.02
15.26
19.36
23.07
22.34
12.77
16.14
15.67
14.99
16.31
16.04
18.75
18.85
18.29
14.87
25.83
28.08
20.83
12.62
21.66
19.87
19.34
22.0
23.78
24.58
22.68
19.97
27.69
24.83
15.87
21.29
24.44
20.87
14.33
14.72
11.72
13.79
13.75
15.84
17.55
15.89
16.09
17.41
18.75
7.568
0.5363
0.1616
0.6149
15.67
16.36
18.85
20.92
19.8
10.74
16.06
13.62
12.13
20.02
22.75
18.53
15.11
14.53
15.09
17.19
19.68
24.85
4.248
0.5676
0.1041
0.02604
0.02604
0.5051
13.89
11.9
15.99
14.36
13.09
15.8
14.99
18.48
19.17
19.26
13.89
13.82
15.01
15.67
21.63
27.2
18.77
12.77
0.4326
0.0885
0.02079
0.02604
0.02604
0.4326
13.77
13.72
13.72
14.06
6.982
7.471
15.38
3.473
3.448
15.5
12.48
14.23
14.09
17.29
27.83
28.86
17.41
17.68
0.349
0.09375
0.02604
0.02604
0.02604
0.4951
16.53
14.67
15.84
15.8
17.77
18.41
14.72
14.23
16.67
13.87
14.06
14.21
20.83
25.49
25.44
13.89
15.82
17.5
16.8
28.61
12.06
0.7133
0.2605
0.354
14.48
15.5
15.87
8.386
11.68
14.62
15.53
24.19
29.3
13.7
12.13
3.992
16.09
23.02
27.2
20.04
17.58
8.118
0.1562
0.06247
0.02604
0.02604
0.02604
0.2811
15.11
14.33
12.01
2.792
14.84
14.14
28.12
33.06
21.09
31.74
31.01
18.9
15.65
16.02
14.21
13.72
16.63
3.772
0.1354
0.04692
0.02604
0.02604
0.02604
0.1562
13.16
15.11
12.74
16.53
15.77
15.41
15.77
13.99
20.17
22.02
21.78
15.67
12.44
14.82
12.11
12.7
14.58
4.242
0.1562
0.05732
0.02604
0.02604
0.02604
0.03128
13.99
17.26
15.65
18.51
17.26
15.94
11.96
14.16
14.43
15.84
15.28
15.89
18.14
12.7
11.63
11.51
13.84
13.11
12.67
13.89
15.99
15.67
25.29
11.85
22.34
30.13
37.01
37.26
35.4
35.06
33.84
32.71
33.3
31.05
29.39
31.2
34.28
34.18
34.47
33.4
34.42
31.45
28.47
18.29
6.036
10.39
12.79
19.04
20.63
23.32
23.66
19.21
19.48
18.07
20.87
18.33
18.92
14.84
11.38
3.235
23.66
23.66
25.98
37.55
35.45
33.3
32.13
30.66
32.52
34.03
37.35
35.35
33.4
34.91
34.57
34.62
33.89
31.1
31.35
23.34
12.4
16.97
22.92
26.32
23.49
19.53
13.67
23.05
25.29
23.68
19.48
17.38
8.838
12.82
26.32
33.84
31.01
31.15
31.3
37.11
37.01
33.25
31.45
29.98
29.69
31.25
36.96
35.6
36.47
34.91
33.74
32.96
26.71
13.45
22.29
28.96
23.68
24.73
29.98
27.73
22.27
20.56
19.87
19.46
2.246
3.043
20.09
22.02
22.41
23.34
25.39
25.73
25.98
33.2
32.81
35.99
34.91
33.89
30.71
31.88
30.91
28.56
26.51
25.63
25.34
25.88
26.95
28.32
20.09
9.546
19.6
26.51
20.7
13.77
19.21
19.87
14.58
15.41
15.53
16.28
15.55
14.94
21.17
7.874
3.265
23.36
25.29
28.22
30.27
30.27
29.49
29.35
29.83
35.35
35.01
32.62
30.91
33.15
35.06
33.3
33.01
33.4
33.01
36.52
33.01
9.509
14.79
21.29
24.29
17.19
24.95
23.27
23.73
20.46
16.97
16.26
13.67
15.21
10.73
7.434
20.24
22.17
28.42
25.24
23.63
21.83
27.15
27.98
15.48
22.53
37.16
21.12
19.46
22.8
21.14
34.81
23.14
18.38
38.48
36.04
17.31
22.17
19.9
16.5
21.0
23.88
18.82
32.08
20.73
31.15
36.18
29.98
23.75
28.42
36.72
22.58
35.79
13.87
34.38
33.74
15.82
26.66
21.07
23.46
32.13
14.67
17.24
23.51
30.86
23.73
25.54
8.765
29.25
38.87
39.36
38.77
37.74
36.08
35.11
34.77
34.42
37.06
36.18
33.74
32.81
32.76
33.5
34.13
33.89
25.59
10.5
17.26
21.97
28.27
27.93
30.03
27.69
23.17
23.68
17.21
21.95
2.979
19.53
25.88
36.96
36.52
36.82
34.57
34.33
33.35
33.06
34.72
35.89
37.45
38.38
36.72
35.64
34.86
34.62
36.04
10.85
6.47
17.97
34.28
32.76
31.59
35.69
30.13
29.79
26.66
5.334
12.26
21.48
22.56
21.92
26.07
29.64
32.91
35.01
35.55
34.91
35.16
37.5
34.81
33.84
35.3
35.01
33.84
32.91
33.4
38.48
15.72
23.07
29.83
32.03
33.2
32.57
28.56
31.98
29.83
11.4
13.06
16.02
15.84
15.75
16.99
18.58
18.29
19.73
11.51
22.49
20.58
31.45
33.64
20.36
18.12
14.33
29.35
36.04
34.08
33.98
39.06
36.47
35.74
39.31
37.5
35.5
34.67
31.45
30.08
29.88
29.93
30.42
30.66
31.79
19.46
12.28
22.85
31.01
31.59
32.71
32.03
25.2
28.71
24.78
10.68
15.77
15.01
16.46
20.83
17.9
22.41
35.06
30.71
15.43
15.89
13.45
14.55
17.5
20.61
20.0
15.48
15.62
19.31
21.12
22.51
14.33
16.38
17.36
24.44
35.16
18.19
18.33
14.21
20.75
26.76
26.66
14.28
15.62
27.15
31.4
18.51
15.8
15.55
13.75
26.76
31.1
23.24
0.9064
0.4585
0.03643
14.33
14.06
15.8
16.11
15.41
14.4
14.04
18.46
16.6
18.73
24.56
27.0
17.5
14.62
15.58
15.04
26.46
29.54
24.19
1.135
0.4738
0.05207
0.02604
0.02079
0.02604
0.02604
0.02604
0.02079
0.03128
0.02079
0.02604
0.02604
0.02604
0.02079
0.03128
0.02079
0.02604
0.02079
7.117
13.31
21.56
19.85
21.19
20.8
17.21
20.19
25.24
27.78
30.03
