34.96
21.07
19.92
17.19
4.913
16.14
22.09
32.18
30.42
14.79
19.85
26.37
33.54
16.43
0.8118
0.2762
0.02604
0.02604
0.02079
0.02604
0.02604
0.02604
4.272
29.39
33.79
18.77
16.16
11.43
12.62
18.09
13.26
15.28
14.5
13.06
36.08
37.3
37.74
38.09
33.11
34.91
20.14
26.32
37.99
37.74
37.84
34.42
36.82
23.27
17.55
13.84
37.11
38.23
39.06
35.6
39.36
27.54
15.45
10.52
35.89
38.57
37.99
38.09
34.42
33.35
11.6
36.77
38.43
36.33
34.18
33.94
32.52
27.54
30.91
16.31
13.38
36.87
37.55
37.4
33.89
37.11
23.36
11.02
30.91
37.99
36.91
37.26
35.79
30.96
15.14
36.87
36.91
35.89
32.03
36.28
23.19
25.29
32.71
22.31
14.09
31.69
36.91
37.35
36.82
34.33
30.96
24.73
31.79
25.05
16.26
16.31
18.38
35.06
34.13
33.2
29.88
27.49
29.74
17.55
15.23
15.04
20.53
31.4
20.0
18.82
14.82
17.33
17.65
3.619
22.92
37.35
37.16
37.5
34.86
35.3
14.7
29.25
37.84
38.28
37.06
35.3
34.08
22.24
17.55
25.44
33.64
29.49
17.65
12.35
37.94
38.38
38.62
34.18
37.4
21.9
20.58
38.43
38.28
38.18
33.45
32.76
17.16
20.9
35.6
35.06
34.08
29.98
34.72
24.54
18.07
18.04
17.26
27.2
28.47
19.24
18.87
18.51
25.78
30.66
25.54
15.75
15.75
17.63
0.2396
0.1249
0.03128
0.02079
0.02604
0.02604
0.02604
0.02079
0.02604
6.36
26.9
27.44
12.43
14.18
9.949
14.84
14.01
17.8
18.68
15.11
15.43
15.89
15.62
1.381
0.1459
0.03643
0.02604
0.02079
0.02604
0.02604
0.02604
0.02604
0.02604
3.815
24.02
34.81
24.1
34.23
31.15
14.09
13.99
14.01
15.72
18.31
30.62
28.81
10.49
0.6149
6.592
0.1146
0.09899
0.02604
0.02604
0.02604
0.02604
0.02604
0.02604
0.2762
16.75
22.78
33.89
25.29
16.89
23.19
34.47
29.49
30.27
35.25
19.26
18.29
16.77
11.22
0.1511
0.06771
0.02604
0.02604
0.02604
0.02079
0.02604
0.02604
0.02604
0.02079
9.058
11.46
9.839
13.72
11.16
6.11
0.1667
9.058
15.84
29.39
33.25
9.766
22.83
33.35
28.32
0.885
0.4112
0.03643
0.02604
0.02079
0.02604
0.02604
0.02079
18.36
35.21
21.68
17.75
11.63
13.87
12.92
11.83
15.77
23.95
34.33
16.31
19.07
13.45
11.65
0.1616
0.09375
0.02604
0.02604
0.02079
0.02604
0.02604
0.02079
0.02604
0.02079
0.02604
0.02604
0.02079
0.9949
9.68
0.09899
0.06771
0.02079
0.02079
0.02079
0.02604
0.02079
0.02604
0.02604
0.02604
0.02604
0.02079
0.02604
0.02604
0.02079
0.02604
0.02604
0.02604
0.02079
0.02604
0.02604
0.02604
0.02079
0.02604
0.02604
0.02604
0.02079
0.02604
0.02604
0.02604
0.02079
0.02604
0.02604
0.02604
0.02079
0.02604
0.02079
0.02604
0.02079
0.02604
0.02079
0.02604
0.1511
10.73
9.058
0.1459
11.38
30.32
38.33
37.4
38.18
38.38
38.23
36.91
37.3
37.79
37.7
38.18
38.18
38.48
38.67
38.09
28.42
39.01
39.4
39.89
35.6
33.74
32.28
15.94
37.65
37.26
31.64
29.15
22.56
27.93
33.4
33.15
29.49
30.08
10.03
29.69
32.28
32.32
32.62
32.23
32.62
33.01
32.52
32.62
32.52
32.57
32.76
30.86
28.96
27.69
27.49
26.37
24.49
20.78
29.0
28.03
32.03
32.96
30.08
28.32
26.66
23.05
17.04
32.86
29.49
33.15
32.86
32.76
33.15
33.15
32.62
32.13
32.67
32.81
32.67
32.91
33.15
33.45
33.45
31.49
17.63
19.56
21.0
37.84
38.92
34.86
32.71
32.37
9.949
38.67
38.48
38.53
38.82
38.53
38.87
38.57
38.18
38.57
39.01
38.38
36.08
34.13
36.77
38.87
27.93
39.5
39.84
39.94
35.45
34.86
33.11
11.74
38.62
38.53
38.67
38.38
37.55
38.04
35.6
34.57
34.13
38.13
37.79
38.23
38.33
38.33
38.28
29.35
39.4
39.65
39.36
33.5
30.76
33.3
14.09
40.04
39.6
39.79
38.53
36.28
35.11
37.74
37.5
35.35
39.5
39.6
39.6
38.23
38.48
35.4
35.06
41.02
40.97
38.57
35.5
35.45
16.99
30.37
30.81
30.81
29.88
30.08
29.83
29.44
34.28
33.3
33.3
33.4
32.13
30.32
30.57
29.93
28.96
28.66
29.69
28.61
17.33
18.55
18.58
18.85
20.21
25.34
26.76
26.22
26.17
28.42
22.22
16.97
21.48
23.88
21.53
26.22
20.8
13.79
23.58
26.86
28.71
23.32
23.14
25.05
14.04
19.24
20.73
23.07
17.29
17.09
25.2
28.12
30.42
11.46
22.92
23.44
23.93
24.49
19.7
22.61
22.22
14.33
20.31
36.47
33.69
20.41
38.77
33.84
37.6
8.081
34.81
34.86
35.01
34.18
31.79
33.69
34.18
36.04
34.72
35.89
36.08
34.42
37.89
37.99
37.94
37.11
27.98
36.57
36.18
37.45
36.23
29.88
29.35
31.1
12.07
37.84
37.4
37.55
37.5
34.47
31.84
28.61
35.64
35.25
31.79
36.96
38.38
37.4
37.94
38.09
33.84
33.74
38.62
38.92
37.6
33.11
32.96
27.73
15.21
36.52
37.6
37.4
37.89
37.5
37.5
37.6
38.04
37.7
38.48
36.13
33.54
34.67
33.69
36.62
37.7
28.96
38.92
37.26
36.08
32.47
31.2
31.4
30.81
14.89
37.55
37.35
37.7
38.62
39.79
39.7
39.01
38.09
37.4
38.96
38.72
38.23
38.72
38.96
31.1
32.62
34.03
38.09
38.13
31.84
33.89
32.71
15.55
33.3
17.5
31.64
7.764
26.03
27.15
21.09
19.78
26.66
22.44
17.41
17.19
15.23
15.26
14.53
15.26
13.82
16.65
7.617
21.53
29.44
31.01
33.54
33.25
31.84
30.96
31.25
28.03
31.4
33.45
33.25
33.06
33.45
33.54
31.74
29.79
30.47
33.94
35.11
39.21
38.87
38.38
34.08
33.79
31.15
19.56
21.19
21.61
21.07
9.607
36.13
34.52
33.15
34.28
38.62
39.01
39.21
38.92
38.38
38.43
36.57
35.55
38.82
39.06
39.01
28.81
39.01
39.79
39.16
33.3
29.59
32.28
24.85
21.17
26.12
33.84
29.74
18.75
18.26
21.85
32.86
33.84
19.17
17.48
19.19
17.87
20.24
17.7
18.77
22.49
32.62
34.03
16.63
9.766
18.85
33.4
31.1
1.297
0.547
0.05207
0.02604
6.097
12.26
18.51
13.09
17.07
19.97
16.6
17.87
24.85
33.25
26.03
19.58
18.77
18.07
14.48
21.58
28.03
31.35
8.057
0.7133
0.1875
0.02604
0.02604
0.02604
0.02604
0.02604
0.02604
0.03128
0.02079
0.03128
0.02604
0.02604
0.02604
0.02604
0.02604
0.02604
0.02604
0.03128
0.02604
0.02604
0.02604
11.88
17.53
21.26
19.78
19.68
21.92
21.29
18.8
