0.0
0.0
0.0
2.097
0.0009537
0.0008583
0.0009537
0.0007629
0.0008583
0.0009537
0.0008583
0.0008583
0.0008583
0.0007629
0.0008583
0.0008583
0.002003
0.001144
0.0007629
0.001049
0.0008583
0.0008583
0.0007629
0.0009537
0.0007629
0.0007629
0.0008583
0.0008583
0.001049
0.0009537
0.0009537
0.0009537
0.0008583
0.001144
0.0007629
0.001144
0.0009537
0.001144
0.0007629
0.0009537
0.0008583
0.0008583
0.001049
0.0008583
0.0007629
0.0009537
0.0007629
0.0007629
0.0008583
0.001144
0.0009537
0.001526
0.001526
0.002384
0.0005722
0.0
