0.0
0.0
9.537e-05
0.0
0.0
0.0
0.0
0.0
0.0
0.0
0.0
0.0
0.0
0.0
0.0
0.0001907
0.0
9.537e-05
0.0
0.0
0.0
0.0
0.0
0.0
0.0
0.0
0.0
0.0
0.0
0.0
0.0003815
0.0
0.01335
0.05789
1.675
1.971
1.932
1.831
1.395
1.016
3.278
4.541
3.436
2.823
0.6561
0.1562
0.165
0.293
0.1505
0.1953
1.068
1.846
2.014
1.813
2.005
2.136
6.25
3.986
2.368
0.5722
0.1469
0.2605
0.1692
0.9735
1.733
2.011
1.92
1.709
1.43
6.042
3.485
2.875
0.5226
0.1406
0.6882
0.4021
0.666
0.1289
0.1297
0.3731
0.1377
0.4021
0.1354
0.1175
0.3696
0.1406
0.1289
1.341
1.73
1.932
1.776
1.855
4.114
4.504
3.741
1.63
0.1486
0.1886
0.2064
0.5096
0.1421
0.1493
0.3597
0.3078
0.2777
0.1381
0.1114
0.3242
0.168
0.3513
1.015
1.874
2.139
2.173
1.401
1.956
5.53
3.516
1.59
0.4471
0.4211
0.5165
0.5775
1.675
1.904
1.959
1.617
1.447
1.43
3.357
5.194
2.716
2.551
1.334
0.07772
1.088
1.471
1.534
1.77
2.02
1.511
2.67
5.359
3.278
1.855
0.6401
0.3323
0.3307
0.9766
1.846
1.794
2.017
1.476
1.92
2.133
6.042
2.881
2.255
0.8362
0.3426
1.431
1.984
1.584
1.457
1.434
1.642
4.272
3.204
3.314
1.639
0.6981
0.415
0.3712
0.1078
0.1019
0.2586
0.3361
0.2354
0.1377
0.07591
0.2544
0.1968
9.537e-05
0.0008583
0.0
0.0
0.0
0.002766
0.1856
0.301
0.2064
0.2842
0.1991
0.2533
0.3635
0.2384
0.119
0.07982
0.333
0.1493
0.3136
0.3872
0.2365
0.3609
0.2567
0.1186
0.1108
0.3323
0.06256
0.0003815
0.0
0.003433
0.288
0.3822
0.09575
0.1066
0.2258
0.2174
0.3387
0.2953
0.04845
0.1186
0.08364
0.296
0.1411
0.4379
0.2464
0.1291
0.09298
0.2937
0.1139
9.537e-05
0.0
0.0
9.537e-05
9.537e-05
0.2445
0.2144
0.2193
0.1669
0.1055
0.3551
0.3342
0.0968
0.07019
0.08478
0.3128
0.1732
0.5241
0.4478
0.145
0.1232
0.1038
0.3033
0.1106
0.0001907
0.0
0.0
0.0
0.004482
0.5493
0.2186
0.2041
0.1383
0.0001907
0.01001
0.4364
0.1389
0.1057
0.3036
0.1881
0.4272
0.1259
0.09413
0.2396
0.2029
0.2048
0.2739
0.0002861
9.537e-05
0.0
0.0
0.0
0.0
0.3586
0.1841
0.2132
0.795
0.2007
0.3712
0.4288
0.3025
0.3464
0.2701
0.2716
0.1263
0.1019
0.3387
0.1764
0.3429
0.1095
0.09842
0.3197
0.06399
0.0004768
0.0001907
0.0
0.0
0.3361
0.1171
0.08287
0.2998
0.1207
0.6073
0.3822
0.1202
0.1507
0.3212
0.1854
0.3983
0.1642
0.2392
0.2033
0.14
0.4044
0.5272
0.00124
9.537e-05
0.0
0.0
0.0
0.0
0.4326
0.3819
0.145
0.2121
0.3517
0.3796
0.4333
0.1232
0.1947
0.248
0.5333
0.415
0.1488
0.2758
0.2213
0.1078
0.1034
0.1913
0.0
0.0
0.0
0.0
0.0
0.0001907
0.4234
0.3914
0.4799
0.5371
0.2705
0.1778
0.07954
0.1682
0.08879
0.2964
0.1188
0.108
0.3593
0.1316
0.1238
0.4417
0.09661
0.09613
0.1221
0.2789
0.1261
0.5356
1.16
1.54
1.469
1.624
1.794
1.727
1.913
1.807
1.666
1.797
1.877
1.53
1.584
1.463
1.418
1.901
1.999
2.026
1.749
1.411
1.593
1.892
1.968
1.804
1.222
2.89
4.364
8.154
7.092
6.146
8.472
7.971
8.142
5.273
7.178
4.73
4.675
2.933
2.325
1.825
0.824
1.645
1.472
1.375
1.295
1.404
1.439
1.282
1.675
1.18
1.212
1.505
1.92
2.002
1.115
1.23
1.28
1.584
1.871
2.06
1.962
1.788
1.602
1.645
1.326
1.566
1.176
1.326
1.161
1.476
4.138
5.627
5.847
5.42
5.682
8.813
8.191
8.142
5.005
4.816
6.372
4.163
4.034
2.493
2.042
1.822
0.5646
1.445
1.489
1.558
1.436
1.611
1.387
1.205
1.169
1.474
1.183
1.26
1.266
1.16
1.059
1.144
1.428
1.286
1.364
1.431
1.315
0.827
0.9598
0.9476
0.9766
1.077
1.305
1.596
1.501
1.315
1.149
1.566
1.242
1.077
3.162
6.543
6.506
5.609
5.518
8.093
6.012
6.47
6.995
6.207
5.53
4.108
3.925
2.298
2.298
1.685
0.6683
0.7919
1.074
1.289
0.9689
0.8453
1.083
1.382
0.9277
1.199
1.399
1.225
1.172
1.451
1.535
1.321
1.14
1.013
0.9033
1.018
1.103
1.202
1.268
1.378
1.442
1.349
1.338
1.021
0.9216
0.9354
1.074
1.366
1.511
1.227
1.379
1.74
3.992
6.409
5.859
5.743
3.839
9.192
6.946
6.055
8.362
4.895
7.373
5.164
4.346
2.933
2.484
0.3906
0.1835
0.1083
0.3922
0.3159
0.2148
0.1219
0.3666
0.2018
0.9476
0.914
1.065
1.254
4.742
4.901
1.907
1.106
0.576
1.364
1.584
1.396
1.419
1.314
1.529
1.617
1.485
1.669
1.599
1.376
1.584
1.34
1.224
1.372
1.303
1.84
1.862
1.334
1.219
1.524
1.779
1.761
1.505
1.55
6.189
9.265
5.597
10.28
6.543
7.898
6.836
6.982
7.178
5.957
3.601
2.725
1.216
1.46
1.883
2.014
1.947
1.874
1.904
2.078
2.029
1.895
2.094
1.978
1.709
1.849
1.627
2.109
1.782
2.045
1.758
1.633
1.654
1.904
1.804
3.107
7.544
10.77
7.129
10.83
8.203
10.18
7.861
5.688
4.468
2.408
1.474
1.183
1.886
1.944
1.99
1.981
1.92
1.819
1.74
1.91
1.926
1.953
1.639
1.308
0.9293
1.463
1.743
1.627
1.369
1.134
0.8087
0.9964
1.19
0.8774
0.9369
0.9796
0.975
1.086
1.033
6.519
6.787
3.04
5.817
4.84
7.373
6.677
5.792
4.694
7.812
7.935
5.432
4.016
1.996
1.505
2.505
0.1602
1.291
0.1188
1.344
0.1331
0.9064
0.8591
0.2308
1.566
0.4143
1.385
0.547
1.262
0.9796
0.9186
0.9628
0.9003
0.8545
0.9232
0.8713
0.4333
0.5959
0.9415
1.057
0.2426
1.06
0.9338
0.7774
0.8331
0.4303
0.9003
0.8469
0.8316
0.8499
0.1024
0.795
0.457
1.627
1.474
1.297
1.669
1.627
2.075
1.801
1.212
1.326
1.244
1.515
1.651
1.541
1.18
1.291
1.433
1.505
1.466
1.534
1.581
1.198
0.946
1.073
1.175
1.457
1.48
1.35
1.608
3.912
6.86
6.11
7.617
6.384
6.873
7.19
5.682
6.299
6.75
5.237
4.987
2.777
2.979
2.1
0.1444
1.376
1.488
1.509
1.596
1.422
1.611
1.462
1.462
1.433
1.254
1.497
1.657
1.497
1.199
1.157
1.321
1.199
1.317
1.599
1.314
1.506
1.512
1.445
1.347
1.16
1.131
1.253
1.425
1.476
1.212
1.215
1.457
5.011
4.944
7.19
6.335
9.18
5.194
7.874
7.361
6.158
7.3
4.633
4.895
2.802
2.768
1.094
0.6447
0.5318
0.7889
1.035
0.2865
0.145
0.1129
0.05713
0.1749
