11.12
17.41
16.97
18.8
17.55
15.41
13.21
14.31
13.13
15.77
14.62
14.7
14.77
12.67
0.1667
0.09899
0.02604
0.02079
0.02079
1.578
15.94
14.36
12.43
14.18
15.11
15.31
18.16
17.68
18.92
11.49
16.38
14.43
19.07
20.85
19.24
13.23
15.55
16.5
16.5
17.07
14.33
9.558
19.8
22.39
22.58
25.29
26.51
27.83
24.95
20.46
20.61
26.46
14.53
12.82
12.55
20.56
22.44
21.97
21.56
25.59
27.78
24.39
26.86
28.86
11.6
20.58
21.51
25.2
26.12
24.68
26.46
21.0
16.38
18.14
21.51
18.24
14.14
9.155
20.65
21.58
23.19
24.1
26.9
28.03
23.32
24.49
28.27
12.45
19.53
23.39
26.9
27.93
27.29
25.54
21.58
22.9
23.51
13.53
14.33
16.77
20.63
22.17
15.14
10.44
21.83
23.34
24.71
26.66
25.73
25.39
21.75
23.9
23.41
8.435
20.8
20.53
22.95
23.85
25.0
26.76
25.0
23.93
27.54
17.85
13.84
13.18
13.96
9.326
22.66
26.22
28.42
28.17
28.12
23.71
22.63
24.22
20.61
12.6
21.78
24.17
25.39
24.49
22.78
21.85
19.53
20.7
21.7
17.68
15.04
14.55
15.6
17.9
19.68
22.36
13.35
17.7
15.75
16.5
14.67
14.48
10.75
20.68
20.29
18.63
22.02
24.02
25.68
23.1
19.9
19.53
17.36
15.26
15.6
15.43
14.26
14.43
14.23
16.65
16.6
18.73
15.38
14.43
16.41
18.73
21.48
15.26
0.9216
9.717
14.65
14.53
13.72
12.89
3.851
14.45
16.58
19.36
19.02
11.11
13.92
15.23
15.01
13.72
13.79
13.65
13.38
14.94
18.12
17.26
16.02
14.65
1.36
11.06
14.33
14.75
13.62
14.62
13.82
17.24
19.41
21.26
12.89
14.36
13.09
12.57
15.16
14.62
14.4
14.21
13.67
13.55
15.65
16.94
21.58
22.22
8.74
7.397
10.91
15.87
13.55
15.21
11.51
0.2293
9.875
12.92
13.75
14.11
14.11
14.01
13.84
14.55
14.62
16.19
17.8
15.77
17.11
10.69
0.6767
0.3281
0.02604
10.84
14.77
12.34
17.6
16.19
18.75
18.48
15.75
15.11
21.19
25.98
14.09
14.7
15.38
17.48
20.41
19.17
12.11
13.48
18.41
17.31
17.58
15.87
2.386
10.52
12.3
13.26
12.94
12.15
14.48
6.47
8.655
14.87
13.89
13.21
16.31
14.28
13.77
13.4
13.53
13.18
14.11
15.41
16.94
19.78
21.19
15.94
1.312
10.44
15.58
18.46
20.92
20.36
11.13
15.19
13.75
12.74
14.28
15.04
12.21
12.89
12.57
13.28
11.94
13.6
14.53
12.21
17.9
17.85
18.99
15.19
1.819
9.937
12.74
16.14
15.26
15.92
16.21
11.79
13.77
15.58
11.68
17.11
23.1
29.35
21.68
6.018
12.55
18.58
17.75
19.14
20.68
7.092
0.5936
0.1823
0.02079
11.83
15.01
14.72
10.56
0.1667
6.335
15.48
16.21
15.97
18.07
17.09
14.84
15.87
18.95
22.75
9.9
18.09
14.89
14.5
13.18
17.29
19.63
19.12
17.09
10.73
21.22
22.41
22.44
24.07
23.24
21.95
22.17
21.31
23.05
24.83
25.59
26.22
27.15
29.15
30.32
30.18
31.2
31.49
32.28
31.25
31.3
31.2
29.98
15.67
17.82
21.14
24.71
27.54
30.71
29.64
22.88
24.39
23.73
21.17
3.735
24.51
24.29
22.71
21.41
21.24
22.58
23.27
22.24
23.36
23.0
22.05
23.32
25.29
31.45
30.62
31.49
31.05
28.42
26.46
23.95
22.56
22.27
22.36
22.24
22.53
16.75
18.92
18.12
21.36
26.22
26.86
28.96
26.76
24.41
24.0
24.12
16.72
14.21
21.31
21.24
23.34
25.59
25.59
26.32
26.03
24.66
25.0
25.29
24.8
22.95
21.61
22.9
23.58
24.12
24.07
26.27
26.12
24.95
26.22
28.86
28.56
28.76
23.41
15.6
18.41
21.53
21.26
23.66
22.27
23.0
19.68
17.02
18.09
20.51
20.56
17.09
9.814
21.48
22.53
24.54
25.05
25.63
25.44
25.34
25.0
24.88
26.17
26.17
27.78
28.81
28.03
24.73
24.27
23.54
24.27
22.63
23.36
24.54
23.85
25.44
25.49
23.27
16.06
20.61
22.68
24.8
29.3
30.76
28.03
24.12
21.19
19.75
20.36
9.375
22.8
27.34
28.27
29.05
27.83
27.54
28.81
28.91
29.2
31.45
30.22
29.05
29.83
29.59
28.17
28.76
29.64
29.25
29.64
30.42
30.08
18.65
19.85
23.54
27.44
29.74
27.83
26.81
23.56
21.17
20.56
17.53
13.7
18.09
20.29
20.56
18.36
17.53
19.97
10.38
19.9
21.58
20.41
20.75
21.8
22.29
20.31
19.6
19.56
18.63
19.7
21.41
22.56
21.39
19.6
20.12
20.31
21.02
22.02
22.36
25.44
27.29
26.56
25.49
23.34
23.27
22.73
23.12
15.67
22.02
24.73
25.0
25.29
26.51
28.03
27.1
21.58
22.53
18.63
16.19
22.29
26.12
15.99
12.7
23.8
24.78
26.71
28.17
27.59
27.34
26.27
27.1
28.71
29.93
30.22
28.96
29.44
30.03
29.05
29.1
29.64
30.81
31.01
31.98
30.71
18.33
17.87
21.53
24.46
26.86
26.42
28.47
29.2
29.93
30.57
11.4
21.78
22.71
25.59
27.64
28.08
29.39
31.35
32.71
31.93
30.47
28.96
28.37
29.15
30.13
30.47
30.03
29.15
29.83
29.83
31.25
30.76
16.5
19.82
23.07
23.97
28.32
28.03
26.71
25.44
26.81
24.44
17.9
22.41
32.13
31.4
30.32
29.83
29.35
29.1
29.0
30.47
28.81
27.29
27.05
25.73
26.56
26.71
26.46
25.49
23.32
23.66
21.58
21.48
22.88
23.49
17.41
16.6
18.58
19.34
21.75
21.22
19.85
19.85
22.61
22.51
22.36
23.85
22.92
12.87
9.912
16.41
16.28
12.62
13.65
14.6
15.53
14.23
15.43
16.24
16.28
16.28
12.67
16.55
16.77
16.5
16.26
15.48
8.667
15.09
14.14
10.42
16.65
18.58
18.12
19.17
17.26
18.97
20.95
19.78
19.12
16.55
16.55
19.12
18.82
20.36
20.31
18.41
16.72
15.92
16.55
18.31
16.75
16.72
19.63
18.19
15.89
17.41
16.97
15.8
16.36
16.19
15.99
15.65
15.92
15.45
15.38
14.87
18.26
19.73
22.31
22.22
24.98
22.85
21.83
21.53
22.36
23.58
22.12
15.16
15.41
17.5
17.41
18.04
12.82
13.33
13.84
14.7
13.84
13.43
15.06
12.0
10.27
9.277
14.7
14.87
16.5
17.55
18.55
13.21
14.75
14.43
16.94
15.82
15.92
17.41
7.874
0.5836
0.1926
0.02604
0.02079
0.02604
0.02604
0.02604
0.02079
0.03128
0.02079
0.02604
0.02604
0.02604
0.5157
16.8
16.31
15.92
14.6
13.6
16.11
14.92
14.87
13.96
15.8
15.8
