0.0
0.1034
0.002575
0.008583
0.6996
0.2888
0.5562
0.8636
0.6401
0.6927
0.3704
0.795
0.5043
0.5486
0.3983
0.6485
0.4799
0.5402
0.4822
0.4852
0.4639
0.6248
0.3719
0.6233
0.4478
0.5669
0.5814
0.4814
0.6943
0.5753
0.4211
0.5653
0.5356
0.6607
0.5478
0.5859
0.6531
0.6927
0.7568
0.6058
0.576
0.7652
0.518
0.6218
0.4776
0.515
0.4669
0.5142
0.753
0.9445
0.7492
0.9079
0.634
0.6523
0.9247
0.9399
0.6721
0.4448
0.9613
1.105
0.6149
0.544
0.5516
0.6172
0.592
0.621
0.4738
0.5852
0.6645
0.6126
0.6165
0.2693
0.589
0.2579
0.5463
0.6615
0.6157
0.3105
0.4562
0.4692
0.2235
0.4997
0.2968
0.5707
0.2056
0.1907
0.2972
0.6165
0.4028
0.3807
0.6134
0.5417
0.4997
0.3365
0.5501
0.5051
0.457
0.3597
0.3681
0.5196
0.7027
0.5035
0.75
0.5501
0.56
0.5783
0.5173
0.3819
0.3754
0.3777
0.6653
0.3571
0.4684
0.4089
0.2434
0.4837
0.2728
0.3689
0.4234
0.4723
0.4456
0.5104
0.6256
0.4349
0.3708
0.3937
0.4974
0.4303
0.3414
0.3716
0.4517
0.428
0.2636
0.4433
0.4181
0.2476
0.1991
0.531
0.3738
0.5402
0.3357
0.3441
0.4181
0.4684
0.5356
0.3567
0.4242
0.5714
0.4539
0.5676
0.5371
0.4189
0.5867
0.5951
0.6111
0.5165
0.4951
0.5295
0.3551
0.3479
0.2419
0.6042
0.3616
0.2926
0.444
0.4692
0.243
0.4105
0.4921
0.5318
0.4814
0.3136
0.5287
0.251
0.4501
0.4517
0.457
0.6226
0.2819
0.602
0.3922
0.7439
0.5043
0.6439
0.5119
0.6073
0.798
0.5341
0.6966
0.4944
0.4692
0.5432
0.7996
0.5875
0.7332
0.4669
0.5898
0.4593
0.486
0.5196
0.3426
0.4417
0.5623
0.6371
0.4189
0.5318
0.457
0.6836
0.5943
0.7317
0.5661
0.7111
0.5188
0.4768
0.5859
0.2769
0.4227
0.7462
0.6905
1.067
2.048
0.02146
0.0
