10.21
10.23
10.31
10.17
10.14
10.31
10.31
10.39
10.23
10.31
10.31
10.49
10.55
10.53
10.69
10.46
10.21
9.985
9.875
10.16
10.28
10.01
10.19
10.14
10.27
10.5
10.51
10.51
10.51
10.22
10.28
10.56
10.61
10.22
10.39
10.16
10.36
10.44
10.45
10.01
9.875
9.839
10.06
10.25
10.16
10.14
10.21
10.22
10.22
10.31
10.29
10.12
10.01
10.44
10.33
10.08
10.23
10.21
10.16
10.33
10.58
10.52
10.55
10.51
10.33
10.38
10.47
10.39
10.34
10.52
10.55
10.84
10.71
11.4
13.82
13.82
13.82
13.82
13.96
13.96
13.82
13.82
13.92
13.7
13.5
13.26
13.26
13.55
12.79
12.77
13.01
13.11
12.96
11.15
10.35
10.17
9.717
9.436
9.534
9.448
9.583
9.351
9.351
9.399
9.546
9.619
9.46
9.497
9.412
9.57
9.741
9.741
9.888
9.839
9.595
9.192
9.155
9.155
9.155
9.241
9.46
9.351
9.351
9.29
9.229
9.155
10.23
9.741
9.509
9.546
9.705
9.937
9.973
9.961
9.973
9.937
10.28
9.875
9.802
9.79
9.851
9.839
9.973
9.46
9.387
9.351
9.546
9.46
9.595
9.631
9.668
9.766
9.839
9.741
9.741
9.778
9.949
9.79
9.595
9.619
9.607
9.741
9.937
9.668
9.497
9.692
9.619
9.546
9.656
9.741
9.827
9.961
9.961
9.875
9.827
9.924
9.961
9.961
10.02
9.998
9.937
10.11
10.28
10.38
10.52
10.35
10.35
10.35
10.23
10.12
10.36
10.66
10.86
11.58
11.79
11.22
10.8
10.67
10.71
10.78
10.95
10.93
10.89
10.71
10.62
10.56
10.39
10.5
10.62
10.64
10.68
10.64
10.62
10.49
11.06
10.35
9.961
10.1
9.937
10.02
9.851
10.05
9.912
10.18
10.12
10.01
10.16
10.13
10.16
10.25
10.17
10.31
10.34
10.41
10.52
10.18
10.13
9.839
9.839
10.11
10.08
10.08
10.1
9.937
9.583
9.705
9.888
9.949
10.12
10.14
10.07
9.998
10.06
10.11
10.13
10.38
10.31
10.34
10.39
10.39
10.44
10.44
10.6
10.66
10.5
10.27
10.3
10.44
10.12
10.14
9.741
9.778
10.11
10.16
10.21
10.27
10.06
10.06
10.31
10.42
10.69
10.66
10.39
10.33
10.5
10.14
10.34
10.4
10.4
10.49
10.55
10.46
10.58
10.25
10.42
10.53
10.36
10.31
10.39
10.51
10.51
10.44
10.61
10.68
10.51
10.47
10.35
10.34
10.31
10.42
10.67
10.58
10.57
10.21
10.3
10.44
10.41
10.6
10.72
10.83
10.95
10.99
11.06
13.33
13.35
13.23
13.38
13.31
13.38
13.43
13.5
13.5
13.04
12.94
12.96
12.07
12.19
12.17
12.39
12.34
12.46
12.74
12.49
12.37
10.89
9.802
9.778
9.937
9.875
9.741
9.753
9.497
9.57
9.57
9.546
9.741
9.766
9.778
9.851
9.985
9.802
9.448
9.351
9.46
9.595
9.729
9.753
9.448
9.204
9.241
9.167
9.192
9.155
9.338
9.497
9.741
9.949
10.07
9.973
10.12
10.34
10.28
10.13
10.18
10.17
9.924
9.583
9.705
9.521
9.351
9.375
9.57
9.558
9.729
9.656
9.778
9.814
9.961
9.998
9.949
9.595
9.717
9.705
9.668
9.851
9.766
9.692
9.912
9.741
9.802
10.12
9.656
9.717
9.717
9.961
9.937
10.03
9.741
9.912
9.998
10.25
10.39
10.12
9.937
9.961
10.02
10.18
10.12
10.07
10.24
10.14
10.12
10.22
10.49
10.62
10.89
10.9
10.9
10.74
10.53
10.71
10.51
10.66
10.71
10.83
10.71
10.74
10.71
10.74
10.96
11.01
11.15
11.19
10.57
10.57
10.66
10.53
10.52
10.6
10.45
10.14
10.13
10.28
10.44
10.62
10.56
10.61
10.42
9.998
9.973
9.937
10.13
10.17
10.27
9.937
9.937
10.08
10.02
10.23
10.5
10.38
10.51
10.64
10.38
10.18
10.35
10.66
10.42
10.31
9.937
9.814
10.01
10.17
10.31
10.22
10.14
9.961
10.18
10.06
9.949
10.4
10.31
10.31
10.14
10.39
10.51
10.51
10.82
10.6
10.71
10.67
10.51
10.55
10.38
10.23
10.34
10.51
10.44
9.985
9.9
9.741
10.13
10.31
10.31
10.47
10.23
10.17
10.18
10.12
10.33
10.34
10.29
10.16
10.24
10.29
10.33
9.827
9.937
10.05
9.937
10.18
10.24
10.22
10.28
10.22
10.4
10.42
10.41
10.21
9.985
10.08
9.937
10.11
10.12
10.27
10.46
10.51
10.51
11.84
10.72
10.97
10.96
10.31
10.19
10.31
10.86
10.44
10.6
10.8
10.61
10.72
11.32
15.84
15.87
15.82
15.77
15.89
15.28
14.99
14.99
15.09
15.11
14.97
14.18
14.01
14.06
14.06
14.21
14.28
14.4
14.01
14.01
14.09
13.82
14.18
14.04
14.01
14.01
13.72
13.43
13.45
13.62
13.62
13.7
13.75
13.62
13.6
13.04
13.06
13.11
13.04
13.13
13.04
13.18
13.35
13.06
13.09
12.65
12.7
12.77
12.67
12.65
12.5
12.46
12.4
12.44
12.65
12.55
12.39
12.62
12.07
12.1
12.26
12.29
12.46
12.49
11.54
11.49
11.49
11.4
11.32
11.08
11.0
10.9
10.9
11.04
11.11
11.13
10.71
10.71
10.71
10.88
11.1
11.02
11.19
11.17
11.21
10.71
10.56
10.52
10.72
10.79
10.4
10.35
10.1
10.1
10.31
10.44
10.55
10.68
10.33
10.19
10.31
10.35
10.31
10.31
10.38
10.51
10.56
10.73
10.3
9.619
9.595
9.607
9.741
9.802
10.06
10.13
10.21
9.851
9.778
9.924
9.924
10.23
10.5
10.18
10.31
10.39
10.57
10.57
10.21
10.29
10.33
10.4
10.31
10.41
10.41
10.52
10.36
10.62
10.71
10.74
10.75
10.53
10.56
10.22
9.9
9.863
10.14
10.27
10.22
9.973
10.16
9.973
9.973
10.1
9.79
9.668
9.448
9.607
10.14
9.949
9.705
9.656
