0.4242
0.2228
0.1984
0.2071
0.4578
0.4852
0.3838
0.2022
0.4547
0.07734
0.322
0.2495
0.2987
0.2224
0.0
0.0
0.0
0.0008583
0.0
0.009537
0.3082
0.1593
0.1534
0.2735
0.1558
0.4158
0.1732
0.378
0.1369
0.3036
0.1753
0.1671
0.1867
0.0001907
0.1621
0.1736
0.4562
0.1463
0.3765
0.1242
1.767
2.332
2.692
2.722
2.704
5.701
2.307
2.332
0.2151
0.3681
0.1984
0.4013
0.2159
0.2972
0.2842
0.2079
0.3418
0.8301
2.438
2.728
2.716
2.548
5.865
2.911
1.344
0.09489
1.143
1.596
1.5
1.602
1.514
1.575
1.532
4.26
1.944
1.782
1.663
0.4173
0.1699
0.256
0.1621
0.2251
0.1844
0.2155
0.4753
0.3769
2.023
2.762
2.347
2.542
5.42
3.229
1.3
0.1823
0.351
0.1734
0.2262
0.486
0.3887
0.3513
0.1612
0.3544
0.2754
0.2113
0.4387
0.2323
0.6798
0.3632
0.3452
0.4417
0.3052
0.1432
0.3586
0.1848
1.305
1.263
1.5
1.215
1.277
1.372
4.871
2.081
2.243
1.118
0.3487
0.1421
0.4898
0.7759
0.2296
0.1875
0.3433
0.4913
0.502
0.518
2.09
2.087
2.026
2.109
4.675
3.845
2.625
0.6645
0.6851
0.4784
0.4295
0.4356
0.5104
0.2827
0.1734
0.3662
0.2975
0.1541
0.3265
0.5173
0.4097
0.3426
0.4417
0.4227
0.7713
2.109
2.225
2.682
2.505
5.884
2.396
0.489
0.3704
0.4547
0.3799
0.02127
0.8255
0.1991
0.1776
0.3368
0.4639
0.0007629
0.0493
0.4189
0.7263
0.1984
0.3468
0.1902
9.537e-05
0.0
0.0
0.0
0.0
0.009251
0.2388
0.4448
0.3468
0.4585
0.2735
0.378
0.3532
0.3635
0.3345
0.2956
0.3464
0.634
0.2552
0.3788
0.2262
0.2178
0.2174
0.2865
0.0
0.0
0.0
9.537e-05
0.0
0.008965
0.4196
0.3777
0.3078
0.2834
0.317
0.3231
0.3773
0.4028
0.05789
0.2029
0.8179
0.1961
0.1877
0.1905
0.5524
0.2464
0.2693
0.1722
0.3155
0.08888
0.0005722
0.0
0.0
0.00639
0.1677
0.1747
0.3719
0.2411
0.4509
0.3067
0.5165
0.1877
0.1598
0.293
0.1696
0.2373
0.4524
0.2155
0.4181
0.7545
0.4387
0.312
0.119
0.1101
0.09384
0.3605
0.09565
0.007915
0.4745
0.1654
0.1696
0.1448
0.0005722
0.1299
0.172
0.2419
0.2094
0.1675
0.3189
0.1129
0.3075
0.2018
0.3193
0.1371
0.1289
0.4623
0.003719
0.0001907
0.0
0.0
0.0
0.007534
0.341
0.2403
0.2872
0.235
0.227
0.351
0.4074
0.248
0.1635
0.6187
0.2037
0.14
0.4601
0.1427
0.2777
0.1478
0.1787
0.1646
0.0003815
9.537e-05
0.0
0.0
0.0
0.006676
0.157
0.4486
0.2171
0.235
0.1925
0.2254
0.2613
0.1093
0.09222
0.1591
0.2583
0.1329
0.2457
0.2274
0.1257
0.08173
0.259
0.2617
0.0001907
0.0003815
0.0
0.0
0.0
0.007629
0.4433
0.136
0.1484
0.4898
0.06208
0.123
0.09022
0.3017
0.4814
0.2144
0.4494
0.396
0.09394
0.1322
0.1013
0.3391
0.3998
0.16
0.1686
0.1459
0.3628
0.002956
0.0006676
0.009155
0.4456
0.4005
0.259
0.3624
0.1501
0.1568
0.1894
0.2823
0.1043
0.3761
0.2312
0.3826
0.6042
0.3258
0.2476
0.317
0.4707
0.2434
0.2171
0.3174
0.2773
0.3319
1.085
2.67
2.887
2.411
2.548
2.524
2.499
2.307
2.432
2.499
2.298
2.499
2.283
2.393
2.441
2.621
2.631
2.713
8.105
6.433
7.727
10.75
6.97
7.043
5.249
5.06
1.672
0.6424
1.227
2.133
1.886
2.026
2.408
2.203
2.182
1.999
2.026
2.332
2.283
2.072
2.136
2.301
2.191
2.13
2.014
2.188
2.243
7.166
7.52
6.219
9.619
6.982
8.105
4.266
5.536
2.829
1.343
1.196
2.292
2.441
2.261
2.203
1.938
2.005
2.283
2.167
2.228
2.219
2.289
2.57
2.533
2.579
2.457
2.582
2.426
2.167
6.335
8.203
9.204
8.997
8.936
6.506
5.072
4.028
1.74
9.537e-05
0.0124
2.176
2.783
2.435
2.728
2.75
2.67
2.798
2.823
2.097
2.521
2.332
2.255
2.393
2.618
2.637
2.6
2.161
5.408
9.302
10.13
9.412
7.202
5.64
5.115
3.009
1.329
1.514
2.444
2.17
2.524
2.399
2.414
2.2
2.536
2.386
2.438
2.609
2.338
2.585
2.499
2.277
2.429
2.515
2.42
4.529
8.569
6.494
9.998
7.52
6.433
5.115
5.084
3.522
1.694
0.5257
2.164
2.213
2.094
2.075
2.216
2.176
2.103
2.045
2.554
2.338
2.237
2.362
2.463
2.722
2.478
2.655
2.542
2.417
3.674
8.984
5.878
5.994
7.849
6.323
6.702
3.217
3.839
3.381
1.752
1.076
1.326
1.791
3.912
1.004
0.6615
1.427
2.594
3.247
0.4166
0.9232
1.627
3.9
1.511
0.2666
0.1839
0.3876
0.2991
1.402
1.611
1.648
5.469
2.423
0.9903
0.2426
0.1423
0.3487
0.3506
1.561
1.859
3.992
0.9613
0.2575
0.6775
1.006
1.173
2.631
2.017
1.099
0.1856
0.2075
0.1266
0.3288
0.2621
0.1968
0.09918
0.1215
0.3208
0.1612
0.7263
0.7675
1.376
4.077
1.231
0.246
0.1335
0.09403
0.362
0.04587
0.9918
1.559
1.569
1.743
1.846
1.92
1.871
1.828
1.804
1.703
1.825
1.617
1.617
1.443
1.315
1.244
1.064
1.103
0.9399
1.044
1.015
1.131
1.019
1.157
1.054
1.137
1.181
1.147
1.109
1.201
1.027
1.14
1.183
7.214
4.211
6.128
4.755
8.508
5.469
5.573
4.852
3.888
4.041
1.445
0.6981
1.32
1.608
1.706
1.846
1.95
2.063
2.072
2.066
1.932
1.938
1.883
1.932
1.953
1.794
1.804
1.422
1.5
1.183
1.237
1.175
0.9964
1.14
1.115
1.131
0.9445
1.007
1.096
1.346
7.629
3.442
2.536
4.956
3.931
6.073
6.409
6.812
5.548
4.645
4.047
3.577
1.364
1.721
0.1539
1.324
0.1905
0.2884
0.1114
0.09317
0.1671
0.3204
1.569
0.5112
1.254
1.63
0.5524
1.123
1.587
1.36
0.2926
1.608
2.237
2.029
2.307
2.127
2.634
2.255
2.405
2.066
2.271
2.274
2.261
2.509
2.545
2.463
2.219
2.518
2.17
5.872
9.131
8.74
8.386
9.167
5.902
5.42
3.674
1.727
0.8438
0.4784
0.8255
0.9201
0.5096
0.2975
0.1604
0.3723
0.8881
0.3643
0.8133
0.7736
0.4898
0.2842
0.1541
0.3624
0.5699
0.5486
0.6691
2.393
2.338
1.974
2.457
2.78
2.783
2.78
2.551
2.649
2.521
2.475
2.545
2.454
2.252
2.374
2.539
2.75
7.385
8.105
9.924
7.397
6.873
4.95
4.523
1.712
0.3639
0.1678
0.2541
0.2289
0.3502
0.5737
0.3056
0.1715
0.3597
0.4494
0.5447
0.2159
0.2438
0.2369
0.5501
0.2838
0.2533
0.2853
0.4097
0.2998
0.1431
0.3498
0.01078
9.537e-05
9.537e-05
0.0
0.0
0.0
9.537e-05
0.0
0.0
0.0
0.0
0.0
0.0
0.0
0.0
0.0
0.0
0.0
0.0
0.0
0.943
0.1249
0.5333
0.972
0.2682
0.05322
0.1133
0.08488
0.3967
0.4875
0.3574
