5.273
4.413
4.626
4.932
5.054
6.653
7.08
8.472
6.75
5.249
6.641
6.934
8.594
6.165
8.911
9.448
11.05
4.724
5.45
4.456
5.133
5.133
6.061
6.299
6.653
4.254
5.359
4.376
5.548
6.11
6.665
4.675
5.896
7.153
5.389
4.919
4.584
4.456
4.938
4.358
5.573
4.028
3.11
3.11
3.11
3.11
3.11
3.11
3.11
3.11
3.11
3.11
3.11
3.11
3.11
3.11
3.11
3.11
3.11
3.11
3.11
3.11
3.11
3.11
3.11
3.11
3.11
3.11
3.11
3.11
3.11
3.11
3.11
3.11
3.11
3.11
3.11
3.11
3.11
3.11
3.11
3.11
3.11
3.11
3.11
3.11
3.11
3.11
3.11
3.11
3.11
3.11
3.11
3.11
3.11
3.11
3.11
3.11
3.11
3.11
3.11
3.11
3.11
3.11
3.11
3.11
3.11
3.11
3.11
3.11
3.11
3.11
3.11
3.11
3.11
3.11
3.11
3.11
3.11
3.11
3.11
3.11
3.11
3.11
3.11
3.11
3.11
3.11
3.11
3.11
3.11
3.11
3.11
3.11
3.11
3.11
3.11
3.11
3.11
3.11
3.11
3.11
3.11
3.11
3.11
3.11
3.11
3.11
3.11
3.11
3.11
3.11
3.11
3.11
3.11
3.11
3.11
3.11
3.11
3.11
3.11
3.11
3.11
3.11
3.11
3.11
3.11
3.11
3.11
3.11
3.11
3.11
3.11
3.11
3.11
3.11
3.198
4.059
5.219
9.363
9.229
10.85
4.993
5.585
6.421
6.195
7.385
8.887
4.761
4.633
5.267
5.774
6.482
6.36
5.701
6.458
6.25
7.471
5.67
4.956
4.956
8.325
9.277
10.89
6.653
9.204
9.827
10.14
4.871
5.371
4.193
4.95
5.444
6.018
6.299
6.323
7.043
8.459
8.496
4.449
5.414
6.152
6.384
6.299
7.727
8.997
4.572
3.11
3.11
3.198
4.626
6.158
6.641
6.58
7.373
8.63
7.324
5.298
6.946
6.836
8.24
7.349
4.425
4.913
4.883
4.456
5.017
5.298
5.811
6.165
6.628
7.361
7.947
4.852
4.578
5.304
5.597
6.47
6.824
6.909
7.214
8.313
7.788
8.228
8.24
8.105
6.702
8.96
11.61
12.49
5.182
5.133
4.437
4.773
4.84
6.824
6.03
6.024
6.531
5.585
4.047
5.371
5.225
8.765
9.68
9.094
4.694
5.267
5.804
4.968
4.974
5.402
7.19
6.519
7.861
8.508
3.802
4.755
4.681
5.829
6.274
6.628
6.995
6.921
7.336
7.495
8.24
8.618
8.728
8.716
8.667
8.74
7.507
7.288
9.338
11.24
12.55
10.86
5.45
8.997
9.46
11.5
6.262
5.353
4.095
5.249
6.195
6.134
4.358
8.484
9.473
10.82
5.475
4.755
4.144
4.12
4.828
5.817
7.007
5.225
4.785
5.151
5.273
5.994
6.396
6.763
6.86
7.593
7.947
8.215
8.362
8.716
8.801
8.704
7.849
7.031
9.351
11.51
12.57
8.167
4.749
4.614
5.426
4.443
5.414
4.132
5.28
5.292
7.947
9.412
10.94
5.737
5.377
4.486
5.029
4.028
5.377
5.53
4.712
5.957
6.458
6.897
8.13
5.804
5.579
7.153
7.739
9.558
4.602
5.475
4.321
5.499
5.56
8.057
10.39
11.11
6.207
5.511
6.531
7.397
8.264
9.094
8.313
6.0
4.852
4.657
4.614
5.853
5.829
7.227
5.774
5.298
4.614
4.907
5.707
6.75
7.495
9.021
5.182
5.457
4.315
4.297
4.333
4.718
4.272
4.84
4.266
4.871
5.688
6.592
6.555
8.057
8.96
4.572
5.438
3.998
4.913
5.737
6.824
4.81
4.803
4.779
5.914
4.071
5.017
5.884
5.67
6.213
10.3
11.22
11.27
5.762
8.923
10.56
11.1
10.02
4.968
4.901
4.626
4.834
4.974
5.054
6.616
7.056
7.52
5.743
4.572
4.492
4.81
5.396
4.327
5.219
4.529
4.169
4.797
5.469
4.694
5.225
4.205
4.993
5.084
5.92
7.056
4.48
4.865
5.933
4.706
4.462
4.028
4.236
4.773
5.42
4.23
4.987
6.604
10.35
10.62
11.78
7.764
4.773
4.602
5.664
6.482
6.372
7.666
8.203
6.396
10.33
9.485
10.14
9.595
5.09
5.109
4.51
5.151
3.455
5.06
4.498
4.047
5.353
5.267
5.054
4.584
4.407
5.151
5.53
4.95
4.468
4.657
5.096
4.315
5.151
3.937
6.018
6.409
7.214
4.547
5.267
3.748
5.084
4.242
5.243
6.0
6.47
6.689
7.861
9.436
4.59
4.761
5.884
6.372
7.458
5.518
9.656
10.27
7.935
4.791
4.333
4.883
4.559
5.475
4.706
4.932
6.909
7.397
8.398
6.183
8.118
9.57
11.21
5.054
5.402
4.675
5.841
7.007
5.835
8.435
9.46
11.13
6.189
7.812
7.629
8.704
5.853
4.663
4.883
4.846
9.583
10.39
10.96
7.3
4.889
5.133
5.121
5.194
4.761
4.199
5.359
4.602
4.456
6.183
6.531
7.104
7.629
6.323
4.462
5.457
4.773
9.473
10.28
10.84
4.413
4.98
5.322
4.736
5.249
4.663
5.328
5.371
9.46
10.12
10.3
11.4
6.085
5.005
4.584
5.292
5.121
6.75
6.531
8.191
7.983
4.626
4.773
6.104
6.641
7.385
8.313
8.752
5.133
4.321
4.102
4.565
5.371
4.602
6.995
7.043
7.678
9.412
5.328
5.566
5.334
7.153
7.52
8.777
6.323
5.157
4.919
5.212
3.888
4.901
5.835
4.73
4.608
5.438
4.37
5.267
4.907
6.519
6.787
7.861
8.997
4.633
4.614
5.121
4.285
5.414
5.45
5.261
4.712
4.01
5.017
4.84
5.786
6.116
6.287
6.86
6.921
7.507
7.678
7.678
8.35
8.533
8.386
8.569
6.995
7.446
9.741
11.85
12.57
6.787
5.115
4.688
7.629
9.79
10.69
8.777
4.98
4.492
5.475
4.175
6.555
6.75
7.996
8.167
3.717
5.377
6.409
6.567
8.057
7.971
4.193
5.28
5.731
5.957
5.707
4.968
4.651
4.681
5.035
4.944
5.048
4.895
5.127
6.012
6.543
6.421
7.764
8.215
4.071
4.742
5.377
5.804
6.14
6.372
7.08
7.959
4.639
3.302
3.302
3.473
5.859
3.564
3.333
3.931
4.535
5.286
5.908
6.0
4.285
4.846
4.651
4.303
6.36
6.714
7.935
8.74
4.083
4.364
4.626
4.211
4.73
4.486
4.614
6.506
6.189
7.434
8.997
4.388
4.535
8.252
9.131
10.62
4.675
4.547
5.585
6.299
6.909
8.533
7.959
5.597
6.409
7.434
9.058
5.078
5.322
6.47
6.763
7.556
8.081
5.853
4.694
4.706
5.597
6.213
6.934
3.888
4.95
5.273
4.73
4.694
6.189
6.641
7.153
4.706
4.614
5.707
6.238
6.335
6.763
5.402
7.068
6.958
8.032
7.861
4.572
4.926
4.95
5.17
6.036
6.482
6.824
7.104
7.251
7.983
8.179
