0.0
0.0
0.0
0.0
9.537e-05
0.0
0.0
0.0
0.0
0.0
9.537e-05
0.0
0.0
0.0
0.0
0.0
0.0
0.0
0.0
0.0
9.537e-05
0.0
0.0
0.0
0.0
0.0
0.0
0.0
0.0
0.0
0.0
9.537e-05
0.01669
0.1961
0.6157
0.6287
0.6729
0.6302
0.5936
0.6027
0.5234
4.028
2.792
2.295
3.668
1.593
0.12
0.5974
0.5783
0.695
0.6416
0.605
0.5676
0.6416
5.188
2.097
3.241
2.075
0.5226
0.09327
0.4776
0.605
0.8575
0.8194
0.695
0.7141
2.292
4.303
2.49
3.638
1.434
0.2518
0.1642
0.4921
0.4875
0.5058
0.6226
0.5058
0.602
0.6554
4.523
2.383
1.736
2.304
1.349
0.1396
0.06714
0.4868
0.6035
0.6042
0.5669
0.7706
0.6447
1.627
5.322
2.155
3.711
1.227
0.1345
0.5272
0.5974
0.6805
0.7088
0.8026
0.6493
5.322
1.715
2.618
1.605
0.4974
0.4181
0.5928
0.7225
0.7774
0.7027
0.695
5.31
1.81
2.432
1.855
0.4822
0.4807
0.6554
0.5043
0.3891
0.3967
0.1459
0.1213
0.09975
0.6142
0.8621
0.4387
0.1408
0.2178
0.1406
0.3822
0.05436
0.4677
0.7492
0.798
0.7874
0.6905
0.7668
3.894
3.027
3.302
2.176
0.6516
0.1482
0.12
0.08287
0.2701
0.1669
0.5974
0.2613
0.1104
0.1318
0.3181
0.06771
0.473
0.4776
0.4951
0.4845
0.4303
0.4753
0.5547
0.4951
4.071
3.699
2.176
2.46
1.201
0.3326
0.2998
0.04101
0.1331
0.1085
0.3578
0.5074
0.4181
0.2838
0.2827
0.0004768
0.0
0.0
0.0
0.0
0.1568
0.1438
0.2998
0.399
0.0618
0.1022
0.2647
0.1949
0.3876
0.3654
0.3014
0.386
0.33
0.07696
0.07334
0.08049
0.3361
0.2541
0.2724
0.1387
0.0
0.0
0.0
9.537e-05
0.01593
0.4791
0.3334
0.3609
0.4791
0.2106
0.1007
0.07353
0.2525
0.4555
0.3643
0.06371
0.09136
0.06895
0.2064
0.1896
0.2045
0.4547
0.4456
0.0005722
9.537e-05
0.0
0.0
0.0
0.01717
0.4402
0.3227
0.2174
0.08936
0.06008
0.09222
0.3151
0.1034
0.1558
0.1747
0.4257
0.3799
0.2472
0.2823
0.4509
0.6302
0.3014
0.3254
0.1272
0.08974
0.1369
0.3128
0.0009537
0.01974
0.3582
0.486
0.149
0.2281
0.6012
0.4654
0.2377
0.7446
0.1534
0.7462
0.256
0.7904
0.1436
0.1749
0.972
0.2022
0.1562
0.1635
0.03786
0.0
0.0
0.0
9.537e-05
0.00906
0.7065
0.6752
0.2205
0.05913
0.5112
0.6203
0.304
0.5615
0.2293
0.1307
0.1116
0.2167
0.3281
0.2556
0.5638
0.2747
0.05589
0.09918
0.1873
0.3136
0.0001907
0.0
0.0
0.005531
0.3529
0.1785
0.1089
0.08564
0.3193
0.3544
0.09193
0.1846
0.1181
0.346
0.03653
0.01469
0.4837
0.1158
0.1019
0.2998
0.1278
0.2014
0.0
0.0002861
0.0
0.0
0.0
0.008202
0.2232
0.002098
0.2365
0.1637
0.178
0.4608
0.0473
0.1102
0.08764
0.3494
0.2457
0.4578
0.4097
0.08192
0.1099
0.08602
0.349
0.1148
9.537e-05
0.0
0.0
0.0
0.0
0.008011
0.1381
0.3284
0.23
0.6996
0.1724
0.219
0.605
0.1854
0.3086
0.08392
0.0741
0.1871
0.2254
0.2228
0.531
0.6126
0.2274
0.3654
0.09956
0.08049
0.08802
0.3952
0.0433
0.4074
0.4524
0.605
0.9109
0.7797
0.7111
0.6714
0.6981
0.6432
0.6149
0.7271
0.6462
0.6187
0.6241
0.6294
0.8423
0.885
0.8392
0.7568
0.7759
0.6485
0.5959
0.5775
0.528
0.5211
0.4807
0.4959
3.058
3.772
6.287
6.555
4.584
7.373
7.898
8.35
6.433
5.89
7.202
5.78
5.298
4.364
1.669
0.6332
0.3597
0.5882
0.7797
0.7217
0.6241
0.634
0.705
0.6691
0.6851
0.676
0.5928
0.6027
0.6668
0.5798
0.7034
0.5997
0.6187
0.6264
0.5478
0.56
0.5653
0.4936
0.4318
0.4501
0.4448
0.4623
0.5341
0.5074
0.473
0.4539
1.3
4.669
6.665
6.836
4.218
5.499
7.117
4.95
7.605
5.963
5.804
6.726
4.065
4.181
4.102
2.429
3.345
1.546
0.1663
0.4646
0.5241
0.5882
0.56
0.6126
0.5646
0.5623
0.547
0.5424
0.5745
0.6371
0.6073
0.5341
0.5066
0.5562
0.4128
0.4517
0.4829
0.4784
0.5722
0.5714
0.5264
0.5104
0.4944
0.528
0.4997
0.4227
0.4517
0.4677
0.4768
0.3929
0.4532
0.4639
3.497
6.042
5.823
7.08
3.882
9.521
5.695
7.483
7.336
6.995
5.255
6.641
5.103
4.425
3.284
2.835
2.573
1.932
0.1213
0.5196
0.6493
0.6363
0.5608
0.6561
0.6142
0.6294
0.5196
0.6149
0.5638
0.5486
0.4761
0.5989
0.515
0.5966
0.573
0.5493
0.5196
0.5821
0.6004
0.5623
0.518
0.5737
0.5341
0.5661
0.6371
0.7225
0.5745
0.5829
0.6897
4.315
5.591
6.702
3.302
6.506
6.897
8.35
8.533
5.89
7.593
4.187
4.218
4.425
3.012
3.253
1.959
0.05569
0.3506
0.4303
0.4372
1.593
3.204
1.773
0.9201
0.1833
0.1415
0.07801
0.08802
0.3376
0.1032
0.7622
0.6195
0.6035
0.5531
0.5302
0.6317
0.5821
0.6355
0.6371
0.6584
0.5722
0.6569
0.6943
0.5653
0.6363
0.8942
0.7553
0.7019
0.6798
0.7149
0.7248
0.6287
0.576
0.7278
0.663
0.5165
0.5165
0.5936
0.457
3.583
6.348
5.829
6.506
4.565
6.335
5.408
7.324
5.902
5.798
4.913
6.848
4.48
4.712
3.11
3.564
2.518
0.1022
0.5913
0.602
0.7095
0.6401
0.7263
0.7484
0.631
0.7065
0.7225
0.6165
0.6882
0.7385
0.7248
0.8499
0.8133
0.7484
0.7935
0.7935
0.8011
0.8286
0.8484
0.8545
0.7179
0.769
0.6981
3.784
5.261
8.154
5.92
6.885
8.63
7.031
5.933
6.079
6.506
5.09
4.889
3.082
2.518
1.758
0.3773
0.5524
0.6744
0.5745
0.7172
0.5493
0.7027
0.6027
0.6622
0.6729
0.6683
0.7034
0.8072
0.6393
0.7408
0.7561
0.6943
0.737
0.6935
0.6439
0.663
0.6104
0.6233
0.6874
0.7652
0.6958
0.531
0.6927
4.205
8.301
4.663
5.957
7.373
7.544
6.494
6.75
6.421
6.665
3.149
4.053
3.937
3.04
1.736
2.786
0.23
0.2083
0.09823
0.07849
0.07238
0.2808
0.1743
0.9216
0.333
0.1427
0.1665
0.2621
0.3784
0.2945
0.08078
0.09708
0.1404
0.4196
0.1778
0.301
0.09317
0.1118
0.1041
0.4105
0.06199
0.9567
1.027
0.322
0.09975
0.1032
0.08039
0.1581
0.3464
0.2609
0.1198
0.1116
0.2773
0.4593
0.2781
0.102
0.1312
0.09098
0.2556
0.3094
0.285
0.09584
0.08335
0.1036
0.3376
0.4974
0.1774
0.2716
0.1635
0.1146
0.3384
0.4578
0.3914
0.07362
0.108
0.06247
0.2605
0.148
0.3471
0.3548
0.3227
0.5173
0.3792
0.06227
0.1026
0.07257
0.2651
0.1526
0.002193
0.1387
0.6081
0.1749
0.5569
0.267
0.251
0.5005
0.2178
0.09422
0.06742
0.08821
0.3639
0.3643
0.2636
0.425
0.07572
0.1049
0.07067
0.2293
0.2048
0.0001907
9.537e-05
0.0
0.0
0.0
0.0
0.0
0.0
0.0
0.0
0.0
0.0
0.0
0.0
0.0
0.0
0.0
0.0
0.8331
0.2087
0.6844
0.6996
0.2857
0.5157
0.2064
0.08707
0.0843
0.0947
0.2785
