29.44
30.13
29.35
29.64
29.74
30.37
30.62
30.27
30.08
0.0
29.69
29.83
29.64
29.88
29.54
29.54
29.69
29.49
30.18
32.42
31.05
31.2
31.45
29.98
29.44
29.69
29.59
29.79
29.54
29.64
29.54
29.93
29.83
29.93
29.88
29.64
29.2
28.37
28.27
28.08
27.69
27.0
26.71
26.17
25.83
25.2
24.51
23.63
23.07
22.24
21.48
21.24
21.09
20.68
20.02
18.07
17.92
17.75
16.63
16.04
15.84
15.48
14.94
14.67
14.16
13.5
13.4
12.92
12.37
11.66
11.41
10.64
10.06
9.521
9.241
8.838
8.472
8.228
8.008
7.678
7.41
7.251
7.153
6.946
6.799
6.409
6.018
5.914
5.701
5.64
5.414
5.139
4.865
4.858
4.541
4.437
4.181
4.041
3.998
3.894
3.619
3.564
3.68
3.406
3.21
3.168
3.122
3.085
3.055
2.975
2.963
2.911
2.716
2.655
2.618
2.64
2.612
2.756
2.689
2.713
2.689
2.695
2.698
2.563
2.673
2.798
2.814
2.939
3.009
3.204
3.174
3.217
3.278
3.314
3.479
3.522
3.65
3.943
4.138
4.266
4.352
4.474
4.468
4.59
4.944
5.072
5.09
5.273
5.536
5.865
6.085
6.311
6.299
6.58
7.08
7.495
8.276
8.716
9.363
9.9
10.49
10.96
11.45
12.01
12.23
12.48
13.55
14.21
14.43
14.99
15.16
15.38
16.21
16.26
16.6
16.67
16.99
17.19
17.58
17.82
18.29
21.07
20.85
21.04
21.12
21.22
21.46
22.07
22.36
22.22
22.58
22.36
22.78
22.92
23.0
23.02
23.1
23.17
23.73
23.9
23.49
23.41
23.46
23.93
23.85
24.15
23.95
24.07
24.29
24.51
24.78
25.39
25.83
25.78
26.22
26.42
26.37
27.05
27.34
27.1
27.34
27.88
28.37
29.15
29.49
29.59
29.74
30.03
29.39
29.39
29.79
29.79
29.44
29.54
29.79
29.79
29.69
29.69
29.49
29.74
30.08
30.22
30.37
30.22
30.32
30.18
29.74
30.18
30.52
31.54
31.84
32.28
32.32
31.88
31.93
30.47
30.37
30.08
29.98
29.3
29.79
29.49
29.83
29.54
30.08
29.79
30.03
29.74
29.64
0.0
29.54
29.69
29.93
30.96
31.25
31.79
31.2
31.88
31.25
29.39
29.3
29.44
29.1
28.86
29.0
29.25
29.74
29.35
29.54
29.2
29.25
29.3
29.2
29.2
29.39
29.59
29.49
29.44
29.3
29.44
29.2
29.49
29.69
29.35
29.54
29.69
29.64
29.69
29.39
29.1
28.56
28.56
28.37
27.49
27.59
26.42
26.22
25.54
25.59
24.29
23.68
23.1
23.07
22.24
21.22
20.61
20.17
20.36
19.65
18.99
17.72
16.7
15.87
15.62
14.62
14.16
13.67
12.96
12.52
11.99
11.65
11.73
11.12
9.973
9.961
9.46
9.18
8.74
8.325
8.167
7.776
7.532
7.166
6.982
6.799
6.555
6.274
6.073
5.811
5.548
5.389
5.2
5.017
4.883
4.675
4.498
4.395
4.242
3.973
3.949
3.912
3.778
3.79
3.699
3.613
3.4
3.204
3.21
3.094
3.156
3.012
2.872
2.881
2.756
2.737
2.661
2.603
2.57
2.579
2.49
2.49
2.551
2.451
2.518
2.56
2.53
2.554
2.606
2.704
2.859
3.018
3.027
3.241
3.363
3.442
3.558
3.87
4.022
4.248
4.108
4.352
4.736
4.834
4.95
5.096
5.249
5.273
5.475
5.756
5.902
5.872
6.073
6.323
6.555
6.799
6.909
6.995
7.275
7.532
7.751
8.203
8.862
9.314
10.08
10.78
11.46
12.1
13.09
13.53
13.89
14.31
14.28
14.7
15.43
15.72
16.46
0.0
16.7
17.09
17.46
17.75
17.94
18.46
18.09
18.85
19.12
19.97
20.36
21.36
21.58
22.17
22.39
22.51
22.41
21.95
21.97
22.46
22.63
23.02
23.05
23.14
23.88
24.29
24.37
24.17
23.9
23.71
23.51
23.85
24.07
24.9
25.05
24.44
24.73
24.93
24.78
24.95
24.78
24.37
24.19
23.95
24.24
24.71
26.17
26.32
26.37
27.0
25.54
24.51
23.85
24.63
26.12
25.73
22.46
21.95
22.07
22.44
23.49
24.0
23.95
23.85
24.41
25.39
26.71
25.29
25.63
25.39
26.32
26.27
26.9
27.59
28.12
28.37
28.86
28.66
28.47
29.79
30.62
30.76
31.3
30.76
31.3
31.1
30.71
30.96
31.3
31.2
31.35
31.05
30.62
30.03
0.0
30.42
31.3
31.15
30.32
31.64
30.96
31.1
31.2
30.91
30.76
30.86
30.81
30.47
31.35
30.96
30.91
30.76
30.76
30.76
31.1
31.05
31.35
30.42
30.08
30.08
30.08
30.22
29.74
30.22
30.32
30.66
30.52
30.81
30.71
31.2
30.47
30.32
30.66
30.57
30.13
30.37
30.47
30.03
29.83
30.08
30.37
30.18
30.13
29.54
30.18
29.44
28.42
27.64
27.25
26.37
25.88
25.1
24.54
24.07
23.29
22.8
22.31
21.78
21.17
20.41
19.78
19.26
18.73
18.33
18.07
17.09
16.36
15.82
15.31
14.7
14.33
13.94
13.18
12.79
12.05
11.62
10.91
10.17
9.692
8.948
8.801
8.301
8.081
7.812
7.666
7.422
6.934
6.714
6.714
6.506
6.299
6.085
5.743
5.652
5.542
5.341
0.0
4.901
4.846
4.712
4.413
4.449
4.321
4.211
4.095
3.973
3.802
3.766
3.699
3.552
3.442
3.497
3.369
3.351
3.229
3.326
3.21
3.168
3.149
3.107
3.018
2.979
2.982
2.948
3.058
3.006
3.07
3.018
3.064
3.113
3.29
3.479
3.503
3.644
3.882
3.973
4.218
4.211
4.34
4.382
4.517
4.7
4.944
5.054
5.396
5.426
5.621
6.012
6.592
6.641
6.848
7.007
6.885
6.97
7.336
7.288
7.8
7.861
8.154
8.447
8.411
8.948
9.399
10.02
10.35
11.29
12.12
12.96
14.18
14.82
14.53
14.84
15.65
15.99
16.21
16.58
16.72
16.92
17.43
18.26
19.19
19.75
19.68
19.82
19.7
20.29
20.19
20.83
21.85
21.85
22.07
22.0
22.46
22.97
23.14
22.95
23.56
24.0
23.85
24.46
24.39
24.78
25.78
25.83
25.59
25.68
25.24
24.93
24.88
24.51
24.63
24.76
25.1
24.8
25.24
25.44
25.59
25.63
25.54
26.03
26.22
26.61
26.32
26.03
26.56
27.15
27.2
27.49
27.59
27.73
27.34
27.78
28.08
28.66
29.0
29.15
29.98
30.37
29.74
29.88
29.69
30.08
29.98
29.98
30.13
31.05
31.35
31.25
31.49
31.88
