16.72
8.521
17.38
17.5
13.09
13.48
14.16
15.16
16.6
18.31
20.29
18.63
22.07
7.104
0.7057
0.1667
0.02861
0.02604
0.02604
0.02604
15.65
25.88
25.88
21.68
17.97
24.61
25.34
20.7
12.19
14.04
18.53
16.97
18.16
17.7
12.65
14.84
16.19
11.29
27.15
28.32
27.88
27.54
25.78
27.29
23.0
29.35
27.64
16.58
16.36
24.0
27.34
22.85
23.0
24.51
20.48
19.38
19.95
20.53
16.8
13.77
13.18
8.545
16.04
19.87
19.85
21.39
20.02
21.78
22.83
28.52
24.8
24.32
22.51
17.6
14.23
15.36
17.48
17.55
18.43
19.12
14.11
14.31
18.82
23.97
24.8
18.92
13.21
18.04
23.27
24.29
7.654
28.96
29.83
25.44
26.03
27.05
25.44
29.59
25.1
18.75
13.53
5.463
7.288
12.19
23.93
24.44
28.27
26.86
23.51
20.12
23.56
28.47
26.03
11.38
28.32
30.76
32.13
31.25
29.74
29.59
27.39
16.33
13.84
14.97
14.65
12.84
12.6
16.09
16.6
16.26
15.89
18.6
16.46
6.921
27.59
31.93
31.69
32.86
33.54
30.62
32.86
23.44
18.77
18.43
20.95
22.02
20.41
21.8
14.75
17.04
15.89
12.82
13.87
23.63
28.96
27.1
27.98
24.32
21.09
15.23
15.23
21.73
18.75
14.01
29.39
28.71
28.42
29.59
30.81
22.09
28.22
23.56
15.6
20.19
21.04
23.66
18.26
11.57
13.99
13.77
13.75
5.206
0.164
0.06514
0.02861
0.02346
0.02861
0.02604
0.02861
0.02604
7.141
14.75
15.5
14.89
14.55
14.82
12.05
13.06
12.46
11.9
13.38
12.7
10.74
14.67
14.84
15.43
15.89
6.812
0.6432
0.2083
0.02861
0.02604
0.02861
0.02346
8.582
13.09
14.26
12.27
12.84
15.75
16.31
18.48
20.56
21.46
14.87
15.6
18.04
23.97
26.27
13.45
0.8331
0.3021
0.02604
0.02604
0.02861
0.02604
0.02861
0.02604
6.531
15.19
12.16
9.814
18.9
17.94
14.53
14.97
12.7
14.75
14.84
14.45
12.57
12.74
17.38
12.43
2.414
0.1511
0.04692
0.02604
0.02861
0.02604
0.02861
0.02861
0.695
14.84
14.62
18.26
20.43
21.0
21.17
14.45
18.26
18.51
21.17
12.37
18.75
21.12
22.36
12.43
0.795
0.3151
0.02861
0.02346
0.02861
0.02346
0.02861
0.02604
13.77
10.46
13.55
13.65
13.4
12.19
18.36
14.87
13.04
16.41
14.16
17.77
15.75
18.16
11.68
11.41
0.3647
0.1015
0.02604
0.02604
0.02604
0.02079
0.02861
0.02604
0.02861
12.08
13.43
14.94
15.43
16.24
12.39
10.9
11.0
11.91
6.25
9.79
8.984
7.703
9.399
8.862
0.1902
0.1041
0.02604
0.02604
0.02604
0.02604
0.02604
0.02604
0.02604
5.493
13.38
18.75
18.85
20.0
17.77
15.65
18.58
18.19
20.56
6.494
14.06
9.155
13.99
15.53
15.89
15.33
17.46
14.31
0.7607
0.4013
0.02861
0.02346
7.031
13.21
16.65
14.31
14.6
14.28
14.28
14.62
10.51
7.971
13.23
13.55
13.11
11.8
15.89
14.79
14.55
14.7
16.77
10.02
22.39
20.21
17.63
15.26
23.14
20.24
19.09
17.02
15.01
14.55
14.94
15.26
14.77
14.65
14.67
14.7
15.14
14.94
18.58
19.17
17.55
18.24
22.0
22.53
20.26
18.43
16.36
15.31
15.16
14.99
15.28
15.5
15.14
15.11
14.82
15.06
15.48
15.01
15.43
17.38
15.23
19.17
17.94
17.97
18.87
20.92
20.95
22.12
22.73
20.02
20.34
20.78
15.6
16.46
29.0
27.83
24.49
25.88
24.12
21.19
23.29
24.66
26.12
25.78
26.03
26.56
25.49
24.88
24.61
29.0
27.29
28.56
18.7
21.39
24.76
25.63
33.3
27.93
22.24
24.46
21.36
19.41
19.9
19.26
16.75
15.8
13.16
13.4
12.35
13.01
14.4
14.7
11.62
8.325
8.472
13.5
15.11
15.72
16.04
16.75
20.24
22.39
24.95
25.63
23.78
22.61
22.02
16.8
16.46
19.85
19.7
18.53
19.26
22.97
21.17
16.99
17.75
19.24
19.56
22.07
23.44
23.54
24.0
29.59
28.76
30.96
22.51
33.06
29.79
26.76
26.42
25.88
17.6
20.56
18.02
20.31
22.14
9.009
25.78
29.93
27.44
28.47
31.01
31.69
30.86
30.42
30.62
31.1
33.59
34.42
34.18
29.25
26.66
25.93
24.63
23.56
21.24
21.85
20.85
21.26
22.14
17.82
23.19
19.87
18.16
17.87
19.46
20.14
21.53
17.29
19.02
19.31
17.21
17.65
14.18
17.07
19.53
22.46
23.27
20.19
20.41
15.72
12.62
16.5
17.07
16.97
16.63
12.52
17.09
19.85
13.57
21.04
24.93
22.27
18.6
23.12
21.83
19.02
17.29
12.79
11.61
13.7
15.43
9.57
14.58
16.19
14.89
15.16
13.7
13.23
11.24
15.19
13.67
13.45
13.6
8.606
17.97
15.92
14.87
14.67
14.77
15.8
15.72
15.06
13.92
15.11
14.75
14.67
14.6
13.55
3.613
14.01
14.62
14.6
14.82
14.23
14.48
14.23
14.31
14.77
16.11
14.94
14.77
14.7
14.55
14.58
17.02
17.72
17.38
17.58
17.63
17.53
15.77
14.97
15.06
17.48
20.68
21.29
20.78
20.0
21.68
21.68
23.19
25.15
22.88
24.27
16.11
18.99
20.56
20.65
20.02
18.99
20.12
20.58
23.95
23.97
18.7
21.07
23.32
8.252
29.69
29.93
27.05
22.83
20.41
28.37
29.49
23.54
17.82
20.87
18.63
17.38
23.63
25.49
18.7
19.73
20.8
22.97
24.9
18.6
16.6
15.58
14.65
15.67
14.67
15.01
15.67
23.0
25.2
24.76
19.19
15.89
18.26
18.19
22.27
22.68
24.73
22.88
22.92
22.63
22.29
22.46
20.41
12.29
15.23
11.5
15.04
12.52
15.94
14.7
12.74
14.48
13.13
17.09
13.04
17.19
17.21
17.75
16.67
16.11
18.55
21.97
22.09
12.96
16.14
15.38
13.99
17.21
19.48
18.41
18.16
14.84
14.84
15.8
17.82
14.97
19.07
15.8
12.0
15.19
13.62
12.89
14.09
14.97
13.94
16.7
16.7
18.51
18.7
16.89
9.033
17.48
19.24
17.6
17.19
17.38
22.9
23.1
18.41
15.87
14.55
14.72
14.62
13.67
14.11
14.26
18.97
23.66
20.61
25.83
25.24
21.12
22.0
18.75
20.34
21.07
19.46
17.14
18.51
18.33
17.5
19.41
27.93
24.19
22.71
25.39
27.44
28.86
27.54
24.83
24.68
24.27
26.22
26.56
22.53
12.32
13.5
12.35
13.92
17.6
20.17
13.77
20.0
15.82
14.92
23.05
26.9
24.93
17.85
0.8209
0.4013
0.02346
0.02861
0.02861
0.02861
0.02604
0.02861
0.02604
0.02861
0.02604
0.02861
0.02604
0.02604
0.02604
0.02861
0.02604
0.02604
0.02604
0.02861
11.78
15.75
14.6
3.674
16.55
19.85
19.34
17.04
14.28
