4.059
4.059
4.059
4.059
4.059
4.059
4.156
4.254
4.26
4.26
4.132
4.065
4.065
4.059
4.059
4.059
4.059
4.059
4.156
4.254
4.254
4.254
4.254
4.254
4.254
4.254
4.254
4.254
4.254
4.254
4.254
4.254
4.254
4.254
4.254
4.254
4.254
4.254
4.254
4.254
4.254
4.254
4.254
4.254
4.254
4.254
4.254
4.254
4.254
4.254
4.254
4.254
4.254
4.254
4.254
4.254
4.254
4.254
4.254
4.254
4.254
4.254
4.254
4.254
4.254
4.254
4.254
4.254
4.254
4.254
4.26
4.254
4.254
4.254
4.254
4.254
4.254
4.26
4.26
4.26
4.26
4.254
4.254
4.26
4.26
4.26
4.26
4.26
4.26
4.26
4.26
4.26
4.26
4.26
4.26
4.26
4.26
4.26
4.26
4.26
4.26
4.26
4.26
4.26
4.26
4.26
4.26
4.26
4.26
4.26
4.26
4.26
4.26
4.26
4.26
4.26
4.26
4.26
4.26
4.26
4.26
4.26
4.26
4.26
4.26
4.26
4.26
4.26
4.26
4.26
4.26
4.26
4.26
4.26
4.26
4.26
4.26
4.26
4.382
4.395
4.26
4.26
4.26
4.26
4.26
4.26
4.26
4.26
4.26
4.26
4.26
4.26
4.26
4.26
4.26
4.26
4.26
4.26
4.26
4.26
4.26
4.26
4.26
4.26
4.26
4.254
4.254
4.26
4.26
4.26
4.26
4.26
4.26
4.26
4.254
4.26
4.254
4.254
4.254
4.254
4.254
4.254
4.26
4.254
4.254
4.254
4.254
4.144
4.059
4.059
4.059
4.059
4.059
4.089
4.059
4.059
4.059
4.114
4.126
4.077
4.254
4.254
4.23
4.248
4.23
4.077
4.095
4.114
4.224
4.211
4.254
4.254
4.254
4.224
4.254
4.254
4.254
4.254
4.242
4.242
4.144
4.193
4.224
4.254
4.254
4.144
4.175
4.071
4.15
4.242
4.254
4.254
4.254
4.254
4.254
4.254
4.254
4.254
4.254
4.254
4.254
4.254
4.254
4.224
4.071
4.065
4.218
4.254
4.254
4.248
4.254
4.254
4.132
4.065
4.059
4.193
4.254
4.254
4.254
4.248
4.254
4.248
4.248
4.254
4.175
4.254
4.254
4.15
4.254
4.254
4.254
4.254
4.254
4.254
4.254
4.254
4.254
4.26
4.254
4.254
4.218
4.059
4.059
4.059
4.059
4.065
4.169
4.254
4.248
4.156
4.059
4.156
4.254
4.254
4.254
4.254
4.254
4.254
4.254
4.248
4.254
4.254
4.254
4.254
4.248
4.254
4.254
4.254
4.248
4.254
4.248
4.254
4.254
4.254
4.26
4.254
4.254
4.254
4.254
4.254
4.254
4.254
4.254
4.254
4.254
4.254
4.254
4.248
4.248
4.254
4.254
4.254
4.254
4.254
4.248
4.254
4.254
4.254
4.254
4.248
4.254
4.254
4.254
4.254
4.254
4.254
4.254
4.254
4.254
4.254
4.254
4.26
4.254
4.254
4.254
4.254
4.254
4.254
4.254
4.26
4.26
4.26
4.26
4.254
4.26
4.26
4.26
4.26
4.26
4.26
4.26
4.26
4.26
4.26
4.26
4.26
4.26
4.26
4.26
4.26
4.26
4.26
4.26
4.26
4.26
4.26
4.26
4.26
4.26
4.26
4.26
4.26
4.26
4.26
4.26
4.26
4.26
4.26
4.26
4.26
4.26
4.26
4.26
4.26
4.26
4.26
4.26
4.26
4.26
4.26
4.26
4.26
4.26
4.26
4.26
4.26
4.26
4.26
4.26
4.26
4.26
4.26
4.26
4.26
4.26
4.26
4.26
4.26
4.26
4.26
4.254
4.254
4.26
4.26
4.26
4.26
4.327
4.291
4.26
4.254
4.26
4.254
4.254
4.26
4.407
4.413
4.26
4.358
4.456
4.456
4.456
4.437
4.26
4.352
4.254
4.254
4.254
4.254
4.254
4.254
4.254
4.254
4.254
4.254
4.205
4.089
4.059
3.912
4.065
4.059
4.065
4.175
4.248
4.254
4.254
4.254
4.254
4.254
4.254
4.224
4.211
4.193
4.193
4.187
4.254
4.254
4.254
4.254
4.254
4.254
4.254
4.254
4.254
4.156
4.254
4.211
4.254
4.254
4.248
4.254
4.254
4.108
4.187
4.187
4.254
4.138
4.059
4.138
4.254
4.254
4.254
4.083
4.059
4.138
4.254
4.254
4.242
4.102
4.254
4.254
4.254
4.254
4.254
4.254
4.254
4.26
4.254
4.254
4.254
4.254
4.254
4.254
4.254
4.254
4.181
4.059
4.059
4.059
4.059
4.059
4.059
4.065
4.059
4.059
4.059
4.059
4.059
4.059
4.059
4.065
4.065
4.059
4.059
4.059
4.205
4.26
4.26
4.26
4.254
4.26
4.26
4.187
4.12
4.254
4.254
4.254
4.254
4.254
4.254
4.254
4.254
4.254
4.254
4.254
4.254
4.254
4.254
4.254
4.254
4.254
4.254
4.199
4.059
4.059
4.059
4.181
4.254
4.126
4.095
4.065
4.059
4.169
4.254
4.254
4.254
4.254
4.254
4.254
4.254
4.254
4.26
4.254
4.254
4.254
4.254
4.254
4.254
4.254
4.254
4.254
4.254
4.254
4.254
4.254
4.254
4.254
4.254
4.254
4.254
4.254
4.254
4.254
4.26
4.26
4.26
4.26
4.26
4.254
4.254
4.254
4.26
4.26
4.26
4.26
4.425
4.437
4.437
4.437
4.297
4.26
4.26
4.26
4.26
4.26
4.26
4.26
4.26
4.26
4.26
4.26
4.26
4.26
4.26
4.26
4.26
4.26
4.26
4.26
4.26
4.26
4.26
4.26
4.26
4.26
4.26
4.26
4.26
4.26
4.26
4.26
4.26
4.26
4.26
4.26
4.26
4.26
4.26
4.26
4.26
4.26
4.26
4.437
4.456
4.456
4.456
4.456
4.456
4.456
4.456
4.456
4.456
4.456
4.456
4.456
4.456
4.456
4.456
4.456
4.456
4.456
4.456
4.456
4.456
4.456
4.456
4.456
4.456
4.456
4.456
4.456
4.456
4.456
4.456
4.456
4.456
4.456
4.272
4.26
4.26
4.26
4.431
4.449
4.321
4.26
4.26
4.254
4.254
4.26
4.254
4.254
4.254
4.254
4.254
4.254
4.175
4.077
4.059
4.059
4.059
4.059
4.065
4.059
4.059
4.059
4.059
4.108
4.059
4.059
4.059
4.187
4.089
4.089
4.108
4.218
4.218
4.254
4.254
4.254
4.254
4.242
4.077
4.065
4.236
4.114
4.059
4.205
4.199
4.254
4.254
4.254
4.254
4.254
4.254
4.254
4.254
4.254
4.254
4.187
4.059
4.163
4.187
4.181
4.254
4.254
4.199
4.254
4.254
4.254
4.254
4.254
4.254
4.254
4.254
4.254
4.254
4.254
4.254
4.254
4.254
4.254
4.254
4.199
4.059
4.071
4.071
