10.46
10.56
10.44
10.13
10.14
10.11
10.14
10.36
10.4
10.3
10.55
10.3
10.17
9.937
9.68
9.595
9.595
9.753
9.912
9.863
9.973
10.11
10.29
10.23
10.1
9.998
10.13
10.18
10.18
10.21
10.23
10.28
10.13
9.619
9.68
9.717
9.888
10.01
10.53
10.56
10.19
10.18
9.924
9.924
10.01
9.314
9.668
9.521
9.521
9.583
9.717
9.949
9.961
9.387
9.485
9.595
9.814
9.839
9.607
9.802
9.851
10.03
9.949
9.9
9.692
9.521
9.521
9.692
9.778
9.741
9.68
9.351
9.644
9.009
10.08
15.6
16.04
15.97
15.94
15.97
15.92
15.7
15.53
15.65
15.87
15.94
15.89
15.16
14.99
14.77
14.62
14.55
14.53
14.5
14.77
14.58
14.6
14.84
14.23
14.26
14.53
14.38
14.75
14.43
14.04
13.79
13.6
13.6
13.5
13.21
13.55
13.72
13.7
13.57
13.62
13.79
13.04
13.01
12.62
12.13
12.22
12.38
12.39
12.19
11.78
11.87
11.84
11.94
12.05
12.07
11.84
11.85
11.94
11.78
11.29
11.08
11.28
11.38
11.47
12.11
11.54
11.4
12.52
12.06
11.34
11.29
11.46
11.62
11.89
11.91
11.25
11.35
11.27
11.25
11.08
10.93
10.73
10.85
10.75
11.05
10.9
11.12
11.01
10.82
10.91
11.1
10.89
10.68
10.62
10.61
12.57
9.937
10.3
10.38
10.22
10.19
10.27
9.631
9.888
10.19
10.39
10.42
10.14
10.25
9.888
9.778
9.949
10.07
10.13
10.12
9.802
9.802
9.473
9.204
9.424
9.46
9.326
9.314
9.473
9.558
9.607
9.705
9.631
9.68
9.631
9.778
9.802
9.717
10.11
10.36
10.25
10.03
10.05
9.985
9.998
10.14
10.1
10.23
10.33
10.11
10.06
10.42
10.21
10.23
10.51
10.44
10.6
10.78
10.66
10.49
10.61
10.31
10.82
10.51
10.73
10.56
10.47
10.45
10.27
10.21
10.12
10.19
10.38
10.63
10.56
10.73
10.67
10.51
10.67
10.49
10.71
10.53
10.45
10.39
10.63
10.62
10.58
10.31
10.4
10.51
10.79
10.53
10.11
9.912
10.02
10.3
10.29
10.35
10.13
10.11
10.33
10.46
10.62
10.75
10.47
10.44
11.8
10.72
11.43
10.61
10.75
10.82
11.11
10.35
9.668
9.729
10.01
10.19
10.16
10.46
10.28
10.25
10.01
10.1
10.18
10.08
9.961
9.912
9.839
9.79
9.607
9.766
9.521
9.497
9.668
9.607
9.448
9.534
9.583
9.644
9.326
9.534
9.534
9.717
9.741
9.741
9.778
9.375
9.326
9.326
9.363
9.448
9.277
8.887
10.74
15.43
14.48
14.21
14.18
14.18
14.04
14.28
14.26
14.18
14.16
14.16
13.99
14.5
13.92
13.96
13.38
13.21
13.06
13.13
13.4
13.57
13.6
13.6
13.87
13.53
13.55
13.4
13.45
13.35
13.04
13.04
13.43
13.45
13.33
13.21
13.26
13.04
12.96
12.94
12.89
13.01
12.89
12.84
12.43
12.82
12.82
12.82
13.11
12.57
12.41
12.84
12.37
12.41
12.52
12.67
12.44
12.44
12.62
12.46
12.7
12.33
12.37
12.52
12.43
12.33
12.23
12.67
12.62
13.4
13.65
12.62
12.62
12.79
12.62
12.46
12.44
12.23
12.29
12.06
11.45
11.61
11.45
11.57
11.63
11.46
11.18
10.91
11.02
11.01
10.75
10.68
10.75
10.82
10.4
10.3
9.924
9.998
9.839
9.888
10.21
10.12
9.753
9.79
9.583
9.509
9.57
10.5
10.07
9.937
9.814
10.07
10.16
9.888
9.485
9.558
9.705
9.644
9.68
9.949
9.741
9.839
9.277
9.363
9.424
9.363
9.167
9.265
9.277
9.534
9.631
9.875
9.937
9.912
9.851
10.29
9.766
9.729
9.973
10.08
10.12
9.985
9.888
10.6
10.12
10.19
10.35
10.18
10.11
10.27
10.19
10.45
10.34
10.31
10.42
10.5
10.4
10.74
10.71
10.64
10.47
10.42
10.36
10.77
11.13
10.4
10.58
10.47
10.52
10.62
10.4
10.3
10.3
10.56
10.36
10.16
10.42
10.5
10.91
10.79
10.77
10.69
10.71
10.78
10.68
10.8
10.72
10.19
10.28
10.46
10.79
10.89
10.68
10.55
11.11
10.42
10.12
10.1
9.985
10.1
10.01
9.912
9.937
10.1
10.27
10.51
10.49
10.5
10.62
10.83
10.88
10.79
10.75
10.55
10.27
10.39
10.44
10.51
10.49
10.64
10.36
10.49
10.14
10.17
9.961
10.12
9.717
10.01
10.02
9.924
9.851
9.9
9.68
9.937
10.07
10.22
10.1
10.12
9.802
9.9
9.949
10.07
9.753
9.851
9.912
9.9
9.9
9.521
9.375
10.33
15.67
16.09
16.09
16.09
16.09
16.09
16.09
16.09
16.11
16.09
16.09
16.09
16.09
16.09
16.02
15.72
15.7
15.6
15.72
15.82
16.04
16.04
15.94
15.94
15.43
14.38
14.38
14.36
14.5
14.58
14.65
14.75
14.7
14.4
14.55
14.55
14.65
14.09
13.79
13.79
13.82
14.06
14.36
14.4
13.89
12.94
12.82
12.87
12.87
12.67
12.96
12.15
11.84
11.84
12.01
12.23
11.94
11.76
10.88
10.69
10.88
11.27
11.33
11.58
11.45
11.28
11.01
11.08
11.27
11.45
11.34
11.29
11.27
11.35
11.49
11.49
11.45
11.58
11.65
11.46
11.44
11.28
10.91
11.05
10.6
10.77
10.74
10.78
10.97
10.89
10.86
10.91
10.88
11.12
10.96
9.863
9.717
9.717
9.9
9.521
9.644
9.534
9.521
9.546
9.619
9.778
9.9
9.863
9.705
9.485
9.424
9.741
9.839
9.827
9.937
9.766
9.753
9.851
10.05
9.521
9.692
9.741
9.668
9.766
9.863
9.521
9.57
9.351
9.497
9.302
9.46
9.326
9.473
9.253
9.326
9.326
9.485
9.521
9.546
9.705
9.692
9.802
9.998
9.839
10.02
10.13
10.1
9.998
9.888
9.717
9.79
9.924
9.79
10.07
10.1
10.12
9.9
10.05
10.06
10.27
