0.4036
0.4875
0.1251
0.1059
0.3063
0.1646
0.3693
0.3494
0.3826
0.3773
0.2201
0.2121
0.2506
0.5424
0.09508
0.1255
0.08984
0.3777
0.02728
0.1844
0.206
0.2064
0.3468
0.2853
0.1457
0.1827
0.4478
0.3414
0.1429
0.08984
0.2579
0.2193
0.2453
0.1728
0.6149
1.393
1.561
1.404
1.302
0.9476
1.106
1.18
2.167
5.164
2.655
3.729
2.301
0.4211
0.1673
0.2426
0.3658
0.317
1.167
1.192
1.242
1.547
1.337
1.54
1.311
1.376
6.03
2.155
3.632
1.788
0.8789
0.9781
1.424
1.321
1.346
1.268
1.279
1.495
4.681
2.969
2.463
2.982
0.827
0.9048
1.125
1.288
1.376
1.524
1.189
1.239
3.085
4.7
2.029
3.186
1.593
0.6081
0.9521
1.106
1.372
1.164
1.286
1.347
1.085
1.259
5.75
2.026
3.21
2.06
0.7164
0.2522
0.6493
0.1829
0.425
0.4898
0.5066
0.322
0.4311
0.09308
0.1379
0.1564
0.3117
0.1732
1.294
1.733
1.996
1.831
1.678
1.547
5.658
2.057
3.546
1.617
0.4768
0.6134
0.6783
0.2502
0.1228
0.0843
0.2361
0.2098
0.4425
1.173
1.286
1.328
1.329
1.379
1.41
1.424
5.768
2.374
3.455
1.773
1.117
0.2861
0.1375
0.0905
0.275
0.2026
0.4883
0.3414
0.489
0.1131
0.1312
0.1009
0.2716
0.1333
1.007
1.158
1.166
1.118
1.065
0.9781
0.9598
0.9735
1.041
0.9216
0.9674
0.8789
1.149
1.164
1.183
1.32
1.401
1.096
1.039
1.178
1.054
1.363
1.331
1.41
1.352
1.166
1.141
1.192
1.256
1.201
1.237
1.324
1.187
1.234
1.355
1.825
3.906
5.011
8.691
5.383
6.555
8.643
7.361
7.141
5.762
6.482
8.508
6.299
3.381
2.368
2.744
1.672
1.234
1.111
0.5051
0.4707
0.2655
0.301
0.3345
0.06418
0.1261
0.07858
0.3593
0.6531
0.7805
0.3334
0.7278
0.3391
0.1099
0.08821
0.1804
0.4936
0.03891
0.0003815
0.0
0.0
0.01602
0.2701
0.2796
0.4829
0.7492
0.4845
0.2163
0.441
0.08183
0.1066
0.07563
0.2659
0.2384
0.4868
0.243
0.4707
0.2827
0.1308
0.07677
0.2262
0.2552
0.0
0.0008583
0.0
0.01516
0.214
0.1566
0.178
0.7515
0.1881
0.2831
0.2003
0.2674
0.2167
0.2068
0.3136
0.3719
0.1265
0.0741
0.1194
0.3635
0.2274
0.0008583
9.537e-05
0.0
0.0
0.0
0.0
0.0906
0.3212
0.1295
0.06685
0.2071
0.3044
0.4707
0.5287
0.5409
0.2953
0.3181
0.3052
0.3319
0.3468
0.2483
0.2365
0.201
0.08316
0.08669
0.0
9.537e-05
0.0
0.0
0.0003815
0.0002861
0.01392
0.5135
0.1892
0.3059
0.2731
0.2377
0.211
0.1984
0.4562
0.3132
0.2502
0.116
0.09937
0.2846
0.1829
0.6302
0.06714
0.1244
0.1802
0.2914
0.0001907
0.0
0.0
0.0002861
0.0
0.5188
0.1286
0.2457
0.2052
0.4272
0.1972
0.1524
0.4265
0.1352
0.153
0.2682
0.2819
0.515
0.07648
0.1232
0.08936
0.3315
0.1606
0.0002861
0.0
0.0
9.537e-05
0.0
0.01564
0.8926
0.9109
0.4112
0.1127
0.08774
0.1129
0.3059
0.2651
0.1984
0.2697
0.3197
0.1516
0.1066
0.4303
0.2304
0.2605
0.4623
0.1209
0.07486
0.1507
0.386
0.139
0.8453
0.9857
1.086
1.225
1.146
1.268
1.294
1.376
1.134
1.195
1.349
1.387
1.428
1.794
1.904
1.953
1.602
1.176
1.3
1.413
1.486
1.318
1.039
1.004
1.125
1.18
1.347
1.086
1.265
1.474
6.171
6.555
7.739
5.725
5.591
8.826
8.459
8.374
5.334
7.3
6.396
5.53
4.926
3.43
3.003
2.625
0.7347
0.9872
0.01211
1.279
3.51
3.693
3.625
3.516
3.528
3.436
3.491
3.241
2.472
2.911
3.107
2.686
5.566
7.532
7.227
9.363
6.372
4.755
4.132
2.414
0.9048
2.283
2.988
2.64
2.655
2.753
2.67
2.661
2.676
2.914
2.945
2.786
2.664
2.435
2.802
2.759
2.924
2.521
5.457
6.934
6.097
8.887
5.682
5.237
4.584
2.429
0.7751
2.084
2.734
2.823
2.737
2.554
2.267
2.383
2.429
2.411
2.826
2.85
2.896
2.542
2.722
2.621
2.789
2.509
2.863
0.0
0.2548
1.816
2.026
3.308
3.448
3.308
3.369
3.314
2.802
2.597
2.289
2.142
2.191
2.325
2.118
2.106
2.103
2.097
2.344
3.412
2.612
3.851
6.946
2.515
7.263
8.838
7.605
5.42
4.181
3.418
2.49
1.315
0.201
1.941
1.874
2.029
1.801
1.706
1.746
1.877
1.636
1.752
1.53
1.816
1.859
1.953
1.929
1.822
1.855
1.877
1.92
1.688
1.862
1.624
1.846
2.93
1.543
4.755
6.122
4.498
6.061
11.69
8.765
6.726
5.695
2.411
0.4181
0.9445
2.341
4.852
0.914
1.831
2.335
4.132
4.791
0.7584
1.405
2.365
4.407
0.4097
1.688
3.012
3.821
0.4204
1.797
3.54
3.076
0.4921
2.216
3.693
2.774
0.3246
2.454
3.87
3.479
3.442
3.534
3.473
3.448
3.589
3.619
3.668
3.717
3.455
3.748
3.65
6.311
9.192
10.69
8.032
7.581
4.871
3.418
1.537
0.499
1.624
1.703
1.904
2.014
2.295
2.386
2.338
2.225
2.542
2.426
2.493
2.591
2.499
2.655
2.484
2.53
2.472
2.432
2.371
2.502
8.301
3.375
6.158
8.044
8.179
7.373
5.353
4.749
2.625
1.329
0.8881
1.521
1.721
1.779
2.158
2.261
2.255
2.493
2.588
2.368
2.344
2.478
2.399
2.365
2.377
2.359
2.432
2.31
2.606
2.902
1.611
1.401
1.448
5.042
5.261
1.883
4.81
3.497
6.018
4.095
4.51
3.259
3.888
3.961
2.438
2.637
2.652
2.527
1.558
0.7706
0.8087
0.8118
1.828
0.4295
0.5722
2.026
0.5478
0.3265
1.208
0.4997
1.035
0.1585
1.253
0.09937
1.167
0.09718
0.7622
0.6401
0.4295
1.047
0.1625
0.2724
0.05398
0.1158
0.09823
0.1715
0.2575
0.2289
0.251
0.1547
0.3048
0.3563
0.1488
0.1196
0.3723
0.9125
0.9537
0.1637
1.363
1.03
0.5142
0.5386
1.059
0.3101
0.05026
0.1141
0.09165
0.3822
0.09012
0.8392
0.8469
2.002
2.231
2.106
2.371
2.432
2.441
2.347
2.231
2.267
1.959
2.444
2.347
2.554
2.115
2.448
2.597
2.49
2.448
2.338
2.713
2.563
2.435
6.616
5.585
6.006
7.434
7.373
6.458
4.626
4.065
3.583
1.369
0.8591
0.1354
0.6599
0.1348
0.1358
0.3525
0.3117
0.3353
0.4135
0.5211
0.3399
0.3136
0.3109
0.2804
0.2434
0.0005722
9.537e-05
0.0
0.0
0.005817
0.3372
0.3349
0.3353
0.1913
0.4707
0.3719
0.4326
0.3296
0.4448
0.3616
0.2228
0.6508
0.4578
0.4745
0.2155
0.5783
0.2884
0.3521
0.0001907
0.0
0.0
0.0
0.0
0.0
0.0
0.0
0.0
0.0
0.0
0.0
0.0
0.0
0.0
0.0
0.0
0.0
0.0
0.0
0.0
0.001049
0.0
0.0
0.1278
0.3696
0.8636
0.4128
0.3178
0.1415
