0.0
0.0001907
0.0
0.0
0.0
0.0
0.0
0.0003815
0.0
0.0003815
0.0
0.0
0.0
0.0
0.0
0.0002861
0.0
0.0
9.537e-05
0.0
0.0
0.0
0.0
0.0
0.0
0.0
0.0
0.0
0.0
0.0
0.0
0.0
0.006294
0.09956
2.06
2.695
2.542
2.463
2.747
4.773
2.518
1.907
1.073
0.09995
1.715
2.832
2.844
2.939
2.625
4.828
2.356
2.28
1.106
0.3754
2.255
3.07
3.021
3.278
4.077
3.937
2.463
0.211
1.402
3.571
3.442
3.552
5.28
1.675
1.889
0.2346
0.3311
0.2579
0.4341
0.6973
2.435
2.689
3.006
2.808
5.267
2.084
1.804
0.1558
0.2388
0.6569
3.229
3.21
2.994
4.187
3.11
2.158
0.9369
0.6622
2.957
3.024
3.168
3.162
4.626
1.418
1.822
0.3937
0.6111
1.572
3.271
3.271
3.073
4.81
2.56
0.7797
0.3609
0.5074
1.901
2.286
2.545
2.786
3.43
4.657
1.39
0.4295
0.3262
0.259
0.3468
0.4517
0.5829
2.191
3.876
3.436
2.908
5.151
2.295
0.5684
0.6317
0.3967
0.03948
1.318
2.039
2.405
3.18
3.43
4.407
2.307
0.724
0.5859
0.5096
0.4639
0.7431
0.4242
0.2033
0.3906
0.3632
0.1417
2.368
2.38
2.167
2.597
2.887
5.334
2.396
0.3746
0.1863
1.627
2.063
3.082
3.528
4.797
2.628
2.02
0.4616
0.3105
0.3761
0.3357
0.3967
0.399
0.4158
0.5936
0.1795
0.6111
0.3746
0.4395
0.2995
0.1287
0.2083
0.3002
0.0009537
0.0009537
0.0
0.0
0.0
0.0
0.2682
0.2151
0.317
0.2495
0.1968
0.4311
0.2567
0.2621
0.2789
0.3166
0.2773
0.3384
0.3819
0.3433
0.1461
0.1112
0.3872
0.2071
0.02174
9.537e-05
0.0
0.0
0.0
9.537e-05
0.2338
0.3803
0.2113
0.3651
0.1127
0.2068
0.3841
0.2106
0.1476
0.1385
0.3967
0.2335
0.2323
0.2083
0.4234
0.3483
0.1678
0.1535
9.537e-05
0.0
0.0
0.0
0.0
9.537e-05
0.09136
0.2731
0.4608
0.1722
0.1951
0.003242
0.2094
0.3494
0.0515
0.1703
0.1072
0.3399
0.1135
0.01888
0.2277
0.663
0.3944
0.7156
0.0
0.0
0.0
0.0
0.0
0.0005722
0.01202
0.2605
0.2129
0.1707
0.2457
0.1799
0.3777
0.2636
0.3223
0.3597
0.1839
0.2853
0.1434
0.1837
0.5852
0.1534
0.1791
0.6363
0.0
0.0
0.0003815
0.0
0.0
0.0
0.5577
0.2441
0.4547
0.2705
0.2842
0.3944
0.0006676
0.2968
0.3502
0.2018
0.1419
0.3944
0.304
0.1846
0.2655
0.2605
0.4196
0.1301
0.0
9.537e-05
0.0001907
0.0
0.0
0.0
0.0
0.1287
0.1225
0.1347
0.4387
0.2014
0.2762
0.2693
0.1501
0.1968
0.2392
0.1312
0.4723
0.127
0.2113
0.2102
0.1215
0.1173
0.0
0.0
0.0
0.0
0.0
0.0
0.0003815
0.1602
0.3563
0.3708
0.3853
0.2682
0.2224
0.2716
0.1894
0.0003815
0.08087
0.1671
0.367
0.3086
0.2644
0.2926
0.1657
0.3632
0.009441
0.0006676
9.537e-05
9.537e-05
0.0
0.0
0.003719
0.4265
0.0004768
0.0009537
0.3651
0.2205
0.2415
0.2193
0.4471
2.414
2.454
2.676
2.56
2.911
2.777
3.033
2.847
2.31
2.64
2.673
2.304
2.234
2.222
2.216
2.112
2.313
2.539
6.396
6.799
10.62
6.232
6.921
4.938
4.608
3.632
1.59
0.9125
1.84
2.176
4.779
2.094
0.222
1.825
2.402
2.515
2.551
2.191
2.344
2.322
2.319
2.444
2.338
2.591
2.612
2.853
2.682
2.481
2.628
3.027
2.774
7.629
5.792
6.433
6.934
5.072
4.95
3.821
2.841
1.276
1.088
2.643
2.429
2.554
2.927
2.927
3.091
2.563
2.649
2.542
2.689
2.829
2.856
2.859
2.579
2.618
2.509
2.499
5.005
7.629
5.402
7.605
7.019
4.382
4.84
3.833
1.512
0.7729
2.17
2.13
1.883
2.036
1.773
1.523
1.534
1.624
1.807
2.02
2.023
1.926
1.746
1.791
1.715
1.758
1.697
1.688
1.984
2.289
2.481
2.496
2.759
5.151
7.361
7.544
7.837
5.994
5.713
3.363
2.496
2.051
2.707
1.186
0.6561
1.056
1.396
1.447
1.678
1.636
1.633
1.886
2.017
1.828
1.733
1.599
1.59
1.529
1.724
1.546
1.62
1.849
2.051
2.322
2.341
2.213
2.133
2.277
3.217
7.983
7.214
11.1
7.935
6.946
5.511
3.912
2.67
1.987
0.2926
1.328
1.379
1.694
1.527
1.648
1.843
1.956
1.968
1.427
1.581
1.688
1.666
1.657
1.807
1.593
2.011
1.904
1.938
1.959
1.73
1.636
1.55
1.645
1.636
2.798
6.299
2.554
4.364
4.388
6.177
6.531
4.681
5.762
3.577
3.76
2.661
1.503
0.4707
0.9903
0.9811
1.054
1.219
2.859
3.259
1.454
0.8392
0.7965
1.549
1.688
3.412
4.382
1.544
0.4562
1.497
2.838
2.774
0.3944
1.306
1.712
4.108
0.7523
0.972
1.801
4.181
1.476
0.4311
1.599
2.179
4.553
1.222
0.4974
1.633
3.265
2.2
0.2415
1.212
1.913
3.937
2.164
0.4326
1.241
1.517
3.864
1.184
0.4501
2.399
2.518
2.786
3.119
2.774
2.554
2.213
2.213
2.06
2.158
2.252
2.078
1.862
1.74
1.691
1.572
1.593
1.752
1.578
1.752
1.392
1.633
4.584
5.255
2.258
4.706
4.614
5.353
5.634
5.212
5.743
4.608
3.357
1.883
1.247
1.077
1.77
1.92
1.639
1.752
1.752
2.005
1.959
2.267
2.075
2.106
2.167
1.7
2.179
2.188
2.011
2.042
1.917
1.758
1.596
1.648
1.636
2.1
2.017
1.727
2.039
5.334
4.596
2.094
4.974
5.151
6.213
5.688
6.787
4.437
4.492
2.686
1.282
1.537
1.358
0.3742
2.625
0.4333
1.363
1.706
1.323
0.4494
2.429
0.3822
1.422
0.2869
0.1486
0.3372
0.3738
2.249
0.2811
1.115
0.2552
1.19
0.1808
0.9308
0.3059
0.5798
0.9827
0.3788
1.273
0.1711
0.3151
0.07076
0.1146
0.1074
0.3395
0.695
0.9048
0.7576
0.4158
0.1183
0.1236
0.3654
0.8408
0.4875
1.022
0.7057
0.9125
0.8377
0.8224
0.8774
0.8316
0.9109
0.7271
0.322
0.1682
0.3002
0.351
0.3479
0.1366
0.1108
0.3407
0.5356
0.3391
0.1575
0.1328
0.3094
0.8148
0.6821
0.6821
0.5173
0.663
0.2167
0.1577
0.3395
0.428
0.4562
0.4669
0.3578
0.293
0.2201
0.1524
0.312
0.1131
1.569
1.953
2.2
2.191
2.087
1.761
1.907
1.73
1.859
1.852
1.816
1.517
1.767
1.846
1.675
1.913
1.855
1.709
1.877
1.959
1.785
1.886
1.938
1.898
1.736
6.335
3.772
2.109
4.657
5.157
6.482
6.067
4.553
5.06
4.694
3.326
3.632
2.96
1.381
0.2789
0.2609
0.3464
0.4616
0.2914
0.0
0.0
0.0
0.0
0.0
0.0
0.0
0.0
0.0
0.0001907
0.0
0.0
0.0
0.0
0.0
0.0
0.0
0.0
0.0
0.01163
0.6981
0.304
0.2357
0.6577
0.4677
0.2506
0.2499
0.6264
0.8926
0.1423
