0.0
0.0
0.0
0.0
0.0
0.0
9.537e-05
0.0
0.0
0.0
0.0
0.0
0.0
0.0
0.0
0.0
0.0
0.0
0.0
0.0
0.0
0.0
9.537e-05
0.0
0.0
0.0
0.0
0.0
0.0
0.0
0.0
0.0
0.01001
0.3433
1.477
1.54
1.743
1.584
1.324
1.292
3.918
4.126
2.914
2.93
0.4852
0.7935
1.392
1.605
1.311
1.456
1.88
3.21
4.089
1.859
3.424
1.387
0.9659
2.881
3.018
3.046
6.213
4.01
2.481
0.2266
1.189
1.501
1.828
1.764
1.724
4.657
2.899
2.686
1.782
0.5501
1.013
1.544
1.749
1.459
1.645
1.624
5.505
2.219
3.308
0.8835
0.1066
0.7217
1.064
1.355
1.491
1.559
1.74
4.565
3.079
2.618
2.496
0.7965
0.136
0.3864
0.08497
0.1165
0.0885
0.3231
0.2422
0.3117
0.1074
0.07839
0.2831
0.3983
0.08659
0.1049
0.1326
0.2655
0.2144
1.559
1.347
1.913
2.057
2.145
4.767
3.009
3.168
2.112
0.3593
0.3456
0.131
0.1266
0.09823
0.3387
0.1289
0.5234
0.399
1.213
1.411
1.35
1.453
1.37
1.651
5.469
3.156
3.442
1.773
0.5287
0.3529
0.3792
0.161
0.1093
0.1007
0.296
0.2998
0.3571
0.1116
0.1078
0.2045
0.1488
0.3944
0.4074
0.3456
0.1703
0.5196
0.7004
1.253
1.537
1.381
1.315
1.242
1.302
3.333
4.578
3.406
3.308
0.5371
0.4547
0.4715
0.2808
0.1202
0.07076
0.2945
0.1137
0.7553
0.4494
0.3426
0.367
0.3838
0.09747
0.07639
0.2422
0.1453
0.03433
0.6432
0.1518
0.09155
0.2316
0.1726
0.3407
0.2872
0.0247
0.1774
0.3548
0.2419
0.2632
0.4547
0.3578
0.264
0.2232
0.267
0.2762
0.3841
0.1266
0.06847
0.2758
0.1669
0.02079
0.3242
0.3452
0.4654
0.222
0.1364
0.2708
0.1602
0.425
0.1198
0.09699
0.06094
0.1999
0.3178
0.3052
0.106
0.08087
0.2525
0.3269
0.1478
0.1171
0.1646
0.2678
0.02031
0.441
0.2113
0.259
0.3414
0.104
0.1945
0.1995
0.2186
0.264
0.3574
0.2361
0.2014
0.2281
0.3624
0.201
0.2266
0.7103
0.5089
0.3864
0.5646
0.1728
0.1257
0.1875
0.2644
0.02174
0.618
0.2369
0.1024
0.09289
0.3479
0.8255
0.6714
0.1265
0.1696
0.3235
0.259
0.1568
0.3063
0.1562
0.3235
0.1322
0.3063
0.4425
0.1122
0.2285
0.1814
0.0009537
9.537e-05
0.01678
0.3788
0.2216
0.4478
0.9796
0.3262
0.3765
0.3998
0.01755
0.4242
0.1984
0.119
0.2487
0.2033
0.2571
0.2457
0.2159
0.1705
0.4631
0.1247
0.1173
0.3517
0.0006676
9.537e-05
0.03023
0.2659
0.1766
0.1364
0.1375
0.2758
0.141
0.1173
0.6294
0.2102
0.2277
0.1892
0.1347
0.2594
0.1646
0.1602
0.2655
0.2007
0.1659
0.3517
0.173
0.4662
0.0001907
0.0001907
0.05989
0.531
0.12
0.06647
0.2525
0.2369
0.2808
0.4173
0.6668
0.1425
0.3517
0.2468
0.2617
0.1238
0.07858
0.3044
0.3662
0.1186
0.2327
0.2491
0.0004768
0.0
0.0
0.0
0.03119
0.2941
0.4578
0.7057
0.3613
0.09012
0.1268
0.2411
0.1787
0.4364
0.08831
0.5081
0.144
0.3822
0.8606
1.697
1.74
1.654
1.642
1.886
1.599
1.494
1.183
1.26
2.274
2.084
2.219
2.444
2.133
2.567
2.261
2.261
2.161
2.258
5.725
6.287
7.373
6.714
7.739
10.96
10.27
9.143
3.961
5.573
2.551
0.5791
2.432
1.627
1.743
1.715
1.862
1.999
1.901
1.935
2.499
2.509
2.502
1.917
2.06
2.386
2.386
2.444
4.199
7.617
7.397
5.682
9.338
5.139
7.922
4.81
7.8
6.372
4.98
3.748
3.424
1.358
1.117
1.387
1.215
1.382
1.265
1.508
1.883
1.901
1.559
1.602
1.74
1.454
1.617
1.663
1.552
1.605
1.779
1.749
1.849
1.633
1.157
1.291
1.431
1.549
1.663
4.681
6.97
6.494
7.288
10.78
9.68
7.178
8.765
7.593
4.663
4.041
1.341
0.9583
1.559
1.462
1.279
1.413
1.672
1.63
1.561
1.596
1.743
1.537
1.367
1.672
1.624
1.559
1.503
1.483
1.212
1.085
1.196
0.9933
1.202
1.286
1.505
1.492
3.369
4.877
9.265
5.713
7.336
8.752
7.788
6.25
6.995
8.374
4.73
4.767
1.828
2.1
0.04826
1.221
1.357
1.357
1.614
1.602
1.503
1.463
1.161
1.242
1.282
1.201
1.068
1.224
1.183
1.326
1.199
1.068
1.021
1.131
1.237
1.302
1.263
1.201
1.064
1.064
1.01
1.102
2.57
5.414
7.495
4.706
6.531
8.13
6.921
7.983
6.061
6.287
6.232
5.774
3.192
4.62
2.243
0.33
1.151
1.163
1.338
1.352
1.538
1.685
1.907
1.682
1.62
1.468
1.608
1.357
1.59
1.366
1.375
1.469
1.553
1.561
1.593
1.733
1.521
1.764
1.859
1.672
2.765
5.176
6.787
6.848
5.829
9.839
10.01
7.068
5.035
7.886
4.871
3.839
2.832
4.376
2.374
0.2167
0.1198
0.2102
0.3323
0.1451
0.08259
0.08774
0.3193
0.1335
0.7805
0.856
0.7515
2.859
2.881
1.877
0.9216
0.618
1.332
1.552
1.63
1.767
1.709
1.7
1.379
1.357
1.408
1.55
1.627
1.479
1.425
1.471
1.556
1.59
1.569
1.779
1.791
1.782
1.797
1.895
1.865
7.031
5.847
6.47
6.274
11.3
9.229
6.201
7.751
4.59
4.675
3.76
3.32
2.045
0.6248
1.302
1.645
1.59
1.755
1.907
1.852
1.77
1.569
1.476
1.482
1.427
1.541
1.605
1.459
1.39
1.436
1.277
1.331
1.205
1.52
1.514
1.463
1.193
1.219
1.274
1.297
3.625
8.167
4.205
6.274
6.055
8.398
8.374
6.995
5.469
6.873
4.889
4.126
3.979
2.197
2.396
0.2621
0.1179
0.104
0.1528
0.2331
0.5608
2.097
0.5348
0.2079
0.1526
0.1053
0.0823
0.2499
0.1499
1.196
0.1165
1.347
0.2975
0.2598
0.06189
0.1093
0.1434
0.312
0.275
1.341
0.1871
1.529
0.1833
1.413
0.4532
0.8942
0.2716
0.09518
0.07648
0.1732
0.2224
0.8667
0.8789
0.2674
0.1814
0.1205
0.0886
0.3075
0.1574
0.9659
0.6706
0.3704
0.251
0.1165
0.1032
0.3284
0.4204
0.06189
0.102
0.07229
0.2575
0.1484
1.012
0.2579
0.123
0.1032
0.06828
0.1957
0.2686
0.4936
0.6577
0.4837
0.3628
0.4082
0.6821
0.3445
0.07477
0.09861
0.07648
0.2647
0.2678
0.2525
0.07086
0.08106
0.08459
0.251
0.4066
0.1448
0.1122
0.1123
0.3185
0.2846
0.1463
0.3368
0.5112
0.2693
0.2808
0.6866
1.134
1.256
1.019
1.215
1.073
1.054
0.9537
1.06
1.053
1.051
1.205
1.021
1.047
1.073
1.245
0.9079
0.9232
0.9705
1.102
1.117
1.082
1.077
1.189
1.239
1.26
1.292
1.1
1.18
1.317
1.678
1.462
1.324
4.034
8.655
5.878
5.334
9.119
6.824
8.765
5.103
7.935
5.469
4.803
4.089
3.619
2.713
0.0
0.8911
0.9613
0.4303
0.127
0.6561
0.9277
0.3658
0.288
0.2094
0.4242
0.3929
