16.99
18.51
17.07
17.24
19.9
18.77
19.51
20.39
20.63
15.97
14.26
15.41
16.82
19.02
12.72
12.05
11.49
12.1
11.25
10.18
12.13
13.87
13.82
15.14
12.08
17.77
17.04
18.55
18.16
21.44
22.05
24.17
23.41
23.17
18.6
18.6
15.7
15.28
11.13
9.863
11.94
15.33
15.23
13.96
17.46
12.19
11.95
11.95
14.21
16.24
14.77
15.23
14.92
16.65
20.65
19.43
19.07
20.0
19.19
22.85
21.19
23.32
17.19
20.51
18.48
18.48
17.04
15.97
17.04
14.62
17.31
18.41
16.8
16.7
16.33
17.77
19.07
18.24
19.92
18.29
10.95
16.24
14.7
10.21
8.032
11.58
8.667
12.89
14.82
13.87
11.77
12.94
14.23
14.75
14.04
16.21
13.33
15.84
17.14
14.97
17.29
21.07
23.39
24.83
24.71
21.14
15.09
15.09
22.44
24.39
23.8
13.55
12.27
10.11
11.13
13.28
12.65
12.72
12.89
12.23
13.35
19.46
14.6
18.58
22.56
25.0
20.26
15.97
19.51
16.36
13.28
10.13
10.66
12.99
9.412
8.569
8.838
7.202
7.715
9.558
9.033
9.302
11.73
9.656
10.64
15.26
17.26
17.43
17.65
19.65
17.87
18.43
16.97
17.63
14.28
15.7
16.02
19.19
14.65
16.75
14.97
17.43
16.16
14.99
10.14
9.448
11.12
11.05
11.05
14.67
13.45
12.52
13.99
13.77
17.07
15.55
18.38
18.36
17.09
18.21
15.82
19.17
19.65
24.22
22.12
23.68
23.56
22.56
19.07
16.48
17.11
18.02
16.77
17.36
15.55
16.19
17.72
20.87
18.55
22.44
17.46
21.34
17.99
13.16
13.72
14.65
13.77
14.6
14.33
16.77
14.7
15.48
15.8
17.09
17.97
17.92
17.53
18.55
16.19
15.06
17.65
16.26
12.65
11.58
12.15
15.5
14.5
11.24
10.58
14.04
11.11
11.73
11.22
9.546
10.29
10.83
11.15
13.89
15.19
16.02
14.33
16.09
16.65
17.21
20.56
21.24
17.5
14.99
18.33
19.78
21.17
18.26
18.14
18.63
16.65
15.33
13.4
14.21
13.65
13.65
13.01
11.78
15.5
18.29
19.6
21.66
19.92
21.41
21.56
21.78
23.12
20.39
21.12
20.26
17.92
15.87
15.16
16.89
17.58
15.92
21.36
22.44
21.22
21.44
18.8
17.9
17.33
18.31
18.33
20.21
20.95
19.82
22.31
21.53
20.78
20.78
21.97
22.92
23.44
22.95
18.55
19.97
21.44
16.38
19.02
15.28
14.89
14.11
13.7
14.11
10.39
12.3
13.4
19.26
21.26
18.95
20.07
20.31
24.0
24.9
24.88
25.05
24.02
23.05
18.58
26.07
24.12
18.63
16.75
16.89
18.75
17.33
15.48
14.36
17.11
16.82
17.77
14.94
18.31
18.85
18.12
17.63
17.68
21.02
24.1
22.68
21.09
16.94
16.92
17.58
20.29
20.92
17.24
15.43
18.8
19.56
19.26
18.21
18.58
13.65
11.29
12.06
17.09
14.38
14.94
16.67
16.43
19.02
21.19
18.36
17.11
16.41
19.24
17.9
11.78
18.8
16.43
16.89
15.48
16.89
16.11
16.53
16.41
21.41
14.75
18.9
21.29
22.17
16.33
20.14
22.61
21.31
22.17
21.61
17.55
13.72
10.55
13.7
11.69
9.326
12.35
11.05
13.21
9.814
11.1
11.54
11.21
11.29
9.851
17.16
20.14
20.48
15.19
17.99
18.36
17.31
17.46
17.36
15.92
18.02
17.31
17.29
18.29
16.41
16.43
17.24
17.19
17.19
15.16
16.41
13.77
12.7
11.89
13.75
18.43
17.5
20.95
23.27
19.36
17.53
14.77
16.33
17.36
15.31
15.6
16.24
17.07
16.41
15.99
14.75
15.04
13.38
12.28
12.07
5.634
8.545
8.643
11.96
13.09
16.11
18.14
16.58
22.97
24.24
24.95
19.31
18.12
17.04
11.05
11.34
11.82
10.47
12.52
14.58
12.52
12.65
16.14
15.09
11.79
14.58
13.96
13.09
20.56
15.67
16.26
16.94
15.67
18.6
13.33
17.19
15.41
16.26
16.06
17.38
16.72
15.26
14.11
10.46
9.29
11.63
10.83
9.717
10.89
11.47
9.18
10.33
12.87
15.58
16.77
16.19
15.5
16.43
18.99
19.38
15.43
13.99
12.84
14.53
10.71
12.05
10.44
11.58
11.79
11.76
12.1
10.14
9.473
10.91
9.534
13.96
16.89
17.29
16.33
19.8
16.63
21.07
20.97
21.68
24.41
23.95
21.97
22.29
20.61
22.36
21.39
23.88
21.8
21.17
19.46
20.61
18.43
16.97
17.6
18.43
21.88
18.63
20.75
20.02
20.85
23.75
22.73
22.29
17.99
16.24
19.31
18.46
19.48
24.8
24.51
24.61
24.71
24.8
24.71
21.34
21.73
17.77
15.92
20.07
20.85
17.19
12.65
11.29
15.06
17.33
16.26
17.9
16.19
11.44
13.09
10.88
14.48
13.26
11.98
12.55
10.58
14.67
15.65
12.45
9.412
9.265
10.62
12.27
13.84
12.23
12.84
15.72
20.85
26.76
26.86
25.98
23.83
23.49
20.85
22.49
17.31
16.36
18.04
13.33
12.94
14.84
15.5
16.38
16.63
16.14
17.09
19.65
16.7
20.48
20.14
19.34
20.9
19.73
18.85
17.75
13.96
14.87
16.14
19.58
14.99
15.65
14.77
15.45
16.11
25.63
16.14
15.72
17.04
18.65
17.41
21.44
18.85
19.6
15.94
16.77
16.72
13.84
15.62
14.82
11.99
9.009
9.497
14.33
15.01
8.154
8.044
18.97
20.34
15.23
16.72
17.14
16.43
12.65
17.55
16.72
20.63
16.55
12.08
14.36
21.66
22.9
23.12
23.63
23.07
21.92
20.36
20.53
13.92
17.77
17.26
14.87
17.8
14.01
13.89
12.62
12.62
12.87
12.49
15.26
16.58
18.77
22.0
25.2
25.49
23.22
23.19
21.51
19.51
16.85
12.7
14.4
11.67
12.18
13.23
11.38
11.73
11.05
13.82
13.43
14.06
11.76
10.11
14.77
15.67
19.48
20.41
19.8
17.85
22.12
21.85
19.02
15.82
16.75
15.7
17.02
14.23
13.04
12.96
12.87
13.38
15.36
15.62
12.43
11.94
6.14
7.629
12.52
14.31
18.65
19.53
20.04
15.75
18.46
18.7
19.58
13.77
16.02
19.24
21.85
20.17
20.39
20.12
23.19
24.85
23.56
24.39
23.83
19.36
16.55
13.75
18.8
18.75
18.65
14.87
19.21
20.24
19.02
17.38
19.36
20.87
16.67
9.473
14.26
13.21
13.7
12.41
14.45
15.48
13.33
14.55
12.02
12.52
13.79
15.38
20.58
25.24
25.29
21.31
17.19
13.43
20.21
15.16
9.924
7.52
6.799
6.213
9.412
9.192
7.166
7.117
6.58
9.583
6.873
7.642
7.507
9.875
10.61
10.86
14.79
13.11
17.7
17.5
21.83
23.39
24.61
23.83
22.71
19.65
18.14
22.27
22.31
21.88
21.97
15.65
13.06
14.94
18.9
