0.02604
0.02346
0.02604
0.02346
0.02346
0.02346
0.02604
0.02346
0.02604
0.02079
0.02604
0.02079
0.02604
0.02346
0.02604
0.02346
0.02346
0.02346
0.02346
0.02346
0.02346
0.02346
0.02604
0.02346
0.02346
0.02346
0.02604
0.02346
0.02346
0.02346
0.02346
0.02346
0.02604
2.67
19.26
24.02
25.15
24.44
23.71
26.86
30.96
31.59
28.76
3.516
0.1616
19.36
29.74
34.28
34.18
32.86
31.15
31.88
22.0
9.68
29.3
36.28
36.43
36.13
33.74
34.28
26.51
31.59
28.71
9.583
35.64
36.13
36.23
35.84
34.13
31.54
15.28
12.08
33.25
35.94
36.18
36.04
33.89
32.23
12.72
35.89
36.43
36.43
34.28
36.08
29.3
13.35
35.55
35.99
36.13
32.91
36.43
25.88
16.43
17.31
25.68
28.96
16.82
22.71
35.94
36.52
36.23
33.3
33.5
19.92
12.82
36.18
35.64
34.91
32.81
35.06
29.83
3.906
0.1745
10.53
35.55
36.23
36.47
33.45
36.04
24.32
19.36
22.83
30.71
29.44
8.923
4.938
34.42
34.52
33.94
35.3
33.35
30.91
17.97
10.85
30.22
35.69
35.84
35.45
33.25
33.5
21.26
16.97
21.48
31.93
30.86
23.54
31.49
27.49
25.68
29.39
19.07
13.48
15.53
16.26
16.48
11.9
21.78
23.0
22.97
23.54
26.46
25.39
24.0
24.73
19.53
14.4
14.55
15.43
15.41
15.99
23.27
26.17
1.26
0.56
0.05465
0.02604
0.02861
0.02604
0.02604
0.02346
0.02604
0.02604
0.02604
0.02604
0.02604
0.02604
0.02604
0.02346
0.02604
0.02346
0.02861
0.02346
0.02604
0.02604
0.02604
0.02604
0.02604
0.02604
0.02604
0.02346
0.02604
0.02604
0.02604
0.02346
0.02604
0.02346
0.02604
0.02346
0.02604
0.02604
0.02861
0.02346
0.02861
0.02604
0.02604
0.02604
0.02604
0.02604
0.02604
0.02604
0.02604
0.02604
0.02604
0.02604
0.02604
0.02604
0.02604
0.02604
0.02604
0.02604
0.02604
0.02604
0.02604
0.02346
0.02861
0.02346
0.02604
0.02346
0.02346
0.02346
0.02346
0.02346
0.02604
0.02346
0.02346
0.02346
0.02346
0.02079
0.02604
0.02346
0.02346
0.02346
0.02604
0.02079
0.02346
0.02346
0.02346
0.02346
0.02346
0.02079
0.02346
0.02346
0.02604
0.02079
0.02346
0.02346
0.02604
0.02346
0.02604
0.02346
0.02604
0.02079
0.02604
0.02346
0.02346
0.02346
0.02346
0.02346
0.02346
0.02346
0.02346
0.02079
0.02346
0.02346
0.02346
0.02346
0.02346
0.02079
0.02604
0.02079
0.02604
0.02079
0.02346
0.02079
0.02604
0.02079
0.02346
0.02346
0.02346
0.02079
0.02604
0.02079
0.02346
0.02079
0.02604
0.02079
0.02346
0.02079
0.02346
0.02079
0.02346
0.02079
0.02346
0.01822
0.02346
0.02079
0.02346
0.02079
0.02346
0.02079
0.02079
0.02079
0.02604
0.02346
0.02346
0.02346
0.02346
0.02346
0.02346
0.02079
0.02604
0.02079
0.02346
0.02079
0.02346
0.02346
0.02346
0.02079
0.02346
0.02079
0.02346
0.02079
0.02346
0.02346
0.02604
0.02346
0.02604
0.02346
0.02861
0.02346
0.02604
0.02346
0.02604
0.02079
0.02346
0.02346
0.02346
0.02079
0.02604
0.02079
0.02346
0.02079
0.02346
0.02079
10.36
24.98
27.15
26.56
25.59
24.27
24.37
23.34
23.27
21.31
21.02
21.39
20.61
21.66
21.46
21.46
22.36
24.61
25.05
25.93
25.98
26.37
26.71
27.34
18.48
22.78
23.58
26.51
28.12
30.62
31.3
31.59
29.98
11.74
24.39
25.63
23.71
26.56
28.32
28.32
28.81
28.37
27.15
26.27
26.95
28.27
29.3
27.78
27.2
26.61
26.76
26.42
24.93
24.46
26.22
16.31
17.85
19.41
18.75
19.63
18.99
21.56
21.9
21.22
24.41
27.0
16.28
12.96
24.1
26.46
28.81
29.93
29.49
29.1
28.12
28.91
28.81
28.12
28.47
29.49
30.18
29.1
29.25
29.88
29.54
29.35
29.35
28.61
15.92
19.02
20.19
20.07
21.88
24.27
24.37
25.0
24.85
21.73
21.73
18.95
14.99
22.29
23.93
25.54
24.83
26.46
25.68
27.0
27.2
26.9
27.0
25.93
25.73
26.17
26.56
27.2
27.29
26.95
26.12
26.9
27.34
28.37
28.37
16.11
18.68
21.61
22.97
24.17
27.29
27.69
25.88
23.97
22.58
24.71
10.73
21.22
24.37
26.32
26.86
27.69
27.83
28.56
27.29
25.93
25.34
25.24
24.37
23.85
22.95
24.95
25.49
25.73
24.41
25.15
24.46
25.05
22.9
20.48
20.85
15.48
18.7
21.61
24.39
27.39
27.83
27.49
27.69
25.73
23.93
14.4
19.78
22.66
24.56
23.54
24.1
25.83
27.2
26.46
28.08
27.69
29.1
28.22
28.12
27.88
28.17
26.07
25.05
25.15
25.49
24.24
23.95
23.24
25.39
18.99
16.5
19.07
19.36
22.75
26.42
29.35
25.54
22.29
20.63
20.7
21.39
13.87
18.6
27.0
24.54
20.9
23.46
10.5
25.15
26.17
24.85
23.58
20.51
20.09
19.75
9.131
21.04
25.88
26.61
27.34
25.24
23.73
23.17
24.44
26.56
26.95
27.69
27.88
28.17
27.83
26.76
29.05
28.56
26.37
25.88
24.98
24.76
24.07
24.05
18.99
19.17
23.02
23.24
24.76
27.25
25.39
25.34
28.76
28.17
23.66
0.1406
3.149
20.68
23.19
25.0
25.68
24.12
23.83
24.63
24.12
24.0
24.71
26.61
26.71
26.46
23.78
25.1
25.34
25.59
26.95
27.25
27.73
28.66
28.66
29.93
9.167
16.77
22.51
20.29
23.1
26.27
26.81
32.18
34.67
36.08
13.96
39.45
41.06
39.5
40.72
41.06
41.26
41.7
40.67
40.67
42.14
42.24
42.19
40.23
37.79
32.96
26.03
43.31
44.48
40.82
33.54
34.08
29.25
15.7
38.43
38.96
39.4
39.26
39.65
38.82
40.48
40.23
39.99
36.72
35.55
34.77
33.74
31.88
30.86
34.77
24.27
42.58
41.75
40.14
30.03
26.61
23.63
23.49
10.83
0.177
20.12
22.78
21.58
28.32
31.35
21.85
24.29
25.78
30.08
31.88
37.74
27.54
22.61
23.93
23.0
27.54
38.62
34.52
21.39
24.56
17.82
22.56
19.6
41.21
40.53
40.92
41.75
40.97
41.89
41.75
39.79
37.94
38.92
37.79
35.01
34.33
41.5
35.79
33.25
43.36
41.31
38.48
33.98
35.74
25.54
22.17
19.73
34.03
41.02
41.21
41.02
41.06
41.16
41.02
39.7
39.11
41.11
41.02
40.09
40.62
40.72
40.82
25.78
42.58
42.87
42.33
33.15
33.94
30.76
25.34
35.74
27.78
17.38
18.43
14.92
33.79
41.41
41.06
41.21
39.65
38.77
38.82
38.87
39.6
39.75
39.7
40.97
41.36
41.06
41.31
24.76
41.26
40.82
41.7
35.6
35.74
34.47
5.652
0.1146
0.03643
0.02079
0.02604
0.02604
0.02604
0.02604
0.02604
0.02604
0.02604
0.02604
0.02604
0.02604
0.03128
0.02079
0.03128
0.02604
0.02604
0.02604
0.02604
0.02604
0.02604
0.02604
0.02604
0.02079
0.02604
0.02604
0.02604
0.02604
0.02604
0.02604
0.03128
0.02079
0.03128
0.02604
