33.01
16.92
18.8
18.33
19.29
19.65
20.39
13.38
13.13
13.11
21.17
26.81
19.31
12.39
11.13
11.01
10.89
10.89
10.89
10.89
10.89
10.89
12.65
13.18
14.5
24.8
26.71
17.46
22.63
26.71
18.6
13.4
13.57
13.06
13.33
17.07
26.32
24.29
12.92
11.39
10.94
10.89
10.89
11.8
13.16
13.75
13.18
13.45
13.06
13.53
22.68
26.61
17.77
13.43
13.21
13.31
13.38
13.01
13.26
13.35
13.04
12.92
21.8
30.32
30.86
31.79
31.93
31.88
32.03
28.76
28.03
25.73
25.73
23.95
24.15
40.58
42.24
43.07
43.12
43.21
43.16
43.16
43.16
43.16
43.16
43.16
43.16
43.16
43.16
43.16
43.16
43.16
43.16
43.12
43.12
43.16
43.16
43.21
43.21
43.21
43.21
43.21
43.16
43.16
43.21
43.21
43.21
43.21
43.21
43.21
43.21
43.21
43.21
43.26
43.26
43.02
42.72
40.28
19.6
17.5
19.17
18.75
18.77
19.65
18.65
12.94
12.87
25.1
29.93
30.96
31.84
31.74
31.88
30.08
27.78
26.27
26.32
21.04
27.29
40.19
42.53
43.12
42.38
42.19
42.19
42.19
42.19
42.19
42.19
42.19
42.19
42.19
42.24
42.19
42.38
43.07
43.07
43.12
43.16
43.16
43.16
43.16
43.16
43.21
43.07
43.02
43.02
43.02
43.02
43.02
43.02
43.07
43.02
42.97
42.87
42.24
41.26
28.42
15.84
18.82
20.7
18.21
18.24
18.16
16.89
12.62
13.77
29.49
30.66
31.69
31.64
31.84
29.54
27.98
25.34
25.34
22.83
14.84
32.52
40.82
42.87
43.12
42.63
42.38
42.38
42.38
42.38
42.38
42.38
42.33
42.33
42.33
42.38
42.38
43.07
43.07
43.12
43.12
43.16
43.16
43.16
43.16
43.21
43.16
43.21
43.21
43.21
43.21
43.21
43.21
43.21
43.21
43.21
43.02
25.73
16.85
17.68
19.51
20.24
18.16
18.99
18.75
14.18
12.72
19.9
29.44
30.66
31.59
31.59
31.74
30.22
28.12
28.61
28.66
27.78
21.83
39.99
43.07
43.12
43.16
43.16
43.16
43.16
43.21
43.21
43.16
43.16
43.16
43.16
43.16
43.21
43.21
43.16
43.12
43.16
43.16
43.16
43.21
43.21
43.16
43.16
43.16
43.16
43.16
43.21
43.21
43.21
43.21
43.21
43.21
43.12
40.28
18.24
17.07
18.77
20.17
19.14
19.29
19.24
16.11
12.5
11.08
11.06
10.89
10.89
10.89
10.89
10.89
10.89
10.89
10.89
10.89
10.89
10.89
10.89
10.89
10.89
10.89
10.89
10.89
10.89
10.89
10.89
10.89
10.89
10.89
10.89
10.89
10.89
10.89
10.89
10.89
10.89
10.89
10.89
10.89
10.89
10.89
10.89
10.89
10.89
10.89
10.89
10.89
10.89
10.89
10.89
10.89
10.89
10.89
10.89
10.89
10.89
10.89
10.89
10.89
10.89
10.89
10.89
10.89
10.89
10.89
10.89
10.89
10.89
10.89
10.89
10.89
10.89
10.89
10.89
10.89
10.89
10.89
10.89
10.89
10.89
10.89
10.89
10.89
10.89
10.89
10.89
10.89
10.89
10.89
10.89
10.89
10.89
10.89
10.89
10.89
10.89
10.89
10.89
10.89
10.89
10.89
10.89
10.89
10.89
10.89
10.89
10.89
10.89
10.89
10.89
10.89
10.89
10.89
10.89
10.89
10.89
10.89
10.89
10.89
10.89
10.89
10.89
10.89
10.89
10.89
10.89
10.89
10.89
10.89
10.89
12.08
24.49
42.68
43.07
43.12
43.16
43.21
43.21
43.21
43.16
43.16
43.16
43.16
43.16
43.16
43.16
43.16
43.12
43.16
43.16
43.16
43.16
43.16
43.16
43.07
43.16
43.16
43.16
43.12
43.21
43.21
43.21
43.21
43.21
43.21
43.21
43.21
43.21
43.26
43.26
43.31
32.28
19.78
20.92
19.7
15.14
12.52
11.79
20.02
42.77
43.12
43.07
43.16
43.16
43.02
43.02
43.02
42.97
42.92
42.97
43.02
42.97
42.87
42.77
42.77
42.63
42.58
42.58
42.58
42.77
42.77
42.82
42.97
43.07
0.0
33.74
43.07
43.07
43.16
43.21
43.16
43.12
43.07
43.12
43.16
43.12
43.12
43.12
43.12
43.12
43.12
43.07
43.12
43.12
43.16
43.21
43.21
43.21
43.21
43.21
43.16
43.16
43.21
32.03
15.65
21.36
21.63
19.41
11.49
17.7
42.33
43.07
43.07
43.16
43.16
43.16
43.12
43.12
43.16
43.16
43.12
43.12
43.16
43.16
43.16
43.12
43.07
43.12
43.12
43.16
43.12
43.12
43.16
43.16
43.26
43.21
43.26
43.21
43.26
43.31
37.21
15.53
15.55
18.63
17.92
16.89
18.6
17.75
16.82
13.43
10.9
12.94
36.43
43.07
43.07
43.12
43.21
43.16
43.16
43.12
43.12
43.16
43.16
43.12
43.16
43.12
43.12
43.12
43.12
43.07
43.12
43.12
43.16
43.21
43.21
43.21
43.21
43.26
43.21
43.21
43.31
27.34
16.55
22.53
21.97
15.8
11.0
10.88
10.89
10.89
11.01
10.88
10.88
11.11
17.16
41.94
43.07
43.07
43.16
43.16
43.16
42.87
42.82
42.87
42.77
42.72
42.77
42.77
42.72
42.72
42.97
43.02
43.16
43.12
43.21
43.21
43.21
43.21
43.26
43.21
43.16
42.97
24.15
15.87
20.12
21.68
21.78
10.97
13.35
38.33
43.07
43.07
43.16
43.16
43.16
43.12
43.12
43.16
43.16
43.12
43.12
43.12
43.12
43.12
43.07
43.12
43.16
43.16
43.16
43.21
43.21
43.21
43.21
43.21
43.21
43.16
40.28
16.67
15.89
24.19
21.39
17.16
10.91
13.55
38.62
43.07
43.07
43.16
43.21
43.16
43.16
43.07
42.97
42.97
42.97
42.92
42.72
42.72
42.87
42.92
43.07
43.07
43.12
43.12
43.16
43.21
43.21
43.21
43.21
43.21
43.21
43.07
42.72
22.31
19.43
21.53
21.83
11.51
11.79
29.54
43.02
43.16
43.31
43.41
43.36
43.31
43.31
43.31
43.36
43.36
43.31
43.31
43.31
43.31
43.31
43.31
43.31
43.36
43.31
43.41
43.41
43.41
43.41
43.46
43.41
43.41
43.41
32.18
15.77
16.89
22.95
21.8
14.62
11.13
16.53
40.48
43.07
43.07
43.16
43.16
43.16
43.12
43.12
43.16
43.16
43.12
43.12
43.12
43.12
43.12
43.12
43.07
43.12
43.16
43.12
43.21
43.21
43.21
43.21
43.26
43.21
43.21
43.21
31.25
15.94
19.02
21.04
21.14
12.87
11.45
22.41
43.07
43.16
43.31
43.36
43.36
43.36
43.31
43.31
43.31
43.36
43.31
43.31
43.31
43.31
43.31
43.31
43.26
43.36
43.31
43.31
43.36
43.41
43.41
43.41
43.46
43.41
43.41
43.46
37.45
16.14
20.65
21.09
21.36
11.65
10.86
