6.433
6.506
6.799
7.129
7.397
7.605
7.593
7.593
7.593
7.593
4.425
3.827
3.961
4.108
4.108
4.108
4.279
4.303
4.303
4.303
4.364
4.492
4.492
4.492
4.498
4.492
4.553
4.688
4.688
4.688
4.688
4.688
4.688
4.688
4.688
4.688
4.688
4.688
4.688
4.688
4.688
4.688
4.7
4.883
4.883
4.883
4.883
4.883
4.883
4.883
4.883
4.883
4.883
4.889
4.889
4.889
4.883
4.883
4.883
4.883
4.883
4.883
4.883
4.883
4.883
4.926
5.078
5.078
5.078
5.078
5.078
5.078
5.078
5.078
5.078
5.078
5.078
5.078
5.078
5.078
5.078
5.078
5.078
5.078
5.078
5.078
5.078
5.078
5.078
5.078
5.078
5.078
5.078
5.078
5.078
5.078
5.078
5.078
5.078
5.078
5.078
5.078
5.078
5.078
5.078
5.078
5.182
5.273
5.273
5.273
5.273
5.273
5.273
5.273
5.273
5.273
5.273
5.273
5.273
5.273
5.273
5.273
5.298
5.463
5.463
5.463
5.463
5.463
5.463
5.463
5.463
5.463
5.463
5.463
5.463
5.463
5.463
5.524
5.658
5.658
5.658
5.658
5.658
5.658
5.658
5.658
5.658
5.658
5.658
5.658
5.658
5.786
5.853
5.853
5.853
5.853
5.853
5.853
5.853
5.853
5.853
5.853
6.0
6.049
6.049
6.049
6.049
6.049
6.049
6.049
6.128
6.238
6.433
6.494
6.628
6.726
6.824
6.824
6.824
6.824
6.958
7.031
7.214
7.532
7.605
7.605
7.605
7.605
7.605
7.605
7.239
3.528
3.796
3.912
3.961
4.108
4.108
4.108
4.156
4.303
4.303
4.303
4.303
4.297
4.303
4.364
4.498
4.498
4.498
4.498
4.498
4.498
4.498
4.498
4.535
4.681
4.681
4.681
4.681
4.681
4.681
4.688
4.688
4.688
4.681
4.681
4.681
4.688
4.694
4.871
4.871
4.871
4.871
4.871
4.871
4.871
4.871
4.871
4.871
4.871
4.871
4.871
4.877
4.871
4.871
4.901
5.066
5.066
5.066
5.066
5.066
5.066
5.066
5.066
5.066
5.066
5.066
5.066
5.066
5.066
5.255
5.261
5.261
5.377
5.664
5.841
6.012
6.036
6.091
6.335
6.714
7.092
7.202
7.3
7.397
7.397
7.397
7.397
7.397
7.397
5.835
3.711
3.906
4.083
4.102
4.102
4.102
4.272
4.297
4.297
4.291
4.297
4.333
4.492
4.492
4.492
4.492
4.492
4.486
4.492
4.492
4.492
4.492
4.504
4.681
4.681
4.681
4.681
4.681
4.681
4.688
4.688
4.688
4.681
4.681
4.688
4.681
4.688
4.681
4.688
4.688
4.694
4.883
4.877
4.877
4.877
4.877
4.877
4.877
4.877
4.877
4.877
4.877
4.883
4.883
4.877
4.877
4.877
4.877
4.877
4.883
5.072
5.072
5.072
5.072
5.072
5.072
5.072
5.072
5.072
5.164
5.267
5.267
5.267
5.402
5.463
5.463
5.463
5.463
5.463
5.463
5.463
5.573
5.658
5.658
5.658
5.658
5.658
5.658
5.658
5.658
5.853
5.853
5.853
5.853
5.853
5.853
5.853
5.853
5.872
6.042
6.042
6.042
6.042
6.042
6.165
6.238
6.238
6.238
6.238
6.238
6.238
6.238
6.238
6.238
6.238
6.238
6.238
6.238
6.238
6.238
6.238
6.238
6.238
6.238
6.238
6.238
6.238
6.238
6.238
6.238
6.238
6.238
6.238
6.262
6.433
6.433
6.433
6.433
6.433
6.433
6.433
6.433
6.494
6.628
6.628
6.628
6.628
6.763
6.824
6.824
6.824
6.824
6.824
6.946
7.019
7.019
7.019
7.104
7.202
7.397
7.397
7.397
7.397
7.397
7.397
7.397
7.397
7.397
7.397
7.397
7.397
7.397
7.397
7.397
7.397
7.397
7.397
7.397
7.397
5.56
3.51
3.809
3.906
4.102
4.102
4.297
4.297
4.297
4.297
4.333
4.492
4.492
4.492
4.492
4.492
4.492
4.492
4.492
4.492
4.492
4.535
4.688
4.688
4.688
4.688
4.688
4.681
4.681
4.688
4.688
4.688
4.688
4.681
4.688
4.718
4.877
4.877
4.877
4.877
4.877
4.877
4.877
4.877
4.877
4.883
4.877
4.877
4.883
4.883
4.883
4.883
4.901
5.066
5.066
5.066
5.072
5.072
5.072
5.072
5.072
5.072
5.078
5.072
5.182
5.267
5.267
5.267
5.347
5.463
5.463
5.463
5.457
5.591
5.75
5.835
5.914
6.189
6.274
6.409
6.555
6.628
6.824
7.019
7.153
7.202
7.202
7.324
7.397
7.397
7.397
5.939
3.54
3.839
3.912
4.095
4.102
4.102
4.102
4.254
4.297
4.297
4.297
4.297
4.327
4.492
4.492
4.492
4.492
4.492
4.492
4.492
4.492
4.492
4.492
4.553
4.675
4.675
4.675
4.675
4.675
4.675
4.675
4.675
4.675
4.675
4.675
4.675
4.694
4.865
4.865
4.865
4.865
4.865
4.865
4.865
4.871
4.883
4.883
4.883
4.883
4.877
4.877
4.926
5.072
5.072
5.072
5.078
5.078
5.072
5.072
5.072
5.17
5.267
5.444
5.463
5.463
5.463
5.725
5.847
5.847
5.92
6.03
6.03
6.03
6.177
6.226
6.226
6.226
6.226
6.323
6.421
6.421
6.616
6.616
6.665
6.799
6.799
6.799
6.86
6.995
7.007
6.995
7.007
7.153
7.19
7.19
7.19
7.19
7.19
7.19
7.336
7.385
7.385
7.385
7.385
7.385
7.385
7.385
7.385
7.385
7.385
7.385
7.385
7.385
7.385
7.385
7.385
7.385
7.385
7.385
7.385
7.385
7.385
7.385
7.385
7.385
7.385
7.385
7.385
7.385
7.385
7.385
7.385
7.385
7.385
7.385
7.385
7.385
7.385
7.385
7.385
7.385
7.385
7.385
7.385
7.385
7.385
7.385
7.397
7.397
7.385
7.385
7.385
7.397
7.397
7.397
7.397
7.397
7.397
7.397
7.397
7.397
7.397
7.385
7.385
7.385
7.397
5.566
3.058
3.564
3.729
3.906
3.918
4.102
4.102
4.102
4.266
4.297
4.297
4.297
4.297
4.297
4.297
4.297
4.309
4.492
4.492
4.492
4.492
4.492
4.492
4.492
4.492
4.492
4.681
4.681
4.681
4.681
4.681
4.688
4.688
4.688
4.688
4.688
4.688
4.688
4.791
4.877
4.877
4.877
4.877
4.877
4.877
4.877
4.883
4.883
4.877
4.883
4.877
4.877
4.877
4.877
4.883
4.877
4.877
4.883
4.901
5.072
5.072
5.072
5.072
5.066
5.072
5.072
5.072
5.072
5.078
5.072
5.072
5.072
5.072
5.072
5.072
5.066
5.066
5.261
5.267
5.267
5.267
5.267
5.28
5.554
5.792
5.811
5.811
6.134
6.396
