6.995
6.995
6.995
6.995
6.995
6.995
6.995
6.995
6.995
6.995
6.995
6.995
6.995
6.995
6.995
6.995
6.995
6.995
6.995
6.995
6.995
6.995
6.995
6.995
6.995
6.995
6.995
6.995
6.995
6.995
6.995
6.995
6.995
9.717
15.58
17.16
17.8
18.29
18.55
18.73
18.99
19.17
19.34
17.82
15.72
14.79
12.96
12.01
9.814
9.888
9.668
13.89
16.75
17.5
18.04
18.41
18.58
18.73
19.02
19.21
18.95
15.84
15.33
13.99
12.74
9.766
14.99
16.92
17.6
18.02
18.36
18.58
18.9
19.17
18.41
15.77
14.82
12.87
12.33
9.717
9.753
10.16
9.839
10.27
9.619
9.558
12.29
19.87
20.85
20.78
19.04
12.62
16.41
17.36
17.82
18.24
18.53
18.75
18.97
19.17
17.14
15.53
14.23
12.96
10.57
10.52
9.79
15.84
20.75
20.75
20.68
17.11
11.65
16.33
17.31
17.85
18.24
18.55
18.87
19.14
17.02
15.38
15.28
14.72
12.28
9.314
11.91
16.33
17.53
18.09
18.65
18.87
19.26
18.85
15.77
15.38
14.75
13.53
10.44
11.02
16.26
17.36
17.9
18.38
18.63
18.87
19.17
17.77
15.7
13.79
12.77
10.44
15.77
20.78
20.85
20.46
14.33
10.84
11.39
16.14
17.19
17.77
18.24
18.48
18.73
18.87
19.14
19.04
15.82
15.45
14.28
13.23
10.47
12.24
19.8
20.85
20.85
18.82
12.4
10.35
10.06
9.253
7.19
7.19
7.08
6.995
6.995
6.995
8.643
9.985
9.985
9.937
16.36
20.83
20.39
16.36
10.01
9.79
15.89
20.85
20.85
20.17
18.43
10.33
10.38
12.41
19.9
20.85
20.68
16.11
7.336
7.166
9.167
9.961
15.5
20.78
20.85
20.68
17.85
10.85
10.3
9.973
9.668
10.05
10.17
10.1
10.13
9.998
10.23
9.058
7.19
7.19
7.19
7.19
7.19
7.19
9.155
9.778
9.937
9.985
10.06
10.16
10.12
10.06
10.07
10.18
10.24
13.77
20.34
20.85
20.83
18.75
11.76
8.301
7.19
7.19
7.19
7.19
7.19
7.19
9.68
9.814
9.607
11.91
19.73
20.85
20.85
16.94
9.9
9.937
9.888
9.912
10.42
10.18
9.827
14.87
20.68
20.83
20.83
18.16
7.434
7.312
7.19
7.19
9.009
9.973
10.1
10.27
10.47
10.34
17.29
20.85
20.85
20.24
17.46
10.46
10.1
10.07
9.961
9.961
10.38
8.545
7.275
7.19
7.19
7.19
7.19
7.19
7.19
9.619
10.29
10.02
9.814
10.23
9.863
9.79
10.01
18.26
20.85
19.75
15.19
12.45
19.73
20.85
20.85
19.78
11.07
7.373
7.202
7.19
7.19
7.19
7.19
8.618
9.875
9.729
9.668
9.875
12.57
20.0
20.85
20.85
17.87
9.973
9.534
9.753
9.521
9.753
9.717
7.861
7.385
7.214
7.19
7.19
7.19
7.19
7.202
9.949
9.973
10.58
10.44
12.32
19.87
20.85
20.85
17.85
13.4
20.41
20.85
20.53
14.28
19.63
20.85
20.63
16.75
14.18
17.26
17.94
18.33
18.7
18.99
19.21
19.41
19.7
19.85
19.95
19.95
20.09
20.14
20.19
20.34
20.31
20.41
20.51
20.51
20.53
20.7
20.7
20.7
20.7
20.7
20.7
20.7
20.7
20.7
20.7
20.7
20.75
20.7
18.31
18.95
20.46
20.85
20.85
20.85
20.85
20.8
20.48
18.97
18.55
17.02
9.631
15.53
17.26
17.97
18.43
18.85
19.09
19.31
19.48
19.78
19.95
20.14
20.26
20.34
20.34
20.39
20.51
20.51
20.7
20.7
20.7
20.7
20.7
20.73
20.7
20.7
20.7
20.7
20.7
20.73
18.46
17.5
19.26
20.53
20.78
20.87
20.87
20.87
20.87
20.87
20.58
19.87
18.41
16.99
16.72
16.65
12.5
12.55
17.09
18.29
19.04
19.34
19.7
19.97
20.12
20.29
20.39
20.46
20.51
20.51
20.65
20.7
20.7
20.73
20.7
20.73
20.7
20.7
20.7
20.7
20.7
19.63
18.29
19.07
20.02
20.85
20.87
20.87
20.87
20.87
20.87
20.87
20.09
19.51
17.85
17.63
17.24
9.839
14.94
17.53
18.31
18.95
19.24
19.38
19.8
19.95
20.09
20.29
20.34
20.36
20.51
20.53
20.63
20.65
20.8
20.8
20.8
20.8
20.8
20.8
20.8
20.8
20.8
20.8
20.8
20.8
19.92
18.02
19.75
20.78
20.78
20.8
20.8
20.8
20.78
20.34
19.8
19.82
19.78
18.85
17.6
17.02
16.53
11.35
14.43
17.19
18.02
17.04
14.7
14.7
13.67
19.38
20.68
19.48
14.67
18.87
20.7
18.46
9.827
13.82
16.82
17.82
18.36
15.31
14.38
14.58
11.93
12.94
16.82
17.82
18.21
15.28
14.33
14.31
11.65
12.12
16.43
17.53
17.97
15.01
13.7
13.4
9.814
15.11
17.31
17.99
15.84
14.14
13.67
9.949
14.77
17.16
17.9
17.31
14.09
14.04
11.65
11.29
16.77
17.92
18.46
18.87
19.09
19.34
19.63
19.9
20.0
20.14
20.34
20.34
20.39
20.53
20.58
20.7
20.7
20.7
20.7
20.7
20.7
20.7
20.7
20.7
20.7
20.7
20.02
17.85
19.04
20.34
20.31
20.31
20.26
19.9
19.63
19.41
18.77
18.38
17.65
17.29
10.8
14.75
17.46
18.24
18.8
19.12
19.24
19.63
19.82
19.95
20.14
20.14
20.31
20.34
20.31
20.48
20.65
20.7
20.7
20.7
20.7
20.7
20.7
20.7
20.7
20.7
20.7
19.6
17.58
19.92
20.78
20.85
20.85
20.85
20.78
20.56
19.38
18.85
18.26
11.06
15.09
12.26
11.83
11.36
13.57
14.18
11.13
14.11
13.77
11.62
12.15
11.27
12.15
12.7
12.67
13.72
16.63
20.46
20.8
20.63
17.99
10.08
10.39
13.01
10.79
10.58
11.45
10.94
10.9
10.89
10.62
11.4
12.23
19.51
20.85
20.83
15.55
11.25
10.89
11.17
12.19
17.24
18.21
18.87
19.17
19.48
19.85
20.02
20.17
20.34
20.34
20.46
20.51
20.65
20.7
20.7
20.7
20.7
20.7
20.7
20.7
20.7
20.7
20.7
20.7
20.7
20.7
19.48
18.02
19.7
20.87
20.87
20.87
20.87
20.87
20.85
20.63
19.07
18.92
18.51
12.43
10.56
14.55
20.83
20.39
13.06
10.39
10.39
10.42
10.5
11.63
19.19
20.85
20.85
19.51
12.39
15.94
20.78
20.85
20.34
13.43
10.49
10.55
10.47
10.17
15.72
20.85
20.85
20.31
16.63
10.55
10.67
12.79
20.43
20.85
20.04
12.05
7.593
7.385
7.385
7.385
7.385
7.385
7.385
7.385
7.385
7.385
7.385
7.385
7.385
7.385
7.385
7.385
7.385
7.385
7.385
7.678
11.29
10.86
10.38
11.25
12.08
18.85
20.78
20.78
19.68
11.08
