0.3105
0.2338
0.2281
0.2132
0.1902
0.1961
0.2941
0.3391
0.201
0.3075
0.1648
0.285
0.415
0.1934
0.4234
0.0288
9.537e-05
0.0
0.0
0.005531
0.1776
0.4433
0.2407
0.2686
0.1896
0.3521
0.1598
0.502
0.1913
0.3548
0.2216
0.3677
0.2037
0.3761
0.1345
0.1551
0.2308
0.2335
0.4349
1.44
1.465
1.505
1.541
1.62
2.151
4.907
2.396
2.203
0.4845
0.164
0.1104
0.2983
0.2415
0.1711
0.351
0.1324
0.4196
0.1513
0.325
0.4166
0.1732
0.378
0.09918
1.886
2.31
2.448
2.307
4.413
2.686
2.316
0.5081
0.1068
1.602
2.359
2.49
2.234
3.558
3.491
2.866
1.036
0.1135
0.1068
0.3998
0.09098
0.09012
0.1017
1.347
2.039
2.368
2.505
4.492
3.479
2.246
0.679
0.152
0.1719
0.2495
0.2476
0.157
0.3517
0.2247
0.1667
0.1181
1.797
2.106
2.307
2.249
5.371
1.941
2.362
0.4082
0.4768
1.965
2.64
2.377
2.17
5.585
2.896
1.018
0.3922
0.3052
0.0927
0.1114
0.3574
0.03185
0.4417
0.473
2.023
2.039
2.298
2.304
4.926
2.74
0.9567
0.4074
1.358
1.813
2.118
2.216
2.335
5.212
2.521
0.2254
0.3777
0.5272
0.4234
0.3868
0.6485
1.801
2.133
2.17
2.356
4.547
2.017
1.752
0.2243
1.138
1.77
1.749
2.026
1.929
5.194
1.828
2.112
0.4578
0.4517
0.139
0.3349
0.2384
0.367
0.4295
0.3551
0.4478
0.2472
0.1209
0.2327
0.4288
0.2052
0.1263
0.4395
0.4539
0.2937
0.104
0.1801
0.2193
0.0005722
0.0
0.0
0.0
0.0
0.2319
0.3242
0.04616
0.1715
0.264
0.2731
0.2457
0.251
0.1471
0.2922
0.3494
0.251
0.1694
0.2861
0.1827
0.1947
0.0
9.537e-05
0.0
0.0
0.0
0.0
0.0
0.0002861
0.3033
0.1678
0.2365
0.2075
0.2605
0.1017
0.09995
0.2888
0.2151
0.2491
0.2064
0.2602
0.3128
0.3578
0.1184
0.3601
0.08774
0.0001907
0.0
9.537e-05
0.0
0.0
0.0
0.0
0.1127
0.1938
0.2407
0.07877
0.3517
0.1249
0.1387
0.3708
0.1841
0.2224
0.2403
0.4616
0.3712
0.5547
0.3143
0.09413
0.0
0.0
0.0
0.0
0.0
0.0
0.0
0.0
0.006485
0.2068
0.4883
0.1606
0.12
0.6187
0.106
0.7339
0.6409
0.3071
0.2514
0.1791
0.6966
0.2037
0.4074
0.2228
0.0002861
9.537e-05
9.537e-05
0.0
0.0
0.0
0.0
0.002003
1.006
0.2537
0.06599
0.2415
0.2422
0.3761
0.3521
0.4219
0.2064
0.1926
0.5402
0.3117
0.2174
0.2151
0.6195
0.3895
9.537e-05
0.0
0.0
9.537e-05
0.0001907
0.0
0.0
0.02308
0.1406
0.1133
0.4425
0.01249
0.412
0.1043
0.09861
0.576
0.4364
0.2655
0.104
0.08287
0.1286
0.3464
0.1003
9.537e-05
9.537e-05
0.0
0.0
0.0
0.0
0.0
0.0
9.537e-05
0.07582
0.2972
0.07448
0.1295
0.06981
0.07524
0.1446
0.08507
0.07496
0.3738
0.2525
0.1101
0.1364
0.2033
0.1888
0.0002861
9.537e-05
0.0
0.0
0.0
0.0
0.0
0.0
0.2674
0.3757
0.1724
0.1036
0.1043
0.3662
0.08364
0.8041
1.154
1.414
1.602
1.645
1.724
1.718
1.611
1.14
1.007
0.9659
0.8926
0.9613
1.027
0.9781
1.216
1.318
1.361
1.074
1.282
1.103
1.173
1.227
1.114
1.094
1.28
1.219
1.32
1.52
1.92
6.628
9.692
5.383
9.924
7.776
8.716
6.665
8.435
5.249
2.89
4.199
3.284
2.612
1.978
0.3185
1.184
1.369
1.324
1.19
1.396
1.488
1.535
1.767
1.63
1.36
1.332
1.443
1.363
1.277
1.454
1.447
1.332
1.115
1.3
1.381
1.527
1.387
1.416
1.277
1.482
1.544
1.514
1.74
4.688
6.921
5.487
6.042
8.911
7.385
6.47
6.738
4.785
6.244
6.183
3.845
3.522
3.448
3.717
1.529
1.157
0.856
1.219
1.41
1.219
1.364
1.527
1.442
1.611
1.694
1.63
1.495
1.523
1.575
1.678
1.602
1.311
1.562
1.483
1.331
1.424
1.039
1.143
1.407
1.349
1.257
1.241
1.216
4.84
6.073
4.333
5.731
5.341
6.58
9.424
9.18
7.568
7.092
5.609
4.889
3.656
2.954
1.706
0.3418
0.9613
1.067
1.048
1.196
1.274
1.485
1.617
1.688
1.636
1.331
1.408
1.703
1.141
1.215
1.241
1.138
1.086
1.077
0.9369
0.856
0.9781
0.9445
0.975
1.047
1.044
1.051
0.9171
0.9872
0.9918
1.03
1.196
4.962
5.756
5.896
5.554
5.316
7.019
6.024
7.141
8.032
3.387
7.996
5.353
4.272
3.906
2.46
2.805
1.617
0.4128
1.027
1.096
0.9491
0.885
0.9613
1.009
0.9247
0.8484
0.8438
0.882
1.161
1.079
1.053
0.8957
0.8392
0.9979
0.9201
0.9079
0.9644
1.294
1.144
1.048
0.9491
0.9781
1.056
1.187
1.093
1.027
0.9933
0.8698
0.9872
1.006
0.9308
0.8911
0.9659
0.9979
1.025
2.921
3.18
4.987
7.568
3.876
6.238
6.006
8.142
4.962
7.422
6.677
4.596
6.409
5.371
3.888
3.711
0.2274
0.4501
0.5836
0.631
1.715
3.406
1.556
0.65
0.1898
0.1583
0.106
0.28
0.1331
0.2472
1.183
1.602
1.425
1.341
1.157
1.054
1.099
1.384
1.712
1.521
1.712
1.74
1.761
1.81
1.694
1.819
1.743
1.459
1.418
1.636
1.709
1.752
1.384
1.25
2.524
3.51
6.348
5.048
5.469
8.557
7.886
8.447
8.667
4.938
6.738
6.641
5.56
4.327
1.743
0.8209
2.133
2.46
2.036
2.411
2.502
2.112
2.121
2.026
2.127
2.148
2.249
1.904
2.014
1.436
1.099
1.027
1.018
0.946
0.8789
0.7584
0.7774
0.9567
5.066
6.738
4.114
3.784
7.08
6.177
6.207
8.386
7.605
4.84
6.665
3.882
3.241
4.413
4.053
1.491
0.6966
1.529
1.463
0.2254
1.889
0.7347
0.211
0.9552
0.2163
1.416
0.1516
0.2319
0.05627
0.08736
0.09766
0.3204
0.1036
1.503
0.1614
1.569
0.3242
0.7202
0.766
1.097
1.306
0.4852
1.302
0.8224
0.6699
1.688
0.666
0.6905
1.247
0.8179
1.373
0.7034
0.2232
0.1402
0.3361
0.4059
0.1421
0.08926
0.4112
0.09918
1.447
1.721
1.898
1.984
2.249
2.206
1.987
2.185
1.944
2.414
2.255
2.417
2.109
2.197
2.295
2.405
2.191
2.463
2.347
4.205
7.495
9.229
12.28
13.18
8.643
8.362
6.238
4.315
2.341
0.3838
0.2743
0.1633
0.3029
0.5707
0.2682
0.1369
0.3666
0.2987
0.259
0.3532
0.2544
0.1698
0.3685
0.4318
0.425
0.4997
0.3468
0.1791
0.1827
0.3529
0.3922
0.6851
0.4517
0.425
0.275
0.1694
0.3628
0.3036
0.3613
0.2987
0.6104
0.3468
0.3349
0.3983
0.4807
0.2651
0.2647
0.5463
0.149
0.0001907
0.0
0.0
0.0
0.0
0.0
0.0
0.0
0.0
0.0
0.0
0.0
0.0
0.0
0.0
0.0
0.0
0.0
0.0
0.08068
0.8118
0.914
0.3624
0.1194
0.2632
0.108
0.7996
0.9995
0.6927
0.8774
