12.21
8.85
9.058
9.167
11.78
20.56
20.19
15.19
9.094
15.06
20.85
20.04
17.21
12.41
20.19
20.17
13.33
7.385
6.799
6.421
7.947
8.533
8.826
11.02
20.39
19.95
14.65
8.899
8.801
8.911
10.01
19.82
20.58
16.11
12.1
16.65
17.6
18.14
18.53
18.31
15.33
14.97
14.04
11.5
8.838
12.82
16.77
17.68
18.19
18.6
17.11
15.23
15.06
9.924
9.802
15.97
17.29
18.02
18.46
17.43
15.31
15.09
10.68
10.44
16.14
17.41
18.04
18.46
17.41
15.26
14.97
10.01
8.423
17.36
20.65
14.04
9.363
8.826
9.094
9.143
9.241
15.87
17.31
17.97
18.38
18.58
15.43
15.04
14.16
10.19
15.97
17.21
17.97
18.38
17.26
15.19
13.77
10.07
8.704
8.667
9.033
8.948
9.204
15.09
20.8
19.41
9.705
9.204
14.65
20.8
18.77
10.58
15.94
17.11
17.75
18.12
18.48
17.02
15.01
14.28
13.67
9.644
9.717
12.24
20.46
20.51
14.33
14.89
2.466
9.082
8.569
8.02
12.19
19.38
20.58
20.02
14.94
9.338
14.77
15.82
16.43
16.99
17.33
17.58
17.77
14.7
13.75
10.99
8.325
8.533
8.533
8.862
9.18
9.021
16.75
20.51
20.85
19.17
8.899
13.13
15.45
16.21
16.72
17.07
17.21
17.53
17.65
16.63
13.55
12.43
10.95
10.62
8.215
9.082
8.276
9.729
17.16
20.09
20.56
19.24
9.656
5.475
5.286
5.249
5.249
5.249
6.555
8.643
8.667
8.704
8.545
11.68
19.58
20.78
18.8
17.8
15.26
9.119
8.862
8.984
8.752
8.704
8.276
8.582
8.813
5.408
5.243
5.249
5.249
5.249
6.482
8.533
8.643
8.74
11.34
19.02
20.53
20.43
17.85
13.53
8.728
8.435
15.75
20.36
20.83
19.82
12.0
8.752
6.873
5.438
5.298
5.249
5.249
5.249
6.848
8.386
8.508
8.533
8.606
8.594
8.618
8.582
8.545
8.704
9.058
8.716
8.545
8.679
8.667
9.106
8.533
10.41
9.375
8.24
12.96
19.73
20.8
19.97
12.57
9.106
8.362
12.96
19.73
20.83
19.31
10.47
18.12
20.78
20.46
13.65
8.496
12.01
19.43
20.8
20.53
14.45
8.374
5.548
5.438
5.444
5.444
5.444
0.0
5.243
5.243
5.243
5.249
5.249
5.249
5.249
5.249
5.249
5.249
5.249
5.249
5.249
5.249
5.249
5.249
5.249
5.249
5.249
5.249
5.249
5.249
5.249
5.249
5.249
5.249
5.249
5.249
5.249
5.249
5.249
5.249
5.249
5.249
5.249
5.249
5.249
5.249
5.249
5.249
5.249
5.249
5.249
5.249
5.249
5.249
5.249
5.249
5.249
5.249
5.249
5.249
5.249
5.249
5.249
5.249
5.249
5.249
5.249
5.249
5.249
5.249
5.249
5.249
5.249
5.249
5.249
5.249
5.249
5.249
5.249
5.249
5.249
5.249
5.249
5.457
9.875
14.84
15.72
16.16
16.63
16.94
17.14
17.33
17.63
17.82
17.94
18.02
18.02
18.19
18.19
18.38
18.41
18.58
18.7
18.77
18.9
18.97
19.02
19.24
19.36
19.43
17.72
16.04
17.5
19.26
20.21
19.09
19.07
16.94
14.36
14.11
12.94
6.995
7.495
13.99
15.77
16.5
17.04
17.31
17.7
17.97
18.12
18.24
18.38
18.38
18.38
18.46
18.58
18.6
18.77
18.92
19.07
19.17
19.14
19.31
19.53
19.53
17.33
16.8
18.7
20.07
20.07
20.07
19.19
16.87
16.5
15.26
8.264
14.62
16.31
17.07
17.33
17.82
18.09
18.19
18.36
18.43
18.58
18.58
18.75
18.87
18.97
18.97
18.97
19.14
19.17
19.19
19.34
19.53
19.53
17.31
17.29
18.95
19.43
19.87
19.85
19.38
16.33
15.8
15.33
8.887
14.58
15.87
16.53
16.99
17.31
17.58
17.94
18.07
18.24
18.38
18.48
18.6
18.77
18.85
18.97
18.99
19.17
19.17
19.24
19.51
19.53
19.43
16.28
17.94
19.21
19.78
19.7
19.7
19.7
19.34
16.87
15.41
15.28
15.23
8.85
14.21
15.94
16.58
17.09
17.36
17.55
17.92
18.12
18.21
18.38
18.41
18.58
18.6
18.73
18.75
18.92
18.82
18.97
19.07
19.17
19.17
19.34
19.36
19.53
19.53
19.56
18.12
16.89
18.36
19.63
19.68
19.68
19.7
19.38
16.92
16.28
15.92
11.63
11.72
15.38
16.19
16.7
17.11
17.38
17.5
17.8
17.97
18.16
18.19
18.38
18.41
18.53
18.58
18.58
18.65
18.77
18.77
18.87
18.97
18.97
19.09
19.14
19.17
19.17
19.31
19.46
19.56
19.56
19.73
18.33
15.87
17.38
18.75
19.85
19.82
19.68
19.7
18.68
15.55
15.09
14.94
14.79
9.558
13.77
15.77
16.36
15.99
12.32
12.34
9.424
12.04
15.53
16.41
16.55
14.14
12.74
12.28
8.203
12.17
15.43
16.21
16.7
17.09
17.36
17.6
17.99
18.21
18.38
18.63
18.68
18.8
18.85
18.97
19.09
19.17
19.21
19.36
19.36
19.36
19.41
19.56
19.56
19.6
19.75
19.75
19.75
17.72
17.14
18.09
19.34
19.82
19.9
19.9
19.9
19.9
19.48
17.43
15.19
13.84
12.41
11.47
6.995
11.61
15.58
16.5
17.26
17.72
18.12
18.36
18.55
18.8
18.7
18.9
18.8
18.97
18.97
19.17
19.17
19.34
19.36
19.51
19.68
19.87
19.87
19.9
18.26
18.26
20.75
20.85
20.85
20.87
20.83
18.6
16.36
16.26
16.06
13.55
10.53
10.51
9.546
10.78
12.48
14.06
19.14
17.46
10.88
11.85
8.582
8.984
11.51
8.972
9.839
11.9
16.46
19.36
15.82
9.778
9.326
11.24
8.154
14.6
16.41
17.14
17.48
17.97
18.41
18.58
13.23
15.97
16.87
17.26
17.72
17.94
18.14
18.29
18.48
18.55
18.7
18.75
18.85
19.04
19.14
19.34
19.02
16.58
19.78
18.38
8.459
11.28
15.53
16.41
16.94
17.19
17.43
17.77
18.07
18.19
18.38
18.38
18.41
18.55
18.63
18.77
18.77
18.85
18.97
18.97
19.12
19.17
19.14
19.29
19.46
19.53
19.53
19.58
16.43
16.31
17.09
19.12
20.07
20.07
20.09
20.09
20.12
20.14
20.14
20.14
20.14
18.99
18.02
15.7
14.84
14.55
12.87
9.534
7.69
15.89
19.82
19.63
17.58
17.65
16.75
14.43
9.058
9.155
9.07
8.484
13.55
19.38
20.0
18.55
16.85
9.045
8.667
8.533
8.606
8.24
8.582
7.861
5.402
5.243
5.249
5.249
5.249
5.249
5.249
5.249
5.249
5.249
5.249
5.249
5.249
5.249
5.249
5.249
5.249
5.249
5.249
5.298
9.119
9.082
9.778
9.045
8.838
8.875
9.277
10.11
16.46
19.46
