0.02861
0.02346
0.02861
0.02346
0.02604
0.02346
0.02604
0.02604
0.02604
0.02346
0.02604
0.02604
0.02604
0.02346
0.02604
0.02346
0.02861
0.02346
0.02604
0.02604
0.02604
0.02604
0.02861
0.02346
0.02861
0.02346
0.02861
0.02346
0.02604
0.02604
0.02604
0.02604
0.02604
3.009
28.71
38.04
36.57
37.79
34.77
37.45
30.86
9.68
35.69
37.01
36.96
37.3
33.98
37.45
28.17
16.77
32.71
32.67
17.41
14.53
16.99
16.5
11.83
37.7
38.53
38.04
38.18
35.69
31.79
13.65
35.64
37.3
36.82
37.5
34.47
34.08
24.29
32.96
32.18
16.77
21.92
37.99
35.69
37.21
34.62
37.74
28.61
13.96
35.64
36.77
36.33
35.74
33.59
32.13
13.82
33.54
37.26
36.77
35.35
33.54
32.96
20.41
17.29
17.09
15.45
10.79
15.11
17.16
19.29
12.62
36.13
38.33
37.6
36.13
33.94
30.76
10.06
23.24
37.65
38.92
38.67
34.67
33.98
20.56
20.17
16.77
21.48
21.29
14.09
35.35
37.35
37.21
37.26
35.3
32.32
11.61
36.38
39.01
39.79
37.6
36.23
32.91
9.839
38.13
39.36
39.21
36.38
39.79
28.81
18.87
18.26
39.7
37.26
38.04
34.57
38.04
26.61
3.522
33.5
38.23
38.28
38.33
35.89
32.91
16.19
25.44
36.77
37.21
38.09
34.86
34.91
25.49
30.86
30.08
17.11
19.38
17.04
12.24
5.115
0.1381
0.0495
0.02604
0.02604
0.02861
0.02861
0.02346
0.02861
0.02604
0.02604
0.02604
0.02604
0.02604
0.02861
0.02346
0.02604
0.02604
0.02861
0.02604
0.02604
0.02604
0.02604
0.02604
0.02861
0.02604
0.02861
0.02346
0.02861
0.02604
0.02861
0.02346
0.02861
0.02604
0.02861
0.02604
0.03128
0.02604
0.03128
0.02861
0.03128
0.02604
0.03128
0.02861
0.02861
0.02604
0.03128
0.02861
0.03128
0.02861
0.03128
0.02861
0.03128
0.02604
0.02861
0.02861
0.03128
0.02861
0.03128
0.02861
0.02861
0.02861
0.02861
0.02604
0.02861
0.02604
0.02861
0.02604
0.02604
0.02604
0.02861
0.02604
0.02861
0.02346
0.02861
0.02604
0.02861
0.02346
0.02861
0.02604
0.02861
0.02346
0.02861
0.02604
0.02604
0.02604
0.02861
0.02604
0.02604
0.02604
0.02861
0.02604
0.02861
0.02604
0.02604
0.02604
0.02861
0.02604
0.02861
0.02604
0.02861
0.02604
0.02861
0.02604
0.02861
0.02604
0.02604
0.02604
0.02604
0.02346
0.02861
0.02604
0.02604
0.02604
0.02861
0.02346
0.02604
0.02346
0.02604
0.02346
0.02604
0.02346
0.02604
0.02604
0.02604
0.02604
0.02604
0.02346
0.02604
0.02604
0.02604
0.02346
0.02604
0.02346
0.02346
0.02346
0.02604
0.02346
0.02346
0.02346
0.02604
0.02604
0.02346
0.02346
0.02861
0.02346
0.02604
0.02346
0.02604
0.02346
0.02604
0.02346
0.02604
0.02346
0.02604
0.02604
0.02346
0.02346
0.02604
0.02346
0.02861
0.02346
0.02861
0.02346
0.02604
0.02604
0.02604
0.02604
0.02346
0.02604
0.02604
0.02604
0.02604
0.02346
0.02861
0.02346
0.02861
0.02346
0.02861
0.02604
0.02604
0.02346
0.02604
0.02604
0.02604
0.02346
0.02346
0.02346
0.02604
0.02346
0.02737
0.1055
22.17
25.24
22.8
14.14
11.34
11.96
14.53
15.04
13.77
14.79
10.78
16.58
24.68
24.61
24.07
24.54
25.68
23.54
24.63
25.54
24.71
24.24
38.13
40.43
40.33
40.14
40.23
39.79
39.89
39.45
28.17
40.04
42.58
42.24
37.4
32.76
34.42
21.31
27.54
39.99
41.21
39.84
40.09
40.92
41.55
41.36
41.36
40.58
40.14
40.48
40.58
40.72
40.14
31.01
42.58
42.92
41.75
33.89
32.18
33.4
12.37
39.84
41.02
40.82
40.23
40.43
39.6
38.92
40.19
40.43
39.45
39.21
39.31
39.84
39.79
36.13
28.71
42.68
41.85
39.4
33.45
33.06
21.97
13.77
18.21
26.81
32.28
33.11
36.23
34.03
37.21
35.89
33.79
33.06
38.28
41.36
40.82
40.23
40.77
40.77
40.58
33.25
42.68
43.16
38.82
33.69
34.57
28.76
12.62
38.77
39.45
39.75
39.26
40.53
40.77
41.41
41.21
41.06
40.58
40.28
40.23
40.04
39.99
28.76
2.225
10.29
10.36
28.56
40.87
37.94
37.26
32.08
32.13
22.56
22.44
37.45
35.16
36.23
35.35
36.23
36.04
38.57
39.7
38.04
38.72
38.62
38.09
38.04
37.21
37.16
36.13
26.27
39.99
39.99
39.4
33.84
33.54
32.91
13.94
32.37
35.99
37.45
37.79
39.26
38.09
37.45
36.72
39.55
39.21
37.7
38.23
38.18
39.4
38.72
37.79
25.98
36.72
37.79
38.23
36.82
26.37
27.78
27.54
15.89
31.54
38.57
38.87
40.04
40.77
40.62
40.67
40.23
38.38
39.5
38.96
39.4
38.77
37.7
39.01
31.01
30.18
42.24
39.55
40.62
27.98
26.61
28.42
19.19
29.05
37.01
28.17
36.77
17.87
38.96
33.89
35.69
19.87
36.82
35.79
36.62
20.26
39.36
34.18
36.62
17.38
39.31
33.11
32.76
18.75
30.96
37.55
38.38
38.72
38.23
38.87
38.96
39.7
39.4
38.96
37.89
39.75
39.7
38.72
38.28
38.04
21.19
42.24
41.55
42.38
31.25
27.69
29.88
20.56
17.31
37.74
38.53
39.31
39.26
38.18
39.75
39.6
38.67
39.65
39.4
39.06
39.21
38.77
40.53
40.33
27.64
41.65
41.7
41.6
31.98
34.62
33.79
17.85
32.37
40.38
40.62
40.38
40.04
41.06
39.7
39.45
41.46
41.06
41.16
40.67
40.23
40.19
40.33
25.49
41.31
39.36
41.11
36.04
35.35
35.3
13.84
37.99
36.57
35.6
34.67
32.67
29.2
26.46
25.24
23.32
21.36
18.38
16.28
15.99
15.5
15.48
15.65
15.55
15.58
16.5
17.65
18.12
18.6
17.77
17.04
16.43
16.31
16.53
23.78
25.15
37.94
41.11
40.33
35.74
29.35
25.2
22.8
15.53
17.75
14.89
16.87
16.19
24.63
31.84
32.86
21.85
25.49
31.69
24.02
23.32
32.28
35.99
24.19
26.61
22.88
21.9
21.04
21.48
23.05
24.29
23.0
27.93
35.6
32.71
20.68
24.15
20.17
23.14
20.95
22.19
9.07
40.62
39.4
41.02
40.19
39.5
40.23
41.89
41.6
41.5
41.7
40.72
40.72
40.14
40.67
34.23
36.38
42.48
42.92
36.33
31.49
34.03
31.15
19.07
19.8
19.9
21.19
19.6
29.1
35.06
36.23
20.09
18.21
20.8
17.09
19.7
19.75
18.19
17.72
16.31
18.19
14.89
18.07
29.93
37.65
22.27
19.68
19.92
28.12
37.11
27.44
1.088
0.6096
0.03643
0.02604
0.02604
0.03128
5.145
14.77
22.63
19.58
16.06
17.9
12.6
11.3
15.16
0.1459
0.0885
0.02079
0.02604
0.02604
0.02604
0.02604
0.02604
0.02604
0.02604
0.02079
0.02604
0.02604
0.03128
0.02604
0.02604
0.02079
0.03128
0.02079
0.02604
0.02604
0.02604
0.02079
0.02604
0.02604
0.02604
0.02604
0.02604
0.02604
0.02604
0.02604
0.02604
0.02604
0.03128
0.02604
0.02604
0.02604
