7.3
7.556
7.556
7.556
7.556
7.556
4.218
3.821
4.01
4.065
4.138
4.26
4.26
4.254
4.303
4.443
4.443
4.443
4.449
4.443
4.492
4.639
4.639
4.639
4.639
4.639
4.639
4.639
4.639
4.639
4.639
4.663
4.834
4.834
4.828
4.828
4.834
4.828
4.828
4.828
4.828
4.834
4.828
4.828
4.865
4.865
4.834
4.834
4.834
4.834
4.865
4.883
4.84
4.84
4.84
4.84
4.919
4.84
4.84
4.956
5.029
5.035
5.035
5.029
5.029
5.029
5.029
5.029
5.029
5.029
5.029
5.029
5.029
5.029
5.029
5.029
5.054
5.225
5.225
5.225
5.225
5.225
5.243
5.292
5.231
5.231
5.231
5.231
5.249
5.292
5.231
5.359
5.414
5.414
5.426
5.609
5.609
5.609
5.609
5.609
5.609
5.609
5.609
5.609
5.609
5.609
5.609
5.609
5.609
5.609
5.609
5.615
5.804
5.804
5.804
5.804
5.804
5.804
5.804
5.811
5.811
5.811
5.811
5.811
5.811
5.811
5.811
5.811
5.811
5.817
5.817
6.012
6.012
6.012
6.012
6.012
6.012
6.012
6.012
6.012
6.012
6.012
6.012
6.067
6.207
6.207
6.201
6.201
6.207
6.396
6.396
6.396
6.396
6.396
6.396
6.567
6.58
6.592
6.592
6.592
6.592
6.592
6.592
6.592
6.592
6.616
6.787
6.97
6.982
6.982
6.982
6.982
6.982
6.982
6.982
6.982
7.043
7.166
7.349
7.361
7.361
7.361
7.361
7.361
7.532
7.556
7.556
7.556
6.702
3.174
3.882
4.071
4.138
4.26
4.26
4.26
4.26
4.315
4.449
4.449
4.449
4.449
4.449
4.449
4.449
4.449
4.578
4.645
4.645
4.645
4.645
4.639
4.639
4.639
4.639
4.645
4.639
4.639
4.639
4.834
4.834
4.834
4.834
4.834
4.834
4.834
4.834
4.834
4.834
4.834
4.834
4.834
4.834
4.834
4.84
5.035
5.035
5.035
5.029
5.029
5.029
5.029
5.029
5.029
5.029
5.029
5.029
5.029
5.029
5.029
5.029
5.029
5.029
5.078
5.219
5.219
5.219
5.219
5.383
5.414
5.536
5.597
5.597
5.634
6.073
6.177
6.262
6.372
6.543
6.995
7.251
7.336
7.336
6.122
3.595
3.918
4.065
4.065
4.163
4.26
4.26
4.26
4.279
4.443
4.443
4.443
4.437
4.443
4.443
4.443
4.443
4.578
4.639
4.639
4.639
4.639
4.639
4.639
4.639
4.639
4.639
4.639
4.639
4.639
4.639
4.694
4.834
4.834
4.834
4.834
4.834
4.834
4.834
4.834
4.828
4.834
4.828
4.828
4.834
4.834
4.834
4.828
4.828
4.828
4.828
4.828
4.828
4.828
4.84
5.029
5.029
5.029
5.029
5.029
5.029
5.029
5.029
5.231
5.231
5.231
5.231
5.231
5.231
5.231
5.402
5.511
5.603
5.603
5.603
5.603
5.603
5.603
5.792
5.811
5.994
6.006
6.183
6.183
6.262
6.506
6.702
6.775
6.775
6.775
6.775
6.812
6.97
6.958
6.958
6.958
6.958
6.958
6.958
6.958
6.958
7.092
7.153
7.153
7.153
7.153
7.153
7.153
7.153
7.153
7.153
7.153
7.153
7.153
7.153
7.153
7.153
7.153
7.153
7.153
7.153
7.153
7.153
7.153
7.153
7.153
7.153
7.153
7.153
7.153
7.153
7.153
7.202
7.349
7.349
7.349
7.349
7.349
7.349
7.349
7.349
7.349
7.349
7.349
7.349
7.349
7.349
7.349
7.349
7.349
7.349
7.349
7.349
7.349
7.349
7.349
7.349
7.349
7.349
7.349
7.349
7.349
7.349
7.349
7.349
7.349
3.552
3.021
3.326
3.601
3.766
3.87
4.028
4.047
4.242
4.242
4.242
4.242
4.291
4.431
4.431
4.431
4.431
4.431
4.431
4.626
4.626
4.626
4.626
4.626
4.626
4.626
4.742
4.834
4.84
4.84
4.84
4.84
4.84
4.84
4.84
4.84
4.84
4.84
4.84
4.84
4.84
4.84
4.84
4.84
4.84
4.84
4.84
4.987
5.035
5.035
5.035
5.035
5.035
5.035
5.035
5.035
5.035
5.035
5.035
5.035
5.035
5.035
5.035
5.035
5.035
5.035
5.035
5.035
5.035
5.035
5.035
5.048
5.396
5.426
5.426
5.426
5.426
5.548
5.621
5.621
5.621
5.621
5.621
5.621
5.621
5.615
5.811
5.835
6.012
6.012
6.195
6.445
6.592
6.86
6.97
7.117
7.336
7.349
7.349
7.349
7.349
7.349
7.349
7.349
4.26
3.778
3.925
4.065
4.065
4.065
4.114
4.26
4.26
4.26
4.26
4.309
4.449
4.449
4.456
4.449
4.456
4.449
4.535
4.645
4.651
4.645
4.645
4.645
4.645
4.645
4.645
4.651
4.651
4.645
4.645
4.645
4.645
4.645
4.803
4.846
4.846
4.846
4.84
4.84
4.84
4.84
4.84
4.84
4.84
4.84
4.846
4.84
4.846
4.889
5.035
5.035
5.035
5.035
5.035
5.035
5.06
5.231
5.231
5.231
5.231
5.371
5.426
5.426
5.438
5.621
5.762
5.817
6.036
6.311
6.396
6.604
6.982
7.007
7.178
7.178
7.178
7.178
7.361
7.373
7.373
7.373
7.373
7.373
7.373
7.373
7.373
7.373
7.373
7.373
7.373
3.43
2.914
3.192
3.467
3.491
3.68
3.68
3.68
3.778
3.876
3.876
3.876
3.876
3.955
4.071
4.071
4.071
4.071
4.071
4.071
4.071
4.071
4.071
4.071
4.218
4.266
4.266
4.266
4.266
4.266
4.266
4.266
4.266
4.266
4.266
4.266
4.266
4.266
4.266
4.266
4.266
4.266
4.266
4.266
4.266
4.266
4.266
4.266
4.266
4.266
4.266
4.266
4.266
4.431
4.449
4.449
4.456
4.456
4.456
4.456
4.456
4.456
4.456
4.456
4.462
4.462
4.456
4.456
4.456
4.456
4.492
4.651
4.651
4.651
4.651
4.651
4.651
4.651
4.651
4.651
4.651
4.651
4.651
4.651
4.688
4.846
4.846
4.846
4.846
4.846
4.846
4.846
4.846
4.846
4.846
4.846
4.846
4.846
5.023
5.023
5.023
5.023
5.023
5.023
5.023
5.023
5.023
5.023
5.023
5.023
5.023
5.023
5.023
5.023
5.023
5.023
5.023
5.023
5.023
5.023
5.023
5.023
5.042
5.219
5.219
5.219
5.219
5.219
5.219
5.219
5.219
5.219
5.219
5.219
5.219
5.219
5.219
5.219
5.219
5.219
5.219
5.219
5.219
5.231
5.255
5.426
5.426
5.426
5.566
5.627
5.621
5.64
5.817
6.006
6.049
6.207
6.244
6.409
6.775
7.141
7.361
7.361
7.361
7.361
7.361
7.361
7.361
7.007
