20.46
20.83
19.48
16.89
16.21
20.75
20.65
18.41
12.55
9.033
8.801
8.728
8.826
8.667
6.604
6.543
6.409
6.409
6.409
7.837
8.838
9.631
17.43
20.85
20.78
19.78
18.19
9.827
8.716
8.789
11.47
19.31
20.85
20.85
19.7
19.09
12.87
17.85
20.78
20.7
19.97
12.17
14.06
16.5
17.19
17.65
17.99
18.12
18.29
18.51
18.58
16.99
15.19
14.72
12.92
11.13
8.936
10.13
17.97
20.85
20.83
20.04
17.53
8.899
8.74
12.11
15.72
16.72
17.19
17.58
17.87
18.02
18.24
18.46
18.58
16.5
14.99
15.31
14.84
14.6
9.644
10.01
17.5
20.83
20.83
19.68
18.36
18.19
18.02
17.75
17.41
17.6
18.02
18.51
17.04
16.06
16.09
13.82
9.399
9.399
15.14
20.68
20.85
19.31
16.46
17.31
20.78
20.85
19.68
18.26
18.21
18.21
18.19
18.21
18.55
15.84
14.21
11.99
9.766
9.338
9.436
8.875
9.644
10.17
9.583
14.97
20.39
20.85
20.46
17.75
15.23
15.33
16.72
17.48
17.94
18.36
17.65
15.28
14.5
13.57
13.26
9.314
9.033
9.778
9.18
9.668
9.949
9.106
9.485
9.265
12.18
19.04
20.65
20.68
19.14
17.72
16.53
9.729
12.16
15.89
16.7
17.24
17.63
17.92
18.04
18.19
18.51
18.55
16.26
14.82
14.48
13.96
13.26
10.14
9.888
9.412
9.766
9.814
9.644
9.29
9.644
7.336
6.604
6.482
6.409
6.409
6.409
6.409
6.409
7.544
9.021
9.094
8.923
9.937
8.459
10.9
17.33
20.58
20.7
19.04
17.7
15.48
11.91
18.48
20.8
20.75
19.14
18.04
8.789
6.519
6.409
6.409
6.409
7.983
9.033
9.094
9.241
12.67
20.29
20.85
19.75
18.21
15.45
10.11
9.656
9.558
10.11
17.36
20.85
20.41
12.62
6.836
6.604
6.604
6.604
6.604
6.604
7.715
17.53
20.85
20.41
18.26
16.6
10.34
9.07
9.094
9.07
9.106
9.229
9.216
9.509
9.302
9.644
11.49
18.09
20.7
20.7
19.58
18.12
16.33
6.787
8.618
9.021
9.497
8.984
14.38
20.39
20.8
20.04
17.92
16.65
12.35
18.99
20.8
20.8
19.19
16.58
16.24
20.65
20.8
19.87
18.29
18.19
16.43
6.604
8.276
8.826
9.424
9.705
17.63
20.78
20.48
14.36
9.216
9.216
9.143
9.143
8.74
9.375
8.972
9.229
7.666
6.604
6.604
6.604
6.604
6.604
6.604
6.604
6.628
8.728
9.058
9.033
8.606
8.752
8.813
8.911
9.131
8.813
8.63
12.79
20.63
20.83
14.94
9.131
7.288
6.604
6.604
6.604
6.604
6.604
6.604
6.604
6.604
7.642
8.496
8.96
10.28
18.95
20.85
20.7
11.88
9.253
16.11
20.85
20.73
14.36
18.16
20.85
20.85
17.36
7.214
6.738
6.604
6.604
6.604
6.604
7.129
9.692
10.01
9.583
9.558
16.82
20.85
20.31
9.631
9.338
8.618
8.826
10.14
19.56
20.83
18.02
9.021
8.948
8.923
16.26
20.85
20.83
15.67
12.74
16.67
17.48
18.02
18.41
18.63
18.99
19.24
19.34
19.46
19.53
19.58
19.8
20.0
20.12
20.12
20.19
20.31
20.41
20.58
20.7
20.7
18.8
20.0
20.46
20.78
20.85
20.85
20.87
20.26
18.16
17.31
17.04
16.92
13.33
11.57
16.46
17.46
18.12
18.41
18.73
19.04
19.36
19.53
19.73
19.85
19.92
20.12
20.12
20.31
20.31
20.51
20.7
20.7
18.58
20.48
20.75
20.87
20.87
20.87
20.87
20.87
20.73
18.07
17.63
17.63
17.63
17.63
13.06
13.92
16.67
17.5
18.09
18.38
18.55
18.75
19.09
19.17
19.26
19.36
19.46
19.56
19.68
19.75
19.75
19.9
19.97
20.14
20.12
20.14
20.14
20.31
20.34
20.34
20.41
20.53
20.63
20.7
20.7
20.7
20.7
19.19
20.21
20.7
20.87
20.87
20.85
20.87
20.24
17.65
17.43
17.43
13.04
13.99
16.94
17.75
18.24
18.41
18.48
18.6
18.92
19.02
19.17
19.38
19.56
19.56
19.56
19.58
19.73
19.8
19.92
20.02
20.12
20.17
20.31
20.31
20.31
20.31
20.51
20.51
20.7
20.7
20.7
20.7
20.7
20.7
18.9
20.04
20.87
20.87
20.87
20.87
20.87
20.8
20.68
20.39
18.55
17.5
16.85
16.38
10.73
15.99
16.92
17.46
17.87
18.29
18.46
18.58
18.75
19.12
19.24
19.31
19.41
19.68
19.78
19.87
19.95
20.07
20.09
20.26
20.26
20.34
20.46
20.46
20.53
20.8
20.85
19.63
19.95
20.8
20.8
20.8
20.8
20.78
20.48
20.26
19.95
18.48
17.92
11.62
15.43
16.94
15.16
13.55
13.33
16.36
20.19
19.6
16.8
18.33
20.19
18.14
16.5
19.8
19.53
17.21
16.99
17.02
16.94
16.58
13.7
15.99
16.72
13.35
11.21
12.38
17.29
18.29
18.8
19.21
19.48
19.73
19.82
19.95
20.09
20.26
20.31
20.46
20.7
20.7
19.07
20.78
20.85
20.85
19.56
18.24
17.97
11.58
17.14
18.26
18.75
19.21
19.46
19.68
19.85
20.02
20.12
20.21
20.31
20.48
20.7
20.68
19.02
20.85
20.85
20.8
19.36
18.36
16.48
12.21
17.31
18.29
18.77
19.24
19.46
19.6
19.78
19.92
20.09
20.19
20.31
20.41
20.65
20.51
17.97
20.83
20.85
20.75
20.68
20.48
20.0
19.95
19.95
19.97
14.55
14.43
17.19
17.92
18.46
18.65
18.99
19.26
19.36
19.56
19.65
19.75
19.87
19.95
19.95
20.14
20.21
20.34
20.31
20.48
20.56
20.7
20.7
20.7
20.24
19.82
20.87
20.87
20.85
20.85
20.87
20.26
19.95
19.95
19.95
17.48
13.23
17.09
18.02
18.53
18.85
19.26
19.53
19.7
19.9
19.95
20.14
20.21
20.31
20.34
20.39
20.53
20.63
20.7
20.7
20.58
19.56
20.87
20.85
20.85
20.85
19.51
18.92
18.55
9.375
13.96
17.43
18.26
18.58
19.04
19.29
19.48
19.6
19.75
19.92
20.02
20.14
20.17
20.34
20.36
20.68
20.7
20.7
19.19
20.09
20.87
20.8
20.87
20.87
20.87
20.87
20.75
18.92
18.14
17.82
17.16
9.546
9.509
9.583
9.119
9.595
17.65
20.85
20.43
10.41
11.35
11.84
19.7
20.58
11.1
6.897
6.665
6.604
8.313
9.216
11.21
20.73
16.97
10.41
14.55
20.78
13.55
9.448
9.082
9.57
9.216
9.009
9.094
9.338
8.948
9.033
8.044
6.738
6.604
6.604
6.604
6.604
6.604
6.604
6.604
6.604
6.604
6.604
6.604
6.604
6.604
6.604
6.604
6.604
6.604
6.604
6.604
8.533
9.753
9.412
10.38
9.692
9.29
14.89
20.75
14.87
9.998
