8.679
8.215
8.167
6.445
8.545
9.521
6.921
7.715
7.385
7.922
7.861
7.874
6.494
6.409
6.409
6.409
6.409
6.409
6.409
6.409
6.409
6.409
6.409
6.409
6.409
6.409
6.409
6.409
6.409
6.409
6.409
6.409
6.409
9.436
15.92
17.33
17.94
18.41
16.21
14.38
10.99
14.01
16.99
17.82
18.29
17.04
15.28
12.02
10.49
20.41
17.48
17.58
20.21
10.05
9.021
8.472
8.838
12.12
16.8
17.72
18.29
17.09
14.5
11.65
12.23
16.8
17.8
18.33
16.09
14.58
9.351
8.862
8.936
8.765
9.021
15.77
17.38
18.12
17.53
15.28
12.18
8.496
8.569
8.508
8.862
8.521
12.11
16.77
17.77
18.33
15.87
14.11
8.887
11.0
20.7
15.19
9.106
8.594
8.752
8.972
8.618
11.24
16.65
17.7
18.21
14.87
11.49
8.777
9.192
9.143
15.8
17.41
18.12
17.41
14.33
11.19
9.436
8.887
14.28
20.8
12.87
9.802
9.412
9.326
19.38
18.55
9.18
15.75
17.43
18.19
17.63
14.77
11.68
9.277
12.21
16.99
17.94
18.51
16.16
14.04
9.729
9.375
16.77
19.75
13.11
13.09
20.83
14.43
9.631
9.131
9.082
9.021
8.875
9.131
8.74
13.53
16.97
17.85
18.38
16.89
15.06
11.9
8.74
10.89
16.14
17.48
18.07
17.65
15.8
14.23
8.936
14.67
20.8
13.67
9.619
19.41
19.73
10.25
9.961
8.972
9.119
8.789
6.482
6.409
6.409
6.409
6.409
6.409
6.409
6.409
6.409
6.409
7.007
8.337
8.838
8.435
8.618
9.973
15.33
20.83
16.75
10.21
20.21
19.73
7.715
8.618
6.445
6.409
6.409
6.409
6.409
6.409
6.409
6.409
6.409
6.409
6.409
8.264
8.264
8.24
13.77
20.8
18.87
15.41
7.874
8.923
8.435
7.666
8.643
8.362
6.482
6.409
6.409
6.409
6.409
6.409
6.409
6.409
6.409
6.409
6.409
8.313
8.142
8.557
9.094
8.447
14.33
20.83
17.16
8.679
9.668
9.729
18.9
20.48
12.67
7.129
6.555
6.409
6.409
6.409
6.409
6.409
6.409
6.409
6.409
6.409
6.409
6.409
6.409
6.409
6.409
6.409
6.897
7.812
8.228
8.289
8.826
8.899
6.555
6.409
6.409
6.409
6.409
6.409
6.409
6.409
6.409
6.506
8.813
8.899
8.679
8.679
10.17
20.07
20.21
13.4
19.31
20.51
11.95
6.738
6.482
6.409
6.409
6.409
6.409
6.409
6.409
6.409
6.409
6.409
6.409
6.409
6.409
6.409
6.409
6.409
6.409
6.409
6.409
6.409
6.409
6.409
6.409
6.409
6.409
6.409
6.409
6.409
6.409
6.409
6.409
6.409
6.409
6.409
6.409
6.409
6.409
6.409
6.409
6.409
6.409
6.409
6.409
6.409
6.409
6.409
6.409
6.409
6.409
6.409
6.409
6.409
6.409
6.409
6.409
6.409
6.409
6.409
6.409
6.409
6.409
6.409
6.409
7.227
9.045
16.09
17.68
18.36
18.65
19.09
19.29
19.46
19.53
19.73
19.8
19.92
20.04
20.12
20.14
20.34
20.53
20.68
18.26
20.83
20.19
19.65
17.53
15.53
15.19
10.73
16.31
13.35
11.51
15.77
15.6
13.18
9.717
12.04
16.09
17.07
17.5
17.97
18.21
18.36
18.48
18.68
18.85
18.95
19.12
19.29
19.53
18.65
18.65
20.83
20.83
20.78
18.77
17.87
12.99
13.16
16.38
17.33
17.75
18.12
18.31
18.46
18.65
18.75
18.9
19.07
19.14
19.34
19.53
18.21
18.8
20.83
20.83
20.83
19.63
18.87
17.58
9.583
15.72
16.89
17.41
17.82
18.14
18.33
18.48
18.55
18.73
18.9
19.09
19.09
19.24
19.43
19.65
18.31
18.38
19.21
20.17
20.78
20.78
19.8
17.31
16.48
10.02
15.38
16.85
17.46
17.99
18.26
18.58
18.65
18.8
18.92
19.02
19.09
19.31
19.51
19.73
18.14
19.78
20.83
20.83
20.14
18.41
17.99
11.74
14.4
16.6
17.31
17.8
18.26
18.36
18.53
18.65
18.77
18.99
19.14
19.14
19.26
19.46
19.6
19.02
18.04
20.85
20.83
20.8
18.58
17.09
16.85
12.17
11.16
16.11
17.07
17.5
17.94
18.29
18.46
18.6
18.77
18.97
19.14
19.14
19.31
19.53
19.7
18.33
20.63
20.68
20.26
19.58
18.51
18.36
14.5
8.85
15.65
16.97
17.55
18.07
18.33
18.51
18.73
18.8
18.97
19.14
19.19
19.34
19.46
19.7
19.43
15.06
14.38
15.7
15.99
16.48
17.36
16.82
17.43
17.97
18.24
17.48
14.36
7.996
14.5
15.75
12.67
10.11
14.7
16.33
14.82
13.43
11.67
12.41
15.87
16.38
12.1
13.09
10.27
13.16
16.26
13.33
12.08
11.82
16.24
13.94
12.4
9.558
15.21
15.7
12.79
10.14
13.43
16.41
13.31
11.57
11.24
16.06
13.26
11.35
10.58
15.99
13.7
11.06
10.19
15.87
16.97
17.48
18.04
18.31
18.51
18.68
18.82
18.95
19.04
19.17
19.34
19.41
19.7
19.75
14.75
15.33
16.5
18.38
20.8
20.43
20.46
20.14
19.04
11.06
10.97
16.16
17.14
17.65
18.12
18.33
18.55
18.65
18.85
18.95
19.09
19.24
19.38
19.65
19.7
17.33
20.07
20.83
20.85
19.8
18.14
17.97
12.23
11.54
16.31
17.24
17.68
18.14
18.46
18.58
18.75
18.82
18.97
19.14
19.14
19.34
19.65
19.73
17.99
18.63
19.36
20.85
20.85
20.75
20.04
19.56
16.99
16.06
16.06
16.06
16.06
11.96
11.71
8.911
11.07
8.984
11.63
9.045
10.27
10.78
9.216
9.741
10.11
10.06
11.88
9.705
9.79
9.741
9.692
10.28
9.717
9.534
8.899
12.67
16.41
17.26
17.75
18.14
18.36
18.53
18.7
18.87
18.95
19.14
19.17
19.36
19.6
19.73
17.31
20.41
20.65
20.43
19.58
17.65
17.04
12.0
18.82
18.36
10.23
9.302
9.338
9.07
9.009
9.033
11.99
16.36
17.24
17.65
18.19
18.43
18.65
18.75
18.9
19.07
19.21
19.34
19.46
19.68
19.82
18.09
19.58
20.83
20.83
20.63
18.92
18.8
13.82
9.119
8.923
8.545
15.55
16.94
17.48
18.02
18.38
18.58
18.75
18.87
18.97
19.14
19.34
19.34
19.43
19.65
19.87
18.92
18.82
20.65
20.83
20.83
19.51
18.58
18.02
6.873
5.438
5.444
6.079
8.875
8.337
13.38
20.63
12.52
17.09
20.17
12.0
19.09
18.26
8.728
8.777
8.984
8.374
8.655
8.74
9.216
12.74
20.17
13.53
5.829
5.609
5.444
5.444
5.444
5.444
5.444
5.444
5.444
5.444
5.444
5.444
5.444
5.444
5.444
5.444
5.444
5.444
5.444
5.444
5.444
8.875
9.229
11.98
20.07
17.53
9.119
9.119
