0.3136
0.3998
0.1085
0.1619
0.3059
0.3323
0.16
0.2628
0.3086
0.2495
0.1144
0.2438
0.1728
0.1574
9.537e-05
0.0
0.0
0.0
0.0
0.0
0.0
0.0
0.0
0.1501
0.1516
0.2644
0.2163
0.1616
0.3708
0.1663
0.1486
0.1402
0.2083
0.1568
0.3002
0.1619
0.2651
0.09069
0.0001907
0.9277
1.569
1.907
2.032
2.136
2.283
6.299
4.742
2.597
0.2171
2.005
2.435
2.048
2.103
2.109
5.841
4.077
2.42
0.1701
0.1865
0.2846
0.1368
0.2625
0.1001
1.465
2.014
1.971
2.017
1.846
5.255
3.937
3.558
0.6592
0.1495
0.3231
0.37
0.161
0.3292
0.1158
0.2838
0.1879
0.4456
0.1385
0.1223
0.4524
0.123
0.1383
1.393
1.816
2.09
2.335
2.267
6.372
4.541
1.138
0.1383
0.4265
0.1314
0.1205
0.3407
0.08926
1.984
2.548
2.271
2.478
5.927
4.333
1.917
0.5501
0.3662
0.3704
0.1987
2.017
2.591
2.322
2.014
5.945
4.004
2.048
0.2541
2.045
2.054
2.048
1.761
2.643
6.665
4.114
1.276
0.3883
0.1318
0.1217
0.4227
0.6134
0.6111
0.3262
0.1192
0.1228
0.3391
0.07353
1.706
1.855
1.837
2.304
3.104
5.615
3.674
0.5035
0.4379
0.6729
0.1755
0.2262
0.2537
0.7477
1.561
1.904
1.959
2.039
3.979
5.066
3.107
1.077
0.1547
1.868
1.926
1.624
1.816
1.657
4.663
3.668
3.143
1.215
0.618
0.4547
0.04368
0.3952
0.396
0.4288
0.3422
0.141
0.1228
0.3281
0.1436
0.2995
9.537e-05
0.0
9.537e-05
0.0
0.0
0.004864
0.3792
0.2411
0.396
0.135
0.3204
0.3132
0.1741
0.02871
0.1293
0.1192
0.3838
0.2522
0.09661
0.06762
0.1038
0.3147
0.2113
0.3998
0.0001907
0.0
9.537e-05
0.0
0.0
0.005341
0.362
0.2602
0.3239
0.2487
0.07868
0.08173
0.2155
0.1589
0.3292
0.383
0.5562
0.2113
0.1968
0.3914
0.1612
0.1673
0.1823
0.1883
9.537e-05
0.0
0.0
0.0
0.0
0.003815
0.2022
0.2945
0.1152
0.1066
0.2907
0.2186
0.4707
0.1991
0.1936
0.2422
0.1949
0.2426
0.2014
0.444
0.3044
0.528
0.4692
0.6706
9.537e-05
0.0
0.0
0.0
9.537e-05
0.003338
0.2857
0.1404
0.1633
0.7652
0.248
0.145
0.2953
0.3624
0.1261
0.2563
0.2056
0.1511
0.1747
0.1875
0.2754
0.2136
0.148
0.2625
0.1484
0.0001907
9.537e-05
0.0
9.537e-05
0.005436
0.3155
0.2209
0.219
0.2625
0.5203
0.1984
0.1062
0.3853
0.3242
0.4181
0.3277
0.248
0.2361
0.2213
0.3399
0.1032
0.1175
0.3323
0.01049
0.0003815
0.0
0.0
0.0
0.003242
0.2609
0.2842
0.1329
0.1968
0.264
0.2068
0.161
0.1724
0.4494
0.1175
0.1446
0.3651
0.1579
0.1263
0.4852
0.3075
0.4227
0.1781
0.0001907
0.0
0.0
0.0
9.537e-05
0.004959
0.4684
0.4356
0.1438
0.2678
0.1972
0.6958
0.09327
0.106
0.2277
0.3136
0.2579
0.1831
0.3101
0.1188
0.6744
0.1177
0.07095
0.2724
0.1305
0.08926
0.3052
0.05713
0.0001907
0.005817
0.4967
0.7317
0.7149
0.2686
0.1419
0.2396
0.1474
0.4936
0.004768
1.155
1.427
2.094
2.304
2.463
2.536
2.521
2.097
2.081
2.075
2.277
1.709
1.593
1.599
1.596
1.543
1.691
2.136
2.051
2.197
1.923
4.95
8.777
10.1
10.25
8.813
8.167
6.482
9.229
5.676
4.059
2.527
0.8545
1.096
2.139
2.304
2.029
1.614
1.425
1.63
1.509
1.442
1.54
1.767
1.999
2.179
2.362
1.776
1.926
2.39
2.014
2.124
2.304
2.451
2.374
3.4
7.8
7.983
11.46
8.508
10.95
9.18
7.385
5.933
4.028
2.942
0.05674
1.74
1.709
1.907
2.057
2.463
2.341
2.127
1.953
1.797
1.81
1.675
1.917
1.743
1.62
1.534
1.532
1.556
1.923
2.103
1.546
1.843
1.938
6.482
11.66
10.96
6.616
9.07
8.179
7.617
6.775
5.389
4.565
2.695
0.7347
1.837
2.032
2.17
1.834
1.791
1.752
1.587
1.462
1.868
1.562
1.688
1.758
1.547
1.7
1.822
1.669
1.834
1.419
1.566
1.076
1.233
1.292
1.448
1.764
6.323
10.4
7.971
11.99
8.972
10.79
7.996
5.322
4.163
2.744
2.277
0.3021
1.712
1.77
1.88
2.075
1.904
1.663
1.639
1.268
1.204
1.363
1.369
1.633
1.353
1.466
1.364
1.433
1.288
1.146
1.434
1.712
1.724
1.801
4.37
7.397
9.717
12.22
5.969
8.582
7.703
6.262
6.616
4.749
2.719
3.284
1.733
0.6348
1.917
1.993
1.721
1.669
1.642
1.62
1.575
1.599
1.469
1.558
1.776
1.825
1.697
1.743
1.968
1.727
1.813
1.971
2.094
2.036
1.901
1.727
4.626
8.447
7.166
9.045
8.862
9.058
8.179
9.009
5.731
5.707
2.78
1.663
1.456
1.459
1.503
3.394
5.347
2.216
1.834
0.399
0.1701
0.1167
0.3235
0.1549
1.08
1.176
2.792
3.918
0.7858
0.5409
0.8972
1.025
3.024
3.827
1.308
0.0005722
0.8881
1.163
1.776
2.014
2.136
1.43
1.733
1.764
1.587
1.581
1.602
1.593
1.703
2.008
1.886
1.993
1.77
1.503
1.416
1.736
2.023
1.904
1.865
1.813
4.736
6.726
10.01
9.937
11.68
9.058
7.703
6.067
4.382
2.737
1.254
1.965
2.057
2.014
1.7
1.794
1.926
1.996
1.559
1.411
1.234
1.393
1.849
2.081
1.886
1.602
1.77
1.959
2.151
2.393
2.597
4.303
10.77
11.55
10.27
10.47
9.534
7.581
6.519
4.034
2.838
0.8102
1.593
2.292
2.301
2.237
2.1
2.017
1.782
2.347
2.341
2.316
2.536
1.706
1.476
1.44
1.852
1.804
2.042
2.396
2.377
3.113
9.766
10.8
11.25
10.95
8.972
8.789
4.73
4.718
2.737
0.9872
1.146
2.328
0.176
0.2052
0.1209
0.285
0.2438
0.2129
0.07601
0.1266
0.06847
0.09489
0.3345
0.1621
1.578
0.1749
1.114
0.7118
0.01049
1.852
2.2
2.286
2.356
2.667
2.478
2.386
2.386
2.542
2.466
2.194
2.423
1.999
2.026
2.029
2.301
2.316
2.24
1.721
6.592
8.765
9.229
9.546
7.361
6.677
10.28
5.701
4.541
4.639
3.479
1.657
0.8255
0.3674
0.4013
0.7355
0.2975
0.09203
0.1074
0.09403
0.322
0.09174
0.6897
0.7019
0.4868
0.0926
0.6874
0.2079
0.05798
0.07191
0.07343
0.173
0.227
0.08678
1.328
1.366
1.773
1.537
1.476
1.518
1.335
1.199
0.9842
1.125
1.35
1.097
1.004
1.244
1.416
1.569
1.581
1.733
1.727
1.558
1.479
1.323
1.299
1.164
1.199
1.437
1.323
1.126
1.207
1.088
4.443
7.703
5.243
5.768
11.74
8.74
7.043
7.483
6.738
4.529
4.132
4.004
1.794
2.106
1.076
0.0
0.0
0.0
0.0
0.0
0.0
0.0003815
0.0
0.0
0.0
0.0
0.0
0.0
9.537e-05
0.0
0.0
0.01059
0.8713
0.795
1.077
0.7645
0.6531
0.7088
0.2792
0.1152
0.07181
0.123
