7.666
7.654
7.654
7.654
7.654
7.654
7.654
7.666
7.666
7.654
7.666
7.666
7.666
7.654
7.654
7.666
7.666
7.666
7.666
7.666
7.654
7.69
7.837
7.825
7.825
7.825
7.825
7.825
7.825
7.751
7.654
7.654
7.654
7.654
7.654
7.654
7.654
7.654
7.666
7.666
7.666
7.666
7.666
7.666
7.666
7.666
7.678
7.678
7.678
7.666
7.666
7.678
7.666
7.666
7.666
7.654
7.666
7.654
7.666
7.666
7.666
7.654
7.666
7.666
7.666
7.666
7.666
7.654
7.654
7.666
7.666
7.654
7.666
7.666
7.666
7.654
7.654
7.666
7.654
7.654
7.654
7.666
7.666
7.666
7.666
7.666
7.666
7.654
7.654
7.654
7.666
7.703
7.678
7.654
7.654
7.654
7.654
7.654
7.666
7.751
7.776
7.715
7.715
7.69
7.739
7.812
7.837
7.69
7.69
7.678
7.739
7.666
7.666
7.678
7.654
7.654
7.654
7.654
7.666
7.654
7.666
7.654
7.654
7.654
7.654
7.642
7.739
7.69
7.678
7.654
7.654
7.654
7.654
7.654
7.654
7.666
7.654
7.654
7.666
7.666
7.666
7.666
7.654
7.654
7.654
7.654
7.654
7.666
7.654
7.654
7.654
7.654
7.654
7.654
7.654
7.666
7.666
7.654
7.654
7.654
7.666
7.666
7.666
7.654
7.654
7.666
7.654
7.654
7.654
7.654
7.666
7.666
7.666
7.654
7.654
7.654
7.666
7.654
7.642
7.654
7.654
7.654
7.654
7.654
7.727
7.678
7.727
7.788
7.666
7.654
7.666
7.715
7.654
7.654
7.678
7.678
7.654
7.739
7.739
7.69
7.69
7.739
7.678
7.678
7.654
7.654
7.654
7.654
7.666
7.666
7.654
7.654
7.654
7.654
7.654
7.666
7.666
7.666
7.654
7.666
7.654
7.678
7.654
7.642
7.654
7.654
7.654
7.654
7.666
7.654
7.666
7.666
7.666
7.666
7.666
7.666
7.666
7.666
7.666
7.666
7.666
7.666
7.654
7.666
7.666
7.654
7.654
7.666
7.654
7.666
7.654
7.654
7.654
7.654
7.654
7.654
7.654
7.654
7.654
7.654
7.654
7.654
7.666
7.666
7.666
7.666
7.666
7.666
7.654
7.654
7.654
7.654
7.703
7.666
7.666
7.666
7.678
7.666
7.666
7.666
7.666
7.666
7.654
7.654
7.703
7.837
7.825
7.654
7.654
7.654
7.69
7.654
7.654
7.666
7.666
7.654
7.654
7.654
7.654
7.654
7.654
7.666
7.703
7.837
7.776
7.654
7.654
7.654
7.654
7.654
7.654
7.654
7.654
7.666
7.666
7.666
7.666
7.666
7.654
7.654
7.654
7.69
7.654
7.678
7.654
7.642
7.69
7.654
7.654
7.654
7.654
7.666
7.654
7.654
7.654
7.666
7.666
7.666
7.666
7.666
7.666
7.666
7.654
7.654
7.654
7.654
7.666
7.666
7.666
7.666
7.666
7.666
7.666
7.666
7.666
7.654
7.654
7.654
7.666
7.666
7.666
7.666
7.666
7.654
7.654
7.654
7.654
7.654
7.654
7.654
7.666
7.666
7.666
7.654
7.654
7.654
7.654
7.654
7.666
7.654
7.666
7.69
7.739
7.764
7.666
7.654
7.715
7.837
7.837
7.739
7.715
7.727
7.739
7.654
7.776
7.703
7.654
7.654
7.654
7.654
7.654
7.666
7.666
7.666
7.666
7.654
7.666
7.654
7.654
7.654
7.654
7.654
7.654
7.654
7.654
7.654
7.666
7.666
7.666
7.666
7.666
7.666
7.666
7.666
7.666
7.666
7.666
7.666
7.678
7.678
7.678
7.678
7.69
7.69
7.678
7.678
7.666
7.666
7.666
7.666
7.666
7.666
7.666
7.666
7.678
7.666
7.666
7.666
7.666
7.666
7.666
7.666
7.666
7.678
7.678
7.678
7.666
7.654
7.654
7.666
7.666
7.666
7.666
7.654
7.654
7.666
7.678
7.703
7.654
7.666
7.654
7.642
7.825
7.849
7.654
7.666
7.654
7.654
7.654
7.654
7.654
7.654
7.654
7.654
7.654
7.654
7.666
7.654
7.654
7.654
7.654
7.654
7.654
7.654
7.654
7.666
7.837
7.837
7.825
7.825
7.825
7.837
7.825
7.837
7.678
7.654
7.666
7.666
7.654
7.678
7.654
7.654
7.654
7.654
7.654
7.654
7.666
7.666
7.666
7.666
7.666
7.666
7.666
7.666
7.666
7.666
7.666
7.666
7.666
7.666
7.666
7.654
7.666
7.666
7.666
7.666
7.666
7.666
7.666
7.666
7.666
7.666
7.654
7.654
7.654
7.654
7.666
7.654
7.654
7.666
7.654
7.654
7.666
7.654
7.654
7.666
7.666
7.666
7.666
7.654
7.654
7.654
7.654
7.666
7.666
7.666
7.654
7.654
7.654
7.654
7.654
7.654
7.654
7.654
7.654
7.666
7.666
7.703
7.776
7.666
7.825
7.837
7.837
7.812
7.654
7.654
7.776
7.739
7.654
7.654
7.654
7.703
7.703
7.654
7.69
7.666
7.666
7.666
7.666
7.666
7.666
7.666
7.654
7.654
7.654
7.654
7.654
7.654
7.654
7.654
7.837
7.788
7.654
7.654
7.654
7.666
7.764
7.788
7.654
7.654
7.666
7.666
7.666
7.666
7.666
7.654
7.654
7.666
7.654
7.654
7.654
7.666
7.654
7.654
7.666
7.654
7.654
7.654
7.654
7.666
7.666
7.666
7.666
7.666
7.666
7.666
7.654
7.654
7.642
7.654
7.654
7.654
7.654
7.666
7.666
7.654
7.654
7.654
7.654
7.654
7.654
7.654
7.666
7.654
7.666
7.654
7.654
7.727
7.727
7.825
7.849
7.8
7.654
7.727
7.69
7.715
7.678
7.654
7.654
7.764
7.788
7.764
7.739
7.678
7.764
7.703
7.727
7.776
7.715
7.715
7.654
7.654
7.654
7.654
7.654
7.654
7.654
7.654
7.654
7.654
7.654
7.654
7.654
7.654
7.654
7.715
7.812
7.654
7.666
7.654
7.654
7.666
7.666
7.666
7.666
7.666
7.666
7.666
7.666
7.666
7.666
7.666
7.666
7.654
7.654
7.666
7.654
7.654
7.654
7.654
7.654
7.654
7.654
7.654
7.654
7.654
7.654
7.654
7.654
7.666
7.666
7.666
7.666
7.666
7.666
7.654
7.654
7.654
7.654
7.654
7.654
7.788
7.849
7.715
7.654
7.654
7.654
7.654
7.654
7.678
7.825
7.837
7.837
7.837
7.837
7.837
7.837
7.837
7.837
7.837
7.69
7.715
7.764
7.715
7.654
7.654
7.715
7.678
7.678
7.678
7.654
7.654
7.666
7.666
7.666
7.666
7.666
7.654
7.654
7.666
7.666
7.666
7.666
7.666
7.654
7.666
7.642
7.654
7.654
7.666
7.751
7.703
7.666
7.666
7.666
7.666
7.666
7.666
7.666
7.666
7.666
7.666
7.666
7.666
7.666
7.666
7.666
7.666
7.666
7.654
7.666
7.666
7.654
7.654
7.654
7.654
7.666
7.666
7.666
7.654
7.654
7.654
7.654
7.654
7.666
7.654
