30.08
30.18
29.93
31.01
30.71
31.49
31.74
30.91
31.01
31.54
32.28
32.42
0.0
31.01
31.05
30.71
30.66
30.91
30.52
30.32
30.52
30.62
30.08
30.08
30.08
30.52
30.13
29.59
29.64
29.59
29.64
30.71
30.18
32.28
30.32
29.59
29.0
28.76
29.2
30.27
29.93
28.37
27.25
26.95
26.56
25.44
24.24
23.51
23.78
23.41
21.7
21.97
21.56
21.56
20.75
18.87
17.85
18.9
19.26
19.17
18.6
18.51
17.38
16.85
16.21
15.82
15.38
15.62
14.38
13.87
13.6
13.01
12.57
12.11
11.61
11.67
10.89
10.27
9.949
9.509
9.802
9.57
9.277
8.972
8.777
8.472
7.91
7.507
7.361
7.251
6.799
6.714
6.323
5.878
5.737
5.475
5.438
5.048
4.938
4.626
4.559
4.456
4.529
4.285
4.102
3.998
3.796
3.693
3.577
3.558
3.284
3.137
3.259
3.122
3.015
2.841
2.811
2.734
2.676
2.649
2.805
2.747
2.649
2.539
2.725
2.802
2.887
2.853
2.814
2.856
2.789
2.908
3.149
3.131
3.247
3.29
3.406
3.522
3.619
3.656
3.564
3.723
3.772
3.949
4.065
4.181
4.388
4.547
4.504
4.675
5.054
5.121
5.438
5.328
5.463
5.835
6.195
6.219
6.079
6.323
6.787
7.617
8.118
8.691
9.351
9.924
10.29
11.01
11.25
11.82
12.39
12.55
12.96
13.31
14.38
14.55
14.79
14.53
14.67
15.28
15.97
15.94
16.31
16.53
16.67
17.11
17.31
17.14
17.55
19.19
19.24
15.55
19.19
19.19
19.8
20.26
21.19
21.19
20.51
20.63
21.07
21.26
23.34
23.19
0.0
23.39
23.71
23.32
23.07
23.27
23.17
23.49
23.88
25.15
25.0
25.15
25.29
25.05
25.1
25.44
25.15
25.05
25.2
25.39
25.59
25.93
26.12
26.32
26.76
27.2
27.69
28.12
28.17
28.52
28.17
28.61
29.39
29.98
30.47
31.45
31.64
31.15
30.03
30.18
30.37
30.86
30.22
29.74
30.13
29.93
30.08
30.62
30.91
31.74
31.45
31.15
30.62
30.76
30.66
30.47
30.66
30.52
30.52
30.57
30.71
31.35
30.62
31.1
31.69
31.1
30.96
31.01
30.96
30.66
31.64
31.2
31.88
32.52
32.28
31.54
31.79
32.13
31.54
32.52
32.37
31.64
31.93
33.25
33.11
33.25
0.0
30.91
32.32
30.66
31.3
31.4
31.3
31.59
31.01
32.62
32.76
32.13
31.69
31.2
31.35
30.81
31.25
30.91
30.66
30.52
30.32
30.86
30.37
30.03
29.98
30.27
32.08
31.69
31.35
31.74
30.81
31.15
30.47
30.32
29.88
29.74
29.49
28.56
28.66
27.15
26.86
26.76
25.88
25.39
24.85
24.24
23.14
22.73
23.1
21.41
21.12
21.85
21.07
20.53
19.92
19.43
17.94
16.87
17.38
16.89
15.53
15.23
14.5
13.6
12.84
12.39
12.92
12.46
12.0
11.33
10.49
9.619
9.082
8.447
8.789
8.508
7.947
7.703
7.861
7.678
7.324
6.909
6.787
6.567
5.975
5.884
5.511
5.212
5.206
5.225
5.054
4.828
4.907
4.651
4.614
4.175
3.943
3.839
3.833
4.004
3.882
3.497
3.387
3.229
3.467
3.448
3.265
3.156
3.03
3.079
2.893
2.817
2.734
2.802
2.811
2.814
2.585
2.808
2.817
2.792
2.805
2.786
2.945
3.024
3.11
3.174
3.387
3.552
3.699
4.102
4.23
4.187
4.089
4.12
4.462
4.834
5.029
5.127
4.877
5.06
5.328
5.634
5.92
6.219
6.445
6.531
6.592
7.166
7.422
7.227
7.373
7.593
7.8
8.472
8.655
8.74
9.131
9.753
10.44
11.54
12.41
12.72
13.11
14.16
14.65
14.87
15.28
15.41
16.26
15.87
16.6
17.24
17.99
18.14
18.12
18.85
18.82
20.31
19.92
20.09
20.0
20.29
0.0
21.29
21.61
21.95
22.27
21.85
21.63
21.66
21.44
22.49
22.8
21.92
22.39
23.39
23.8
24.05
23.8
23.63
24.32
24.63
24.27
24.37
24.68
24.24
25.49
25.39
24.8
24.51
25.0
24.41
24.68
24.85
24.39
24.15
22.58
26.9
24.93
24.56
24.76
25.63
25.1
24.88
24.46
23.9
24.22
24.76
25.0
23.95
23.56
23.44
23.71
24.32
24.41
23.58
23.27
23.17
23.71
24.49
25.34
25.39
25.2
25.63
25.98
26.22
27.2
27.25
28.52
28.66
28.37
28.86
29.3
29.59
29.54
30.08
30.03
30.13
30.18
30.03
30.18
30.47
30.76
31.3
30.62
30.76
31.01
31.2
30.37
31.4
30.86
30.52
31.64
31.59
31.74
31.3
0.0
30.47
31.3
31.4
30.91
31.35
31.2
31.84
31.98
31.84
31.2
30.71
31.69
31.15
31.3
31.49
31.05
31.1
31.4
31.59
30.57
30.13
30.66
31.49
31.74
31.45
30.66
31.45
31.3
30.91
30.57
29.79
29.79
30.08
29.69
31.45
31.49
31.05
30.18
30.42
30.03
29.64
29.15
27.83
27.39
26.51
26.03
25.59
25.05
23.97
23.63
23.19
22.53
22.14
21.85
21.46
21.0
19.68
19.19
18.55
17.92
16.55
15.97
15.36
15.01
14.84
14.21
13.72
13.06
12.77
11.98
12.1
11.45
11.35
10.45
10.23
9.485
9.094
8.801
8.252
8.093
7.91
7.556
7.336
7.031
7.117
7.08
6.824
6.396
6.122
5.725
5.737
5.902
5.762
5.542
5.072
5.09
4.773
4.626
4.456
4.376
4.132
3.882
3.815
3.741
3.564
3.473
3.668
3.571
3.699
3.467
3.192
2.972
2.979
3.012
3.052
3.003
2.911
2.899
3.061
3.079
3.156
3.223
3.302
3.217
3.073
3.156
3.143
3.229
3.528
3.558
3.619
3.766
3.894
3.9
3.918
4.071
4.193
4.272
4.462
4.779
4.956
5.157
5.487
5.524
5.896
6.506
6.244
6.433
6.677
6.47
6.592
6.885
7.361
7.617
7.959
8.423
8.679
8.655
8.728
8.875
9.863
10.93
11.57
12.16
12.84
13.06
13.55
15.16
15.09
15.43
15.77
15.77
16.09
16.19
17.24
0.0
18.6
18.7
18.87
19.17
20.63
21.04
21.04
20.97
21.44
21.46
22.63
21.97
22.05
22.39
22.14
22.56
22.9
23.71
24.41
24.1
23.66
24.0
24.39
24.24
24.22
24.17
24.68
24.8
25.05
25.29
25.63
25.24
24.88
24.93
25.15
25.0
25.34
25.93
25.63
25.93
26.07
26.12
26.27
26.46
27.59
27.73
27.25
27.69
28.12
28.22
28.71
28.81
29.0
29.1
28.91
29.35
29.69
29.74
29.79
29.64
29.74
29.79
30.08
30.18
30.18
30.37
30.81
30.76
31.93
31.49
