16.92
20.83
20.85
19.51
13.77
9.68
16.72
20.73
20.83
19.73
17.99
15.28
8.813
8.789
13.87
20.12
20.85
20.34
18.12
17.41
11.04
17.87
20.85
20.83
18.9
14.48
9.155
8.936
8.826
8.752
8.826
8.826
8.789
12.77
19.97
20.85
20.73
18.46
16.14
15.7
16.63
17.16
17.58
17.99
18.19
18.53
18.7
17.41
15.19
14.82
14.65
14.4
9.57
8.789
10.19
18.12
20.85
20.51
18.92
18.36
18.02
17.14
17.29
17.85
18.09
18.29
18.58
18.7
16.82
15.23
14.65
13.82
12.21
13.43
20.36
20.85
19.78
18.16
12.89
10.14
15.43
16.55
17.16
17.6
17.92
18.14
18.36
18.55
16.16
14.97
14.09
12.79
10.29
8.813
8.984
8.862
8.813
9.253
15.01
16.53
17.24
17.72
18.02
18.29
18.55
16.8
14.89
12.44
11.68
9.033
9.07
14.11
20.58
20.83
20.07
18.87
13.55
9.644
10.02
9.521
9.18
9.314
9.766
9.912
9.253
9.021
9.705
9.204
9.814
8.887
9.778
9.937
9.009
14.23
20.43
20.8
19.09
9.79
14.21
16.33
17.07
17.55
17.94
18.16
18.53
17.5
15.21
14.92
13.79
11.56
11.41
19.38
20.85
20.78
18.38
16.16
10.72
17.19
20.83
20.83
19.31
13.65
14.43
16.28
16.97
17.36
17.8
17.92
18.19
18.31
18.53
17.11
15.04
14.72
13.38
12.18
8.789
9.375
8.911
8.826
9.46
11.07
18.7
20.8
20.56
17.94
8.545
6.58
7.214
8.936
8.997
9.399
9.058
8.508
8.691
9.302
9.363
9.424
16.36
20.7
20.85
20.04
18.07
16.5
9.314
10.68
18.55
20.85
20.83
18.24
9.521
6.604
7.605
9.082
9.68
9.619
17.04
20.78
20.8
19.43
17.97
12.27
9.436
9.106
8.972
9.29
9.143
15.11
20.61
20.85
20.78
18.73
11.02
6.653
6.445
6.409
7.935
8.789
8.96
9.033
13.57
20.09
20.85
20.43
17.72
11.71
17.21
20.78
20.85
19.85
18.07
17.63
10.69
7.593
6.604
6.445
6.409
6.409
6.409
6.409
7.825
9.68
11.54
19.09
20.85
20.8
18.48
17.46
10.79
8.704
10.38
18.04
20.85
20.83
19.36
18.24
13.43
8.203
6.604
6.482
6.409
6.409
6.409
6.409
8.02
9.229
12.5
19.41
20.8
20.73
18.53
17.85
11.82
8.728
9.033
12.55
19.41
20.8
20.75
18.73
17.85
12.4
6.604
6.482
6.409
6.409
6.409
6.409
6.409
8.582
9.863
16.89
20.7
20.85
19.63
17.97
16.99
8.789
8.716
8.716
8.801
8.887
8.826
8.752
9.497
16.5
20.78
20.85
20.0
17.68
7.263
6.555
6.409
7.3
8.838
8.618
8.984
9.167
8.618
8.911
8.777
8.459
8.606
8.679
8.447
8.679
8.35
8.679
8.362
7.922
6.604
6.519
6.409
6.409
6.409
6.409
6.409
8.618
9.497
8.997
9.509
13.35
20.19
20.85
20.39
17.63
13.53
19.31
20.85
20.85
18.75
13.31
20.61
20.85
20.43
17.14
13.53
20.02
20.83
20.85
18.95
11.02
15.67
16.97
17.55
18.02
18.29
18.51
18.68
18.95
19.14
19.21
19.34
19.51
19.53
19.53
19.7
19.73
19.73
19.9
20.0
20.12
20.12
20.12
20.29
20.31
20.31
20.41
20.53
20.7
20.68
20.29
17.09
18.75
19.41
19.97
20.21
20.26
20.29
20.29
20.29
19.9
18.26
17.63
17.33
16.8
13.55
11.13
16.02
16.97
17.53
18.04
18.33
18.53
18.7
19.04
19.17
19.34
19.48
19.56
19.56
19.73
19.73
19.85
19.92
20.02
20.12
20.21
20.31
20.31
20.31
20.31
20.39
20.51
20.63
20.68
20.68
20.68
18.82
17.07
18.46
19.46
20.26
20.29
20.29
20.26
20.26
20.12
20.07
19.43
17.19
17.02
16.94
16.67
16.6
15.58
9.973
15.65
17.04
17.58
18.04
18.31
18.55
18.75
19.04
19.24
19.36
19.36
19.56
19.56
19.56
19.7
19.75
19.87
19.95
19.95
19.95
20.12
20.12
20.12
20.19
20.31
20.31
20.34
20.51
20.61
20.7
20.7
20.7
18.9
16.85
18.16
19.56
20.43
20.46
19.9
19.9
19.9
19.75
19.73
19.24
17.65
16.26
16.21
16.09
15.14
10.28
15.97
17.16
17.72
18.21
18.46
18.65
18.97
19.09
19.19
19.36
19.53
19.56
19.56
19.7
19.8
19.92
19.92
19.92
20.12
20.12
20.19
20.31
20.31
20.31
20.48
20.56
20.7
20.7
20.7
19.12
17.04
19.09
20.51
20.78
20.75
20.31
20.29
20.29
20.31
19.65
17.7
17.63
17.46
17.43
14.36
11.4
15.28
16.31
16.94
17.19
14.23
13.55
13.62
13.38
10.75
11.87
15.7
16.5
16.75
14.67
12.96
12.89
12.33
18.26
19.87
19.82
17.55
14.75
14.58
16.19
16.87
16.77
13.77
13.75
13.72
10.47
13.72
16.04
16.63
16.31
13.01
12.89
11.56
11.29
16.24
17.29
17.82
18.24
18.53
18.58
18.9
19.12
19.36
19.36
19.46
19.56
19.56
19.56
19.75
19.75
19.75
19.75
19.92
19.95
19.95
19.95
20.07
20.14
20.14
20.14
20.14
20.29
20.34
20.36
20.39
20.41
20.53
20.73
20.7
20.7
20.7
17.7
18.24
19.46
20.39
20.87
20.87
20.7
20.68
20.65
20.46
19.43
17.14
17.04
17.04
16.36
11.96
8.74
10.02
15.72
16.94
17.43
17.82
18.26
18.38
18.53
18.58
18.95
19.12
19.17
19.36
19.36
19.46
19.56
19.56
19.68
19.75
19.75
19.75
19.95
19.92
19.95
20.02
20.14
20.12
20.12
20.12
20.26
20.34
20.34
20.34
20.36
20.56
20.73
20.7
20.7
20.7
17.77
17.31
19.65
20.31
20.43
20.19
19.97
19.85
19.7
19.73
19.63
18.6
18.6
18.53
18.41
18.38
12.65
13.31
19.73
20.7
20.43
17.31
10.49
10.14
10.01
11.27
18.46
20.7
20.31
17.92
12.04
14.89
16.72
17.31
17.65
17.97
18.33
18.38
18.58
18.7
18.97
19.12
19.17
19.26
19.36
19.38
19.56
19.56
19.56
19.75
19.75
19.75
19.95
19.92
20.02
20.14
20.12
20.12
20.12
20.17
20.31
20.31
20.34
20.51
20.61
20.7
20.7
20.7
20.7
19.19
16.87
18.7
20.46
20.87
20.87
20.87
20.87
20.87
20.87
20.63
18.73
18.55
18.41
18.36
18.02
17.29
9.985
9.302
9.241
9.448
9.155
9.106
13.35
19.92
20.85
20.68
18.16
17.7
10.88
9.326
9.204
6.604
6.604
6.604
6.604
6.604
6.604
6.604
6.604
6.604
6.604
6.604
6.604
6.604
6.604
6.604
6.604
6.604
6.604
6.604
6.604
6.763
10.24
9.509
14.04
20.02
20.85
20.63
18.26
11.47
9.302
10.12
