4.254
4.254
4.254
4.254
4.254
4.254
4.254
4.254
4.254
4.254
4.254
4.248
4.132
4.254
4.26
4.26
4.26
4.254
4.156
4.059
4.059
4.102
4.193
4.059
4.059
4.065
4.254
4.254
4.254
4.254
4.254
4.254
4.254
4.254
4.248
4.254
4.248
4.248
4.248
4.254
4.254
4.254
4.254
4.254
4.254
4.248
4.248
4.248
4.248
4.254
4.254
4.254
4.254
4.254
4.254
4.254
4.254
4.254
4.254
4.254
4.254
4.254
4.254
4.254
4.254
4.254
4.254
4.254
4.254
4.254
4.254
4.254
4.254
4.254
4.254
4.254
4.254
4.254
4.254
4.254
4.254
4.254
4.254
4.254
4.254
4.254
4.254
4.254
4.254
4.254
4.254
4.401
4.449
4.449
4.254
4.254
4.254
4.26
4.26
4.352
4.449
4.449
4.449
4.449
4.449
4.449
4.449
4.449
4.449
4.449
4.449
4.449
4.449
4.449
4.449
4.443
4.26
4.26
4.26
4.26
4.26
4.26
4.26
4.26
4.26
4.26
4.26
4.26
4.26
4.26
4.413
4.449
4.449
4.449
4.449
4.449
4.321
4.26
4.26
4.26
4.26
4.26
4.26
4.26
4.26
4.26
4.26
4.26
4.26
4.26
4.26
4.26
4.26
4.26
4.254
4.254
4.26
4.26
4.26
4.26
4.114
4.132
4.254
4.26
4.26
4.254
4.254
4.254
4.26
4.254
4.26
4.26
4.26
4.26
4.26
4.254
4.254
4.254
4.187
4.138
4.089
4.065
4.059
4.138
4.26
4.254
4.12
4.059
4.059
4.059
4.059
4.059
4.059
4.059
4.059
4.065
4.059
4.163
4.218
4.26
4.218
4.059
4.059
4.059
4.059
4.059
4.102
4.187
4.26
4.254
4.254
4.254
4.254
4.254
4.236
4.211
4.218
4.156
4.26
4.26
4.254
4.254
4.254
4.254
4.254
4.254
4.15
4.181
4.089
4.12
4.163
4.254
4.254
4.254
4.218
4.26
4.254
4.254
4.254
4.254
4.254
4.254
4.254
4.254
4.254
4.254
4.254
4.254
4.163
4.248
4.26
4.26
4.218
4.059
4.059
4.059
4.059
4.059
4.181
4.248
4.248
4.254
4.254
4.254
4.248
4.248
4.248
4.248
4.248
4.248
4.248
4.248
4.248
4.248
4.248
4.248
4.248
4.15
4.059
4.059
4.059
4.163
4.254
4.248
4.254
4.254
4.254
4.169
4.059
4.059
4.059
4.059
4.059
4.193
4.254
4.254
4.254
4.248
4.254
4.254
4.254
4.254
4.254
4.254
4.248
4.248
4.248
4.248
4.248
4.248
4.248
4.248
4.248
4.248
4.248
4.248
4.248
4.248
4.248
4.248
4.248
4.248
4.248
4.248
4.248
4.248
4.248
4.248
4.248
4.248
4.248
4.248
4.248
4.248
4.248
4.248
4.254
4.248
4.254
4.248
4.114
4.059
4.193
4.254
4.254
4.254
4.254
4.254
4.254
4.254
4.254
4.248
4.254
4.254
4.248
4.254
4.254
4.254
4.254
4.254
4.254
4.254
4.254
4.254
4.254
4.254
4.254
4.254
4.254
4.254
4.254
4.254
4.254
4.254
4.254
4.254
4.254
4.254
4.254
4.254
4.254
4.254
4.254
4.254
4.254
4.254
4.254
4.254
4.254
4.254
4.254
4.254
4.254
4.254
4.254
4.254
4.254
4.254
4.254
4.254
4.254
4.254
4.254
4.254
4.254
4.254
4.254
4.254
4.254
4.254
4.254
4.254
4.254
4.254
4.254
4.254
4.254
4.254
4.254
4.254
4.254
4.254
4.254
4.254
4.254
4.254
4.254
4.254
4.254
4.254
4.254
4.254
4.254
4.254
4.254
4.254
4.254
4.254
4.254
4.254
4.254
4.254
4.254
4.254
4.254
4.254
4.254
4.254
4.254
4.254
4.254
4.254
4.254
4.254
4.254
4.254
4.248
4.248
4.248
4.187
4.114
4.254
4.254
4.248
4.248
4.254
4.254
4.193
4.199
4.083
4.169
4.199
4.108
4.236
4.059
4.181
4.138
4.248
4.254
4.089
4.156
4.254
4.254
4.254
4.248
4.248
4.248
4.254
4.248
4.248
4.254
4.248
4.211
4.26
4.254
4.254
4.254
4.254
4.254
4.254
4.254
4.254
4.254
4.254
4.254
4.254
4.254
4.254
4.26
4.254
4.156
4.26
4.26
4.26
4.254
4.254
4.144
4.218
4.254
4.254
4.254
4.254
4.254
4.254
4.175
4.199
4.126
4.059
4.059
4.059
4.059
4.059
4.059
4.059
4.059
4.059
4.059
4.059
4.059
4.059
4.059
4.059
4.059
4.059
4.059
4.059
4.059
4.059
4.059
4.053
4.187
4.248
4.248
4.254
4.254
4.254
4.254
4.254
4.254
4.254
4.254
4.254
4.254
4.254
4.248
4.248
4.254
4.248
4.248
4.26
4.254
4.254
4.254
4.254
4.254
4.254
4.254
4.254
4.254
4.254
4.254
4.254
4.254
4.254
4.254
4.254
4.254
4.254
4.254
4.254
4.254
4.254
4.254
4.254
4.254
4.254
4.254
4.254
4.254
4.254
4.254
4.26
4.254
4.254
4.254
4.254
4.254
4.254
4.254
4.254
4.254
4.254
4.254
4.254
4.254
4.254
4.248
4.254
4.254
4.254
4.254
4.254
4.254
4.254
4.254
4.254
4.254
4.388
4.449
4.449
4.456
4.456
4.26
4.254
4.254
4.309
4.449
4.456
4.456
4.456
4.456
4.456
4.456
4.456
4.456
4.456
4.456
4.266
4.26
4.26
4.425
4.395
4.26
4.26
4.26
4.26
4.26
4.34
4.443
4.449
4.449
4.449
4.456
4.456
4.456
4.456
4.272
4.26
4.26
4.26
4.26
4.26
4.26
4.26
4.26
4.26
4.26
4.26
4.26
4.26
4.26
4.26
4.26
4.26
4.26
4.26
4.26
4.26
4.26
4.26
4.26
4.26
4.26
4.26
4.26
4.26
4.26
4.26
4.26
4.26
4.26
4.26
4.26
4.26
4.26
4.26
4.26
4.26
4.26
4.26
4.254
4.26
4.26
4.26
4.26
4.26
4.26
4.26
4.26
4.26
4.26
4.254
4.254
4.26
4.254
4.26
4.26
4.26
4.26
4.26
4.254
4.26
4.26
4.254
4.254
4.26
4.126
4.059
4.065
4.059
4.059
4.065
4.12
4.26
4.254
4.26
4.254
4.254
4.254
4.205
4.065
4.065
4.065
4.065
4.065
4.12
4.26
4.254
4.254
4.254
4.254
4.254
4.254
4.254
4.254
4.254
4.254
4.23
4.12
4.254
4.254
4.248
4.254
4.254
4.254
4.254
4.254
4.254
4.254
4.254
4.254
4.254
4.254
4.254
4.254
4.254
4.254
4.254
4.254
4.254
4.254
4.254
4.254
4.254
4.254
4.254
4.254
4.254
4.254
4.254
4.254
4.254
4.254
4.254
4.254
4.254
4.254
4.254
4.254
4.254
