0.02604
0.02861
0.02346
0.02861
0.02604
0.02861
0.02346
0.02861
0.02346
0.02861
0.02604
0.02861
0.02604
0.02861
0.02604
0.02604
0.02604
0.02861
0.02346
0.02861
0.02346
0.02861
0.02604
0.02604
0.02604
0.02604
0.02604
0.02604
0.02604
0.02604
0.02604
0.02861
0.02346
3.198
31.64
35.74
33.4
33.94
31.84
17.43
29.79
27.93
17.21
18.02
34.03
34.96
36.67
35.89
26.9
33.3
28.47
6.616
33.98
32.91
33.89
33.45
33.35
31.88
29.59
19.38
16.26
13.38
32.03
35.11
33.2
32.37
28.52
32.03
28.22
17.24
15.38
11.84
35.11
35.69
37.01
36.23
28.52
29.54
24.19
14.65
11.08
31.59
31.88
32.23
30.37
29.1
23.22
29.49
25.34
10.29
32.13
33.59
34.18
31.35
27.44
33.54
27.83
14.67
26.9
30.27
21.61
19.04
33.98
37.21
34.13
32.47
34.86
29.49
23.58
27.39
28.22
8.289
32.67
34.77
31.35
35.4
32.62
35.4
24.22
18.46
18.41
17.7
17.48
17.94
17.02
17.6
17.21
16.06
16.72
10.45
24.02
29.64
30.91
30.62
31.45
25.1
31.1
25.68
12.35
24.8
30.37
34.42
34.52
30.62
24.76
30.86
18.73
18.6
33.64
32.47
29.88
31.35
26.66
29.74
24.9
17.46
18.9
21.73
20.8
18.95
21.73
14.04
27.83
25.78
25.73
25.98
27.49
23.07
24.61
21.92
18.38
14.43
16.36
14.92
15.21
15.31
4.962
0.6096
0.1406
0.03128
0.02604
0.02604
0.02604
0.02604
0.02604
0.02604
0.02604
0.02604
0.02604
0.03128
0.02604
0.02604
0.02604
0.02604
0.02604
0.03128
0.02604
0.02604
0.02604
0.02604
0.02604
0.03128
0.02604
0.02604
0.02604
0.03128
0.02604
0.02604
0.02604
0.02604
0.02604
0.03128
0.02604
0.03128
0.02079
0.03128
0.02604
0.02604
0.02604
0.03128
0.02604
0.03128
0.02079
0.03128
0.02604
0.02604
0.02604
0.02604
0.02604
0.03128
0.02604
0.02604
0.02604
0.03128
0.02604
0.02604
0.02604
0.02604
0.02604
0.03128
0.02604
0.02604
0.03128
0.02604
0.02604
0.03128
0.02604
0.02604
0.02604
0.02604
0.02604
0.03128
0.02079
0.03128
0.02079
0.03128
0.02079
0.03128
0.02604
0.02604
0.02604
0.02604
0.02604
0.03128
0.02604
0.02604
0.02604
0.02604
0.02604
0.02604
0.02604
0.02604
0.02604
0.02604
0.02604
0.03128
0.02604
0.02604
0.02604
0.02604
0.02604
0.03128
0.02604
0.03128
0.03128
0.02604
0.02604
0.03128
0.02604
0.02604
0.02604
0.02604
0.02604
0.03128
0.02604
0.02604
0.02604
0.03128
0.02604
0.02604
0.02604
0.03128
0.02604
0.02604
0.02604
0.02604
0.02604
0.03128
0.02604
0.03128
0.02604
0.03128
0.02604
0.03128
0.03128
0.03128
0.02604
0.02604
0.02604
0.03128
0.02604
0.02604
0.02604
0.03128
0.02604
0.02604
0.02604
0.03128
0.02604
0.02604
0.02604
0.03128
0.02079
0.03128
0.02604
0.02604
0.02604
0.02604
0.02604
0.03128
0.02604
0.02604
0.02604
0.02604
0.02604
0.02604
0.02604
0.02604
0.02604
0.03128
0.02604
0.02604
0.02604
0.03128
0.02604
0.03128
0.02604
0.03128
0.02079
0.03128
0.02604
0.02604
0.02604
0.2708
13.7
15.16
17.26
13.38
3.937
9.802
21.51
30.13
25.49
9.985
29.93
33.89
29.74
29.79
29.2
28.03
27.2
33.01
34.86
33.2
35.16
32.91
35.01
32.86
33.11
32.71
30.81
29.98
30.13
32.08
17.41
32.81
34.67
32.37
32.23
28.08
29.05
26.81
22.29
5.719
18.46
18.02
19.04
18.41
17.26
19.12
18.58
19.12
18.16
17.99
16.89
16.99
16.7
18.77
20.12
20.19
21.14
20.39
20.85
20.78
20.75
21.17
19.43
18.63
18.55
20.8
20.36
20.92
19.04
19.02
18.73
19.95
20.46
15.92
18.12
17.94
17.38
18.41
17.82
18.07
17.41
17.36
17.19
17.41
17.26
17.38
19.12
15.58
5.054
17.5
16.82
17.38
16.09
15.45
15.5
15.7
16.24
16.48
16.06
16.31
17.16
15.31
16.11
17.11
16.6
18.07
19.46
19.7
18.07
17.16
15.55
15.41
17.07
18.21
17.94
16.63
16.31
18.92
18.14
19.19
20.68
18.07
15.92
15.55
15.67
15.21
14.82
15.84
18.12
18.14
18.51
18.65
20.21
22.12
21.63
18.04
16.09
16.38
17.16
15.58
16.87
9.497
12.6
18.75
18.85
19.51
19.78
18.73
19.29
19.24
19.9
19.24
18.46
16.97
16.77
16.58
18.9
19.41
19.73
18.16
17.31
17.7
16.99
17.77
17.41
17.94
17.94
19.29
18.24
18.82
18.99
20.46
21.58
21.41
22.14
21.78
15.41
12.23
18.07
19.75
19.31
18.8
16.6
15.67
18.14
19.8
17.8
15.82
18.87
24.68
21.66
7.349
25.15
30.27
24.83
29.98
18.92
26.9
27.49
29.05
27.29
22.44
28.66
20.14
20.26
28.91
28.96
27.59
21.92
24.22
33.15
28.81
24.05
25.54
28.17
15.53
14.82
30.71
30.57
22.34
27.39
17.87
32.08
30.76
28.47
21.66
22.61
31.45
26.46
21.58
26.61
11.24
28.91
26.66
23.14
25.93
19.31
14.99
24.61
24.66
20.61
23.02
21.04
14.84
24.71
26.42
31.88
33.3
32.42
30.18
27.25
31.05
30.76
30.57
29.25
29.93
29.15
30.22
30.27
32.86
33.15
32.42
32.96
32.03
18.48
26.86
34.23
34.18
31.01
24.66
27.05
27.29
26.86
11.23
23.58
27.25
25.83
27.44
25.05
28.42
27.83
25.68
27.83
29.05
28.71
29.69
29.1
30.13
27.78
23.41
26.27
26.46
27.15
25.63
27.83
28.27
25.59
11.98
16.77
27.73
25.83
29.88
25.68
21.68
15.48
15.94
16.26
17.94
17.85
10.64
4.187
18.8
16.87
16.31
16.72
16.8
15.21
15.33
14.75
15.06
15.09
16.02
15.5
16.43
16.82
15.55
15.04
15.28
21.73
26.03
26.07
27.93
27.49
29.25
29.15
29.74
24.54
22.24
21.92
20.78
20.95
28.08
19.85
19.38
24.9
22.49
22.92
22.39
22.17
22.24
21.73
23.88
25.68
17.16
15.06
19.95
17.94
14.89
17.68
19.63
29.2
26.66
28.08
26.9
28.56
29.98
30.91
29.88
30.57
24.98
18.46
17.63
21.75
21.73
18.02
20.29
24.85
23.36
22.14
21.12
19.73
22.39
30.57
30.47
25.2
16.04
24.17
26.07
26.9
30.22
32.57
26.61
27.44
25.88
17.16
16.02
16.82
16.89
17.29
11.98
27.25
28.52
31.1
30.81
31.88
29.3
24.68
21.56
22.24
26.76
26.86
27.88
23.8
27.44
30.27
31.69
32.86
30.32
31.3
28.76
28.03
29.49
18.75
20.9
30.22
27.69
29.05
31.64
28.47
26.22
22.49
22.19
11.61
15.38
14.82
0.2186
0.1146
0.03128
0.02604
0.02604
0.02604
0.03128
0.02604
0.02604
0.02604
0.02604
0.02604
0.03128
0.02079
0.03128
0.02604
0.02604
0.02604
0.03128
0.02079
0.03128
0.02604
0.02604
0.02604
0.03128
0.02604
0.02604
0.02604
0.03128
0.02604
0.02604
0.02604
0.03128
0.02604
0.03128
0.02604
0.02604
