6.024
6.024
6.024
6.024
6.024
6.024
6.024
6.024
6.024
6.024
6.024
6.024
6.024
6.024
6.024
6.024
6.024
6.024
6.024
6.024
6.024
6.024
6.024
6.024
6.024
6.024
6.024
6.024
6.024
6.024
6.024
6.024
6.024
7.031
13.48
16.8
17.65
18.21
16.85
14.7
14.11
8.972
14.62
16.82
17.6
18.16
16.38
14.4
11.38
9.558
15.84
17.26
17.87
17.68
14.99
13.72
8.728
8.838
8.887
15.58
17.09
17.82
18.26
15.97
14.33
9.57
14.89
17.02
17.72
18.09
15.8
14.16
9.131
8.789
9.863
16.04
17.38
17.94
17.31
14.92
11.47
8.74
8.655
8.203
8.447
8.496
13.43
16.55
17.48
18.09
16.6
14.4
10.13
9.07
8.716
8.289
8.569
9.167
8.533
14.31
16.97
17.8
17.24
14.55
11.35
15.38
20.8
14.62
9.277
8.85
9.558
15.97
17.31
18.04
16.63
14.45
10.82
9.949
19.87
17.72
9.192
9.094
9.119
14.18
20.65
12.74
9.302
9.119
9.241
9.399
13.6
20.75
15.04
9.436
10.38
16.24
17.55
18.16
17.55
15.23
12.5
8.887
8.752
9.155
9.192
9.119
8.716
14.36
20.65
12.57
9.399
8.521
14.43
17.02
17.87
18.36
15.67
14.4
9.937
13.92
16.99
17.85
18.43
15.94
14.7
11.45
15.62
20.7
17.19
10.93
9.058
9.241
6.897
6.262
6.219
6.219
6.219
6.219
6.219
6.219
6.219
6.219
6.219
6.219
6.219
6.219
6.219
6.219
6.219
6.219
6.219
6.219
6.219
6.219
6.219
6.219
6.219
6.219
6.219
6.219
6.219
6.219
6.219
6.219
6.219
6.219
6.219
6.219
6.219
6.219
6.219
6.219
6.219
6.219
6.219
6.219
6.219
6.219
6.219
6.219
6.219
6.219
6.219
6.219
6.219
6.219
6.219
6.219
6.219
6.219
6.219
6.219
6.219
6.219
6.219
6.219
6.219
6.219
6.219
6.219
6.219
6.219
6.219
6.219
6.219
6.219
6.219
6.219
6.219
6.219
6.219
6.219
6.219
6.219
6.219
6.219
6.219
6.219
6.219
6.219
6.219
6.219
6.219
6.219
6.219
6.219
6.219
6.219
6.219
6.219
6.219
6.219
6.219
6.219
6.219
6.219
6.219
6.219
6.219
6.219
6.219
6.219
6.219
6.219
6.219
6.219
6.219
6.219
6.219
6.219
6.219
6.219
6.219
6.219
6.219
6.219
6.219
6.219
6.219
6.219
6.219
6.219
6.219
6.219
6.219
6.219
6.219
6.219
6.219
6.219
6.219
6.219
6.219
6.219
6.219
6.219
6.219
6.219
6.219
6.219
6.219
6.219
6.219
6.219
6.219
6.219
6.219
6.219
6.219
6.219
6.219
6.219
6.219
6.219
6.219
6.219
6.219
6.219
6.219
6.219
6.219
6.219
6.219
6.219
6.219
6.219
6.219
6.219
6.219
6.219
6.219
6.219
6.219
6.219
6.219
6.219
6.219
6.219
6.219
6.219
6.219
6.219
6.219
6.219
13.45
20.83
19.51
12.3
8.752
9.448
19.73
19.87
13.48
8.716
8.484
10.05
15.94
16.94
17.36
17.87
18.16
18.29
18.58
18.77
18.95
19.14
19.26
19.34
19.51
19.63
19.73
19.73
19.92
19.92
19.97
20.14
20.31
20.51
18.43
17.46
20.31
20.83
20.65
20.58
20.31
20.02
18.24
16.31
12.4
10.42
16.55
17.7
18.14
18.73
19.07
19.17
19.36
19.51
19.56
19.63
19.78
19.92
19.92
20.09
20.31
20.36
17.36
18.63
20.48
20.65
20.63
20.48
19.56
18.99
18.8
12.62
12.22
17.07
17.99
18.51
18.92
19.12
19.31
19.38
19.53
19.68
19.73
19.9
19.92
20.09
20.14
20.36
20.36
18.87
16.8
18.36
20.85
20.85
20.85
20.78
20.48
20.14
17.43
17.04
13.43
11.11
16.63
17.72
18.19
18.7
19.04
19.29
19.41
19.53
19.65
19.78
19.95
20.12
20.12
20.29
20.48
19.97
17.07
19.48
20.24
19.95
19.46
19.34
19.34
19.19
19.07
18.85
18.51
16.11
14.62
7.996
13.57
17.19
17.94
18.41
18.85
19.09
19.29
19.34
19.48
19.73
19.9
19.9
19.9
20.09
20.34
20.48
18.04
17.38
19.85
20.68
20.48
20.21
19.48
19.14
18.99
17.94
15.21
8.35
14.97
16.94
17.68
18.09
18.38
18.75
18.99
19.21
19.34
19.36
19.53
19.53
19.7
19.73
19.8
19.92
19.95
20.19
20.31
20.46
17.99
18.09
19.26
19.85
20.07
19.73
19.38
18.97
18.95
18.75
17.82
16.67
15.23
12.44
8.313
14.21
16.65
15.89
13.4
13.16
10.21
15.23
16.82
15.31
13.09
12.79
10.25
15.77
17.02
14.28
13.16
11.04
11.52
16.43
14.06
11.69
11.43
16.5
15.99
13.31
10.3
13.87
16.55
13.04
10.61
12.52
16.67
13.94
11.63
11.56
16.87
17.97
18.33
18.85
19.17
19.34
19.43
19.6
19.8
19.97
19.92
20.02
20.12
20.39
20.51
18.02
19.07
20.85
20.75
20.58
20.29
20.0
19.41
17.97
11.6
7.324
13.6
16.46
17.24
17.7
18.09
18.29
18.65
18.97
18.99
19.19
19.34
19.34
19.51
19.58
19.73
19.75
19.87
19.92
20.02
20.12
20.24
20.41
20.48
20.29
16.89
19.09
20.73
20.19
19.7
19.04
17.99
17.92
9.644
14.5
17.38
18.16
18.58
18.95
19.21
19.34
19.48
19.78
19.9
19.92
20.0
20.21
20.41
20.51
19.75
17.41
19.85
20.7
20.68
20.68
20.68
20.36
19.6
16.97
16.26
14.87
10.29
8.838
12.94
9.558
12.96
9.814
10.56
11.28
11.57
19.31
19.26
11.45
12.37
12.32
19.51
17.72
10.89
9.924
11.4
9.314
11.93
9.265
11.98
11.66
15.62
20.41
13.18
11.12
10.8
9.668
10.66
11.16
8.911
9.509
10.08
9.473
9.412
9.094
9.277
9.387
9.363
9.473
10.27
9.241
11.18
16.92
18.04
18.43
18.95
19.29
19.43
19.53
19.75
19.92
19.97
20.12
20.12
20.26
20.51
20.58
19.68
18.41
20.87
20.85
20.85
20.85
20.26
17.7
17.26
13.6
9.216
9.192
9.265
9.534
8.911
9.021
15.58
17.63
18.29
18.73
19.12
19.34
19.51
19.63
19.78
19.97
20.02
20.12
20.34
20.68
20.7
19.58
18.33
19.8
20.7
20.43
20.46
20.29
19.34
18.6
11.28
8.887
8.96
6.519
6.409
6.226
6.219
6.219
6.219
6.219
6.775
9.204
8.582
8.643
8.435
13.94
20.83
14.75
8.069
6.458
6.299
6.219
6.219
6.219
6.219
6.219
6.219
6.219
6.219
6.219
6.219
6.219
6.219
6.219
6.219
6.219
6.219
6.219
6.219
6.219
6.219
6.219
6.219
6.219
6.219
6.219
6.219
6.219
6.219
6.219
6.219
6.219
6.219
6.219
6.219
6.219
