19.17
16.72
17.26
16.48
17.65
21.68
19.14
18.53
16.77
18.9
20.61
20.26
17.85
18.53
17.55
17.6
18.8
19.02
21.85
19.68
17.63
18.77
19.7
18.68
18.24
18.73
19.87
19.43
17.58
17.5
18.14
18.77
18.73
19.02
18.53
18.73
18.16
18.24
17.65
19.78
18.75
18.14
17.11
18.97
17.41
18.75
19.14
20.56
19.14
17.07
18.31
17.41
19.75
21.53
18.33
15.11
17.87
17.33
18.07
16.5
17.46
16.7
18.19
18.02
17.7
18.07
16.53
15.14
16.58
17.16
18.75
16.97
18.63
18.73
18.97
18.6
17.14
16.09
19.07
19.14
17.75
16.89
16.38
17.19
17.97
18.36
17.38
17.99
18.68
17.8
16.75
16.16
15.65
15.94
16.33
17.33
17.11
16.26
15.45
15.94
16.38
17.53
17.16
18.33
19.51
16.89
16.02
16.09
17.5
17.43
17.7
16.28
16.38
15.72
16.72
15.8
17.33
17.53
17.6
18.14
16.7
17.09
15.94
19.97
16.48
15.87
15.09
16.85
17.24
16.41
16.36
16.11
18.31
18.12
19.56
18.26
18.16
15.41
17.53
18.04
18.02
18.21
16.36
16.92
21.95
17.87
17.09
17.94
17.8
18.58
17.24
18.14
17.87
16.97
16.7
17.92
17.72
20.8
20.78
17.75
15.77
17.31
17.55
18.58
21.8
19.31
20.51
18.68
17.8
18.21
18.55
21.02
17.97
19.6
17.72
16.8
17.58
18.82
17.63
18.21
19.09
19.82
19.24
17.58
16.92
18.02
17.63
17.87
18.82
18.36
20.46
22.63
17.16
18.82
17.99
18.73
18.14
19.21
19.07
18.51
17.55
17.85
19.51
18.12
17.26
18.43
18.07
16.63
18.14
18.8
19.14
18.99
18.53
16.7
16.97
16.46
17.38
17.58
18.99
19.34
18.36
17.75
18.38
17.24
18.58
18.82
18.77
17.5
18.68
17.24
17.72
18.31
19.48
18.41
17.97
18.63
18.41
18.19
18.21
16.46
18.31
18.9
18.68
18.63
18.51
17.75
18.38
19.87
16.7
20.19
20.95
17.65
16.92
18.68
17.26
17.9
17.21
15.97
18.36
14.62
15.62
15.99
17.33
18.73
19.12
18.99
15.84
16.7
17.75
16.89
16.77
17.11
17.87
19.07
15.31
16.31
16.82
17.5
20.95
15.43
15.21
15.65
17.16
16.33
16.24
16.19
16.97
17.31
17.41
14.99
18.58
16.24
15.65
17.26
17.43
15.31
15.99
18.41
16.67
17.29
18.16
17.19
16.41
16.31
17.58
16.5
17.82
19.36
18.38
17.02
18.63
16.5
15.09
17.82
17.36
19.7
15.92
17.8
17.5
15.67
16.72
16.16
18.24
17.48
18.92
17.29
17.26
15.31
16.65
18.36
18.43
17.63
15.99
18.02
17.55
16.04
15.6
18.31
17.07
17.02
18.82
18.68
17.14
15.97
17.55
15.77
16.63
16.7
16.38
19.56
18.46
17.04
17.53
18.21
18.95
16.99
17.26
15.77
16.09
15.77
15.21
16.09
18.41
18.58
18.16
17.68
18.14
17.48
18.24
16.36
15.21
14.38
15.87
15.19
18.99
17.77
19.21
19.02
19.21
13.92
16.09
14.94
15.94
14.97
17.68
16.41
17.29
19.21
17.63
20.17
18.6
16.77
16.36
14.16
16.09
15.14
15.38
16.48
16.77
18.04
17.68
18.38
19.48
18.21
17.07
17.04
17.31
15.45
15.53
16.28
20.56
18.21
17.72
17.94
19.14
18.46
17.33
17.7
17.85
17.9
18.02
18.26
17.6
19.36
21.31
19.26
18.43
17.68
17.68
18.58
17.46
19.7
19.14
21.41
20.61
19.75
18.85
18.48
18.9
17.87
17.6
18.97
19.6
19.24
20.8
18.7
17.26
18.41
17.7
19.48
20.63
19.63
17.94
19.34
17.87
18.87
21.7
19.43
17.09
17.16
18.85
18.7
21.75
20.78
17.09
18.02
18.02
19.12
18.68
17.7
17.5
16.87
18.12
19.36
20.65
21.34
16.65
16.55
17.14
18.07
19.46
20.09
17.26
17.5
18.07
17.9
18.6
17.02
17.99
18.36
19.46
18.55
17.92
18.92
19.14
19.82
16.65
16.48
17.82
16.6
17.09
18.82
19.56
19.56
21.14
19.97
14.97
16.21
19.12
18.09
22.0
17.8
14.43
14.4
17.63
15.72
15.23
18.16
15.06
15.8
15.43
15.43
16.43
16.26
16.75
14.79
16.09
16.75
18.24
18.02
16.65
15.8
18.29
16.16
17.36
16.55
16.31
17.16
16.89
16.94
21.24
18.55
16.02
15.6
15.75
16.7
17.24
17.02
17.99
15.77
17.26
18.29
17.68
15.97
18.24
16.24
18.55
17.8
14.92
16.43
16.24
17.82
15.89
19.68
16.33
15.92
17.26
15.21
17.11
17.72
17.24
17.92
18.29
17.19
17.19
15.72
15.7
17.7
19.31
20.63
19.65
21.19
19.51
15.89
14.62
16.82
17.11
16.94
18.04
18.38
17.55
16.31
17.26
18.24
16.16
16.06
16.67
17.6
17.68
17.33
18.04
17.94
16.53
18.63
17.16
20.75
22.49
17.11
15.87
18.75
18.16
18.33
17.43
16.41
16.38
17.33
16.43
18.33
16.43
16.33
15.65
14.67
16.06
16.43
17.19
16.8
16.6
16.21
16.33
17.07
16.99
16.48
16.7
16.24
17.04
19.12
18.8
16.41
18.73
17.16
17.16
17.04
18.07
16.6
16.38
16.14
15.97
16.99
16.43
17.02
16.33
17.87
16.55
18.48
17.85
17.31
17.02
16.21
17.92
16.26
16.85
18.21
15.8
17.82
17.07
16.46
19.75
17.53
18.16
19.29
18.8
17.65
18.75
18.02
18.99
19.58
18.82
20.31
20.68
17.94
17.11
16.53
17.94
17.85
20.34
19.75
18.43
19.31
17.21
17.36
17.38
16.97
16.36
17.24
18.12
19.48
21.46
18.29
17.63
17.65
16.53
17.94
19.92
18.63
17.75
17.75
19.34
19.48
21.02
16.8
16.38
19.34
18.12
17.26
16.5
17.75
18.48
18.04
20.12
17.8
17.46
17.75
17.6
17.46
19.8
18.85
20.12
18.6
18.43
17.58
18.07
16.8
18.73
17.14
19.78
17.09
17.7
18.9
18.31
18.07
19.43
19.58
18.24
16.33
16.67
16.87
17.87
18.51
18.77
19.65
20.92
20.58
17.92
16.8
19.02
