5.267
5.853
5.157
5.554
5.237
5.096
5.627
5.511
4.73
5.682
6.201
8.044
7.983
9.119
6.116
5.682
4.614
5.341
5.432
8.716
10.01
11.18
8.984
9.827
10.35
11.77
5.573
5.957
6.348
5.219
5.45
5.573
5.688
7.483
8.337
8.496
8.167
6.787
8.252
8.057
7.947
8.801
5.573
3.687
3.687
3.687
3.687
3.687
3.687
3.687
3.687
3.687
3.687
3.687
3.687
3.687
3.687
3.687
3.687
3.687
3.687
3.687
3.687
3.687
3.687
3.687
3.687
3.687
3.687
3.687
3.687
3.687
3.687
3.687
3.687
3.687
3.687
3.687
3.687
3.687
3.687
3.687
3.687
3.687
3.687
3.687
3.687
3.687
3.687
3.687
3.687
3.687
3.687
3.687
3.687
3.687
3.687
3.687
3.687
3.687
3.687
3.687
3.687
3.687
3.687
3.687
3.687
3.687
3.687
3.687
3.687
3.687
3.687
3.687
3.687
3.687
3.687
3.687
3.687
3.687
3.687
3.687
3.687
3.687
3.687
3.687
3.687
3.687
3.687
3.687
3.687
3.687
3.687
3.687
3.687
3.687
3.687
3.687
3.687
3.687
3.687
3.687
3.687
3.687
3.687
3.687
3.687
3.687
3.687
3.687
3.687
3.687
3.687
3.687
3.687
3.687
3.687
3.687
3.687
3.687
3.687
3.687
3.687
3.687
3.687
3.687
3.687
3.687
3.687
3.687
3.687
3.687
3.687
3.687
3.687
3.687
4.065
6.201
7.251
7.068
6.445
7.141
8.044
7.751
5.334
5.853
4.803
5.536
6.201
6.445
6.75
6.665
6.763
8.081
8.264
5.505
6.067
6.702
7.068
7.617
5.267
6.067
6.36
6.824
7.251
7.263
7.886
8.032
8.215
8.801
8.911
8.716
7.788
7.629
6.665
6.299
7.19
8.679
9.973
11.51
12.3
11.99
11.16
5.469
5.475
5.524
3.925
3.687
3.772
5.249
7.202
8.215
8.203
8.972
5.31
5.426
5.115
5.151
4.944
5.859
6.47
5.438
5.884
4.425
4.718
5.219
5.719
6.024
6.409
6.763
6.348
5.884
5.035
5.652
5.731
7.263
7.056
6.982
8.203
9.021
5.676
4.81
5.646
6.201
5.829
5.725
5.023
5.615
5.927
6.409
7.007
7.104
7.202
7.556
7.812
7.812
7.471
7.031
8.362
10.78
11.3
5.548
5.579
5.408
5.078
4.498
7.898
8.215
8.264
8.765
8.203
6.012
7.556
7.373
7.922
6.506
5.347
8.264
9.07
8.044
9.668
6.049
5.933
5.048
5.933
5.011
5.92
5.017
5.53
5.176
5.206
5.121
6.183
7.056
5.67
5.56
4.871
5.811
5.145
5.67
4.694
5.682
5.176
5.396
5.573
5.188
8.044
10.62
10.78
10.22
6.042
10.22
10.17
11.11
6.799
4.858
7.153
7.751
7.91
9.045
7.886
6.799
7.654
7.312
8.679
8.655
7.532
9.46
10.34
11.23
7.751
5.798
7.166
7.153
7.043
5.292
6.067
6.897
7.117
6.689
7.605
8.496
8.765
5.109
5.457
5.164
5.45
7.544
8.093
7.715
8.777
6.738
5.853
5.048
5.261
5.743
5.975
6.519
6.873
7.202
7.727
7.349
7.764
8.252
7.959
7.874
7.422
7.751
9.18
11.06
10.47
6.11
7.617
7.544
8.435
9.045
4.779
5.798
4.547
6.226
6.946
7.739
5.438
5.615
5.054
5.835
5.133
6.128
6.494
6.812
7.361
7.458
7.654
8.13
8.521
8.801
8.789
9.155
8.325
7.397
9.729
11.67
12.55
7.031
4.877
6.128
6.409
4.944
4.944
5.035
5.17
6.458
7.275
6.677
5.682
10.39
10.8
11.8
6.372
6.641
7.166
7.08
5.249
6.274
7.458
7.117
7.776
6.897
4.7
5.28
5.316
6.0
5.17
5.865
5.109
4.608
5.817
6.396
7.007
7.153
7.251
8.13
9.839
6.58
8.093
8.142
9.094
7.52
5.811
6.409
10.63
11.24
10.08
5.92
8.008
6.86
6.677
7.19
8.582
9.424
5.066
5.75
6.0
7.617
7.922
8.301
8.618
5.231
5.298
7.776
9.766
10.8
5.292
5.878
6.677
7.141
5.353
6.177
6.641
6.86
7.788
6.158
7.959
8.228
8.105
8.167
5.139
5.31
5.988
5.249
9.094
10.84
11.51
9.229
4.999
5.646
5.823
4.486
5.774
5.865
9.729
11.02
11.88
9.631
6.714
7.837
7.849
7.983
9.888
5.261
5.31
6.458
7.947
8.032
7.935
8.96
6.677
9.387
10.61
11.1
7.507
5.719
5.182
6.812
6.482
7.263
6.25
5.493
5.011
5.743
5.023
5.853
5.115
5.676
4.962
5.786
5.322
6.152
6.519
6.812
7.117
7.581
7.703
7.812
8.105
8.459
8.655
8.716
8.923
9.094
7.703
7.129
9.106
10.96
12.44
12.55
6.25
7.092
10.85
11.24
11.85
6.86
6.036
4.694
5.688
5.127
5.78
5.505
8.972
10.45
10.68
11.39
7.959
5.841
5.127
6.506
7.654
7.19
7.922
8.325
8.35
5.42
6.036
5.066
5.981
5.133
5.811
4.041
4.071
5.536
5.414
7.117
8.118
7.922
8.472
6.97
5.359
5.585
5.414
6.47
5.359
5.756
4.865
5.597
4.95
5.963
4.675
5.603
6.158
6.75
6.921
7.703
7.922
5.054
5.548
5.219
5.28
5.316
5.719
6.824
7.849
6.58
7.654
8.423
7.507
5.731
6.86
6.86
7.825
4.993
5.219
6.146
6.824
6.665
9.009
10.36
11.21
8.289
5.609
6.812
6.702
7.373
6.238
5.615
5.139
5.774
4.938
5.634
4.907
6.024
5.67
5.652
5.377
8.411
10.05
10.34
11.21
7.91
5.75
4.962
5.67
4.98
5.664
7.581
7.605
7.996
9.009
5.206
6.519
6.445
7.385
6.824
6.421
7.471
7.117
8.032
8.679
5.853
8.545
10.24
10.75
9.656
6.201
7.629
7.019
7.996
9.546
5.817
5.92
6.592
7.104
7.446
7.092
10.4
10.85
9.363
5.457
5.469
5.548
5.438
5.725
4.919
5.273
6.226
6.616
7.922
7.068
5.573
6.567
7.092
7.483
8.13
9.851
6.812
10.08
10.38
11.82
6.134
5.725
5.023
5.658
6.775
10.12
10.28
10.93
6.519
5.188
4.993
3.687
3.687
3.925
4.883
5.701
6.116
6.653
6.958
6.702
7.764
7.935
9.29
5.798
5.756
5.023
5.841
5.328
9.216
9.985
11.05
7.959
5.743
4.98
5.682
5.249
7.129
7.52
8.057
8.301
6.787
6.012
6.958
7.751
6.085
5.505
6.982
7.507
7.312
5.304
5.115
5.688
6.189
10.28
10.23
11.55
7.593
5.902
5.695
7.666
8.252
8.24
9.326
5.896
7.117
7.41
7.886
5.688
5.707
7.922
8.496
8.459
9.082
4.962
5.658
5.811
6.616
7.007
7.483
7.617
7.666
8.215
8.459
8.789
8.911
8.96
9.106
9.155
8.215
8.35
10.47
12.18
12.7
10.45
5.402
5.493
5.432
5.139
5.713
