7.629
7.52
7.397
7.397
7.507
7.8
8.118
8.435
7.703
7.776
7.556
7.605
7.397
7.397
7.422
7.495
7.715
7.727
7.52
7.617
7.593
7.593
7.751
7.788
7.776
7.703
7.678
7.654
7.788
7.788
7.874
8.081
8.337
8.13
8.655
7.483
7.41
7.654
7.593
7.642
7.837
8.228
7.605
8.997
8.105
7.886
7.776
7.654
7.617
7.69
7.629
7.825
7.837
7.776
8.093
7.8
7.8
7.971
7.983
7.91
7.788
7.812
7.861
7.947
7.922
8.167
8.057
8.105
7.971
8.057
8.252
8.167
8.142
9.961
16.02
16.02
15.94
15.99
16.04
15.99
15.94
15.94
15.94
15.89
15.45
15.6
15.77
15.41
15.36
15.21
15.19
15.16
15.21
15.16
15.16
15.26
15.36
15.33
15.26
14.82
14.77
14.38
14.5
14.5
14.23
14.18
13.99
13.99
14.18
13.99
13.23
13.01
13.18
12.96
12.65
12.65
12.65
13.77
13.48
12.87
13.43
13.04
12.94
12.79
12.6
12.43
12.43
12.1
12.06
12.84
12.21
11.9
12.11
12.01
12.06
12.06
11.95
11.89
11.69
11.78
11.51
11.45
11.33
11.47
11.52
11.35
11.28
11.28
11.41
11.41
11.17
10.95
10.52
10.56
10.6
10.57
10.56
10.53
10.33
10.58
10.42
10.34
10.5
10.68
10.97
10.8
10.11
10.16
9.924
10.16
10.11
10.05
9.912
10.02
9.729
9.778
9.741
9.338
9.497
9.534
9.534
9.668
9.546
9.351
9.265
9.229
9.229
8.728
8.362
8.362
8.423
8.679
8.85
8.923
8.801
8.765
8.557
8.496
8.569
8.191
8.154
8.13
8.118
8.313
8.398
7.837
7.849
7.874
8.057
8.289
7.788
7.727
8.02
7.544
7.593
7.642
7.788
7.861
7.849
8.105
8.472
7.458
7.288
7.239
7.202
7.202
7.336
7.214
7.3
7.288
7.312
7.556
7.568
7.397
7.532
7.3
7.239
7.202
7.483
7.3
7.3
7.129
6.995
6.873
7.007
7.104
7.788
7.166
7.104
7.532
7.178
7.166
7.141
7.336
7.104
7.104
7.092
7.007
7.092
8.24
7.971
7.129
6.897
6.909
6.897
6.848
6.982
7.031
7.19
7.141
7.056
7.019
7.361
6.873
7.202
6.921
6.946
7.08
7.239
7.544
8.301
7.349
7.581
7.251
7.239
7.104
7.178
6.97
7.007
7.007
7.043
7.202
7.227
7.837
8.96
8.362
7.593
7.373
7.361
7.361
7.214
7.202
7.458
7.214
7.202
7.275
7.605
7.483
7.397
7.397
7.422
7.629
7.275
7.422
7.251
7.104
7.141
7.288
7.202
7.117
7.312
7.666
7.422
7.495
7.446
7.544
7.41
7.214
7.373
7.397
7.214
7.202
7.202
7.275
7.434
7.507
7.483
7.532
8.167
7.52
7.336
7.434
7.996
13.89
15.97
15.99
15.97
15.97
15.97
15.62
15.67
15.7
15.6
15.72
15.8
15.26
15.48
15.31
14.7
14.18
14.06
13.99
14.01
14.18
14.18
14.18
14.18
14.18
14.18
13.99
13.96
13.99
13.99
13.99
13.99
13.99
13.99
13.87
13.79
13.79
13.79
13.79
13.79
13.79
13.79
13.79
13.75
12.92
11.74
11.1
11.52
11.49
11.28
10.84
10.84
10.99
11.04
10.88
11.69
10.82
10.69
10.89
10.71
10.68
10.34
10.22
10.16
10.14
10.35
10.58
10.07
9.949
9.961
10.21
10.16
10.57
11.24
10.34
10.33
9.998
10.08
10.06
10.12
10.11
9.949
9.912
10.12
9.998
10.11
10.49
9.937
9.717
9.888
9.766
9.839
10.07
9.717
9.741
9.57
9.668
9.631
9.021
8.862
8.899
9.155
8.484
8.362
8.423
8.423
8.557
8.582
8.484
8.411
8.398
8.459
7.861
7.935
7.983
8.008
7.837
7.861
7.715
7.776
7.776
7.837
7.739
7.788
8.191
8.093
7.922
8.459
7.983
7.776
7.788
7.788
7.8
7.788
7.849
8.032
8.557
8.582
8.105
8.032
7.788
7.642
7.739
8.337
7.812
7.312
7.336
7.227
7.288
7.202
7.471
7.227
7.092
7.214
7.251
7.202
7.263
7.104
7.214
7.129
7.239
8.313
7.178
7.227
7.214
7.239
7.458
7.458
7.068
7.715
7.507
6.763
6.665
6.86
6.677
7.764
7.239
6.848
7.153
6.873
6.763
6.799
7.019
6.873
6.86
6.848
6.885
6.885
8.008
7.654
6.946
6.921
6.897
7.08
7.153
6.958
6.909
7.104
6.897
6.97
6.812
6.909
7.214
7.312
6.836
6.812
7.251
7.446
7.129
7.19
7.629
8.093
7.214
7.19
6.946
6.909
7.068
6.921
6.836
6.86
6.921
6.97
6.946
7.031
7.434
8.582
7.483
7.263
7.019
7.153
7.068
6.909
7.153
7.019
7.007
7.178
7.349
6.982
7.092
6.921
6.836
7.117
7.019
7.153
7.214
7.202
7.202
7.202
7.141
7.007
6.897
7.275
6.873
7.056
7.129
7.007
7.166
7.141
7.227
7.373
7.349
7.202
7.361
7.166
7.263
7.129
7.446
7.007
7.642
7.092
7.129
7.129
7.043
7.751
14.06
16.09
16.04
15.94
16.02
16.06
15.97
16.02
15.94
16.09
15.82
15.23
15.21
14.84
14.77
14.94
15.28
15.09
14.94
14.77
14.77
14.77
14.77
14.77
14.77
14.14
14.21
15.16
14.87
14.77
14.75
13.87
13.28
13.28
12.89
13.21
12.96
12.94
12.84
12.92
12.87
13.77
13.16
12.87
13.31
12.92
12.84
12.84
12.84
12.19
12.18
12.08
12.19
12.26
13.4
13.09
12.44
12.44
12.24
12.26
12.89
12.12
12.05
11.85
11.45
11.23
11.08
11.22
11.36
11.35
11.04
10.89
10.95
10.89
10.94
11.05
11.39
11.6
10.68
10.52
10.5
10.25
9.961
9.631
9.424
9.534
9.534
9.583
9.595
9.57
9.985
11.13
10.06
9.644
9.204
9.143
9.277
8.85
8.362
8.606
8.423
8.398
8.411
8.557
8.215
7.642
7.446
7.471
7.886
7.446
7.434
7.361
7.043
6.946
7.019
6.934
7.166
7.214
7.605
7.385
6.824
6.824
6.873
6.909
6.909
6.836
6.824
6.824
6.628
6.848
6.628
6.848
6.836
6.934
6.812
7.483
6.909
6.799
6.775
6.677
6.714
7.324
6.921
6.909
6.824
7.141
6.689
6.75
6.702
7.178
6.812
6.885
7.483
7.166
6.97
6.628
6.921
6.689
6.665
6.714
6.653
6.738
7.031
6.824
6.86
6.873
7.129
8.191
