8.398
8.35
8.044
11.34
20.34
20.73
16.5
8.289
8.655
8.521
8.472
8.606
8.215
7.727
6.213
6.213
6.219
6.219
6.219
6.219
6.219
6.219
6.219
6.219
6.219
6.219
6.219
6.219
6.219
6.219
6.219
6.262
8.691
9.485
15.31
16.63
17.21
17.72
18.14
18.36
18.12
14.82
14.14
12.57
10.46
10.75
15.65
16.63
17.38
17.75
18.16
16.99
14.99
13.96
12.77
8.447
14.04
20.68
19.31
10.36
14.75
16.36
17.04
17.55
17.82
18.19
18.38
17.16
14.77
13.48
12.13
11.93
9.229
8.948
8.411
12.6
20.21
20.85
19.36
11.77
8.655
10.72
18.97
20.85
20.7
18.77
17.38
12.94
15.01
16.16
16.7
17.11
17.5
17.68
17.82
18.16
17.6
14.82
14.5
13.84
12.45
8.606
13.94
15.92
16.72
17.16
17.58
17.8
18.12
18.04
14.62
13.77
11.73
11.32
8.789
14.04
15.94
16.7
17.24
17.68
17.9
18.14
16.53
14.58
13.94
11.38
8.777
10.12
8.826
13.33
19.51
20.48
20.39
18.36
10.99
12.52
15.82
16.65
17.16
17.65
17.97
18.24
18.43
17.21
15.04
14.43
12.05
10.28
9.656
9.094
9.155
9.436
10.31
8.85
14.14
20.14
20.8
19.17
17.02
11.63
15.36
16.41
16.94
17.41
17.7
17.9
18.16
18.36
18.36
15.53
14.43
12.41
11.49
9.46
8.826
9.277
9.619
9.717
16.09
20.07
20.48
19.31
17.38
11.66
6.641
6.238
6.219
7.288
9.033
8.85
10.28
19.43
20.53
15.06
9.46
7.971
14.21
20.34
20.39
18.21
16.41
11.04
8.972
8.936
9.155
12.7
20.29
20.24
16.67
6.543
6.25
7.19
9.07
9.204
8.875
8.777
9.192
10.64
18.26
20.73
20.73
19.24
17.38
14.09
9.326
9.521
9.155
9.143
13.62
20.14
20.78
20.0
17.43
7.898
6.482
7.361
9.058
9.229
9.412
9.082
9.082
9.204
9.192
9.326
10.17
17.19
20.61
20.83
19.24
14.11
9.424
10.41
9.839
16.02
20.58
20.78
19.02
15.06
6.75
7.434
9.033
9.314
8.887
8.887
9.021
8.777
8.496
8.765
8.826
8.85
8.948
8.887
9.46
9.094
8.923
13.09
19.82
20.78
20.73
18.92
13.96
6.689
6.641
7.507
9.473
9.094
9.192
9.436
12.29
19.63
20.75
20.61
17.02
9.937
9.29
9.106
9.033
9.79
9.863
11.08
18.73
20.73
20.75
19.17
9.863
6.726
6.641
8.069
9.167
9.338
15.87
20.65
20.73
19.85
16.85
12.17
9.338
8.96
12.77
19.78
20.7
20.73
19.04
10.47
9.827
16.75
20.68
20.75
20.02
14.45
6.775
7.507
8.984
9.167
8.997
9.216
10.85
19.51
20.7
20.17
18.09
13.89
16.16
20.75
20.8
19.87
17.24
8.911
8.801
7.471
6.641
6.641
6.641
6.641
6.641
7.922
9.546
9.546
16.43
20.75
20.8
17.82
10.41
8.85
8.923
10.34
18.36
20.7
20.73
18.87
11.82
8.838
13.33
20.24
20.73
20.65
17.87
10.94
15.38
16.92
17.6
18.02
18.38
18.46
18.63
18.85
19.07
19.29
19.38
19.41
19.58
19.65
19.78
19.78
19.9
19.97
19.97
19.97
20.07
20.14
20.17
20.26
20.36
20.36
20.36
20.36
20.41
20.56
20.75
20.75
20.75
20.75
20.75
19.85
16.72
16.89
17.31
17.58
18.85
20.46
20.7
20.73
20.73
20.7
20.7
20.73
20.36
19.24
17.02
16.89
16.65
16.36
13.38
10.58
15.75
16.89
17.55
17.99
18.36
18.58
18.87
19.12
19.29
19.41
19.46
19.58
19.63
19.78
19.78
19.78
19.78
19.97
19.97
19.97
19.97
20.09
20.17
20.17
20.17
20.26
20.34
20.34
20.34
20.46
20.58
20.73
20.73
20.75
20.73
20.73
20.73
18.46
16.82
18.14
19.78
20.34
20.34
20.26
16.38
16.77
16.97
16.99
16.99
16.99
16.72
16.11
14.97
14.33
14.33
14.33
12.7
11.22
16.21
17.14
17.6
18.04
18.33
18.51
18.6
18.97
19.09
19.21
19.36
19.46
19.56
19.56
19.6
19.75
19.75
19.75
19.87
19.92
19.92
19.92
20.04
20.14
20.14
20.14
20.19
20.34
20.34
20.34
20.34
20.36
20.53
20.63
20.7
20.7
20.7
20.56
17.14
17.24
17.21
18.46
19.34
19.34
19.7
19.73
19.7
19.7
19.53
19.34
19.29
18.87
17.24
17.02
16.77
16.5
15.62
6.75
13.09
14.72
15.36
15.89
16.26
16.46
14.79
12.41
12.41
12.82
11.68
12.96
17.36
18.48
18.31
16.24
14.28
14.09
16.04
16.67
15.45
12.82
12.67
11.28
14.97
16.11
16.7
15.01
12.99
13.28
12.46
11.8
17.21
18.82
17.41
14.5
12.57
15.72
16.58
13.99
12.96
10.57
11.83
15.84
16.8
15.5
12.92
12.62
8.813
13.53
15.94
16.7
15.77
12.94
12.87
11.82
14.67
18.36
18.43
15.23
15.55
18.58
17.09
9.863
9.937
15.14
16.28
16.99
17.41
17.65
18.09
18.29
18.38
18.58
18.58
18.63
18.75
18.75
18.85
18.95
18.95
19.07
19.14
19.14
19.24
19.36
19.36
19.36
19.36
19.41
19.53
19.56
19.73
19.73
19.73
19.73
19.82
18.26
16.04
17.16
19.14
19.21
19.87
19.87
19.7
19.56
18.87
16.65
16.65
16.65
15.67
9.656
15.09
16.31
16.94
17.33
17.55
17.77
18.14
18.29
18.41
18.58
18.58
18.58
18.77
18.9
18.92
18.95
18.97
19.17
19.14
19.21
19.34
19.36
19.36
19.48
19.63
19.73
19.75
19.75
19.73
17.6
15.99
16.8
18.36
18.87
19.09
19.12
19.12
19.12
19.14
18.55
16.11
16.06
16.06
15.84
13.04
11.36
9.229
11.85
8.313
14.45
16.24
16.97
17.43
17.75
18.12
18.33
18.53
18.58
18.77
18.9
18.95
18.99
19.14
19.26
19.17
19.31
19.34
19.43
19.56
19.73
19.87
19.92
19.04
16.09
16.5
17.09
19.12
19.12
19.12
19.12
19.12
19.12
19.14
19.14
19.14
18.38
17.21
16.89
16.5
14.72
8.911
8.899
8.679
12.62
19.19
19.41
17.82
14.99
14.43
19.38
19.6
15.14
9.473
8.508
9.082
8.85
8.777
8.289
8.569
14.31
19.75
19.82
17.24
13.87
14.65
16.24
16.94
17.48
17.7
18.07
18.46
18.58
18.6
18.77
18.82
18.95
18.95
19.09
19.14
19.21
19.34
19.34
19.36
19.53
19.7
19.78
19.92
19.87
16.36
17.36
19.43
19.87
20.07
20.07
20.07
18.97
17.21
17.24
17.09
10.47
5.432
5.438
5.438
5.438
5.438
5.438
5.438
5.438
5.438
5.438
5.438
5.438
5.438
9.192
9.021
9.363
8.899
9.033
9.46
9.998
9.131
8.826
8.972
9.424
