21.78
17.5
15.31
16.89
10.16
14.97
18.41
19.85
14.06
16.77
20.73
13.84
17.14
14.31
16.82
13.55
18.07
15.09
18.58
14.97
18.02
14.36
17.31
14.16
27.49
17.31
14.55
17.85
14.7
13.75
15.21
16.5
20.58
13.82
13.53
18.14
13.92
12.79
16.6
15.31
19.51
16.19
14.33
18.26
16.5
19.09
16.65
18.29
18.53
20.85
17.8
20.83
15.99
17.16
14.04
14.77
18.6
14.31
13.48
18.19
15.84
18.51
15.23
17.99
15.04
22.12
19.17
19.31
15.43
17.6
17.97
25.0
22.61
15.01
16.46
12.77
23.44
15.62
13.33
17.21
14.79
25.05
14.7
12.94
16.97
22.31
13.18
17.02
13.23
16.89
16.92
17.48
18.24
13.4
16.63
13.48
14.94
17.14
13.13
16.06
12.7
16.89
13.11
16.38
13.99
16.72
13.65
16.53
13.92
18.63
13.72
12.26
16.43
16.65
13.65
16.58
14.45
19.09
16.87
24.34
17.63
13.48
16.82
15.6
17.85
13.09
23.58
16.72
13.75
16.75
13.53
11.08
13.33
16.8
14.55
18.92
15.5
18.29
20.78
14.67
20.92
18.38
21.0
14.6
17.33
13.26
19.92
19.92
16.26
14.97
17.19
13.57
17.41
14.77
20.68
16.67
17.94
14.5
18.6
14.89
15.8
21.12
22.34
15.19
22.19
15.33
17.99
14.26
17.38
13.96
16.92
11.41
11.68
17.02
15.77
17.55
11.79
17.14
15.75
15.26
16.19
18.48
13.96
17.65
17.87
21.63
19.02
15.6
17.77
15.82
18.07
16.53
22.41
18.04
20.9
16.92
21.51
19.9
24.24
21.85
23.88
18.73
21.04
18.07
21.88
17.72
20.8
18.55
24.05
20.26
23.46
20.12
23.36
20.85
22.29
18.97
21.85
18.53
23.1
20.07
22.41
19.43
21.85
19.09
22.51
17.07
21.68
18.46
21.7
19.02
22.44
18.73
22.09
22.31
27.93
23.34
26.9
27.29
26.46
21.19
24.27
18.58
21.24
17.26
20.78
17.46
20.9
17.24
21.19
20.58
20.02
17.16
20.19
16.85
20.19
20.53
18.53
17.43
20.7
16.87
20.39
19.65
22.24
16.87
20.24
16.55
22.27
20.7
17.36
19.82
16.28
19.46
15.75
20.73
18.6
25.59
21.48
18.26
20.41
17.87
20.02
18.9
20.02
16.89
18.8
18.65
18.85
16.58
22.71
21.41
23.1
20.39
22.97
20.31
24.12
21.7
25.54
24.0
27.69
24.71
27.44
26.17
26.51
22.19
26.17
23.9
26.95
23.0
26.9
25.49
27.83
24.15
27.73
25.83
29.0
23.46
27.25
23.17
27.0
24.12
26.56
23.61
26.81
23.51
26.76
23.1
26.03
24.0
29.49
25.24
28.71
26.22
26.66
22.02
27.1
24.37
25.05
21.58
24.07
21.46
25.24
24.22
28.47
24.12
26.07
23.49
23.46
17.7
21.95
18.85
22.07
19.26
22.24
18.48
22.46
18.7
22.53
20.46
25.44
21.95
25.49
25.29
29.74
24.76
25.2
21.09
24.63
21.97
24.22
20.9
23.88
20.87
28.56
21.22
25.2
22.97
30.27
22.14
26.61
21.68
29.49
27.73
28.03
21.48
25.34
22.41
25.88
22.95
34.33
21.83
24.76
19.73
21.92
21.46
25.2
22.09
24.95
21.66
22.53
21.46
25.49
20.46
23.39
20.75
23.12
20.56
24.02
24.34
24.9
23.22
25.24
20.07
24.56
22.58
24.05
21.48
23.44
24.05
24.12
21.44
24.41
21.83
23.97
21.02
22.85
20.12
22.36
21.58
23.1
20.95
22.75
20.09
23.54
20.61
23.17
20.65
21.51
20.04
22.19
20.39
22.56
20.41
22.78
23.58
23.71
21.09
24.49
19.82
22.53
21.31
23.05
22.53
24.56
21.63
24.41
22.97
28.47
22.12
22.56
19.34
21.34
19.26
22.39
22.34
22.71
21.19
22.41
19.7
21.95
19.87
22.02
20.73
21.66
20.73
21.56
21.34
23.68
21.73
24.17
22.05
23.63
22.14
29.59
26.95
24.61
24.56
25.83
23.85
27.1
26.9
30.81
26.07
26.42
23.63
25.54
25.93
26.42
23.78
25.2
22.97
26.56
26.42
27.59
26.22
28.66
27.2
29.05
27.88
30.03
27.59
29.74
28.42
35.55
30.91
31.35
30.86
33.15
30.52
36.33
33.01
35.21
28.56
32.37
26.22
29.93
26.95
30.32
25.59
28.81
26.42
27.93
25.68
28.12
28.22
29.2
27.0
29.3
27.25
30.27
26.42
30.03
26.12
29.39
28.56
33.25
28.61
27.25
27.49
30.91
28.71
30.32
24.71
27.05
27.54
28.03
26.61
28.71
23.9
27.0
23.44
26.81
24.61
27.69
25.05
28.03
25.0
26.46
20.68
24.15
21.61
24.24
21.07
24.1
21.19
23.17
20.29
23.56
20.78
24.17
23.24
23.12
24.51
25.54
20.53
22.63
20.29
23.71
20.97
25.34
21.78
23.54
22.73
25.59
24.63
29.98
27.25
30.66
26.37
29.59
29.64
31.88
29.49
30.32
30.27
30.32
24.39
28.32
25.1
29.3
27.39
33.5
28.86
27.0
23.44
26.95
23.61
26.81
22.63
26.07
25.68
28.08
25.68
25.0
20.97
25.39
23.02
26.95
23.29
23.46
21.97
23.9
21.19
22.66
20.09
23.8
20.0
24.44
22.73
24.54
20.85
23.68
21.14
24.34
20.51
23.41
20.39
24.29
19.78
22.8
20.56
23.34
21.92
25.29
21.53
25.2
21.68
24.95
19.34
26.51
21.83
20.83
17.87
21.46
18.82
21.53
19.41
21.92
19.29
21.88
21.61
22.92
21.12
23.8
18.58
21.14
18.53
22.53
20.51
22.22
18.41
22.58
16.63
20.09
18.92
20.85
16.92
20.87
17.11
23.07
18.07
20.56
16.24
22.66
19.7
19.92
19.02
22.75
20.24
24.39
20.56
22.61
18.92
23.88
16.43
18.33
18.36
21.26
17.68
21.39
17.58
20.41
19.6
23.95
21.14
21.7
17.63
21.09
16.97
21.12
17.48
22.0
21.95
23.07
19.65
20.9
18.24
21.39
17.21
22.46
19.75
20.48
16.7
20.73
18.09
23.85
19.75
22.39
19.34
20.85
17.7
21.44
22.44
24.37
20.61
23.88
21.39
25.98
23.68
24.15
19.9
24.71
22.61
22.73
18.75
22.39
19.73
23.61
15.01
20.17
21.63
22.05
18.41
22.05
17.94
24.24
23.44
26.03
20.41
24.32
20.53
25.15
21.9
24.78
24.0
25.05
22.71
25.93
23.51
26.22
23.46
25.88
21.36
26.56
21.85
24.68
20.56
27.1
20.83
25.24
21.85
26.71
23.0
26.17
23.44
26.03
22.88
25.88
21.68
25.15
22.12
25.24
22.9
26.61
22.83
26.03
22.34
26.81
22.19
25.0
23.07
25.05
21.78
24.71
20.83
24.02
21.34
26.07
24.54
29.0
26.61
25.59
21.36
25.54
23.02
27.39
23.9
26.22
22.36
25.1
21.7
27.83
23.02
23.61
19.9
24.27
21.8
26.37
23.49
25.59
20.9
25.0
22.02
24.49
19.58
23.24
17.04
25.05
22.85
24.8
20.85
23.88
20.19
23.78
19.92
24.07
20.87
23.85
20.19
22.83
22.27
22.36
18.43
23.19
18.46
21.85
19.12
22.05
19.43
22.17
18.09
24.63
17.75
20.14
17.55
21.04
17.77
21.04
17.63
