0.08793
0.0885
0.2327
0.2609
0.4143
0.2754
0.1266
0.08049
0.3494
0.2476
0.5875
0.09375
0.1104
0.08516
0.2476
0.2457
0.0002861
0.0
0.0
0.152
0.2502
0.2136
0.1846
0.16
0.3681
0.2663
0.2083
0.1902
0.2605
0.2151
0.4868
0.1688
0.1112
0.09041
0.2953
0.5486
0.08259
0.1114
0.2029
0.2064
0.1116
0.7149
0.7446
0.8026
0.9796
1.041
1.201
1.329
1.154
1.044
5.975
1.749
2.585
2.829
1.1
0.6989
0.3544
0.1123
0.09031
0.3223
0.3944
0.05875
0.4898
0.06514
0.1221
0.1768
0.2697
0.3132
0.9369
1.103
1.241
1.283
1.414
1.329
1.286
5.634
2.112
3.027
1.822
0.7538
0.4379
0.1204
0.3441
0.4616
0.05169
0.1125
0.07849
0.3075
0.1303
0.8774
0.9491
1.225
1.608
1.189
1.311
4.706
4.541
3.595
0.9811
0.4868
0.1791
0.2003
0.6004
0.2216
0.1902
1.25
1.32
1.215
1.382
1.477
1.447
6.177
4.053
1.524
0.388
1.447
1.773
1.773
1.959
2.548
5.475
3.87
1.636
0.02422
1.251
1.727
1.321
1.115
1.154
1.126
3.601
4.15
2.679
3.467
0.972
0.2453
0.1329
0.3662
0.3452
0.23
1.173
1.372
1.666
1.59
1.546
5.884
3.345
3.061
0.7843
0.3368
0.8484
1.434
1.042
0.9445
0.9735
1.288
1.463
5.566
1.88
3.174
2.405
0.193
1.25
1.251
1.274
1.242
1.108
1.335
5.389
1.877
3.339
1.895
0.9048
0.1514
0.1123
0.3216
0.4944
0.115
0.08564
0.3063
0.4311
0.3666
0.1274
0.0002861
9.537e-05
0.0
0.0
0.0
0.003433
0.1059
0.351
0.2651
0.2083
0.2033
0.3754
0.3433
0.1619
0.09584
0.2453
0.3487
0.486
0.009632
0.4227
0.2846
0.3788
0.2499
0.131
0.2026
0.2289
0.0001907
0.0
0.0
0.005531
0.3376
0.2693
0.2304
0.3189
0.3258
0.1041
0.06704
0.2518
0.2903
0.3006
0.2224
0.2495
0.5318
0.4639
0.1919
0.3872
0.222
0.0
0.0
0.0
0.0
9.537e-05
0.0
0.2968
0.2823
0.3342
0.2602
0.4646
0.3082
0.2487
0.3056
0.3548
0.5318
0.5348
0.2602
0.1156
0.1078
0.4005
0.1171
0.5821
0.0
0.5989
0.0
0.0
0.0
0.0
0.0
0.002766
0.9293
0.1915
0.1478
0.7408
0.1686
0.2636
0.1787
0.8347
0.1362
0.8514
0.1736
0.2132
0.1907
0.9674
0.3288
0.1202
0.1598
0.3284
0.01917
0.0002861
0.0
0.0001907
0.0
0.006866
0.309
0.4013
0.296
0.2777
0.1917
0.4105
0.6691
0.172
0.07858
0.2289
0.4021
0.2838
0.1385
0.1759
0.2773
0.5653
0.1904
0.0
9.537e-05
0.0
0.0
0.0
0.0
0.0
0.01907
0.4341
0.07563
0.1951
0.3281
0.1629
0.1802
0.1612
0.28
0.1738
0.1701
0.4814
0.2251
0.1968
0.3605
0.132
0.16
0.0
0.0
0.0
0.0
0.0
9.537e-05
0.0
0.0
0.4654
0.1171
0.4089
0.4761
0.04015
0.1091
0.2098
0.2415
0.0001907
0.06876
0.399
0.1564
0.3048
0.1364
0.2571
0.3532
0.1005
0.1007
0.2926
0.1268
0.0002861
0.0
0.0
0.03901
0.7225
0.592
0.3178
0.1169
0.362
0.1373
0.05379
0.8438
1.022
1.059
1.488
1.599
1.593
1.758
1.709
1.292
1.385
1.312
1.047
0.8102
0.7225
0.7996
0.7057
0.753
0.8514
0.7858
0.9705
0.9995
1.042
0.914
0.9354
0.9796
0.8545
0.9293
0.9521
1.25
1.042
4.901
7.214
7.861
6.738
8.105
9.302
9.546
8.667
8.74
5.408
6.641
3.809
6.775
4.468
4.535
2.008
2.063
0.1322
0.3551
1.07
1.228
1.244
1.657
1.645
1.678
1.587
1.505
1.324
1.332
1.212
1.221
1.306
1.125
0.9506
1.28
1.483
1.385
1.021
1.021
0.9659
1.013
1.468
1.476
1.279
1.495
1.286
4.089
4.852
8.667
6.323
7.983
7.471
7.69
8.289
5.969
8.142
5.603
5.078
3.973
4.144
2.155
0.05655
0.798
1.007
1.006
1.012
1.14
1.283
1.334
1.358
1.183
1.277
1.155
1.218
1.411
1.355
1.1
1.164
1.172
1.221
1.173
1.314
1.476
1.181
1.163
1.135
1.538
1.398
1.035
0.9918
3.558
5.542
6.97
4.688
5.005
7.129
8.826
8.411
7.483
6.384
8.069
5.121
3.033
4.388
1.43
1.022
0.8286
1.367
1.326
1.134
1.357
1.338
1.074
1.045
0.8759
0.8774
1.094
1.079
0.9598
1.03
0.8636
1.141
0.9354
0.8408
0.8163
0.8545
1.175
1.309
1.088
1.237
1.025
1.05
1.392
1.257
5.267
7.129
6.689
3.528
5.566
9.045
7.458
9.473
7.214
7.349
5.402
4.962
2.859
2.014
1.587
2.225
0.2518
1.08
0.9521
0.9827
1.181
0.9048
0.8926
1.027
1.021
0.9491
1.118
1.126
1.041
0.9933
0.9933
0.8774
0.9918
0.8759
0.9064
1.18
0.9872
1.062
0.9644
0.9552
1.074
1.044
1.001
1.015
0.9338
0.7904
0.8575
0.8865
0.9277
0.8896
0.9308
0.8987
0.8453
1.529
5.566
6.836
8.508
4.669
10.4
7.178
8.777
7.678
5.457
5.09
6.348
4.498
3.979
2.417
3.333
1.898
0.9155
0.4852
0.5577
0.5707
0.6538
2.786
2.997
1.562
1.118
0.1476
0.1156
0.09432
0.2529
0.1133
0.3326
0.9521
0.943
1.033
1.312
1.027
0.9918
0.8942
0.9125
0.8698
1.012
0.9705
1.042
1.024
1.022
1.067
0.9811
1.128
1.111
0.9476
0.9506
0.8087
0.9827
0.9018
0.946
0.9979
0.8286
0.8896
0.9003
0.9781
1.036
1.071
0.9674
0.9232
0.9018
1.067
1.204
1.21
2.106
7.935
8.35
3.717
4.895
7.666
8.447
12.39
9.912
7.861
5.298
2.924
1.286
2.319
2.2
2.008
1.804
1.724
2.246
2.219
2.231
2.316
1.758
1.706
1.44
1.874
1.633
1.95
2.039
2.155
2.014
2.127
6.689
10.27
8.521
11.69
10.5
8.948
8.105
5.939
3.876
2.792
1.608
1.52
0.3773
1.154
0.248
1.347
0.2045
1.285
0.2563
0.2415
0.1081
0.06905
0.2514
0.1778
1.36
0.531
0.4684
1.279
1.193
1.46
1.453
1.414
1.617
1.556
1.465
1.654
1.642
1.532
1.376
1.453
1.39
1.492
1.53
1.489
1.431
1.357
1.508
1.561
1.617
1.36
1.512
1.225
1.317
5.853
7.397
4.132
5.438
6.775
10.07
6.909
6.824
6.323
6.36
4.23
4.431
3.351
2.206
2.762
0.5669
0.1846
0.7637
0.2815
0.1114
0.0886
0.238
0.1835
0.5943
0.3307
0.1976
0.5219
0.6844
0.09174
0.9521
1.285
1.071
1.132
1.05
0.8926
0.9109
0.8469
0.9003
0.9506
0.8896
0.8972
1.025
1.009
1.082
1.17
0.9735
0.9766
0.9247
1.054
1.176
1.105
1.001
1.05
1.253
1.247
1.35
1.053
0.9293
0.9705
1.036
0.8972
0.9918
0.9781
1.027
6.323
7.837
4.12
6.067
5.64
7.69
6.714
6.213
6.122
8.191
5.45
4.126
3.18
2.246
2.548
2.258
0.0
0.0
9.537e-05
0.0
0.0
0.0
0.0
0.0
0.0
0.0
0.4196
0.5264
1.068
0.2586
0.09012
0.0864
0.1232
0.3277
0.1389
0.5081
