9.18
8.435
7.385
8.252
8.704
8.435
8.716
17.31
20.83
18.92
16.75
9.167
8.398
8.154
6.409
6.396
6.219
6.219
6.219
6.219
6.219
6.219
6.219
6.219
6.219
6.219
6.219
6.219
6.219
6.219
6.219
6.219
6.219
9.717
15.65
16.99
17.75
18.12
18.48
16.75
15.04
14.14
13.26
9.985
15.8
17.02
17.72
18.14
18.43
16.04
14.65
14.14
9.436
9.399
18.65
20.83
19.19
12.22
8.923
8.521
8.752
8.704
14.43
16.65
17.48
17.92
18.41
16.72
14.97
14.5
12.02
8.508
8.618
13.21
16.65
17.53
18.02
18.38
16.41
14.7
14.04
9.509
8.679
9.46
15.53
16.85
17.5
17.9
18.31
16.87
14.75
14.53
11.44
8.96
9.106
8.655
8.508
8.704
8.813
8.911
8.984
8.74
13.75
16.72
17.55
17.99
18.36
15.45
14.5
13.09
9.497
15.41
17.02
17.75
18.12
17.68
15.45
14.77
10.5
9.192
9.229
9.155
9.167
9.338
8.948
9.583
17.7
20.83
19.92
15.21
9.607
9.119
9.302
9.57
12.7
20.63
20.21
15.48
12.45
16.46
17.38
17.9
18.38
17.07
14.97
13.5
10.01
9.229
8.936
9.253
9.277
8.752
9.314
9.241
9.058
9.131
9.07
9.131
9.912
15.7
17.07
17.82
18.24
18.55
16.19
14.77
13.94
11.16
11.89
20.04
20.83
18.65
17.9
15.58
9.619
9.619
8.997
9.082
8.264
9.351
11.43
20.17
20.43
17.9
8.179
6.458
6.409
6.409
6.409
6.409
6.409
6.409
7.153
8.691
8.85
8.203
9.07
18.92
20.83
17.75
13.89
20.68
20.78
18.6
14.01
8.63
6.409
6.409
6.409
6.409
6.409
6.409
6.409
6.409
6.409
6.409
6.567
8.765
8.508
8.252
10.55
18.95
20.85
19.63
16.87
11.16
8.74
7.788
15.72
20.83
20.41
17.92
8.313
6.458
6.409
6.409
6.409
6.409
6.409
6.409
6.409
8.667
8.362
9.18
11.22
19.9
20.83
20.46
14.21
8.789
8.801
9.29
8.899
8.313
6.433
6.409
6.409
6.409
6.409
6.409
6.409
6.409
6.409
6.409
6.409
6.409
6.409
6.409
6.409
6.409
6.409
6.409
6.946
7.947
8.618
8.447
8.74
6.519
6.409
6.409
6.409
6.409
6.409
6.409
6.409
6.409
6.409
6.592
11.05
19.43
20.68
17.63
9.143
6.946
8.85
9.045
8.582
7.654
7.617
6.409
6.409
6.409
6.409
6.409
6.409
6.409
6.409
6.409
6.409
6.409
6.409
6.409
6.409
6.409
6.409
6.409
6.409
6.409
6.409
6.409
6.409
6.409
6.409
6.409
6.409
6.409
6.409
6.409
6.409
6.409
6.409
6.409
6.409
6.409
6.409
6.409
6.409
6.409
6.409
6.409
6.409
6.409
6.409
6.409
6.409
6.409
6.409
6.409
6.409
6.409
6.409
6.409
6.409
6.409
6.409
6.409
6.409
6.409
6.409
6.409
6.409
6.409
6.409
7.324
13.7
16.82
17.68
18.16
18.46
18.9
19.17
19.31
19.41
19.56
19.56
19.63
19.73
19.87
19.92
20.12
20.12
20.21
20.31
20.46
20.51
20.58
18.21
17.21
18.73
19.53
18.92
18.92
18.92
18.95
18.02
17.14
15.67
12.39
12.5
16.8
17.75
18.29
18.55
18.85
19.14
19.34
19.51
19.53
19.63
19.73
19.92
19.92
20.12
20.12
20.17
20.31
20.31
20.48
20.7
18.75
17.43
19.41
20.39
20.85
20.85
20.85
20.9
20.65
19.24
18.48
17.9
13.18
7.678
13.43
16.92
17.7
18.26
18.63
18.99
19.17
19.31
19.58
19.7
19.85
19.9
19.97
20.12
20.12
20.31
20.29
20.53
20.68
20.68
20.7
20.02
10.14
5.194
5.322
12.6
15.77
16.65
17.09
17.46
17.9
18.12
18.16
18.36
18.51
18.53
18.65
18.8
18.92
18.92
18.92
19.12
19.17
19.34
19.51
19.38
16.09
16.19
18.48
19.68
18.68
18.33
18.36
18.38
18.31
16.02
15.11
11.69
12.17
15.87
16.77
17.21
17.53
17.97
18.12
18.31
18.38
18.53
18.55
18.65
18.75
18.95
19.02
19.14
19.14
19.31
19.53
19.53
19.6
16.5
16.11
16.7
18.46
19.21
19.48
19.51
19.51
19.43
19.17
18.31
14.65
8.85
15.16
16.33
17.02
17.36
17.8
18.04
18.21
18.38
18.53
18.55
18.7
18.77
18.85
18.95
19.09
19.17
19.34
19.48
19.53
19.53
17.11
16.41
17.53
19.07
19.31
19.31
19.31
19.31
19.29
18.24
16.7
16.11
7.788
14.75
16.67
13.65
12.96
11.05
15.58
16.5
13.06
12.55
11.01
10.42
15.99
14.04
11.58
11.0
16.11
14.31
12.21
9.351
15.67
16.92
17.48
17.94
18.31
18.48
18.6
18.75
18.97
19.09
19.26
19.29
19.31
19.58
19.85
19.14
14.82
15.99
17.16
19.63
20.02
20.02
20.02
19.46
16.94
16.09
8.325
9.448
15.75
16.97
17.48
18.07
18.36
18.53
18.7
18.85
19.07
19.21
19.34
19.46
19.6
19.7
19.6
16.31
16.28
17.58
18.53
19.41
19.48
19.51
19.41
18.21
16.36
16.11
14.99
7.227
13.21
15.99
17.14
17.63
18.12
18.33
18.55
18.68
18.9
18.97
19.14
19.29
19.34
19.53
19.73
18.8
16.21
18.75
20.21
20.26
20.24
19.24
17.92
16.72
11.6
12.62
16.38
17.29
17.77
18.14
18.36
18.55
18.75
18.85
18.97
19.14
19.21
19.34
19.48
19.73
19.56
16.48
16.87
18.33
19.51
20.07
19.9
19.8
18.12
17.26
11.72
9.924
11.96
9.717
10.5
9.863
9.924
11.73
9.961
9.68
8.74
11.04
10.61
10.12
9.912
9.033
9.216
9.753
10.25
9.094
9.399
10.28
10.16
9.741
8.911
9.985
10.52
10.22
9.473
9.57
8.923
11.07
14.7
20.39
13.99
9.79
15.77
20.51
13.13
9.521
9.814
12.55
16.58
17.43
17.9
18.31
18.55
18.75
18.85
19.07
19.14
19.34
19.53
19.53
19.7
19.92
19.92
18.41
16.85
19.92
20.83
20.68
20.65
19.7
18.75
16.24
8.496
13.96
20.73
16.09
9.106
8.484
8.899
8.96
8.826
8.997
9.314
19.21
20.26
17.82
14.72
9.521
9.009
10.14
8.862
8.887
8.752
8.887
8.716
8.643
8.704
8.74
9.192
8.875
10.9
19.38
20.17
17.5
16.33
9.448
8.179
5.627
5.634
5.634
6.085
8.838
8.667
8.691
8.74
8.96
8.655
9.192
8.716
8.679
7.971
15.97
20.19
18.58
15.77
10.93
17.77
20.29
18.53
16.26
5.896
5.634
5.634
5.634
5.634
5.634
5.634
5.634
5.634
5.634
5.634
5.634
5.634
5.634
5.634
5.634
5.634
5.634
5.634
5.634
5.634
5.682
9.57
9.216
9.033
17.14
20.26
18.53
10.24
