19.04
16.31
16.06
18.77
21.85
17.11
18.07
17.58
15.26
17.16
20.09
20.51
17.6
17.94
20.0
20.68
18.7
22.05
21.63
15.38
18.19
19.07
21.44
19.78
17.92
18.82
20.14
17.26
18.16
19.31
20.92
23.46
17.9
18.58
15.87
20.21
21.85
21.39
19.38
17.72
21.22
20.46
19.8
19.36
17.97
19.48
21.88
21.12
18.36
18.68
19.29
20.83
21.09
21.83
18.26
19.02
20.21
22.19
19.31
17.92
17.55
18.09
17.43
16.48
18.85
21.31
20.73
22.56
20.85
17.19
16.6
17.46
19.26
20.29
19.63
17.77
17.6
20.21
16.67
17.53
17.14
16.99
16.58
16.55
19.26
21.48
19.7
22.24
20.63
21.51
21.85
21.26
19.73
17.7
15.72
15.7
15.19
16.89
15.67
16.26
17.9
21.22
21.7
20.24
16.85
16.14
15.48
16.14
16.75
17.85
18.48
20.48
16.09
17.87
19.17
15.7
14.82
17.85
19.19
20.36
18.75
18.14
18.58
20.12
19.21
15.8
14.84
15.75
16.36
17.5
17.14
17.24
16.72
15.11
17.31
16.89
15.97
15.97
16.41
18.09
19.26
19.09
18.07
16.67
15.97
17.43
19.29
19.53
20.21
17.36
15.14
15.94
19.24
18.9
17.55
19.63
19.82
21.29
20.04
17.9
16.97
16.65
17.38
19.12
18.77
20.56
18.14
20.29
18.29
21.78
17.85
17.02
18.07
18.46
17.99
20.46
15.94
16.5
16.58
17.04
19.12
18.38
19.19
16.36
17.26
15.01
16.21
18.31
20.41
21.36
18.02
15.55
17.87
16.87
18.92
16.65
16.5
15.77
17.07
17.6
19.43
20.29
20.75
15.77
16.6
14.97
14.75
18.99
18.82
21.09
19.24
16.82
17.99
17.99
19.34
17.65
17.97
19.17
20.95
17.94
19.56
19.19
21.09
17.55
18.43
20.02
19.38
19.12
18.12
17.72
19.07
21.58
21.14
19.73
17.46
19.29
16.72
16.97
17.72
16.82
17.75
18.73
18.26
16.75
18.12
17.58
19.6
18.6
17.63
15.11
15.8
15.26
17.85
21.7
18.33
20.34
16.14
17.38
15.33
17.7
18.33
17.97
15.62
17.5
18.29
20.65
19.63
18.09
17.46
17.02
20.24
21.0
14.77
16.36
14.6
18.41
17.48
19.85
15.45
17.26
17.65
18.51
18.38
19.58
18.55
15.62
16.94
17.38
18.24
18.58
20.87
16.33
18.41
17.41
17.46
19.7
17.99
16.14
13.7
15.87
15.72
17.94
19.43
17.46
15.99
16.14
15.89
19.17
17.09
17.29
20.09
19.51
18.41
19.43
16.75
17.48
15.87
15.72
16.33
17.58
17.04
18.73
19.19
19.78
18.75
18.46
20.12
19.09
16.53
15.26
16.7
18.43
15.48
16.97
16.41
15.89
17.46
18.24
18.12
15.31
14.26
13.53
14.23
14.99
13.79
15.21
14.87
16.85
15.48
17.6
15.99
17.5
16.58
16.92
16.46
16.89
19.07
16.04
17.53
17.24
18.07
13.4
14.45
14.14
17.53
19.7
21.04
16.19
12.82
16.53
17.21
16.75
16.67
18.21
18.36
15.28
16.11
16.28
19.85
18.33
18.31
18.29
16.09
15.89
19.26
19.8
18.68
19.58
17.99
16.53
18.16
18.04
18.77
19.9
16.97
16.8
19.6
19.87
17.75
15.72
17.58
18.8
18.75
17.63
17.82
19.43
18.9
19.31
17.77
15.65
16.36
20.7
19.02
18.73
16.92
15.87
16.55
18.41
19.14
18.75
17.46
19.21
17.68
16.82
15.72
16.38
16.77
18.8
16.36
16.26
16.48
16.36
17.26
17.53
17.72
16.97
18.09
17.87
20.09
17.68
19.17
14.99
15.06
16.24
17.94
21.39
21.17
14.67
15.14
15.33
17.58
17.97
16.58
16.82
17.33
17.94
16.46
16.94
19.48
18.14
16.63
15.31
17.33
15.31
16.09
17.5
20.46
18.29
19.19
15.97
18.8
18.53
17.8
20.73
17.33
17.72
16.53
14.97
16.97
17.82
17.07
16.63
17.82
16.5
17.38
17.68
16.55
14.79
17.94
17.65
19.7
18.46
17.26
16.26
16.04
17.6
17.75
19.12
18.51
19.36
16.67
18.24
19.68
16.97
18.51
19.12
18.21
17.14
17.82
20.92
20.87
20.21
20.63
20.04
16.77
18.63
17.43
19.38
19.26
20.09
19.46
19.21
18.26
17.8
18.21
19.21
20.46
19.14
17.14
16.97
15.99
16.36
20.12
19.09
18.31
17.87
19.75
16.14
16.5
18.75
19.92
18.9
19.56
19.12
19.68
18.14
17.41
14.87
14.84
16.85
17.77
18.51
20.87
20.12
19.95
19.56
17.94
15.23
15.31
17.09
18.24
19.7
20.56
20.73
18.97
19.82
19.17
21.46
19.73
21.29
16.94
15.5
15.31
17.19
19.65
18.65
20.09
20.46
21.34
22.0
19.19
18.02
17.9
18.26
18.46
17.38
17.6
15.65
17.9
19.56
20.83
20.8
21.29
21.78
22.39
19.95
16.21
13.6
15.43
17.87
19.07
20.12
18.6
20.83
21.48
21.9
18.99
17.75
18.02
17.26
18.38
19.92
18.75
18.87
18.9
19.46
20.09
20.46
20.21
16.55
17.75
19.75
18.99
19.12
19.9
20.07
18.48
17.36
18.51
18.04
17.85
16.82
20.09
21.12
19.14
19.78
18.63
17.68
21.19
22.61
18.16
18.85
17.82
19.09
17.48
18.68
18.33
19.65
21.04
19.24
19.19
19.04
19.65
21.44
17.24
18.9
21.02
19.07
19.6
18.19
16.53
18.48
21.26
18.04
19.6
19.6
19.19
16.43
17.63
17.85
18.16
20.36
20.68
22.0
19.56
18.16
19.04
17.97
18.8
19.07
20.61
19.68
19.6
19.04
18.65
18.29
18.19
17.58
18.97
17.41
17.21
18.9
17.7
18.9
22.0
21.51
19.41
18.19
16.48
16.75
20.31
19.87
23.44
21.12
16.72
15.77
16.14
16.82
19.51
20.09
