12.7
14.67
18.6
18.48
15.89
15.84
14.36
15.11
18.36
17.77
14.16
14.45
13.21
4.572
0.1249
0.04425
0.02079
0.02604
0.02079
0.02604
0.02346
3.558
12.79
0.5157
13.01
17.94
17.21
17.82
17.68
12.28
21.95
21.36
22.07
11.02
16.89
19.75
19.87
20.48
30.27
40.23
34.38
26.95
30.37
19.85
12.57
12.67
12.94
20.19
23.07
13.94
14.48
10.77
13.72
11.94
11.83
11.84
15.5
14.16
14.48
21.7
27.93
11.57
7.959
17.97
17.46
18.65
21.51
19.34
17.53
18.6
19.48
16.36
15.21
18.33
16.94
15.7
11.5
11.68
11.85
14.5
14.28
14.67
14.4
14.5
11.29
7.581
13.92
17.9
18.58
18.75
18.9
18.73
17.68
16.97
17.92
15.77
17.55
18.19
17.87
11.96
15.65
19.02
20.75
20.92
19.48
19.95
25.83
29.25
25.73
27.05
11.99
26.81
33.06
31.93
23.1
19.58
16.75
16.87
28.32
26.71
16.58
14.4
14.97
14.04
11.29
14.31
13.26
14.31
16.28
14.26
14.94
9.57
19.56
27.0
11.72
12.04
14.4
8.984
10.52
19.38
18.65
19.38
20.29
19.65
18.99
18.95
18.24
15.19
16.02
16.04
14.11
11.69
14.26
12.34
12.4
12.65
12.26
11.08
20.29
19.38
19.14
23.19
27.2
23.56
20.56
17.36
17.09
18.85
18.36
13.18
13.94
13.57
13.89
13.43
14.45
16.89
15.09
15.97
20.21
31.93
14.4
9.314
14.67
15.48
17.99
15.41
18.43
10.3
11.16
14.48
14.38
14.43
14.5
14.55
9.741
12.77
10.22
7.19
18.58
16.5
9.424
13.82
14.43
10.38
12.67
9.033
0.1848
0.09899
0.02079
0.02604
0.02079
6.311
12.77
12.49
14.33
15.21
13.84
14.67
14.23
15.45
9.058
13.72
11.3
8.936
13.99
13.31
14.48
13.65
11.82
13.92
15.23
15.6
15.94
15.11
11.47
7.336
13.55
14.72
13.53
13.35
16.21
20.21
31.2
19.12
14.99
14.58
13.79
11.73
12.74
13.84
13.96
13.67
13.28
13.5
14.11
14.65
23.27
25.59
3.485
6.555
0.3334
12.22
12.02
12.89
12.67
14.16
14.4
14.33
13.23
12.12
13.38
15.97
12.62
16.06
14.82
17.43
20.19
21.31
5.811
0.5913
0.1719
0.03386
0.02346
6.433
15.89
13.33
13.96
13.31
15.06
13.7
0.721
13.65
15.82
19.73
14.55
16.46
21.68
23.78
29.93
17.6
20.7
34.08
35.01
2.512
0.6615
0.08335
0.02604
8.484
14.75
6.177
16.24
39.11
24.29
19.48
15.33
14.84
11.83
31.88
39.84
26.37
36.18
21.48
17.38
32.76
37.99
7.019
0.6409
0.1171
0.02346
0.02346
0.02346
9.033
33.3
36.91
12.21
5.402
37.99
33.79
14.84
15.77
30.91
41.11
26.81
39.79
22.17
16.72
15.8
29.44
39.5
9.656
0.6615
0.1692
0.02346
0.02604
0.02346
11.19
21.48
25.83
24.15
11.74
17.41
15.65
14.67
26.42
40.14
28.22
41.02
21.41
17.19
18.26
16.31
16.67
21.02
21.53
17.5
15.14
35.4
43.55
43.8
43.21
43.95
43.95
43.99
43.95
43.8
43.75
43.31
43.6
43.85
34.23
44.09
45.17
44.97
36.62
36.67
29.79
18.43
44.04
43.41
43.41
42.58
42.58
43.7
43.8
43.6
43.7
43.31
43.26
43.8
43.9
31.54
42.19
45.7
45.51
36.47
36.47
28.56
22.51
43.99
44.09
43.65
43.99
44.09
42.53
41.5
40.14
25.54
24.76
25.05
24.95
27.83
27.29
31.45
31.79
24.15
27.29
30.03
29.93
27.39
27.0
19.87
20.02
20.29
20.78
20.97
10.05
31.05
29.54
30.52
28.91
28.12
28.42
28.52
29.3
30.66
30.81
30.96
31.79
32.76
31.2
29.98
29.49
30.76
30.42
30.22
28.66
25.34
31.2
30.27
32.28
31.54
25.68
27.05
26.76
23.19
16.21
35.64
36.82
35.6
35.45
36.13
34.47
35.3
34.86
28.81
35.94
36.38
21.8
35.84
36.13
37.6
34.86
23.8
22.83
21.92
15.55
19.17
26.07
26.27
24.66
25.68
25.44
21.63
22.05
22.07
20.58
18.65
6.421
29.3
28.47
29.15
27.93
30.27
31.1
29.69
29.1
29.0
28.22
27.83
28.86
27.15
26.37
25.24
27.44
27.29
28.96
29.39
32.32
32.28
18.97
28.71
30.76
29.69
31.59
27.69
23.49
24.49
24.51
16.55
24.58
29.44
30.03
32.32
32.62
33.5
34.67
34.47
34.52
34.08
32.86
33.15
33.45
35.06
34.86
28.42
21.75
25.1
33.4
34.23
22.41
23.83
23.24
21.29
22.24
24.95
22.0
21.66
22.68
22.71
21.85
11.43
26.66
26.37
27.1
23.19
24.15
23.97
21.07
17.19
30.13
29.2
21.8
26.17
15.77
25.39
27.54
23.9
25.59
24.78
14.45
29.83
30.47
25.63
28.32
12.57
30.32
30.47
24.39
28.86
15.26
31.35
32.23
28.32
22.61
13.89
32.57
33.11
32.86
32.32
32.52
34.13
33.98
34.18
33.74
34.38
33.79
36.87
35.5
35.11
35.35
30.91
38.62
28.47
24.24
43.02
44.63
44.09
36.43
35.84
34.03
13.89
43.07
42.87
43.16
42.97
42.72
42.38
42.77
42.72
41.8
42.87
42.87
42.87
42.48
38.48
31.05
44.43
44.24
41.65
36.13
36.77
21.92
34.67
43.95
43.51
43.07
42.09
42.68
38.72
23.02
25.93
24.12
23.34
26.27
26.86
29.98
30.08
28.91
30.81
30.66
25.59
20.24
25.73
25.15
24.58
25.83
24.56
19.7
18.51
19.73
19.41
19.97
11.71
24.39
20.97
7.385
21.73
22.58
9.155
27.69
22.56
20.21
17.04
14.82
15.77
14.4
14.38
14.75
14.92
12.74
14.58
14.97
14.87
14.55
14.53
14.58
12.96
25.34
27.2
12.79
38.28
34.86
34.28
33.15
27.29
34.13
23.05
38.57
36.08
20.85
25.68
23.63
22.73
25.39
27.15
26.03
29.54
28.81
30.18
30.47
29.39
16.77
26.22
24.68
28.17
25.54
25.73
19.92
19.48
21.48
21.48
22.29
13.99
18.6
15.28
15.58
13.26
16.77
18.53
18.92
20.56
16.5
17.11
16.33
13.75
18.95
21.78
24.39
17.63
20.39
20.83
21.66
23.36
25.44
7.861
30.13
33.3
32.81
35.16
38.92
40.62
40.67
37.84
32.81
33.69
31.79
32.52
25.78
39.94
40.58
41.21
42.09
28.22
43.46
42.97
42.58
36.62
34.38
34.77
24.22
20.36
12.67
14.06
18.68
12.62
12.96
18.38
11.57
16.99
16.06
15.31
10.64
14.5
14.77
19.14
20.12
19.56
0.7858
0.4326
0.03643
0.02079
0.02604
0.02079
0.02604
0.02079
0.02604
0.02604
0.02604
0.02079
0.02604
0.02604
0.02604
0.02604
0.03128
0.02079
19.36
17.92
22.58
20.24
22.83
17.8
23.41
22.53
22.83
23.78
24.49
