5.634
5.634
5.634
5.634
5.634
5.634
5.634
5.634
5.634
5.634
5.634
5.634
5.634
5.634
5.634
5.634
5.634
5.634
5.634
5.634
5.634
5.634
5.634
5.634
5.634
5.634
5.634
5.634
5.634
5.634
5.634
5.634
6.061
9.705
14.94
16.02
16.53
16.99
17.19
17.43
17.6
17.82
17.99
17.97
15.31
14.28
12.74
10.07
7.52
12.79
19.9
20.85
20.43
16.67
10.45
14.94
15.87
16.38
16.82
17.19
17.33
17.48
17.77
17.72
14.16
14.04
12.08
9.351
7.349
10.99
19.63
20.85
20.19
12.79
15.43
20.7
20.85
18.95
12.72
8.435
8.496
9.131
8.215
10.63
18.21
20.65
20.75
18.68
11.01
14.21
15.62
16.26
16.63
17.07
17.24
17.43
17.75
17.8
15.06
13.77
11.3
8.154
11.28
19.26
20.85
20.63
15.62
9.253
9.277
8.411
13.92
15.53
16.19
16.67
17.19
17.41
17.6
17.8
16.85
14.38
12.84
10.6
8.276
8.63
8.386
9.705
10.62
18.16
20.34
20.56
18.95
11.1
9.741
9.705
8.203
13.21
15.55
16.28
16.72
17.09
17.31
17.55
17.82
17.99
16.6
14.4
12.74
10.95
8.777
8.423
8.972
8.997
9.241
9.619
8.643
8.813
9.216
8.594
12.62
15.38
16.14
16.6
17.04
17.38
17.53
17.75
17.92
17.02
14.36
13.13
11.06
9.912
7.825
9.106
9.058
9.106
9.351
9.155
8.521
9.167
8.838
8.74
15.94
20.53
20.78
18.95
8.606
7.739
8.655
8.801
8.63
14.92
20.34
20.65
18.92
8.826
10.39
18.65
20.7
20.78
17.33
9.436
8.96
8.801
8.826
8.691
9.094
16.99
20.58
20.8
19.46
14.5
8.972
8.936
8.862
8.875
8.813
8.801
8.813
8.679
8.691
8.716
8.63
8.948
8.899
8.606
8.667
8.838
8.679
8.594
14.11
20.19
20.8
20.31
13.72
7.629
8.606
8.813
9.119
8.594
8.582
8.704
9.558
9.119
8.813
8.789
8.691
8.459
8.85
8.826
8.948
9.57
9.79
8.984
8.923
14.53
20.12
20.7
20.07
14.89
9.705
8.679
8.411
8.545
9.363
9.18
8.594
8.215
9.07
8.508
8.533
8.533
8.606
8.716
8.606
8.643
9.326
8.85
15.36
20.48
20.83
19.73
13.16
7.532
8.716
8.765
9.18
8.862
8.85
9.07
8.838
8.398
9.143
9.18
8.862
8.74
8.691
8.691
10.42
18.29
20.75
20.75
19.21
8.398
6.14
5.914
5.829
7.336
8.838
15.33
20.63
20.8
19.14
14.11
8.63
8.557
8.484
8.911
8.447
8.435
8.838
9.155
15.65
20.61
20.85
20.34
15.99
6.409
6.036
6.024
6.024
7.397
8.35
8.484
14.28
20.65
20.83
19.6
13.4
17.43
20.8
20.85
19.78
12.55
10.77
18.7
20.8
20.83
18.36
8.752
12.18
19.38
20.85
20.83
19.21
10.01
9.094
9.07
8.533
9.485
9.424
8.862
8.496
8.228
10.3
15.31
16.33
16.92
17.38
17.7
17.92
17.99
18.21
18.41
18.65
18.77
18.9
18.97
18.97
19.09
19.17
19.17
19.17
19.31
19.36
19.36
19.38
19.56
19.56
19.6
19.75
19.75
19.75
19.75
19.75
19.9
19.95
20.12
20.12
20.14
20.29
20.24
16.72
16.28
17.24
19.46
19.73
19.63
19.53
19.43
19.31
19.17
18.58
17.38
16.7
16.65
16.65
11.79
10.97
15.75
16.7
17.26
17.7
17.97
18.09
18.33
18.68
18.77
18.95
18.97
18.99
19.14
19.14
19.29
19.34
19.34
19.43
19.53
19.53
19.53
19.73
19.73
19.73
19.73
19.73
19.92
20.04
20.12
20.12
20.29
20.17
17.46
15.77
17.68
19.48
20.85
20.85
20.85
20.75
20.68
20.43
20.21
18.58
17.14
16.46
16.38
16.24
11.38
10.52
15.65
16.58
17.09
17.46
17.77
17.92
18.14
18.33
18.58
18.7
18.77
18.77
18.92
18.97
18.99
19.17
19.17
19.17
19.31
19.36
19.46
19.51
19.56
19.53
19.63
19.73
19.73
19.73
19.87
19.92
19.95
20.12
20.21
20.31
20.31
20.31
20.02
16.5
16.67
18.48
19.82
20.0
20.43
20.36
19.97
19.36
18.95
18.95
18.77
17.97
17.63
17.48
17.43
13.33
7.666
13.04
16.19
16.92
17.36
17.8
17.99
18.31
18.55
18.77
18.77
18.95
18.97
18.97
19.17
19.17
19.24
19.34
19.34
19.53
19.53
19.53
19.65
19.73
19.73
19.73
19.73
19.9
19.97
20.12
20.12
20.17
20.31
20.31
19.75
16.97
18.8
19.65
19.9
19.9
19.9
19.63
19.24
18.16
17.29
15.55
15.5
15.43
15.28
9.143
13.38
15.58
16.38
16.8
17.04
15.28
13.11
12.77
13.31
10.97
14.45
19.24
19.75
19.17
15.8
9.607
14.6
15.99
16.6
16.77
13.38
12.52
12.16
11.36
18.26
19.68
18.92
12.96
11.41
15.41
16.28
16.72
14.89
12.96
12.82
11.22
16.19
19.6
19.75
16.89
8.472
8.521
11.93
15.94
16.82
17.43
17.85
18.07
18.21
18.46
18.7
18.8
18.95
18.97
19.14
19.14
19.29
19.34
19.43
19.53
19.53
19.65
19.73
19.73
19.73
19.73
19.87
19.92
19.92
20.07
20.12
20.17
20.31
19.58
16.65
18.41
20.39
20.87
20.87
20.87
20.87
20.87
20.8
18.14
16.26
15.11
15.11
15.09
14.92
9.521
9.509
15.45
16.65
17.24
17.7
17.94
18.09
18.38
18.58
18.75
18.77
18.97
18.97
18.97
19.04
19.17
19.17
19.17
19.26
19.36
19.43
19.56
19.56
19.58
19.75
19.75
19.75
19.75
19.73
19.73
19.75
19.95
20.09
20.12
20.14
20.12
20.12
20.31
19.14
16.65
19.04
20.09
20.09
20.09
20.09
20.0
19.51
19.02
18.82
17.8
15.87
15.75
15.26
14.92
11.12
10.11
9.558
9.766
9.802
8.838
11.62
9.583
9.631
9.68
12.01
19.63
20.8
19.73
11.08
14.58
20.36
20.51
14.97
12.08
15.99
16.75
17.16
17.5
17.87
18.07
18.21
18.51
18.73
18.82
18.95
19.07
19.14
19.24
19.34
19.34
19.34
19.53
19.53
19.7
19.73
19.73
19.75
19.85
19.92
19.92
19.97
20.19
20.31
20.31
19.87
16.67
17.58
19.34
19.87
19.9
19.9
19.9
19.9
19.75
19.43
17.6
15.82
14.6
14.53
13.21
9.998
12.13
19.04
20.21
19.97
16.7
8.911
9.119
9.29
9.131
9.155
9.314
11.57
19.6
20.83
20.07
12.41
9.302
12.16
20.07
20.85
20.41
16.26
10.62
15.41
20.0
20.56
19.14
10.39
6.219
6.11
6.024
6.024
6.024
6.024
6.024
6.024
6.024
6.024
6.024
6.024
6.024
9.607
10.01
9.106
9.521
9.9
9.839
9.29
12.99
19.58
20.56
20.34
