0.004768
0.2762
0.2167
0.0
0.1125
0.04616
0.1999
0.2651
0.1419
0.0
0.1211
0.003147
9.537e-05
0.0
0.0
0.0
0.0
0.0
0.0
0.0
0.0
0.0
0.0
0.0
0.0
0.0
0.0
0.0
0.0
0.0
0.0
0.0
0.004578
0.5508
2.728
2.85
2.881
2.698
6.11
4.193
1.414
9.537e-05
0.0
1.109
2.859
2.713
2.884
3.091
6.03
3.717
0.2945
0.09918
2.692
3.122
3.107
3.931
5.78
2.939
0.1366
0.1003
0.4562
0.2781
0.2972
2.02
3.406
3.571
4.382
6.018
2.203
0.3906
0.2159
0.4021
0.1627
0.5066
2.878
3.223
3.302
5.914
4.205
0.7195
0.1303
0.1812
0.4784
2.905
3.235
3.333
6.195
3.638
0.3426
2.286
3.116
3.271
5.872
3.32
0.8179
0.1665
0.1034
0.457
0.3452
0.2834
0.4601
0.2953
0.4623
1.097
3.296
3.534
3.473
5.865
2.371
0.3025
0.1598
3.046
3.314
3.271
6.262
3.345
0.4494
0.6538
0.05674
0.5287
0.3922
0.4265
0.4059
0.2968
2.847
3.043
3.143
6.049
3.619
1.123
0.3777
1.18
3.143
3.4
3.308
6.36
3.07
0.1751
2.158
3.339
3.192
4.572
5.005
2.042
0.4158
0.3387
0.2869
0.3193
0.6508
0.1926
2.808
3.192
3.229
4.968
4.431
1.561
0.2911
0.312
1.328
2.942
2.939
2.966
5.499
2.914
0.6798
0.309
0.3071
0.2869
0.341
0.2914
0.05312
0.3063
0.4311
0.3128
0.3422
0.441
0.4593
0.2941
0.3349
0.3628
0.6798
0.172
0.4173
0.03557
0.0002861
0.0
0.0
0.003338
0.1915
0.3906
0.2625
0.4196
0.518
0.2537
0.06504
0.5081
0.2811
0.4585
0.04349
0.2678
0.5089
0.0452
0.4478
0.2312
0.3845
0.317
0.2869
0.0001907
9.537e-05
0.0
0.0
0.0009537
0.2804
0.2514
0.2697
0.5043
0.2007
0.2892
0.2808
0.1133
0.3731
0.128
0.2075
0.4326
0.3845
0.4677
0.4433
0.5859
0.2151
0.4135
0.0001907
0.0003815
0.0
0.0
0.0
0.002289
0.1314
0.2037
0.1581
0.3109
0.238
0.2922
0.4753
0.214
0.1707
0.3891
0.2369
0.378
0.4005
0.8606
0.4181
0.5257
1.186
0.1928
0.4288
0.02508
0.0001907
0.0003815
0.0
0.004864
0.2201
0.5219
0.1339
0.1564
0.1068
0.3761
0.2468
0.441
0.3792
0.2472
0.3345
0.1522
0.2556
0.1663
0.2838
0.3487
0.4021
0.08936
0.0001907
0.0
0.0
9.537e-05
0.0
0.0006676
0.2102
0.1715
0.3635
0.4021
0.2022
0.3498
0.2869
0.0002861
0.4692
0.3197
0.2972
0.2357
0.489
0.1976
0.4173
0.1408
0.7759
0.178
0.3998
0.00658
0.0001907
9.537e-05
0.0
0.0
0.1652
0.3944
0.2136
0.3975
0.2872
0.2586
0.1806
0.1032
0.1953
0.3681
0.3216
0.1995
0.1984
0.1064
0.1183
0.2151
0.1097
0.1053
0.0005722
0.0
0.0
0.0
0.0
0.0
0.1143
0.425
0.3471
0.388
0.1085
0.2941
0.3044
0.3944
0.1717
0.1677
0.3654
0.1976
0.3765
0.3635
0.09575
0.123
0.1162
0.08183
0.0
0.0
9.537e-05
0.0
0.0
0.0
0.3345
0.5234
0.4234
0.1047
0.6935
0.3086
0.2052
0.4982
0.2308
0.1307
0.1223
0.3075
0.1678
0.1919
0.3254
0.1692
0.3922
0.1823
0.1167
0.2022
1.379
1.497
1.627
1.633
1.527
1.685
1.584
1.66
1.706
1.886
1.99
2.164
1.999
2.005
1.956
1.892
1.797
1.962
1.953
1.974
2.02
2.222
2.048
2.325
9.082
3.473
5.389
5.774
9.265
6.396
6.726
5.206
4.315
3.375
1.617
1.094
1.88
2.319
2.249
2.344
2.258
2.036
3.162
3.082
2.979
3.198
3.082
3.091
3.003
3.186
3.314
3.351
3.253
2.57
3.864
5.53
8.704
10.86
6.897
5.09
4.041
3.369
0.8408
0.5386
2.591
3.058
3.003
2.597
2.774
2.411
2.563
2.408
2.545
2.393
2.173
2.054
2.325
2.344
2.216
2.216
2.191
1.95
6.055
5.475
1.822
5.316
5.536
6.543
6.421
6.14
4.883
3.735
3.625
1.521
0.7011
1.317
1.743
2.026
2.02
1.965
2.31
2.887
3.284
3.418
3.461
3.357
3.369
3.363
3.4
3.314
3.076
4.584
9.631
7.532
8.765
8.069
5.511
4.187
1.593
1.18
2.692
2.972
3.052
3.006
3.006
2.933
2.771
2.591
2.927
2.939
2.966
2.838
3.03
2.948
2.939
5.884
10.31
10.61
7.739
7.556
5.505
4.395
1.947
1.105
2.908
3.418
3.21
3.271
3.043
3.073
3.064
2.975
2.936
2.963
2.908
2.954
2.917
2.985
4.474
9.216
8.472
9.07
8.203
5.688
4.767
3.65
1.904
1.282
3.174
3.345
3.546
3.613
3.473
3.656
3.668
3.595
3.558
3.448
3.613
3.522
3.668
6.421
9.167
10.35
9.241
5.798
4.803
3.827
1.225
1.825
2.496
3.741
4.23
0.3357
1.95
2.933
4.297
0.2449
1.402
2.35
4.156
0.3387
1.837
3.479
2.881
0.2625
1.898
2.686
4.193
0.6958
0.2941
0.4707
0.2552
1.813
3.271
2.713
0.2201
1.59
2.731
3.815
0.4417
1.257
2.026
4.144
1.581
0.3677
2.405
2.737
2.637
2.829
2.823
2.539
2.713
2.82
2.756
2.768
2.679
2.576
2.661
2.597
2.74
2.829
3.9
8.276
5.42
4.95
9.436
6.36
5.212
3.693
3.302
3.595
1.898
1.163
0.4364
1.62
1.788
1.987
1.981
2.649
3.073
3.369
3.461
3.503
3.699
3.65
3.668
3.156
3.589
3.552
3.705
6.067
8.582
9.265
8.618
5.975
4.858
3.918
1.155
1.999
3.156
3.253
2.893
2.783
2.6
2.859
2.948
2.814
2.835
2.472
2.383
2.145
2.032
2.112
2.179
2.231
2.066
5.56
6.219
2.747
5.676
6.177
8.215
8.362
6.067
4.926
2.737
1.505
1.161
2.625
0.5341
2.728
0.5356
2.609
0.3086
1.169
1.526
1.083
3.009
3.143
2.985
2.884
2.997
2.835
2.576
2.478
2.396
2.213
2.228
2.112
2.182
2.255
3.085
3.18
2.896
10.02
7.764
10.17
7.861
6.885
4.889
3.29
1.785
0.827
0.5074
0.9277
0.1747
0.3551
0.4478
0.1839
0.4852
0.7347
0.8087
0.1987
0.3395
0.09804
1.981
2.38
2.911
2.859
2.902
2.856
2.817
2.881
3.076
3.21
3.204
2.979
3.186
2.991
3.055
2.866
3.9
9.29
8.594
9.338
8.093
6.738
5.298
3.784
1.155
0.6783
0.2167
0.37
0.2132
0.6271
0.1863
0.4562
0.2361
0.3345
0.2178
0.2785
0.3433
0.5318
0.4662
0.3674
0.1844
0.4028
0.2888
0.4005
0.6813
0.2838
0.2926
0.6851
0.3139
0.2506
0.2563
0.3819
0.2693
0.399
0.09995
0.03433
0.3231
0.05207
0.4372
0.4021
0.3567
0.4211
0.3128
0.3056
0.2388
0.3601
0.5814
0.1863
0.4433
0.383
0.3944
0.222
0.4707
0.01974
0.0003815
0.0
0.001335
0.0
0.0
0.0
0.0
0.0
0.0006676
0.001335
0.0
0.0
0.0
0.0
0.0
0.0
0.0
0.0
0.0
0.01965
0.8682
0.605
0.5821
0.3426
0.3197
0.2819
0.7156
1.239
0.4967
0.4776
