43.02
43.07
42.38
22.22
16.75
18.92
19.12
18.07
19.75
18.92
15.09
12.19
10.89
10.88
10.89
10.89
10.89
10.89
10.89
10.89
10.89
10.89
10.89
10.89
10.89
10.89
10.89
10.89
10.89
10.89
10.89
10.89
10.89
12.22
19.6
25.83
14.72
12.6
10.88
10.88
10.89
10.89
10.89
11.27
13.28
13.23
24.05
21.75
13.38
13.23
25.93
30.18
31.54
31.69
31.79
29.35
28.32
25.34
24.83
18.82
40.87
42.87
43.31
43.31
43.36
43.31
43.31
43.31
43.31
43.31
43.31
43.31
43.31
43.36
43.31
43.31
43.31
43.36
43.36
43.31
43.41
43.36
43.41
43.41
43.41
43.41
43.46
43.41
43.41
43.41
43.46
43.36
42.92
42.58
41.85
41.26
37.3
31.59
28.37
20.85
19.63
16.14
12.33
13.4
13.5
13.11
13.28
18.85
26.22
16.85
21.36
29.98
31.4
31.74
31.84
29.74
27.69
25.1
22.14
21.41
39.26
43.02
43.12
41.7
40.82
40.72
40.82
40.62
41.06
40.97
40.82
41.02
42.38
42.72
42.87
43.07
43.12
43.12
43.12
42.97
42.97
43.02
42.97
43.02
43.02
43.02
43.02
43.02
43.02
43.02
42.92
37.79
16.77
16.04
18.6
20.51
18.87
18.87
18.07
16.43
12.43
13.11
28.27
30.27
31.49
31.45
31.01
28.32
26.07
24.73
21.39
27.05
40.23
42.92
43.02
41.46
41.41
41.41
41.41
41.41
41.46
41.41
41.41
41.55
41.55
43.02
43.07
43.07
43.16
43.12
43.12
43.16
43.16
43.21
43.21
43.21
43.21
43.21
43.21
43.21
43.21
43.16
38.38
16.85
16.11
18.87
20.39
18.63
19.7
19.9
18.75
12.65
12.72
19.63
29.35
30.81
31.64
31.2
28.71
28.32
24.39
24.37
17.31
35.94
41.94
43.02
43.07
43.16
43.16
43.16
43.16
43.16
43.12
43.16
43.16
43.12
43.16
43.16
43.12
43.12
43.12
43.16
43.16
43.16
43.16
43.21
43.21
43.21
43.21
43.21
43.21
43.26
43.21
43.21
43.21
43.26
43.07
32.03
16.46
16.65
17.87
18.41
17.55
19.36
20.26
18.41
12.45
12.87
27.69
30.22
31.45
31.49
31.54
28.86
27.98
25.15
25.15
16.99
34.13
41.5
42.97
43.12
43.16
43.16
43.16
43.16
43.16
43.16
43.12
43.16
43.16
43.16
43.16
43.16
43.12
43.12
43.16
43.16
43.16
43.16
43.16
43.21
43.21
43.21
43.21
43.21
43.21
43.26
43.21
43.21
43.21
43.26
43.26
42.77
31.49
16.85
18.43
19.34
18.07
19.34
18.24
14.5
12.19
10.91
10.88
10.89
10.89
10.89
10.89
10.89
10.89
10.89
10.89
10.89
10.89
10.89
10.89
10.89
10.89
10.89
10.89
10.89
10.89
10.89
10.89
10.89
10.89
10.89
10.89
10.89
10.89
10.89
10.89
10.89
10.89
10.89
10.89
10.89
10.89
10.89
10.89
10.89
10.89
10.89
10.89
10.89
10.89
10.89
10.89
10.89
10.89
10.89
10.89
10.89
10.89
10.89
10.89
10.89
10.89
10.89
10.89
10.89
10.89
10.89
10.89
10.89
10.89
10.89
10.89
10.89
10.89
10.89
10.89
10.89
10.89
10.89
10.89
10.89
10.89
10.89
10.89
10.89
10.89
10.89
10.89
10.89
10.89
10.89
10.89
10.89
10.89
10.89
10.89
10.89
10.89
10.89
10.89
10.89
10.89
10.89
10.89
10.89
10.89
10.89
10.89
10.89
10.89
10.89
10.89
10.89
10.89
11.23
14.97
38.92
43.02
43.07
43.12
43.16
43.16
43.16
43.12
43.12
43.16
43.16
43.12
43.12
43.16
43.12
43.12
43.12
43.12
43.07
43.12
43.12
43.16
43.16
43.21
43.21
43.21
43.26
43.26
43.21
43.26
43.26
42.19
18.53
17.19
19.51
20.53
21.41
13.13
11.35
10.89
10.89
10.89
10.89
10.89
10.89
12.33
30.22
42.87
43.07
43.12
43.21
43.16
43.16
43.16
43.12
43.16
43.16
43.16
43.12
43.12
43.12
43.16
43.12
43.12
43.07
43.12
43.12
43.12
43.12
43.21
43.21
43.21
43.21
43.26
43.21
43.21
43.26
42.97
39.06
16.16
17.72
18.55
18.36
21.68
13.62
11.05
10.89
10.89
11.47
19.78
41.99
43.02
43.07
43.16
43.16
43.16
43.16
43.12
43.12
43.16
43.16
43.16
43.07
42.97
42.97
42.92
42.97
43.07
43.07
43.12
43.12
43.16
43.12
43.21
43.21
43.21
43.21
43.26
43.21
43.31
43.26
43.31
25.34
18.97
20.21
22.49
15.55
11.85
11.41
16.5
41.5
43.07
43.26
43.31
43.36
43.36
43.36
43.26
43.26
43.31
43.31
43.31
43.26
43.31
43.31
43.31
43.31
43.31
43.16
43.12
43.16
43.16
43.12
43.21
43.21
43.21
43.26
43.26
43.21
43.26
43.26
43.31
43.31
23.71
18.58
18.99
21.83
19.31
12.22
11.15
10.88
10.89
10.89
10.89
10.89
10.89
10.89
10.89
10.89
10.89
10.89
10.89
10.89
10.89
10.89
10.89
10.89
10.89
10.89
10.89
10.89
10.89
10.89
10.89
10.89
10.89
10.89
10.89
10.89
10.89
10.89
10.89
10.89
10.89
10.89
10.89
10.89
10.89
10.89
10.89
10.89
10.89
10.89
10.89
10.89
10.89
10.89
10.89
10.89
10.89
10.89
10.89
10.89
10.89
10.89
10.89
10.89
10.89
10.89
10.89
11.33
17.9
40.38
42.92
43.07
41.36
40.87
40.82
41.36
42.38
42.82
43.16
43.16
43.16
43.12
43.12
43.16
43.16
43.12
43.12
43.07
43.12
43.12
43.16
43.16
43.21
43.21
43.21
43.26
43.26
43.21
43.26
43.31
39.75
19.04
16.75
20.75
20.58
19.48
12.21
10.99
10.88
10.89
10.89
10.89
10.89
10.89
12.87
35.35
43.07
43.07
43.12
43.21
43.21
43.16
43.12
43.12
43.16
43.16
43.16
43.12
43.16
43.16
43.12
43.12
43.12
43.02
43.12
43.12
43.12
43.12
43.21
43.21
43.21
43.26
43.21
43.26
43.26
37.99
16.43
19.56
21.09
22.44
14.04
11.8
10.88
10.88
10.89
10.89
10.89
10.89
10.89
10.89
10.89
10.89
10.89
10.89
10.89
10.89
10.89
10.89
10.89
10.89
10.89
10.89
10.89
10.89
10.89
10.89
10.89
10.89
10.89
10.89
10.89
10.89
10.89
10.89
10.89
10.89
10.89
10.89
10.89
10.89
10.89
10.89
10.89
10.89
10.89
10.89
10.89
10.89
10.89
10.89
10.89
10.89
10.89
10.89
10.89
10.89
10.89
10.89
10.89
10.89
10.89
10.89
10.89
10.89
10.89
10.89
10.89
10.89
10.89
10.89
10.89
10.89
10.89
10.89
10.89
10.89
10.89
10.89
10.89
10.89
10.89
10.89
10.89
10.89
10.89
10.89
10.89
10.89
10.89
10.89
