0.0
0.0
0.0
0.0
0.0007629
0.0
9.537e-05
0.0
0.0
0.0
0.0
0.0
0.0
0.0
0.0
0.0
0.0
0.0
0.0
0.0
0.0
0.0
0.0
9.537e-05
0.0
0.0
0.0003815
0.0
0.0
0.0
0.0
0.0
0.004196
9.537e-05
0.7378
1.083
1.175
1.213
1.257
6.531
4.816
1.43
0.4906
1.173
1.149
1.271
1.767
8.118
3.082
0.6302
0.1925
0.2251
0.2232
0.2487
0.1368
0.5188
1.129
1.184
1.227
3.577
6.604
2.463
0.4234
1.085
0.9399
1.021
0.9491
2.921
3.381
3.418
2.429
0.3174
0.01373
0.4395
0.6927
0.7721
0.9109
0.9781
1.048
5.267
2.896
2.866
1.007
0.1381
0.4486
0.6714
1.042
0.9369
0.9644
2.859
3.607
2.805
2.518
0.5371
0.3372
0.1137
0.3548
0.2674
0.1596
0.3197
0.2579
0.6027
0.7668
1.027
1.073
1.335
5.664
4.224
0.5142
0.2823
0.8957
1.064
1.036
1.041
3.894
4.352
2.585
0.7523
0.05016
0.4547
0.3349
0.2693
0.07734
0.1345
0.2716
0.5783
0.4082
0.6523
0.2182
0.2495
0.4128
0.1139
0.3098
0.4303
0.2663
0.1396
0.2728
0.75
1.077
1.16
1.137
3.223
6.384
2.762
0.779
0.5753
0.3422
0.827
0.4784
0.8987
0.9293
1.126
1.224
6.482
5.133
1.457
0.5325
0.2964
0.4784
0.6554
1.018
1.041
0.9583
4.272
5.096
2.328
0.6126
0.4089
0.3258
0.4875
0.2579
0.4013
0.1751
0.4578
0.1169
0.3338
0.3033
0.2472
0.1047
0.2937
0.2567
0.3716
0.1225
0.1194
0.2968
0.0003815
9.537e-05
0.2853
0.1865
0.4303
0.119
0.1358
0.2872
0.2937
0.2003
0.3277
0.322
0.3674
0.1911
0.1213
0.3418
0.4189
0.1087
0.3193
0.2357
0.2602
0.1209
0.3269
0.004673
0.0001907
0.0
0.2781
0.4219
0.3628
0.3273
0.3178
0.3853
0.3906
0.3143
0.3613
0.2621
0.5127
0.2312
0.2548
0.2514
0.1263
0.4723
0.168
0.3891
0.1066
0.2834
0.05217
0.2491
0.1373
0.2495
0.2037
0.1724
0.3178
0.3853
0.3029
0.6104
0.1812
0.2407
0.2628
0.3059
0.1957
0.3025
0.5905
0.2945
0.178
0.5898
0.6187
0.4692
0.1076
0.1772
0.2449
0.0003815
0.0
0.0
0.4822
0.1846
0.3883
0.4707
0.1274
9.537e-05
0.09918
0.1211
0.238
0.1299
0.2438
0.2598
0.1469
0.1404
0.3441
0.5997
0.1743
0.181
0.2598
0.2106
0.07734
0.06285
0.2884
0.01669
0.1953
0.2285
0.708
0.2728
0.1389
0.2892
0.0
0.2548
0.227
0.1726
0.2823
0.5554
0.1783
0.3128
0.5119
0.4303
0.1265
0.3391
0.5234
0.1619
0.3586
0.05264
9.537e-05
9.537e-05
0.1587
0.412
0.3357
0.2266
0.2838
0.1554
0.5684
0.1156
0.4662
0.3494
0.2846
0.3017
0.2991
0.201
0.256
0.1583
0.4356
0.2178
0.2079
0.1097
0.4692
0.0002861
9.537e-05
0.0
0.3567
0.3712
0.2369
0.2594
0.5753
0.1389
0.3742
0.1301
0.7515
0.1637
0.4868
0.3483
0.4402
0.168
0.001621
0.1968
0.3471
0.1804
0.6821
0.1322
0.5791
0.002289
0.0001907
9.537e-05
0.2571
0.3998
0.5844
0.573
0.5821
0.6096
0.2796
0.2384
0.3464
0.4318
1.053
1.126
1.193
1.181
1.138
1.128
1.012
0.9079
0.9628
0.9491
0.9491
0.8316
0.8102
0.795
0.8041
0.9369
0.9903
0.9674
0.9109
2.255
6.158
8.899
11.02
7.373
11.32
10.28
8.643
6.079
5.359
1.494
1.033
0.9232
1.059
1.109
1.14
1.073
1.022
0.9811
1.067
1.044
1.006
1.004
0.9781
1.039
1.067
0.9308
1.089
1.028
1.566
6.372
9.631
9.705
8.63
11.4
6.799
5.969
5.713
5.054
1.506
0.6233
1.039
1.036
0.972
1.086
0.9491
0.9018
0.8514
0.8636
0.7614
0.7584
0.827
0.9079
0.8575
1.053
0.9979
1.059
0.9827
1.033
4.095
4.657
5.194
7.764
6.641
6.445
7.129
8.813
9.534
7.458
8.35
6.128
4.541
3.339
1.46
0.4532
0.8667
0.8774
0.8362
0.8347
0.8987
0.9109
0.9155
0.8972
0.8499
0.853
0.7919
0.692
0.7812
0.7568
0.8255
0.8179
0.8377
0.914
0.8408
2.106
4.81
5.511
7.483
8.594
8.203
9.802
7.788
8.191
7.507
5.463
4.974
2.423
1.476
0.4051
0.8789
0.9277
0.8621
0.8865
0.8774
0.8392
0.8057
0.8896
0.9277
0.9262
0.9949
0.9033
0.9048
0.8652
0.9491
0.8575
0.972
0.8423
0.9293
3.168
5.884
7.043
11.25
9.241
9.167
8.569
6.195
6.146
3.876
3.174
3.741
2.869
1.48
0.3529
0.9033
0.8484
0.9415
1.042
1.038
0.9796
0.9613
0.8377
0.9201
0.8957
0.8728
0.8163
0.9506
0.8041
0.8499
0.8057
1.051
1.003
1.01
4.144
5.78
8.618
10.03
8.765
9.424
8.374
7.08
6.25
4.877
4.169
1.614
0.2819
0.6584
2.225
4.279
0.7072
0.6042
0.7416
3.406
3.906
0.6279
0.4776
0.5585
3.552
3.699
0.206
0.6897
0.7477
3.644
3.687
0.5005
0.1562
0.28
0.04301
0.227
0.415
0.5074
0.7294
4.15
2.594
0.7904
0.132
0.08659
0.2407
0.04845
0.4318
0.388
0.3548
1.472
3.247
1.556
1.26
0.1482
0.1112
0.06828
0.2594
0.2247
0.09203
0.06294
0.07696
0.3479
0.1438
0.4028
0.5409
0.4478
0.6477
0.6012
0.6432
0.6386
0.7446
0.7103
0.7385
0.5646
0.4562
0.3922
0.4288
0.5867
0.4822
0.4547
0.5417
0.6584
0.6111
0.6615
0.5875
0.4784
0.5875
0.6699
0.6569
0.6569
0.5882
0.5936
0.6912
0.6096
0.7042
0.7721
0.6729
4.633
5.969
7.08
8.691
7.715
7.91
8.936
6.158
6.177
3.79
4.205
5.188
3.067
1.727
1.314
0.4578
0.7027
0.853
0.8163
0.7637
0.6958
0.7149
0.6828
0.6393
0.5936
0.544
0.5142
0.499
0.5562
0.4623
0.4501
0.4227
0.5089
0.4517
0.4326
0.5157
0.4807
0.486
0.4631
0.4356
0.4913
0.4753
0.4669
0.5722
0.5096
0.5356
0.5363
0.6874
0.6783
0.4738
0.4242
0.4593
0.4906
4.663
5.487
3.784
3.87
6.323
3.607
4.852
4.749
6.0
5.981
6.421
2.46
6.75
4.913
4.822
3.723
3.442
2.521
2.151
1.608
0.5074
0.5432
0.7225
0.7828
0.05054
0.7339
0.6409
0.1654
0.7523
0.8057
0.6615
0.1457
0.75
0.6325
0.1429
0.7904
0.2285
0.06275
0.06952
0.0493
0.3094
0.4105
0.08659
0.7011
0.1921
0.04396
0.06056
0.04387
0.1516
0.1379
0.5196
0.2964
0.705
0.4944
0.2293
0.1011
0.04826
0.05169
0.04511
0.2171
0.06561
0.6256
0.2216
0.02985
0.06418
0.04139
0.05188
0.2453
0.325
0.3609
0.211
0.03719
0.05722
0.04358
0.04549
0.2312
0.209
0.1509
0.5524
0.441
0.1692
0.4936
0.2182
0.1518
0.3487
0.3178
0.132
0.1904
0.04635
0.07343
0.04435
0.264
0.383
0.2495
0.09108
0.06151
0.04406
0.05064
0.2213
0.2148
0.1844
0.198
0.1743
0.2464
0.2838
0.2831
0.2094
0.2773
0.2357
0.2438
0.1575
0.1379
0.07648
0.08154
0.2651
0.0
0.0001907
0.0
0.0
0.0
0.0
0.001049
0.0001907
0.0
9.537e-05
9.537e-05
0.0
0.0
0.007153
0.5775
0.6882
0.3475
0.2045
0.03967
0.06418
0.06943
0.3323
0.4562
0.08221
0.5966
