14.92
22.44
21.41
25.44
13.23
13.99
13.89
14.04
17.07
16.02
14.33
13.28
15.94
16.82
18.14
21.7
7.629
0.6874
0.1926
11.27
12.7
13.26
14.75
18.68
24.61
23.12
14.16
16.31
13.16
10.75
21.07
21.85
22.92
14.67
13.53
22.75
24.88
23.39
22.95
21.07
18.9
19.75
19.17
15.92
21.61
26.71
16.21
16.28
13.35
15.11
12.94
14.77
13.89
9.778
15.77
13.79
19.78
28.52
25.98
14.79
11.9
18.41
25.93
25.98
18.41
14.36
19.12
19.26
19.38
20.56
20.85
20.65
21.78
19.24
20.0
22.85
20.7
14.48
18.85
17.94
18.48
19.78
20.19
19.53
20.02
17.29
15.23
20.7
22.41
14.87
17.94
28.37
28.76
27.98
25.68
24.44
15.11
22.8
25.63
15.55
15.99
17.87
20.21
23.44
13.99
15.92
14.79
12.99
14.72
15.6
15.28
18.92
19.38
23.93
7.507
20.68
18.07
18.65
19.51
19.41
21.0
22.29
15.67
16.21
19.38
25.78
7.825
16.75
21.83
20.63
16.6
15.48
17.43
23.05
27.69
16.99
19.17
19.34
16.94
11.74
12.99
15.97
15.8
16.72
16.14
18.9
20.65
13.7
17.58
13.99
15.23
12.4
21.22
20.51
23.07
25.39
25.49
24.76
17.48
18.6
24.61
22.36
7.251
19.21
17.7
16.31
15.06
15.26
15.45
15.72
17.43
18.9
14.48
19.21
18.21
18.38
12.62
15.7
13.23
13.13
14.16
15.87
15.26
16.7
17.87
1.349
0.4898
0.06771
0.08335
13.96
14.92
15.43
15.11
15.38
14.84
11.68
12.77
12.92
14.43
14.36
14.18
15.75
15.41
14.97
15.16
15.11
3.247
0.5623
0.1093
0.02604
0.03128
0.02604
0.7446
10.84
14.5
15.84
20.56
19.17
16.94
8.35
15.45
11.3
13.21
13.55
12.84
13.35
14.36
16.67
16.65
16.6
8.398
0.6821
0.2342
0.02604
0.02604
0.02604
7.703
14.55
15.67
14.82
14.87
17.68
10.57
15.41
12.74
9.387
11.13
5.212
14.92
15.19
15.21
16.33
16.38
5.377
0.5836
0.1459
0.02604
0.02604
0.02604
0.02604
6.006
9.314
17.07
15.31
15.55
19.21
19.26
16.21
14.89
17.65
15.58
15.45
17.92
11.54
10.3
15.7
13.33
13.45
0.2083
0.1198
0.02604
0.02604
0.02604
0.02604
3.363
17.53
14.77
14.87
21.02
17.19
12.15
12.11
14.6
12.65
12.34
14.26
14.79
14.58
14.67
15.04
14.55
12.29
1.892
0.1562
0.04168
0.02604
0.02604
0.02604
0.02079
5.45
12.28
5.902
15.5
14.21
16.26
18.12
14.53
12.74
13.43
13.77
13.31
12.87
12.35
12.34
13.43
8.472
0.1823
0.0885
0.02604
0.02604
0.02079
0.02604
0.02604
0.02604
12.57
14.55
11.93
12.67
16.53
22.36
19.8
18.51
15.11
20.07
26.71
21.19
10.6
15.82
15.8
17.5
17.7
16.48
7.812
0.6409
0.2186
0.02604
0.02604
9.998
11.24
17.16
15.21
12.96
6.592
9.875
12.48
11.1
17.16
19.51
19.68
16.77
13.6
13.09
14.33
14.55
15.6
15.99
16.26
15.62
15.01
10.75
19.7
18.95
18.9
20.58
20.68
20.78
21.39
21.0
20.14
18.46
17.09
17.21
17.58
19.7
19.29
19.87
21.56
23.88
23.97
25.05
25.05
25.73
23.71
27.25
26.95
25.88
23.58
22.41
20.95
12.39
16.67
20.29
21.9
23.61
25.1
29.3
24.24
21.75
26.27
27.05
12.19
6.042
21.61
19.14
19.85
21.22
21.63
26.51
29.79
26.76
25.83
25.34
24.46
22.73
21.0
20.39
21.73
22.14
21.14
20.73
21.09
20.31
18.02
17.68
18.24
18.02
18.9
18.48
21.0
22.51
17.97
7.959
12.77
23.85
30.13
26.07
25.88
23.17
19.31
15.45
16.97
19.68
20.43
13.75
3.369
23.0
22.78
20.87
22.27
22.49
21.29
20.75
19.07
17.36
16.38
16.77
16.67
17.31
17.07
15.82
16.26
15.33
16.11
17.19
18.02
17.58
16.67
15.67
15.84
16.58
15.7
17.19
17.46
18.9
15.99
16.26
16.26
16.99
18.02
17.19
16.31
9.399
14.26
19.6
18.46
18.33
18.16
26.12
22.58
20.46
23.29
27.2
21.14
14.43
3.036
2.927
16.36
20.92
21.66
22.41
24.05
26.03
26.07
26.71
27.64
26.86
26.51
25.73
26.17
26.86
25.88
27.39
26.07
23.46
22.12
21.7
22.14
22.49
22.19
19.85
18.51
16.46
17.41
14.48
12.46
18.04
21.51
21.48
22.09
22.56
20.63
17.48
15.67
15.19
16.48
18.92
19.09
14.72
2.499
21.48
19.87
20.39
19.73
19.43
16.5
15.72
26.61
21.24
15.89
23.95
26.61
25.93
21.95
23.93
24.07
17.97
16.24
20.65
21.95
25.1
27.15
15.14
17.09
21.07
19.85
9.717
18.99
18.97
17.16
15.31
15.23
24.68
15.94
16.43
17.43
16.94
17.09
12.1
18.95
17.63
12.79
16.63
18.99
19.36
18.92
17.94
17.7
26.76
8.85
18.68
19.85
21.53
22.05
22.95
23.71
22.31
23.07
22.83
22.75
22.88
22.41
22.17
21.02
20.65
21.51
32.23
32.67
32.42
30.91
32.18
30.62
34.33
32.08
17.58
12.6
21.7
30.57
29.93
21.44
17.04
23.27
22.39
18.63
29.69
21.88
5.798
2.869
0.08335
18.73
22.24
23.46
24.07
25.1
25.2
26.12
26.07
23.34
21.44
22.39
22.19
22.73
23.22
24.24
23.93
24.66
25.54
25.78
23.63
20.43
19.9
17.29
17.19
16.36
15.77
17.24
19.8
12.89
8.154
13.89
21.19
21.12
19.8
19.48
20.12
20.0
19.31
17.53
18.09
16.85
15.62
16.92
4.883
20.31
14.89
17.11
15.6
15.09
15.28
8.374
19.14
15.92
15.33
16.19
18.82
21.14
21.68
34.28
26.32
29.59
30.03
28.42
29.1
29.05
28.42
28.52
27.78
26.37
25.2
23.0
27.64
29.83
27.1
25.88
15.14
5.933
9.583
23.22
25.59
24.98
25.0
27.15
25.73
26.46
24.46
25.0
9.131
13.21
20.48
20.09
20.29
20.41
21.56
21.51
20.95
31.49
31.59
31.98
30.47
30.18
29.79
28.03
27.1
25.63
26.86
26.46
24.85
23.12
20.92
20.34
19.8
20.26
21.61
13.57
14.38
16.72
22.36
24.73
23.19
22.73
20.73
16.41
15.41
14.82
15.7
16.41
17.16
7.825
13.72
20.29
21.04
20.83
11.99
14.77
8.984
0.1823
0.08335
0.02604
9.192
14.87
16.7
17.09
17.58
18.26
14.18
16.02
16.21
18.31
18.21
11.72
18.65
20.34
21.07
18.07
13.89
14.01
3.424
0.1511
0.04692
0.02604
0.02604
0.02604
0.02604
0.02604
0.02604
0.02604
0.02604
0.02079
0.03128
0.02079
0.02604
0.02604
0.02604
0.02604
0.02604
0.02604
0.02604
14.87
14.04
13.99
15.19
14.11
13.67
14.18
14.31
11.4
15.41
