8.276
8.691
7.861
6.836
8.984
10.95
12.5
9.082
4.102
4.718
4.584
4.767
5.225
4.675
5.414
4.272
5.396
5.408
6.47
7.092
8.459
5.438
6.433
7.031
8.228
4.901
5.267
4.688
4.785
4.913
4.529
4.633
5.573
6.433
6.421
4.718
4.858
6.348
7.019
7.922
4.602
3.302
3.302
3.302
3.302
3.302
3.302
3.302
3.302
3.302
3.302
3.302
3.302
3.302
3.302
3.302
3.302
3.302
3.302
3.302
3.302
3.302
3.302
3.302
3.302
3.302
3.302
3.302
3.302
3.302
3.302
3.302
3.302
3.302
3.302
3.302
3.302
3.302
3.302
3.302
3.302
3.302
3.302
3.302
3.302
3.302
3.302
3.302
3.302
3.302
3.302
3.302
3.302
3.302
3.302
3.302
3.302
3.302
3.302
3.302
3.302
3.302
3.302
3.302
3.302
3.302
3.302
3.302
3.302
3.302
3.302
3.302
3.302
3.302
3.302
3.302
3.302
3.302
3.302
3.302
3.302
3.302
3.302
3.302
3.302
3.302
3.302
3.302
3.302
3.302
3.302
3.302
3.302
3.302
3.302
3.302
3.302
3.302
3.302
3.302
3.302
3.302
3.302
3.302
3.302
3.302
3.302
3.302
3.302
3.302
3.302
3.302
3.302
3.302
3.302
3.302
3.302
3.302
3.302
3.302
3.302
3.302
3.302
3.302
3.302
3.302
3.302
3.302
3.302
3.302
3.302
3.302
3.302
3.302
3.302
3.406
3.9
4.224
5.774
8.521
8.215
7.776
7.3
6.787
6.262
5.682
5.188
4.218
4.559
4.999
5.408
5.975
6.799
5.31
9.314
9.192
11.22
6.232
8.582
9.155
10.35
4.388
5.28
5.92
6.311
4.907
6.134
7.129
8.472
4.449
5.225
4.254
5.151
5.798
6.287
6.311
6.519
6.616
6.934
7.275
7.324
7.117
7.092
6.458
8.411
11.51
8.191
3.131
3.143
3.571
3.79
3.54
4.797
3.54
4.089
4.523
4.98
5.45
5.957
6.36
4.303
5.139
5.554
6.012
5.988
7.69
7.324
4.712
4.395
4.547
4.974
6.299
6.299
8.008
7.764
4.199
5.103
5.774
6.189
6.171
6.58
8.24
5.579
4.486
4.987
4.999
6.11
6.207
7.703
7.227
3.571
4.333
4.871
5.53
5.994
6.287
3.705
4.395
4.944
5.463
5.914
6.384
4.547
4.437
5.621
6.36
7.251
8.838
4.553
4.382
4.486
5.286
4.236
4.529
4.523
4.327
4.681
4.572
4.138
3.9
5.035
4.236
5.225
4.236
4.523
4.736
4.828
5.933
6.287
6.702
6.946
7.166
7.312
7.751
8.044
8.276
8.716
8.716
8.398
6.873
7.129
10.01
12.07
12.57
6.335
6.085
6.738
7.971
5.957
5.011
5.92
7.068
4.541
4.297
5.286
4.327
4.614
4.926
4.584
3.876
4.669
4.883
4.401
4.517
6.055
6.36
7.825
7.495
4.553
4.907
6.311
7.08
7.947
4.468
4.938
4.437
5.621
6.042
6.873
4.279
4.633
6.091
6.458
7.959
6.207
4.364
5.542
5.865
9.192
10.1
9.363
4.907
4.73
4.95
5.481
4.138
5.176
5.988
6.226
4.712
4.932
4.803
4.364
4.523
4.767
4.645
4.877
4.706
4.987
4.529
5.518
6.384
6.348
7.91
9.387
4.626
5.054
3.754
3.973
3.912
4.242
5.127
4.846
8.972
9.412
8.386
5.432
8.545
9.18
11.32
5.951
4.059
4.401
5.017
4.504
4.797
4.443
4.816
4.352
4.364
5.151
4.138
4.462
5.499
5.908
6.012
6.677
6.97
6.836
7.324
7.751
7.812
8.13
8.398
8.154
6.665
7.507
10.02
12.24
11.27
4.871
5.457
6.824
5.292
4.779
4.211
4.449
4.865
4.291
5.237
4.407
5.646
6.909
5.328
4.736
4.315
4.456
4.724
5.798
6.024
7.446
8.289
5.017
6.519
6.946
7.874
5.09
6.158
6.335
7.544
7.214
3.54
3.613
3.748
4.266
4.614
5.206
4.315
4.504
4.62
4.303
4.572
4.59
4.376
4.669
5.194
6.207
6.958
8.301
5.579
4.749
4.492
4.492
5.579
6.47
5.902
4.413
4.565
5.231
4.364
5.151
4.376
4.443
5.096
4.858
6.177
6.311
7.495
6.036
4.388
4.517
4.858
4.065
4.352
4.468
4.803
4.419
4.376
4.913
4.565
4.81
4.358
5.145
5.396
6.091
6.763
4.37
4.645
6.073
6.287
7.776
7.739
4.321
4.498
5.005
4.73
4.749
4.523
4.688
5.536
5.994
6.116
6.738
6.836
7.275
7.446
7.69
8.179
8.325
8.167
8.301
6.445
8.337
10.52
12.55
10.34
4.797
4.517
4.993
4.773
6.299
6.555
7.935
5.939
4.822
4.419
4.565
5.06
4.565
4.871
4.395
4.327
4.584
4.865
4.938
4.584
3.845
3.741
5.383
5.811
6.195
6.104
6.433
7.3
7.471
7.495
7.91
8.301
8.447
8.301
7.19
6.799
9.29
11.91
12.7
6.604
4.993
5.676
6.995
4.523
4.382
4.327
4.785
4.48
4.211
4.297
4.895
3.552
4.736
3.796
4.517
4.7
6.311
6.482
8.008
6.494
5.261
5.853
6.195
6.555
7.129
7.373
7.52
7.947
7.959
8.521
8.496
7.336
7.422
9.839
12.16
11.02
4.749
4.486
4.84
4.315
5.334
4.932
6.396
7.056
7.8
5.151
8.496
9.131
10.33
4.578
4.523
5.988
6.384
7.971
6.25
4.144
5.017
5.719
6.262
6.824
8.582
7.324
4.865
3.973
5.408
6.14
6.616
4.358
4.498
6.14
6.384
8.154
6.75
4.126
5.298
6.409
4.852
5.334
4.358
4.541
5.212
4.883
6.458
6.458
7.898
6.787
3.888
4.504
5.499
5.56
8.923
9.167
11.05
5.28
4.614
5.994
6.445
7.861
6.36
4.443
5.383
4.468
4.236
3.802
3.644
4.321
5.524
6.75
5.225
4.163
4.626
4.755
4.071
5.212
4.26
4.181
5.2
6.201
6.396
7.727
6.458
3.784
4.7
5.298
5.957
6.213
5.316
7.812
9.778
9.143
10.51
6.506
4.651
4.37
4.346
5.078
4.272
4.895
5.432
6.714
5.658
4.529
5.029
5.426
6.58
6.348
7.837
5.682
4.437
3.967
4.242
4.956
5.402
5.908
6.012
6.384
3.259
3.912
5.145
8.521
8.337
7.849
7.385
6.836
6.323
5.731
4.987
4.236
4.443
4.779
3.937
5.188
4.663
4.901
5.127
5.615
6.213
7.397
7.41
4.175
4.767
5.096
6.238
7.288
8.276
4.59
8.508
9.216
10.85
6.104
5.902
6.287
7.556
6.653
4.614
6.287
6.555
7.8
6.171
4.584
5.066
4.669
5.56
6.171
6.165
7.849
7.507
4.205
4.675
4.852
6.262
6.775
8.167
4.602
4.333
4.456
5.652
6.201
7.068
4.224
5.103
5.408
7.471
9.399
10.56
8.411
4.846
3.955
5.2
6.396
4.657
4.7
5.774
6.195
6.58
6.86
7.031
7.654
7.898
8.118
