16.09
17.99
13.77
12.57
15.31
11.51
15.11
22.44
12.96
14.31
14.5
11.85
18.63
12.46
17.46
14.43
23.14
19.73
17.6
15.45
12.37
18.46
14.04
11.99
16.46
12.55
16.33
13.62
15.62
13.4
15.55
11.99
18.02
16.99
19.19
17.43
19.09
21.0
12.72
19.24
13.62
12.6
18.09
19.6
12.05
16.58
14.14
19.19
14.65
14.72
16.63
13.57
18.95
19.7
18.8
18.85
15.75
23.41
14.72
13.6
16.41
14.53
18.7
15.43
17.36
23.05
14.18
17.5
16.31
12.96
20.14
15.94
17.58
13.26
16.82
17.63
21.12
28.91
13.72
18.09
14.58
17.48
17.09
18.14
27.69
20.17
18.55
18.6
15.41
19.02
20.34
19.26
15.33
19.63
16.48
29.59
20.46
23.07
15.75
15.82
13.28
26.66
16.33
13.77
18.58
15.09
17.94
17.55
22.29
28.22
19.12
20.9
14.18
17.16
19.7
14.09
18.73
14.67
18.75
21.24
15.75
19.38
14.33
15.38
28.37
19.31
19.43
19.92
18.26
22.75
17.77
20.68
15.04
18.85
16.41
20.61
15.77
17.9
15.01
18.36
24.19
15.48
14.65
19.56
17.68
19.04
16.28
18.33
15.33
19.26
15.94
18.92
15.5
18.12
18.19
27.34
20.24
17.72
18.21
19.12
18.63
20.02
14.67
17.8
14.21
16.19
19.56
16.5
18.55
14.55
13.96
18.92
15.11
17.99
17.5
18.85
15.06
18.73
16.19
23.17
19.04
20.85
15.62
20.58
22.0
24.24
24.54
27.0
20.21
24.34
22.66
23.32
20.9
26.22
26.66
26.12
21.8
28.08
21.83
23.83
21.39
27.0
22.46
24.78
20.41
21.97
18.04
21.14
19.75
23.54
17.31
20.46
17.77
20.97
19.56
24.05
18.6
21.09
19.04
22.24
20.14
22.09
18.58
21.66
19.31
22.49
20.95
25.15
24.02
23.97
21.19
22.34
21.85
23.85
20.43
23.51
23.24
23.44
21.04
25.49
23.56
26.22
24.95
25.98
20.29
22.8
20.9
22.34
19.63
22.78
20.68
25.0
22.73
24.8
21.12
23.66
19.95
22.27
21.92
27.0
22.41
23.02
21.85
27.34
25.68
25.73
21.34
27.64
22.02
24.37
19.07
20.58
19.09
20.09
20.46
25.0
21.34
21.48
20.53
21.22
18.07
22.92
20.19
22.41
18.26
23.29
23.02
24.07
20.0
24.0
19.9
22.83
18.6
24.51
22.22
22.53
18.41
24.34
20.24
23.44
20.19
24.63
24.0
23.56
19.12
23.0
21.48
22.97
20.14
23.1
21.26
24.78
20.48
24.24
21.14
25.0
22.05
26.61
21.73
25.29
21.31
25.1
21.92
26.46
23.44
26.03
21.95
25.68
21.88
28.71
20.87
25.15
20.7
25.15
20.19
22.71
19.21
23.07
20.61
22.83
18.65
22.14
18.53
24.32
18.75
22.0
19.41
22.63
16.16
21.85
20.46
18.33
19.58
19.9
21.0
22.95
18.75
21.83
19.38
20.36
21.83
15.19
14.99
22.85
16.85
18.26
15.16
17.19
18.43
15.84
20.0
20.73
29.15
20.46
16.16
20.43
19.63
22.05
20.61
21.44
17.36
21.12
19.43
22.29
16.8
19.43
19.87
17.94
17.33
15.7
15.72
18.65
16.48
17.29
19.31
18.41
15.43
18.48
19.21
18.75
19.46
18.19
21.12
16.28
21.56
15.58
16.8
16.06
17.85
15.41
18.14
14.45
17.29
17.6
12.72
17.11
16.58
14.87
20.41
16.58
13.82
17.6
16.21
26.22
17.85
17.97
16.67
16.85
17.24
14.7
16.67
17.87
16.82
17.58
17.9
24.85
21.29
20.61
20.61
17.21
19.63
17.9
19.19
16.24
17.9
17.75
16.67
15.65
17.19
16.19
22.9
20.36
19.38
15.87
17.9
16.67
19.51
19.58
23.05
24.76
24.63
25.39
26.32
23.63
26.81
26.76
28.03
24.85
26.07
24.71
25.1
24.0
28.66
26.76
28.32
27.05
27.93
25.05
23.58
22.02
24.49
22.78
25.2
23.9
28.03
27.2
29.05
27.39
29.88
28.52
31.1
27.98
31.1
26.32
26.17
28.81
31.93
24.93
28.71
26.22
28.47
26.95
28.81
25.68
27.29
24.39
26.86
24.22
25.29
25.73
26.22
25.49
28.08
25.83
30.22
28.56
25.39
25.1
24.98
23.46
24.85
23.73
25.68
23.71
23.75
22.24
26.22
23.61
24.29
22.63
27.44
21.73
24.95
22.0
23.83
20.97
23.9
19.87
23.61
20.78
24.17
25.44
28.17
22.88
26.76
24.76
28.86
24.83
26.56
23.46
27.73
20.48
24.41
20.85
22.88
20.17
24.02
20.41
23.54
22.46
25.73
24.02
25.93
21.22
26.32
23.36
25.2
23.97
29.2
22.71
25.68
20.21
23.68
20.17
23.75
19.14
22.44
20.78
24.68
24.19
23.61
18.95
22.97
20.58
22.31
22.83
22.34
19.07
22.49
19.46
21.66
18.85
22.31
20.31
22.22
22.56
24.12
21.07
23.44
18.51
21.26
19.6
23.34
24.83
26.76
23.46
25.73
26.61
26.32
23.07
26.46
22.88
28.37
22.19
24.41
22.29
25.98
24.0
30.57
22.24
24.71
19.12
20.9
19.09
22.66
21.97
24.85
23.49
24.85
22.31
23.02
21.14
28.22
23.12
22.85
21.88
26.22
22.92
22.07
19.46
26.07
24.98
24.93
22.46
25.1
22.49
26.51
21.63
25.0
21.44
25.15
21.12
24.9
23.22
27.98
24.8
27.05
22.95
24.58
21.29
25.29
21.46
24.34
20.46
23.93
21.22
25.98
21.8
25.54
19.9
23.46
19.19
22.78
21.34
22.12
19.78
22.46
22.05
23.54
22.31
22.92
21.07
28.42
22.78
22.88
18.95
20.46
19.85
19.75
16.21
21.29
19.51
21.73
19.26
19.68
16.28
19.75
15.94
18.85
16.33
23.61
19.48
20.46
15.33
19.34
15.41
20.58
16.6
20.02
17.16
22.34
20.07
22.8
22.05
22.83
18.04
21.07
17.85
21.75
18.51
22.97
23.88
25.39
20.8
23.24
18.51
24.22
19.46
24.37
21.48
22.07
18.31
20.73
17.29
20.07
17.19
22.41
17.82
21.0
18.36
21.29
20.51
25.0
21.7
26.86
21.17
20.73
17.85
23.41
20.34
24.95
22.68
25.0
21.29
25.39
19.56
23.49
19.58
22.8
20.65
23.97
20.48
23.71
20.41
22.88
19.38
22.44
17.33
23.68
23.29
25.59
23.68
26.42
20.04
23.88
19.36
22.36
20.26
23.68
20.21
23.63
19.68
24.17
23.85
28.56
24.29
26.66
23.61
26.32
28.96
32.52
28.17
30.52
25.05
28.27
24.27
28.42
25.83
27.69
24.41
26.46
23.68
28.12
25.1
26.17
22.61
27.0
22.44
25.05
23.41
29.35
23.24
26.81
22.97
27.29
21.09
23.02
20.68
25.1
20.83
23.27
20.92
24.88
21.95
25.05
20.58
22.51
21.19
23.14
18.07
21.48
20.7
24.63
20.7
24.56
20.97
24.24
20.75
25.15
22.12
26.37
21.34
25.59
20.12
23.36
20.39
23.46
22.58
24.32
20.36
23.46
20.9
24.78
21.66
24.39
17.72
26.32
24.66
27.29
21.17
24.76
20.43
24.05
20.63
25.98
24.98
23.73
20.87
23.8
21.26
24.17
20.7
24.95
19.65
20.31
18.12
22.22
19.53
22.02
20.65
22.95
20.83
22.31
19.29
23.05
19.43
24.51
20.83
