15.09
14.5
10.42
14.58
16.67
17.04
21.19
19.34
15.77
17.53
20.61
21.07
14.16
4.041
0.1926
0.04168
0.02079
0.02604
0.02604
0.02604
0.02079
0.02604
0.396
14.92
14.28
13.75
12.18
13.57
12.18
10.31
12.21
13.04
13.79
14.38
10.97
19.29
21.75
22.53
27.29
29.2
28.76
27.73
23.19
26.61
24.17
13.57
14.4
15.92
20.39
24.56
21.44
14.38
14.58
13.11
11.28
20.7
20.31
23.46
26.86
25.63
27.0
24.68
25.78
29.83
7.031
7.043
24.56
27.34
28.32
37.84
38.57
41.21
24.76
26.42
37.06
22.9
27.54
41.41
41.16
41.16
37.01
34.28
17.24
11.15
13.94
23.44
34.42
28.22
19.26
41.65
41.65
42.92
39.21
31.59
17.8
7.471
0.198
6.421
13.67
0.766
21.85
41.11
41.75
41.6
38.92
31.4
15.99
16.85
17.38
13.13
31.4
39.99
43.02
40.48
41.46
23.36
20.21
24.88
35.55
32.47
14.67
33.25
33.89
16.24
16.72
17.99
23.83
36.91
32.71
16.06
18.29
27.39
42.97
42.82
41.21
42.24
27.93
18.38
42.92
42.87
41.85
37.35
35.45
20.14
20.09
23.1
20.73
18.24
20.0
16.82
37.45
43.46
43.31
38.87
40.09
23.56
29.88
39.01
20.41
19.04
38.72
37.4
37.21
31.59
28.91
28.42
18.36
17.8
16.97
22.07
20.07
30.18
37.7
21.73
32.71
30.47
14.33
14.11
22.07
35.25
34.18
5.396
0.6248
0.1093
0.02079
0.02604
0.02604
0.02604
0.02079
0.02604
0.02079
0.5104
17.63
15.92
18.14
22.88
36.23
23.93
17.97
14.87
18.9
19.68
14.75
37.11
32.52
1.25
0.5783
0.06247
0.03128
0.03128
0.02604
0.03128
0.03128
0.03128
0.03128
0.03128
6.531
6.274
18.29
35.4
34.91
15.99
23.29
31.3
25.1
15.41
17.8
16.5
18.31
7.104
0.2083
0.06247
0.02604
0.03128
0.02604
0.02604
0.02604
0.03128
0.03128
0.02604
12.16
14.53
16.26
27.25
36.13
25.83
15.84
13.96
18.38
12.82
21.68
25.24
21.09
4.669
0.1719
0.05207
0.02079
0.03128
0.02079
0.02604
0.02604
0.02604
0.02604
0.02604
8.386
16.85
0.2239
0.1198
11.13
12.1
9.326
14.99
15.38
6.873
7.544
17.33
33.3
33.74
7.288
0.6355
0.1354
0.02604
0.02079
0.02604
0.02079
0.02604
0.02604
4.663
15.19
38.18
29.98
16.02
19.7
20.56
7.08
26.37
35.06
22.56
16.97
10.64
12.02
0.1511
0.09899
0.03128
0.02079
0.02604
0.02604
0.02604
0.02604
0.02604
0.02604
0.02604
0.02604
0.02604
0.02604
0.03128
31.1
36.67
8.704
0.5936
0.1354
0.02079
0.02604
0.02604
0.02079
0.03128
0.02079
0.03128
0.02079
0.02604
0.02604
0.02604
0.02079
0.02604
0.02604
0.02604
0.02079
0.02604
0.02604
0.03128
0.02079
0.02604
0.02604
0.02604
0.02079
0.02604
0.02604
0.02604
0.02604
0.03128
0.02604
0.02604
0.02604
0.02604
0.02079
0.03128
0.02079
0.02604
0.02604
0.02604
11.65
8.777
0.1926
12.62
16.92
42.87
43.41
43.21
43.02
42.92
42.58
42.68
43.16
42.09
41.89
42.92
40.38
39.31
30.91
39.4
42.14
43.99
39.99
37.21
36.28
23.58
44.19
0.0
37.16
0.0
29.64
41.65
38.33
43.02
15.14
35.79
44.19
43.65
43.12
40.87
39.79
42.29
41.31
41.21
41.8
40.23
39.06
36.43
38.04
27.0
42.14
41.41
41.02
38.48
37.4
27.25
19.43
43.75
42.09
39.5
37.79
36.87
36.04
36.18
35.94
35.79
36.33
35.55
34.03
39.99
43.12
29.35
42.58
45.31
44.04
37.55
35.94
31.1
16.53
40.09
42.48
42.48
42.77
42.87
42.14
42.29
43.31
43.46
43.41
43.02
43.07
42.68
30.62
43.8
45.31
41.8
35.74
35.94
15.19
35.84
40.48
41.02
41.21
42.48
43.31
43.65
43.26
43.51
42.92
41.89
39.5
40.28
39.01
32.67
43.85
44.24
39.99
37.79
37.94
10.41
44.53
44.53
43.41
41.41
40.62
39.31
38.33
38.57
39.5
39.65
39.21
41.21
41.89
42.09
30.22
42.68
41.89
41.94
32.47
32.81
32.86
9.387
40.72
41.94
42.29
43.31
42.63
39.89
39.75
41.65
42.24
40.04
39.99
40.48
38.57
39.01
28.66
41.36
38.28
37.7
33.25
29.1
27.2
25.78
9.717
34.18
42.82
42.48
41.16
39.84
36.77
39.6
40.19
40.62
41.21
40.72
39.84
38.18
40.67
35.69
28.81
43.95
45.56
39.94
35.06
33.4
22.41
1.907
3.088
39.26
38.04
39.94
41.26
40.82
40.43
36.18
34.23
33.4
32.42
31.79
31.4
31.69
32.13
31.74
31.1
30.52
16.82
19.8
24.17
27.44
27.69
35.55
32.37
33.5
31.15
18.41
38.62
33.74
40.19
19.7
37.79
32.03
40.43
20.39
41.36
34.86
34.96
26.51
40.04
34.91
28.32
31.1
39.79
35.55
32.91
24.76
38.33
34.91
27.98
35.21
36.77
41.46
16.19
41.06
33.45
37.11
9.106
39.31
36.62
39.21
41.26
41.16
42.58
42.77
42.19
41.65
42.19
42.09
40.38
39.4
37.94
28.91
20.14
23.95
26.95
31.98
33.64
30.08
28.22
28.47
21.24
16.36
24.95
26.61
27.05
28.61
29.44
35.99
38.92
37.99
36.82
36.23
36.52
36.13
35.74
34.91
34.03
32.76
33.15
28.71
43.6
43.9
42.04
35.11
34.42
24.54
15.43
20.85
23.27
24.8
28.27
29.88
31.59
32.08
31.98
33.64
34.67
34.23
33.84
35.55
35.45
35.94
34.86
33.54
32.57
18.55
22.51
25.15
26.56
27.15
27.73
27.2
32.71
32.67
11.18
24.27
21.31
5.64
24.22
20.46
14.55
17.46
15.26
17.7
12.11
23.8
11.61
22.41
28.03
28.56
29.69
30.13
29.54
28.42
32.28
32.52
33.4
34.67
34.23
35.94
34.96
35.55
36.67
36.08
39.99
30.37
43.95
44.92
43.31
35.16
35.21
28.32
19.75
15.72
36.47
40.14
36.77
35.84
35.4
34.67
35.35
34.62
35.55
34.52
37.65
36.04
34.57
32.47
31.54
31.4
32.47
20.17
34.03
33.25
34.03
33.98
29.69
30.03
30.22
19.6
14.92
15.41
15.77
14.72
14.58
14.31
14.53
14.26
16.33
16.36
16.48
20.68
18.65
20.43
16.75
16.99
17.94
23.24
24.17
8.984
20.56
19.85
20.7
19.53
20.31
21.68
20.7
20.43
18.87
19.51
21.17
22.22
23.22
24.63
24.76
24.27
24.85
22.85
22.24
21.83
19.85
20.24
19.73
19.8
21.8
21.66
21.9
21.51
18.04
23.85
25.98
27.78
27.39
27.93
26.81
28.91
29.0
11.18
0.112
0.04034
0.0247
0.02861
0.02604
0.02861
0.0247
0.02737
0.02346
0.02604
0.02346
0.02737
0.0247
0.02737
0.02737
0.03128
0.02737
0.02861
0.0247
0.02995
8.044
18.58
13.6
19.12
13.7
14.58
15.82
15.38
