0.02346
0.02861
0.02346
0.02861
0.02346
0.02861
0.02346
0.02861
0.02346
0.02861
0.02604
0.02861
0.02346
0.02861
0.02346
0.02861
0.02346
0.02861
0.02346
0.02861
0.02346
0.02861
0.02346
0.02861
0.02346
0.02861
0.02346
0.02604
0.02346
0.02604
0.02604
0.02604
1.279
15.06
20.9
21.12
23.12
22.97
23.71
24.61
25.39
19.19
19.78
21.24
26.32
17.21
20.29
23.51
14.87
11.71
22.27
23.66
24.71
25.78
24.63
25.59
23.8
24.37
28.32
17.94
16.92
20.95
21.88
18.29
6.195
21.97
20.58
21.58
21.26
22.14
21.36
22.17
19.31
18.85
21.61
24.66
12.82
16.97
16.43
20.68
21.7
18.26
14.09
11.15
20.68
20.02
21.07
21.88
21.85
21.8
21.61
22.92
29.79
27.15
12.67
10.9
26.12
27.29
28.66
28.27
28.12
24.15
30.03
26.76
14.33
18.31
25.15
19.02
11.82
12.07
12.19
25.44
29.74
29.93
30.96
28.61
18.38
24.8
27.98
15.04
24.61
27.2
16.75
15.09
23.61
29.25
11.89
17.16
23.02
20.85
21.75
10.74
16.31
14.21
9.619
18.7
27.2
25.59
27.2
27.88
27.1
19.12
20.39
24.61
21.58
17.97
15.94
14.26
15.33
18.68
18.53
13.09
16.09
16.6
15.28
15.45
16.5
12.49
20.04
25.24
26.37
27.2
26.51
27.44
25.49
30.22
23.32
12.65
16.19
16.19
12.89
15.09
16.33
17.04
16.55
17.87
16.58
17.33
13.84
15.89
15.7
5.28
0.1406
0.0495
0.02346
0.02604
0.02604
6.873
15.75
23.1
26.9
18.85
15.55
15.92
7.605
14.55
14.65
13.57
14.01
15.28
13.7
16.21
16.16
13.72
12.6
14.04
0.1902
0.09375
0.02604
0.02861
0.02604
6.653
15.77
15.43
15.28
14.79
15.99
15.26
14.99
19.21
19.85
20.36
11.34
14.36
14.7
14.06
14.4
16.8
16.99
4.047
0.1562
0.05207
0.02346
0.02861
0.02604
6.177
13.43
15.31
15.58
15.92
17.55
11.33
15.11
11.87
14.7
12.84
13.96
13.92
13.92
17.16
24.41
25.15
18.04
15.19
2.802
0.1719
0.0391
0.02604
0.02604
7.532
12.32
14.77
14.97
12.3
18.02
20.87
25.73
20.8
11.17
2.771
12.1
15.33
23.54
25.39
15.7
11.95
15.97
13.84
0.6508
0.1171
0.03128
0.02861
0.02604
5.023
9.277
16.38
21.14
24.83
18.58
13.13
16.63
23.36
22.14
18.29
13.87
14.97
23.63
24.83
18.51
13.89
15.14
16.92
17.6
24.83
8.704
0.8041
0.3178
6.134
4.724
12.0
13.67
25.54
28.12
19.7
13.79
12.43
17.87
14.62
12.6
16.5
14.04
13.01
13.77
12.24
23.29
26.95
22.46
6.97
0.6485
0.1692
0.02604
0.9552
13.7
16.7
15.53
16.82
16.89
13.18
14.09
12.96
6.018
0.1562
13.82
16.85
16.5
17.41
14.23
12.11
14.82
2.832
0.1719
0.05732
0.02604
0.02604
0.02604
7.41
15.99
14.67
16.09
13.53
17.68
12.45
15.26
18.75
18.63
18.87
13.35
15.75
18.7
21.46
21.12
13.16
13.6
14.65
11.77
17.58
18.85
27.78
14.23
13.33
23.1
22.19
23.39
24.76
24.56
24.29
23.24
21.97
21.88
19.95
18.82
19.14
18.31
18.21
26.03
29.49
29.25
30.81
37.45
36.43
37.55
37.01
34.13
21.19
10.17
15.87
20.07
21.92
23.88
25.88
25.54
24.73
21.73
21.34
26.76
18.92
3.357
7.825
28.03
33.74
33.98
32.76
37.74
38.33
36.52
38.04
39.4
36.52
31.69
31.4
38.53
39.16
37.11
36.77
36.08
21.97
29.3
40.33
38.72
39.6
26.07
30.57
30.71
19.68
7.263
21.07
21.75
23.39
25.44
26.37
27.15
28.22
27.69
27.34
27.54
28.22
29.0
28.91
28.52
28.47
28.08
28.37
29.88
30.13
29.59
29.54
30.32
20.29
14.99
16.09
15.94
15.72
16.43
17.55
19.68
19.53
20.56
20.73
16.58
17.5
17.85
15.84
11.5
3.406
20.51
23.68
24.58
26.51
27.64
29.3
29.64
28.96
29.1
30.03
28.86
28.81
28.66
29.74
29.25
30.81
30.91
31.15
31.2
29.83
30.47
29.59
12.92
10.93
11.89
9.375
33.01
29.39
28.71
19.38
10.35
5.316
13.84
18.29
14.04
8.301
10.74
13.33
14.21
0.2319
3.192
24.44
27.05
31.2
29.35
28.32
33.3
31.1
28.32
27.44
24.98
23.54
22.83
24.76
22.75
22.8
23.27
23.07
23.07
24.46
22.97
27.88
28.66
29.49
29.15
11.27
16.7
20.17
23.22
24.76
25.34
26.86
25.29
19.58
17.58
16.16
16.31
15.97
10.18
15.36
22.05
22.56
21.29
20.34
16.99
17.19
20.48
22.8
15.26
21.9
22.53
21.61
17.77
20.95
18.48
24.12
34.03
16.04
28.61
36.91
19.36
27.69
20.9
15.8
37.89
31.2
29.74
19.68
17.5
37.16
35.4
35.11
35.35
35.69
37.94
37.94
37.99
35.6
35.99
36.82
36.96
37.74
37.35
36.91
38.43
32.42
13.16
31.45
34.72
31.88
29.49
29.74
25.39
26.22
26.17
10.1
12.29
21.34
21.61
22.29
22.05
22.29
23.54
24.37
25.29
24.22
24.63
25.98
23.97
21.44
21.51
23.12
23.0
21.92
20.83
21.85
21.17
21.92
22.85
22.22
21.83
21.66
21.88
21.85
15.04
17.19
20.36
24.19
27.29
29.35
30.37
21.78
20.63
19.29
17.04
16.77
8.484
21.92
36.08
37.3
37.11
38.04
37.79
35.45
34.96
37.84
39.01
38.82
37.21
34.67
33.98
34.33
36.96
33.01
29.49
12.08
17.65
22.95
26.32
26.95
27.15
26.56
24.73
24.41
24.78
19.09
7.922
17.75
19.53
17.19
21.48
15.5
14.84
14.75
15.16
15.19
14.87
14.92
13.94
14.92
15.87
15.36
16.21
16.24
12.96
15.77
14.31
16.5
10.38
23.41
30.57
19.46
27.88
31.05
22.88
18.41
19.73
21.34
21.26
16.87
15.5
21.7
21.7
24.54
25.88
18.21
14.5
18.12
20.56
25.2
21.39
13.89
22.71
21.9
24.95
24.93
12.46
17.36
8.96
15.31
14.75
13.23
16.55
14.28
16.16
17.6
17.31
20.85
12.99
14.43
13.6
13.79
16.31
18.55
16.26
16.8
11.63
15.38
14.55
13.77
12.7
14.4
15.21
14.5
15.19
16.5
14.43
16.92
16.65
16.46
14.62
11.36
15.89
15.36
12.7
14.99
14.43
13.82
14.33
17.07
17.29
19.87
24.39
12.92
15.31
14.43
15.92
16.6
18.19
15.55
12.67
12.92
14.38
11.5
17.02
14.65
14.58
12.33
15.36
15.28
15.5
16.36
15.41
14.75
1.286
0.4372
0.05732
0.03128
0.02604
0.03128
0.02604
0.02604
0.02604
0.03128
0.02604
0.02604
0.02604
0.03128
0.02079
0.03128
0.02604
12.96
14.7
17.68
13.87
17.24
13.28
16.31
13.21
16.97
14.82
15.38
