29.3
28.91
29.44
29.2
28.32
29.0
28.71
28.17
28.08
27.98
28.08
28.17
28.61
29.1
28.71
28.42
28.08
28.27
28.12
28.08
28.12
28.12
28.32
28.17
28.22
28.27
28.27
28.66
28.52
28.27
28.27
28.17
28.17
28.27
28.12
28.03
28.22
28.17
28.32
28.27
28.81
27.98
27.83
28.12
27.88
27.59
27.34
27.0
26.46
25.88
25.49
25.39
24.83
23.93
23.58
22.56
22.07
22.05
23.12
22.63
23.36
23.19
22.61
21.44
21.51
21.04
20.75
20.34
19.73
19.8
20.14
20.34
20.19
17.75
16.5
14.28
14.77
16.16
16.99
16.87
16.92
16.92
17.11
13.62
12.77
12.35
13.4
13.01
13.6
14.53
13.16
12.07
10.33
9.766
9.485
9.18
8.838
9.216
9.302
9.167
9.192
9.265
9.558
9.436
9.546
8.569
8.765
9.18
10.24
10.4
9.644
8.545
7.764
8.997
8.899
8.289
8.24
7.483
8.887
9.619
9.985
10.46
10.53
9.204
9.534
9.888
8.704
6.97
9.875
10.21
9.692
9.546
9.485
7.947
9.509
9.68
9.509
8.838
8.716
8.923
9.265
9.546
9.778
9.985
9.412
10.16
10.67
10.52
11.41
11.68
9.192
11.69
11.74
11.6
12.19
12.16
11.74
12.17
12.52
13.48
13.48
14.58
15.28
16.04
15.43
15.16
15.53
16.06
15.7
16.33
16.16
16.7
16.48
16.85
16.99
17.99
19.87
21.8
22.61
23.44
25.2
24.44
22.41
23.85
24.12
25.59
26.95
27.69
27.69
28.32
28.47
28.47
28.32
28.42
28.08
28.27
28.08
27.93
29.69
29.25
28.17
27.78
27.98
27.54
28.17
27.69
27.78
27.88
27.98
28.12
27.98
28.03
28.08
28.22
28.37
28.37
28.42
28.37
28.32
28.27
28.37
28.96
28.17
28.08
28.27
28.61
28.47
27.93
28.12
27.98
27.83
28.27
28.17
28.27
28.32
28.27
28.12
27.88
27.88
28.12
27.93
27.98
28.08
27.59
27.73
27.59
27.25
28.37
27.88
27.93
28.12
27.93
27.93
27.93
27.83
28.32
29.05
28.52
28.47
28.52
28.66
28.52
28.66
28.52
29.2
28.81
28.47
28.61
28.27
28.32
28.47
28.27
28.17
28.66
28.56
28.42
28.71
28.56
28.27
28.47
28.61
28.42
28.17
28.08
28.56
29.05
28.81
28.91
28.61
28.81
29.59
29.15
28.56
28.81
28.32
28.47
29.25
28.27
28.96
28.71
28.66
27.83
28.42
28.03
28.22
28.17
28.12
28.27
28.37
28.17
27.93
28.52
28.08
28.27
28.08
28.03
27.78
28.27
28.66
28.17
28.03
28.76
28.32
28.52
28.91
29.2
28.76
28.86
28.91
28.47
27.44
28.37
27.83
27.78
27.88
26.81
26.71
26.61
25.88
25.2
24.95
24.78
24.24
23.88
23.17
22.68
22.36
21.44
20.8
20.12
19.29
17.33
16.58
15.16
14.18
14.14
13.72
13.43
12.84
12.77
12.32
11.78
11.63
11.47
11.22
11.58
11.61
12.11
12.44
12.3
12.15
11.02
10.8
10.49
9.814
9.009
8.765
10.22
10.6
10.68
10.74
10.75
11.07
10.08
8.533
6.433
8.606
8.643
8.289
8.325
8.459
8.35
8.069
9.106
10.17
10.71
10.6
10.28
10.91
11.08
11.01
10.63
9.326
9.448
10.91
11.29
11.35
10.67
9.058
9.387
11.04
11.13
11.23
11.43
11.28
9.973
11.99
11.36
11.06
12.67
10.95
12.57
13.23
12.87
10.67
10.57
13.38
13.99
14.87
14.04
15.82
16.36
16.7
17.58
17.53
17.55
18.38
17.58
18.33
18.77
18.16
18.99
21.14
22.8
23.39
25.93
26.66
28.08
28.86
28.96
28.52
28.76
28.71
28.56
28.66
28.76
28.96
29.2
28.37
28.27
27.98
27.59
28.22
28.56
27.88
27.78
27.88
28.37
28.22
27.83
28.56
28.47
28.71
28.47
28.27
28.32
28.52
28.47
28.71
28.86
28.52
28.47
28.61
28.86
28.96
28.47
29.3
30.66
29.79
29.0
29.05
28.96
29.2
28.91
28.66
28.81
28.56
28.32
27.83
28.56
28.32
28.66
28.37
28.52
28.61
28.17
28.32
28.12
28.03
28.03
28.22
28.08
28.37
28.22
28.03
28.27
28.37
28.37
28.32
28.08
28.56
28.47
28.32
28.52
28.42
28.56
28.86
28.86
28.96
28.42
28.17
28.32
28.27
28.27
28.32
28.42
28.47
28.61
28.71
28.22
28.27
28.27
28.47
28.71
28.37
27.98
28.52
28.32
28.32
28.37
28.37
28.37
28.17
29.0
29.2
29.54
29.25
29.3
28.76
28.37
28.47
28.61
28.81
29.0
28.47
28.61
28.56
28.42
28.47
28.71
28.27
28.76
28.76
28.52
28.32
28.42
28.96
28.52
28.76
28.47
28.52
28.61
28.47
28.56
28.66
28.56
28.52
28.91
28.56
29.05
28.52
28.08
28.08
27.93
28.12
28.08
28.27
28.12
28.37
28.17
27.64
27.29
27.29
26.76
26.32
26.03
25.78
25.98
25.73
24.24
23.73
23.32
22.51
21.73
21.61
21.24
19.53
19.14
18.16
16.99
17.19
16.82
18.16
16.77
17.14
16.48
15.67
15.43
13.35
13.57
14.04
13.43
12.89
12.57
11.88
11.72
11.44
11.82
12.13
10.22
10.42
11.17
11.5
11.44
10.74
10.17
10.3
10.55
9.79
10.21
9.912
9.692
9.387
8.899
8.289
6.934
7.141
9.717
9.167
9.729
8.887
8.447
9.46
9.46
9.009
9.033
8.24
7.849
8.179
8.105
8.813
7.874
7.483
8.105
8.667
8.899
9.082
9.314
9.302
10.01
10.07
9.705
9.9
9.985
9.509
9.668
9.778
8.838
9.119
9.131
9.033
9.631
11.29
10.89
10.63
11.4
11.74
12.7
13.45
14.23
14.84
14.5
13.65
13.33
13.75
13.99
14.01
14.23
15.09
15.36
15.06
12.16
16.82
16.67
16.85
16.92
16.8
17.72
18.38
18.58
19.26
19.04
20.04
21.41
22.49
23.41
22.9
23.46
25.39
27.15
27.73
28.32
28.17
28.12
28.32
28.32
28.27
28.27
28.27
28.42
28.32
28.66
28.42
28.22
28.37
28.32
28.66
29.1
28.91
29.05
28.61
28.52
28.42
28.12
28.86
28.47
28.27
28.47
28.37
28.42
29.15
29.0
28.81
28.71
28.32
28.37
28.76
28.47
28.52
28.22
28.56
28.32
28.47
28.32
28.32
28.96
28.91
28.71
28.37
28.37
28.52
28.76
28.71
28.66
28.52
28.66
28.76
29.1
28.81
28.66
28.47
28.47
28.61
28.56
28.37
29.05
28.52
28.71
28.42
28.81
28.76
