22.88
17.75
22.46
18.48
22.14
17.92
21.73
18.16
25.54
19.38
21.78
18.68
24.0
18.36
26.07
19.7
23.78
18.02
22.31
17.94
24.49
18.41
23.07
23.56
25.73
18.02
21.78
17.7
22.0
18.6
21.56
18.04
21.24
17.92
21.58
17.21
21.17
18.41
21.12
16.7
20.85
19.58
24.22
19.68
23.61
15.11
18.97
15.36
19.6
18.26
14.75
19.65
25.34
15.67
20.19
18.14
21.07
17.36
18.75
14.06
18.31
14.45
18.29
15.11
18.55
14.4
19.04
15.04
18.75
14.28
18.12
14.7
18.12
13.55
29.88
15.67
14.23
14.53
17.38
19.7
13.23
13.23
17.24
23.36
13.23
17.16
12.94
17.36
12.96
17.07
13.7
18.9
19.97
14.01
16.94
18.68
14.26
16.6
20.68
15.97
18.65
14.97
22.68
29.69
17.82
21.61
16.28
18.92
14.99
20.19
19.04
17.31
14.33
17.38
13.28
23.29
13.75
17.29
13.79
17.41
13.84
22.09
19.9
14.53
17.9
14.87
14.55
21.73
16.82
13.45
19.21
13.94
18.55
13.79
17.41
13.31
17.53
15.36
13.45
18.7
15.87
19.19
19.73
25.83
15.67
16.8
18.95
18.55
18.63
17.92
18.38
15.26
26.81
17.72
14.48
19.07
15.7
18.92
14.65
14.92
18.51
14.92
20.46
17.5
15.23
14.36
20.12
16.77
21.75
22.95
19.95
16.82
22.0
22.31
16.53
21.14
21.75
17.65
21.34
17.04
24.0
22.95
27.1
20.36
22.68
20.75
26.22
18.53
23.0
19.43
22.05
18.77
24.44
23.88
24.73
20.34
23.85
20.46
23.9
19.51
22.68
18.8
22.49
18.53
22.68
18.43
22.19
18.33
21.88
18.63
21.78
18.16
22.12
18.6
22.9
22.85
26.9
23.34
24.49
20.04
23.61
21.31
24.44
21.97
25.29
24.19
27.54
22.17
23.24
21.24
23.66
19.75
23.34
19.51
24.68
21.24
24.46
20.85
25.2
21.88
26.12
20.31
24.85
20.75
25.44
23.51
26.07
19.92
24.66
20.95
23.34
20.04
24.29
20.56
24.88
21.36
23.75
21.73
25.15
24.68
24.32
20.29
24.51
19.26
24.51
26.46
25.24
19.56
24.51
22.14
24.24
22.29
21.44
19.8
22.49
21.26
23.93
19.87
24.22
22.17
26.37
23.05
28.56
25.63
27.54
23.73
26.76
21.53
25.49
21.9
25.88
21.61
25.78
22.41
27.25
21.95
26.32
24.1
26.46
27.39
31.98
21.95
26.17
22.29
31.05
26.61
33.3
27.98
29.35
23.97
26.76
24.63
28.47
26.03
28.86
24.05
27.1
23.93
27.15
23.05
25.83
21.97
27.15
24.02
27.88
26.9
30.76
28.08
30.08
25.24
28.56
25.05
30.91
26.37
30.08
24.0
28.37
23.54
24.71
20.02
25.2
20.48
26.27
24.56
27.49
25.29
26.61
23.07
26.32
23.24
26.86
23.22
27.25
23.02
25.83
22.34
29.05
23.8
27.29
24.12
28.52
28.61
28.32
24.22
31.93
28.96
28.37
24.0
28.37
29.1
30.71
25.29
33.2
23.49
26.03
22.41
24.9
22.24
25.78
22.88
25.68
27.05
25.29
22.75
25.73
23.19
25.0
23.71
24.88
23.0
24.49
23.54
24.85
23.17
25.88
23.41
25.63
23.8
28.71
28.17
25.39
22.95
24.8
22.66
24.95
23.19
25.29
23.07
23.07
22.51
24.17
22.34
24.12
22.66
24.39
21.29
25.15
21.8
24.37
21.66
22.83
21.53
23.24
21.7
23.95
22.0
24.32
21.19
22.71
21.02
21.8
19.73
22.05
20.78
23.02
20.73
23.29
24.19
26.86
24.46
25.29
23.27
23.1
21.14
23.1
20.9
23.56
20.51
20.85
19.24
21.85
21.02
23.8
22.61
24.0
22.12
24.71
22.34
24.66
22.49
25.05
22.68
25.59
23.68
24.85
22.9
24.1
21.46
23.54
25.39
29.59
26.07
28.27
27.69
28.42
24.17
25.78
22.73
25.29
23.73
26.66
24.22
25.2
22.97
25.39
25.29
27.1
25.54
27.69
29.59
31.3
31.59
34.96
30.96
31.74
29.98
34.28
34.03
31.64
29.83
31.49
30.47
31.88
30.37
37.7
33.59
35.6
29.88
32.67
29.44
33.06
27.54
32.67
27.34
31.3
28.52
31.4
35.84
35.99
29.3
32.47
29.83
32.52
27.59
30.37
26.56
31.15
27.39
31.93
28.08
31.69
27.88
30.22
27.2
30.57
26.81
31.01
26.71
30.71
27.1
29.2
27.05
30.32
27.64
30.57
25.2
28.42
25.1
29.3
25.93
30.71
26.66
29.3
26.03
30.03
25.15
29.15
25.59
28.42
24.78
29.88
27.39
27.15
25.54
26.03
20.07
24.07
20.78
24.51
25.63
27.49
24.61
26.46
23.46
24.22
20.39
23.56
24.37
30.27
27.78
29.25
27.49
27.98
24.93
29.79
22.05
27.2
29.1
26.9
21.51
25.1
22.73
26.27
25.15
29.64
24.51
27.69
23.88
23.41
20.78
23.63
21.41
24.61
20.95
24.34
21.48
23.88
20.12
23.8
20.14
23.41
19.48
21.19
21.09
24.63
21.7
24.29
20.26
24.07
20.83
25.78
21.07
24.44
23.75
24.61
22.88
25.83
20.58
22.88
21.53
25.88
22.71
22.36
19.6
22.51
18.85
22.73
18.53
21.63
21.73
23.44
18.77
23.05
17.02
19.14
17.14
20.14
19.7
21.44
16.48
21.17
18.77
26.42
24.54
27.78
20.14
28.37
21.95
22.24
19.26
23.49
18.33
21.07
18.31
24.1
17.65
21.02
19.31
22.34
17.92
21.02
20.31
24.78
22.75
21.24
15.97
20.19
17.8
20.58
17.07
21.02
18.77
21.63
18.33
21.63
17.46
22.19
20.68
22.95
17.68
21.24
17.9
20.24
16.48
20.31
17.04
20.63
17.04
20.85
18.07
20.75
16.53
21.22
19.19
20.75
16.5
20.53
17.14
19.14
19.78
23.24
15.99
19.51
16.21
19.92
16.19
20.19
16.19
19.6
15.36
20.58
15.84
19.9
20.21
25.78
20.12
30.42
17.97
22.95
20.12
23.24
27.1
26.66
21.41
31.4
26.32
25.93
25.68
26.42
21.85
23.9
18.14
22.85
19.95
23.97
20.63
27.69
21.56
25.63
22.29
26.95
23.46
27.1
23.32
27.64
24.02
27.39
24.71
32.81
30.32
30.81
26.42
28.52
25.78
29.74
29.49
32.47
24.88
29.0
24.15
28.81
24.73
29.2
26.56
30.03
26.61
30.91
27.29
30.62
26.66
30.03
26.37
28.81
26.37
32.47
29.74
33.98
29.74
31.59
27.05
30.57
25.1
26.56
21.63
24.73
21.09
25.83
23.75
29.39
24.83
25.68
24.49
25.05
22.34
25.44
22.0
26.71
23.24
25.59
23.1
23.19
19.85
24.15
20.07
24.71
22.83
27.15
22.36
26.07
24.61
24.27
21.09
24.02
21.61
26.32
24.24
24.22
20.29
25.34
19.31
28.42
24.17
25.2
18.97
23.88
19.41
22.07
18.75
23.34
22.39
23.75
20.41
24.54
19.68
23.07
20.09
28.86
19.12
22.41
19.36
20.26
17.31
21.07
17.43
20.95
17.58
21.41
17.5
20.78
17.24
20.24
16.02
