19.78
21.7
20.78
18.26
19.85
17.41
15.8
16.31
18.04
18.99
20.46
20.61
22.27
17.7
16.67
17.38
18.53
18.97
19.14
18.12
19.17
18.43
18.9
17.97
18.85
18.43
17.63
20.97
18.19
18.02
18.87
17.92
18.85
19.09
17.63
17.36
16.06
18.31
18.99
21.75
21.97
21.92
17.99
16.31
17.72
18.95
21.34
18.68
15.75
18.97
18.9
20.24
19.46
17.41
18.58
20.58
15.45
15.87
16.97
17.92
18.02
15.75
19.7
19.53
20.31
18.38
18.33
19.36
21.14
17.26
19.04
16.99
16.24
15.97
16.5
16.67
18.36
17.92
18.68
18.55
17.9
16.46
18.43
16.75
19.53
19.51
20.24
19.07
19.24
19.29
17.11
16.94
17.53
16.67
0.2598
4.48
8.655
11.52
12.99
13.13
14.48
13.72
14.11
14.48
15.77
15.8
15.8
17.31
17.16
17.21
16.02
15.5
16.53
15.8
15.75
16.38
17.72
17.24
15.77
15.36
14.99
15.53
16.14
15.41
15.01
16.53
16.11
15.77
15.53
14.23
16.19
14.65
15.01
15.43
15.6
15.43
15.8
16.99
15.77
15.11
14.94
16.6
18.19
16.67
15.5
15.8
16.8
14.26
16.38
15.7
15.31
15.67
15.43
15.7
14.97
16.09
15.16
14.89
15.23
14.43
15.19
15.28
16.14
15.84
16.89
17.09
16.48
14.31
13.79
14.21
19.31
19.8
20.85
21.0
22.68
22.53
22.68
21.78
20.24
19.41
19.95
20.46
21.07
23.24
19.04
19.6
20.53
21.7
20.19
16.53
16.38
17.26
17.97
18.21
18.8
18.43
19.41
17.63
17.46
17.33
18.51
17.85
18.9
19.97
17.94
18.85
18.02
18.14
17.99
17.94
17.53
17.94
17.6
18.7
18.7
19.6
18.65
18.19
19.68
20.17
18.24
18.14
16.77
17.77
18.75
18.04
18.02
17.99
19.34
19.09
17.29
16.85
16.85
17.38
17.16
18.09
18.92
18.73
18.8
15.6
15.8
19.21
17.92
17.85
18.43
17.09
16.48
16.19
16.97
16.06
17.77
16.82
16.19
16.63
16.24
17.19
16.36
17.19
20.17
17.53
17.43
17.09
16.33
16.26
18.38
15.99
16.6
17.63
16.5
16.89
17.92
16.89
16.77
16.53
16.72
16.89
17.24
15.53
15.41
17.68
16.04
17.21
18.02
18.02
20.12
18.85
17.77
16.7
18.31
19.43
16.53
19.78
18.16
18.09
16.77
17.11
19.68
19.6
18.36
17.38
17.46
17.68
16.46
16.92
16.89
17.58
19.07
18.26
18.07
16.72
16.5
15.89
17.77
18.9
18.58
19.02
21.78
20.17
18.51
15.87
17.53
16.24
16.02
16.65
17.97
18.31
19.04
19.58
22.92
17.87
18.51
17.11
18.07
19.48
17.58
17.36
18.58
18.43
17.63
16.92
17.82
19.29
18.97
18.41
20.97
20.24
18.07
18.43
17.65
16.82
17.8
18.02
18.46
20.43
20.14
20.0
18.33
17.5
18.92
18.55
17.38
19.19
18.9
17.75
18.24
19.82
20.73
17.24
18.26
19.65
18.02
20.24
17.02
16.7
18.07
17.38
16.94
15.92
16.82
17.53
18.14
18.99
18.26
17.68
19.7
17.97
16.33
15.7
15.72
14.87
16.36
19.07
18.75
17.65
20.12
17.38
18.65
18.41
17.72
18.07
17.14
17.8
18.9
17.68
17.11
17.14
18.77
17.82
18.53
20.14
21.04
18.48
17.75
18.7
17.87
17.58
18.38
20.07
17.68
18.8
20.8
16.77
19.41
20.29
18.95
19.82
17.21
17.38
17.92
18.43
21.85
18.02
16.06
16.6
16.5
17.33
18.58
21.7
18.31
17.82
18.04
16.94
17.68
17.7
16.04
17.46
16.43
17.72
18.14
17.85
18.19
18.68
17.63
16.5
16.5
17.31
18.09
17.65
17.65
16.7
16.24
17.26
18.38
19.41
19.7
18.65
18.46
17.94
17.99
17.6
18.53
19.19
18.07
18.43
20.43
17.09
16.82
16.75
17.04
18.14
19.48
19.75
19.26
18.68
18.43
19.48
19.46
21.58
19.12
16.28
16.94
17.82
18.7
19.68
17.43
17.26
18.48
17.14
17.68
16.85
16.55
17.29
17.21
17.24
17.53
19.07
21.63
15.87
13.87
15.26
15.87
17.31
16.16
17.21
18.8
16.65
16.24
15.84
15.48
16.16
18.02
16.89
17.21
17.33
17.82
17.75
17.38
17.7
17.33
17.53
17.92
16.6
17.16
15.28
17.24
16.38
16.04
16.46
18.04
15.62
16.04
16.55
18.14
17.04
17.85
18.19
17.97
16.99
16.77
18.7
18.9
15.8
18.31
17.9
18.85
19.73
21.19
18.51
19.14
18.73
17.65
19.87
19.7
18.65
17.92
16.99
17.65
17.04
17.16
17.36
17.02
16.72
19.46
19.07
20.0
20.43
17.9
18.19
19.07
18.31
18.24
15.72
16.7
17.24
18.46
16.04
16.63
16.75
17.68
21.8
25.34
19.78
17.11
16.97
16.97
17.38
17.07
16.87
15.62
16.24
16.82
16.94
18.09
18.09
16.26
17.31
15.48
16.26
16.99
17.77
18.92
18.75
20.04
17.85
18.87
18.09
16.89
16.92
16.94
18.38
16.77
17.55
19.75
18.85
18.53
19.17
18.77
18.43
16.99
17.04
17.14
16.67
17.46
16.48
17.92
19.82
20.46
18.63
17.21
19.02
18.26
17.11
18.65
20.43
17.58
18.04
18.07
16.67
17.77
16.58
17.11
17.9
18.73
17.6
17.75
17.92
20.02
17.58
17.72
18.14
18.33
18.68
19.21
19.43
18.75
18.58
16.72
17.38
17.8
19.8
18.58
18.9
18.92
19.58
18.58
17.75
17.36
17.87
17.41
17.24
17.68
18.36
19.48
19.41
20.43
18.16
19.24
20.73
20.43
19.31
20.51
19.21
18.07
18.77
17.5
17.19
18.82
18.75
19.07
21.09
20.7
19.21
18.51
18.07
17.33
17.92
18.75
19.48
20.9
22.36
18.99
18.43
18.55
19.65
18.6
17.5
18.48
19.38
18.95
19.17
19.73
20.36
19.7
19.87
19.46
19.92
19.95
17.58
18.43
19.46
20.87
20.87
17.7
18.99
20.87
21.48
18.31
18.8
