0.7614
18.92
16.28
0.5394
1.497
11.11
0.1184
0.09117
12.29
0.1081
0.1184
0.02737
0.02413
0.02604
0.02346
0.02604
0.02413
0.0267
0.02346
0.02537
0.02279
0.0247
0.02346
0.02537
0.02279
0.02537
0.02346
0.02413
0.02213
0.02413
0.02213
0.02537
0.6981
11.24
28.42
22.0
17.8
23.17
27.2
25.63
23.54
30.86
35.89
20.61
10.1
26.03
29.83
29.83
27.2
29.79
29.1
30.62
27.83
19.51
13.18
11.36
24.63
30.42
30.37
29.15
29.39
26.03
24.41
24.34
21.29
10.53
39.84
31.15
29.05
29.98
29.2
23.34
25.54
18.68
17.94
13.6
16.65
28.56
28.76
29.93
29.49
29.25
22.14
28.61
23.19
6.506
24.41
20.68
27.1
27.83
26.76
26.9
22.53
24.93
17.33
15.28
12.41
12.7
17.31
10.6
21.17
32.47
10.61
15.58
10.17
14.6
14.72
14.84
7.483
25.24
26.71
26.61
27.49
27.25
23.29
24.68
23.78
18.77
12.38
9.473
15.5
16.67
14.67
14.97
20.41
21.7
13.16
14.36
11.8
16.16
16.97
14.21
16.02
19.04
19.53
17.14
4.059
30.03
31.25
31.74
30.81
30.81
27.1
27.25
21.73
18.12
6.812
28.81
29.0
29.49
34.33
34.28
31.49
32.37
21.19
19.04
30.96
32.91
17.75
9.57
19.26
15.38
17.8
20.85
20.34
17.26
15.55
16.58
15.99
14.97
15.23
14.99
14.43
11.89
15.6
12.37
14.36
17.7
8.289
10.95
13.6
13.82
14.18
5.707
0.5417
0.1791
0.02146
0.2415
10.14
13.82
13.65
13.94
14.36
14.38
13.45
1.089
6.812
12.34
13.21
14.62
14.26
14.5
14.36
15.04
10.68
13.09
0.3929
0.1348
0.02804
0.02928
0.02604
0.1791
13.35
11.95
16.28
20.68
24.8
28.52
17.26
16.82
17.31
15.31
15.33
13.77
15.43
14.65
16.46
16.53
9.998
11.46
0.1848
0.1093
0.02213
0.0247
0.02213
0.06056
13.31
14.45
11.72
7.922
0.1713
5.054
12.92
12.01
13.77
13.79
14.33
14.14
10.4
12.24
14.97
11.44
13.5
13.6
14.16
14.36
13.77
1.904
0.4776
0.1961
13.72
11.98
11.73
12.34
14.75
14.11
14.36
14.6
14.82
13.57
15.65
12.99
13.35
14.79
14.26
14.55
14.21
14.45
12.18
0.6744
0.396
0.03777
0.02737
0.02861
13.06
11.73
6.262
13.99
13.53
13.23
12.4
14.23
14.97
17.36
17.19
23.97
23.12
17.99
14.06
14.79
15.48
8.264
0.181
0.08078
0.02604
0.02737
0.02604
0.02737
13.01
16.43
15.53
13.82
13.33
17.36
18.58
21.44
27.2
12.92
30.08
36.57
17.16
11.4
33.89
31.79
16.65
13.55
0.2628
0.1081
0.0247
0.02737
0.0247
0.02604
6.348
0.1055
8.789
19.24
18.63
19.17
14.45
15.36
16.11
12.84
15.82
16.92
27.73
20.92
22.34
33.06
28.86
13.5
0.5875
0.1341
0.02604
0.02604
0.02346
0.02737
15.87
22.92
24.9
24.58
15.6
12.74
16.58
13.26
17.8
15.8
11.1
40.19
41.46
41.5
41.02
39.5
36.72
34.67
33.89
32.96
33.84
36.87
37.5
38.82
38.92
39.21
40.82
17.43
32.71
38.23
41.85
36.96
33.45
34.18
25.98
13.55
39.89
40.97
35.11
42.29
10.5
38.82
38.43
40.82
40.23
39.94
38.57
38.33
38.48
38.18
38.33
38.82
38.48
40.53
41.16
40.62
36.43
19.29
35.64
42.48
41.99
38.67
33.79
34.52
16.85
19.87
39.21
39.84
39.26
39.99
40.87
38.43
37.94
40.14
41.75
41.94
39.26
38.33
38.67
39.45
41.55
25.83
36.72
41.65
39.5
35.11
28.86
31.2
30.66
7.422
26.9
41.06
40.77
41.06
41.11
37.7
38.23
39.45
40.09
37.94
35.55
33.35
31.98
31.15
31.2
38.57
39.31
18.24
37.7
40.77
41.65
36.23
27.64
26.61
28.56
6.335
39.16
39.94
38.04
39.75
40.14
41.06
40.04
39.65
40.23
39.5
40.72
40.28
40.48
38.04
37.55
27.34
14.94
18.33
36.87
40.28
41.41
31.1
33.2
30.91
9.143
34.03
38.48
38.04
39.11
39.45
40.19
40.53
41.02
41.11
40.38
39.16
38.48
38.82
39.01
37.65
38.28
5.927
9.705
18.58
38.72
32.13
34.52
36.13
32.13
30.76
20.31
10.35
39.89
38.96
39.75
40.82
39.84
38.13
37.6
37.35
37.45
38.13
38.72
39.16
39.06
39.89
40.87
40.43
16.97
29.49
38.77
34.96
32.03
34.91
31.49
29.93
0.0
13.48
39.5
33.64
35.74
23.61
35.25
38.72
35.64
23.41
37.74
36.87
35.35
19.95
40.23
39.4
31.49
35.69
26.12
22.63
39.6
40.19
35.89
36.23
24.46
40.48
32.13
35.5
15.38
39.5
40.14
39.84
38.57
38.82
37.99
39.16
38.53
38.62
36.72
37.65
39.01
38.43
38.18
39.45
27.59
12.44
31.69
39.55
37.35
37.7
28.76
33.74
28.47
20.02
33.45
28.08
5.109
38.96
40.14
40.48
39.65
37.89
36.18
34.77
34.57
33.11
31.2
31.3
30.91
30.71
31.49
32.47
30.81
32.08
32.03
15.6
18.16
19.12
22.95
26.95
28.22
29.64
30.22
29.64
29.49
11.21
19.12
20.53
24.27
27.39
28.66
28.81
30.32
30.81
31.59
32.62
32.76
32.23
32.76
32.91
32.86
32.03
32.18
32.57
32.96
33.69
18.26
20.19
24.22
24.15
24.12
25.73
28.71
20.83
21.78
28.12
30.18
10.61
21.36
22.88
25.15
26.12
26.07
26.46
26.66
26.37
25.98
26.66
28.27
29.3
30.03
30.08
29.74
33.3
35.69
36.13
34.52
34.62
32.03
15.94
21.22
25.49
26.12
26.61
26.32
26.03
26.86
30.32
29.69
15.53
20.04
25.05
21.41
19.26
21.92
15.43
25.63
27.73
30.86
30.57
31.74
31.01
27.69
27.05
25.83
25.15
32.71
37.7
36.62
34.42
34.52
34.08
33.74
32.67
31.3
17.5
24.85
40.72
41.7
41.75
34.52
35.64
22.22
21.7
19.21
20.58
20.14
11.73
40.77
39.31
39.4
40.23
40.72
41.21
40.38
38.62
38.33
39.36
40.58
40.53
40.77
39.06
39.45
22.05
31.64
42.04
42.33
39.31
31.84
31.05
26.9
16.04
16.97
14.58
11.82
19.41
22.56
23.44
24.68
25.68
24.46
25.34
24.76
25.39
27.0
27.93
29.59
30.47
29.64
30.66
32.47
33.25
33.3
32.03
31.3
30.42
30.13
15.26
21.85
25.44
26.27
28.56
29.39
28.52
30.08
29.69
22.09
14.5
13.87
9.668
25.78
26.46
21.51
15.94
21.75
21.07
21.36
2.002
0.5234
0.06638
0.02413
0.02604
0.0267
0.02995
0.02804
0.03128
0.0267
0.02995
0.0267
0.02995
0.02737
0.02928
0.02737
0.03061
0.02928
0.02995
0.02737
6.445
16.85
15.72
19.21
15.5
14.99
14.75
13.53
18.33
23.8
22.29
