31.45
29.59
23.29
5.536
27.88
26.42
14.77
16.16
0.0
28.56
30.47
32.13
21.34
9.265
32.62
30.91
26.51
12.96
26.32
23.32
28.52
24.34
27.59
6.433
28.96
31.2
29.74
8.789
27.98
11.61
7.922
7.837
7.849
7.617
9.924
7.922
7.825
8.057
9.436
7.849
7.91
7.898
8.362
12.01
23.22
28.42
26.07
13.31
3.912
0.5348
0.02584
0.02623
0.02565
0.02527
0.02556
0.02422
0.02613
0.0247
0.02575
0.0248
0.02823
0.02708
0.02527
0.0267
0.02556
0.02584
0.02623
0.02642
0.02642
0.02766
0.02823
0.02747
0.02804
0.0267
0.02584
0.02556
0.02632
0.0267
0.02537
0.02575
0.02527
0.02432
0.02518
0.0247
0.0247
0.02422
0.02518
0.02489
0.0247
0.0246
0.0247
0.02432
0.0268
0.02584
0.02594
0.02546
0.0248
0.02518
0.02527
0.02508
0.02527
0.0247
0.02518
0.0246
0.0246
0.02317
0.02489
0.02604
0.0268
0.02499
0.0246
0.02432
0.0247
0.02432
0.02451
0.02403
0.0247
0.02499
0.02451
0.0248
0.02518
0.0247
0.02489
0.02441
0.0248
0.02451
0.02356
0.02527
0.02623
0.02584
0.02623
0.0248
0.02384
0.0247
0.02317
0.02327
0.02413
0.02441
0.0246
0.02356
0.0246
0.02489
0.02441
0.02394
0.02441
0.02403
0.02422
0.02422
0.02375
0.02365
0.0246
0.02394
0.02365
0.02394
0.02432
0.02384
0.02422
0.02508
0.02441
0.02403
0.0247
0.02451
0.0248
0.02451
0.0247
0.02537
0.02527
0.02489
0.02508
0.02356
0.02365
0.02337
0.0248
0.02432
0.02384
0.02375
2.164
9.497
12.07
2.481
8.618
22.05
20.87
16.14
30.37
16.75
7.056
22.8
15.82
12.79
30.47
14.11
11.55
22.22
7.166
13.33
9.351
8.142
7.556
16.24
23.56
24.44
32.71
23.32
4.651
26.22
29.3
23.44
14.11
20.43
16.72
27.2
17.04
30.81
16.21
11.41
22.14
10.88
23.63
9.546
21.68
19.97
5.035
8.484
9.18
8.826
8.911
9.363
9.155
9.167
8.85
10.49
8.533
19.63
22.02
27.93
13.55
3.235
13.75
11.06
0.0
26.27
19.75
18.97
13.72
12.84
7.031
1.045
1.393
0.1585
0.1652
28.52
12.99
21.36
16.36
17.55
21.83
7.654
13.65
13.77
17.63
26.9
31.05
24.73
26.56
7.642
21.75
25.63
27.83
25.34
28.42
11.68
17.29
18.24
12.84
24.12
15.89
17.8
15.04
17.33
31.25
14.06
17.99
17.7
14.14
25.1
12.41
13.89
12.67
10.19
19.36
23.51
17.55
26.86
27.73
27.15
26.71
25.1
4.749
24.1
19.31
27.54
21.07
26.07
26.07
20.29
31.98
32.76
32.23
23.58
3.992
20.65
29.93
23.46
32.03
10.72
13.11
11.96
27.83
27.2
33.3
22.31
9.558
15.92
15.84
25.93
29.64
25.34
31.49
14.82
18.95
16.87
24.34
31.4
29.59
17.7
10.23
26.56
0.4097
10.66
24.88
12.82
25.1
24.76
23.71
26.56
27.0
24.71
22.39
10.1
26.81
19.75
25.24
27.05
20.73
29.15
24.56
29.98
12.35
19.04
16.53
15.8
23.44
15.19
17.55
30.62
27.83
31.2
20.46
10.71
23.58
16.82
19.36
10.11
13.6
19.78
21.07
23.41
11.32
0.0
27.78
20.92
31.2
17.97
17.36
32.76
32.18
15.53
31.98
13.43
28.61
25.2
4.077
22.88
26.07
19.51
11.11
22.0
20.39
18.9
16.85
31.59
24.17
4.456
19.09
15.77
18.6
29.54
21.22
12.08
25.88
27.29
29.35
29.69
13.06
28.17
29.54
30.13
12.89
25.73
26.12
29.74
15.94
9.082
12.22
14.97
13.5
29.83
27.88
33.59
21.29
5.042
31.45
30.37
17.04
22.44
27.98
32.32
20.83
4.889
25.15
21.02
16.19
10.85
27.49
29.49
30.76
31.59
14.36
12.7
21.51
11.77
26.42
8.96
7.812
7.971
8.398
8.496
7.874
7.581
9.07
7.8
9.094
7.8
7.837
7.849
21.19
21.73
25.98
22.71
6.555
1.846
21.29
30.96
32.08
31.15
23.34
3.644
12.32
7.422
14.43
14.28
18.85
21.56
12.65
11.13
10.94
17.14
23.34
27.44
30.08
13.01
17.24
25.29
14.92
14.99
14.14
15.94
18.68
13.79
13.87
22.17
24.02
24.32
18.02
19.43
16.7
16.58
25.78
26.9
29.35
29.05
12.22
25.98
24.68
34.08
30.96
10.96
22.73
31.15
24.37
26.66
9.314
14.84
22.58
21.0
24.49
26.81
25.98
10.16
23.73
29.25
17.92
19.04
17.11
21.07
15.26
22.19
14.14
18.73
25.73
26.27
26.81
22.19
11.17
25.05
26.07
23.95
28.17
6.97
15.26
18.07
27.39
16.77
18.77
18.8
9.912
18.02
15.48
21.24
26.37
14.33
33.35
31.05
29.2
14.4
13.75
26.95
29.54
14.04
13.18
24.34
17.5
16.36
23.49
33.45
31.84
26.86
11.15
32.81
30.96
27.78
8.752
32.42
31.74
29.54
12.0
21.34
22.68
26.51
22.07
23.83
30.18
10.25
24.56
12.99
13.77
9.9
9.375
9.436
9.814
8.325
9.888
8.386
9.9
10.13
8.411
9.619
8.313
26.03
21.24
26.81
15.8
3.528
28.42
27.98
30.22
21.24
9.253
24.63
11.29
27.2
25.2
14.67
22.78
14.21
22.05
13.72
22.0
14.01
8.337
7.776
7.8
9.033
7.751
7.886
9.094
7.788
8.081
8.85
7.825
8.374
7.568
25.29
26.37
27.88
13.75
3.705
19.34
22.53
32.71
8.496
18.7
29.83
32.91
32.18
24.49
4.681
26.03
21.19
25.49
26.12
14.62
8.276
8.545
9.167
9.082
9.778
8.301
8.313
9.949
8.362
8.557
9.131
29.69
26.76
25.68
9.9
2.948
16.06
1.237
9.375
10.35
26.07
11.77
24.83
27.98
18.24
11.19
16.65
26.66
21.66
16.24
25.24
28.32
32.03
22.85
3.357
26.37
26.51
32.42
16.14
10.33
26.56
27.39
23.1
29.98
24.76
5.554
17.58
18.58
8.887
16.82
17.38
0.02737
10.74
13.18
17.21
12.7
12.02
11.57
29.1
18.48
10.95
26.22
0.4768
25.05
11.71
20.09
27.49
15.75
21.88
33.35
16.65
18.92
24.66
12.43
14.72
15.33
15.04
12.99
9.07
32.47
23.44
3.955
22.56
14.53
0.2735
0.02413
0.02537
4.822
26.12
0.0
14.67
21.92
19.12
29.15
12.74
20.87
14.79
15.82
24.32
16.46
18.63
18.09
12.89
25.88
25.24
5.621
32.08
31.88
24.88
1.996
11.3
25.73
18.36
26.9
23.88
11.65
23.8
5.853
13.55
11.43
27.39
32.81
31.2
25.49
7.288
12.72
24.58
19.87
27.88
29.25
21.0
22.78
6.116
10.25
15.8
25.54
31.4
33.69
15.65
19.02
24.54
27.44
20.12
28.52
21.44
10.73
27.78
22.85
14.23
17.43
24.85
28.17
19.68
25.49
27.49
16.28
16.89
17.33
19.29
20.48
30.57
18.92
12.96
29.2
29.88
18.21
19.48
16.43
22.14
14.4
28.47
31.54
29.59
