17.46
21.44
15.23
14.26
12.07
13.53
15.11
15.62
15.92
16.02
18.38
20.04
13.16
15.7
18.09
15.65
16.21
12.17
0.7446
8.911
10.91
16.82
13.72
14.16
12.74
14.87
14.31
11.89
12.21
15.01
15.84
15.67
15.38
16.28
15.14
20.95
21.48
21.31
8.826
17.55
23.05
23.71
22.8
22.29
21.29
21.22
20.95
19.41
22.09
21.88
15.5
13.33
17.38
16.06
15.48
17.65
15.16
14.33
15.82
17.87
19.7
19.68
8.167
0.7004
9.094
22.36
24.05
22.83
21.53
22.8
24.46
22.58
20.48
23.02
20.51
13.82
13.62
14.65
12.7
14.62
17.29
19.82
18.24
19.46
14.31
12.6
13.21
19.02
17.6
17.72
17.94
19.12
21.24
21.24
19.04
17.29
17.99
16.63
15.23
16.99
17.82
18.73
17.87
12.27
13.48
14.62
14.55
15.06
16.06
15.87
15.75
16.43
7.068
21.26
24.78
25.83
24.88
25.54
26.9
22.53
23.68
23.97
17.87
15.87
15.97
16.16
15.55
13.92
13.55
15.14
15.41
16.65
17.36
17.97
11.01
14.82
21.22
21.48
21.97
23.19
23.66
22.8
20.07
17.38
19.09
18.6
14.33
15.09
22.53
22.39
24.0
24.68
25.15
24.05
21.78
21.56
22.31
9.131
20.7
17.99
18.65
19.65
20.9
21.58
23.0
22.46
21.39
20.02
18.14
14.45
13.82
13.43
13.16
15.16
13.96
13.57
13.65
14.18
13.04
15.84
16.46
16.21
16.89
16.8
12.19
0.6226
0.3254
0.02346
0.02861
14.75
19.34
21.92
20.85
13.09
13.67
12.67
14.01
15.06
15.01
20.07
19.09
18.38
12.07
5.243
15.89
6.775
0.1589
0.06771
0.02604
0.02604
0.02604
0.02604
0.02861
10.71
14.18
15.72
17.09
17.75
20.09
14.48
15.58
13.82
13.11
16.82
15.26
17.29
19.53
19.87
13.26
13.99
1.381
0.1249
0.03643
0.02604
0.02604
0.02604
0.02604
9.57
11.52
16.46
13.72
16.02
15.11
17.02
17.11
20.53
15.92
14.21
15.84
15.72
19.68
20.58
22.58
6.445
0.2266
0.05732
0.02861
0.02861
0.03128
0.02604
1.74
11.45
15.16
21.73
14.28
11.94
16.09
16.46
14.55
28.03
28.22
22.8
14.72
14.4
15.87
15.58
14.31
6.946
0.2056
0.06771
0.02861
0.02346
0.02604
0.02861
0.02604
27.98
31.59
23.41
29.93
36.18
15.62
11.16
15.16
17.29
20.87
29.88
29.35
17.85
18.21
29.59
33.84
15.94
0.7736
0.2995
0.02604
0.02604
0.02861
0.02604
0.02861
0.5676
10.69
14.6
14.53
11.55
16.48
18.12
19.63
15.6
14.45
13.89
15.31
12.39
13.67
13.94
13.18
12.7
0.2735
0.1068
0.02861
0.02346
0.02604
0.02346
0.02861
0.02346
10.06
14.48
20.61
28.86
17.21
15.89
15.99
22.17
32.28
19.41
13.99
22.9
30.42
26.66
16.19
3.406
0.1797
0.04425
0.02861
0.02604
0.02861
0.02604
0.02861
7.092
23.8
24.27
15.21
14.7
11.35
11.5
14.82
15.31
21.53
33.84
13.7
0.766
3.748
13.01
19.41
7.251
0.2552
6.152
27.64
36.28
36.47
37.74
35.45
38.67
38.82
38.43
36.62
37.06
37.84
36.82
36.18
37.99
38.28
37.4
30.52
37.5
37.11
35.4
39.4
31.15
31.15
32.03
13.67
34.77
40.62
39.4
38.62
40.19
39.11
39.45
40.92
40.77
40.62
40.19
36.38
39.21
37.65
38.13
29.79
36.72
39.06
33.4
32.23
33.54
33.79
30.91
14.82
19.09
22.41
25.68
28.47
35.84
37.6
38.09
38.82
38.67
38.13
38.18
36.47
40.04
39.79
38.82
38.13
38.92
25.49
37.4
41.41
36.57
33.54
29.79
31.05
30.91
11.11
35.01
34.96
32.47
30.91
29.15
36.13
29.0
32.18
35.5
34.42
35.25
37.55
39.36
38.62
36.33
38.82
35.45
21.58
20.21
19.73
17.46
17.72
18.16
19.14
20.48
21.34
23.19
24.17
24.54
16.99
14.36
20.09
19.46
19.34
18.68
19.63
17.94
18.12
17.8
18.12
18.8
17.9
16.87
16.26
16.6
16.85
17.63
17.97
18.33
18.31
19.56
19.24
18.63
20.41
20.39
20.34
21.58
23.8
25.39
26.27
26.03
24.95
14.5
31.01
38.82
39.36
38.77
31.84
27.29
25.88
13.87
17.68
24.66
30.71
29.25
27.25
27.29
27.2
26.95
25.63
26.51
27.44
27.69
27.34
29.98
29.93
28.96
26.42
25.54
25.98
25.83
26.61
25.98
26.46
17.6
19.46
20.85
23.1
25.44
26.17
26.51
24.37
28.17
25.44
23.32
13.82
21.95
24.95
26.07
26.42
21.75
24.85
26.07
9.485
23.24
25.1
26.12
29.0
27.73
31.84
15.41
35.5
34.33
32.23
23.02
19.48
18.99
18.51
18.99
16.6
19.26
17.58
17.97
17.29
16.89
19.82
17.02
15.94
18.09
17.75
17.77
18.12
17.58
17.9
11.74
18.02
18.46
21.48
21.66
16.46
17.16
19.68
16.31
17.04
18.14
17.46
17.41
4.81
21.95
20.75
21.02
21.26
21.68
22.36
24.29
22.71
22.44
21.83
21.24
15.14
15.28
15.72
15.23
15.31
15.48
15.31
15.31
15.36
15.38
15.26
15.38
15.31
15.55
15.38
15.58
15.6
15.65
15.26
15.58
15.23
15.53
15.26
15.31
15.14
15.41
15.43
15.58
16.31
17.6
17.55
17.02
17.63
16.85
15.67
15.28
16.87
17.53
15.92
17.29
12.89
7.397
11.1
9.875
10.22
9.619
7.8
5.133
20.8
22.85
23.51
24.0
25.83
27.49
25.49
23.46
24.15
24.61
25.34
25.34
26.22
24.78
21.44
19.68
19.19
16.82
15.84
16.31
17.63
18.41
19.92
21.19
20.95
20.83
19.26
17.09
14.43
15.38
16.21
15.55
15.31
15.45
15.43
15.33
15.16
15.16
15.19
15.09
14.58
15.04
14.87
14.92
16.19
12.87
13.87
14.65
14.87
15.87
16.09
17.26
16.65
8.435
17.07
19.07
18.38
19.02
20.19
19.17
20.19
21.63
19.7
19.68
18.09
16.82
16.26
15.43
15.11
15.21
15.43
15.62
15.04
14.89
14.92
15.31
14.94
14.87
16.24
17.31
16.09
17.58
18.04
19.31
18.8
16.53
14.94
14.87
14.82
14.89
14.89
14.65
14.89
15.41
15.43
15.62
15.31
15.26
15.36
14.97
15.31
15.31
16.5
17.46
17.43
16.55
15.7
16.75
13.09
14.94
15.06
15.23
15.11
15.06
12.5
16.21
15.11
15.16
15.21
15.06
14.28
15.23
17.19
17.48
17.36
15.89
12.05
13.96
14.55
15.19
15.89
13.77
13.79
11.44
20.95
20.0
19.51
13.79
0.7683
0.388
0.02861
0.02346
0.02861
0.02346
0.02861
0.02604
0.02604
0.02604
0.02861
0.02346
0.02861
0.02346
0.02861
0.02604
0.02861
0.02346
0.02861
0.02604
15.99
15.16
13.89
13.4
16.33
14.09
14.67
14.7
14.58
14.97
