0.4066
0.1841
0.4074
0.5814
0.2167
0.4196
0.2808
0.2651
0.1257
0.243
0.3174
0.3014
0.2434
0.1272
0.0
0.0
0.0
0.0
9.537e-05
0.0
0.0
0.01659
0.3296
0.1366
0.2495
0.2785
0.425
0.2556
0.1543
0.2003
0.3998
0.3265
0.2628
0.1217
1.447
2.881
2.545
2.988
6.061
3.375
1.907
0.003052
0.0
1.218
2.734
2.792
2.875
5.884
2.994
1.727
0.4951
2.625
2.927
3.015
4.523
4.98
2.341
0.4715
0.3426
0.2106
0.4166
0.3658
0.2563
0.8057
1.463
1.727
1.959
1.959
2.075
5.109
2.808
2.17
0.3151
0.1366
0.2449
0.2316
0.1284
0.1427
0.1059
0.09508
0.972
1.459
1.546
1.801
2.042
2.341
4.932
3.0
1.172
0.4883
1.425
1.517
1.868
2.142
2.206
4.559
2.557
1.251
0.1247
1.874
2.304
2.307
2.206
5.243
1.721
2.328
0.2693
2.075
3.055
2.939
3.046
5.957
2.823
0.2739
2.795
3.107
2.698
4.944
4.016
1.828
0.3803
0.3479
1.746
3.073
2.609
2.71
4.614
1.63
2.405
1.019
0.1245
1.442
1.871
2.026
2.414
2.466
4.95
2.554
1.779
0.5653
0.4082
0.3273
0.1848
0.4349
0.47
0.2632
0.1369
0.214
0.2934
0.3868
0.3975
0.06428
1.225
1.694
1.947
2.118
2.173
2.249
4.834
1.222
1.651
1.617
0.3635
0.9827
1.231
1.395
1.299
1.846
1.624
3.082
3.51
2.17
1.21
0.5165
0.09422
0.1263
0.2151
0.1999
0.3883
0.2804
0.2186
0.2827
0.0
0.0001907
9.537e-05
0.0
0.0
0.003433
0.2377
0.2483
0.1631
0.1261
0.2308
0.2182
0.08936
0.1892
0.1116
0.1026
0.2705
0.1009
0.3559
0.1816
0.1472
0.1196
0.2815
0.07849
0.0003815
0.0
0.0
0.0
0.0
0.01297
0.2594
0.2457
0.2579
0.3139
0.3262
0.08841
0.1152
0.3754
0.4066
0.1471
0.3395
0.05941
0.131
0.1106
0.2861
0.1682
0.1682
0.06819
0.0
0.0002861
0.0
0.0
0.0
0.002766
0.1373
0.136
0.3044
0.1743
0.5356
0.1598
0.1312
0.3555
0.06762
0.1303
0.2251
0.346
0.2831
0.1511
0.1329
0.2987
0.3223
0.1143
0.0
9.537e-05
0.0
0.0
9.537e-05
0.0009537
0.3078
0.2789
0.2228
0.102
0.0761
0.2922
0.1442
0.5913
0.1204
0.5165
0.2827
0.0864
0.07391
0.1556
0.2853
0.1451
0.1434
0.6226
0.0006676
0.0
0.0
0.0
0.0
0.002575
0.2777
0.3216
0.1205
0.1209
0.4875
0.2407
0.518
0.3223
0.1116
0.1419
0.4913
0.2193
0.4395
0.3738
0.1043
0.1137
0.5142
0.1001
0.001526
9.537e-05
0.0004768
0.0
0.0
0.006676
0.4501
0.399
0.1608
0.1598
0.3689
0.2422
0.2712
0.1663
0.3059
0.1661
0.1417
0.2205
0.1219
0.1606
0.4562
0.4913
0.1408
0.1604
0.2876
0.2155
0.0001907
0.0
0.0
0.01297
0.2888
0.2693
0.3189
0.1143
0.1026
0.2033
0.2472
0.12
0.176
0.3025
0.1684
0.2514
0.2331
0.128
0.1068
0.3342
0.1766
0.07401
0.0
0.0
0.0
0.0
0.0
0.0006676
0.1669
0.4959
0.3464
0.7339
0.4372
0.251
0.1402
0.2113
0.367
0.1463
0.2277
0.09613
0.1131
0.09384
0.4349
0.116
0.112
0.23
0.259
0.4463
1.819
2.93
2.911
2.96
3.018
2.914
2.698
2.695
2.344
2.493
2.557
2.377
2.46
2.649
2.554
2.762
2.893
3.632
7.3
2.475
5.225
5.286
7.471
5.67
6.042
4.15
3.998
1.761
0.7149
1.59
1.828
1.987
2.307
2.527
2.625
2.682
2.777
2.707
2.893
2.658
2.85
3.125
2.844
2.588
2.817
2.917
2.713
2.713
8.057
3.21
5.286
5.762
7.776
5.334
4.895
4.486
3.461
1.675
0.9018
1.198
1.907
2.158
2.09
2.206
2.316
2.435
2.563
2.219
2.182
2.292
3.326
3.864
3.741
4.01
3.772
3.754
3.705
6.799
6.555
5.615
9.082
5.585
6.909
4.059
4.211
1.868
0.6325
2.899
3.21
3.394
3.265
3.717
3.497
3.076
3.107
2.982
3.601
3.351
3.375
3.094
3.369
3.583
6.079
8.997
11.13
7.532
7.617
5.951
2.261
0.6958
2.979
3.073
3.162
3.101
3.015
3.046
3.241
3.339
3.149
3.125
3.143
3.049
3.143
2.914
4.926
10.52
9.937
9.424
7.898
5.878
3.9
1.642
1.483
3.247
3.107
3.033
2.966
2.863
2.814
3.091
3.296
3.204
3.406
2.994
2.905
2.814
2.448
5.017
8.704
10.93
8.789
7.983
5.933
4.303
1.494
1.871
3.381
3.43
3.461
3.552
3.174
3.241
3.168
3.036
2.545
2.643
2.997
3.174
3.326
3.198
8.044
10.3
10.08
9.07
6.775
5.402
2.213
1.137
1.828
3.29
3.137
0.3635
0.8316
2.118
2.222
6.14
1.761
0.8698
2.036
2.258
6.152
2.057
0.6142
2.148
4.559
1.334
0.2739
0.4066
0.2304
1.749
3.827
2.383
0.6058
2.124
4.541
1.534
0.7774
1.944
3.339
3.387
0.5501
1.642
3.43
3.137
0.4196
1.746
3.461
3.006
0.2365
1.859
3.284
3.149
0.3929
1.978
4.327
1.373
0.8286
1.764
4.187
3.091
0.1558
2.039
3.058
2.988
2.719
2.582
2.438
2.365
2.429
2.368
2.429
2.206
2.255
2.365
2.179
2.277
2.469
2.094
4.486
6.348
4.846
5.493
8.618
7.544
8.289
5.402
4.407
2.2
1.541
1.054
1.384
1.457
1.849
3.116
3.131
3.116
3.055
2.802
2.951
3.036
3.0
3.284
3.079
2.957
2.899
2.829
6.506
4.657
6.458
5.2
9.338
5.554
8.069
4.907
4.565
2.109
0.5417
1.581
1.569
1.993
1.92
2.036
2.423
2.509
2.429
2.576
2.484
2.994
2.768
3.18
2.701
2.579
2.301
1.999
2.054
1.938
3.625
7.007
2.185
3.339
4.492
4.767
7.483
5.597
4.852
5.719
4.773
3.943
2.173
1.648
2.231
0.6424
1.524
0.7133
0.5005
1.299
1.288
0.7362
0.7469
1.425
1.431
0.6271
1.16
0.3624
0.1936
0.3834
0.8606
1.152
1.118
0.795
0.7904
0.8392
0.3181
0.1757
0.3513
0.01478
1.77
2.521
2.576
2.563
2.573
2.429
2.432
2.368
2.426
2.463
2.228
2.094
2.335
2.328
2.408
2.216
2.292
2.588
3.204
9.473
5.908
9.656
5.707
8.569
4.926
4.181
2.023
1.59
0.6981
0.3799
0.1961
0.3788
0.4234
0.4478
0.2892
0.3242
0.1947
0.123
0.2857
0.2213
0.3281
0.3628
0.4166
0.5562
0.3635
0.2007
0.3819
0.2972
0.2869
0.2728
0.5127
0.4456
0.2598
0.1699
2.686
2.756
2.539
2.676
2.524
2.591
2.502
2.454
2.615
2.615
2.417
2.179
2.576
2.188
2.411
2.402
2.524
6.299
9.094
7.764
9.253
7.458
5.768
4.633
2.063
0.28
0.5417
0.3551
0.2628
0.2789
0.0
9.537e-05
9.537e-05
0.0
0.0
0.0
0.0
0.0
0.0
0.0
9.537e-05
0.0
0.0
0.0
0.0
0.0
0.0
0.0
0.0
0.004292
0.7919
0.6104
0.6065
0.6226
0.589
0.8179
0.6744
0.7378
0.349
0.4044
