15.19
17.87
14.87
16.82
19.29
20.58
21.24
22.63
18.92
15.31
15.21
16.77
18.6
19.31
21.0
21.39
21.29
18.85
15.33
17.14
17.6
18.36
21.12
20.85
21.75
19.43
18.58
18.31
18.77
22.24
20.26
21.09
18.65
19.36
16.97
19.87
19.8
19.38
21.63
22.68
18.46
19.8
19.82
16.8
20.41
18.68
19.31
20.31
19.09
17.16
20.43
21.53
22.19
17.75
15.48
17.68
19.97
18.04
16.92
16.19
18.77
18.85
16.24
14.65
17.31
18.48
21.09
19.65
17.07
17.55
16.87
17.85
17.97
16.33
18.87
17.02
16.14
15.77
18.46
16.33
16.87
18.58
19.7
18.7
19.73
19.51
16.77
18.02
18.77
20.0
17.41
16.43
16.63
17.85
17.7
17.6
18.16
19.07
18.53
19.8
20.0
18.24
17.87
17.97
17.55
17.68
16.36
18.33
18.36
19.92
21.56
21.26
19.95
21.14
21.39
22.22
18.77
16.87
15.55
17.72
15.04
16.87
16.14
15.94
16.87
20.87
14.7
13.01
15.92
17.72
16.65
17.92
16.8
19.6
19.6
16.75
15.55
16.28
18.02
16.53
19.63
16.77
16.53
19.14
17.38
17.07
15.38
16.7
18.02
19.24
19.26
18.04
17.65
16.87
18.04
18.26
18.65
16.21
17.11
17.87
17.65
17.16
17.46
18.02
15.14
16.75
17.24
19.07
16.94
17.68
17.14
18.87
19.29
17.09
17.04
17.21
18.16
17.19
17.85
16.24
15.19
15.65
17.36
18.09
19.07
17.94
17.9
15.41
15.77
16.31
17.43
19.07
19.8
17.09
16.65
18.04
15.31
17.72
17.04
17.02
17.46
15.19
16.48
16.65
18.9
18.82
17.72
17.99
20.14
17.72
14.72
15.04
18.31
19.36
19.95
18.9
16.14
15.16
16.11
17.58
17.36
17.53
18.41
19.09
20.39
18.19
17.16
19.31
17.72
18.63
20.09
18.75
17.92
17.65
19.09
17.68
18.46
17.99
19.82
20.34
16.19
19.07
19.19
18.95
19.8
19.75
18.46
15.77
15.94
18.38
18.29
20.21
19.21
19.14
17.92
15.8
19.12
18.02
18.55
20.63
20.34
20.92
18.14
18.21
17.68
19.14
20.56
17.87
18.73
16.65
19.58
18.53
17.02
18.21
18.97
17.94
17.63
17.02
17.87
19.34
19.02
21.73
18.19
16.99
15.53
15.45
21.12
18.38
15.82
18.6
16.43
17.16
18.43
20.09
19.31
16.43
16.6
18.26
19.7
19.41
20.46
19.34
18.21
14.92
15.99
17.41
19.73
20.58
21.02
15.58
17.82
17.85
18.19
17.48
18.82
20.09
21.41
22.68
11.35
11.21
13.35
14.36
15.23
15.19
16.48
17.48
18.87
19.53
17.65
18.65
17.9
16.53
16.09
18.12
19.21
19.87
18.21
17.26
16.82
18.26
19.29
17.53
16.36
16.67
16.85
16.63
17.82
15.82
14.94
16.09
16.16
17.09
17.97
16.82
18.85
19.09
19.43
16.5
16.89
14.79
18.38
16.36
14.87
15.72
17.68
18.12
18.75
19.17
18.07
17.21
19.95
20.29
21.22
20.07
18.09
21.34
17.09
14.6
15.99
16.89
17.07
20.78
21.17
20.73
19.87
19.92
17.21
18.12
18.46
18.77
19.29
17.87
16.82
17.75
18.19
20.09
22.83
20.21
20.83
18.21
16.5
17.16
18.04
18.51
16.43
21.22
21.24
20.39
21.61
17.92
16.87
19.17
19.7
19.65
19.19
19.41
17.21
19.43
18.73
16.63
18.21
17.43
16.94
18.73
19.43
20.73
18.87
17.94
16.06
17.33
16.28
21.09
20.46
18.75
18.24
16.06
16.24
18.21
19.51
21.58
17.72
17.99
15.19
16.36
18.65
19.31
16.41
17.33
17.26
17.77
18.43
17.97
17.41
15.92
17.09
17.21
18.04
18.75
20.34
19.58
17.26
16.48
17.77
16.92
18.12
19.38
19.95
17.65
16.65
17.92
18.73
18.68
17.41
18.41
20.07
16.6
16.04
16.38
17.31
16.28
20.17
18.6
16.41
16.41
15.6
18.02
20.29
19.24
19.75
20.39
18.29
18.53
17.38
18.38
18.21
19.51
17.21
17.19
17.92
19.24
19.43
19.6
19.07
19.92
16.55
17.68
17.19
19.78
17.6
17.48
18.75
16.7
16.48
17.94
19.87
17.14
18.55
20.14
19.95
18.7
20.51
18.53
17.24
19.73
17.77
16.46
18.7
17.94
18.97
19.38
18.55
18.7
18.95
19.53
17.14
20.09
16.87
19.17
19.75
19.82
19.73
20.02
22.73
17.85
16.48
17.38
19.14
19.68
20.34
22.53
15.97
16.75
15.65
16.5
19.12
17.38
18.41
18.16
19.95
16.26
16.26
17.02
16.43
17.33
19.31
18.46
17.72
18.65
17.99
19.24
19.34
19.87
19.56
17.65
19.6
18.31
17.68
17.48
17.75
17.75
18.38
18.63
15.67
15.97
18.48
16.38
15.04
16.5
16.28
18.33
16.72
16.6
15.58
16.72
16.65
15.55
16.77
17.36
17.5
19.63
20.24
20.61
18.73
20.95
16.28
14.65
15.33
16.19
16.99
18.31
17.65
19.29
20.46
18.68
18.26
17.19
15.75
16.31
19.58
19.43
20.51
20.26
21.48
20.04
19.6
20.02
17.8
16.48
16.14
16.43
21.39
22.44
22.19
18.87
17.75
17.8
18.43
19.14
19.87
19.97
20.26
18.21
19.8
17.29
18.14
18.95
19.43
20.21
19.51
19.43
17.55
17.9
18.63
18.26
19.53
20.97
19.85
22.88
18.95
18.19
18.14
17.7
19.19
20.43
19.75
21.73
18.07
18.43
19.65
20.46
19.7
22.95
19.48
18.24
19.75
20.63
17.8
18.46
18.26
18.21
18.46
19.75
19.97
18.53
18.58
18.6
21.83
20.09
18.6
17.9
16.48
16.99
19.7
20.02
19.95
19.87
19.68
18.97
18.16
20.07
22.19
18.75
17.07
14.31
15.65
16.97
18.38
16.97
16.97
18.53
18.26
17.19
17.41
19.09
17.7
20.51
16.82
16.8
17.26
17.68
18.7
19.21
19.53
17.09
16.63
17.26
