0.08268
0.0206
0.06399
0.07391
0.07172
0.03119
0.0536
0.06828
0.03014
0.02718
0.03119
0.04253
0.01097
0.03176
0.0145
0.05436
0.04549
0.03309
0.04787
0.068
0.05836
0.06733
0.1036
0.04292
0.01202
0.02518
0.06886
0.06924
0.06943
0.01421
0.04816
0.01249
0.02098
0.05922
0.008297
0.06599
0.04644
0.02728
0.03252
0.03519
0.04082
0.04673
0.006676
0.04244
0.01936
0.003624
0.0351
0.01602
0.005722
0.03433
0.01259
0.002384
0.01192
0.04997
0.00248
0.002289
0.03042
0.02832
0.00124
0.001621
0.04892
0.0308
0.002384
0.02441
0.01497
0.003147
0.001335
0.01411
0.004673
0.00124
0.002384
0.01898
0.01087
0.001431
0.02804
0.07792
0.004005
0.003433
0.01631
0.008202
0.001335
0.002861
0.01688
0.02003
0.004578
0.009155
0.00639
0.02327
0.002575
0.01554
0.05589
0.007153
0.00391
0.02365
0.003433
0.0007629
0.01307
0.02165
0.05503
0.08478
0.01936
0.0205
0.002193
0.04749
0.01726
0.003433
0.03901
0.0555
0.004768
0.001335
0.03843
0.01726
0.001717
0.003338
0.05646
0.01621
0.0165
0.05074
0.05617
0.01783
0.05131
0.01812
0.01259
0.02737
0.04244
0.05932
0.05836
0.04406
0.0329
0.09089
0.02718
0.0185
0.01278
0.008869
0.0104
0.02155
0.03147
0.01078
0.006962
0.01287
0.0123
0.06351
0.01087
0.009155
0.03338
0.01822
0.007915
0.02432
0.002289
0.02365
0.002575
0.01602
0.04139
0.02241
0.0535
0.01984
0.03014
0.02089
0.04454
0.002575
0.02708
0.02365
0.007629
0.02546
0.02193
0.01659
0.02069
0.03147
0.03672
0.02565
0.008965
0.01078
0.03738
0.007439
0.007057
0.03529
0.01469
0.08507
0.004959
0.05474
0.05331
0.005817
0.02337
0.03681
0.05779
0.008774
0.04597
0.01001
0.03185
0.008297
0.03681
0.03529
0.004768
0.03977
0.02804
0.06294
0.0102
0.06571
0.01459
0.01116
0.02909
0.06866
0.05102
0.01078
0.05817
0.04168
0.01659
0.04511
0.0288
0.07858
0.04826
0.02222
0.0412
0.04854
0.05932
0.004864
0.05121
0.04072
0.01955
0.04492
0.04101
0.05388
0.06409
0.1003
0.02699
0.05417
0.06218
0.05579
0.0495
0.09527
0.06018
0.1266
0.03815
0.04988
0.05512
0.05198
0.03834
0.03071
0.04692
0.04559
0.06628
0.07963
0.06294
0.06285
0.0412
0.05817
0.04635
0.04759
0.03204
0.04492
0.04597
0.03939
0.04559
0.03119
0.02966
0.03252
0.04959
0.01678
0.03233
0.008965
0.05932
0.03366
0.07057
0.01507
0.06952
0.04129
0.02928
0.07029
0.07811
0.07668
0.07315
0.07143
0.07248
0.09108
0.08583
0.07267
0.04349
0.0433
0.04797
0.0165
0.04101
0.03252
0.01574
0.06981
0.03414
0.05407
0.09975
0.0308
0.0597
0.05398
0.05074
0.04053
0.03119
0.07048
0.03786
0.05465
0.0309
0.09727
0.08144
0.04921
0.05751
0.1198
0.06342
0.02861
0.04349
0.02089
0.04196
0.04053
0.03033
0.02441
0.03195
0.02432
0.03996
0.02222
0.06132
0.01574
0.03157
0.0493
0.02193
0.06695
0.01478
0.03252
0.01116
0.02928
0.01211
0.04902
0.008583
0.05913
0.01526
0.0371
0.006771
0.02136
0.03395
0.03281
0.007725
0.0247
0.02289
0.02708
0.0701
0.01049
0.0227
0.08297
0.03672
0.01011
0.005341
0.007915
0.05283
0.01841
0.02384
0.006485
0.02384
0.02117
0.01488
0.01297
0.001431
0.004482
0.01612
0.003147
0.0009537
0.02069
0.02279
0.003052
0.01669
0.04969
0.008392
0.02155
0.01335
0.001526
0.00639
0.01535
0.02842
0.003338
0.01888
0.06237
0.002098
0.01106
0.02193
0.00658
0.003624
0.01783
0.008965
0.002003
0.01249
0.02985
0.004292
0.001431
0.05636
0.001812
0.001431
0.037
0.007248
0.00124
0.04358
0.01688
0.003529
0.002766
0.01583
0.002861
0.001526
0.05274
0.01221
0.001717
0.004005
0.0452
0.003338
0.003147
0.03357
0.01431
0.003338
0.001621
0.01383
0.001144
0.0009537
0.008011
0.02003
0.001335
0.001431
0.01392
0.0008583
0.001144
0.01259
0.005531
0.0009537
0.003433
0.01335
0.001049
0.0009537
0.01097
0.002766
0.0009537
0.004768
0.01202
0.001431
0.0008583
0.01211
0.001812
0.0009537
0.01631
0.02842
0.004005
0.006485
0.05684
0.03109
0.006866
0.01431
0.03309
0.001144
0.0009537
0.02022
0.003433
0.001621
0.0246
0.009537
0.001526
0.006008
0.0227
0.001717
0.003147
0.02699
0.009632
0.005341
0.03004
0.02985
0.006104
0.01001
0.0433
0.00248
0.004196
0.03605
0.01297
0.00515
0.02375
0.01383
0.009918
0.007629
0.04263
0.009823
0.008392
0.03662
0.0123
0.002766
0.02279
0.01984
0.004292
0.02546
0.04826
0.004196
0.01717
0.05112
0.00906
0.008965
0.04416
0.02422
0.01469
0.06514
0.02317
0.02995
0.09661
0.03834
0.02737
0.05274
0.01459
0.04797
0.01793
0.03376
0.02699
0.01945
0.06981
0.04187
0.03738
0.01268
0.04349
0.009918
0.04406
0.008869
0.1078
0.01755
0.03033
0.05779
0.06323
0.02918
0.08373
0.06905
0.1268
0.09098
0.07696
0.0659
0.01945
0.03471
0.05512
0.02403
0.0351
0.0308
0.02565
0.03195
0.00515
0.05322
0.02069
0.04559
0.04568
0.02012
0.04692
0.02947
0.04835
0.03242
0.0556
0.06084
0.02375
0.07191
0.00391
0.07849
0.02041
0.04606
0.04196
0.003529
0.09165
0.02937
0.01173
0.09718
0.00391
0.01936
0.08793
0.006866
0.02451
0.07782
0.0349
0.02365
0.07
0.004864
0.0699
0.03901
0.06456
0.05322
0.0576
0.07505
0.04196
0.05455
0.07
0.06475
0.05159
0.1415
0.1041
0.0515
0.06247
0.06123
0.03901
0.09975
0.06266
0.06895
0.07277
0.04539
0.05283
0.03538
0.03719
0.05732
0.03672
0.04215
0.01421
0.06447
0.02747
0.06657
0.05827
0.05569
0.04902
0.06628
0.06123
0.01736
0.02394
0.02594
0.03128
0.03223
0.01373
0.0701
0.004959
0.04406
0.003338
0.04559
0.02899
0.03138
0.04358
0.007534
0.0556
0.004292
0.03319
0.02441
0.006199
0.03958
0.003242
0.01125
0.02956
0.004101
0.05293
0.006485
0.01583
0.04568
0.004387
0.01926
0.01335
0.003338
0.01278
0.003433
0.001431
0.0164
0.01078
0.0009537
0.008392
0.007057
0.003338
0.00515
0.0165
0.0009537
0.001049
0.01841
0.001812
0.002003
0.008011
0.008774
0.004578
0.001812
0.03366
0.001717
0.0009537
0.01268
0.00248
0.001144
0.006485
0.009918
0.00124
0.00124
0.01364
0.001431
0.001431
0.007725
0.007629
0.001144
0.001049
0.01574
0.001049
0.001049
0.0104
0.01583
0.001049
0.001144
0.0205
0.006008
0.00124
0.03633
0.04711
0.001049
0.001621
0.02031
0.006866
0.001144
0.009346
0.0206
0.01831
0.001526
0.01879
0.004482
0.001049
0.01249
0.02079
0.005054
0.001144
0.01974
0.01631
0.0009537
0.009537
0.02747
0.01287
0.001717
0.0205
0.0103
0.00391
0.01211
0.02079
0.01993
0.0248
0.02031
0.007057
0.001049
0.009537
0.05655
0.01993
0.003052
0.03166
0.007534
0.001526
0.01488
0.01993
0.03967
0.006771
0.03366
0.00906
0.004482
0.03834
0.02155
0.003815
0.02451
0.05856
0.003433
0.007534
0.05436
0.01898
0.008011
0.035
0.006676
0.01059
0.02718
0.06914
0.009251
0.01707
0.04635
0.00267
0.007915
0.0906
0.04454
0.002193
0.05436
0.1095
0.06657
0.01631
0.05608
0.005722
0.01173
0.07753
0.03567
0.009346
0.05302
0.05808
0.003624
0.01535
0.08307
0.01764
0.01583
0.103
0.07286
0.01135
0.05217
0.06418
0.0124
0.04492
0.06409
0.008392
0.03672
0.08039
0.08955
0.05684
0.03538
0.003147
0.04482
0.03748
0.01364
0.06247
0.04368
0.01287
0.08259
0.01574
0.06342
0.04396
0.01459
0.05369
0.008297
0.03262
0.01583
0.02174
0.0905
0.0205
0.03119
0.008202
0.02785
0.007439
0.03633
0.00391
0.03271
0.008965
0.03004
0.01907
0.0104
0.03748
0.003052
0.03366
0.009155
0.04187
0.02279
0.02689
0.04435
0.008583
0.02642
0.01526
0.004673
0.06104
0.01526
0.01192
0.04168
0.004196
