17.94
17.6
14.99
16.75
16.11
17.97
15.5
18.95
18.43
18.19
15.55
16.58
14.97
17.04
15.7
15.82
17.04
18.55
20.04
18.33
20.39
15.55
17.99
17.11
17.87
19.73
17.65
18.68
16.43
17.29
16.72
17.29
18.48
20.21
17.82
15.82
19.46
16.36
18.41
18.12
17.36
15.5
20.58
16.8
20.39
19.41
16.38
18.73
20.17
20.58
20.51
18.21
18.6
19.38
22.0
20.21
17.29
16.72
17.11
15.28
17.97
17.07
16.82
17.11
16.04
15.04
14.99
15.33
17.09
13.04
15.31
15.06
16.8
15.31
13.35
14.87
15.19
16.58
13.35
14.06
14.33
14.87
15.62
14.62
14.43
13.45
15.65
15.97
15.11
14.92
13.62
14.45
14.89
13.55
16.02
16.94
14.33
13.87
17.21
16.16
14.82
15.58
14.53
15.65
16.02
13.84
16.41
14.97
14.36
13.99
14.14
13.84
13.62
14.43
15.5
14.75
16.46
14.5
13.89
15.7
15.31
15.16
16.46
15.72
15.77
16.65
16.87
14.89
16.53
17.41
17.58
15.38
15.19
16.82
16.7
18.85
15.67
17.04
16.92
15.62
18.51
17.8
16.85
17.7
17.72
19.19
19.51
17.31
17.19
15.53
17.65
17.8
20.07
16.46
18.51
16.5
19.19
17.63
18.92
17.38
15.21
19.12
17.82
16.85
17.63
15.67
16.41
16.8
19.07
18.68
17.63
18.09
18.68
18.6
19.31
21.26
16.48
16.65
16.94
16.53
16.94
15.7
15.7
17.04
17.09
17.11
14.84
17.16
17.46
15.45
17.26
15.55
15.14
18.36
16.21
15.62
17.04
16.38
16.02
15.99
14.26
17.21
16.7
15.77
14.36
16.33
17.43
15.82
17.58
16.19
15.53
16.77
17.53
16.14
15.82
14.82
15.16
16.04
18.12
18.14
15.43
17.38
17.85
16.85
16.82
16.02
19.68
18.95
17.99
17.75
17.72
17.65
16.75
16.43
16.31
14.36
15.65
17.07
16.75
18.77
13.75
14.48
16.46
17.07
16.55
16.85
18.65
14.77
17.11
17.63
15.92
16.97
16.6
14.99
16.94
18.26
15.26
17.02
17.04
17.99
16.48
16.67
17.07
17.58
18.51
17.31
16.33
17.72
17.33
16.43
18.38
15.89
15.67
15.6
18.65
17.9
19.97
18.65
17.24
17.46
17.75
18.68
18.33
19.07
17.5
17.53
18.12
18.92
16.26
16.99
17.94
16.09
18.36
16.48
16.92
19.26
16.26
16.63
16.75
16.89
15.62
17.31
18.12
17.29
15.41
17.19
15.92
18.55
17.16
15.55
15.38
16.06
14.6
16.26
17.38
17.41
15.97
16.89
15.82
15.99
18.02
15.58
14.84
18.95
15.75
15.01
14.31
15.92
13.5
15.23
14.48
13.57
15.06
14.14
16.43
15.09
16.7
16.19
14.01
15.62
14.14
15.84
15.87
14.14
15.14
17.68
17.85
15.97
15.65
17.48
15.45
16.26
14.65
15.26
16.63
15.45
16.24
16.06
14.67
15.5
15.8
17.63
15.92
14.87
15.7
15.87
16.33
17.09
13.45
15.62
15.82
15.33
16.11
16.5
16.97
18.7
16.21
13.87
16.11
15.75
17.77
15.21
14.16
15.04
18.6
16.11
17.16
14.7
16.85
17.36
17.94
18.12
17.63
16.7
18.16
17.19
16.65
19.02
17.9
19.07
18.58
16.24
18.6
20.53
16.06
17.41
20.34
18.99
17.41
18.19
20.31
19.36
18.99
17.07
18.21
18.24
18.95
20.9
18.87
18.31
18.6
17.8
18.48
16.75
17.72
22.31
21.24
17.68
17.55
19.68
17.92
16.5
18.09
18.02
20.07
17.75
17.92
18.99
18.9
20.75
18.95
16.11
16.72
19.14
18.04
16.97
15.16
16.82
19.51
17.48
16.04
15.45
16.75
18.51
18.24
17.31
16.38
18.09
17.9
18.46
18.75
16.82
15.65
16.97
19.41
17.9
18.77
18.33
17.53
18.31
16.38
18.92
18.09
19.63
18.02
18.58
16.58
17.53
21.66
17.99
16.87
15.62
15.97
20.26
17.26
16.58
18.75
16.21
16.26
18.65
16.41
15.31
15.62
16.53
17.75
14.84
15.8
18.82
16.58
15.23
15.33
18.33
15.41
16.82
15.65
15.38
16.43
17.41
14.97
17.09
16.63
16.55
16.26
16.02
15.72
18.6
15.77
17.75
17.24
17.21
16.53
16.24
16.26
15.36
20.68
16.55
15.33
17.46
16.77
17.04
19.87
16.5
16.6
18.73
18.26
19.36
17.26
18.99
18.58
21.95
19.19
20.36
18.95
19.26
20.34
16.87
17.5
17.68
16.8
18.75
15.58
16.24
17.02
17.38
17.31
16.82
18.65
18.26
16.97
17.63
16.8
16.94
17.21
15.28
16.31
15.75
15.94
15.33
16.82
15.55
17.6
16.24
16.87
15.14
15.55
14.67
15.31
18.36
14.45
15.7
15.19
14.62
15.14
14.92
14.99
17.5
16.02
18.95
18.6
16.89
16.92
15.89
19.41
17.94
17.11
15.94
17.7
17.43
18.58
18.6
17.87
19.48
18.97
17.36
18.97
18.65
15.14
17.77
19.78
18.26
17.5
16.04
16.7
16.14
18.16
17.04
17.5
17.6
17.65
16.14
19.31
17.36
17.04
16.14
17.16
18.68
18.58
17.29
15.65
16.48
18.68
19.36
18.33
17.72
16.94
18.95
18.26
20.07
19.73
18.04
19.12
18.31
17.46
21.92
18.14
16.55
19.21
19.73
17.21
18.07
18.38
19.09
19.63
19.12
20.58
20.53
20.36
20.19
19.8
18.51
20.17
20.7
18.7
22.09
18.63
20.48
18.99
18.9
19.58
19.31
19.78
21.09
18.51
19.36
19.56
20.29
20.21
19.17
19.12
19.92
18.9
19.87
17.77
17.87
18.73
20.87
18.41
19.46
17.97
19.75
17.29
18.63
18.46
19.02
19.21
18.16
18.51
18.43
18.38
19.19
20.7
18.92
18.09
18.8
19.12
18.48
19.6
18.55
17.85
17.16
17.6
18.51
19.58
18.63
18.48
18.63
20.46
