0.03757
0.02756
0.02794
0.04025
0.03328
0.03033
0.03052
0.03252
0.03662
0.02718
0.03538
0.02756
0.02651
0.03147
0.0289
0.0351
0.03805
0.02956
0.02871
0.03309
0.02613
0.0329
0.03271
0.0289
0.03748
0.0329
0.02508
0.02718
0.03548
0.02518
0.03023
0.03223
0.03319
0.03109
0.03042
0.02642
0.02785
0.03157
0.02499
0.04005
0.05388
0.04339
0.04148
0.02708
0.03557
0.0351
0.03042
0.02499
0.02384
0.02604
0.02537
0.03033
0.03185
0.0268
0.02794
0.04377
0.02451
0.03252
0.02851
0.0247
0.02661
0.02518
0.02384
0.02174
0.02489
0.02575
0.02232
0.03672
0.02766
0.02737
0.02785
0.02298
0.02384
0.03185
0.01936
0.01774
0.02232
0.02022
0.02213
0.02251
0.02375
0.02165
0.02785
0.0226
0.04263
0.01526
0.02422
0.0329
0.02975
0.02651
0.03214
0.03481
0.035
0.0165
0.04435
0.01488
0.02785
0.02155
0.01631
0.01688
0.04082
0.06599
0.02689
0.02365
0.05932
0.02031
0.02508
0.02804
0.02985
0.02413
0.0267
0.02098
0.01965
0.02069
0.01421
0.01907
0.02241
0.01287
0.02317
0.01335
0.02451
0.03881
0.02146
0.0144
0.02012
0.02213
0.03242
0.01802
0.02241
0.0165
0.01173
0.01965
0.02394
0.0145
0.01726
0.02232
0.01707
0.01631
0.01917
0.01621
0.01411
0.02012
0.02308
0.0145
0.01259
0.01507
0.01049
0.009918
0.02747
0.02337
0.03214
0.04292
0.02995
0.0247
0.0329
0.02508
0.01593
0.02289
0.02298
0.02337
0.02937
0.06628
0.033
0.02594
0.03176
0.02575
0.02937
0.0309
0.03214
0.02289
0.02613
0.02918
0.0246
0.03071
0.02174
0.02642
0.02289
0.02632
0.02365
0.02918
0.02451
0.02232
0.02851
0.02527
0.02956
0.02632
0.02337
0.03376
0.03996
0.03452
0.03347
0.03204
0.03386
0.04358
0.04082
0.04482
0.04644
0.05007
0.03443
0.03433
0.04311
0.0371
0.04673
0.04883
0.03548
0.04158
0.04883
0.04759
0.03386
0.03691
0.04835
0.05512
0.04311
0.04272
0.03719
0.03242
0.03891
0.04063
0.03071
0.03223
0.03281
0.04568
0.02623
0.02699
0.03471
0.03052
0.0227
0.02422
0.02975
0.02527
0.02527
0.0248
0.02642
0.03347
0.02575
0.02718
0.03138
0.02642
0.02813
0.02871
0.0308
0.02756
0.02155
0.03414
0.04044
0.02928
0.0289
0.03309
0.01984
0.033
0.02928
0.03757
0.03319
0.037
0.04177
0.02308
0.02909
0.02623
0.02527
0.02155
0.03242
0.03061
0.03595
0.02518
0.02403
0.02193
0.02575
0.0227
0.02317
0.02718
0.02308
0.02661
0.03958
0.03138
0.03128
0.03242
0.03405
0.0226
0.03042
0.03099
0.03672
0.02775
0.0309
0.02193
0.02499
0.02499
0.03386
0.03223
0.04177
0.03157
0.02613
0.02403
0.03586
0.02651
0.02317
0.01888
0.02394
0.02089
0.03004
0.02537
0.02127
0.02737
0.02499
0.01554
0.01898
0.02222
0.02918
0.03586
0.02966
0.03395
0.03061
0.03834
0.03223
0.02708
0.035
0.03204
0.03719
0.03052
0.02832
0.04148
0.05283
0.03252
0.03204
0.03328
0.04396
0.05426
0.04654
0.03996
0.04606
0.02909
0.04234
0.04148
0.03004
0.03128
0.03605
0.03071
0.03548
0.03014
0.02623
0.03557
0.03595
0.04301
0.03786
0.02489
0.04377
0.02985
0.03071
0.03061
0.02422
0.03223
0.03462
0.02356
0.02184
0.02537
0.02441
0.03729
0.04063
0.04988
0.03948
0.03653
0.02556
0.02337
0.02575
0.01755
0.02308
0.02728
0.02575
0.01965
0.01793
0.01659
0.02193
0.01898
0.01965
0.01802
0.01698
0.01879
0.02422
0.02155
0.0248
0.02251
0.02289
0.06647
0.03204
0.03462
0.03872
0.01802
0.0246
0.02584
0.01411
0.01535
0.02375
0.01793
0.01869
0.0205
0.01326
0.01163
0.01421
0.01488
0.02832
0.01659
0.02279
0.01564
0.0185
0.01554
0.01793
0.03033
0.02279
0.01974
0.01755
0.02146
0.01831
0.04139
0.02861
0.01268
0.02155
0.02279
0.02861
0.01955
0.03633
0.02775
0.02832
0.03452
0.03119
0.04196
0.03166
0.02623
0.02804
0.02689
0.02966
0.02327
0.01602
0.01554
0.01926
0.01965
0.01602
0.02146
0.01707
0.01259
0.01507
0.01574
0.01955
0.0186
0.02308
0.02155
0.02365
0.02346
0.02041
0.02232
0.02365
0.02031
0.01974
0.0205
0.02069
0.03128
0.03252
0.0351
0.04272
0.03901
0.02794
0.02108
0.02813
0.02165
0.03233
0.03681
0.03977
0.04406
0.03653
0.03281
0.03405
0.04082
0.03843
0.02975
0.03529
0.03481
0.03233
0.03042
0.03748
0.03805
0.04807
0.04673
0.03939
0.0514
0.04396
0.04015
0.03557
0.02794
0.03119
0.03061
0.02766
0.02699
0.02794
0.05112
0.1324
0.02394
0.02213
0.03147
0.03414
0.02794
0.04807
0.03481
0.03414
0.0246
0.02995
0.03033
0.03891
0.03948
0.03681
0.04749
0.04349
0.02966
0.03128
0.03691
0.0391
0.03967
0.04368
0.03977
0.03948
0.0515
0.03977
0.03881
0.04063
0.03958
0.0473
0.03481
0.03414
0.03128
0.04406
0.03901
0.04845
0.03643
0.02775
0.03071
0.02966
0.0289
0.02995
0.03529
0.03071
0.03252
0.03014
0.03338
0.0246
0.03195
0.03042
0.02584
0.03271
0.02642
0.07248
0.1335
0.1425
0.1371
0.112
0.0824
0.1043
0.09203
0.07601
0.07515
0.06628
0.07772
0.0351
0.02518
0.03014
0.03452
0.02365
0.02937
0.02375
0.02651
0.02842
0.02756
0.02565
0.0371
0.02899
0.04835
0.04911
0.03643
0.02785
0.03185
0.02289
0.03834
0.03176
0.03796
0.02623
0.035
0.03328
0.02947
0.02813
0.02966
0.03366
0.02842
0.02546
0.03214
0.0288
0.0248
0.03662
0.02499
0.03157
0.02861
0.02613
0.02213
0.03023
0.02708
0.03843
0.03166
0.04606
0.04711
0.05016
0.02823
0.03366
0.05264
0.02756
0.03023
0.03462
0.03271
0.02775
0.02737
0.02556
0.0392
0.02222
0.02918
0.02813
0.02594
0.02308
0.02422
0.02041
0.02823
0.02346
0.02279
0.01955
0.02203
0.02384
0.02699
0.02642
0.03386
0.03567
0.02813
0.01497
0.02193
0.02956
0.01583
0.02069
0.02089
0.01974
0.01745
0.01698
0.02012
0.0267
0.02003
0.0206
0.01278
0.01736
0.01936
0.02155
0.01287
0.01774
0.02079
0.02546
0.0309
0.02213
0.03614
0.01984
0.05655
0.01497
0.01574
0.01621
0.01688
0.0206
0.01936
0.01564
0.02279
0.01993
0.0227
0.02489
0.01736
0.0206
0.01812
0.01698
0.01888
0.02022
0.01879
0.0124
0.01259
0.02136
0.01564
0.0206
0.01974
0.02384
0.02184
0.0186
0.02117
0.02642
0.02127
0.01783
0.02661
0.0248
0.02031
0.02947
0.02241
0.02174
0.01802
0.0289
0.01984
0.01869
0.02041
0.02003
0.02117
0.01869
0.03052
0.02308
0.01869
0.01812
0.02813
0.01869
0.02184
0.02069
0.0247
0.01955
0.02699
0.02232
0.01736
0.02213
0.01774
0.01726
0.02203
0.02241
0.01945
0.01888
0.0206
0.03138
0.02899
0.02403
0.02384
0.02508
0.02184
0.03729
0.04168
0.03719
0.03576
0.04749
0.05436
0.04663
0.04025
0.04377
0.04244
0.04635
0.0433
0.0453
0.04864
0.05894
0.05417
0.05026
0.04339
0.04253
0.04063
0.04473
0.03862
0.04005
0.05598
0.05331
0.04759
0.07381
0.0473
0.05169
0.0351
0.04072
0.04501
0.05093
0.04177
0.03433
0.04883
0.05436
0.04807
0.04148
0.05016
0.04816
0.05159
0.04377
0.04606
0.04759
0.04339
0.03939
0.03948
0.04797
0.0351
0.04072
0.04168
0.02975
0.04368
0.04501
0.03605
0.06495
0.03796
0.04263
0.03605
0.03271
0.04444
0.04578
0.03757
0.0433
0.03862
0.04234
0.04301
0.03996
0.03853
0.03958
0.03014
