28.08
28.56
28.32
28.52
28.76
29.2
29.15
28.76
28.71
29.15
29.93
30.03
29.93
30.32
29.59
29.3
29.05
29.0
28.66
28.37
28.56
29.05
28.47
28.66
28.52
28.52
28.52
28.52
28.17
27.88
28.08
28.56
28.08
29.93
28.37
27.78
28.22
28.22
29.25
29.98
30.52
29.74
29.15
29.2
28.52
28.08
27.49
27.0
27.44
27.05
25.63
25.88
25.29
24.63
24.24
23.22
22.27
22.24
23.29
23.02
24.29
24.19
23.93
21.97
21.85
21.41
21.29
21.14
20.85
19.04
19.41
19.21
19.43
19.12
18.16
16.94
17.53
14.84
15.01
16.11
16.99
17.72
18.04
14.6
13.6
13.67
14.43
13.87
14.67
15.09
13.75
13.18
11.6
11.6
10.28
9.912
9.583
9.912
10.23
10.18
10.49
10.24
10.46
10.21
10.25
8.801
9.192
9.68
11.3
11.17
10.16
9.009
8.264
9.546
9.485
8.813
9.18
8.093
9.192
10.14
11.02
11.36
10.94
9.668
10.05
10.67
9.534
7.776
10.88
11.25
10.64
10.35
10.42
8.643
10.55
10.49
10.24
9.436
9.338
9.509
9.79
10.08
10.34
10.51
9.778
10.52
11.36
11.12
11.88
12.45
9.79
12.49
13.18
12.89
13.16
12.65
13.26
13.67
13.65
14.09
14.38
14.14
14.77
16.06
15.89
16.36
16.38
16.14
16.55
17.04
16.8
17.31
17.07
17.14
17.16
17.5
17.7
18.63
20.51
22.02
22.95
23.41
23.75
24.02
22.83
24.39
24.51
26.03
27.39
27.54
27.69
28.47
28.71
28.56
29.59
29.3
28.17
28.32
28.37
28.52
28.96
29.39
29.15
28.76
28.86
28.37
27.98
27.88
27.98
27.98
29.0
29.74
29.54
29.59
29.39
29.44
29.35
29.44
29.39
29.39
29.39
29.35
29.15
29.25
29.05
29.05
29.39
29.49
29.64
29.98
29.49
29.35
28.91
29.69
29.64
30.03
30.18
30.57
30.57
29.49
29.25
29.49
29.35
29.93
29.3
28.22
28.37
28.32
28.37
28.81
29.44
30.08
29.98
29.3
28.81
28.47
28.17
28.47
28.81
28.47
28.52
29.05
28.86
28.86
28.66
29.35
30.37
29.49
28.86
29.05
28.81
28.61
29.49
29.35
29.39
29.93
30.27
30.08
29.74
29.44
29.35
29.44
29.69
29.25
29.1
29.69
30.22
29.79
28.96
30.03
29.59
29.0
30.27
30.47
29.64
30.42
29.64
30.08
30.08
29.93
29.98
29.64
29.54
28.86
29.39
29.25
28.96
28.71
28.56
29.1
28.86
28.91
28.71
29.59
30.22
30.13
29.83
29.64
29.0
29.49
30.37
29.59
28.56
28.81
28.42
28.61
28.71
28.76
28.27
29.64
29.74
28.61
27.39
28.27
27.69
27.54
27.98
26.71
26.56
27.54
27.44
26.42
26.22
25.83
25.24
24.9
23.41
23.44
23.54
21.8
20.92
20.07
19.26
18.41
17.99
18.68
18.31
18.09
16.6
15.06
14.11
13.96
13.62
13.96
13.21
12.72
12.38
12.72
12.7
11.89
11.65
11.41
11.51
11.4
11.74
12.18
12.0
11.95
12.38
12.01
11.24
11.1
11.05
10.66
10.5
9.766
9.094
9.338
10.68
10.82
10.85
11.24
11.8
11.84
10.74
9.265
9.253
8.484
8.362
8.386
8.752
8.643
9.998
11.06
11.05
10.23
10.28
10.86
11.34
11.32
10.86
9.412
9.558
11.11
11.28
11.74
11.44
9.424
9.265
10.96
11.67
12.07
11.88
11.77
9.79
11.61
11.23
11.12
12.67
10.9
12.57
13.23
13.57
13.35
10.64
14.26
15.14
15.6
14.28
15.92
16.41
16.82
18.55
18.51
18.68
19.38
18.02
18.46
19.09
19.56
19.63
18.75
17.63
19.8
21.9
23.27
23.44
25.88
26.37
27.39
29.05
29.44
28.47
28.56
28.71
28.52
28.76
29.3
30.32
30.37
30.03
29.54
28.81
28.12
28.12
29.3
29.2
27.64
27.83
28.96
29.25
29.0
29.44
28.86
28.76
28.47
28.32
28.42
28.91
28.96
29.35
29.39
29.1
28.66
28.71
28.71
28.81
28.76
28.76
29.35
29.44
29.54
29.15
28.81
28.81
28.91
28.76
29.74
29.15
28.32
27.93
29.2
29.15
30.03
30.08
30.03
30.18
29.25
29.35
28.47
28.27
28.32
28.47
28.66
29.54
29.49
29.39
29.64
29.64
29.79
29.69
29.39
30.81
30.71
29.88
30.47
30.32
29.93
29.74
29.69
29.64
29.93
29.59
29.64
29.93
29.83
29.88
30.52
30.42
30.03
30.08
29.54
29.39
29.79
29.54
29.44
29.64
29.54
30.52
29.98
29.79
29.93
30.32
30.18
30.03
30.03
30.32
30.71
30.47
30.62
29.98
29.69
30.03
29.88
29.83
29.93
29.39
29.35
29.59
29.49
29.39
28.91
28.86
30.47
30.37
29.44
29.0
28.81
28.96
28.61
28.66
28.37
28.22
28.27
28.22
29.74
29.64
29.35
28.76
28.17
28.42
28.56
28.27
28.17
28.17
27.88
28.27
28.56
28.52
28.12
28.17
28.12
27.34
27.25
27.83
27.2
27.15
26.17
26.03
25.78
24.95
24.9
23.95
23.02
22.34
21.36
21.44
21.31
19.58
18.8
17.68
16.14
16.19
17.9
15.87
15.23
14.7
13.31
12.96
13.4
12.87
12.55
12.28
12.84
12.55
11.62
12.18
12.04
10.68
12.01
11.35
11.38
10.91
10.93
11.01
10.19
10.35
10.07
9.79
9.705
9.033
8.728
7.3
7.605
10.44
9.924
10.39
9.326
8.472
9.607
10.11
9.656
9.473
8.191
8.081
8.386
8.35
9.167
8.411
7.739
8.057
8.691
8.862
9.18
9.583
9.509
10.01
10.33
9.583
9.985
10.03
9.521
9.631
9.802
9.009
9.229
9.143
9.167
9.631
11.21
10.99
10.61
11.4
11.58
12.67
13.48
13.57
14.09
13.82
14.09
14.36
14.7
14.72
14.36
13.96
15.26
15.82
15.82
12.52
16.92
16.7
16.65
17.7
18.43
18.7
19.48
19.24
20.78
22.41
22.73
23.85
23.68
24.24
26.03
27.59
27.83
28.42
28.42
28.42
28.96
29.79
30.03
29.35
28.86
28.76
29.2
30.57
29.2
28.71
28.96
28.86
29.05
29.25
29.49
29.88
29.15
29.2
29.44
28.86
29.3
26.51
30.66
29.0
29.35
29.35
29.59
29.1
28.61
28.37
28.47
28.56
28.66
28.81
29.64
29.49
29.93
29.59
29.44
29.15
29.1
29.69
29.35
29.3
28.81
28.71
29.1
28.91
29.05
28.96
28.71
28.86
29.05
29.0
28.47
28.52
28.52
28.42
28.52
28.76
28.61
29.25
29.39
29.44
29.39
30.47
30.27
