0.02346
0.02604
0.02346
0.02604
0.02604
0.02604
0.02604
0.02604
0.02346
0.02861
0.02604
0.02861
0.02604
0.02861
0.02604
0.02604
0.02346
0.02861
0.02346
0.02604
0.02346
0.02861
0.02346
0.02604
0.02604
0.02604
0.02346
0.02604
0.02346
0.02604
0.02346
0.02604
0.02346
12.5
25.59
37.74
21.48
7.617
0.396
0.0495
0.02604
0.02604
0.02604
5.237
15.38
13.16
17.46
16.72
19.17
13.94
13.28
30.32
37.5
37.16
37.26
36.87
37.21
36.38
36.33
19.29
18.19
37.89
36.82
37.7
37.5
36.96
36.72
35.84
34.03
35.64
37.45
37.35
37.45
37.16
37.16
37.21
37.16
34.23
34.33
34.67
34.91
31.69
25.29
24.58
28.37
29.93
29.3
28.86
32.81
34.42
31.45
13.35
10.61
8.838
8.923
7.3
16.06
19.26
7.727
4.364
3.546
3.229
18.04
20.58
18.36
16.38
18.19
35.74
35.74
35.35
35.64
36.18
36.82
35.55
27.2
6.75
37.65
37.79
37.99
37.45
36.33
36.52
32.86
34.77
35.89
36.62
32.03
30.47
31.3
32.23
31.4
32.47
33.69
33.69
33.98
32.57
29.49
33.35
33.54
33.69
33.45
33.64
34.47
34.13
33.5
35.06
25.73
10.85
10.93
10.4
7.446
17.24
20.97
4.871
4.236
3.247
3.918
24.1
31.69
35.5
37.4
37.45
35.35
32.76
32.96
13.06
23.39
37.4
35.89
35.3
34.91
34.42
35.16
36.18
36.43
36.33
36.47
33.98
34.08
35.6
34.57
36.23
35.94
35.6
35.99
34.62
33.94
34.38
33.69
34.57
34.86
33.4
31.79
32.62
31.15
31.59
12.12
10.9
10.8
8.789
15.04
14.77
13.23
4.272
4.358
3.479
7.397
37.99
33.98
34.33
33.98
33.74
34.38
33.54
31.4
7.141
38.53
37.35
36.43
34.42
33.4
33.3
34.03
32.91
33.5
32.81
34.18
35.55
34.57
34.67
33.98
34.08
34.67
35.35
34.81
32.18
32.23
32.18
32.76
30.86
30.52
31.3
31.88
28.66
30.03
28.76
30.42
25.63
10.71
10.42
10.47
7.507
7.202
15.36
20.53
4.541
3.833
3.235
15.58
33.98
34.38
35.16
37.01
36.77
35.89
34.81
25.88
13.77
38.87
37.45
36.82
36.77
36.72
35.69
34.13
35.21
34.47
35.25
35.79
35.89
34.47
32.91
32.42
33.15
33.69
33.2
31.49
31.64
33.2
32.81
31.69
32.47
31.59
30.86
30.57
30.86
31.15
32.18
30.22
10.97
8.313
9.57
9.888
6.848
14.06
8.313
19.87
3.583
4.065
3.375
3.119
1.263
0.3906
0.06247
0.02346
0.02861
0.02604
0.02604
0.02604
0.02861
0.02346
0.02604
0.02604
0.02604
0.02604
0.02861
0.02346
0.02604
0.02604
0.02604
0.02346
0.02604
0.02346
0.02861
0.02604
0.02346
0.02346
0.02861
0.02346
0.02604
0.02604
0.02604
0.02346
0.02346
0.02604
0.03128
0.02604
0.03128
0.02604
0.03128
0.02861
0.03128
0.02861
0.02861
0.02861
0.02604
0.02604
0.02604
0.02346
0.02604
0.02346
0.02604
0.02346
0.02604
0.02604
0.02604
0.02604
0.02604
0.02346
0.02604
0.02346
0.02346
0.02604
0.02604
0.02346
0.02604
0.02604
0.02861
0.02604
0.02604
0.02604
0.02861
0.02346
0.02604
0.02346
0.02604
0.02346
0.02604
0.02604
0.02604
0.02604
0.02861
0.02346
0.02604
0.02346
0.02604
0.02346
0.02604
0.02604
0.02861
0.02346
0.02604
0.02604
0.02861
0.02604
0.02604
0.02861
0.02861
0.02346
0.02604
0.02604
0.02604
0.02346
0.02861
0.02346
0.02604
0.02346
0.02604
0.02604
0.02604
0.02346
0.02861
0.02346
0.02604
0.02604
0.02604
0.02346
0.02861
0.02604
0.02604
2.191
2.979
30.62
33.01
34.72
35.45
35.74
35.6
35.64
35.3
34.72
35.55
35.99
35.69
35.4
32.76
34.28
36.91
37.01
36.52
35.69
32.23
32.18
31.79
33.01
33.35
33.25
31.3
31.15
32.32
34.52
23.83
10.67
10.6
10.34
11.87
18.16
16.14
15.77
1.895
0.3021
0.09375
0.02346
0.02604
0.02346
0.02604
6.274
39.36
37.16
36.67
37.35
36.47
36.62
35.94
37.11
34.23
34.18
34.28
33.4
33.15
35.06
36.91
37.06
35.11
33.74
35.99
35.84
30.96
29.93
30.08
31.49
32.67
33.4
34.67
35.11
35.6
14.16
10.06
9.534
9.631
11.15
17.19
17.55
12.99
3.339
0.383
0.177
0.02861
2.081
18.85
36.87
37.5
37.84
36.08
36.38
34.42
35.45
37.4
37.5
36.96
35.21
32.08
32.67
34.13
34.52
35.45
35.11
35.79
36.87
35.25
33.54
32.47
31.25
32.71
33.94
35.01
35.11
35.55
14.92
10.89
9.998
10.82
11.25
18.53
17.63
11.63
1.849
8.85
38.82
37.26
37.4
36.67
35.16
35.4
34.67
35.16
35.94
37.11
37.21
36.52
36.72
37.16
36.72
36.23
35.79
32.71
33.01
33.54
32.62
32.52
31.35
32.37
32.18
32.57
32.18
31.74
31.35
11.25
10.29
10.34
10.4
10.25
6.25
9.119
23.39
8.765
1.715
0.3124
0.07553
0.02346
0.02604
0.02604
0.02604
0.02604
0.02346
0.02861
0.02346
0.02604
0.02346
0.02604
0.02346
0.02604
0.02346
0.02861
0.02604
0.02861
0.02604
0.02604
0.02346
0.02861
0.02346
0.02604
0.02604
0.02604
0.02346
0.02861
0.02346
0.02604
0.02346
0.02861
0.02346
0.02604
0.02604
0.02604
0.02346
0.02604
0.02604
0.02604
0.02346
0.02861
0.02346
0.02604
0.02346
0.02604
0.02604
0.02604
0.02346
0.02604
0.02346
0.02604
0.02346
0.02604
0.02079
0.02861
0.02346
0.02604
0.02604
0.02604
0.02346
0.02604
0.02346
0.02604
0.02346
10.79
39.11
36.91
35.25
33.89
32.76
35.79
36.87
37.55
37.21
35.4
33.89
31.64
33.89
34.18
34.13
34.96
35.6
34.96
36.77
35.89
33.54
34.86
35.21
35.16
34.18
34.67
33.35
32.42
29.25
10.19
10.14
9.607
9.9
18.6
16.65
16.94
3.552
0.7263
0.2476
0.04168
0.02346
0.02861
0.02346
0.02861
2.081
18.26
33.06
32.18
32.62
31.01
29.83
30.47
31.59
31.88
33.15
31.45
30.96
31.84
34.13
34.42
34.96
35.25
36.08
34.42
34.91
33.45
34.47
33.74
21.36
20.51
18.55
24.68
9.827
9.265
9.753
9.973
9.912
10.63
10.86
11.06
11.89
11.05
9.778
9.192
9.216
8.423
9.888
8.167
8.777
6.519
4.645
7.581
14.36
8.032
14.04
12.02
4.645
2.42
0.3853
0.2029
0.02604
0.02861
0.02079
0.02604
0.02346
0.02604
0.02346
0.02861
0.02346
0.02604
0.02346
0.02604
0.02346
0.02604
0.02346
0.02346
0.02346
0.02604
0.02346
0.02861
0.02346
0.02604
0.02346
0.02604
0.02346
0.02604
0.02346
0.02346
0.02604
0.02604
0.02346
0.02861
0.02346
0.02861
0.02346
0.02861
0.02346
0.02604
0.02604
0.02604
0.02604
0.02604
0.02604
0.02604
0.02346
0.02604
0.02604
0.03128
0.02604
0.02861
0.02604
0.02861
0.02604
0.02604
0.02604
0.02861
0.02604
0.02861
0.02346
0.02861
0.02604
0.02604
0.02346
0.02861
0.02346
0.02861
0.02604
0.02604
0.02604
0.02861
0.02604
0.02861
