17.77
22.36
14.94
18.38
14.92
17.8
15.45
13.77
18.38
15.38
18.55
15.77
21.24
15.01
20.31
20.19
32.96
24.83
19.43
16.92
25.54
15.82
18.6
16.09
18.7
15.48
17.6
13.67
16.46
13.5
12.72
16.8
13.94
16.97
13.28
16.28
14.36
17.82
20.31
14.14
16.48
14.09
16.8
18.19
14.23
16.63
13.43
12.82
16.11
15.94
13.31
17.31
13.31
13.65
16.92
13.7
21.02
15.28
14.6
18.07
15.87
15.23
16.92
13.26
16.77
18.07
14.72
18.92
23.12
19.73
18.58
20.97
18.65
14.06
18.24
13.31
16.41
13.38
16.72
13.82
18.26
18.09
13.21
23.24
15.41
14.97
12.84
16.6
16.89
15.7
26.03
19.53
14.6
17.94
15.6
25.34
26.22
15.16
14.65
18.21
14.62
17.99
14.77
18.46
14.14
17.14
14.58
23.54
15.94
14.58
17.33
14.4
16.85
13.7
18.26
15.45
14.09
17.02
13.77
16.48
15.58
13.62
14.89
21.46
14.14
17.8
14.01
17.26
15.06
17.09
14.04
12.52
16.21
13.09
16.06
14.16
20.02
16.77
30.86
16.89
13.99
17.16
14.55
18.29
13.99
16.14
13.7
12.82
17.53
13.65
14.09
22.41
14.7
15.04
12.94
18.04
13.38
16.65
13.7
18.58
17.21
16.48
14.26
15.82
20.75
18.07
17.5
20.02
15.41
18.65
13.5
16.38
14.09
15.87
14.48
20.17
13.94
16.63
18.51
13.67
16.97
14.45
16.85
14.43
17.58
14.06
17.09
14.55
17.85
17.48
17.99
18.04
12.3
16.48
18.9
13.01
20.58
15.82
22.75
19.63
17.02
21.46
18.26
22.78
15.99
18.9
16.16
15.77
17.31
19.41
15.89
23.51
18.82
19.65
22.78
20.8
18.53
20.51
17.46
21.83
20.9
22.19
17.04
20.07
17.33
21.22
21.26
24.73
21.63
23.02
18.6
20.7
17.41
20.73
18.53
22.85
19.31
22.0
19.51
23.63
20.58
25.44
20.65
22.85
22.02
23.0
18.55
24.98
24.73
21.75
18.26
21.0
19.17
21.44
18.19
20.61
18.46
23.56
22.02
23.14
18.04
21.12
17.6
21.26
18.38
20.31
17.36
18.95
15.92
18.38
20.95
16.65
19.53
15.92
20.34
20.73
18.99
20.65
16.72
20.21
16.77
21.39
20.12
23.8
18.12
19.53
17.11
23.41
19.21
17.09
16.26
24.73
18.75
19.04
19.8
17.24
19.7
18.09
20.63
17.77
20.83
17.46
20.85
19.7
22.44
20.02
23.68
24.83
28.37
27.34
25.34
20.78
21.92
17.31
19.85
16.94
20.39
19.65
18.68
21.07
24.22
25.1
17.07
21.51
19.12
24.0
21.51
21.63
19.92
22.49
21.58
27.29
20.02
22.78
20.12
22.68
20.21
22.75
18.87
21.56
18.85
22.58
21.66
22.05
19.43
24.49
22.34
23.8
22.31
23.63
20.95
22.27
19.36
22.85
20.53
24.44
22.41
24.32
21.83
24.51
23.41
24.98
22.85
28.12
23.54
25.0
21.48
22.39
21.12
23.56
19.82
20.07
18.02
22.36
18.46
21.14
18.02
22.09
17.48
22.83
21.19
23.02
20.9
18.87
16.77
23.85
18.77
19.21
16.31
18.97
16.67
20.24
16.38
17.41
20.46
25.59
19.21
21.9
17.77
19.97
16.19
16.87
24.0
20.36
17.85
20.19
17.82
24.63
22.31
17.02
20.04
17.26
19.85
22.88
20.24
20.75
22.61
24.8
24.34
20.41
24.44
17.48
18.65
17.5
20.21
18.65
23.54
20.41
17.82
19.36
18.8
19.9
19.78
17.21
15.84
17.36
16.41
15.36
18.07
15.82
21.51
20.51
20.92
19.73
17.99
17.21
15.67
17.6
16.09
18.46
15.26
14.48
18.73
15.09
18.24
15.67
16.92
17.33
14.48
17.87
20.09
16.65
20.19
21.36
22.92
23.07
18.12
20.24
19.41
20.07
20.07
22.22
18.02
19.46
18.31
17.77
15.33
18.14
17.99
22.75
23.9
21.83
19.26
18.29
14.4
21.04
16.87
18.07
18.41
21.04
17.21
20.63
20.0
24.71
17.41
17.09
16.85
25.2
20.61
23.71
17.36
18.24
17.33
18.92
18.99
20.36
22.19
24.78
21.63
22.24
20.97
22.12
21.66
21.75
22.44
23.27
18.21
19.78
19.58
20.56
18.75
21.24
23.14
24.83
20.83
25.88
24.78
24.88
22.09
22.88
20.17
23.83
21.39
23.0
22.02
24.39
22.39
26.46
25.2
28.66
26.95
26.46
24.44
30.57
26.56
31.1
25.68
27.69
29.93
25.34
27.39
32.08
31.49
30.03
26.56
27.59
29.2
30.62
27.64
27.88
26.17
28.52
27.78
32.32
29.1
30.76
29.2
33.15
30.03
29.39
24.85
28.17
28.52
28.08
26.51
27.15
27.34
32.23
26.95
28.86
24.66
24.58
22.56
25.1
22.58
25.05
22.8
25.59
25.73
25.44
22.0
24.44
21.51
21.36
18.55
20.56
18.43
29.54
23.29
18.95
20.97
18.8
22.14
17.99
20.39
17.09
17.48
18.48
19.58
17.26
20.46
16.31
20.63
14.89
21.22
18.75
17.02
17.82
16.31
18.41
16.77
19.95
15.84
19.7
13.6
15.36
16.85
14.06
16.14
20.73
16.28
17.72
15.09
16.36
17.53
28.37
20.24
24.66
20.65
20.48
22.0
23.32
21.78
24.88
28.56
27.78
25.24
29.44
29.88
34.33
26.61
30.03
28.81
29.1
26.86
30.71
20.17
24.66
23.24
26.46
24.07
25.88
24.98
30.03
24.32
26.07
23.61
25.98
23.41
25.98
23.95
25.83
22.44
25.15
26.56
27.93
24.15
21.75
21.7
27.29
24.85
26.42
21.31
24.19
25.2
26.61
21.75
25.2
23.66
23.8
22.12
25.83
24.78
23.9
20.26
22.83
16.16
19.09
17.31
24.27
19.19
21.8
16.99
18.87
17.07
22.39
17.07
20.65
15.38
18.51
16.33
19.21
16.89
19.34
16.77
21.75
24.15
24.15
17.26
25.05
20.02
20.36
17.6
22.97
19.63
22.29
16.6
17.41
14.18
22.46
22.29
23.85
19.82
21.07
19.38
21.0
18.46
22.51
18.55
24.95
22.49
26.76
22.39
24.37
19.63
20.51
18.48
21.17
19.43
20.14
19.38
21.9
18.14
21.29
18.77
21.48
18.9
21.17
19.36
26.32
21.34
21.02
19.26
22.41
21.14
22.0
19.24
22.24
18.8
22.19
19.21
21.95
19.63
26.17
24.58
26.27
19.51
20.43
18.29
21.51
21.48
20.78
18.41
21.85
18.21
21.07
18.24
21.0
18.46
21.51
18.92
22.9
18.9
21.36
18.55
27.54
19.7
28.71
22.8
23.68
20.87
25.2
22.9
23.54
18.8
21.41
17.16
20.7
18.85
21.48
18.99
21.9
19.48
23.51
20.26
22.49
19.34
22.0
18.9
22.29
18.68
23.29
19.6
23.12
17.48
20.46
18.48
20.8
19.04
22.02
19.17
19.53
16.5
20.12
18.41
21.31
15.92
20.07
17.02
23.63
16.16
19.36
17.11
20.8
21.41
19.63
16.02
20.43
18.75
22.0
20.09
19.56
19.09
22.17
19.34
22.09
20.85
22.07
21.24
25.05
21.17
27.44
23.56
23.85
22.63
28.22
22.95
23.95
24.19
26.51
20.75
20.36
21.24
24.37
22.39
27.39
21.39
28.56
15.99
16.11
15.26
25.63
17.6
17.75
19.26
19.68
21.07
14.97
17.14
14.62
20.48
16.46
13.26
21.95
18.99
15.62
22.9
25.39
17.9
16.06
20.04
20.87
22.0
15.41
16.92
12.0
16.09
17.7
13.82
16.87
25.49
17.5
16.16
24.1
13.45
14.89
17.6
15.77
25.88
30.47
21.92
19.7
21.26
18.7
21.66
17.9
20.41
22.85
22.34
17.68
21.73
17.24
19.24
16.94
23.54
25.68
24.9
21.95
25.1
19.46
