27.54
27.59
27.59
27.64
27.73
27.34
27.59
27.54
27.88
27.88
27.69
27.73
27.73
27.93
27.44
27.49
27.54
27.73
27.44
27.39
27.29
27.39
27.44
27.49
27.44
27.44
27.49
27.64
27.69
27.49
27.64
27.39
27.25
27.39
27.54
27.49
27.59
27.54
27.39
27.1
27.54
27.1
27.2
27.44
27.49
27.0
26.9
26.76
26.12
25.34
24.98
24.78
24.29
23.58
23.17
22.02
21.66
21.61
22.56
22.02
22.78
22.56
22.09
20.95
20.95
20.39
20.26
19.9
19.09
17.97
18.46
18.29
18.6
18.43
17.38
17.02
15.87
13.7
14.18
15.53
16.43
16.33
16.36
16.26
16.53
14.94
14.5
12.96
12.16
11.99
12.72
12.52
12.96
13.43
11.82
10.51
9.985
9.375
9.192
8.765
8.484
8.85
8.875
8.813
9.045
8.899
9.436
9.058
9.045
7.996
8.374
8.655
9.827
9.912
9.241
8.264
7.605
8.618
8.582
7.898
7.8
7.08
8.374
9.192
9.619
9.692
9.29
8.411
8.557
9.131
8.276
6.799
9.485
9.729
9.143
9.021
8.936
7.507
8.972
9.253
9.143
8.447
8.362
8.704
8.972
9.155
9.338
9.57
9.131
9.705
10.06
9.985
10.78
11.21
8.777
11.17
11.17
11.12
11.73
11.66
11.29
11.77
12.34
12.22
12.46
12.72
12.55
14.33
14.87
14.67
15.04
15.6
14.99
15.58
15.65
15.77
15.94
16.36
16.53
17.36
19.14
21.12
22.14
22.56
22.88
23.12
21.78
23.1
23.24
24.9
26.17
26.81
27.0
27.64
27.88
27.83
27.44
27.59
27.39
27.49
27.34
27.49
27.25
27.2
27.25
27.25
26.86
27.05
27.1
26.86
27.2
27.2
27.73
27.73
27.59
27.88
28.03
28.08
28.17
28.47
28.37
28.52
28.42
28.17
28.12
28.03
27.69
27.54
27.98
27.98
27.73
27.69
27.64
27.59
27.49
27.98
27.78
27.88
28.08
27.93
28.27
27.78
27.88
27.98
27.78
27.98
28.08
27.49
27.49
27.49
27.34
27.88
27.64
27.54
27.98
27.98
28.08
28.12
27.83
27.88
28.03
28.12
28.12
28.32
28.47
28.61
28.66
28.66
28.32
28.61
28.12
28.37
28.12
28.22
28.17
28.27
28.86
28.52
29.2
28.32
28.22
28.27
28.47
28.52
28.52
28.86
28.47
28.56
28.86
29.05
28.76
28.96
28.17
28.37
28.61
28.66
28.47
28.56
28.47
28.61
28.76
28.52
28.71
28.76
28.76
28.37
28.61
28.47
28.17
28.56
28.47
28.22
28.27
28.56
28.37
29.0
28.37
28.37
28.22
28.12
28.03
28.42
28.96
28.27
28.12
28.22
27.78
28.27
28.32
28.56
28.37
28.17
28.12
27.83
26.76
27.69
27.49
27.1
27.0
25.88
26.07
26.22
25.2
24.29
24.29
24.61
23.36
23.58
22.85
21.83
21.48
20.87
20.31
19.19
18.51
17.5
15.28
14.5
13.62
13.65
13.4
12.99
12.33
12.08
12.02
11.63
11.32
11.05
10.9
10.67
10.45
10.83
10.74
11.33
11.73
11.43
11.4
11.72
11.38
9.875
10.21
9.998
9.814
9.094
8.423
8.264
9.583
10.18
9.924
10.1
10.42
10.35
9.351
7.996
5.981
7.996
8.154
7.837
7.971
7.935
7.983
7.849
8.984
9.753
9.839
9.827
9.644
10.16
10.25
10.14
9.814
8.85
8.887
10.13
10.61
10.78
10.24
8.582
9.253
10.5
10.52
10.69
10.73
10.67
9.375
11.27
10.99
10.61
11.63
9.9
11.47
12.07
12.29
12.01
11.91
12.67
13.92
14.23
13.5
15.21
15.65
15.92
16.7
16.97
17.11
17.8
18.21
16.92
17.58
18.16
18.9
17.53
15.72
18.14
20.17
21.7
22.02
24.54
24.98
26.37
27.0
27.15
26.95
27.29
27.34
27.25
27.44
27.29
27.69
27.78
27.44
27.39
27.44
26.95
27.29
27.83
27.29
26.95
26.86
27.1
27.25
26.95
27.64
27.29
27.34
27.54
27.34
27.64
27.64
27.39
27.29
27.25
27.29
27.29
27.2
27.29
27.39
27.29
27.29
27.88
27.54
27.39
27.44
27.39
27.49
27.59
27.64
27.73
27.64
27.39
26.95
27.49
27.25
27.73
27.25
27.15
27.49
27.29
27.34
27.39
27.2
27.34
27.49
27.39
27.44
27.54
27.34
27.59
27.64
27.73
27.73
27.83
28.08
27.93
27.69
27.83
27.64
27.73
27.64
27.78
27.73
27.83
27.59
27.69
27.83
27.98
27.78
27.64
28.27
28.12
28.17
27.88
27.98
28.03
27.93
27.88
27.98
27.44
28.08
27.88
28.27
28.12
28.12
28.08
28.17
28.08
27.88
28.12
27.78
28.17
27.88
27.69
27.69
27.98
27.78
27.98
27.98
27.78
27.83
27.69
27.88
28.17
28.08
28.12
28.03
27.93
27.59
27.64
27.93
27.39
27.64
27.54
27.73
27.73
27.78
27.83
27.54
27.88
27.73
27.64
27.54
27.54
27.25
27.25
27.2
27.1
27.49
27.39
27.29
27.39
27.44
27.2
26.86
26.42
26.56
25.83
25.34
25.24
25.0
24.78
24.19
23.39
22.56
22.02
21.17
20.51
20.26
19.9
18.33
16.89
16.46
15.97
15.53
15.14
16.55
14.36
15.04
14.77
14.5
13.84
12.72
12.22
12.55
12.07
11.71
11.32
11.11
11.21
11.06
11.41
11.57
9.644
9.521
10.3
10.58
10.46
10.07
9.644
9.753
10.21
9.729
9.961
9.497
9.375
9.18
8.472
8.044
6.836
7.129
9.521
9.045
9.631
8.85
7.922
8.765
8.923
8.655
8.533
7.727
7.361
7.385
7.373
7.959
7.239
6.787
7.41
7.959
8.081
8.386
8.74
9.045
9.448
9.509
8.862
9.204
9.387
9.082
9.07
9.131
8.313
8.496
8.496
8.508
8.801
10.45
10.36
9.961
10.53
11.05
11.98
12.72
12.72
12.92
13.11
12.94
12.82
12.65
12.72
12.87
13.18
14.18
14.31
14.09
11.29
15.77
15.6
15.84
16.11
15.84
16.65
19.43
20.63
21.85
22.49
21.88
22.58
24.66
26.56
26.71
27.44
27.54
27.54
27.64
27.93
27.44
27.29
27.44
27.29
27.39
27.54
27.59
27.44
27.49
27.49
27.88
27.88
27.73
27.88
27.73
27.69
27.64
27.15
27.93
27.78
27.69
27.88
27.59
27.49
27.54
27.59
27.59
27.59
27.64
27.73
27.88
27.69
27.49
27.44
27.88
27.93
27.73
27.49
27.59
27.69
27.59
27.69
27.44
27.49
27.44
27.54
27.39
27.44
27.39
27.59
27.83
28.08
27.69
27.59
27.59
27.59
27.64
27.78
27.59
28.37
28.22
27.98
27.73
27.93
28.22
