19.38
19.78
15.16
14.31
13.09
14.16
15.01
14.55
16.19
16.8
18.33
15.04
13.26
17.53
16.65
16.77
16.53
16.33
0.8911
11.54
12.18
15.58
13.65
15.31
18.19
20.58
19.43
12.65
14.18
12.48
13.01
15.33
16.8
19.19
21.29
16.53
13.38
15.72
16.21
19.19
20.95
18.31
9.949
20.56
23.44
24.58
24.88
23.95
22.63
22.27
18.51
18.46
19.48
21.53
16.36
15.82
17.58
19.36
14.33
16.77
14.28
23.0
30.52
29.35
12.57
35.45
38.28
37.65
37.6
32.86
30.27
19.14
14.38
10.99
20.14
19.51
20.8
20.12
24.46
24.56
22.92
20.56
20.85
25.93
7.556
14.97
16.97
17.11
16.72
15.8
12.99
29.83
26.81
30.13
30.08
29.64
27.25
26.61
22.66
14.62
16.89
19.6
15.38
18.6
36.43
37.3
36.96
32.32
35.6
28.96
10.27
35.94
37.06
37.45
37.45
34.52
31.2
14.11
24.32
29.49
27.73
17.53
20.07
19.04
14.26
18.8
14.38
13.13
18.75
16.21
6.134
37.45
36.23
36.13
36.87
33.54
33.06
12.77
27.83
36.38
37.7
36.96
35.21
33.74
19.65
27.83
30.42
27.54
19.07
18.77
17.68
15.28
18.6
24.32
21.7
20.02
13.89
15.77
16.41
17.94
19.41
17.9
12.12
20.73
21.88
22.56
22.58
23.73
24.88
20.04
19.95
20.7
18.38
15.41
16.6
16.11
16.5
16.99
12.6
14.55
14.36
16.14
16.02
16.99
17.09
1.736
0.5524
0.05989
0.6172
19.82
28.52
28.17
15.31
11.55
26.61
28.32
17.75
15.77
16.21
15.62
17.24
18.43
14.43
17.5
16.67
6.195
0.198
0.06247
0.02861
0.02604
0.02861
0.02604
0.8545
17.6
16.7
16.63
18.02
15.45
18.36
16.75
13.31
26.61
25.93
22.41
15.19
18.85
16.8
16.89
18.65
5.212
0.1823
0.05465
0.02604
0.02604
0.02861
0.02861
8.582
11.35
7.031
21.07
23.0
22.0
15.75
16.33
17.65
17.43
19.68
16.16
6.409
0.4089
22.05
25.29
29.0
12.65
0.8072
0.2892
0.03128
0.02346
0.02861
0.02604
5.927
14.11
0.2293
10.51
11.88
16.41
15.16
13.82
11.04
12.32
19.07
14.94
15.75
18.26
18.6
13.82
17.02
11.5
0.2163
0.0885
0.02861
0.02346
0.02861
0.02604
5.06
15.67
19.48
28.37
31.25
16.7
18.14
14.53
15.97
19.51
22.56
27.25
18.48
15.58
18.09
9.167
21.66
24.85
26.46
2.454
0.6561
0.08078
0.03386
0.02861
0.03128
6.012
13.4
13.01
12.89
16.06
13.67
12.43
13.35
11.72
14.01
14.5
14.75
18.63
20.95
19.07
13.23
6.091
0.2708
0.06247
0.02604
0.02604
0.02604
0.02346
0.02861
0.7393
15.14
13.99
9.766
11.08
16.53
14.4
15.6
15.28
15.7
14.21
13.79
14.99
12.29
14.58
10.88
8.264
0.1848
0.06514
0.02861
0.02346
0.02861
0.02346
0.02604
9.814
14.87
17.82
18.38
18.9
10.5
18.51
6.226
22.78
20.41
21.22
20.7
19.07
20.21
21.92
22.02
21.02
22.19
29.83
37.11
37.16
36.72
36.33
34.52
36.77
36.77
35.84
37.06
35.55
27.25
35.3
36.62
36.38
33.84
33.06
33.4
20.56
19.04
35.16
38.09
36.91
35.64
37.3
36.96
33.01
30.47
28.27
26.95
25.63
24.37
23.68
23.0
23.07
21.9
23.46
21.9
21.17
23.46
21.66
15.97
17.68
18.24
19.63
20.21
23.1
21.88
21.51
23.56
23.1
22.36
19.92
9.07
19.09
18.65
17.6
17.21
16.7
16.43
16.75
16.26
16.36
18.24
19.56
18.8
17.48
18.7
20.26
20.17
21.88
22.85
20.85
20.02
21.75
21.12
18.53
18.7
18.85
18.97
17.77
17.41
17.31
16.82
16.28
18.48
18.33
15.33
16.26
16.7
16.41
16.14
17.63
18.65
16.16
16.02
15.94
15.89
16.97
19.97
21.41
19.7
7.812
20.43
20.53
21.48
22.61
23.71
21.66
21.24
20.39
18.29
17.33
16.11
15.04
15.53
16.16
15.58
16.75
16.75
15.58
15.5
15.7
16.06
15.75
15.92
15.8
15.97
15.65
15.21
15.09
15.06
15.7
15.82
18.87
21.04
21.61
21.88
15.77
16.63
15.7
15.43
16.06
15.48
15.67
15.94
14.97
14.65
14.36
14.45
15.01
16.26
16.46
15.97
16.36
15.55
10.72
19.14
21.14
24.02
24.32
23.0
22.92
22.75
22.49
19.38
16.48
15.31
15.45
15.72
16.53
15.26
15.09
16.63
18.14
17.75
17.16
19.17
27.39
29.1
27.15
24.61
29.98
29.44
27.93
25.68
24.71
18.99
31.15
25.93
29.25
28.22
25.05
23.41
24.34
23.83
15.36
16.28
7.263
24.37
21.56
20.65
21.48
23.12
16.63
23.95
22.49
18.99
23.73
23.78
22.12
22.44
26.17
18.65
25.59
29.74
25.1
24.27
26.22
11.88
24.24
24.61
23.73
16.26
16.46
17.21
12.79
17.97
16.75
17.68
17.68
15.23
15.84
16.31
14.09
16.41
17.43
16.77
15.16
13.31
18.6
19.7
19.75
18.09
5.103
15.92
15.04
14.97
14.89
14.97
14.97
14.92
15.11
15.01
15.01
15.19
15.14
15.06
15.36
16.6
17.19
15.53
14.99
14.99
14.94
14.94
15.01
15.09
14.99
15.53
16.21
15.72
15.62
15.04
15.21
15.77
16.58
15.23
15.45
15.14
15.26
15.28
15.53
15.19
15.33
15.09
15.38
16.33
16.65
19.65
36.13
31.98
28.91
28.86
28.17
28.32
18.73
22.22
33.5
30.86
30.71
26.27
26.71
29.93
27.78
29.64
30.52
29.98
29.44
28.71
30.57
30.18
30.66
30.08
29.39
28.52
29.88
28.42
28.12
27.93
18.41
28.47
28.76
27.39
26.37
22.68
19.6
17.99
15.7
16.89
22.22
21.22
17.6
11.15
14.48
18.36
15.65
15.77
17.36
28.56
27.54
29.54
29.44
29.83
29.59
28.47
26.42
29.35
29.74
28.76
27.15
28.37
24.19
24.05
29.54
27.73
28.12
25.2
27.49
27.78
26.76
14.62
17.53
18.9
21.0
27.2
27.49
27.0
22.68
24.8
23.93
22.56
22.78
15.92
16.19
21.51
22.68
21.14
23.39
22.71
15.77
15.84
18.43
19.7
22.24
22.95
23.17
17.55
20.56
22.75
23.22
25.88
14.55
17.36
16.77
16.21
16.5
13.89
17.87
19.02
23.61
25.0
24.34
15.11
19.6
21.36
21.41
21.95
19.95
1.282
0.573
0.05465
12.05
10.88
16.72
19.58
21.8
22.68
24.54
16.72
17.46
21.51
29.98
30.22
15.75
18.36
16.87
18.09
18.9
24.05
30.18
27.73
4.266
0.7164
0.09632
0.02861
0.02604
0.03128
0.02604
0.02861
0.02346
0.02861
0.02604
0.02861
0.02604
0.02604
0.02604
0.02861
0.02861
0.02861
0.0495
13.06
13.96
15.09
18.04
19.95
19.48
12.72
16.02
14.67
14.72
