17.55
14.92
17.92
25.44
22.46
21.02
27.98
25.39
16.09
14.14
16.38
15.23
24.85
25.88
8.142
0.7072
0.2323
0.02861
0.0247
6.409
14.43
17.31
18.53
20.0
11.9
13.6
16.14
16.65
17.87
18.12
13.55
17.7
16.46
16.53
16.16
11.89
7.825
20.7
23.39
31.3
31.84
32.23
31.74
25.78
31.64
20.02
12.67
13.92
14.58
13.55
11.62
15.99
17.7
17.75
18.07
11.22
16.43
17.02
13.4
15.75
15.41
9.973
23.8
24.54
25.78
27.15
32.91
27.98
16.48
16.09
28.42
18.85
14.28
16.33
29.49
24.61
14.67
22.53
29.35
23.73
9.424
29.88
27.15
27.69
24.83
29.83
24.85
33.01
28.81
8.447
25.54
29.15
32.76
31.54
30.96
27.39
30.27
17.82
17.07
15.55
25.44
29.0
21.0
13.48
22.61
33.74
32.32
31.15
32.57
27.29
30.52
19.7
17.75
35.11
33.15
33.59
32.03
30.18
30.18
21.68
28.17
28.27
12.18
17.19
15.82
12.55
14.87
11.82
15.5
17.82
18.04
17.87
18.46
18.82
22.19
28.66
26.22
9.863
23.1
33.2
33.45
34.28
34.28
26.9
28.81
22.07
27.39
29.64
13.96
20.8
21.0
16.7
16.31
18.97
24.19
28.17
21.56
4.901
24.61
28.91
34.13
33.2
35.21
28.42
30.13
21.61
24.39
25.54
22.17
14.09
19.41
17.92
14.38
20.31
26.46
28.71
15.14
22.83
24.17
24.02
13.79
11.41
25.34
27.69
22.97
1.212
0.4776
11.15
16.19
15.14
14.79
16.5
17.31
15.72
15.04
13.82
7.007
14.62
18.68
26.27
28.61
14.77
15.36
18.24
18.63
19.31
27.2
26.22
7.043
0.7492
0.2056
10.02
17.41
16.97
15.09
18.53
17.75
17.46
20.83
25.0
27.64
11.1
13.99
14.58
16.36
17.04
16.02
14.67
16.97
21.39
22.36
19.73
4.889
0.5905
0.1276
8.276
14.6
15.92
15.45
15.65
21.61
24.22
23.14
12.6
20.43
21.85
22.92
19.53
15.53
16.19
22.92
23.78
24.54
13.18
24.51
27.05
22.75
2.145
0.5623
6.604
0.4013
14.28
15.31
9.851
13.18
11.49
15.62
12.82
13.35
23.02
28.27
23.29
12.12
8.459
22.44
21.75
21.02
15.19
20.04
27.15
26.07
8.728
0.7538
7.239
13.82
14.16
17.65
23.8
27.29
19.12
15.31
16.89
16.24
15.6
16.09
11.96
17.94
20.73
23.1
24.9
17.29
13.94
22.78
27.2
16.87
1.123
0.4791
10.42
14.09
11.87
10.63
12.48
16.75
14.5
12.62
10.35
11.95
26.37
29.0
15.28
26.03
26.76
20.43
12.77
13.48
10.41
0.2018
0.0885
0.0247
0.02737
0.0247
8.264
12.65
16.41
13.26
16.75
13.62
16.58
13.48
15.16
13.96
14.97
20.7
13.53
14.84
26.95
29.1
18.07
14.97
18.36
18.53
22.12
3.711
0.6302
0.1106
8.276
14.82
17.11
18.87
17.82
12.0
16.04
26.32
23.85
19.12
18.02
25.88
25.83
9.521
13.82
15.21
18.92
23.85
25.29
15.77
8.63
32.32
33.74
33.2
32.76
34.03
34.96
35.11
34.38
34.03
35.99
35.21
35.84
36.47
35.4
32.67
34.52
34.03
29.79
17.75
34.23
35.4
34.81
34.33
27.25
29.74
26.95
11.39
10.63
20.34
20.43
29.0
33.25
32.13
34.18
34.62
34.67
34.57
35.01
34.77
35.45
34.91
35.69
35.55
34.47
32.13
34.28
24.46
25.1
36.04
36.72
37.11
29.79
27.78
30.81
27.1
7.642
30.81
33.4
33.98
33.98
34.23
32.52
34.38
33.69
33.4
34.08
32.76
33.59
34.23
33.59
35.01
35.45
34.86
23.75
30.32
34.33
33.79
33.35
32.86
29.49
29.3
23.75
3.168
15.67
35.11
32.81
33.06
34.67
34.28
31.93
31.05
30.62
35.11
33.54
33.74
34.18
33.59
33.06
33.59
33.2
35.06
28.32
22.41
33.54
34.38
35.64
32.52
28.08
28.81
26.51
12.13
13.55
31.1
32.03
32.52
32.71
33.15
30.71
29.83
33.94
32.18
32.13
31.79
32.13
33.01
33.59
32.96
34.13
33.94
35.16
28.52
14.75
21.0
34.96
33.35
33.5
30.47
21.39
26.95
27.44
11.06
23.24
29.79
27.54
26.17
26.9
26.07
24.66
22.22
23.05
22.24
23.85
23.73
24.05
23.56
22.88
23.0
22.51
22.83
20.43
19.53
20.39
19.36
21.04
22.39
22.73
22.66
20.8
13.53
16.94
18.53
18.73
19.75
19.95
18.48
18.14
19.09
18.85
18.43
17.38
18.85
18.65
8.484
16.28
19.6
21.04
22.29
16.72
20.14
16.97
26.22
28.86
23.29
18.09
34.62
34.96
29.54
31.25
31.35
13.33
33.01
31.3
29.2
20.26
20.0
20.68
19.24
13.5
20.48
20.7
20.95
16.26
19.07
25.73
14.99
33.06
32.23
19.41
31.25
16.99
33.54
30.66
16.65
29.3
12.34
24.95
32.23
28.71
31.4
32.08
33.59
34.52
34.52
33.01
34.03
34.62
36.04
33.3
32.71
34.23
33.79
34.62
31.49
27.78
9.937
13.67
32.47
36.04
34.77
33.35
22.22
20.04
20.39
22.22
10.23
14.58
15.82
15.33
28.47
35.45
31.35
26.37
21.09
18.8
18.21
19.29
19.46
21.34
20.73
20.46
22.22
29.64
35.11
32.76
31.84
31.45
30.52
29.88
28.61
18.53
12.04
19.56
23.75
26.07
27.39
27.69
26.51
24.17
23.68
21.36
18.43
2.814
16.92
17.92
17.21
16.31
16.16
15.19
15.14
15.55
15.62
17.55
17.26
25.39
25.39
25.54
26.12
25.44
24.46
23.32
22.61
21.26
20.97
21.46
21.12
20.39
19.41
17.65
17.75
16.75
17.6
17.09
16.31
14.92
14.92
17.09
18.12
20.09
19.63
17.31
16.87
15.89
15.87
16.65
16.19
17.02
19.9
23.46
12.11
16.43
19.85
20.43
18.97
12.77
16.33
16.06
15.26
15.09
15.77
17.46
20.95
16.04
15.8
14.75
16.11
21.29
21.95
13.55
16.53
17.48
18.87
16.99
14.06
13.79
14.48
13.21
15.36
14.62
16.7
19.17
22.71
13.43
14.11
16.55
13.96
12.89
15.65
15.19
16.97
15.48
16.19
18.19
18.16
15.14
17.07
21.12
21.61
17.33
11.8
13.09
15.28
15.6
16.94
16.6
15.55
14.77
13.62
16.67
15.84
16.94
15.82
12.48
13.16
14.28
13.43
14.53
16.67
15.28
15.5
16.38
17.68
11.35
14.77
15.58
18.26
17.94
18.7
12.16
16.65
15.8
16.43
15.92
15.45
13.18
14.82
17.87
18.09
16.48
14.28
14.11
18.09
17.41
16.75
13.75
1.025
0.4608
0.04425
0.02861
0.02346
0.02861
0.02346
0.02604
0.02604
0.02604
0.02604
0.02604
0.02604
0.02604
0.02346
15.87
14.28
14.26
17.43
15.21
15.48
17.99
21.95
23.39
9.265
19.51
