9.167
8.984
8.801
8.789
8.984
8.972
8.826
8.899
8.801
8.936
8.984
9.045
9.021
9.363
9.351
9.412
9.57
9.216
9.143
9.033
9.021
9.155
9.021
9.045
9.314
9.485
9.338
9.363
9.229
9.338
9.326
9.351
9.57
9.46
9.29
9.375
9.375
9.18
9.314
9.583
9.607
9.497
9.558
9.583
9.46
9.375
9.558
9.973
9.644
9.607
9.705
9.607
9.448
9.546
9.46
9.546
9.717
9.961
9.9
9.412
8.887
8.948
9.094
9.277
9.363
9.375
9.473
9.656
9.241
8.948
9.045
8.74
8.557
8.618
8.557
15.97
15.97
15.97
15.97
15.97
15.97
15.87
15.77
15.77
15.58
15.5
15.06
14.4
13.79
13.87
13.79
14.04
13.6
13.77
13.82
13.99
13.99
13.99
14.11
13.43
13.09
12.55
12.52
12.55
12.44
12.57
12.62
12.89
12.74
12.62
12.74
12.62
12.45
12.24
12.24
12.24
12.49
12.46
12.48
12.52
12.12
11.94
11.85
11.61
10.89
10.93
11.05
11.3
11.46
11.16
10.74
10.82
10.71
10.88
10.78
11.0
11.05
10.88
11.16
10.96
10.72
10.79
10.77
10.93
11.07
11.07
11.07
11.13
11.28
11.21
11.11
10.99
11.07
11.25
11.21
11.01
10.79
10.33
10.44
10.53
9.595
9.619
9.753
9.546
9.802
10.01
10.02
9.912
9.802
9.778
9.729
9.509
9.241
9.705
9.375
9.631
9.631
9.167
8.875
8.972
8.984
9.167
9.082
9.167
9.204
9.351
8.997
9.155
9.143
9.07
9.009
8.862
8.887
8.997
8.936
8.899
9.058
9.143
9.143
9.387
9.644
9.302
9.131
8.984
8.887
9.106
9.216
8.972
8.972
9.021
9.424
9.375
9.497
9.277
9.216
9.229
9.338
9.265
9.424
9.46
9.485
9.656
9.802
9.668
9.326
9.436
9.387
9.497
9.326
9.204
9.253
9.473
9.814
9.644
9.192
9.155
9.155
9.229
9.18
9.18
9.387
9.668
9.827
9.656
9.631
9.546
9.338
9.399
9.644
9.631
9.558
9.558
9.631
9.412
9.363
9.448
9.131
9.143
9.131
9.253
9.387
9.399
9.253
9.448
9.497
9.631
9.619
9.583
9.558
9.338
9.509
9.656
9.375
9.497
9.424
9.521
9.631
9.839
9.68
9.521
9.741
9.778
9.68
9.692
9.448
9.717
9.729
9.949
9.863
9.937
10.1
10.05
9.863
9.741
9.827
10.02
9.985
9.875
10.05
9.937
9.961
10.11
9.961
10.12
10.05
10.06
10.03
9.753
9.68
9.839
10.17
10.03
9.985
9.937
9.546
9.375
9.46
9.57
9.558
9.619
9.509
9.412
9.485
9.192
9.143
9.497
8.923
8.85
8.899
9.021
8.911
9.424
15.97
15.97
15.97
15.99
15.97
15.97
15.97
15.33
14.89
15.04
14.92
15.09
15.11
15.28
15.36
15.09
14.99
15.06
15.11
14.82
14.92
14.58
14.26
14.01
13.99
13.99
13.99
13.99
14.11
13.99
14.01
13.99
13.99
13.99
13.94
13.89
13.4
13.4
13.5
13.45
13.6
13.55
13.4
13.45
13.53
13.45
13.35
12.99
12.62
12.38
12.48
12.49
12.67
12.62
12.82
12.46
12.35
12.39
12.24
12.34
12.52
12.57
12.77
12.84
13.06
13.06
13.11
12.74
12.84
12.84
12.89
12.89
13.06
13.06
13.35
13.26
13.16
12.99
13.04
13.09
13.04
13.16
13.35
13.43
13.33
11.98
12.17
11.43
11.36
11.39
11.47
11.44
11.36
11.36
11.39
11.29
11.46
11.36
11.51
11.36
11.15
10.94
10.91
10.18
10.28
10.22
10.07
9.839
9.839
9.814
9.9
10.05
10.08
10.11
10.19
9.717
9.741
9.985
9.766
9.57
9.595
9.814
9.814
9.961
9.827
9.9
9.753
9.814
9.888
9.656
9.888
9.924
9.9
9.521
9.705
10.05
9.485
9.558
9.521
9.46
9.351
9.656
9.668
9.57
9.9
9.924
9.973
9.851
9.814
9.741
9.766
9.741
9.985
10.16
9.998
9.802
10.05
9.827
9.778
9.778
9.631
9.766
9.949
10.23
10.51
10.57
10.16
10.23
10.08
10.01
10.1
10.16
10.24
10.55
10.6
10.5
10.44
10.33
10.3
10.4
10.25
10.39
10.52
10.57
10.42
10.14
10.19
9.924
9.692
9.753
9.717
9.839
9.863
10.07
9.937
10.13
10.28
9.827
9.888
10.11
10.03
10.1
10.3
10.38
10.31
10.34
10.36
10.42
9.998
10.14
10.03
10.28
10.3
10.29
10.33
10.46
10.41
10.31
10.29
10.06
10.17
10.35
10.31
10.34
10.52
10.68
10.85
10.5
10.55
10.46
10.64
10.58
10.64
10.61
10.77
10.91
10.9
10.58
10.63
10.72
10.52
10.75
10.68
10.35
10.72
10.55
10.71
10.69
10.72
10.53
10.28
10.05
9.937
9.961
10.05
9.851
10.01
10.14
10.12
9.766
9.497
9.204
9.375
9.326
9.473
9.265
10.49
15.97
15.97
15.97
15.97
15.97
15.97
15.97
15.97
15.97
15.84
15.43
15.21
15.21
15.31
15.23
15.48
15.67
15.53
15.55
15.23
15.21
15.23
14.89
14.99
14.58
14.72
14.55
14.67
14.16
14.01
14.06
14.21
14.11
14.26
14.18
14.4
15.23
14.26
14.28
14.31
14.28
14.04
14.14
14.38
13.84
13.79
13.79
13.82
13.79
13.7
13.77
13.62
13.45
13.28
13.28
13.21
13.38
13.38
13.28
13.26
13.21
13.48
12.82
12.87
12.82
12.82
12.99
12.87
12.96
13.09
13.13
13.13
13.18
13.11
13.16
13.26
13.26
13.57
13.38
13.4
12.34
12.26
12.45
11.79
11.66
11.62
11.76
11.71
11.15
10.75
10.61
10.05
10.08
10.28
10.1
9.937
9.778
9.68
9.729
9.851
9.851
9.875
10.05
9.729
9.656
9.741
9.546
9.46
9.57
9.644
9.717
9.619
9.497
9.424
9.546
9.729
9.717
9.656
9.741
9.802
9.546
9.619
9.583
9.302
9.29
9.363
9.534
9.497
9.705
9.473
9.558
9.363
9.46
9.485
9.729
9.607
9.717
9.57
9.778
9.802
9.521
9.521
9.485
