33.35
16.21
18.07
18.24
18.43
18.21
18.99
17.43
13.18
11.45
10.91
10.93
10.93
10.93
10.93
10.93
10.93
10.93
10.93
10.93
10.93
10.93
10.93
10.93
10.93
10.93
10.93
10.93
10.93
10.93
10.93
10.93
10.93
11.58
12.99
12.79
13.11
22.95
24.19
12.45
10.91
10.93
10.93
10.94
12.99
13.23
13.01
19.26
26.76
15.72
13.21
25.63
30.08
31.4
31.69
31.64
29.35
29.2
25.83
25.59
16.75
35.21
42.43
43.02
43.07
43.16
43.12
43.12
43.12
43.12
43.12
43.12
43.12
43.12
43.12
43.07
43.07
43.07
43.07
43.07
43.12
43.16
43.12
43.16
43.16
43.16
43.16
43.21
43.16
43.26
42.14
20.17
16.24
18.14
18.02
18.26
18.24
18.33
17.21
13.23
12.52
13.4
12.92
13.84
13.35
29.25
30.47
31.69
31.54
30.42
29.2
26.03
24.63
17.68
31.01
41.46
43.02
43.12
43.16
43.12
43.12
43.12
43.12
43.12
43.12
43.12
43.12
43.12
43.12
43.07
43.07
43.07
43.07
43.12
43.16
43.12
43.12
42.97
43.02
42.97
43.02
43.02
42.97
43.07
41.26
18.82
16.04
18.19
18.21
18.12
18.14
18.33
17.63
13.06
12.52
21.17
29.93
31.2
31.4
30.86
28.71
26.76
24.98
18.85
28.32
40.72
42.97
43.07
42.24
42.19
42.19
42.19
42.19
42.19
42.14
42.19
42.14
42.38
42.48
42.63
43.02
43.07
43.07
43.07
43.07
43.16
43.16
43.16
43.16
43.21
43.21
43.21
43.21
43.16
43.21
43.21
42.68
24.1
16.77
17.77
17.65
17.77
18.43
18.36
17.48
12.94
12.6
24.61
29.79
31.15
31.45
31.35
28.52
27.54
24.78
21.31
23.49
39.84
42.77
43.02
43.12
43.12
43.12
43.12
43.12
43.12
43.07
43.12
43.12
43.12
43.12
43.07
43.02
43.07
43.07
43.07
43.07
43.16
43.16
43.07
42.97
42.97
43.02
43.02
43.02
43.02
42.97
43.07
42.92
39.94
16.77
16.63
17.55
17.48
18.41
18.46
17.5
16.8
12.72
12.65
25.63
30.03
31.25
31.3
30.03
28.61
25.15
22.8
20.78
38.43
42.29
43.12
43.21
43.16
43.16
43.16
43.21
43.16
43.16
43.21
43.21
43.21
43.16
43.12
43.12
43.16
43.12
43.16
43.21
43.21
43.21
43.21
43.26
43.26
43.26
43.26
43.26
43.21
42.82
40.19
17.8
16.06
17.53
17.97
18.75
18.16
19.7
18.7
14.6
11.95
11.02
10.91
10.93
10.93
10.93
10.93
10.93
10.93
10.93
10.93
10.93
10.93
10.93
10.93
10.93
10.93
10.93
10.93
10.93
10.93
10.93
10.93
10.93
10.93
10.93
10.93
10.93
10.93
10.93
10.93
10.93
10.93
10.93
10.93
10.93
10.93
10.93
10.93
10.93
10.93
10.93
10.93
10.93
10.93
10.93
10.93
10.93
10.93
10.93
10.93
10.93
10.93
10.93
10.93
10.93
10.93
10.93
10.93
10.93
10.93
10.93
10.93
10.93
10.93
10.93
10.93
10.93
10.93
10.93
10.93
10.93
10.93
10.93
10.93
10.93
10.93
10.93
10.93
10.93
10.93
10.93
10.93
10.93
10.93
10.93
10.93
10.93
10.93
10.93
10.93
10.93
10.93
10.93
10.93
10.93
10.93
10.93
10.93
10.93
10.93
10.93
10.93
10.93
10.93
10.93
10.93
10.93
10.93
10.93
10.93
10.93
10.93
10.93
10.93
10.93
10.93
10.93
10.93
10.93
10.93
10.93
10.93
11.19
14.14
37.94
43.07
43.07
43.16
43.12
42.97
42.92
43.07
42.97
42.92
42.92
42.82
42.68
42.53
42.82
42.92
43.02
42.92
43.07
43.12
43.12
43.21
43.16
43.21
43.21
43.21
43.21
43.16
43.26
43.26
40.19
16.67
18.19
19.63
22.71
15.5
12.01
10.97
10.91
10.93
10.93
10.93
10.93
10.93
10.93
12.02
22.39
42.19
43.07
43.07
43.16
43.16
43.16
43.12
43.12
43.16
43.12
43.12
43.12
43.12
43.12
43.12
43.12
43.12
43.07
43.12
43.12
43.12
43.16
43.02
43.02
43.02
43.02
43.07
43.02
43.02
43.07
42.58
41.46
32.32
18.33
19.29
21.7
17.36
12.08
11.01
10.93
10.93
10.93
10.93
10.93
11.3
14.5
38.28
43.07
43.07
43.02
42.63
42.58
42.58
42.48
42.58
42.72
42.72
42.72
42.68
42.43
42.33
42.53
42.53
42.92
43.02
43.12
43.12
43.12
43.12
43.21
43.16
43.21
43.21
43.21
43.26
43.21
43.21
43.26
43.26
43.31
43.31
31.49
19.14
21.75
20.14
13.48
11.84
15.38
38.53
42.72
43.07
43.16
43.16
43.16
43.12
43.12
43.12
43.12
43.12
43.07
43.12
43.12
43.12
43.12
43.12
43.07
43.07
43.12
43.12
43.12
43.16
43.21
43.21
43.21
43.21
43.21
43.16
43.21
43.31
40.58
17.04
18.29
19.6
20.95
19.51
11.96
10.91
10.93
10.93
10.93
10.93
10.93
10.93
10.93
10.93
10.93
10.93
10.93
10.93
10.93
10.93
10.93
10.93
10.93
10.93
10.93
10.93
10.93
10.93
10.93
10.93
10.93
10.93
10.93
10.93
10.93
10.93
10.93
10.93
10.93
10.93
10.93
10.93
10.93
10.93
10.93
10.93
10.93
10.93
10.93
10.93
10.93
10.93
10.93
10.93
10.93
10.93
10.93
10.93
10.93
10.93
10.93
10.93
11.29
15.53
38.87
42.77
43.07
41.41
41.21
41.21
41.85
42.29
43.12
43.12
43.12
43.12
43.12
43.12
43.12
43.12
43.12
43.12
43.12
43.12
43.16
43.16
43.21
43.21
43.21
43.16
43.16
43.12
40.23
16.97
15.6
19.48
20.21
20.51
16.33
11.46
10.91
10.93
10.93
10.93
10.93
10.93
10.93
10.93
10.93
10.93
10.93
10.93
10.93
10.93
10.93
10.93
11.87
22.75
42.63
43.02
43.07
43.16
43.16
43.16
43.12
43.07
43.12
43.12
43.12
43.07
43.12
43.12
43.12
43.12
43.12
43.07
43.07
43.12
43.12
43.16
43.16
43.21
43.21
43.21
43.21
43.16
43.26
43.26
42.43
18.77
18.21
19.97
21.9
17.58
11.8
10.91
10.93
10.93
10.93
10.93
10.93
10.93
10.93
10.93
10.93
10.93
10.93
10.93
10.93
10.93
10.93
10.93
10.93
10.93
10.93
10.93
10.93
10.93
10.93
10.93
10.93
10.93
10.93
10.93
10.93
10.93
10.93
10.93
10.93
10.93
10.93
10.93
10.93
10.93
10.93
10.93
10.93
10.93
10.93
10.93
10.93
10.93
10.93
10.93
10.93
10.93
10.93
10.93
10.93
10.93
10.93
10.93
10.93
10.93
10.93
10.93
10.93
10.93
10.93
10.93
10.93
10.93
10.93
10.93
10.93
10.93
10.93
10.93
10.93
10.93
10.93
10.93
10.93
10.93
