5.634
5.634
5.634
5.634
5.634
5.634
5.634
5.634
5.634
5.634
5.634
5.634
5.634
5.634
5.634
5.634
5.634
5.634
5.634
5.634
5.634
5.634
5.634
5.634
5.634
5.634
5.634
5.634
5.634
5.634
5.634
5.634
5.634
7.581
13.87
16.16
16.92
17.41
17.75
17.97
15.99
14.45
13.84
9.155
15.06
16.33
17.09
17.5
17.87
15.92
14.04
12.99
10.8
10.86
15.58
16.53
17.16
17.63
17.5
14.97
13.92
12.13
10.68
15.92
17.07
17.7
16.67
14.5
14.26
9.705
8.508
8.337
12.82
15.99
16.85
17.31
17.77
16.33
14.65
14.18
13.38
8.606
8.716
8.362
8.813
8.154
13.18
15.8
16.7
17.29
17.77
16.87
14.75
14.36
11.39
17.07
19.85
20.31
19.43
16.6
12.84
8.459
13.48
19.7
20.48
18.92
17.55
17.31
17.24
17.21
17.24
17.55
17.72
15.6
15.04
14.18
11.5
9.216
9.021
9.18
9.302
9.241
8.655
14.65
19.82
20.21
17.55
17.46
12.99
9.802
9.546
9.143
9.253
9.131
8.264
13.96
16.21
16.99
17.53
17.92
16.87
14.6
13.48
10.93
17.6
19.92
14.09
9.229
15.14
20.21
12.35
9.229
9.106
8.801
8.85
14.65
20.48
20.0
15.84
11.73
17.11
19.95
20.24
18.99
17.87
17.8
9.68
15.06
19.65
20.04
19.58
15.01
10.96
9.167
9.058
10.19
16.85
19.85
20.24
19.48
17.26
17.07
8.838
5.829
5.829
5.829
5.829
5.829
5.829
5.829
5.829
5.829
5.841
8.276
8.496
10.02
17.68
20.31
20.31
18.55
17.55
15.41
5.884
5.64
5.64
5.64
5.634
5.634
5.634
5.64
5.64
5.64
5.64
5.64
5.64
5.64
5.64
5.634
5.64
5.64
7.629
12.7
18.8
20.17
20.31
18.36
17.33
9.436
5.829
5.829
5.829
5.829
5.829
5.829
5.829
5.829
5.829
5.829
5.829
5.829
5.829
5.829
5.829
5.829
5.829
5.829
5.829
5.829
5.829
5.829
6.116
8.679
9.155
5.829
5.829
5.829
5.829
5.829
5.829
5.829
5.829
5.829
5.829
5.829
5.829
5.829
5.829
5.829
5.829
5.829
5.829
5.829
5.829
5.829
5.829
5.829
5.829
5.829
5.829
5.829
5.829
5.829
5.829
5.829
5.829
5.829
5.829
5.829
5.902
9.045
8.813
8.606
8.618
9.619
5.847
5.829
5.829
5.829
5.829
5.829
5.829
5.829
5.829
5.829
5.829
5.829
5.829
5.829
5.829
5.829
5.829
5.829
5.829
5.829
5.829
5.829
5.829
5.829
5.829
5.829
5.829
5.829
5.829
5.829
5.829
5.829
5.829
5.829
5.829
5.829
5.829
5.829
5.829
5.829
5.829
5.829
5.829
5.829
5.829
5.829
5.829
5.829
5.829
5.829
5.829
5.829
5.829
5.829
5.829
5.829
5.829
5.829
5.829
5.829
5.829
5.829
5.829
5.829
5.829
5.829
5.829
5.829
5.829
6.58
12.24
15.94
16.82
17.46
17.8
18.19
18.53
18.68
18.9
19.02
19.14
19.17
19.34
19.48
19.53
19.53
19.53
19.7
19.85
20.0
19.9
16.46
17.46
19.24
20.46
20.87
20.87
20.87
20.87
18.53
16.53
15.89
15.53
10.57
12.13
15.87
16.8
17.36
17.72
18.04
18.43
18.55
18.75
18.85
18.95
19.09
19.14
19.34
19.34
19.51
19.53
19.7
19.9
20.0
19.09
17.55
20.51
20.83
20.85
19.21
16.14
15.87
12.89
11.96
16.53
17.46
18.04
18.55
18.75
18.8
18.95
19.04
19.19
19.34
19.46
19.53
19.65
19.87
20.09
20.09
17.97
17.58
19.7
20.78
20.78
19.87
18.77
18.38
11.3
13.6
16.09
16.87
17.55
17.87
18.26
18.58
18.77
18.82
18.97
19.09
19.17
19.21
19.43
19.53
19.58
19.87
19.92
18.63
17.02
19.8
20.83
20.85
20.02
17.43
16.58
10.91
14.23
16.97
17.72
18.24
18.58
18.82
18.95
19.04
19.21
19.34
19.43
19.53
19.58
19.87
20.04
18.65
17.72
20.02
20.61
20.65
20.09
18.33
17.7
13.06
13.5
16.89
17.68
18.09
18.51
18.68
18.92
19.07
19.21
19.34
19.46
19.53
19.68
19.82
19.97
20.12
18.14
16.87
17.38
18.8
19.46
19.38
19.31
19.31
18.77
18.21
18.21
17.65
9.705
13.6
16.06
16.85
17.36
17.68
18.04
18.36
18.58
18.75
18.9
18.95
19.14
19.26
19.41
19.53
19.53
19.53
19.63
19.97
20.12
19.46
17.31
18.09
19.46
20.48
20.65
20.65
20.65
19.51
18.82
18.8
18.46
12.96
12.35
15.48
16.53
16.38
13.87
13.13
10.85
16.36
15.53
14.21
10.72
15.72
15.92
13.16
9.509
14.36
16.97
14.65
13.45
10.58
15.43
16.99
13.72
11.94
11.45
16.48
14.48
12.82
9.827
16.02
16.82
13.43
11.85
12.39
16.67
13.65
11.13
12.07
16.63
15.23
13.18
9.338
15.7
17.33
17.99
18.46
18.87
19.02
19.19
19.36
19.51
19.63
19.73
19.8
19.75
19.97
20.14
20.14
20.14
19.9
18.99
18.95
18.95
20.46
20.48
20.48
20.46
20.29
20.31
18.6
15.48
15.28
15.28
10.51
14.16
16.21
16.94
17.5
17.85
18.12
18.43
18.68
18.75
18.9
18.97
19.09
19.17
19.34
19.34
19.51
19.56
19.63
19.73
19.85
19.9
20.12
17.24
18.58
20.7
20.83
20.78
18.53
17.21
16.92
10.56
15.97
17.31
17.85
18.38
18.7
18.87
18.97
19.14
19.26
19.46
19.58
19.68
19.78
20.0
20.12
17.94
18.36
20.65
20.83
20.78
18.95
17.31
16.38
10.79
9.302
9.998
10.9
10.18
9.082
12.72
15.99
16.72
17.11
17.5
17.7
17.82
17.99
18.31
18.51
18.58
18.75
18.87
18.97
19.09
19.24
19.41
19.53
19.6
19.78
19.92
20.04
20.12
20.12
16.99
18.41
20.58
20.85
20.85
20.65
18.87
18.75
17.94
8.887
9.216
8.618
13.43
16.21
17.07
17.7
18.04
18.48
18.75
18.87
18.97
19.12
19.17
19.34
19.38
19.53
19.53
19.63
19.73
19.87
20.12
20.09
17.21
17.97
19.04
19.63
19.9
19.9
19.9
19.09
17.31
16.87
16.46
10.16
8.948
8.96
9.448
9.827
17.94
20.83
20.17
10.68
8.765
14.38
20.48
20.83
14.58
9.29
8.789
5.994
5.829
5.829
5.829
6.128
9.277
8.691
9.204
8.545
7.129
18.46
20.14
10.22
8.728
8.704
9.863
20.0
17.9
8.582
9.033
8.447
8.569
8.557
6.018
6.012
5.829
5.829
5.829
5.829
5.829
5.829
5.829
5.829
5.829
5.829
5.829
5.829
5.829
5.829
5.829
5.829
5.829
5.829
5.829
5.829
5.829
6.506
10.28
10.06
18.9
20.65
13.84
10.07
