0.0
0.0
17.24
20.48
20.73
18.04
20.21
21.44
20.17
20.24
19.9
20.41
20.48
20.14
20.43
19.8
20.29
20.48
20.29
20.43
20.24
19.85
19.85
19.63
15.43
10.14
0.2029
0.0
0.001621
0.006866
3.357
18.68
14.6
14.99
14.87
14.89
12.22
14.79
14.67
8.594
0.0824
0.0
0.01354
18.99
23.46
23.1
22.95
22.92
19.26
22.58
22.78
23.07
23.05
22.9
23.12
22.85
22.85
22.88
22.34
19.56
23.02
12.08
0.02222
0.0
0.0
5.219
16.92
15.45
16.82
18.04
18.68
18.33
18.29
18.12
18.38
18.19
17.55
17.65
17.87
17.9
17.9
17.99
17.8
17.77
14.43
18.46
17.8
17.85
17.87
17.77
17.72
17.99
0.0
1.59
0.0
