0.0
0.0
0.0
0.0
9.537e-05
0.0
0.0
0.0
0.0
0.0
9.537e-05
0.0
0.0
0.0
0.0
0.0
0.0
0.0
0.0
0.0
9.537e-05
0.0
0.0
0.0
0.0
0.0
0.0
0.0
0.0
0.0
0.0
0.0
0.02556
0.2712
0.7607
1.003
0.8957
1.007
1.025
0.9735
4.407
3.491
4.108
3.479
2.13
0.1139
0.5066
0.6538
0.8133
0.8118
0.824
0.8514
0.6897
0.8102
3.699
3.687
3.827
2.567
2.014
0.5318
0.6096
0.5234
0.6371
0.5394
0.618
0.5089
0.6813
0.6966
0.8362
2.328
4.7
4.016
2.869
3.522
1.721
0.4066
0.1854
0.2235
0.6149
0.4509
0.6409
0.6897
0.6554
0.6584
0.5798
1.767
3.796
3.656
2.515
2.802
1.852
0.3208
0.4028
0.6187
0.5913
0.798
0.737
0.6973
0.6989
0.7172
4.639
2.606
3.644
2.121
1.935
0.946
0.4211
0.2838
0.05903
0.111
0.3517
0.05188
0.4585
0.6912
0.7645
0.7805
0.7454
0.7248
1.917
4.364
3.644
2.408
1.913
2.673
1.308
0.3239
0.5714
0.7401
0.3284
0.4059
0.6516
0.1883
0.708
0.8255
0.4013
0.14
0.0946
0.07973
0.4555
0.119
0.4509
0.6531
0.5356
0.6836
0.6386
0.6897
0.6546
0.946
2.963
4.041
2.997
3.223
2.502
1.581
0.5516
0.4128
0.4318
0.3197
0.2934
0.5714
0.473
0.5905
0.528
0.4639
0.5013
0.5585
0.7339
0.8606
3.705
4.187
2.982
2.942
2.359
2.603
1.065
0.2125
0.396
0.6233
0.3624
0.04988
0.09604
0.4082
0.3635
0.214
0.09375
0.06447
0.2304
0.4738
0.275
0.1572
0.3746
0.2117
0.4494
0.2041
0.115
0.09422
0.3399
0.3052
0.1106
0.351
0.351
0.2785
0.1995
0.198
0.3304
0.5592
0.296
0.05684
0.1509
0.06609
0.5333
0.1863
0.4494
0.4028
0.2159
0.2312
0.3506
0.3147
0.2384
0.07687
0.08593
0.2804
0.07696
0.399
0.2621
0.3586
0.6081
0.06371
0.08821
0.08698
0.3613
0.2697
0.07639
0.08564
0.06266
0.4051
0.3258
0.2129
0.2018
0.4181
0.2544
0.1049
0.1213
0.3864
0.7217
0.1106
0.2377
0.4166
0.3006
0.06638
0.09127
0.05312
0.3521
0.5264
0.2579
0.2598
0.05655
0.0823
0.2029
0.1814
0.1852
0.259
0.2445
0.2113
0.3021
0.275
0.2167
0.2926
0.2693
0.1045
0.06704
0.3136
0.2258
0.3479
0.2083
0.2541
0.2918
0.4318
0.06351
0.09413
0.2979
0.05693
9.537e-05
0.3101
0.5241
0.1509
0.5722
0.07906
0.2861
0.0
0.2693
0.3296
0.3624
0.4677
0.4051
0.1347
0.09785
0.1951
0.2979
0.3487
0.2331
0.5272
0.0701
0.1429
0.378
0.0007629
9.537e-05
0.2083
0.5608
0.4761
0.1453
0.2106
0.2865
0.2655
0.2232
0.1879
0.4662
0.5371
0.1907
0.1503
0.1818
0.2399
0.2415
0.312
0.1875
0.5859
0.1154
0.09155
0.07458
0.267
0.0005722
0.1471
0.4768
0.2281
0.1831
0.08945
0.07915
0.3235
0.2872
0.05207
0.09069
0.3803
0.1556
0.5318
0.1072
0.3185
0.1892
0.201
0.08745
0.09117
0.4875
0.2934
0.05636
0.1368
0.5722
0.1369
0.2846
0.3349
0.1072
0.07868
0.3826
0.1909
0.1112
0.3559
0.2396
0.7774
0.4044
0.2499
0.1011
0.3029
0.3651
0.8331
0.5501
0.05856
0.09975
0.3468
0.1123
0.4074
0.6454
0.8591
0.721
0.7172
0.7721
0.8072
0.856
0.8499
0.7629
0.7408
0.8179
0.8087
0.8209
0.8911
0.8606
0.8789
0.8911
0.8698
0.8591
0.8209
0.7057
0.6294
0.5859
0.6416
0.6355
0.7271
1.476
1.53
1.558
1.974
2.167
2.499
1.678
1.999
2.957
5.377
7.043
5.756
5.92
4.749
4.675
6.384
5.853
6.232
7.19
6.287
4.535
5.804
5.121
4.889
5.859
5.383
2.762
1.752
1.268
0.3559
0.6569
0.6989
0.7446
0.721
0.8377
0.8499
0.8942
0.7278
0.6401
0.6615
0.6805
0.8011
0.7919
0.795
0.7706
0.8591
0.8698
0.7751
0.7805
0.7011
0.6271
0.6165
0.5714
0.5966
0.5486
0.544
0.4494
0.4204
0.589
2.509
3.363
2.936
2.74
3.827
4.419
3.973
4.614
3.253
5.829
6.049
3.833
5.67
4.706
4.248
4.395
5.035
3.967
6.665
4.504
4.12
4.413
4.675
4.028
4.388
4.395
3.442
4.102
3.412
1.965
0.9338
1.183
0.7195
0.7858
0.2842
0.5341
0.5714
0.6081
0.5898
0.6523
0.647
0.5089
0.4517
0.5768
0.6371
0.6134
0.544
0.6378
0.7111
0.7774
0.7477
0.795
0.7034
0.6866
0.6042
0.7454
0.8575
0.8408
0.766
0.6996
0.573
0.4692
0.605
0.6226
0.5348
0.6378
0.8148
1.311
3.821
3.534
3.851
4.077
5.963
6.873
6.982
5.847
3.925
4.034
3.278
5.981
4.584
5.31
4.474
6.287
5.548
5.237
5.615
4.602
3.149
3.235
2.536
2.457
1.402
1.74
3.235
4.321
1.843
1.428
1.672
0.07105
0.6325
0.7317
1.477
5.072
2.304
0.1785
0.7812
1.004
4.572
1.688
0.2396
0.2712
0.08974
0.6355
0.6943
0.7607
3.296
5.823
2.963
0.9232
0.2724
0.4196
0.5653
1.535
3.058
2.432
0.9995
0.1486
0.1518
0.3662
0.6943
0.8438
2.744
4.12
1.047
0.1276
0.666
0.6874
3.619
3.778
0.6706
0.05817
0.3666
0.6325
0.6851
3.412
2.914
1.253
0.528
0.07954
0.09899
0.05665
0.3052
0.2731
0.9628
0.8911
0.9201
0.9338
0.9705
1.138
1.108
1.132
1.166
1.103
1.057
1.125
0.9567
0.9186
1.129
1.187
1.207
1.187
1.019
1.085
5.096
5.145
5.353
9.399
7.129
8.484
11.24
5.994
8.569
9.094
5.316
4.858
5.786
6.348
5.548
1.614
2.444
0.502
1.149
1.178
1.251
1.257
1.26
1.161
1.178
1.212
1.147
1.106
1.118
1.122
1.17
1.176
1.236
1.204
1.154
1.158
4.785
5.078
5.414
7.776
8.496
8.093
9.436
9.253
8.191
7.947
7.593
7.434
5.206
5.206
5.096
1.63
2.216
0.4547
1.816
0.9079
0.2098
0.2064
0.2861
0.2781
2.008
0.3445
1.372
0.2232
0.08659
0.1093
0.3349
0.05121
1.285
0.2556
1.065
1.073
1.048
1.152
1.131
1.097
1.027
1.099
1.187
1.059
1.074
1.073
1.099
1.027
1.044
0.9903
1.038
1.109
1.123
2.57
3.0
3.021
2.765
3.387
3.912
6.079
7.935
7.825
6.067
6.958
7.019
7.336
8.704
8.228
6.244
7.092
4.822
4.681
3.87
3.088
1.096
2.017
0.7103
0.3284
0.2537
0.1335
0.3075
0.1572
0.8743
0.312
0.1003
0.1028
0.3113
0.3056
0.0598
0.1776
0.2628
0.3666
0.2872
0.6607
0.5188
0.3937
0.3983
0.4387
0.4692
0.7149
0.1686
0.3689
0.3429
0.4555
0.6004
0.3487
0.4509
0.8331
0.8881
0.9598
0.8942
0.9293
0.8972
0.9354
0.8835
1.018
0.8499
0.9933
0.9262
0.9094
0.9323
0.9171
0.9277
0.9338
0.9537
0.972
0.9644
1.379
3.595
3.162
2.365
1.569
2.231
1.932
3.302
2.127
3.156
1.654
2.768
5.981
6.616
6.421
6.506
4.626
7.812
6.689
8.582
6.36
5.853
6.262
5.133
4.81
3.955
1.309
1.685
1.389
0.7248
0.9201
0.5959
0.312
0.6561
0.9094
0.9476
