0.02861
0.02861
0.02861
0.02604
0.02966
0.02728
0.03014
0.02737
0.0289
0.02604
0.02604
0.02604
0.02861
0.02346
0.02861
0.02604
0.02861
0.02604
0.02861
0.02604
0.02861
0.02604
0.03128
0.02604
0.02861
0.02604
0.02861
0.02604
0.02861
0.02604
0.02861
0.02708
0.03824
6.677
26.61
28.37
25.49
25.63
23.85
20.9
34.57
28.66
34.42
25.59
10.1
12.92
17.21
12.52
16.11
14.92
18.53
8.325
13.16
11.57
24.88
25.78
26.71
25.44
26.66
27.78
24.0
27.73
22.83
20.02
7.434
31.93
21.48
14.18
17.6
20.75
22.24
21.34
21.09
19.29
21.66
16.33
15.65
11.07
11.94
8.008
22.46
22.92
23.75
23.07
21.17
20.58
19.02
18.43
17.21
18.24
16.02
13.45
13.65
10.67
13.18
13.31
15.65
15.72
16.65
19.92
12.89
13.99
13.16
16.92
17.5
18.21
23.07
9.619
19.75
29.15
29.69
31.45
32.18
27.49
27.39
23.73
15.33
16.97
18.09
23.32
26.12
29.88
22.0
32.23
29.79
14.38
9.18
31.15
30.62
30.37
27.2
33.74
25.83
26.32
29.1
6.75
29.98
23.14
26.71
28.76
27.54
25.24
23.66
23.95
17.68
12.49
13.57
22.02
32.76
32.67
33.15
31.35
26.95
34.86
12.67
9.57
16.58
13.38
12.72
14.45
17.16
17.85
18.8
9.802
14.82
15.84
14.43
14.06
14.77
13.96
14.33
13.62
12.87
16.92
18.8
20.41
1.051
0.4974
0.05732
0.02346
0.02604
0.02346
0.02861
0.02604
0.02861
0.02604
0.02604
0.02604
0.02604
0.02604
0.03128
0.02604
0.03128
0.02861
0.03128
0.02604
0.02861
0.02604
0.02604
0.02861
0.02861
0.02604
0.02861
0.01822
0.02346
0.02079
0.02346
0.02346
0.02346
0.02346
0.02604
0.02861
0.02346
0.01822
0.02346
0.02079
0.02079
0.02346
0.02346
0.02346
0.02604
0.02346
0.02346
0.02346
0.02346
0.02346
0.02346
0.02346
0.02604
0.02079
0.02604
0.02346
0.02604
0.02346
0.02604
0.02604
0.02861
0.02346
0.02861
0.02346
0.02604
0.02346
0.02604
0.02604
0.02861
0.02861
0.03128
0.02604
0.02861
0.02861
0.02604
0.02604
0.02861
0.02861
0.02861
0.02604
0.02346
0.01822
0.02346
0.02079
0.02604
0.02079
0.02604
0.02346
0.02604
0.02346
0.02079
0.02079
0.02346
0.02079
0.02346
0.02346
0.02346
0.02346
0.02604
0.02346
0.02604
0.02346
0.02604
0.02346
0.02604
0.02346
0.02604
0.02346
0.02861
0.02604
0.02861
0.02861
0.02861
0.02604
0.03128
0.02346
0.02604
0.02346
0.02861
0.02604
0.03128
0.02604
0.03128
0.02861
0.03128
0.02604
0.02861
0.02604
0.02861
0.02604
0.03128
0.02604
0.02861
0.02604
0.02861
0.02604
0.02861
0.02604
0.02861
0.02346
0.02604
0.02604
0.02604
0.02346
0.02604
0.02604
0.03128
0.02604
0.02861
0.02604
0.02861
0.02346
0.02861
0.02346
0.02604
0.02604
0.02861
0.02346
0.02861
0.02346
0.02604
0.02604
0.02604
0.02604
0.02604
0.02346
0.02604
0.02346
0.02861
0.02346
0.02861
0.02604
0.03128
0.02604
0.02861
0.02861
0.02861
0.02604
0.02861
0.02604
0.02861
0.02861
0.02604
0.02604
0.02604
0.02604
0.02604
2.405
7.751
14.06
13.62
12.43
14.77
20.14
23.22
24.8
10.55
39.65
41.11
38.92
36.82
33.84
34.28
32.57
37.35
38.38
40.14
40.09
40.58
40.38
40.23
39.7
39.99
22.29
22.97
38.87
34.67
39.11
38.18
32.86
30.86
17.11
1.938
25.2
40.19
39.75
37.35
37.7
37.35
37.99
38.43
37.89
38.09
40.28
41.36
40.19
38.04
39.36
40.62
32.32
23.05
42.19
39.01
42.09
31.15
30.52
32.23
18.24
13.62
40.28
41.11
38.13
37.84
40.04
42.19
42.19
38.72
38.23
38.53
39.45
40.28
41.06
40.72
39.99
21.31
22.19
34.18
38.96
39.4
36.08
30.52
31.64
23.36
16.06
41.06
38.38
38.28
39.75
40.82
41.21
40.53
37.94
38.09
38.82
40.28
39.21
39.01
39.79
39.65
29.98
30.86
40.23
37.74
40.53
27.88
31.05
30.86
17.21
3.497
39.99
39.7
40.97
39.94
38.82
40.62
40.58
40.72
40.09
40.33
38.18
37.35
37.99
37.79
38.72
38.82
16.58
37.11
39.99
36.33
36.72
21.02
21.14
21.12
20.14
12.96
8.887
40.19
40.33
40.53
40.62
39.89
37.74
38.72
38.23
38.57
0.0
0.502
2.261
30.13
39.16
39.5
39.84
38.53
38.13
39.36
41.02
40.33
40.33
40.82
39.31
40.28
41.89
41.02
21.75
36.23
38.72
34.86
25.93
29.15
23.78
25.24
24.1
2.991
33.11
40.33
38.92
38.48
38.92
39.4
39.89
39.99
39.99
40.53
40.87
38.77
37.99
38.23
38.48
29.59
24.8
37.5
40.67
37.6
24.17
24.83
28.66
24.66
7.947
2.075
24.51
40.04
33.74
28.32
33.3
40.97
33.89
21.41
41.41
41.02
34.72
36.87
20.24
19.17
40.09
32.52
35.79
23.71
39.65
30.52
29.79
25.88
38.62
31.59
31.93
26.86
39.75
29.59
35.11
23.49
30.91
37.84
27.64
30.08
30.08
39.7
30.13
35.94
17.46
40.43
34.57
38.09
10.24
40.67
41.11
41.85
41.89
41.8
38.82
38.87
39.4
40.53
41.65
39.84
37.11
36.43
34.77
33.25
22.46
22.97
25.29
26.17
25.83
38.92
26.07
20.7
20.41
17.36
14.79
10.71
20.92
22.17
22.56
22.07
20.75
18.99
19.9
21.75
21.95
39.4
40.14
39.94
41.06
41.36
41.5
42.19
42.38
42.33
39.55
18.9
41.7
41.02
38.09
31.64
32.47
35.25
16.26
15.6
41.7
42.58
42.04
38.43
35.69
36.13
32.23
29.49
29.79
29.49
27.54
26.86
25.05
23.66
24.07
24.29
26.22
26.66
26.86
22.09
16.63
17.82
21.39
19.75
19.8
23.29
25.1
21.0
16.92
27.69
33.98
10.1
23.61
17.07
14.94
16.5
16.06
16.75
16.31
15.5
13.72
15.45
15.6
15.09
17.38
15.58
17.94
15.72
15.77
15.53
14.14
22.34
25.34
24.27
23.66
31.45
38.18
23.36
22.44
25.34
30.86
18.68
22.46
24.46
22.61
23.75
21.46
23.24
41.65
41.6
41.7
40.77
41.26
41.6
39.16
38.82
41.11
41.75
42.29
41.5
38.57
38.43
29.15
26.42
41.99
41.36
34.47
30.91
29.54
30.86
17.38
17.8
18.33
22.92
20.14
19.56
19.6
21.56
16.92
0.3975
9.802
40.23
41.11
41.6
41.5
41.02
39.45
38.43
37.7
38.43
39.65
40.19
39.84
36.77
39.36
40.67
28.47
37.21
41.26
41.65
37.55
28.42
24.71
28.08
7.41
11.24
18.53
37.45
26.46
18.9
13.94
6.934
0.1726
14.23
29.35
37.4
18.51
20.9
10.66
15.28
34.28
34.03
3.473
0.7133
0.1171
0.0371
0.02804
0.02737
0.02995
0.02737
0.02928
0.02604
0.02995
0.02737
0.02861
0.02537
0.02804
0.0267
0.02995
0.02737
0.02928
0.02604
0.02861
0.02604
0.02861
0.02604
0.02995
0.2663
20.14
25.05
34.91
27.34
19.24
