18.97
20.85
15.01
15.92
17.38
15.84
15.48
17.29
19.24
20.53
17.7
17.21
17.75
18.77
17.11
16.48
18.41
18.04
19.82
21.36
16.75
18.12
15.19
17.65
15.94
20.04
18.38
18.16
17.09
16.55
17.53
17.53
17.7
17.9
19.92
17.65
15.84
15.55
19.38
18.24
17.85
18.58
19.6
19.97
16.46
16.09
18.92
19.68
20.07
17.94
17.94
19.43
17.11
18.58
17.9
17.33
17.19
16.7
17.29
18.85
15.8
15.5
17.26
16.43
18.65
16.94
18.09
15.94
15.92
15.55
17.16
17.11
20.24
15.84
17.82
18.04
18.31
17.63
17.43
16.24
17.65
20.78
15.19
15.77
13.09
15.01
15.36
17.09
16.63
15.48
15.6
16.06
15.58
16.09
15.87
17.9
17.38
16.87
17.82
14.84
14.36
14.38
15.99
15.94
16.04
17.11
16.04
17.09
17.63
15.65
14.58
15.6
16.53
17.5
17.75
18.87
15.97
15.99
17.48
14.38
15.75
17.94
18.65
16.94
15.16
16.02
15.06
16.02
17.07
17.9
14.79
15.43
16.58
17.58
18.55
21.26
18.55
18.65
16.87
17.87
18.51
18.77
17.53
19.02
19.65
17.41
20.46
18.92
16.87
19.17
18.38
16.21
17.92
18.55
18.33
18.29
15.28
17.26
17.92
19.24
16.58
17.7
18.92
18.14
16.5
18.41
18.7
17.87
18.36
17.58
18.04
17.11
17.55
18.31
18.68
16.09
14.67
16.58
17.24
15.8
16.97
15.6
17.33
17.33
18.85
18.92
17.43
17.24
18.77
18.65
16.8
14.36
17.26
20.56
17.9
20.83
17.43
17.7
18.16
18.75
19.09
17.6
17.11
15.97
15.87
16.16
16.38
17.04
18.19
15.23
18.46
18.6
17.29
17.75
17.31
16.5
16.16
15.06
18.16
17.92
17.85
15.92
15.87
16.48
17.09
18.51
17.82
17.43
18.68
15.23
16.36
19.09
18.43
17.75
14.5
16.53
17.5
17.94
20.43
19.6
19.56
16.87
18.02
18.65
17.38
16.63
17.21
17.82
15.89
17.55
17.7
17.48
18.38
17.72
16.46
17.75
17.68
15.62
17.26
18.58
19.21
19.87
18.68
17.55
17.7
17.21
19.75
18.73
19.6
15.26
17.33
18.99
18.21
19.82
18.04
17.26
17.6
20.19
17.02
16.75
17.75
19.04
19.41
23.22
17.14
16.04
17.82
18.02
20.02
17.97
18.68
17.6
16.02
17.55
16.21
17.75
19.43
18.14
19.78
18.09
16.55
15.16
16.24
16.31
18.51
21.04
18.14
16.46
17.53
18.16
17.82
17.6
17.19
18.97
19.31
19.85
15.33
16.65
16.65
16.99
18.26
19.04
20.75
17.8
19.65
16.65
16.5
17.43
18.63
19.51
20.46
21.36
21.17
19.07
17.63
17.02
16.94
17.63
16.48
17.48
17.58
16.19
18.14
17.11
16.92
17.97
17.36
18.43
17.75
17.63
17.58
18.33
18.07
16.19
15.99
16.19
16.26
16.85
18.43
19.6
18.09
17.24
17.21
16.85
17.11
15.77
18.24
16.33
18.16
18.8
17.53
16.31
15.99
16.55
13.84
16.92
16.77
18.46
19.09
18.68
17.87
18.75
16.94
18.02
19.04
19.53
18.82
18.21
17.02
20.07
18.68
18.36
17.5
17.65
18.58
17.53
18.41
18.38
19.6
16.75
18.33
18.95
18.85
18.92
19.6
18.51
17.87
17.9
18.21
17.6
19.24
17.04
18.21
17.99
19.43
15.48
17.8
19.12
18.36
19.07
20.43
20.09
19.46
18.29
17.19
18.53
16.77
18.19
18.6
17.77
17.63
18.51
20.07
20.34
20.85
18.19
18.51
18.92
17.21
19.07
18.38
19.43
17.85
19.56
19.51
20.51
19.73
17.58
16.87
18.16
17.33
17.07
21.75
19.56
21.31
18.73
19.24
17.38
16.82
17.21
15.26
17.33
17.41
18.29
18.38
21.19
18.29
18.65
17.94
17.33
16.24
16.89
19.14
18.48
18.38
18.75
18.19
17.53
16.21
17.09
19.12
16.97
17.46
17.24
18.33
18.65
19.38
19.24
21.26
16.89
16.26
15.94
15.09
16.92
18.07
19.95
20.85
22.73
16.55
18.92
18.53
17.9
18.26
17.75
17.43
18.99
20.21
20.09
19.43
16.41
14.89
15.55
19.51
18.33
19.14
19.6
18.7
18.46
18.87
19.26
16.16
16.06
18.6
18.26
19.26
20.46
19.17
18.04
19.17
19.65
19.95
20.0
16.63
19.73
18.21
19.07
16.7
16.85
17.7
19.68
21.34
19.85
17.63
17.65
16.02
17.48
18.21
20.41
17.65
18.14
19.46
16.53
16.89
18.87
16.82
18.14
17.43
17.85
19.51
17.26
16.97
16.72
17.16
17.87
16.7
16.82
19.34
20.39
18.41
17.8
17.24
17.24
15.97
20.17
16.6
17.04
16.19
17.94
18.53
18.51
18.6
19.38
20.85
18.6
18.41
21.04
17.41
16.82
15.04
15.53
16.41
18.21
19.24
18.75
20.75
18.26
17.85
16.65
18.97
17.55
16.36
18.16
19.21
17.16
18.38
19.09
18.6
17.92
20.09
17.8
17.75
18.31
16.77
16.46
15.84
19.21
19.31
18.85
18.04
17.5
18.24
17.5
16.67
17.68
18.65
18.04
20.48
19.19
20.8
21.04
19.04
18.46
18.12
20.26
19.19
20.51
20.85
19.36
21.17
19.68
20.61
19.34
20.41
19.38
19.34
19.6
21.83
20.21
20.46
21.83
21.04
18.36
17.14
16.24
16.85
16.89
18.33
18.48
20.46
20.34
19.58
19.95
19.63
19.58
17.36
18.14
16.85
16.89
17.33
18.97
19.78
19.31
17.7
18.87
16.02
17.94
18.95
16.99
17.38
17.87
18.29
18.85
17.99
21.58
19.17
16.48
17.43
16.21
15.31
16.77
18.21
19.21
17.21
16.6
15.41
16.7
18.07
19.07
18.19
18.8
19.43
17.24
18.48
17.8
19.04
17.19
16.99
16.46
16.85
16.04
19.56
17.09
21.17
20.51
17.55
18.43
20.17
20.12
18.53
19.95
17.09
16.21
16.36
16.58
17.68
18.14
22.51
20.43
21.34
22.05
18.02
17.41
17.26
17.7
17.24
