34.57
24.8
16.38
23.58
25.78
26.07
26.42
16.97
23.46
27.39
28.86
31.88
28.08
24.51
10.73
20.68
15.84
10.05
16.04
16.14
17.7
25.29
16.21
26.22
13.84
24.32
14.23
19.92
22.46
20.51
28.61
17.5
17.58
20.48
23.83
35.84
28.08
17.29
6.799
24.49
10.79
0.02604
0.0247
0.02604
0.02346
0.02604
0.02346
0.02604
0.0247
0.0247
0.0247
0.02737
0.02346
0.02604
0.0247
0.02604
0.0247
0.0247
0.02604
0.02604
0.02346
0.02604
0.0247
0.02604
0.02604
0.02604
0.0247
0.02737
0.0247
0.02604
0.02604
0.02604
0.02604
0.02604
0.02604
0.02737
0.0247
0.02737
0.0247
0.02737
0.0247
0.02604
0.0247
0.02604
0.02737
0.02604
0.0247
0.02737
0.02346
0.02604
0.0247
0.02604
0.0247
0.02604
0.0247
0.02737
0.0247
0.02737
0.0247
0.02604
0.02604
0.02737
0.0247
0.02604
0.0247
0.02737
0.0247
0.02861
0.02604
0.02737
0.02604
0.02737
0.02737
0.02604
0.02737
0.02737
0.0247
0.02737
0.0247
0.02737
0.02604
0.02737
0.0247
0.02861
0.0247
0.02604
0.02604
0.02737
0.02737
0.02737
0.02861
0.02737
0.02604
0.02737
0.02604
0.02604
0.02604
0.02737
0.02737
0.02604
0.02604
0.02861
0.02604
0.02737
0.02604
0.02737
0.02604
0.02737
0.02604
0.02737
0.0247
0.02737
0.02737
0.02737
0.02737
0.02861
0.02604
0.02737
0.02604
0.02861
0.02604
0.02737
0.02604
0.02995
0.02604
0.02737
0.02861
0.02861
0.02861
0.02995
0.02861
0.02737
0.02737
0.02737
0.02861
0.02861
5.725
11.91
8.887
11.74
9.448
8.008
3.271
16.87
18.87
25.68
31.1
29.93
13.4
26.66
12.33
19.26
18.97
22.97
22.53
7.971
7.861
7.922
8.911
7.898
7.715
9.058
10.63
8.582
9.058
8.057
7.825
11.17
18.99
22.12
25.15
12.35
3.131
26.66
12.11
24.39
20.87
5.994
28.66
21.31
6.531
8.838
17.09
13.55
25.34
13.45
4.083
0.1991
0.02737
6.58
12.1
10.62
10.8
16.85
1.242
27.54
22.31
8.24
14.72
16.55
8.435
9.106
10.02
8.728
12.48
17.26
19.75
16.53
22.95
23.39
13.33
7.593
25.1
12.96
11.06
10.34
9.839
7.776
3.143
9.058
17.94
18.97
18.6
13.38
28.27
24.17
5.914
23.49
24.78
24.12
11.67
26.66
21.22
10.12
10.89
18.16
11.93
22.88
19.75
10.24
27.59
12.49
20.92
20.8
14.23
6.409
21.14
19.95
9.033
2.823
11.44
8.655
11.29
9.412
0.0
21.97
4.504
8.118
18.36
11.32
19.68
22.39
26.03
18.31
23.17
24.27
11.88
23.36
14.04
18.38
18.43
11.05
21.78
14.84
23.95
16.94
24.1
12.1
20.39
22.51
22.44
23.05
25.24
16.21
5.597
28.17
31.98
30.27
9.766
29.83
29.79
26.42
18.6
11.5
33.4
31.05
24.58
11.0
0.2438
16.14
22.97
8.813
7.922
7.886
7.91
11.91
7.922
7.971
7.69
9.351
9.29
9.839
8.057
8.057
22.36
20.7
20.78
27.34
10.4
3.186
25.98
30.71
29.54
12.57
20.83
22.95
26.81
17.68
23.83
25.2
25.78
32.47
26.71
26.46
8.374
11.56
25.1
24.76
25.98
30.42
20.9
7.971
28.22
29.39
30.32
20.26
3.351
22.75
31.01
18.85
9.192
13.18
13.11
8.191
25.24
31.74
26.12
15.55
2.435
1.306
8.423
23.34
18.53
25.34
28.12
26.71
30.47
21.41
6.299
19.63
14.62
24.83
23.36
30.86
23.68
3.528
31.88
32.18
26.42
10.96
32.47
29.0
27.39
19.41
11.78
32.32
27.83
26.51
10.52
16.85
31.25
34.57
15.6
22.46
15.53
17.46
21.75
19.48
19.73
20.36
27.49
8.191
6.012
13.77
17.41
16.19
13.6
25.44
21.04
30.27
13.23
23.73
19.31
4.248
1.213
3.864
19.41
21.24
28.27
15.77
20.29
28.91
35.16
9.973
7.751
10.23
7.788
8.716
7.91
7.751
8.813
8.252
8.667
7.898
10.02
9.021
8.435
8.997
19.24
18.24
23.56
22.41
17.38
4.828
14.94
32.13
23.68
22.75
16.24
12.44
16.77
12.7
32.71
22.8
27.93
11.52
17.6
14.65
10.23
24.17
16.89
13.16
19.36
22.36
15.06
23.75
27.93
23.78
19.9
6.689
6.152
2.316
30.71
29.79
22.29
6.934
9.29
8.826
29.2
20.46
13.11
11.08
6.104
13.16
9.387
2.927
16.38
22.95
26.07
23.75
22.29
24.34
15.94
15.45
21.63
10.08
16.89
20.87
37.4
28.86
26.12
10.88
15.23
10.23
27.05
33.01
33.69
14.6
18.29
28.37
33.01
35.84
19.19
13.43
27.29
34.96
31.59
22.34
7.141
15.31
20.21
23.0
18.68
24.73
36.67
30.27
28.71
14.14
16.36
36.43
31.15
18.7
6.146
22.53
14.26
29.88
25.98
29.83
21.0
5.188
22.14
14.04
19.21
20.51
23.44
11.73
19.26
17.75
24.73
28.86
32.76
13.96
7.91
15.48
26.86
25.88
6.763
2.734
14.53
25.68
12.52
39.55
27.78
22.0
14.09
12.35
25.24
18.53
33.64
34.23
13.57
24.1
28.66
25.54
26.07
8.154
28.37
32.71
23.97
12.11
5.103
7.739
33.4
21.36
28.47
17.99
10.25
24.12
18.14
26.42
4.95
11.95
9.851
15.89
24.58
12.67
28.66
27.34
26.56
16.75
4.852
4.645
14.72
11.08
9.668
18.68
23.49
23.05
27.44
28.22
8.63
3.339
15.62
11.73
17.77
6.396
25.83
13.04
19.29
25.78
31.88
36.23
20.63
6.531
24.73
19.36
20.87
16.6
19.53
18.04
19.41
17.92
18.29
18.87
17.29
24.39
25.54
30.96
24.41
5.658
23.32
13.79
15.48
15.97
19.92
20.97
11.98
8.008
20.8
22.85
19.73
24.68
18.38
26.07
27.0
24.54
14.94
24.98
32.28
28.52
12.05
27.83
24.93
31.2
24.37
3.351
19.43
15.92
18.7
19.8
8.325
22.92
28.66
28.08
30.22
26.32
5.109
21.95
14.45
14.14
27.0
14.99
30.52
22.49
2.988
1.54
29.2
18.33
21.44
26.46
11.9
14.09
20.92
18.68
30.13
23.1
4.547
16.94
20.41
11.82
9.18
7.178
17.58
25.39
10.9
10.61
10.83
2.899
16.41
0.03195
4.98
26.61
0.0
8.508
8.691
14.62
19.92
26.32
27.78
25.29
29.74
21.56
6.531
25.63
30.42
28.81
25.34
6.592
16.89
26.81
33.45
21.36
29.39
23.46
6.012
22.24
16.28
14.23
22.85
30.08
28.03
22.83
4.321
14.97
19.51
15.89
17.46
25.59
27.1
32.52
29.88
13.7
19.31
26.61
32.86
30.57
24.83
10.94
8.765
30.91
26.17
28.91
19.65
3.149
19.51
26.46
33.54
24.61
26.27
18.87
2.023
20.58
22.92
24.29
26.07
30.08
21.75
16.48
15.82
5.377
19.65
23.66
26.42
28.47
29.74
35.16
23.22
5.371
14.48
23.63
22.53
24.61
23.73
24.46
12.65
29.44
