0.03052
0.03347
0.03824
0.03042
0.03252
0.03757
0.03805
0.03881
0.0309
0.02956
0.02928
0.03376
0.0351
0.04187
0.03214
0.04005
0.0349
0.03414
0.02975
0.03262
0.02937
0.02918
0.03433
0.03748
0.03109
0.03176
0.02956
0.02842
0.03262
0.03691
0.033
0.04148
0.02728
0.03576
0.03281
0.02813
0.03023
0.03557
0.02842
0.0432
0.03471
0.03223
0.0392
0.03147
0.03433
0.03881
0.03538
0.03614
0.03948
0.03624
0.03796
0.03614
0.08059
0.03777
0.03757
0.03576
0.03881
0.04625
0.03519
0.03405
0.04568
0.04473
0.04797
0.03748
0.03881
0.03309
0.03567
0.03328
0.02584
0.02604
0.03014
0.02489
0.03014
0.0412
0.0474
0.06208
0.035
0.02851
0.02899
0.033
0.0329
0.03166
0.03147
0.02956
0.02975
0.02632
0.0289
0.02794
0.03281
0.02937
0.02584
0.04435
0.03719
0.03405
0.03176
0.02842
0.02851
0.04244
0.03376
0.02823
0.04272
0.02851
0.03242
0.04387
0.03099
0.03557
0.03138
0.03204
0.02804
0.03061
0.04044
0.03462
0.03414
0.02165
0.02728
0.02356
0.02289
0.02384
0.02346
0.02775
0.02489
0.03109
0.02785
0.02451
0.03366
0.02699
0.02909
0.02623
0.02823
0.02871
0.03176
0.02756
0.02956
0.02985
0.0246
0.03166
0.04082
0.03214
0.0288
0.03958
0.02813
0.02642
0.02575
0.0247
0.02365
0.03166
0.03386
0.02966
0.02518
0.02346
0.0289
0.02327
0.02327
0.03147
0.037
0.02966
0.03347
0.02327
0.03061
0.02632
0.02832
0.04005
0.02766
0.02489
0.0247
0.02899
0.02937
0.02623
0.02823
0.02947
0.0289
0.03157
0.03023
0.03242
0.02632
0.03109
0.02785
0.02785
0.02794
0.02651
0.02785
0.02661
0.03214
0.03119
0.02708
0.03281
0.02651
0.03901
0.03157
0.04444
0.02928
0.02594
0.03929
0.03214
0.02947
0.02222
0.02708
0.02823
0.03777
0.03014
0.03157
0.03729
0.03214
0.03567
0.0308
0.037
0.03433
0.03595
0.04263
0.03376
0.03901
0.0267
0.02861
0.0308
0.03471
0.04101
0.02842
0.0309
0.03157
0.02747
0.03748
0.03443
0.03643
0.02604
0.02995
0.02728
0.02871
0.02947
0.03252
0.04282
0.02518
0.02508
0.04339
0.02651
0.03347
0.02937
0.02661
0.03176
0.03633
0.02794
0.03901
0.02613
0.02537
0.02985
0.02842
0.03214
0.02623
0.02785
0.02766
0.03099
0.02642
0.03109
0.02623
0.06905
0.03872
0.02995
0.02604
0.02356
0.0246
0.03262
0.03624
0.02918
0.03939
0.02527
0.0308
0.03071
0.02594
0.03204
0.03414
0.04034
0.02928
0.0392
0.02756
0.02928
0.03157
0.03166
0.02718
0.03042
0.03023
0.02937
0.04377
0.03014
0.03004
0.02975
0.02832
0.0288
0.04139
0.03099
0.03338
0.02956
0.02699
0.03424
0.02861
0.03262
0.03529
0.04673
0.03204
0.03052
0.02947
0.03281
0.02985
0.03023
0.03338
0.0308
0.035
0.02918
0.02871
0.03052
0.0268
0.02985
0.03271
0.03071
0.03252
0.03128
0.02594
0.04864
0.04263
0.02632
0.03271
0.03204
0.02928
0.03843
0.03529
0.03805
0.03109
0.02766
0.03691
0.035
0.03624
0.02775
0.02642
0.03157
0.03195
0.03309
0.04129
0.03862
0.04368
0.0721
0.03014
0.02871
0.03138
0.02432
0.03471
0.02756
0.03481
0.02403
0.03748
0.03176
0.03262
0.03204
0.03262
0.02756
0.03176
0.02928
0.02785
0.02728
0.03347
0.04368
0.02766
0.02956
0.03567
0.02642
0.03204
0.03376
0.04234
0.04673
0.02909
0.02766
0.03052
0.04387
0.03204
0.03042
0.0267
0.0329
0.02728
0.03004
0.02604
0.02871
0.03366
0.0349
0.03395
0.03672
0.03567
0.05302
0.03757
0.0248
0.03252
0.03748
0.04377
0.02222
0.02756
0.02832
0.02375
0.02851
0.02537
0.02966
0.02432
0.02489
0.02747
0.02546
0.02365
0.03004
0.04025
0.02842
0.02823
0.02279
0.02651
0.03138
0.02499
0.02918
0.02604
0.02975
0.02804
0.03042
0.03462
0.02804
0.0371
0.03042
0.02432
0.02995
0.03357
0.02794
0.02832
0.03033
0.02718
0.03042
0.03271
0.02823
0.02851
0.02804
0.02699
0.0246
0.02947
0.02708
0.03166
0.02737
0.03166
0.03633
0.02928
0.03395
0.03157
0.02899
0.04091
0.02918
0.04082
0.02527
0.03071
0.0391
0.02794
0.03252
0.03052
0.02775
0.02623
0.02928
0.02337
0.02918
0.02689
0.02899
0.02584
0.03452
0.03166
0.02375
0.02651
0.02689
0.03109
0.0308
0.03529
0.03262
0.02842
0.02756
0.02851
0.02871
0.03004
0.02518
0.03529
0.02813
0.03176
0.03147
0.03042
0.03834
0.03386
0.03195
0.0351
0.04454
0.02775
0.03538
0.03462
0.0308
0.02708
0.02918
0.02813
0.0432
0.0289
0.0329
0.04339
0.03395
0.03071
0.03309
0.03119
0.02909
0.03242
0.03042
0.03252
0.02966
0.03185
0.03014
0.02985
0.03347
0.02899
0.03357
0.03109
0.0288
0.03386
0.03424
0.03061
0.03433
0.02851
0.03481
0.02632
0.03023
0.02756
0.03157
0.03138
0.03548
0.04482
0.03223
0.02575
0.03252
0.03023
0.03338
0.0289
0.04072
0.03624
0.03157
0.02394
0.03586
0.05684
0.05894
0.03376
0.03033
0.04435
0.02842
0.03605
0.03214
0.03748
0.03748
0.03757
0.03319
0.03529
0.03328
0.03366
0.02785
0.04425
0.03281
0.0288
0.05131
0.03138
0.0349
0.02556
0.03166
0.03128
0.03271
0.03271
0.03119
0.03395
0.0309
0.03691
0.03147
0.02823
0.03939
0.03414
0.03443
0.02937
0.03595
0.02985
0.03643
0.04587
0.02851
0.03986
0.03052
0.02708
0.03939
0.03519
0.03633
0.03366
0.03176
0.04148
0.03233
0.03138
0.02918
0.02937
0.02728
0.03252
0.02451
0.03128
0.02747
0.03262
0.03185
0.04063
0.02375
0.033
0.02394
0.02804
0.02861
0.02785
0.02699
0.02823
0.02584
0.03233
0.02375
0.03061
0.02604
0.02613
0.03557
0.03099
0.05026
0.03014
0.03405
0.0267
0.02928
0.02766
0.02794
0.03271
0.03147
0.03424
0.04587
0.03662
0.03605
0.02327
0.02594
0.03548
0.02584
0.02642
0.02689
0.02794
0.02966
0.02766
0.02766
0.02823
0.03052
0.02766
0.02747
0.02937
0.02918
0.02661
0.02909
0.02613
0.02451
0.0289
0.03023
0.02604
0.0246
0.02766
0.03176
0.02689
0.02947
0.04358
0.03662
0.03433
0.03271
0.02689
0.02861
0.03557
0.03281
0.03471
0.03738
0.03147
0.03328
0.03777
0.0391
0.0289
0.02918
0.04997
0.0349
0.02775
0.03157
0.0349
0.02937
0.03405
0.03262
0.03166
0.03557
0.03195
0.03672
0.03958
0.03357
0.03414
0.0412
0.03691
0.02956
0.03452
0.04587
0.04292
0.03595
0.03233
0.03319
0.03939
0.03424
0.04272
0.03729
0.03328
0.03633
0.03414
0.03624
0.03986
0.03462
0.03662
0.03576
0.03405
0.03796
0.03424
0.03643
0.05722
0.0349
0.03881
0.03443
0.03395
0.04673
0.04559
0.03843
0.03824
0.03967
0.03939
0.03605
0.0351
0.03519
0.03548
0.04053
0.03633
0.04005
0.03567
0.06857
0.0493
0.03538
0.04044
0.03357
0.03395
0.06447
0.03481
0.03805
0.03548
0.03443
0.03872
0.03653
0.03405
0.04463
0.03271
0.04005
0.03462
0.03643
0.03109
0.05178
0.03366
0.03405
0.03538
