14.23
20.7
19.51
9.521
8.997
8.374
8.777
9.546
19.36
20.68
16.31
12.29
20.36
20.41
13.23
6.689
6.506
6.458
6.458
6.458
6.458
6.458
6.458
6.458
6.458
8.154
6.458
6.458
8.008
6.995
6.458
6.702
7.874
11.22
16.21
17.43
18.04
18.38
18.73
16.6
14.84
11.83
8.948
10.02
15.92
17.21
17.9
18.31
18.7
15.97
13.43
11.77
8.472
11.83
20.51
20.26
12.96
19.36
20.65
13.87
9.07
8.667
10.82
16.19
17.38
18.09
18.51
17.29
14.58
11.0
8.752
8.398
8.704
9.448
15.77
17.31
18.07
18.55
17.16
13.7
11.78
8.496
8.777
14.14
16.85
17.65
18.09
18.53
16.43
12.94
10.52
10.89
16.24
17.38
17.97
18.48
15.55
11.78
8.655
8.997
12.7
16.7
17.68
18.16
17.58
14.92
11.93
9.265
13.43
16.75
17.72
18.19
18.24
14.89
12.39
10.16
9.253
9.18
11.24
20.41
20.02
11.01
14.4
16.92
17.8
18.29
18.38
15.53
12.21
10.45
9.814
9.253
9.18
9.583
8.63
12.79
16.67
17.65
18.21
18.6
17.21
14.31
11.89
9.302
9.338
8.789
9.595
12.79
20.48
19.63
11.43
19.12
20.7
15.77
13.4
20.65
19.63
10.5
15.38
17.02
17.8
18.19
18.6
16.09
14.23
11.77
9.204
9.229
9.204
9.192
9.192
9.155
9.18
9.241
9.546
9.18
8.691
9.241
8.96
8.96
9.241
7.532
6.458
6.458
6.458
6.458
6.458
7.471
9.033
9.082
9.033
9.021
8.618
9.326
8.984
9.326
8.594
8.972
9.07
9.119
9.814
18.65
20.73
19.43
13.45
8.972
6.641
6.506
6.458
6.458
6.458
7.397
9.045
9.302
9.033
9.07
8.813
8.948
9.119
9.094
9.314
8.813
8.728
8.936
9.045
9.009
9.509
11.44
18.77
20.78
20.36
13.94
6.689
6.555
6.458
7.41
8.838
9.509
8.948
9.167
9.18
9.082
8.997
8.838
9.338
8.899
9.399
12.06
19.21
20.75
19.41
10.94
9.717
9.058
9.351
18.26
20.8
18.99
7.703
7.581
8.936
8.96
8.972
8.911
8.667
9.387
8.838
8.826
8.875
10.12
18.75
20.75
19.65
11.36
9.045
9.021
9.314
8.179
6.641
6.494
6.458
6.458
6.458
7.373
9.253
11.18
18.8
20.68
20.17
13.6
9.57
9.424
9.949
16.41
20.48
20.75
19.53
16.92
9.436
12.79
20.02
20.75
19.73
12.33
6.714
6.531
6.458
7.544
9.155
8.789
8.96
8.704
8.948
8.752
10.36
18.9
20.7
19.51
11.12
9.082
8.667
8.643
8.63
14.55
20.61
20.68
15.82
6.812
6.604
6.458
6.458
7.373
8.984
15.21
20.7
20.73
19.31
12.01
8.569
8.716
9.412
16.63
20.75
20.73
19.78
12.16
8.569
9.119
8.655
7.922
6.641
6.567
6.445
6.445
6.445
7.41
8.862
9.302
9.216
9.839
8.997
8.948
9.082
9.18
8.801
14.97
17.26
18.07
18.53
18.85
19.26
19.43
19.58
19.65
19.78
19.92
20.0
20.07
20.26
20.26
20.36
20.48
20.73
20.78
20.46
18.6
20.41
20.65
20.14
19.82
19.8
18.53
17.97
17.82
14.14
11.25
16.8
17.8
18.31
18.68
19.07
19.38
19.58
19.6
19.78
19.82
19.97
19.97
20.19
20.21
20.36
20.36
20.56
20.73
20.75
19.92
17.29
18.51
20.73
20.56
19.75
19.73
18.85
16.33
15.53
15.38
9.705
15.48
17.38
18.09
18.55
18.99
19.26
19.38
19.58
19.68
19.78
19.92
20.07
20.17
20.17
20.34
20.41
20.63
20.75
20.75
19.46
17.68
20.19
20.87
20.24
19.73
19.68
17.53
16.36
16.14
13.26
10.47
16.43
17.68
18.26
18.55
18.95
19.29
19.43
19.6
19.73
19.78
19.92
20.02
20.17
20.21
20.36
20.36
20.43
20.63
20.75
20.75
18.73
17.99
20.48
20.9
20.56
20.09
19.7
17.19
16.5
16.28
15.84
10.95
11.39
16.6
17.7
18.36
18.63
18.99
19.29
19.53
19.6
19.68
19.8
19.97
19.97
20.02
20.17
20.24
20.36
20.36
20.53
20.75
20.75
20.75
18.8
17.58
19.95
20.78
20.14
19.53
19.53
18.9
18.12
17.68
17.02
12.79
9.29
15.75
17.38
18.19
18.58
18.92
19.31
19.48
19.63
19.78
19.78
19.9
19.97
20.17
20.17
20.31
20.36
20.39
20.56
20.68
20.75
20.75
19.7
17.55
20.17
20.9
20.56
20.51
20.02
19.53
17.94
16.94
16.67
15.55
8.496
12.27
15.82
16.82
17.29
14.04
13.33
12.87
9.912
15.67
16.92
14.36
13.06
12.15
19.02
19.92
14.84
16.31
19.97
19.26
14.18
17.7
20.26
18.41
10.75
14.72
16.65
16.63
13.11
12.08
13.16
19.6
20.0
15.04
10.24
15.28
16.67
16.04
12.67
12.27
9.058
14.55
16.33
16.87
15.43
12.77
12.44
8.875
14.77
17.19
17.94
18.48
18.7
19.02
19.36
19.48
19.6
19.68
19.78
19.9
19.97
20.12
20.17
20.19
20.36
20.36
20.56
20.7
20.75
20.26
17.38
20.02
20.87
20.56
20.17
19.12
16.63
16.02
15.7
11.73
12.01
16.94
17.85
18.48
18.8
19.17
19.43
19.58
19.75
19.8
19.97
20.07
20.17
20.34
20.36
20.46
20.68
20.75
20.75
18.29
18.9
20.9
20.41
19.8
19.6
17.68
16.55
16.38
10.89
14.21
17.29
18.14
18.55
18.95
19.34
19.48
19.63
19.8
19.85
19.97
20.04
20.17
20.24
20.36
20.48
20.65
20.75
20.75
18.55
17.11
19.6
20.7
20.63
19.63
19.41
18.21
17.65
17.41
13.48
12.7
16.6
19.97
16.6
12.13
16.85
20.24
18.21
10.16
14.99
17.43
18.16
18.58
18.85
19.24
19.46
19.58
19.73
19.78
19.97
20.04
20.17
20.34
20.36
20.36
20.51
20.68
20.7
17.46
20.09
20.78
20.65
20.65
20.09
18.19
16.46
15.89
8.911
15.23
17.41
18.14
18.53
18.82
19.17
19.53
19.63
19.82
19.92
19.92
20.07
20.12
20.29
20.31
20.48
20.51
20.68
20.7
20.7
20.7
17.87
18.55
20.8
20.56
20.26
20.26
19.85
18.99
17.11
16.46
15.82
9.29
10.52
19.9
20.78
17.04
9.229
9.473
16.97
20.8
19.36
10.6
14.26
17.33
18.14
18.63
18.9
19.26
19.46
19.6
19.78
19.85
19.97
20.07
20.17
20.29
20.36
20.36
20.56
20.68
20.75
20.75
20.14
17.46
19.75
20.87
20.9
20.9
20.75
18.19
17.48
17.43
15.48
6.641
6.641
6.641
6.641
6.641
6.641
6.641
6.641
6.641
6.641
6.641
6.641
6.641
6.641
6.641
6.641
9.314
9.607
9.729
9.375
9.631
9.656
9.705
10.21
9.595
10.11
10.3
