5.658
5.798
6.018
6.177
6.36
6.47
6.555
6.848
7.239
7.52
7.52
7.52
7.52
7.52
7.52
7.52
7.532
4.901
3.809
3.955
4.089
4.242
4.242
4.242
4.242
4.242
4.401
4.437
4.437
4.437
4.437
4.437
4.48
4.633
4.633
4.626
4.633
4.633
4.633
4.633
4.633
4.633
4.633
4.633
4.669
4.688
4.645
4.645
4.645
4.651
4.681
4.84
4.84
4.84
4.84
4.84
4.84
4.846
4.846
4.846
4.84
4.84
4.84
4.846
4.84
4.846
4.846
4.846
4.846
4.871
4.889
4.846
4.846
4.84
4.846
4.865
5.035
5.035
5.035
5.035
5.035
5.035
5.035
5.035
5.035
5.035
5.035
5.035
5.035
5.035
5.035
5.035
5.035
5.035
5.042
5.042
5.042
5.035
5.035
5.042
5.042
5.035
5.042
5.042
5.035
5.054
5.231
5.231
5.231
5.231
5.231
5.231
5.231
5.231
5.231
5.231
5.231
5.231
5.231
5.231
5.231
5.231
5.231
5.231
5.231
5.231
5.231
5.231
5.231
5.231
5.231
5.231
5.231
5.231
5.231
5.231
5.231
5.231
5.231
5.231
5.231
5.231
5.414
5.414
5.414
5.42
5.316
5.231
5.408
5.408
5.408
5.408
5.408
5.408
5.408
5.408
5.408
5.408
5.408
5.408
5.408
5.408
5.408
5.408
5.408
5.408
5.408
5.432
5.603
5.603
5.603
5.603
5.603
5.621
5.621
5.67
5.811
5.811
5.817
5.817
5.817
5.817
5.817
5.829
6.006
6.006
6.006
6.006
6.183
6.189
6.232
6.458
6.836
6.958
6.995
7.349
7.349
7.349
6.421
3.07
3.436
3.705
3.876
4.047
4.047
4.181
4.242
4.242
4.242
4.236
4.236
4.382
4.431
4.431
4.431
4.431
4.431
4.431
4.437
4.62
4.626
4.626
4.626
4.626
4.626
4.626
4.626
4.626
4.626
4.73
4.822
4.822
4.822
4.822
4.822
4.822
4.822
4.822
4.822
4.822
4.822
4.822
4.822
4.822
4.822
4.822
4.822
4.877
5.017
5.017
5.017
5.017
5.017
5.017
5.017
5.017
5.017
5.017
5.017
5.017
5.072
5.212
5.212
5.212
5.28
5.402
5.402
5.402
5.402
5.542
5.737
5.884
5.988
6.128
6.299
6.653
6.97
7.153
7.288
7.349
7.336
7.336
7.336
7.336
7.336
7.336
7.336
7.336
6.287
3.436
3.827
4.022
4.059
4.059
4.059
4.175
4.254
4.254
4.254
4.254
4.37
4.449
4.449
4.449
4.443
4.449
4.449
4.449
4.449
4.449
4.449
4.633
4.645
4.645
4.645
4.645
4.639
4.639
4.639
4.645
4.645
4.645
4.645
4.645
4.645
4.645
4.749
4.84
4.84
4.84
4.84
4.84
4.834
4.834
4.834
4.84
4.84
4.84
4.834
4.84
4.84
4.84
4.84
4.84
4.84
4.84
4.84
4.84
4.834
4.834
4.84
4.834
4.84
4.834
4.834
4.84
4.834
4.84
4.84
4.877
5.029
5.035
5.035
5.035
5.035
5.035
5.035
5.035
5.035
5.035
5.035
5.035
5.035
5.035
5.035
5.035
5.206
5.225
5.225
5.225
5.225
5.225
5.225
5.225
5.377
5.42
5.42
5.42
5.42
5.42
5.42
5.42
5.42
5.42
5.42
5.42
5.42
5.42
5.42
5.42
5.42
5.42
5.42
5.42
5.42
5.42
5.42
5.42
5.42
5.42
5.42
5.42
5.42
5.42
5.42
5.42
5.609
5.615
5.615
5.615
5.615
5.615
5.615
5.615
5.768
5.798
5.798
5.798
5.847
5.988
5.994
5.994
5.994
5.994
5.994
5.994
6.0
6.146
6.152
6.152
6.177
6.335
6.335
6.335
6.409
6.519
6.519
6.519
6.519
6.665
6.702
6.702
6.738
6.897
6.897
7.153
7.251
7.263
7.288
7.336
7.336
7.349
7.349
7.349
7.349
7.349
7.349
7.349
7.349
7.349
7.349
6.384
3.333
3.564
3.815
3.864
3.888
4.059
4.059
4.059
4.059
4.193
4.254
4.254
4.248
4.248
4.248
4.333
4.443
4.443
4.443
4.443
4.449
4.449
4.449
4.443
4.443
4.62
4.639
4.639
4.639
4.639
4.639
4.639
4.639
4.639
4.639
4.639
4.639
4.639
4.639
4.645
4.761
4.834
4.834
4.834
4.834
4.834
4.834
4.834
4.84
4.84
4.84
4.834
4.834
4.834
4.834
4.834
4.834
4.834
4.834
4.889
5.029
5.029
5.029
5.029
5.029
5.029
5.029
5.023
5.023
5.023
5.029
5.157
5.237
5.408
5.719
5.786
5.927
6.158
6.311
6.36
6.665
6.946
7.117
7.275
7.336
7.336
7.336
7.324
7.324
4.382
3.68
3.864
4.028
4.059
4.059
4.132
4.254
4.254
4.248
4.248
4.254
4.425
4.443
4.449
4.443
4.443
4.443
4.443
4.449
4.443
4.614
4.62
4.62
4.62
4.62
4.62
4.62
4.62
4.62
4.62
4.62
4.712
4.816
4.816
4.816
4.816
4.816
4.816
4.816
4.822
4.822
4.816
4.822
4.822
4.822
4.822
4.822
4.822
4.822
4.822
4.938
5.017
5.011
5.011
5.011
5.011
5.011
5.017
5.017
5.011
5.011
5.023
5.096
5.2
5.206
5.206
5.206
5.353
5.396
5.402
5.402
5.402
5.597
5.597
5.591
5.597
5.64
5.945
5.963
5.963
5.975
5.981
5.981
5.981
5.981
5.981
6.085
6.171
6.171
6.171
6.177
6.262
6.372
6.372
6.372
6.372
6.372
6.372
6.372
6.372
6.372
6.372
6.372
6.372
6.409
6.555
6.555
6.555
6.555
6.738
6.75
6.75
6.75
6.75
6.75
6.873
6.946
6.946
6.946
6.946
6.946
6.946
6.946
6.946
6.946
6.946
6.946
6.946
7.141
7.141
7.141
7.141
7.141
7.141
7.141
7.141
7.141
7.141
7.312
7.336
7.336
7.336
7.336
7.336
7.336
7.336
7.336
7.336
7.336
7.336
7.336
7.336
7.336
7.336
7.336
7.336
7.336
7.336
7.336
7.336
7.336
7.336
7.336
7.336
7.336
7.336
7.336
6.921
3.241
3.741
3.851
3.864
4.047
4.047
4.047
4.047
4.218
4.242
4.242
4.236
4.242
4.242
4.242
4.352
4.431
4.431
4.431
4.431
4.437
4.431
4.431
4.614
4.626
4.626
4.626
4.626
4.626
4.626
4.626
4.626
4.626
4.626
4.626
4.626
4.626
4.7
4.822
4.822
4.822
4.822
4.822
4.822
4.816
4.822
4.822
4.822
4.822
4.822
4.816
4.816
4.919
5.011
5.011
5.011
5.011
5.017
5.023
5.023
5.023
5.023
5.023
5.023
5.029
5.029
5.029
5.029
5.029
5.029
5.023
5.023
5.023
5.023
5.042
5.219
5.286
5.42
5.414
5.414
5.67
5.804
5.804
