1.184
1.476
1.262
1.102
0.6081
0.3647
0.349
0.4318
0.4631
0.7423
0.5844
0.56
0.6012
0.6706
0.6317
0.1055
0.01249
0.9903
6.47
4.785
4.211
3.79
4.23
2.264
0.1352
0.4349
0.2586
0.4082
0.198
0.1614
0.2857
0.1976
0.1459
0.4219
0.367
0.1705
0.3555
0.1278
0.0
0.0
0.0003815
0.0
0.0003815
0.05941
0.3246
0.3288
0.1869
0.2522
0.3902
0.1665
0.1694
0.2708
0.1886
0.3384
0.1589
0.1427
0.362
0.1432
0.7874
0.1556
0.06809
0.03929
0.07191
0.02737
0.3769
0.04807
0.01278
0.0124
0.1579
1.038
0.6821
0.2254
0.2609
0.2888
0.3151
0.2808
0.2769
0.2178
0.2762
0.2632
0.2796
0.2617
0.2213
0.1909
0.2117
0.5325
0.753
1.12
0.9552
0.4753
0.7225
1.111
1.013
0.3277
0.362
0.3674
0.3677
0.5669
0.473
0.6615
0.7538
0.7698
0.7347
0.1518
0.0186
1.259
5.115
4.712
4.01
3.033
3.595
3.882
0.0123
0.396
0.7317
0.05112
0.04749
0.07391
0.322
0.3105
0.01554
0.01297
0.3586
0.8179
0.6775
0.2995
0.2357
0.2449
0.2842
0.2102
0.2209
0.2098
0.2262
0.2293
0.2262
0.2529
0.2357
0.2789
0.3113
0.8652
1.242
1.489
1.19
1.054
0.6409
0.5028
0.5936
0.6126
0.7843
0.9186
0.9201
0.9369
0.5295
0.0102
0.01402
3.192
5.188
4.565
2.954
4.492
4.736
1.105
0.1307
0.8179
0.1394
0.05684
0.04091
0.05875
0.0495
0.4814
0.1066
0.04663
0.01116
1.118
0.5463
0.4265
0.528
0.2548
0.4143
0.2609
0.2274
0.2384
0.2304
0.2666
0.2575
0.2663
0.2621
0.2594
0.2945
0.6157
1.21
1.266
1.053
1.286
0.8194
0.5226
0.4074
0.4593
0.5219
0.5669
0.7744
0.7729
0.6676
0.6546
0.6752
0.01297
0.01316
0.5089
5.414
4.059
3.992
2.38
4.108
4.333
2.31
0.1434
0.00267
0.8316
0.168
0.05894
0.03281
0.04587
0.01898
0.2361
0.2235
0.1242
0.008106
0.01669
0.0658
1.039
0.4456
0.473
0.2083
0.2533
0.2766
0.2739
0.2243
0.243
0.198
0.1766
0.2026
0.209
0.2029
0.1945
0.2113
0.2106
0.174
0.219
0.2529
1.825
1.152
0.8392
1.041
1.236
1.263
0.5959
0.3906
0.4105
0.4074
0.3723
0.5852
0.647
0.7057
0.885
0.3895
0.08955
0.01068
2.838
6.0
4.968
3.711
3.467
2.374
2.597
0.1129
0.1188
0.8255
0.02289
0.05722
0.02193
0.05331
0.01593
0.3929
0.2247
0.01431
0.01488
0.3368
0.8347
0.6042
0.2571
0.2197
0.2453
0.2464
0.2041
0.1907
0.1713
0.2075
0.1917
0.2281
0.2087
0.23
0.4822
0.2327
0.2842
1.353
1.431
1.079
0.9628
1.003
1.44
0.5173
0.3426
0.3517
0.3845
0.3929
0.4395
0.6866
0.6905
0.7904
0.7965
0.6821
0.01211
0.0124
0.05827
4.584
4.132
3.857
3.003
4.193
4.083
1.517
0.09546
0.0001907
9.537e-05
0.0
0.0
0.0
0.0
0.0
0.001335
0.0
0.0
0.0
9.537e-05
0.0
9.537e-05
0.0
0.0
0.0
0.0
0.0
0.0
0.0
0.0
0.0
0.0
0.0
0.0
0.0
0.0
9.537e-05
0.0
0.0
9.537e-05
0.0
0.0
0.0
0.0
0.0
0.0
0.0
0.0
0.0
9.537e-05
9.537e-05
0.0
0.0006676
9.537e-05
0.0
0.0
0.0
0.0
0.0
0.0
0.0
0.0
0.0
0.0
0.0
0.0001907
0.0
0.0
0.0
0.0
0.0
0.0
0.0
0.0003815
0.0
0.0
0.0
0.0
0.0
0.0
0.0
0.0001907
0.0
0.0
0.0
0.0
0.0
0.0
0.0
0.0
0.0
0.0
0.0
0.0
0.0
9.537e-05
0.0
0.0
0.0
0.0
0.0
0.0
0.0
0.0
0.0
0.0
0.0
0.0
0.0
0.0
0.0
0.0
0.0
0.0
0.0
0.0
0.0
0.0
0.0
0.0
0.0
0.0
0.0
0.0
0.0
0.0
0.0
0.0
0.01831
0.2529
0.795
0.4761
0.4257
0.3704
0.2552
0.4059
0.5043
0.4639
0.386
0.3548
0.2747
0.2758
0.285
0.296
0.3151
0.304
0.2758
0.2541
0.6531
1.398
1.917
1.093
1.053
0.4204
0.4501
0.6088
0.6325
0.6882
0.8377
0.914
0.189
0.01497
0.01459
2.338
7.715
6.274
7.324
3.085
0.003242
0.0001907
0.0
0.0004768
0.0
0.0
0.0
0.0
0.0
0.0
0.00248
0.0005722
0.0
0.0
0.01984
0.692
0.4974
0.4631
0.6378
0.5135
0.317
0.4761
0.5096
0.4784
0.3838
0.2617
0.2514
0.2354
0.2785
0.2827
0.2998
0.3052
0.2983
0.2907
1.248
1.846
1.685
1.421
0.3708
0.3632
0.3796
0.3952
0.4272
0.5341
0.6462
0.8408
1.114
0.2274
0.0102
0.01192
8.142
7.812
8.142
2.859
0.005817
0.0001907
0.0
0.0
0.0
0.0
0.0
0.0
0.0
0.0
0.0
9.537e-05
0.01535
0.9018
0.3845
0.4356
0.4082
0.4555
0.2487
0.3555
0.47
0.4921
0.3613
0.3799
0.3124
0.2743
0.3002
0.3078
0.2701
0.2625
0.2346
0.2331
0.4791
1.645
0.9781
1.62
1.26
0.631
0.4654
0.5013
0.428
0.7225
0.7782
0.7767
0.589
0.07391
0.01326
0.01211
6.049
8.777
6.158
5.573
0.2323
0.002861
0.0008583
0.0
0.0
0.0
0.0
0.0
0.0
0.0
0.0
0.0
9.537e-05
0.0
0.0
9.537e-05
0.0
0.0001907
0.0
0.0009537
0.001907
0.0
0.1932
0.0
0.0
0.0009537
0.0
0.0
0.0
0.0
0.0
9.537e-05
0.0
0.0
0.0
0.0
0.0
0.0
0.0
0.0
0.0
0.0
0.0
0.0
0.0
0.0
0.0
9.537e-05
0.0
0.0
0.0
0.0
0.0
0.0
0.0
0.0
0.0
0.0
0.0
0.0
0.0
9.537e-05
0.07515
9.537e-05
9.537e-05
0.0
0.0
0.0
0.0
0.0
0.04835
9.537e-05
9.537e-05
0.0
0.0
0.0
0.0
0.0
0.0
0.0
0.0
0.0
0.0
0.0
0.0
0.0
0.0
0.0
0.0
0.0
0.0
0.0
0.0
0.006771
0.6653
0.5905
0.4715
0.6584
0.3292
0.3525
0.5333
0.5737
0.4654
0.3586
0.2811
0.2911
0.2651
0.2747
0.3567
0.3368
0.2705
0.2972
0.4234
1.767
1.77
2.057
1.03
0.56
0.6088
0.6119
0.7462
0.8835
0.9979
0.5424
0.01926
0.01097
3.998
8.813
1.92
5.536
0.00267
0.0004768
0.0001907
0.0
0.0
0.0
0.0008583
0.0
0.0
0.0
0.0
0.0
0.0
0.0
0.0
0.0
0.0
0.0
0.0
0.0
0.0
0.0
9.537e-05
0.0
0.0
0.0
0.0
0.0
0.0
0.0
0.0
0.0
0.0
0.0
0.0
0.0
0.0
9.537e-05
0.0
0.0
0.0
0.001431
0.0
0.0
0.0
9.537e-05
0.0
0.0
0.0
0.0
0.0
0.0
0.0
0.0
0.0
0.0
0.0
0.0
0.0
0.0
0.0
9.537e-05
0.0
0.0
0.0
0.0
0.0
0.0
0.0
0.0
0.0
0.0
0.0
9.537e-05
0.0
0.0
0.0
9.537e-05
0.0
0.0
0.0
0.0
0.0
0.0
0.0
0.0
0.0
0.0
0.0
0.0
0.0
0.0
0.0
0.0
0.0
0.0
0.0
0.0
0.0
9.537e-05
0.0
0.0
0.0
9.537e-05
0.0
0.0
0.0
0.0
