12.99
11.83
20.92
19.97
21.07
9.46
17.46
14.6
15.21
12.99
15.26
13.96
16.72
16.63
19.17
18.07
1.59
0.5035
0.07553
0.02346
0.02737
14.6
17.68
12.1
14.75
12.94
18.85
12.45
12.62
11.01
20.26
24.93
26.27
16.11
11.52
17.9
20.68
19.92
18.41
16.24
20.85
24.56
23.93
19.95
13.65
30.27
21.85
13.53
17.58
25.88
30.13
28.32
29.98
29.2
20.0
28.27
30.66
17.8
15.16
32.32
29.69
9.277
34.47
37.5
37.84
36.91
23.1
32.42
29.39
16.87
13.94
22.31
31.54
28.42
13.53
25.93
36.08
33.64
34.23
32.08
31.2
32.91
16.58
26.46
27.88
24.17
15.84
32.42
27.2
25.83
24.78
25.83
20.19
25.88
24.32
17.48
16.77
22.68
23.75
27.05
7.458
0.7294
24.98
32.13
26.42
16.55
27.73
30.62
22.34
14.33
34.86
35.99
35.89
36.62
25.15
31.74
18.8
19.73
21.61
19.65
19.17
12.52
31.1
31.98
34.47
35.69
24.54
21.95
29.25
19.92
15.11
26.12
26.81
22.29
8.887
32.91
28.61
31.35
32.32
32.86
15.8
35.3
22.92
19.51
18.33
18.92
19.38
33.4
31.1
32.86
33.79
22.44
27.54
26.37
15.48
9.827
34.42
31.64
31.15
31.74
33.35
23.36
30.62
21.02
12.74
18.33
29.98
30.57
31.74
29.93
27.0
20.19
30.08
20.26
17.7
12.19
12.87
21.14
22.07
27.44
16.19
9.912
0.2956
0.06638
0.02604
0.02346
0.02737
0.0247
0.02604
0.0247
1.057
28.27
30.76
17.38
6.677
16.02
15.16
15.72
16.38
14.77
16.41
16.02
15.99
14.84
17.6
14.97
0.6065
0.1419
0.03386
0.02346
0.02737
0.0247
0.02737
0.0247
0.02604
24.49
29.49
24.0
15.26
15.8
15.28
16.02
18.95
25.93
26.03
20.34
15.5
18.73
17.55
15.6
0.2552
0.1524
0.03128
0.0247
0.02861
0.0247
0.02861
0.02604
0.02861
13.55
14.45
24.41
27.44
24.37
13.94
16.14
13.26
13.94
17.36
22.07
19.9
19.12
15.23
15.67
4.309
0.1471
0.04692
0.0247
0.02737
0.02604
0.02861
0.0247
0.02737
7.043
14.77
16.14
16.77
19.17
14.11
12.57
12.6
12.29
14.62
15.6
20.75
19.56
20.02
2.789
0.5951
0.09117
0.02737
0.0247
0.02737
0.0247
0.02737
0.0247
8.215
13.82
13.57
14.11
15.48
15.23
17.5
24.68
24.0
25.34
17.55
25.29
25.68
20.56
14.26
12.82
0.2163
0.1068
0.02861
0.02604
0.02737
0.02604
0.02737
0.02604
0.02737
1.987
16.28
12.12
11.33
14.7
27.15
25.59
18.12
11.51
26.03
29.35
21.83
10.68
13.01
11.68
0.2239
0.1015
0.02604
0.0247
0.02604
0.0247
0.02604
0.0247
0.02737
0.02346
8.105
7.715
13.11
8.569
10.44
17.07
27.88
28.08
3.381
0.5974
0.09508
0.02737
0.02737
0.0247
0.02861
0.02604
0.02737
0.0247
0.02737
0.0247
0.02737
0.02346
0.02604
16.26
11.87
11.46
17.19
13.89
19.19
23.19
29.59
25.39
13.92
31.69
32.91
15.26
12.96
12.6
11.73
13.4
18.75
17.16
19.09
25.1
25.49
24.32
24.95
32.62
36.91
36.82
35.6
36.04
36.04
35.4
33.5
32.37
34.52
35.94
35.4
34.86
9.827
8.093
26.12
34.77
35.45
35.6
28.08
23.8
24.07
21.19
11.06
3.32
26.86
33.11
34.28
32.13
30.32
30.66
34.67
33.94
34.03
32.67
32.28
33.35
31.05
30.27
30.71
32.86
32.08
33.4
35.45
22.07
8.667
15.23
37.35
35.94
29.98
27.44
23.88
24.05
31.69
18.99
3.198
0.1068
27.83
31.15
29.88
32.28
32.67
31.05
31.79
34.81
32.96
33.45
33.06
31.64
31.59
33.69
31.98
32.76
31.84
30.42
30.52
29.98
10.89
13.53
29.79
33.15
33.3
29.05
28.91
24.19
28.03
24.49
3.006
22.88
30.76
32.08
32.03
29.59
31.35
31.35
31.54
30.66
33.5
33.06
33.4
27.1
27.78
28.08
28.12
29.93
30.57
31.59
32.76
30.32
12.18
19.63
27.49
35.35
33.25
22.95
25.44
23.05
20.07
18.04
17.04
3.357
31.69
34.33
33.59
33.3
32.67
31.1
30.47
31.49
29.49
31.1
33.45
33.15
33.06
33.79
33.59
31.64
31.88
27.93
26.71
23.88
9.68
12.37
18.04
20.17
22.63
21.17
19.82
17.97
15.53
15.04
15.82
16.14
18.43
18.41
16.19
2.478
17.43
21.56
21.88
22.56
23.44
24.37
24.71
24.27
24.78
23.39
24.34
23.68
23.8
24.54
24.68
23.73
25.24
25.24
25.39
25.49
25.34
26.46
27.44
27.2
26.42
23.66
10.44
13.21
22.19
24.61
25.15
24.19
22.95
23.36
20.83
21.88
19.41
14.82
11.04
3.601
17.46
20.02
33.06
14.97
31.35
12.84
31.88
32.32
22.39
31.64
21.83
29.05
27.34
12.34
36.62
33.59
23.8
28.71
13.87
31.3
33.64
21.95
27.05
8.765
25.63
31.74
24.07
32.91
13.38
23.19
36.52
36.18
34.38
32.13
33.11
33.06
34.62
37.7
35.84
32.47
30.08
25.59
22.02
20.14
19.07
18.7
17.58
17.97
19.73
18.65
16.89
16.24
15.67
9.814
16.85
15.72
15.77
18.07
17.94
16.65
15.99
15.89
19.51
26.07
28.71
27.49
12.29
8.02
36.77
36.04
35.69
35.84
38.09
36.96
35.3
35.79
34.52
34.86
35.69
34.08
36.62
36.13
35.99
36.28
36.13
10.95
22.17
34.62
19.38
17.87
19.87
19.29
19.38
14.77
17.02
18.99
18.77
14.97
10.6
7.776
15.31
16.28
15.8
15.7
17.41
15.67
15.94
13.75
15.72
17.31
15.62
13.33
18.7
21.95
23.34
26.51
23.1
18.55
25.49
26.37
11.43
34.86
34.38
30.42
30.52
33.54
37.06
35.6
34.77
34.57
35.21
36.13
35.3
36.08
37.26
36.04
37.74
36.67
25.0
16.02
35.69
36.33
34.03
37.01
24.29
28.42
27.1
11.63
24.22
33.01
27.69
18.82
18.31
24.1
27.59
30.08
31.4
17.92
20.58
17.85
21.78
25.73
31.1
28.12
16.82
21.19
30.08
25.93
13.18
12.34
20.78
20.31
21.12
19.75
20.87
19.75
20.53
18.99
19.58
17.38
19.65
19.07
18.7
20.46
16.16
18.65
18.53
16.65
23.93
27.64
28.52
17.77
16.89
20.21
28.12
29.64
21.26
22.63
29.93
31.64
17.02
24.73
31.59
27.59
3.943
0.695
0.1093
6.604
16.26
18.85
13.4
21.09
10.5
30.03
29.0
18.73
14.5
16.43
10.17
12.89
32.67
32.86
14.36
17.97
35.5
25.05
14.28
0.8072
0.3204
0.02604
0.02604
0.02604
0.02861
0.02604
0.02604
0.02346
0.02861
0.02346
0.02861
0.02346
0.02861
0.02346
0.02861
0.02346
0.02604
0.02346
0.02604
8.582
15.94
18.53
18.68
17.72
13.11
13.92
15.65
14.14
