23.88
23.85
23.97
24.0
21.46
22.31
23.46
23.9
24.12
24.0
23.54
23.63
23.66
22.97
23.19
23.66
23.97
24.07
23.61
23.95
23.95
23.49
24.02
23.71
23.83
23.93
18.82
3.619
17.43
23.9
23.78
23.66
24.02
23.58
23.75
24.07
23.93
21.26
23.95
23.9
23.83
23.61
23.41
23.54
23.78
23.54
23.83
23.97
23.75
23.83
19.04
23.95
23.95
24.07
23.95
23.8
24.0
23.93
23.97
23.97
23.83
20.41
23.95
11.94
0.1015
0.0
0.0
2.921
17.07
17.38
17.55
16.63
16.33
15.92
16.06
16.36
17.04
16.38
16.85
17.09
17.99
17.36
16.94
16.02
15.38
16.16
15.53
16.02
15.58
16.72
16.72
12.94
16.8
16.21
16.7
16.87
16.24
16.31
15.67
0.003719
0.3002
0.00391
0.0
0.003242
0.003338
0.004292
0.003147
5.695
18.14
14.21
0.03471
0.0
