0.103
0.1354
0.1154
0.1234
0.1179
0.1205
0.1099
0.9628
2.032
2.536
3.168
1.491
0.7126
1.477
0.6287
1.392
0.6454
0.7057
0.6462
0.1925
3.973
4.047
3.668
0.7126
1.398
0.4723
1.479
0.8209
0.5264
4.114
2.823
0.5699
1.398
0.7477
0.6874
1.341
0.663
1.457
0.7675
1.43
0.8102
0.0
0.0
0.0
0.0
0.0
0.0
0.0001907
0.0
0.0
0.0
0.0003815
0.001812
0.0
0.0
0.0
0.0
0.0
0.0
0.0
0.0
0.0
0.0
0.0
0.0
0.0
0.0
0.0
0.0
0.0
0.0
0.0
0.0
0.0
0.0
0.0
0.0
0.0
0.0
0.0
0.0
0.0
0.0
0.0
0.0
0.0
0.0
0.0
0.0
0.0
0.0
0.0
0.0
0.0
0.0
0.0
0.0
0.0
0.0
0.0
0.0
0.0
0.0
0.0
0.0
0.0
0.0
0.0
0.0
0.0
0.0
0.0
0.0
0.0
0.0
0.0
0.0
0.0
0.0
0.0
0.0
0.0
0.0
0.0
0.0001907
0.0
0.0
0.0
0.0
0.0
0.0
0.0
0.0
0.0
0.0
0.0
0.0
0.0
0.0
0.0
0.0
0.0
0.0
0.0
0.0
0.0
0.0
0.0
0.0
0.0
0.0
0.0
0.0
0.0
0.0
0.0
0.0
0.0
0.0
0.0
0.0001907
0.0
0.0
0.0
0.0
0.0
0.0
0.0
0.0
0.0
0.0
0.0
0.0
0.0
0.0
0.001049
0.004292
0.08068
0.914
0.9476
1.466
4.15
3.674
0.4913
2.301
1.724
2.57
0.5821
1.465
1.559
0.3311
1.381
0.346
0.7172
0.8408
0.2598
0.2197
0.1581
0.2289
0.1984
1.103
0.9537
1.202
0.6134
0.721
0.3967
0.3017
0.5722
1.178
1.015
1.25
0.8316
2.335
4.236
3.479
0.8301
0.2949
0.3716
0.2846
0.3407
0.246
0.2533
1.633
4.565
3.961
0.6157
0.05617
0.001335
0.002003
0.00782
0.145
0.8041
1.07
0.9354
1.033
0.1358
0.1163
0.16
0.1492
0.2052
0.2308
0.1713
0.1179
0.09899
0.1198
0.1274
0.1392
0.1259
2.457
1.63
3.912
2.283
0.7652
1.672
0.9384
0.7889
0.5058
3.833
3.979
1.216
0.9857
0.9857
1.466
4.065
4.053
0.6485
1.022
0.6943
0.6195
3.018
3.796
1.709
0.6012
0.3193
1.398
0.5974
0.8438
1.392
3.955
3.699
1.338
1.135
1.056
3.198
4.022
1.382
0.9979
1.122
1.028
0.9476
1.231
2.298
3.424
0.9171
1.341
1.712
3.87
4.12
1.338
0.8377
0.3304
1.384
0.8713
0.4349
0.6294
0.5722
1.416
3.851
3.906
0.7919
0.4173
1.526
0.6836
1.27
2.701
3.839
1.978
0.9033
0.4555
1.463
0.7431
1.825
0.7301
1.767
0.4143
1.45
1.285
1.297
1.083
0.827
1.669
1.323
2.554
3.613
2.167
0.7652
0.9354
1.131
0.9659
0.7545
0.4585
0.5089
0.5661
0.4471
2.081
4.132
3.717
0.6966
0.8682
1.503
3.442
2.594
0.7568
2.328
1.685
1.161
0.8224
1.03
1.236
0.5371
0.1421
0.1621
0.1642
0.1215
0.1305
0.1215
0.09899
0.1238
0.1034
0.1457
0.1936
0.1255
0.1202
0.1554
0.8072
1.962
3.052
4.016
3.784
2.399
0.6462
1.929
1.352
3.085
3.876
2.463
0.4349
0.002956
0.3487
1.63
0.5959
1.639
0.5386
0.3361
0.2743
0.6882
0.9155
1.39
0.7858
1.083
0.9262
1.77
1.122
2.014
3.833
3.949
1.053
1.138
1.384
3.87
4.407
0.8575
1.079
1.25
1.224
0.5379
1.285
0.3773
0.8148
1.408
1.268
1.944
2.856
1.103
1.654
2.39
0.444
0.5722
0.6187
1.372
3.833
4.272
1.341
1.234
1.208
3.162
4.59
1.636
0.856
1.21
1.84
4.108
3.644
0.7812
0.4997
1.491
1.45
1.123
1.642
0.5379
1.471
1.247
1.166
2.292
3.632
1.328
0.8759
1.95
0.9537
1.175
2.432
4.126
3.491
0.6096
0.4845
0.5081
0.5997
1.219
4.15
3.674
0.8469
1.675
3.656
1.892
0.882
2.228
0.9064
0.5272
0.5226
0.4311
2.597
4.327
2.036
0.2979
0.3048
1.266
0.4807
0.1364
0.06037
0.1245
1.48
0.28
0.1196
0.04253
0.1518
1.558
0.5333
1.274
0.7462
1.511
0.7645
1.648
1.389
1.143
3.558
4.065
3.271
0.7271
0.415
1.285
1.422
0.9567
1.282
2.49
2.899
3.632
0.8102
0.9659
2.255
3.656
0.8987
1.32
1.736
2.356
3.625
2.179
0.8331
2.271
1.624
1.221
0.7263
0.428
0.4631
0.7568
0.7141
3.018
3.998
3.772
1.712
1.19
1.37
4.022
4.346
1.91
0.1076
0.4272
1.578
0.5272
1.813
0.2335
1.41
0.486
1.036
1.068
2.258
2.258
2.295
3.049
0.5363
1.581
0.9338
0.9598
3.906
3.644
0.6157
2.49
3.802
1.067
1.033
1.804
1.285
1.292
2.283
3.949
4.169
1.472
0.6599
1.581
0.47
1.393
1.219
1.306
1.178
1.349
1.193
1.083
1.157
1.218
1.181
0.5104
1.639
0.6821
1.344
1.048
0.6943
0.489
1.479
0.441
1.21
0.9781
1.578
0.4776
1.752
0.6027
0.8057
0.7492
0.9369
3.827
4.333
3.156
0.6996
0.5592
0.6516
0.5615
2.615
4.614
3.067
0.5035
0.5417
1.561
1.337
1.062
0.9918
1.302
0.6302
0.528
1.508
0.2708
0.2651
0.3071
0.798
1.166
0.7538
1.99
4.309
1.164
0.6096
1.157
0.8636
1.357
0.6493
1.152
1.334
0.8698
3.528
2.185
0.7675
1.253
2.832
4.132
1.941
0.6401
0.02651
0.2861
1.291
0.7843
1.451
0.9552
1.562
2.368
2.603
4.144
1.794
1.227
1.627
3.067
3.607
3.015
1.221
0.4967
1.212
0.9125
1.416
0.7812
0.6416
1.457
0.544
1.736
0.7706
1.337
0.3494
0.3445
0.3559
1.268
2.53
2.994
1.154
1.685
0.6279
1.44
0.2098
0.7225
1.376
3.467
4.218
1.584
1.512
3.534
1.422
0.9384
2.646
1.147
1.285
0.7767
1.405
1.012
1.291
0.7889
1.55
0.6203
0.6279
1.987
0.5676
1.341
0.3155
0.09623
0.7675
1.929
0.3063
1.343
0.3952
1.286
0.6088
0.3387
0.3296
0.2995
0.3525
0.3872
0.5714
4.315
4.388
1.1
0.6958
1.289
0.4585
0.4005
0.3639
0.3597
0.2728
1.334
4.205
4.358
1.77
1.242
0.9933
4.022
4.376
2.573
0.5295
0.0
0.0009537
0.001812
0.0
0.6294
0.9766
1.048
1.028
1.067
0.6851
1.057
0.6683
0.441
1.405
0.4387
1.706
0.2937
0.3326
0.3071
0.8301
0.9598
0.9293
0.7324
0.5257
1.051
2.466
3.467
1.758
0.3952
0.346
1.294
0.3468
1.233
0.9491
1.047
3.345
3.455
0.9949
0.6401
0.631
1.515
1.08
2.484
3.821
1.849
0.486
0.7187
1.451
3.29
3.094
0.6844
1.03
1.712
1.21
1.901
3.943
4.132
0.8606
1.237
1.147
2.344
3.186
3.577
2.93
1.035
1.73
2.176
4.138
4.181
1.999
0.8224
0.8591
0.7248
3.055
3.198
3.766
0.6927
0.8499
1.157
3.711
4.156
3.143
1.146
1.152
4.004
3.125
0.4784
