22.78
28.37
31.35
28.86
18.43
12.72
22.24
13.43
23.83
29.05
25.78
6.897
24.24
20.46
25.54
22.8
11.98
24.27
19.09
26.22
19.8
17.6
27.34
32.37
18.82
18.21
24.63
24.73
10.62
21.92
28.76
29.88
30.52
20.46
4.7
23.1
20.21
23.02
24.8
13.55
11.95
12.72
18.48
0.07811
0.02251
0.02117
0.02251
0.02213
0.02308
0.02184
0.02308
0.02213
0.02279
0.02146
0.02279
0.02184
0.02279
0.02184
0.02279
0.02213
0.02279
0.02184
0.02279
0.02146
0.02184
0.02079
0.02251
0.02184
0.02279
0.02213
0.02308
0.02184
0.02251
0.02251
0.02308
0.02213
0.02279
0.02184
0.02251
0.02146
0.02346
0.02184
0.02346
0.02213
0.02251
0.02079
0.02146
0.02213
0.02279
0.02213
0.02346
0.02213
0.02413
0.02279
0.02375
0.02279
0.02346
0.02279
0.02375
0.02251
0.02413
0.02184
0.02375
0.02251
0.02308
0.02279
0.02375
0.02279
0.02441
0.02251
0.02279
0.02308
0.02346
0.02308
0.02413
0.02279
0.02375
0.02213
0.02279
0.02184
0.02308
0.02213
0.02308
0.02213
0.02308
0.02184
0.02413
0.02441
0.02575
0.02508
0.02575
0.02346
0.02308
0.02184
0.02346
0.02279
0.02279
0.02213
0.02279
0.02213
0.02375
0.02279
0.02375
0.02308
0.02413
0.02279
0.02375
0.02279
0.02308
0.02279
0.02441
0.02308
0.02441
0.02375
0.02441
0.02375
0.0247
0.02279
0.02441
0.02251
0.02413
0.02308
0.02441
0.02308
0.02441
0.02279
0.02308
0.02575
0.02699
0.02308
0.02508
0.02279
0.02413
0.02308
0.02346
0.02251
7.52
4.474
2.805
4.547
4.98
5.646
2.676
5.328
3.412
12.77
20.14
18.24
15.92
20.73
18.97
19.04
8.264
8.118
9.241
16.85
0.6126
22.83
25.24
29.15
19.24
6.787
30.18
25.34
27.34
13.96
31.59
28.12
24.58
4.407
27.0
16.6
31.2
15.23
17.85
15.99
23.17
18.9
7.812
9.07
8.728
7.751
6.775
1.547
18.31
0.02537
0.02346
0.02146
0.02346
3.345
6.738
11.01
16.94
21.68
12.99
17.36
16.97
9.778
23.61
16.72
16.36
14.28
19.17
20.31
16.63
6.055
4.15
20.17
26.42
9.131
11.25
23.49
24.63
27.64
10.61
13.31
15.82
12.4
9.583
22.07
23.66
5.933
16.04
22.58
9.131
18.75
13.06
15.65
16.04
11.39
23.85
19.82
4.742
25.83
18.7
16.82
26.32
15.04
14.09
18.38
11.58
18.53
19.8
20.85
24.9
11.58
13.48
22.8
31.3
25.2
27.25
15.6
12.82
18.26
16.36
31.1
27.49
23.66
6.311
20.29
27.44
31.98
20.02
15.36
18.16
18.38
24.34
27.05
27.83
12.45
21.58
29.2
28.27
18.55
6.934
31.79
23.17
27.29
14.99
12.37
24.29
26.51
14.84
14.77
24.9
21.95
12.26
15.23
15.28
17.9
10.99
20.17
18.09
14.18
20.8
12.24
15.19
19.6
0.02804
11.72
19.63
11.34
20.39
29.2
24.27
28.52
14.33
14.28
30.81
30.22
22.41
3.857
17.99
21.19
20.34
14.04
29.83
25.68
26.9
9.229
19.48
27.0
29.98
18.87
6.531
26.95
22.83
19.92
11.32
22.9
21.83
24.34
31.01
29.44
22.66
2.441
23.78
14.23
21.48
9.875
17.72
6.299
16.5
14.84
21.7
19.19
25.34
16.82
34.38
15.94
16.55
31.4
19.38
5.682
30.71
17.04
27.1
5.56
28.96
9.729
9.546
9.399
9.387
9.741
10.01
8.728
9.497
10.29
8.362
22.95
25.49
26.95
10.13
3.284
26.76
24.22
24.9
26.71
15.89
22.92
24.15
33.4
29.88
24.54
32.86
31.45
13.65
15.89
24.1
29.25
10.17
15.23
16.89
18.6
21.92
27.49
9.705
24.39
28.03
27.44
22.39
2.618
30.81
28.03
18.77
10.64
24.29
26.17
29.54
26.51
19.92
4.248
20.29
14.65
26.22
23.41
27.34
18.92
3.644
16.21
16.48
14.36
21.41
17.04
12.65
25.93
13.92
6.458
15.58
12.02
6.458
4.401
0.7721
13.55
12.96
27.49
18.87
26.32
16.43
4.474
25.24
23.93
25.54
12.46
7.996
8.167
9.009
9.387
9.241
10.06
8.289
8.362
9.241
8.142
11.51
23.46
23.51
21.29
11.1
3.54
12.62
20.04
16.19
14.72
14.48
21.92
19.78
10.33
15.26
14.58
14.55
29.64
29.25
22.85
18.04
2.557
25.29
19.6
22.34
26.03
9.802
15.8
21.78
23.71
23.14
13.45
26.86
28.08
28.12
11.08
25.73
26.27
20.0
14.04
32.18
30.52
21.95
3.821
23.05
11.78
23.1
21.0
20.9
8.264
8.215
9.949
10.86
9.717
8.313
8.826
9.167
8.887
9.119
14.11
24.68
25.59
23.73
7.996
6.262
31.59
30.57
26.32
7.275
23.22
30.86
27.44
14.75
23.29
22.36
14.21
0.0
21.97
23.05
10.34
28.86
29.15
26.42
6.689
24.24
9.192
20.36
26.37
30.22
31.79
16.65
11.93
22.8
29.88
28.56
26.81
7.812
17.07
14.99
15.31
23.83
22.68
14.82
28.17
29.74
22.39
17.36
23.41
25.73
25.73
12.84
20.56
0.02546
15.53
23.54
27.69
12.12
19.8
13.23
29.69
29.54
28.03
12.87
16.53
16.33
14.06
22.36
23.12
23.93
13.89
23.12
11.84
21.7
20.83
21.48
22.07
25.15
28.76
21.41
4.779
23.39
24.41
13.4
26.17
29.69
28.27
12.3
25.15
23.27
22.85
23.29
26.56
9.595
15.23
18.92
28.32
22.27
28.17
14.5
23.14
13.72
27.34
25.88
16.65
22.63
30.22
28.42
13.45
25.24
8.838
21.7
21.44
17.04
29.74
14.04
16.53
16.09
14.48
23.02
29.74
22.39
29.93
18.16
24.49
15.53
20.09
13.55
24.95
27.49
27.49
14.23
16.04
27.44
24.37
32.81
12.67
26.37
8.948
8.337
11.77
9.302
8.167
10.55
8.496
10.03
8.337
9.29
18.55
25.15
29.25
22.71
4.175
3.906
10.97
10.51
27.88
38.87
34.72
16.14
3.302
0.04425
9.155
23.83
8.96
10.49
9.265
18.92
16.36
15.01
16.8
25.73
7.825
31.2
17.75
29.05
14.7
9.912
25.44
21.73
28.81
14.14
16.16
17.14
13.11
21.73
22.61
19.73
20.46
15.09
27.15
6.628
27.39
18.26
29.74
23.29
3.43
5.823
23.93
0.0
6.531
8.252
8.533
8.557
9.912
8.337
8.179
11.35
21.88
25.68
4.156
26.17
29.74
28.37
13.16
7.178
25.15
29.3
23.1
30.91
22.31
4.211
29.93
29.35
28.12
12.94
7.556
22.51
15.26
30.08
25.59
26.03
7.19
14.79
16.85
21.75
26.22
31.2
21.41
5.737
24.49
9.546
32.28
26.61
27.64
10.46
11.02
29.1
29.64
22.19
12.6
23.78
25.98
29.69
27.83
13.23
22.9
27.0
30.03
29.83
21.0
5.017
21.75
17.72
12.77
19.24
23.97
22.83
13.72
16.09
21.34
26.17
23.46
21.58
30.66
30.71
20.14
8.142
22.71
11.4
23.66
4.486
20.95
