0.1335
0.3132
0.1736
0.04396
0.193
0.4471
0.1562
0.1524
0.3452
0.2056
0.4341
0.2506
0.1549
0.12
0.4166
0.0009537
0.0007629
0.0
0.0
0.01335
0.3387
0.399
0.104
0.09613
0.3181
0.1066
0.2827
0.346
0.08965
0.0886
0.3143
0.1034
0.186
0.3681
0.2018
0.3559
0.4326
0.3609
0.1575
0.2903
0.2285
0.5226
1.379
1.263
1.59
1.669
2.17
2.179
5.298
1.503
2.063
1.663
0.3326
0.4066
0.1913
0.1465
0.1196
0.3822
0.2079
0.1499
0.2113
0.1947
0.1907
1.237
1.199
1.291
1.469
1.46
1.608
1.755
5.066
2.56
1.91
0.5531
0.1307
0.531
1.353
1.344
1.654
1.642
1.688
1.566
4.895
1.527
2.261
1.163
0.1865
1.155
1.402
1.758
1.448
1.764
1.575
4.865
1.422
1.877
1.231
0.5402
0.2094
0.0003815
0.3513
0.2338
0.1055
0.07477
0.2911
0.1375
0.3777
0.4265
1.248
1.173
1.328
1.189
1.352
1.16
1.746
4.401
2.094
1.962
0.6744
0.4868
0.1116
0.4471
0.6325
0.3212
0.08135
0.08469
0.09584
0.359
0.4623
0.05522
0.1274
0.09518
0.4013
0.1438
0.6889
1.323
1.428
1.297
1.399
1.128
1.048
1.43
5.157
1.785
2.817
1.006
0.2991
0.104
0.07544
0.2651
0.2098
0.489
0.3601
0.002193
0.0
0.5608
0.425
0.399
0.285
1.26
1.219
1.5
1.43
1.575
1.338
3.857
2.676
1.663
1.636
1.018
0.325
0.3384
0.1276
0.115
0.09098
0.2895
0.1549
0.5249
0.2522
0.115
0.08278
0.1081
0.3998
0.01822
9.537e-05
0.0
0.0
0.007534
0.4471
0.2186
0.2117
0.1757
0.1245
0.2811
0.04997
0.2789
0.3296
0.3071
0.3265
0.3235
0.2815
0.1404
0.3666
0.2163
0.1213
0.1139
0.2354
0.1848
0.0003815
0.0
0.0
0.007915
0.3239
0.3136
0.2037
0.2422
0.2861
0.3723
0.1225
0.1369
0.0926
0.4456
0.03262
0.502
0.201
0.3914
0.09212
0.09441
0.2113
0.2151
0.001812
9.537e-05
0.0
0.0
0.0
0.008106
0.5257
0.001144
0.2441
0.3246
0.2235
0.1104
0.08459
0.2693
0.1772
0.3647
0.28
0.08173
0.06933
0.2312
0.2476
0.5753
0.4623
0.4555
0.03166
0.0001907
0.0
0.0
0.0
0.003624
0.4623
0.4875
0.2415
0.09995
0.0843
0.2628
0.1717
0.2243
0.6241
0.128
0.8865
0.2243
0.2232
0.2804
0.2041
0.4158
0.1137
0.1602
0.0
0.0
0.0
9.537e-05
0.0
0.002861
0.4059
0.4242
0.004768
0.5669
0.2644
0.4128
0.3609
0.2125
0.2842
0.33
0.2308
0.621
0.1451
0.8972
0.0411
0.6195
0.1631
0.3307
0.2243
0.0001907
0.0
0.0
0.0
0.008392
0.5936
0.3357
0.3319
0.2518
0.3159
0.457
0.272
0.1375
0.1392
0.1341
0.6111
0.1345
0.4311
0.1637
0.3059
0.1322
0.23
0.3593
0.2094
0.3521
0.0002861
9.537e-05
0.0
0.007343
0.2068
0.1703
0.243
0.3685
9.537e-05
0.4555
0.1583
0.3757
0.2319
0.2373
0.1411
0.2094
0.4288
0.1642
0.5287
0.2983
0.3094
0.1741
0.0003815
9.537e-05
0.0
0.0
0.0
0.005531
0.2026
1.013
0.4463
0.8331
0.3349
0.1841
0.3448
0.5135
0.2033
2.133
2.264
2.103
1.92
1.926
1.981
1.855
2.301
2.527
2.618
2.716
2.512
2.615
2.582
2.872
3.091
2.982
4.303
8.081
5.072
6.775
8.276
6.543
7.544
5.164
5.151
2.701
1.16
1.508
1.572
3.857
4.303
2.151
0.1722
2.551
2.335
2.191
2.057
2.054
2.078
1.88
2.484
2.222
2.527
2.316
2.451
1.935
2.185
2.46
2.368
2.667
2.444
8.752
10.12
10.89
8.118
9.021
5.28
4.858
2.179
0.7797
2.365
2.548
2.588
2.576
2.563
2.228
1.913
1.813
1.761
1.74
1.782
2.054
1.843
2.289
2.271
2.49
2.209
2.267
6.384
9.033
12.33
10.13
7.751
6.195
5.597
2.325
0.8392
2.127
2.386
2.081
2.338
2.24
1.993
1.761
1.639
1.736
2.087
2.429
2.359
2.515
2.139
2.643
2.701
2.731
2.356
3.058
8.154
8.997
9.363
8.984
7.275
4.828
5.53
2.597
1.329
1.718
2.533
2.536
2.405
2.567
2.399
2.46
2.448
2.338
2.24
2.499
2.094
2.158
2.478
2.277
2.408
2.563
2.115
5.219
9.875
9.509
7.947
7.935
6.384
4.993
4.297
2.081
0.8942
0.5714
2.072
2.173
1.996
2.164
2.127
2.066
1.862
2.023
2.069
2.173
2.399
2.237
2.13
2.341
1.962
2.194
2.49
2.124
4.486
8.984
8.496
8.374
8.154
7.617
4.846
4.175
1.773
0.8499
2.228
2.539
2.466
2.448
2.505
2.692
2.472
2.57
2.487
2.625
2.463
2.454
2.435
2.64
2.664
2.921
2.56
6.799
9.546
9.277
8.423
8.24
5.371
4.669
2.243
0.9277
0.1987
0.4272
0.5981
1.7
3.29
2.924
0.6157
0.2399
0.3819
0.1951
1.624
2.145
4.132
0.9735
0.8377
1.761
4.321
1.559
0.3323
1.779
2.136
4.614
0.8621
0.2483
0.3452
0.1551
1.317
1.755
4.584
1.871
0.4456
0.2132
0.3632
0.6241
1.718
3.729
2.075
0.2666
1.761
2.155
4.388
0.7454
0.3735
2.594
2.536
2.344
2.74
2.731
2.42
2.649
2.386
2.481
2.521
2.49
2.747
2.548
2.332
2.359
2.182
2.121
7.397
4.626
2.579
0.02375
0.3033
1.645
1.73
2.008
2.496
3.461
3.406
3.079
2.875
3.027
2.82
2.551
2.255
2.194
2.466
2.368
2.197
2.057
1.672
1.822
7.654
4.724
5.664
4.999
8.472
5.341
4.944
4.535
3.937
4.37
3.259
1.126
2.185
3.094
3.314
3.265
3.552
3.314
3.21
3.345
3.162
3.241
3.339
3.314
3.412
3.339
0.0
0.0
0.2258
1.663
1.109
0.1047
0.1835
0.08764
0.08669
0.1225
0.2209
0.5157
0.8484
0.5051
0.827
1.222
0.2224
1.212
0.7339
2.1
0.1482
1.581
0.1156
1.369
0.6615
0.5646
0.8392
1.216
2.335
2.029
1.965
1.584
1.77
1.515
1.602
1.44
1.584
1.843
1.849
1.889
1.981
2.249
2.213
1.923
1.843
1.66
1.569
1.39
1.669
4.596
7.141
4.834
4.291
7.568
7.8
8.496
7.153
5.322
6.079
3.864
4.718
3.9
2.219
1.237
1.083
1.308
1.349
1.277
1.401
1.277
1.453
1.364
1.073
1.176
1.367
1.155
1.418
1.234
1.633
1.466
1.407
1.529
1.537
1.651
1.59
1.575
1.614
1.81
1.785
1.654
4.041
6.104
6.885
5.023
7.629
7.568
9.631
7.434
7.727
5.402
4.907
3.845
2.634
2.368
0.37
0.2769
0.03824
0.09804
0.08812
0.2556
0.1022
0.5005
0.2396
0.09003
0.07868
0.1984
0.1507
0.4601
0.5341
0.5692
0.4585
0.5852
0.3819
0.428
0.001049
0.04196
0.2968
0.2789
0.0
0.0
0.0007629
0.0
9.537e-05
0.0
0.0
0.0002861
0.0
0.0
0.0
0.0
9.537e-05
0.0
0.0
0.0
0.0
0.0001907
0.0003815
0.01192
0.8652
0.2407
0.0495
0.1045
0.07324
0.2251
0.1766
0.5341
0.346
0.2811
