9.155
8.533
8.655
9.192
10.19
19.14
20.8
16.94
14.94
20.85
19.24
13.06
8.826
7.812
6.335
6.219
6.219
6.219
6.219
6.219
6.219
8.997
19.38
20.8
15.99
8.948
8.862
8.411
8.911
8.484
12.94
20.7
19.75
12.27
12.41
16.31
17.26
17.82
18.26
18.53
16.41
14.99
13.45
11.46
8.801
8.655
8.813
8.838
8.411
8.594
9.058
9.546
18.04
20.85
18.95
10.73
8.74
9.473
18.85
20.85
15.16
8.887
14.28
16.65
17.5
17.97
18.41
16.43
14.7
13.38
9.692
8.984
14.62
16.41
17.09
17.65
17.97
18.33
15.97
14.31
12.72
8.936
8.643
12.43
15.75
16.65
17.07
17.43
17.75
18.09
18.33
16.19
13.06
10.83
8.643
9.314
8.899
8.472
8.643
8.997
17.5
20.85
18.53
11.96
8.923
14.4
16.16
16.92
17.41
17.77
17.99
18.29
18.38
17.02
14.7
13.18
9.045
9.155
9.631
9.399
9.326
8.765
14.21
16.16
16.97
17.46
17.9
18.33
17.8
15.21
13.26
12.21
10.06
10.85
15.6
16.65
17.21
17.68
18.09
18.43
17.43
15.06
12.96
11.8
11.47
9.338
8.826
14.23
16.16
16.97
17.7
17.97
18.33
17.87
15.48
14.45
13.16
12.4
9.424
13.89
15.94
16.67
17.14
17.68
17.92
18.14
18.41
17.38
15.21
14.06
11.32
9.216
8.325
8.936
9.656
9.277
9.204
9.326
8.96
9.497
8.606
7.715
6.409
6.409
6.409
6.409
6.409
6.592
8.826
8.96
8.96
8.984
8.813
8.704
9.143
9.18
9.546
8.948
9.29
16.16
20.8
20.78
17.43
10.91
10.89
19.19
20.85
18.73
7.837
6.714
6.409
6.543
8.875
8.911
9.216
11.0
18.55
20.73
20.73
19.26
17.97
9.338
8.887
8.936
10.89
19.19
20.85
20.04
12.94
14.21
20.31
20.68
13.06
6.628
6.445
6.531
8.862
10.49
18.33
20.73
20.53
18.55
10.22
8.777
9.29
9.253
16.63
20.8
20.83
18.82
10.21
9.973
13.26
20.63
20.34
13.16
6.787
6.433
6.409
6.555
9.131
9.143
8.801
8.887
8.533
8.679
17.09
20.75
15.62
9.143
9.082
13.6
20.78
20.53
14.72
9.009
8.838
7.52
6.409
6.409
6.409
6.409
6.409
6.519
9.644
8.911
8.801
9.119
13.28
20.14
20.83
20.53
12.96
9.119
9.473
8.691
13.16
20.73
19.85
13.48
19.73
20.85
17.43
6.995
6.531
6.409
6.409
6.506
8.655
9.143
9.143
10.8
20.24
20.0
17.46
8.948
9.033
8.789
8.606
9.009
8.545
8.911
8.875
8.85
8.582
7.495
6.409
6.409
6.409
6.409
6.409
6.494
8.594
8.569
14.06
20.83
15.92
8.875
8.472
8.545
8.63
8.801
8.594
8.386
8.618
8.838
13.33
20.31
20.83
20.83
18.51
10.45
7.129
6.592
6.409
6.47
8.838
9.644
9.29
9.375
16.46
20.83
20.85
18.8
10.41
15.28
16.6
17.11
17.48
17.85
18.24
18.43
18.85
19.14
19.21
19.34
19.56
19.56
19.63
19.75
19.92
19.92
20.09
20.19
20.31
20.41
20.53
20.7
19.41
17.8
20.58
20.85
20.85
20.85
19.7
18.41
18.21
14.53
11.67
16.06
16.97
17.68
18.29
18.58
18.9
19.14
19.31
19.41
19.56
19.6
19.75
19.92
19.97
20.12
20.12
20.26
20.31
20.53
20.7
20.7
18.73
20.51
20.85
20.85
20.85
20.87
19.7
18.38
17.63
17.14
11.54
14.36
17.29
17.99
18.36
18.77
19.12
19.34
19.51
19.6
19.75
19.75
19.9
20.09
20.09
20.09
20.09
20.24
20.29
20.56
20.65
20.8
19.6
18.41
20.75
20.8
20.8
20.7
20.51
19.73
17.9
17.48
16.8
16.55
9.888
15.82
17.48
18.19
18.51
18.87
19.24
19.36
19.53
19.58
19.75
19.75
19.95
19.95
19.97
20.19
20.14
20.26
20.36
20.53
20.63
19.85
17.75
19.7
20.61
20.68
20.58
20.31
20.26
20.29
18.9
17.41
17.16
12.45
13.38
16.89
17.7
18.31
18.68
18.99
19.24
19.36
19.56
19.6
19.7
19.85
19.92
20.07
20.12
20.21
20.31
20.43
20.51
20.51
20.65
18.26
19.46
20.85
20.85
20.85
20.61
17.99
17.63
17.63
14.18
12.7
16.89
17.68
18.21
18.48
18.85
19.17
19.36
19.46
19.6
19.73
19.87
19.92
20.04
20.17
20.31
20.31
20.41
20.63
20.7
20.0
17.41
18.14
20.41
20.48
19.95
19.73
19.73
19.73
19.73
19.75
19.65
17.92
17.29
16.36
16.28
16.28
12.29
11.94
16.38
15.36
12.96
10.08
14.75
16.87
15.67
13.55
11.83
12.23
16.33
15.58
13.04
10.41
13.09
16.5
15.82
12.79
11.54
11.16
16.06
16.6
12.65
12.16
8.984
14.43
16.65
14.67
12.99
10.96
10.84
15.43
16.5
16.87
15.72
14.62
13.48
11.18
18.7
19.7
13.16
9.082
8.862
8.74
13.01
16.46
17.82
18.31
18.63
19.02
19.24
19.34
19.51
19.7
19.75
19.92
20.02
20.12
20.17
20.31
20.41
20.7
20.7
20.07
17.58
18.46
20.26
20.48
20.48
20.48
20.46
20.09
18.29
17.31
16.6
13.57
8.74
8.85
13.67
16.5
17.19
17.85
18.41
18.75
19.21
19.34
19.53
19.56
19.6
19.82
19.9
20.02
20.14
20.17
20.31
20.31
20.51
20.58
20.7
18.12
19.07
20.85
20.87
20.87
20.73
20.68
20.7
19.46
17.11
16.97
16.65
16.46
11.57
14.26
12.21
9.839
12.87
13.16
10.38
11.08
11.35
9.949
13.4
9.741
12.24
9.998
13.92
12.77
18.97
19.8
19.7
18.07
10.79
11.91
9.778
11.67
9.412
12.26
9.338
14.06
16.53
17.11
17.53
17.92
18.31
18.63
19.02
19.26
19.43
19.56
19.68
19.75
19.8
19.95
19.95
20.0
20.12
20.14
20.34
20.51
20.58
20.7
20.7
19.75
17.87
20.29
20.85
20.85
20.85
20.58
17.65
17.33
17.24
11.4
9.827
9.46
17.46
20.8
19.04
10.31
10.06
13.06
20.48
20.21
14.72
9.192
10.14
10.79
18.04
20.78
20.61
18.85
13.43
12.96
19.51
19.65
14.06
10.05
9.119
9.192
9.546
9.692
9.326
15.28
20.61
20.8
16.28
9.57
10.27
16.99
20.83
20.8
19.19
11.15
9.021
9.29
12.99
19.95
20.83
18.55
9.79
9.338
14.79
20.48
20.85
20.75
16.87
9.326
12.01
20.43
19.8
10.52
8.96
9.143
13.79
20.83
19.6
9.888
6.714
6.47
6.409
6.409
6.409
6.409
6.409
6.409
6.409
6.409
6.409
6.409
6.409
6.409
6.409
6.409
6.409
6.409
6.409
7.483
9.753
10.67
10.12
9.204
9.802
10.25
9.912
9.241
10.11
10.19
