20.48
19.6
19.85
19.31
17.26
16.82
17.38
19.9
21.66
17.8
17.6
17.31
20.8
17.82
19.21
18.9
20.41
17.16
16.33
18.48
20.07
18.68
20.68
20.24
19.9
17.43
17.94
19.56
20.58
21.09
22.05
21.9
15.45
17.26
18.43
18.46
19.82
19.51
19.63
20.51
17.02
17.04
14.65
17.6
19.31
22.17
23.78
18.51
16.31
18.97
19.36
21.17
19.87
23.36
19.8
17.65
16.21
18.14
19.48
20.46
20.36
17.72
15.38
14.82
17.53
18.75
19.04
16.75
17.02
16.82
17.5
18.53
17.46
14.11
15.45
16.55
17.77
16.58
18.33
15.89
16.58
19.31
18.02
18.07
18.12
18.92
17.63
16.48
17.63
16.58
18.33
18.7
15.11
17.31
18.12
17.53
19.24
20.73
19.9
20.63
18.29
17.6
19.46
18.77
17.46
16.24
16.82
18.19
17.38
17.58
18.51
17.92
16.55
17.24
19.46
19.04
17.53
17.33
17.99
17.43
16.14
16.72
17.97
17.68
16.75
17.33
14.75
15.62
17.65
17.75
20.39
21.04
16.11
15.8
16.06
15.84
15.6
16.82
19.97
19.8
19.9
18.55
17.53
16.41
17.55
17.53
19.07
19.58
20.63
19.6
20.14
19.68
22.17
19.53
19.46
20.97
18.75
17.97
18.07
18.6
18.63
19.92
20.51
20.53
21.51
16.48
18.68
18.07
18.46
20.63
22.78
22.19
15.48
15.87
19.17
16.41
17.38
14.48
15.53
16.46
14.7
16.6
15.41
16.82
15.62
17.31
17.36
15.53
14.48
14.87
12.11
14.26
14.38
16.87
17.65
16.82
18.26
16.21
16.04
17.9
15.77
15.14
16.43
17.8
20.09
18.09
15.87
15.99
17.29
19.24
20.65
15.72
16.28
15.94
17.04
16.58
18.21
19.19
17.6
16.06
17.92
15.72
16.75
17.5
19.58
18.33
19.8
15.28
15.28
16.06
16.77
16.99
19.31
18.12
18.31
15.6
18.58
18.04
19.78
19.14
17.75
14.79
17.7
18.09
18.07
18.75
17.87
16.06
18.29
18.41
22.56
15.14
16.82
15.36
18.38
20.68
18.99
17.6
15.65
17.09
17.14
19.34
19.58
22.66
16.94
17.87
18.24
20.63
17.82
18.9
17.97
16.33
15.82
17.92
18.9
21.31
20.19
19.14
18.21
20.48
20.09
18.36
20.07
20.87
18.82
17.72
19.73
18.75
20.14
17.02
17.5
16.36
18.33
20.68
21.17
17.16
16.38
17.9
18.19
19.14
19.12
16.92
18.82
20.07
17.38
16.94
17.43
18.92
18.24
17.21
17.8
17.26
17.9
20.68
17.11
18.41
15.77
20.31
18.48
18.36
18.33
18.68
20.36
20.14
18.68
15.19
14.58
15.87
17.16
18.65
20.48
18.63
19.43
16.11
17.68
19.04
16.89
16.04
15.75
19.63
20.29
21.61
22.14
20.21
19.02
19.82
17.63
18.19
18.58
18.46
19.07
18.21
15.48
15.65
16.77
16.26
16.04
14.72
15.19
17.31
18.46
18.63
18.36
17.6
15.23
17.87
17.63
16.24
13.6
15.72
19.12
20.58
19.26
18.21
16.92
16.41
18.07
16.14
18.31
20.12
16.41
17.41
19.8
20.46
18.58
19.12
19.34
16.6
16.28
19.51
20.53
21.83
19.7
21.61
18.43
19.07
20.8
18.38
18.92
20.17
22.49
20.63
18.63
17.33
14.82
16.5
16.21
16.82
22.36
21.09
18.97
18.21
18.31
19.63
18.65
19.29
18.12
21.09
15.67
18.07
19.85
21.78
18.85
17.29
18.04
17.6
17.58
19.29
18.38
18.02
21.68
19.58
21.02
19.34
17.72
19.65
19.17
19.8
19.12
16.5
18.63
17.36
19.95
18.68
20.04
18.73
19.17
18.29
18.85
19.43
19.17
23.24
21.09
19.12
18.38
19.19
16.43
18.46
18.46
18.99
19.75
19.29
16.87
18.38
20.09
16.87
17.43
18.92
18.48
18.55
18.19
15.41
15.89
19.14
21.26
20.39
18.63
16.72
14.99
18.58
17.87
17.58
18.73
20.61
19.65
21.85
15.01
17.19
18.41
19.53
19.95
20.19
20.21
16.24
19.31
19.43
19.48
18.21
19.56
20.0
19.6
17.94
17.92
20.39
23.1
21.19
18.63
18.7
19.56
18.97
19.31
20.7
20.63
18.24
17.29
17.77
19.78
20.17
20.04
20.95
20.29
18.7
20.65
16.55
18.21
19.26
23.32
20.0
20.78
18.31
15.8
16.14
16.77
18.73
17.92
17.36
18.38
20.07
15.33
16.06
16.55
15.67
16.94
15.16
16.33
17.04
17.29
18.63
17.8
16.99
16.48
16.36
17.16
16.75
13.6
16.55
15.72
16.46
17.14
18.04
17.29
18.87
17.6
15.33
14.75
16.06
15.36
16.02
16.89
16.89
18.82
21.92
17.43
17.29
17.41
15.92
14.23
18.41
17.77
15.62
16.85
18.16
19.21
20.65
18.16
17.14
15.89
15.8
16.53
16.7
15.94
17.7
19.29
20.78
19.21
16.6
16.5
16.55
15.04
14.97
18.63
19.68
20.78
21.48
18.82
19.38
20.41
20.24
18.8
19.53
17.26
19.04
19.17
19.41
19.07
17.77
19.34
19.68
18.36
18.55
17.8
16.24
17.16
19.75
19.65
19.87
20.12
19.46
18.95
16.85
17.26
19.36
20.53
20.48
16.41
17.65
19.21
19.53
16.89
18.8
19.56
19.95
21.61
18.75
16.38
16.65
20.51
20.09
18.77
18.36
19.36
18.9
18.46
18.65
20.24
18.16
17.65
17.48
17.31
18.99
18.29
19.82
21.7
19.8
18.04
17.11
16.48
15.82
17.5
18.75
18.75
20.02
19.53
19.8
17.85
16.87
16.46
15.62
17.58
18.77
22.95
20.17
22.36
18.41
18.75
20.95
20.09
20.68
21.85
24.29
18.55
17.65
18.63
17.09
19.31
23.0
23.56
18.8
18.9
17.82
18.43
17.65
18.75
