0.03042
0.02775
0.02384
0.0206
0.02089
0.02556
0.02422
0.02251
0.01955
0.01955
0.02432
0.01898
0.01802
0.01726
0.02022
0.02193
0.02193
0.01764
0.01717
0.0165
0.01831
0.02022
0.01841
0.01984
0.01736
0.01755
0.02375
0.02041
0.01869
0.02022
0.02499
0.01879
0.01812
0.01535
0.0185
0.01783
0.02108
0.01879
0.02165
0.01726
0.02575
0.02165
0.02842
0.02604
0.02356
0.0268
0.02432
0.02108
0.02098
0.02575
0.04253
0.02375
0.02136
0.02213
0.01869
0.02203
0.03042
0.0186
0.01879
0.02108
0.0185
0.02422
0.02232
0.02403
0.02289
0.01898
0.02203
0.02394
0.01945
0.02317
0.02108
0.02022
0.02527
0.02575
0.01736
0.02232
0.02403
0.02098
0.02489
0.02232
0.02298
0.02327
0.02451
0.02174
0.02651
0.02384
0.02317
0.01926
0.02813
0.02031
0.02155
0.02241
0.02518
0.0206
0.02279
0.02308
0.01869
0.01936
0.0226
0.02327
0.03271
0.01764
0.01936
0.02041
0.01984
0.02079
0.02823
0.02575
0.02279
0.0289
0.01831
0.01755
0.01745
0.02251
0.01955
0.01822
0.02317
0.02298
0.0227
0.01793
0.02213
0.02518
0.0226
0.01736
0.02213
0.01917
0.02565
0.01965
0.0246
0.02518
0.02775
0.02489
0.03262
0.02403
0.0205
0.0206
0.02346
0.02871
0.02165
0.01926
0.03033
0.02308
0.01831
0.01726
0.02222
0.02031
0.02346
0.01707
0.01917
0.04358
0.035
0.03595
0.04053
0.05484
0.0453
0.04301
0.04549
0.0351
0.037
0.04225
0.03796
0.03529
0.04244
0.03977
0.0371
0.04501
0.04768
0.04282
0.05264
0.04435
0.05083
0.04168
0.05865
0.05198
0.04244
0.04797
0.04129
0.04215
0.04902
0.04368
0.04826
0.04625
0.04072
0.05331
0.05245
0.05045
0.04816
0.05369
0.04807
0.05398
0.06027
0.04091
0.04768
0.04768
0.04482
0.04654
0.05026
0.04749
0.04673
0.04864
0.04759
0.04425
0.04892
0.04721
0.05188
0.04902
0.06056
0.04835
0.06094
0.05589
0.05732
0.05636
0.05951
0.04921
0.07725
0.05865
0.04892
0.05407
0.04616
0.05627
0.0535
0.06542
0.08659
0.0536
0.06275
0.06094
0.05827
0.05398
0.05941
0.05283
0.0536
0.05827
0.05646
0.05541
0.05836
0.06313
0.05569
0.05016
0.05455
0.1093
0.08163
0.06809
0.07353
0.06847
0.06456
0.06666
0.08249
0.07114
0.05894
0.06552
0.0679
0.05922
0.0452
0.05503
0.05627
0.0699
0.06151
0.04454
0.0452
0.04282
0.04301
0.04501
0.05827
0.04978
0.04711
0.04606
0.04206
0.04225
0.03166
0.03958
0.0474
0.04292
0.05255
0.05875
0.05198
0.0659
0.0432
0.03681
0.04978
0.04759
0.04759
0.05426
0.0371
0.03881
0.04559
0.04587
0.04015
0.04892
0.04177
0.0309
0.03881
0.03796
0.0371
0.03595
0.04578
0.04349
0.04845
0.04787
0.04339
0.05217
0.04807
0.04654
0.03996
0.03204
0.0411
0.03719
0.04292
0.04292
0.04702
0.03948
0.04053
0.04072
0.04263
0.03757
0.04721
0.03805
0.0453
0.03538
0.03099
0.02975
0.03033
0.02499
0.04215
0.04654
0.04463
0.04263
0.05064
0.04406
0.03233
0.03128
0.04082
0.03033
0.03366
0.03948
0.03757
0.0308
0.0329
0.02966
0.03195
0.03147
0.02785
0.03729
0.02794
0.02537
0.03405
0.03967
0.03605
0.03824
0.04568
0.03567
0.0329
0.037
0.0432
0.05007
0.03414
0.03595
0.02594
0.03061
0.03738
0.02699
0.02823
0.03252
0.02527
0.02871
0.02756
0.02594
0.02575
0.0309
0.02871
0.03796
0.03157
0.03347
0.02708
0.02918
0.02718
0.02804
0.02785
0.03014
0.03252
0.03119
0.03681
0.03624
0.03357
0.03691
0.0411
0.03414
0.03443
0.03748
0.03042
0.03834
0.02527
0.02623
0.02804
0.03214
0.03605
0.03042
0.0349
0.03214
0.0433
0.02851
0.03948
0.03471
0.02756
0.03691
0.04292
0.03233
0.001812
0.04129
0.04053
0.04091
0.0308
0.03309
0.0308
0.03338
0.02632
0.03061
0.02851
0.03662
0.02394
0.02947
0.02947
0.03595
0.03052
0.03862
0.02756
0.02937
0.02823
0.02928
0.0247
0.02098
0.03014
0.02089
0.02832
0.0227
0.03023
0.02432
0.02775
0.03691
0.03128
0.02956
0.02756
0.02985
0.03319
0.02766
0.02842
0.03366
0.04139
0.0618
0.07076
0.04807
0.05417
0.06552
0.08059
0.1661
0.06466
0.0555
0.05999
0.04864
0.05646
0.04511
0.04625
0.05398
0.04301
0.04349
0.05054
0.04282
0.04072
0.04196
0.03719
0.035
0.03653
0.033
0.04187
0.04387
0.04053
0.04902
0.05207
0.0535
0.05541
0.05903
0.0617
0.0638
0.05951
0.05207
0.06399
0.05064
0.07277
0.05627
0.06275
0.06247
0.07315
0.0618
0.06104
0.07248
0.06847
0.0598
0.08354
0.06065
0.06704
0.06971
0.0803
0.06237
0.05894
0.0576
0.06294
0.05207
0.06342
0.06332
0.07849
0.07372
0.06342
0.06313
0.06189
0.05894
0.08068
0.068
0.08545
0.06933
0.06638
0.0721
0.07982
0.07143
0.07505
0.07029
0.06809
0.06475
0.06781
0.06428
0.06962
0.0617
0.06857
0.06599
0.07887
0.06723
0.07582
0.1228
0.1314
0.06647
0.08116
0.07839
0.07238
0.06866
0.07849
0.06294
0.07343
0.07105
0.06771
0.06542
0.07553
0.05293
0.06199
0.05713
0.07143
0.05207
0.072
0.06332
0.07277
0.04768
0.05198
0.04883
0.04683
0.04301
0.04396
0.05636
0.06495
0.0494
0.05732
0.04864
0.05331
0.06275
0.06657
0.05093
0.05226
0.05312
0.04969
0.05369
0.05484
0.06285
0.06247
0.06332
0.06838
0.05798
0.06218
0.07792
0.06714
0.06237
0.06371
0.06342
0.06847
0.06981
0.06905
0.05846
0.05283
0.06123
0.05426
0.05217
0.04892
0.04492
0.06104
0.06599
0.04292
0.04826
0.05045
0.03958
0.06304
0.06113
0.07095
0.06475
0.05474
0.06161
0.05817
0.05388
0.05417
0.0432
0.05198
0.04406
0.04549
0.04339
0.03958
0.04578
0.04387
0.04616
0.04768
0.05016
0.04702
0.05016
0.04854
0.05026
0.03443
0.03576
0.03748
0.04158
0.04673
0.04234
0.03452
0.03843
0.03004
0.04005
0.03757
0.03996
0.03948
0.04425
0.03605
0.03939
0.02947
0.04005
0.03624
0.04034
0.03271
0.04416
0.03557
0.03862
0.1726
0.1091
0.04082
0.03595
0.03462
0.03653
0.0411
0.03843
0.03376
0.04578
0.0349
0.04063
0.03891
0.03996
0.04311
0.03777
0.03958
0.04025
0.03595
0.04368
0.0432
0.04549
0.03672
0.03996
0.03881
0.04482
0.03691
0.04005
0.03633
0.03958
0.0329
0.03691
0.04444
0.04034
0.04358
0.04692
0.03786
0.04177
0.03042
0.03767
0.03519
0.03166
0.03004
0.03424
0.03519
0.0309
0.03986
0.03462
0.04539
0.03691
0.03996
0.04148
0.03424
0.03843
0.03185
0.03815
0.03633
0.03242
0.03414
0.03271
0.04435
0.03281
0.04778
0.03357
0.03662
0.03119
0.03529
0.04025
0.03748
0.03376
0.04072
0.02899
0.0268
0.03023
0.02508
0.02623
0.03967
0.03462
0.02995
0.03834
0.03796
0.03223
0.03366
0.07038
0.07973
0.0638
0.06666
0.06943
0.08116
0.07181
0.07353
0.06552
0.07067
0.06552
0.06657
0.06571
0.05884
0.07114
0.07029
0.07086
0.05207
0.0433
0.04292
0.04597
0.1192
0.06237
0.05255
0.1137
0.05903
0.0701
0.06294
0.06542
0.05884
0.06914
0.06132
0.0638
0.05207
0.05836
0.05779
0.06495
0.07877
0.06294
0.06628
0.06752
0.06542
0.05903
0.06199
0.07277
0.06876
0.06599
0.05989
0.06304
0.072
0.06733
0.06886
0.06285
0.07191
0.07439
0.06323
0.07124
0.07286
0.068
0.06866
0.06752
0.07181
0.09632
0.07114
0.0638
0.07238
0.07181
0.08554
0.08078
0.0761
0.07029
0.06819
0.06733
0.0782
0.07696
0.08078
0.08097
0.07792
0.0761
0.05522
0.07534
0.06151
0.05684
0.06132
0.05531
0.0596
0.05674
0.05598
0.06895
0.08135
0.06495
0.07172
0.05531
0.07381
0.06151
0.0618
0.06199
0.08287
0.07944
0.06847
0.06027
0.06046
0.06866
0.06065
0.06924
0.06304
0.06323
0.07143
0.06886
0.07372
0.07114
0.06208
