34.62
33.3
33.59
32.81
31.15
29.93
28.22
30.52
31.79
16.19
9.79
9.814
10.31
9.644
6.409
16.02
14.7
14.4
4.968
3.369
4.077
18.53
14.04
19.41
14.79
18.53
15.67
18.16
15.75
16.26
35.25
32.96
16.94
14.84
19.48
17.24
17.02
7.642
0.177
0.06771
0.02861
0.02861
0.02604
9.521
16.06
14.33
22.39
36.67
27.0
14.65
18.04
14.14
17.36
17.75
14.94
17.14
17.24
14.79
18.82
14.18
17.92
8.081
31.59
36.38
37.16
36.52
35.94
33.79
31.45
33.54
25.59
7.007
38.87
38.87
38.48
37.99
36.67
33.25
34.77
35.06
35.25
36.72
33.11
32.86
31.35
30.76
29.39
31.4
34.03
34.86
33.2
32.03
31.2
29.25
31.49
32.32
32.28
33.69
31.1
32.37
33.84
34.23
33.06
18.75
10.28
9.839
9.778
9.424
7.239
16.21
14.94
12.87
5.103
3.699
3.522
9.082
35.89
36.08
35.16
35.69
34.38
33.64
28.66
30.03
7.568
28.81
37.94
33.94
33.84
33.15
32.71
32.47
33.45
33.64
33.11
34.77
35.06
35.01
35.45
33.98
33.25
35.45
36.62
35.94
32.52
33.69
33.84
35.06
34.38
34.67
34.38
34.13
30.22
30.32
32.08
31.15
13.01
10.42
9.985
9.888
9.021
10.49
14.28
21.19
4.974
4.48
2.963
3.687
15.48
33.84
33.5
34.33
34.96
33.4
34.28
33.54
31.64
7.874
29.93
37.06
35.5
36.87
36.08
35.35
35.94
35.35
34.96
33.94
33.74
35.55
35.89
33.5
32.91
32.32
32.42
33.15
31.49
29.88
32.86
32.42
32.86
32.08
29.15
29.39
32.47
32.18
31.64
31.84
29.74
14.94
9.644
9.46
9.167
9.473
7.275
14.7
10.01
19.43
4.083
3.918
2.328
3.406
5.347
26.46
29.64
30.22
31.2
30.76
29.15
30.22
30.08
29.0
25.15
6.982
31.79
35.01
32.03
31.3
30.57
29.83
28.71
30.03
30.37
28.22
27.54
27.25
29.83
30.86
31.74
31.74
29.25
28.27
30.03
32.76
32.96
31.98
28.56
28.96
26.95
25.05
26.46
28.08
27.78
29.49
30.13
31.15
30.18
30.71
30.18
17.14
9.668
9.131
9.424
9.29
8.057
7.153
14.14
14.11
13.55
3.882
3.046
3.235
2.6
0.5783
0.1953
0.02861
0.02604
0.03128
0.02604
0.03128
0.02604
0.03128
0.02604
0.03128
0.02604
0.03128
0.02861
0.02861
0.02604
0.02861
0.02604
0.02861
0.02604
0.03128
0.02604
0.03128
0.02861
0.02861
0.02604
0.03128
0.02604
0.03128
0.02861
0.02861
0.02861
0.03128
0.02604
0.02604
0.02604
0.02861
0.02604
0.02604
0.02604
0.03128
0.02604
0.03643
0.02604
0.02861
0.02861
0.02604
0.02861
0.02861
0.02604
0.02861
0.02346
0.02861
0.02346
0.02861
0.02861
0.02604
0.02604
0.02861
0.02604
0.02604
0.02604
0.02604
0.02604
0.02861
0.02604
0.02861
0.02861
0.02861
0.02604
0.02861
0.02604
0.02861
0.02604
0.02861
0.02604
0.02604
0.02604
0.02604
0.02604
0.02861
0.02604
0.02861
0.02861
0.02604
0.02604
0.02604
0.02604
0.02604
0.02604
0.02604
0.02604
0.02604
0.02604
0.02861
0.02604
0.02861
0.02604
0.02861
0.02604
0.02604
0.02604
0.02861
0.02604
0.02861
0.02604
0.02604
0.02861
0.02861
0.02604
0.02861
0.02346
0.02861
0.02604
0.02861
0.02604
0.02861
0.02604
0.02861
0.02861
0.03128
0.02861
0.02861
0.02604
0.02861
0.02604
0.02861
0.02604
0.02861
0.02604
0.02861
4.871
30.86
33.2
35.45
33.84
30.27
27.25
26.9
28.47
30.86
29.69
29.79
31.01
30.62
30.52
31.59
31.88
33.35
32.03
27.1
30.03
31.45
32.37
31.45
29.83
26.42
27.64
24.0
25.0
28.76
28.71
26.71
26.56
29.74
24.44
11.23
9.534
8.826
8.374
10.86
13.31
16.5
22.09
3.894
5.115
24.76
32.23
33.2
30.42
30.76
29.79
28.86
32.28
30.66
32.42
30.62
30.91
29.64
28.08
28.52
28.08
29.35
30.71
30.42
28.22
29.49
28.76
30.13
28.86
29.15
26.76
23.8
23.49
23.78
22.56
24.1
26.71
27.1
29.54
26.81
16.04
10.23
9.277
7.141
7.141
9.229
9.998
16.28
13.21
17.92
2.847
7.886
35.84
33.54
32.81
30.71
28.37
30.76
29.1
28.96
32.37
30.27
30.18
31.15
29.44
27.73
28.32
30.47
31.05
30.91
28.52
26.32
25.0
27.69
30.52
27.0
27.59
26.27
26.66
26.07
26.81
27.83
28.71
30.42
31.49
30.42
16.36
11.19
9.143
9.387
10.77
12.04
10.88
19.36
19.19
4.822
17.07
32.96
33.01
33.45
32.28
31.05
31.49
32.32
32.08
33.3
32.71
33.2
33.3
30.32
31.05
29.3
31.45
32.37
32.47
31.84
32.13
30.96
31.54
29.93
28.56
28.66
28.52
28.91
29.35
29.79
28.96
28.86
25.44
10.46
9.558
8.911
9.058
9.485
7.898
10.38
13.99
14.6
12.39
4.846
19.68
32.71
32.37
32.47
32.28
31.59
30.62
29.0
30.27
32.37
32.18
32.47
33.45
31.74
31.79
32.62
33.79
34.03
33.06
29.93
27.98
29.15
29.59
30.08
28.52
29.54
29.44
29.79
30.18
31.4
30.62
29.98
30.81
13.87
10.58
10.41
10.63
12.08
18.8
13.43
18.87
2.603
2.795
21.09
36.18
25.98
0.0
0.009441
0.009251
2.563
25.68
32.86
33.45
35.99
33.79
33.15
34.81
34.57
36.23
34.57
32.96
33.94
31.49
31.93
33.5
33.74
34.38
32.57
31.64
31.98
31.54
31.25
25.83
25.39
25.05
28.52
31.49
33.2
32.18
30.18
27.59
15.26
11.25
9.534
9.692
10.88
10.95
15.31
16.38
17.24
2.469
13.94
35.6
34.77
34.67
31.25
28.71
26.37
29.15
29.35
30.96
30.62
28.71
28.42
32.52
29.1
28.81
29.79
29.35
29.2
27.88
28.52
30.22
28.66
27.54
28.47
28.27
25.0
28.08
25.49
26.42
27.0
27.44
28.03
29.1
22.34
14.65
9.46
9.131
10.05
11.25
12.41
17.92
20.87
3.552
10.46
37.16
35.64
34.18
31.69
28.47
28.61
29.0
27.93
29.88
30.91
32.52
33.25
31.98
26.76
28.03
28.52
30.32
30.47
30.71
28.22
27.73
28.47
29.49
30.27
27.05
26.51
25.68
23.9
23.27
25.68
26.71
24.76
26.46
26.66
20.0
13.04
9.192
8.984
9.131
10.63
10.19
10.5
16.85
20.12
3.29
3.497
21.09
32.52
32.62
32.08
30.91
28.22
28.91
29.2
28.81
31.05
29.79
29.69
30.13
30.37
29.69
32.76
28.12
29.35
29.64
28.56
29.05
28.76
29.15
29.54
28.81
29.35
25.83
24.54
24.66
24.05
24.24
25.29
25.83
27.25
26.86
16.77
12.99
8.777
8.337
8.984
11.11
11.12
11.82
17.48
19.53
2.963
11.76
34.81
34.38
33.15
32.13
29.2
28.17
28.71
29.1
29.49
30.32
30.52
26.61
29.25
