22.44
35.55
31.01
19.31
35.11
31.79
15.72
19.46
16.82
19.51
17.36
31.2
33.89
12.7
0.7423
0.2476
0.02604
0.02604
0.02604
6.073
17.29
15.36
17.65
16.6
16.8
17.85
23.93
36.77
25.54
37.4
32.08
14.16
14.36
30.18
32.13
20.17
21.41
33.74
28.17
10.56
25.98
25.05
27.0
31.3
34.77
28.96
29.05
32.57
15.77
19.14
34.67
30.08
15.11
27.39
32.67
18.77
17.7
36.62
38.62
37.79
34.62
19.51
24.8
31.25
9.448
27.2
35.6
35.45
34.62
32.13
32.32
31.93
17.68
12.34
29.1
38.87
38.33
36.04
26.95
31.25
25.15
18.16
14.16
14.77
19.31
25.78
24.12
8.887
33.15
38.23
35.89
36.96
26.56
29.15
26.42
21.92
31.54
22.41
15.43
32.71
37.84
37.21
32.91
28.03
29.3
18.43
30.13
31.64
16.33
14.7
28.08
34.23
37.26
38.53
30.42
34.81
22.63
20.58
22.19
20.21
20.04
21.41
14.48
18.12
8.521
26.81
35.16
30.47
29.35
27.44
15.67
17.87
31.15
21.29
4.022
22.95
23.46
22.53
29.49
34.42
32.42
25.29
31.98
20.48
18.95
23.68
33.35
33.74
16.04
20.68
18.53
10.84
24.98
30.52
28.96
34.72
34.86
17.85
23.58
23.05
12.08
16.82
19.97
21.75
23.58
22.41
24.68
22.46
11.11
17.33
18.99
16.67
16.53
13.65
13.65
13.5
13.57
6.75
7.349
15.31
5.963
0.1354
8.899
0.1146
0.08335
0.02079
0.03128
0.02079
0.02604
0.8392
13.79
15.19
17.02
21.26
19.36
18.53
12.0
15.14
14.55
11.72
16.5
17.21
20.14
20.92
20.8
13.26
2.829
0.1562
0.04692
0.03643
0.03128
0.02604
0.03643
4.669
14.72
14.84
16.09
18.9
29.59
15.16
17.21
30.18
31.98
19.12
14.55
14.43
13.5
13.6
16.21
20.07
21.53
17.04
0.7393
0.396
0.03643
0.02604
0.02604
0.396
17.55
21.31
26.81
23.02
14.43
14.77
14.7
15.06
15.28
15.87
20.19
24.05
24.32
23.8
18.09
20.61
1.219
0.1354
0.03643
0.02079
0.02604
0.02604
0.02604
0.02604
11.61
15.16
17.14
18.85
31.45
14.43
15.14
17.9
23.85
19.12
13.33
13.53
16.6
14.33
16.85
7.422
0.1616
0.06247
0.03128
0.02079
0.03128
0.02079
0.03128
5.542
10.4
23.58
12.6
7.178
16.92
15.8
16.24
22.41
26.46
32.37
26.51
17.85
20.14
15.31
16.99
8.264
0.1719
0.06247
0.03128
0.02079
0.03128
0.02604
0.02604
0.02604
17.36
34.23
24.85
15.87
8.313
31.2
35.6
16.92
15.19
17.07
15.23
14.65
13.18
15.7
15.31
2.933
0.1667
0.04168
0.02604
0.02604
0.02604
0.02079
0.02604
0.02604
0.6721
18.99
23.68
33.89
25.44
17.75
13.82
10.03
17.07
15.6
15.16
35.79
34.62
24.85
33.2
19.85
0.8911
0.4013
0.03643
0.02604
0.02604
0.02604
0.02604
0.547
20.73
28.96
37.35
24.24
20.14
11.21
17.04
12.82
17.75
15.65
10.45
14.58
23.22
25.1
35.64
39.26
40.97
40.38
38.13
37.65
37.89
39.11
38.43
38.77
39.84
39.55
39.94
40.53
34.57
11.3
30.18
39.55
32.32
35.4
33.3
32.52
29.64
10.82
22.61
38.28
38.38
40.43
40.19
40.23
37.35
37.11
37.5
38.38
37.79
37.35
37.16
39.89
41.06
40.28
35.16
11.36
25.88
39.21
33.84
34.08
28.96
28.37
28.71
22.27
5.67
22.29
37.84
39.26
41.5
38.18
36.04
37.45
41.31
41.16
38.23
37.5
37.94
39.31
41.31
41.06
40.97
22.8
15.19
34.57
32.47
34.33
40.19
27.44
29.88
21.97
17.46
12.96
40.23
38.53
37.74
40.28
40.19
41.02
40.33
38.04
37.11
38.04
39.31
39.5
39.65
40.48
39.79
27.83
12.84
30.27
28.71
37.21
33.25
32.67
27.64
28.32
22.0
3.082
33.5
40.38
38.82
37.89
38.48
38.18
38.48
35.69
40.04
37.94
37.35
38.28
38.04
38.04
39.26
40.28
17.99
17.94
31.64
39.16
33.45
36.43
29.98
29.1
20.9
11.45
16.6
39.89
40.53
40.19
39.75
39.31
37.79
38.92
38.18
39.75
39.21
38.92
38.43
37.16
39.5
38.28
29.44
6.909
15.01
36.38
36.62
36.04
38.18
31.05
30.76
19.29
6.134
37.7
38.77
37.94
36.38
36.96
37.79
38.92
39.11
39.79
40.28
40.28
39.89
38.62
37.99
37.74
37.55
18.97
16.14
37.89
40.72
40.92
31.1
28.56
29.74
23.9
3.43
38.67
39.94
33.15
39.79
20.92
6.616
26.95
40.28
38.48
33.5
33.06
6.262
33.59
40.48
35.25
38.38
29.59
30.66
40.92
35.99
32.28
32.03
11.78
40.38
34.18
38.09
30.66
36.62
24.46
27.0
37.84
22.22
37.99
26.61
36.28
24.41
27.34
38.96
25.54
39.26
17.02
37.79
36.72
27.34
22.34
14.7
38.13
29.74
32.18
17.21
18.16
39.99
40.23
40.53
40.53
41.06
41.5
40.92
38.04
37.3
38.43
39.84
41.7
40.58
40.38
40.53
11.77
21.46
39.11
40.43
40.87
31.4
32.37
30.27
11.01
28.61
40.23
39.7
39.4
38.18
39.01
39.99
39.5
38.77
35.64
37.35
40.14
40.33
40.77
39.6
38.82
14.36
19.63
42.19
41.46
38.82
34.42
34.42
27.93
3.583
1.401
18.99
41.06
40.97
40.67
40.77
40.14
40.28
41.31
41.21
40.72
39.75
37.26
37.5
39.94
40.72
38.09
12.67
23.24
34.52
36.23
37.21
35.21
30.76
32.32
20.17
19.24
21.58
28.66
31.01
28.52
36.87
35.11
17.11
25.49
28.56
25.1
16.8
16.92
23.46
31.69
25.59
27.39
17.36
39.31
37.01
32.96
30.42
28.52
28.03
27.78
26.71
26.51
27.05
27.64
27.25
34.96
39.11
38.72
39.55
37.26
35.84
29.39
18.8
41.5
38.09
40.58
32.42
33.5
31.64
13.7
22.09
17.14
37.65
40.67
41.36
41.7
41.36
41.31
40.28
39.6
36.23
35.64
34.81
35.89
36.67
36.47
37.89
28.52
11.12
24.88
42.43
42.97
38.92
29.3
31.05
29.74
12.55
35.64
36.08
10.52
40.62
38.67
38.77
40.58
40.14
39.36
38.23
39.16
40.28
40.33
40.87
41.16
41.11
38.33
37.6
35.01
5.389
13.04
34.18
39.84
31.69
37.11
34.72
33.5
28.03
7.349
19.6
3.253
0.1616
0.03643
0.02604
12.6
19.24
33.64
37.11
26.46
37.26
27.15
18.38
33.94
36.57
16.09
20.9
17.72
20.85
18.97
17.09
18.09
21.09
5.09
0.1667
0.05207
0.02604
0.02079
0.03128
0.02604
0.02604
0.02604
0.03128
0.02079
0.03128
0.02604
0.02604
0.02604
0.02604
0.02604
0.02604
0.02604
0.02604
0.02604
6.396
18.97
21.19
20.21
19.21
20.65
17.87
25.88
28.52
16.24
