0.02308
0.02394
0.02327
0.01879
0.02747
0.03233
0.02432
0.02356
0.02928
0.02155
0.02365
0.02375
0.02117
0.01755
0.06943
0.02127
0.02079
0.02127
0.01945
0.02146
0.02136
0.01898
0.01917
0.02232
0.0186
0.02079
0.02165
0.02041
0.02184
0.02174
0.01888
0.01698
0.02966
0.02203
0.0248
0.01707
0.03386
0.02213
0.01955
0.02108
0.01888
0.01822
0.03891
0.02089
0.01898
0.02623
0.02689
0.02165
0.02871
0.1524
0.01774
0.02403
0.03653
0.02403
0.0205
0.01631
0.02661
0.01812
0.02499
0.0205
0.02766
0.01879
0.01907
0.02041
0.01879
0.02317
0.02213
0.02146
0.01879
0.02031
0.02089
0.0186
0.03195
0.01717
0.01516
0.02174
0.02193
0.02089
0.01974
0.02089
0.02403
0.02165
0.02251
0.02117
0.02842
0.0
0.02794
0.02584
0.03071
0.03023
0.02794
0.01945
0.02489
0.01965
0.0268
0.02413
0.01678
0.02308
0.02174
0.0
0.04072
0.03672
0.02327
0.02518
0.02422
0.02689
0.02823
0.02956
0.03567
0.02985
0.02785
0.0
0.03052
0.05188
0.02804
0.02785
0.01993
0.02565
0.02432
0.02565
0.0206
0.001335
0.02785
0.02346
0.0206
0.02098
0.0165
0.01516
0.002861
0.02232
0.02308
0.01936
0.03281
0.02775
0.02127
0.03223
0.02518
0.02785
0.02775
0.02441
0.04187
0.05245
0.03929
0.02317
0.02117
0.02117
0.0227
0.0
0.02604
0.02546
0.02279
0.03452
0.02613
0.003529
0.02165
0.02337
0.01936
0.01869
0.0267
0.02785
0.02728
0.02308
0.02928
0.02699
0.02508
0.03376
0.02823
0.0288
0.03853
0.02747
0.03119
0.02384
0.02165
0.02604
0.02308
0.02384
0.02737
0.02241
0.02794
0.04644
0.05245
0.04568
0.04082
0.04768
0.03939
0.04635
0.04454
0.04911
0.0535
0.05531
0.05684
0.04768
0.05074
0.05913
0.04997
0.05331
0.0433
0.05293
0.04635
0.04349
0.0493
0.04387
0.05751
0.04854
0.04845
0.05074
0.04539
0.05293
0.04711
0.05188
0.05074
0.0453
0.05741
0.05655
0.04978
0.04835
0.05302
0.05941
0.05169
0.05932
0.05722
0.05474
0.0514
0.05007
0.04988
0.05188
0.04711
0.04911
0.0453
0.05436
0.09956
0.0535
0.05045
0.05407
0.05531
0.05045
0.05245
0.05207
0.06495
0.06752
0.05541
0.05379
0.05636
0.05531
0.05274
0.05541
0.05465
0.06609
0.05589
0.05198
0.05169
0.04539
0.04616
0.05064
0.03872
0.05445
0.05121
0.04854
0.03948
0.05846
0.05264
0.03719
0.04587
0.04435
0.05522
0.05426
0.04969
0.05579
0.05302
0.0535
0.04883
0.04663
0.05522
0.05169
0.05093
0.05617
0.05264
0.0474
0.05426
0.04377
0.1066
0.0411
0.04454
0.03586
0.0391
0.03548
0.03614
0.05779
0.03462
0.04063
0.0536
0.04978
0.04244
0.0495
0.0433
0.04311
0.04978
0.0
0.06113
0.05407
0.04501
0.04425
0.04959
0.04177
0.03395
0.04444
0.04396
0.05131
0.05798
0.04892
0.06094
0.04816
0.05064
0.04625
0.04473
0.04892
0.04463
0.05579
0.0452
0.04997
0.04692
0.05035
0.05808
0.0598
0.05608
0.04673
0.05198
0.0576
0.0494
0.05188
0.09165
0.1284
0.1097
0.04663
0.1253
0.04549
0.05474
0.04253
0.04587
0.03777
0.04835
0.03824
0.05474
0.04187
0.04091
0.03834
0.04492
0.04587
0.03538
0.03624
0.0329
0.03347
0.03004
0.03681
0.03242
0.03719
0.03557
0.02985
0.0371
0.04072
0.04435
0.03138
0.03405
0.02861
0.03672
0.03872
0.03281
0.03738
0.03901
0.03042
0.03567
0.03071
0.02975
0.02518
0.03176
0.03271
0.03185
0.03777
0.03605
0.03586
0.03109
0.04091
0.03748
0.0391
0.03576
0.03271
0.04425
0.03204
0.037
0.04091
0.03691
0.03605
0.03691
0.04463
0.03471
0.03605
0.04263
0.03738
0.03214
0.03395
0.02861
0.03233
0.03452
0.03347
0.0289
0.04568
0.03233
0.03414
0.02403
0.03138
0.05178
0.05751
0.03967
0.03567
0.02813
0.03462
0.03347
0.03281
0.0433
0.03815
0.07305
0.0289
0.03328
0.03777
0.03376
0.03195
0.03395
0.02604
0.002003
0.04292
0.04406
0.04282
0.03691
0.03786
0.04206
0.03796
0.04435
0.04549
0.04463
0.0351
0.02661
0.03738
0.04082
0.04196
0.03157
0.03748
0.03872
0.03176
0.0433
0.03176
0.0
0.02594
0.02613
0.03262
0.03424
0.02956
0.03042
0.03271
0.03271
0.06428
0.037
0.03586
0.02832
0.03595
0.02995
0.03242
0.09394
0.02804
0.02956
0.02584
0.02718
0.02623
0.03128
0.03262
0.03948
0.07048
0.02928
0.03347
0.03328
0.03767
0.03195
0.03386
0.03281
0.035
0.02594
0.03099
0.03252
0.03462
0.02794
0.0349
0.02661
0.03157
0.02661
0.02747
0.03004
0.02775
0.03529
0.02775
0.02556
0.02785
0.03729
0.03653
0.04263
0.0391
0.04349
0.04559
0.04368
0.04358
0.04139
0.05074
0.04053
0.04053
0.03977
0.03891
0.03233
0.03061
0.02918
0.03605
0.03729
0.03099
0.03624
0.03557
0.02565
0.03595
0.03738
0.04072
0.0288
0.02937
0.03242
0.04139
0.03948
0.04911
0.03786
0.04368
0.04454
0.0494
0.05016
0.03614
0.03901
0.04435
0.03672
0.0351
0.03891
0.04492
0.04091
0.04845
0.0371
0.04606
0.1011
0.03891
0.04539
0.04501
0.05169
0.05655
0.04921
0.04663
0.04539
0.03881
0.03872
0.03757
0.1093
0.05274
0.04654
0.05035
0.04339
0.04759
0.03996
0.04168
0.04463
0.03901
0.0411
0.03757
0.04625
0.04253
0.03996
0.0432
0.03481
0.04978
0.03147
0.04091
0.03996
0.03986
0.03347
0.03738
0.03786
0.0392
0.04368
0.04177
0.0391
0.04215
0.04482
0.03633
0.04177
0.04005
0.04587
0.03786
0.0411
0.04358
0.04063
0.03481
0.04177
0.04358
0.03853
0.0391
0.03538
0.03586
0.04644
0.04148
0.03471
0.04673
0.06371
0.04692
0.03901
0.04272
0.03643
0.0432
0.03948
0.04587
0.05474
0.04053
0.0452
0.04492
0.04349
0.03996
0.04768
0.0412
0.05178
0.04158
0.04616
0.04625
0.04635
0.04616
0.05188
0.05312
0.05341
0.04215
0.04272
0.04902
0.04253
0.04139
0.04492
0.03901
0.04005
0.04473
0.03786
0.03672
0.03996
0.04501
0.03986
0.0412
0.04568
0.03548
0.04854
0.05035
0.04444
0.0411
0.03576
0.04864
0.04864
0.05045
0.06332
0.05417
0.04663
0.04492
0.04091
0.0494
0.04139
0.04625
0.03653
0.03729
0.03786
0.03653
0.03405
0.03471
0.04597
0.04625
0.03881
0.03939
0.04282
0.04082
0.08116
0.1144
0.03128
0.03233
0.04463
0.04559
0.0412
0.04168
0.03586
0.03309
0.04272
0.03576
0.03624
0.05169
0.03805
0.035
0.0452
0.03433
0.04463
0.03729
0.04873
0.03443
0.04158
0.03872
0.03223
0.03815
0.03462
0.1259
0.03767
0.006008
0.0308
0.02651
0.03328
0.03891
0.04511
0.03214
0.03834
0.03014
0.03099
0.03262
0.02546
0.02975
0.02651
0.0308
0.02356
0.03157
0.02403
0.03777
0.03042
0.0267
0.02584
0.0268
0.02871
0.02956
0.02632
0.04196
0.03738
0.02909
0.02689
0.03433
0.02832
0.03719
0.0267
0.03042
0.0288
0.03309
0.02737
0.03195
0.03214
0.02966
0.02899
0.033
0.02594
0.03242
0.0267
0.03386
0.02184
0.02747
0.02975
0.03414
0.02546
0.02737
0.02584
0.0289
0.03271
0.03662
0.02899
0.02966
0.0392
0.03691
0.03605
0.03481
0.03357
0.03252
0.03042
0.03109
0.03033
0.02928
0.02527
0.03023
0.02632
0.02899
0.01945
0.01736
0.02527
0.02937
0.02766
0.02508
0.02575
0.0247
0.02747
0.03748
0.03996
0.04215
0.04358
0.03862
0.04225
0.04187
0.03576
0.04368
0.05054
0.0473
0.04301
0.04969
0.03805
0.04473
0.037
0.0453
0.04148
0.03319
0.03881
0.04053
0.03242
0.04139
0.04663
0.03729
0.04635
0.04845
0.04311
0.03967
0.04683
0.04435
0.04663
0.04787
0.04616
0.04206
0.04339
0.04978
0.05112
0.05074
0.04683
0.05341
0.0494
0.04606
0.04187
0.05026
0.04711
0.05131
0.04587
0.04358
0.04597
0.05636
0.04902
0.05093
0.0514
0.04959
0.05779
0.04568
0.05331
0.04673
0.05112
0.04883
0.04396
0.04301
0.05074
0.04539
0.05159
0.04673
0.05112
0.05131
0.04616
0.04883
0.04425
0.1469
0.05322
0.04807
0.05894
0.05121
0.04578
0.04616
0.03347
0.05112
0.04025
0.03767
0.04349
0.04206
0.04263
0.04005
0.0309
0.04463
0.0391
0.03481
0.0432
0.03176
0.03967
0.04425
0.03862
0.03862
0.03185
0.0411
0.04463
0.0371
0.03424
0.03405
0.03328
0.03719
0.05445
0.02851
0.03767
0.03605
0.0351
0.04272
0.03443
