16.24
13.53
21.97
26.76
16.31
14.23
16.31
27.15
23.75
13.57
13.6
22.97
28.03
17.94
11.68
11.63
11.5
11.5
11.5
11.68
14.26
25.34
25.78
15.7
13.43
13.4
13.5
13.23
13.38
13.55
17.53
27.15
20.65
13.5
13.6
13.33
13.84
16.24
26.76
24.32
12.82
11.68
11.51
12.84
13.13
13.5
16.6
26.9
20.24
19.12
27.49
18.24
13.57
13.35
24.83
30.71
31.74
32.18
32.08
31.01
29.0
27.15
25.78
25.1
18.41
38.33
42.09
43.07
42.92
42.58
42.53
42.48
42.48
42.48
42.43
42.43
42.43
42.48
42.92
42.92
42.97
43.07
43.07
43.02
43.12
43.07
43.12
43.12
43.12
43.07
43.12
43.12
43.12
43.12
43.12
43.16
43.26
43.26
43.31
43.31
37.11
32.52
22.58
20.02
19.87
19.9
19.9
16.89
13.13
13.01
26.71
30.37
31.79
31.98
31.69
28.61
27.64
24.98
20.78
24.46
38.33
42.19
43.07
42.53
41.8
41.7
41.7
41.85
41.89
41.94
42.24
42.29
42.29
42.29
42.43
42.33
42.92
43.12
43.12
43.16
43.16
43.16
43.21
43.16
43.16
43.21
43.21
43.21
43.21
43.26
43.36
43.36
43.41
43.41
42.53
40.33
31.3
24.1
23.88
23.88
23.88
18.7
13.28
13.31
27.64
30.62
31.98
32.23
32.18
30.62
29.0
26.56
25.63
21.19
24.95
39.6
42.68
43.07
42.58
42.19
42.09
42.09
42.09
42.09
42.04
42.04
42.04
42.09
42.77
43.07
43.07
43.07
42.97
42.77
42.82
42.82
42.77
42.87
42.77
42.77
42.82
42.82
42.82
42.82
42.82
42.92
42.97
42.97
42.77
41.31
38.33
37.5
33.35
29.59
28.42
28.17
26.71
19.14
12.94
15.43
30.81
31.01
32.03
32.18
32.08
29.69
28.56
25.73
25.49
18.68
29.44
42.04
43.07
43.07
42.19
41.8
41.7
41.7
41.85
41.89
41.89
42.04
42.09
42.14
42.24
42.29
42.19
42.43
43.07
43.07
43.07
43.07
43.07
43.07
43.16
43.07
43.02
42.92
42.92
42.92
42.92
42.92
42.97
43.12
42.87
42.33
42.14
40.53
38.43
32.03
24.51
24.19
21.7
21.46
20.61
13.53
12.6
11.49
11.5
11.5
11.5
11.5
11.5
11.5
11.5
11.5
11.5
11.5
11.5
11.5
11.5
11.5
11.49
11.3
11.3
11.3
11.3
11.3
11.3
11.3
11.3
11.3
11.3
11.3
11.3
11.3
11.3
11.3
11.3
11.3
11.3
11.3
11.3
11.3
11.3
11.3
11.3
11.3
11.3
11.3
11.3
11.3
11.3
11.3
11.3
11.3
11.3
11.3
11.3
11.3
11.3
11.3
11.3
11.3
11.3
11.3
11.3
11.3
11.3
11.3
11.3
11.3
11.3
11.3
11.3
11.3
11.3
11.3
11.3
11.3
11.3
11.3
11.3
11.3
11.3
11.3
11.3
11.3
11.3
11.3
11.3
11.3
11.3
11.3
11.3
11.3
11.3
11.3
11.3
11.3
11.3
11.3
11.3
11.3
11.3
11.3
11.3
11.3
11.3
11.3
11.3
11.3
11.3
11.3
11.3
11.3
11.3
11.3
11.3
11.3
11.3
11.3
11.3
11.3
11.3
11.3
11.3
11.3
11.3
11.3
11.3
11.3
11.3
11.3
11.3
11.3
11.3
11.3
11.3
11.3
11.3
11.3
11.3
11.3
11.3
11.3
11.3
11.3
11.3
11.3
11.3
11.3
12.13
20.24
41.26
43.16
43.16
43.26
43.26
43.26
43.21
43.16
43.21
43.21
43.21
43.21
43.16
43.16
43.21
43.21
43.26
43.26
43.21
43.26
43.16
43.26
43.21
43.26
43.21
43.21
43.21
43.26
43.26
43.31
43.36
43.36
43.36
43.21
40.67
35.6
31.05
30.03
18.26
12.6
11.91
12.38
21.39
41.65
43.16
43.21
43.26
43.26
43.26
43.21
43.16
43.21
43.21
43.21
43.21
43.16
43.26
43.26
43.26
43.26
43.26
43.16
43.26
43.21
43.26
43.26
43.21
43.26
43.21
43.21
43.21
43.26
43.26
43.36
43.36
43.16
41.99
39.26
36.13
25.59
21.83
19.36
13.48
11.89
11.82
14.28
35.55
43.12
43.16
43.21
43.26
43.26
43.26
43.21
43.26
43.26
43.21
43.21
43.21
43.16
43.21
43.16
43.12
43.07
43.07
43.02
43.21
43.16
43.26
43.21
43.21
43.26
43.21
43.21
43.21
43.26
43.26
43.41
43.36
43.41
43.41
40.19
31.54
22.58
21.26
13.94
12.04
12.16
17.85
38.67
43.12
43.21
43.26
43.26
43.26
43.21
43.21
43.21
43.21
43.21
43.21
43.21
43.21
43.26
43.31
43.26
43.26
43.21
43.21
43.21
43.26
43.21
43.21
43.26
43.21
43.21
43.21
43.26
43.26
43.26
43.36
43.36
43.21
42.68
40.33
28.66
18.68
20.68
17.24
12.96
12.04
14.55
35.01
42.68
43.02
43.16
43.07
43.07
43.07
43.02
43.07
43.07
43.07
43.02
43.02
42.97
43.02
43.02
43.02
43.07
43.07
43.02
43.02
43.02
43.02
43.02
43.07
43.02
43.02
43.02
43.07
43.07
43.07
43.16
43.21
43.21
43.21
36.47
23.32
19.24
21.7
13.7
11.55
11.4
11.4
11.4
11.21
11.11
11.11
11.11
11.11
11.11
11.11
11.11
11.11
11.11
11.11
11.11
11.11
11.11
12.6
24.49
41.6
43.07
42.58
41.6
41.6
41.6
42.82
43.12
43.12
43.07
43.16
43.16
43.16
43.12
43.12
43.07
43.16
43.07
43.12
43.12
43.12
43.12
43.12
43.16
43.12
43.12
43.12
43.16
43.16
43.21
43.21
43.31
43.31
41.21
31.35
19.48
20.26
20.21
12.62
12.5
19.78
40.48
43.12
43.16
43.26
43.26
43.26
43.21
43.21
43.21
43.21
43.26
43.26
43.21
43.16
43.16
43.21
43.21
43.21
43.26
43.21
43.21
43.21
43.21
43.21
43.21
43.21
43.21
43.21
43.26
43.31
43.36
43.36
43.02
42.33
40.97
33.3
20.39
19.7
13.53
12.44
16.97
38.33
43.12
43.16
43.26
43.26
43.26
43.21
43.21
43.21
43.26
43.21
43.21
43.21
43.21
43.21
43.26
43.21
43.21
43.21
43.16
43.21
43.21
43.21
43.21
43.21
43.26
43.21
43.21
43.21
43.21
43.21
43.26
43.36
43.36
43.36
43.41
43.41
40.62
34.38
23.51
21.17
18.97
14.06
12.3
11.95
13.67
30.86
42.92
43.16
43.21
43.26
43.26
43.26
43.21
43.26
43.26
43.26
43.21
43.21
43.16
43.21
43.21
43.21
43.26
43.21
43.21
43.21
43.21
43.21
43.26
43.21
43.26
43.21
43.26
43.21
43.21
43.26
43.26
43.36
43.36
43.36
43.41
43.41
41.06
32.52
24.37
22.12
14.89
12.57
11.9
11.83
11.84
11.84
11.84
11.84
11.84
11.84
11.84
