17.02
16.75
17.07
16.99
17.68
17.63
17.68
16.94
18.14
17.41
17.02
17.77
16.87
17.38
18.12
17.24
17.11
17.19
17.09
17.77
17.97
16.6
16.72
17.5
17.07
17.38
19.46
17.8
16.33
16.24
17.19
16.92
16.53
16.55
16.77
17.82
17.38
17.21
18.53
17.87
17.5
17.53
17.75
18.31
17.94
17.04
18.97
17.38
17.92
17.31
18.75
17.85
16.89
17.75
17.46
18.09
17.9
18.02
16.99
17.33
17.87
16.46
17.02
17.53
17.68
18.31
17.53
17.63
18.19
18.58
16.89
17.5
17.11
17.14
18.09
17.65
16.55
19.56
22.83
17.99
16.55
16.67
16.02
16.58
16.48
17.02
16.58
17.16
17.29
16.97
16.82
18.07
18.41
20.0
17.77
17.29
18.77
18.26
17.5
18.6
17.75
17.8
17.5
17.5
17.16
18.75
17.24
17.65
17.46
17.63
17.16
17.46
17.99
18.43
18.33
17.85
18.41
17.9
19.07
20.24
18.33
19.46
18.12
18.14
18.19
17.97
18.48
18.26
17.24
17.82
19.58
20.68
17.85
17.21
17.65
17.58
16.82
16.94
17.31
17.21
16.5
17.26
17.99
16.41
16.31
16.53
16.97
17.02
17.11
17.63
18.33
17.82
16.97
17.24
16.92
17.43
18.21
17.04
16.8
17.09
16.92
17.07
18.8
17.5
17.46
17.16
18.12
17.21
18.38
17.21
16.6
17.85
16.92
16.46
17.14
16.87
17.31
18.9
16.6
17.14
16.38
16.85
17.87
18.16
16.53
18.68
17.33
17.31
16.67
17.72
17.82
16.99
17.38
17.16
18.87
17.77
18.26
17.11
17.65
17.29
17.72
16.26
16.97
16.75
17.48
18.33
18.14
18.36
18.29
16.53
17.11
18.04
17.72
17.02
18.48
17.58
16.7
17.41
18.7
18.21
17.04
16.97
16.72
16.99
17.24
16.92
18.12
17.5
17.8
16.97
16.63
17.55
18.14
19.41
18.21
17.9
16.48
16.58
17.97
16.6
16.65
16.46
16.67
17.09
17.97
17.24
17.11
16.99
17.29
18.77
17.02
17.63
17.14
18.41
17.11
17.53
17.21
17.72
18.73
17.7
18.75
16.28
17.26
16.36
17.04
16.14
17.43
16.48
16.67
18.99
17.11
16.16
16.94
15.99
15.87
16.06
16.58
15.89
15.94
16.58
16.21
16.41
17.09
16.53
15.77
16.43
15.72
16.87
17.97
16.55
16.63
16.46
17.43
16.82
16.63
17.16
16.58
17.46
16.94
17.53
19.43
17.31
16.82
17.02
17.72
16.41
17.99
15.94
16.06
17.6
17.16
16.8
16.5
16.6
17.04
18.16
17.94
16.24
16.72
16.09
17.58
17.46
16.65
18.77
17.04
15.87
16.63
15.84
16.77
16.94
18.99
16.46
15.7
16.36
17.24
16.14
16.6
16.8
16.41
17.55
17.46
17.26
16.97
16.31
17.11
16.67
17.04
17.58
18.04
16.67
16.72
19.87
22.05
16.04
15.45
14.6
14.92
15.48
15.48
15.84
15.6
15.53
15.11
15.14
14.62
18.04
18.29
17.38
17.63
17.14
16.55
18.36
16.7
16.04
15.97
15.87
16.11
16.92
16.89
17.24
16.97
16.31
17.16
17.04
16.48
16.89
18.41
17.85
16.85
17.55
17.87
16.85
18.82
17.14
17.65
17.19
16.72
17.26
17.75
17.8
18.12
17.92
18.19
17.7
20.02
18.21
17.29
18.73
17.48
16.82
16.72
17.38
17.02
17.26
18.41
16.36
17.02
16.58
17.33
16.65
16.65
17.16
17.33
17.46
16.87
16.75
19.36
16.85
16.53
17.9
16.65
17.16
17.33
16.99
16.72
17.53
18.6
17.58
19.58
16.63
17.26
17.16
18.24
17.36
18.87
16.94
16.77
17.48
18.16
16.58
17.04
17.85
16.43
19.9
18.16
16.99
16.53
16.65
17.97
18.77
16.97
18.51
18.51
16.5
16.77
16.89
16.67
16.82
16.67
16.58
17.24
16.55
18.41
17.58
16.28
18.07
16.82
17.11
17.09
17.09
17.65
17.75
17.26
17.24
16.89
16.36
17.36
17.5
17.09
18.12
18.9
17.24
16.55
18.68
17.26
16.24
16.19
16.43
16.33
17.14
17.26
16.19
17.6
16.26
16.43
16.6
17.77
17.87
17.9
17.58
16.28
15.84
16.02
17.53
16.26
16.75
16.85
16.09
16.5
17.11
16.7
17.53
16.5
17.07
16.92
17.21
16.92
17.68
17.92
18.31
17.5
17.85
17.5
18.48
17.75
17.6
17.6
17.9
18.14
17.99
17.87
17.8
17.63
17.8
17.65
20.46
19.17
18.16
20.04
17.7
17.63
16.72
17.99
17.02
16.85
18.16
17.46
16.8
17.82
16.72
17.5
17.63
18.16
17.68
18.21
17.75
17.55
17.85
17.92
16.94
17.36
17.11
18.26
17.16
17.53
18.53
17.72
17.38
17.26
19.92
17.77
16.89
16.55
18.41
16.55
18.82
16.28
16.21
18.26
17.29
16.24
17.29
17.09
16.87
17.8
18.7
17.5
17.11
16.6
18.12
17.26
16.87
18.92
17.97
16.31
16.46
16.02
16.26
16.72
17.5
16.38
18.36
16.53
17.82
16.58
16.72
17.46
18.85
17.07
16.87
17.29
16.19
17.72
17.77
17.29
18.19
16.6
17.48
16.94
16.67
16.14
18.02
17.63
16.04
16.43
20.09
23.68
16.58
16.72
16.21
16.04
17.48
16.82
16.53
16.26
16.04
16.8
18.14
17.87
18.77
18.26
16.85
16.77
17.07
17.77
16.92
17.04
17.24
17.07
17.16
17.43
16.94
17.43
17.09
17.07
17.5
17.29
17.29
17.16
17.11
18.26
17.77
18.21
17.5
17.19
18.33
19.95
17.92
17.53
17.72
17.94
18.09
18.29
17.55
18.29
18.14
18.04
18.21
20.92
19.24
18.07
21.39
17.94
18.38
18.09
17.48
18.21
17.6
17.21
17.97
17.5
17.99
18.87
18.09
18.53
18.99
17.82
18.38
19.75
18.73
17.92
18.55
17.77
17.85
17.85
17.82
18.99
18.9
20.09
18.92
21.04
18.38
18.48
18.12
19.82
18.65
19.8
17.99
19.53
18.82
18.43
18.8
18.41
18.55
19.87
19.95
18.38
18.51
18.16
18.99
18.85
18.36
19.75
20.41
18.92
17.9
18.09
18.68
18.24
17.9
18.33
19.48
18.63
21.22
18.26
18.75
18.31
18.82
18.41
18.14
18.82
19.09
18.97
19.43
18.7
17.99
17.85
18.36
18.6
19.9
19.31
18.6
18.14
19.29
18.97
17.5
19.04
18.12
17.87
18.02
17.58
18.41
20.12
18.51
17.48
17.92
20.26
18.95
19.29
18.8
17.31
17.85
18.09
18.43
18.14
17.77
17.94
18.97
20.34
19.97
18.55
18.9
18.82
18.65
18.53
18.29
18.73
