14.11
24.73
28.71
11.15
28.42
32.08
26.27
17.75
7.996
17.46
26.61
18.75
26.46
27.54
19.68
34.77
29.59
21.14
9.387
27.73
20.83
26.27
29.49
18.8
27.34
26.76
12.5
28.86
27.64
30.62
28.71
28.71
35.11
23.61
13.7
17.68
32.57
25.44
9.204
15.06
20.34
0.1171
0.02279
0.02213
0.02146
0.02146
0.02022
0.02279
0.02079
0.02279
0.02193
0.02365
0.02213
0.02279
0.02279
0.02146
0.02022
0.02146
0.01955
0.02079
0.02079
0.02213
0.02079
0.02213
0.02146
0.02279
0.02079
0.02279
0.02146
0.02213
0.02079
0.02279
0.02279
0.02279
0.02279
0.02279
0.02146
0.02346
0.02079
0.02213
0.02146
0.02213
0.02146
0.02279
0.02146
0.02279
0.02213
0.02279
0.02079
0.02279
0.02146
0.02279
0.02079
0.02413
0.02213
0.02346
0.02213
0.02413
0.02213
0.02279
0.02079
0.02213
0.02213
0.02213
0.02346
0.02346
0.02279
0.02346
0.02413
0.02537
0.02346
0.02537
0.02279
0.02346
0.02213
0.02413
0.02346
0.02346
0.02213
0.02346
0.02279
0.02346
0.02346
0.02346
0.02146
0.02279
0.02146
0.02604
0.02604
0.02804
0.02604
0.0267
0.02413
0.0247
0.02804
0.0247
0.0247
0.02689
0.02584
0.02604
0.02537
0.02804
0.02413
0.02537
0.0247
0.02604
0.02346
0.02604
0.02413
0.0247
0.02346
0.0267
0.0247
0.0247
0.02537
0.0267
0.02413
0.02861
0.02537
0.02804
0.02737
0.02928
0.02861
0.0267
0.02346
0.02413
0.02213
0.02604
0.02537
0.02537
0.02346
0.02413
0.02413
0.02537
0.02346
0.02604
4.938
10.6
6.616
6.0
5.035
6.11
7.324
5.17
6.775
13.33
18.16
18.33
15.87
25.29
27.25
13.11
2.594
11.28
10.99
0.0
10.97
27.44
16.53
19.78
18.09
6.097
14.14
22.27
30.13
27.54
8.215
13.82
20.0
29.2
26.61
24.95
19.9
5.231
15.21
15.97
18.33
25.34
8.191
1.366
16.46
17.04
4.041
14.67
13.89
10.12
1.785
0.5608
0.02079
1.767
7.373
9.949
7.654
8.789
8.557
10.46
8.643
7.825
9.937
11.71
7.812
14.6
19.9
17.19
17.92
18.6
8.777
5.975
16.26
17.33
22.49
16.92
5.786
19.48
24.83
21.85
25.1
10.61
3.363
25.39
17.94
20.0
17.92
25.54
8.838
16.48
16.16
6.604
0.444
29.54
13.62
14.7
23.36
27.69
10.34
25.49
11.34
23.51
16.43
13.77
26.61
15.53
3.534
24.54
13.87
26.9
30.57
34.52
27.15
18.65
13.21
30.52
12.57
25.78
20.46
7.874
5.078
23.93
20.8
27.49
8.398
23.49
17.85
9.167
8.716
9.509
8.386
9.924
10.9
8.325
9.302
9.387
8.74
8.984
17.48
16.33
12.33
11.65
17.48
9.949
3.418
20.04
15.67
14.28
16.67
15.94
25.78
26.37
25.73
17.16
13.89
28.37
14.14
20.63
30.42
17.41
15.82
19.31
19.02
14.4
14.21
24.88
8.569
17.29
15.72
15.33
27.34
21.07
29.15
17.48
13.4
23.93
23.54
17.31
14.79
28.42
36.18
14.36
19.31
26.9
20.39
14.33
27.0
26.95
18.95
26.86
20.95
4.938
34.67
33.64
25.1
6.75
21.68
20.65
14.58
13.62
17.9
18.29
21.24
21.24
26.95
30.57
26.56
7.715
26.12
26.76
21.66
16.72
18.31
13.67
22.83
10.97
12.77
21.56
32.81
31.88
21.78
4.919
32.86
25.49
27.93
9.436
37.3
11.43
20.8
18.85
11.38
5.994
27.98
10.46
9.131
9.558
9.521
8.691
10.18
10.22
8.411
9.827
10.17
12.62
22.97
10.3
13.65
21.51
13.09
7.642
33.98
22.83
21.68
14.5
1.923
1.524
35.69
31.74
23.12
11.07
14.38
24.07
26.27
22.78
18.95
15.41
15.82
15.53
25.68
17.21
13.92
8.411
13.92
33.69
22.39
15.41
14.82
4.376
9.473
26.81
1.868
15.65
18.48
18.29
14.99
6.836
26.56
23.73
9.424
8.679
13.89
17.94
14.18
0.8499
16.63
8.203
5.933
10.95
11.87
24.63
18.16
27.83
14.21
14.77
11.15
27.54
15.75
16.8
22.92
20.39
23.36
21.58
9.277
5.011
6.567
2.856
0.8636
17.11
9.863
14.28
20.78
26.86
19.63
38.87
26.86
16.97
10.33
1.843
17.72
17.9
25.34
24.58
34.13
17.07
11.02
37.84
22.95
12.38
13.75
5.701
2.017
6.592
27.83
22.92
16.21
12.28
34.38
35.6
7.251
40.04
29.59
20.48
10.56
13.67
20.9
16.21
29.59
25.49
23.05
10.72
13.11
30.96
21.48
25.98
14.65
12.02
27.64
34.72
28.81
23.46
15.94
1.724
18.55
27.83
20.39
10.85
17.11
19.09
28.76
23.8
13.21
25.24
11.39
26.37
26.76
15.53
20.17
23.46
19.38
21.53
22.73
13.57
24.19
28.37
12.02
16.97
28.47
23.78
11.25
25.39
10.25
35.11
29.69
19.04
13.94
5.188
10.67
15.06
21.31
23.83
15.77
20.7
11.91
19.63
17.53
23.54
11.51
25.54
20.73
7.41
14.33
18.21
11.58
26.27
9.912
22.46
28.81
28.91
22.95
15.45
4.547
15.8
29.1
22.27
22.17
16.46
4.602
7.776
24.02
22.36
30.22
33.25
12.7
21.51
12.67
25.83
10.4
26.37
21.73
22.95
14.09
15.33
29.69
30.42
28.17
15.11
4.718
32.62
26.32
25.1
15.14
12.77
23.14
11.83
20.04
23.02
17.63
13.94
21.95
21.31
25.05
23.07
9.766
19.63
30.96
16.92
20.02
29.64
14.89
11.78
30.08
31.59
24.8
12.92
3.925
22.95
29.44
25.78
3.21
22.53
24.51
16.65
24.44
18.41
6.787
19.38
23.22
24.02
19.56
21.88
9.949
23.22
12.84
23.19
20.09
14.94
14.16
14.75
27.93
29.44
29.64
23.75
10.68
9.79
28.61
24.1
14.38
3.168
27.59
11.78
28.66
20.73
30.62
16.38
12.87
34.57
26.81
19.43
14.01
3.632
27.88
22.31
24.68
37.5
25.68
21.78
11.11
1.593
1.816
14.43
18.82
20.19
17.48
5.817
27.64
23.0
12.7
16.75
17.31
7.654
23.93
11.6
26.66
28.61
30.76
27.05
18.14
3.363
24.32
23.12
21.7
27.1
10.11
24.8
26.9
17.14
21.68
13.26
13.67
14.97
14.7
13.89
11.29
6.207
3.198
6.946
19.56
12.18
18.31
7.581
9.424
24.83
20.36
14.89
27.49
31.1
25.15
15.36
3.662
16.33
23.8
21.0
21.26
29.59
17.16
2.39
24.95
20.61
25.68
23.97
10.38
24.83
28.22
27.64
18.02
4.779
20.14
24.49
32.42
33.69
22.07
20.09
29.98
26.32
21.68
5.939
5.994
27.05
19.09
20.26
24.9
28.03
15.65
18.75
30.76
32.03
13.21
8.081
7.886
7.764
7.996
8.118
7.141
8.74
7.654
7.874
8.032
8.252
9.436
7.642
11.29
18.73
13.55
14.21
16.5
16.53
6.396
3.363
35.99
33.3
28.91
19.34
1.721
14.31
15.33
15.75
18.58
16.97
19.38
20.56
