4.242
4.242
4.242
4.236
4.242
4.236
4.236
4.242
4.224
4.242
4.242
4.242
4.242
4.242
4.242
4.242
4.254
4.248
4.254
4.248
4.254
4.254
4.254
4.248
4.254
4.254
4.26
4.254
4.254
4.254
4.254
4.254
4.248
4.248
4.254
4.254
4.254
4.248
4.248
4.248
4.254
4.224
4.242
4.242
4.242
4.242
4.242
4.242
4.242
4.242
4.242
4.242
4.242
4.242
4.199
4.059
4.175
4.242
4.236
4.059
4.059
4.169
4.254
4.254
4.254
4.254
4.254
4.254
4.254
4.254
4.254
4.254
4.254
4.26
4.26
4.26
4.26
4.26
4.26
4.26
4.26
4.26
4.254
4.254
4.26
4.254
4.254
4.26
4.26
4.26
4.254
4.26
4.26
4.26
4.26
4.26
4.26
4.26
4.26
4.26
4.26
4.26
4.26
4.26
4.26
4.26
4.26
4.26
4.26
4.26
4.291
4.279
4.26
4.26
4.26
4.26
4.26
4.26
4.26
4.26
4.291
4.449
4.449
4.449
4.449
4.449
4.449
4.449
4.449
4.449
4.449
4.449
4.449
4.449
4.449
4.449
4.443
4.449
4.449
4.449
4.449
4.449
4.449
4.449
4.449
4.449
4.449
4.449
4.449
4.449
4.449
4.449
4.449
4.449
4.449
4.449
4.449
4.449
4.449
4.449
4.449
4.449
4.449
4.449
4.443
4.443
4.449
4.449
4.449
4.395
4.254
4.254
4.395
4.449
4.449
4.449
4.449
4.449
4.254
4.254
4.254
4.254
4.254
4.254
4.254
4.254
4.254
4.254
4.254
4.254
4.254
4.254
4.254
4.114
4.059
4.144
4.254
4.254
4.138
4.004
4.047
4.059
4.059
4.059
4.218
4.181
4.23
4.236
4.254
4.254
4.254
4.254
4.26
4.089
4.059
4.181
4.218
4.254
4.254
4.254
4.254
4.254
4.254
4.224
4.12
4.095
4.254
4.254
4.254
4.132
4.108
4.059
4.059
4.132
4.254
4.254
4.254
4.254
4.254
4.254
4.254
4.254
4.254
4.26
4.254
4.126
4.254
4.254
4.218
4.181
4.254
4.254
4.254
4.15
4.089
4.254
4.169
4.071
4.059
4.114
4.059
4.059
4.065
4.059
4.059
4.059
4.065
4.059
4.059
4.059
4.065
4.059
4.059
4.059
4.059
4.059
4.065
4.059
4.065
4.205
4.059
4.065
4.059
4.077
4.059
4.059
4.065
4.059
4.059
4.059
4.059
4.095
4.26
4.12
4.065
4.065
4.089
4.248
4.248
4.248
4.248
4.248
4.248
4.248
4.248
4.248
4.242
4.242
4.248
4.242
4.242
4.242
4.242
4.242
4.242
4.242
4.242
4.242
4.242
4.242
4.242
4.242
4.242
4.242
4.242
4.242
4.242
4.242
4.242
4.242
4.242
4.242
4.242
4.242
4.242
4.248
4.248
4.248
4.26
4.26
4.26
4.254
4.254
4.254
4.254
4.26
4.254
4.254
4.254
4.26
4.26
4.254
4.26
4.26
4.26
4.26
4.26
4.26
4.26
4.26
4.26
4.26
4.26
4.26
4.26
4.254
4.26
4.26
4.26
4.26
4.26
4.26
4.26
4.26
4.26
4.26
4.26
4.26
4.26
4.26
4.26
4.26
4.26
4.26
4.26
4.26
4.26
4.26
4.26
4.26
4.26
4.26
4.26
4.26
4.26
4.26
4.26
4.26
4.26
4.26
4.26
4.26
4.26
4.26
4.26
4.26
4.26
4.26
4.26
4.26
4.26
4.26
4.26
4.26
4.26
4.346
4.413
4.26
4.26
4.26
4.26
4.26
4.26
4.26
4.26
4.26
4.26
4.26
4.26
4.26
4.26
4.26
4.26
4.26
4.26
4.26
4.26
4.26
4.26
4.26
4.26
4.26
4.26
4.254
4.26
4.254
4.26
4.26
4.254
4.26
4.26
4.254
4.132
4.199
4.26
4.26
4.26
4.26
4.26
4.254
4.254
4.254
4.254
4.254
4.254
4.254
4.254
4.089
4.059
4.059
4.12
4.224
4.065
4.065
4.132
4.199
4.163
4.059
4.211
4.181
4.144
4.181
4.163
4.095
4.205
4.205
4.248
4.248
4.248
4.248
4.285
4.254
4.254
4.254
4.254
4.236
4.199
4.15
4.236
4.163
4.205
4.254
4.254
4.254
4.254
4.254
4.254
4.254
4.254
4.315
4.193
4.132
4.059
4.059
4.065
4.059
4.059
4.059
4.065
4.163
4.089
4.248
4.163
4.065
4.254
4.254
4.224
4.077
4.254
4.089
4.059
4.224
4.193
4.059
4.138
4.059
4.059
4.059
4.059
4.065
4.059
4.065
4.059
4.065
4.059
4.059
4.059
4.059
4.059
4.059
4.059
4.059
4.059
4.126
4.187
4.059
4.193
4.26
4.077
4.15
4.254
4.254
4.254
4.248
4.254
4.254
4.248
4.248
4.254
4.254
4.254
4.254
4.254
4.254
4.254
4.254
4.254
4.254
4.254
4.254
4.254
4.254
4.254
4.254
4.254
4.254
4.254
4.254
4.254
4.254
4.254
4.254
4.254
4.254
4.254
4.254
4.254
4.254
4.254
4.254
4.254
4.254
4.254
4.254
4.254
4.254
4.254
4.254
4.254
4.254
4.254
4.254
4.254
4.254
4.254
4.254
4.254
4.254
4.254
4.254
4.254
4.254
4.254
4.254
4.254
4.254
4.254
4.254
4.254
4.26
4.26
4.26
4.26
4.26
4.254
4.26
4.26
4.26
4.26
4.26
4.26
4.26
4.272
4.401
4.26
4.26
4.26
4.26
4.26
4.26
4.26
4.26
4.26
4.26
4.26
4.26
4.26
4.26
4.26
4.26
4.26
4.26
4.26
4.26
4.34
4.364
4.26
4.26
4.26
4.26
4.26
4.26
4.26
4.26
4.297
4.456
4.285
4.26
4.26
4.26
4.26
4.26
4.26
4.26
4.26
4.26
4.26
4.26
4.26
4.26
4.26
4.26
4.26
4.26
4.26
4.26
4.26
4.26
4.26
4.26
4.26
4.26
4.26
4.26
4.26
4.26
4.26
4.26
4.26
4.26
4.26
4.26
4.26
4.26
4.26
4.26
4.26
4.26
4.26
4.26
4.26
4.26
4.26
4.26
4.26
4.26
4.26
4.26
4.254
4.26
4.26
4.254
4.254
4.254
4.26
4.26
4.26
4.26
4.15
4.065
4.175
4.218
4.065
4.065
4.181
4.077
4.102
4.065
4.065
4.065
4.065
4.077
4.254
4.248
4.199
4.065
4.059
4.102
4.12
4.163
4.065
4.138
4.242
4.205
4.102
4.254
4.23
4.254
4.254
4.236
4.254
4.248
4.248
4.248
4.248
4.254
4.254
4.236
4.205
4.156
4.205
4.065
4.254
4.15
4.077
4.254
4.254
4.254
4.254
4.254
4.254
4.254
4.254
4.254
4.254
4.254
4.26
4.254
4.254
4.254
4.224
4.077
4.065
4.169
4.181
4.071
4.26
4.26
4.26
4.26
