17.58
20.73
20.8
19.46
18.7
14.04
9.009
8.96
8.875
8.887
9.57
16.7
20.58
20.83
19.85
18.04
15.43
6.812
6.604
6.604
6.604
6.616
8.594
8.716
8.801
8.899
8.643
9.399
16.75
20.68
20.85
19.73
18.26
13.21
8.899
9.29
14.72
16.02
16.58
16.97
17.29
17.55
17.72
17.9
18.16
18.26
18.41
17.65
15.16
14.53
13.96
12.87
12.45
9.595
9.045
15.21
20.46
20.85
19.95
18.04
15.75
9.277
8.35
8.398
13.43
15.58
16.38
16.8
17.16
17.53
17.72
17.82
18.04
18.19
18.07
15.33
14.48
13.77
12.65
12.3
9.57
8.618
9.778
14.84
15.94
16.48
16.82
17.21
17.5
17.72
17.87
18.19
18.26
17.04
14.97
14.31
12.41
11.6
10.19
12.23
19.48
20.83
20.61
18.26
16.75
9.888
9.277
9.241
8.899
15.97
20.51
20.83
19.58
16.63
12.44
15.53
16.28
16.77
17.19
17.55
17.75
17.92
18.14
17.77
15.06
14.14
13.5
12.41
11.08
9.851
9.839
15.14
19.92
20.41
20.36
18.14
9.351
14.28
15.82
16.46
16.85
17.24
17.55
17.75
17.94
18.14
18.19
15.99
14.55
14.21
13.21
11.87
10.61
17.48
20.58
20.7
19.46
18.53
17.5
17.07
16.65
16.8
17.11
17.5
17.68
17.82
18.04
18.21
18.14
15.84
15.45
15.28
14.55
13.43
9.314
9.094
9.009
9.692
10.18
17.21
20.61
20.75
19.75
18.07
7.654
7.019
6.995
6.995
6.995
6.995
6.995
8.35
9.009
9.436
9.534
15.21
20.09
20.75
20.0
18.6
16.53
9.949
9.094
8.838
8.984
8.191
6.995
6.995
6.995
6.995
6.995
6.995
6.995
6.995
6.995
8.545
9.009
9.29
15.58
20.31
20.65
20.36
18.92
17.48
12.72
8.984
8.85
9.265
8.74
7.556
6.799
6.799
6.799
6.799
6.799
6.799
6.799
6.799
6.799
7.629
8.887
12.52
19.12
20.58
20.7
19.38
18.43
17.41
10.79
17.75
20.75
20.73
19.46
17.94
10.08
6.812
6.799
6.799
6.799
6.799
6.799
6.799
6.799
7.08
8.411
8.582
8.35
8.533
9.656
9.033
8.569
9.534
8.435
9.045
8.96
8.557
9.277
7.495
6.213
6.219
6.219
6.219
6.219
6.219
6.219
6.219
6.519
9.241
8.887
8.459
12.82
19.26
20.7
20.56
18.26
17.11
11.32
8.984
9.436
9.253
8.765
12.77
19.8
20.85
20.8
18.95
17.9
9.827
6.836
6.799
6.799
6.799
7.776
8.691
8.411
8.875
8.484
12.32
19.41
20.85
20.83
18.95
16.21
14.23
19.24
20.68
20.75
19.56
17.87
10.36
6.628
6.604
6.604
6.604
6.604
6.604
6.665
8.057
8.02
6.689
6.604
6.604
6.604
6.604
6.604
6.604
6.604
6.604
6.604
6.604
6.604
6.604
6.604
6.604
6.604
6.604
6.604
6.604
6.433
8.813
8.972
13.43
19.82
20.83
20.63
18.68
17.55
11.51
8.337
8.569
8.655
13.18
16.16
16.77
17.24
17.48
17.87
18.09
18.21
18.29
18.55
18.65
18.77
18.92
18.97
19.07
19.17
19.17
19.31
19.36
19.36
19.36
19.41
19.56
19.56
19.56
19.68
19.75
19.75
19.75
19.87
19.95
19.95
19.95
19.95
19.95
20.14
20.14
20.14
20.34
20.34
20.34
20.43
20.53
20.39
17.11
18.09
19.63
20.68
20.68
20.68
20.68
20.68
20.68
20.68
20.51
18.99
17.53
17.29
17.24
17.24
17.14
14.89
11.06
15.62
16.58
17.09
17.46
17.87
18.02
18.14
18.19
18.38
18.63
18.9
18.97
18.97
19.04
19.17
19.26
19.36
19.36
19.36
19.46
19.56
19.56
19.56
19.56
19.68
19.75
19.75
19.75
19.9
19.95
19.95
19.95
19.92
19.92
20.02
20.14
20.24
20.31
20.31
20.31
20.43
20.51
20.51
18.87
17.09
18.58
19.95
20.68
20.7
20.68
20.68
20.63
20.46
20.34
19.95
19.46
18.41
16.24
16.06
16.06
15.92
15.43
9.937
15.04
16.48
17.09
17.43
17.77
17.99
18.21
18.24
18.43
18.73
18.82
18.97
19.07
19.04
19.17
19.34
19.36
19.36
19.38
19.48
19.56
19.56
19.7
19.75
19.75
19.78
19.95
19.95
19.95
19.95
20.12
20.12
20.12
20.31
20.39
20.51
20.51
20.19
17.14
18.41
20.87
20.85
20.8
20.65
20.48
19.73
17.72
17.33
16.85
15.11
11.73
16.19
17.19
17.63
18.02
18.24
18.55
18.82
18.97
19.07
19.17
19.36
19.36
19.56
19.53
19.58
19.73
19.73
19.82
19.92
19.92
20.07
20.12
20.29
20.39
20.29
16.85
19.29
20.85
20.85
20.85
20.85
20.83
19.46
17.46
17.04
16.67
13.45
13.13
16.28
16.21
12.89
12.5
11.22
15.72
16.75
13.79
12.92
11.25
12.55
16.16
16.7
13.26
12.79
12.79
19.04
19.82
17.29
13.77
15.97
17.11
17.8
18.21
18.55
18.87
18.99
19.14
19.31
19.31
19.36
19.51
19.68
19.7
19.85
19.9
19.92
20.04
20.14
20.31
20.43
20.51
17.94
18.97
20.46
20.87
20.85
20.87
20.87
20.87
20.78
19.41
19.19
18.99
18.97
16.36
12.37
16.55
17.48
18.04
18.29
18.65
18.97
19.12
19.24
19.36
19.46
19.53
19.7
19.73
19.82
19.92
20.02
20.12
20.24
20.41
20.51
19.19
18.33
20.51
20.85
20.85
20.63
20.29
20.17
18.55
17.68
17.29
17.24
17.24
16.77
12.89
10.6
15.43
16.46
17.04
17.38
17.72
17.99
18.21
18.24
18.48
18.63
18.77
18.92
18.97
19.04
19.17
19.17
19.21
19.36
19.36
19.36
19.46
19.56
19.56
19.56
19.7
19.75
19.75
19.75
19.92
19.92
19.92
20.07
20.12
20.31
20.31
20.36
20.53
19.12
18.26
20.73
20.85
20.78
20.58
20.09
18.14
17.11
16.85
14.58
9.961
9.448
9.619
9.424
10.07
9.424
9.18
9.473
12.72
16.65
17.48
18.07
18.33
18.63
18.97
19.17
19.36
19.36
19.38
19.53
19.56
19.73
19.92
19.92
20.02
20.12
20.12
20.24
20.48
20.51
20.26
17.07
19.24
20.68
20.65
20.53
20.12
20.09
19.36
17.43
17.31
16.55
10.47
8.875
9.119
9.143
8.533
10.35
9.399
17.31
20.73
19.78
17.94
12.08
9.106
15.28
20.75
20.51
17.97
16.97
9.473
9.119
9.204
8.936
9.131
9.155
9.375
9.595
9.07
9.216
8.972
9.07
8.96
9.167
9.058
8.911
8.789
16.02
20.78
20.63
17.85
9.705
7.019
6.995
6.995
6.995
6.995
6.995
6.995
6.995
6.995
6.995
6.995
6.995
6.995
6.995
6.995
6.995
6.995
6.995
6.995
9.18
9.424
9.363
9.998
13.18
20.31
20.63
18.77
