0.0
0.2903
0.3223
0.3937
0.6027
0.6004
0.6477
0.5928
0.5882
0.6599
0.6454
0.7706
0.7706
0.7812
0.8514
0.6195
0.6378
0.6554
0.589
0.6096
0.589
0.6714
0.7187
0.5753
0.0
0.0
0.4326
0.6119
0.6538
0.6172
0.5997
0.676
0.7553
0.7256
0.5806
0.5951
0.6157
0.5875
0.589
0.589
0.589
0.576
0.634
0.5775
0.679
0.5798
0.618
0.6157
0.6645
0.5898
0.5898
0.6065
0.7324
0.7187
0.5997
0.6287
0.6195
0.6241
0.6958
0.6157
0.5898
0.5875
0.6485
0.6889
0.6332
0.6798
0.7568
0.6866
0.6165
0.6958
0.6493
0.5775
0.6363
0.5989
0.6088
0.6035
0.5783
0.5905
0.5775
0.6035
0.6096
0.5775
0.5775
0.5905
0.6027
0.5989
0.5936
0.5775
0.7965
0.7713
0.6638
0.5783
0.5775
0.5905
0.5905
0.5913
0.5783
0.7172
0.7812
0.7721
0.7065
0.7729
0.9247
0.8011
0.766
0.605
0.6409
0.6714
0.737
0.7439
0.7111
0.6798
0.6844
0.6584
0.6607
0.6516
0.5775
0.7996
0.8392
0.7904
0.7523
0.6744
0.7683
0.7027
0.6004
0.6042
0.7042
0.5951
0.7401
0.5775
0.6538
0.7011
0.8514
0.7713
0.7713
0.6325
0.6569
0.6958
0.7278
0.7469
0.7721
0.7721
0.7202
0.634
0.7217
0.7622
0.8072
0.8743
0.9308
0.7614
0.7072
0.7065
0.9659
0.9415
0.7721
0.7721
0.6355
0.7561
0.8514
0.8896
0.8743
0.7721
0.7408
0.8362
0.7721
0.7797
0.8362
0.7721
0.7507
0.7751
0.7721
0.7713
0.7057
0.6531
0.6981
0.6012
0.7019
0.7713
0.7713
0.9064
0.8057
0.8087
0.7416
0.6264
0.621
0.6401
0.7294
