14.26
14.11
15.11
13.89
16.06
15.33
16.87
20.85
13.96
15.16
15.6
18.19
19.56
12.12
0.7317
0.3803
0.02861
0.02346
0.02861
4.535
15.48
9.668
8.594
13.77
14.38
12.46
14.23
11.33
8.264
13.23
14.06
12.67
13.53
19.58
22.68
21.31
10.84
13.87
16.8
16.77
22.34
21.39
20.58
18.46
18.63
19.6
23.61
20.26
23.32
22.92
17.72
14.92
15.5
24.27
20.46
8.826
17.14
18.58
17.63
24.88
26.66
24.73
23.39
20.14
16.92
19.63
23.29
16.55
11.82
16.75
13.13
15.99
15.72
15.6
15.58
11.83
14.06
19.34
21.95
22.63
24.15
23.1
22.07
19.51
17.02
18.53
16.77
15.67
10.17
17.48
21.09
27.83
29.25
26.9
25.1
17.92
16.72
20.17
20.02
13.43
13.53
14.65
15.7
15.36
15.6
15.77
9.949
14.18
13.75
16.5
15.75
22.66
19.46
8.435
18.19
19.09
19.36
21.0
21.73
23.07
23.02
18.19
17.16
17.77
17.16
13.57
14.79
14.48
15.31
14.97
15.84
21.24
11.19
13.57
14.62
15.84
22.66
19.97
9.546
15.28
18.55
19.7
19.29
19.43
18.46
16.02
15.36
16.04
15.19
16.58
24.61
19.31
13.26
14.18
16.5
16.87
18.26
15.55
8.105
18.04
17.21
15.87
16.36
16.19
17.5
23.63
21.92
18.53
16.14
18.38
19.97
17.31
13.75
14.84
14.89
14.84
14.94
14.99
15.58
16.14
11.94
15.38
15.21
15.72
23.14
20.63
4.785
9.338
15.45
16.58
16.72
15.14
16.94
12.41
14.6
13.67
19.21
18.19
17.19
12.57
13.45
13.38
13.23
14.16
14.06
14.45
16.04
15.55
18.75
15.87
5.835
7.812
14.18
15.41
16.24
15.31
15.43
12.28
14.82
12.57
6.921
13.48
1.12
12.45
12.92
2.661
7.8
14.75
15.43
15.84
15.45
15.62
3.339
0.5547
0.1225
9.485
13.18
13.26
13.65
13.06
13.48
13.43
13.06
13.45
12.24
16.28
15.67
15.7
15.33
16.11
10.94
16.46
13.99
13.01
15.89
15.62
15.65
15.36
14.4
9.595
14.43
13.75
15.99
16.7
16.46
15.58
13.43
13.16
12.46
12.62
11.94
12.52
12.35
13.5
14.43
15.8
16.75
21.46
13.77
0.7812
0.4143
0.0391
0.02861
7.178
13.09
11.94
15.01
15.33
13.94
11.95
11.57
0.362
16.72
16.16
16.26
16.24
15.84
11.84
16.55
15.41
14.94
14.94
14.79
2.954
0.5417
0.09899
0.02861
7.751
12.92
12.87
13.43
11.84
15.11
14.5
15.6
20.61
19.56
13.16
12.79
13.28
14.21
13.62
14.01
12.32
13.72
17.94
18.82
18.46
16.28
6.775
0.6096
8.984
11.65
15.11
15.7
15.31
19.95
16.19
11.76
15.67
12.79
14.72
15.23
17.46
17.6
19.78
12.74
13.48
11.17
8.447
0.198
0.08335
0.03128
0.02604
0.02604
8.911
16.19
15.58
16.63
15.55
15.8
14.36
10.85
14.28
12.82
11.91
18.36
16.94
17.16
20.31
22.41
23.36
22.09
19.38
20.36
22.12
22.44
20.83
19.68
19.38
20.24
19.46
18.29
18.38
19.04
20.24
22.71
23.56
23.95
24.0
23.49
21.73
20.92
20.24
17.87
18.97
13.38
15.11
17.94
19.7
20.68
22.41
23.44
23.8
19.36
15.99
16.36
17.09
17.16
17.97
9.644
16.43
20.14
18.38
16.55
17.65
17.46
18.24
18.53
19.02
19.07
19.85
19.7
20.51
21.73
22.46
22.95
22.09
22.34
22.17
24.73
24.07
22.83
22.19
20.0
19.02
19.31
19.19
19.56
22.73
21.04
20.63
16.43
8.13
15.77
17.72
16.94
16.94
18.29
19.46
21.04
20.73
16.77
15.41
15.36
17.09
19.73
16.89
6.958
14.89
19.02
18.63
17.94
20.17
22.05
22.17
20.73
20.63
18.97
18.53
17.58
17.5
22.12
24.41
22.68
21.46
20.8
20.51
20.97
19.19
16.8
16.92
18.82
19.7
18.26
16.97
16.26
16.82
16.36
21.14
20.87
19.85
12.35
15.6
15.65
18.46
20.04
12.79
13.72
18.19
15.82
16.16
17.5
15.01
14.89
15.19
14.23
15.84
9.412
3.143
19.48
20.7
19.68
19.17
16.89
18.53
19.95
20.61
20.19
19.75
19.73
18.58
20.0
24.17
20.75
18.85
16.8
17.11
18.48
17.94
18.53
16.55
16.48
17.09
16.94
17.26
17.19
17.92
17.46
18.82
18.21
17.02
15.8
16.77
19.07
8.118
15.92
17.33
19.21
17.77
18.58
17.77
17.43
17.8
17.38
16.02
21.61
22.17
22.83
18.95
10.63
19.19
30.22
27.44
21.8
21.85
17.19
20.75
21.24
20.0
11.25
16.72
19.92
19.6
21.95
24.61
20.36
21.39
21.14
18.33
15.01
18.26
19.73
20.83
16.97
22.36
18.77
16.92
16.38
15.67
15.89
12.46
21.58
22.02
25.68
11.9
17.72
27.39
25.34
18.04
19.85
19.97
16.82
18.87
20.09
19.85
11.01
14.31
19.63
19.46
19.24
21.04
22.53
22.68
21.44
21.88
23.34
23.58
22.24
21.73
17.02
15.45
15.33
15.62
15.26
15.21
15.19
15.23
15.21
15.45
15.21
15.19
15.26
15.36
15.16
15.33
15.23
15.38
15.14
15.21
15.26
15.33
15.72
15.55
13.13
14.77
15.65
15.62
15.53
15.92
16.02
16.36
17.53
17.8
15.89
15.89
15.48
15.36
16.33
17.36
12.7
10.83
18.43
17.09
16.75
17.24
17.8
15.99
15.14
15.33
15.26
15.58
15.36
15.21
15.06
15.14
15.16
15.28
15.5
15.55
15.19
15.84
16.09
15.43
16.14
15.16
15.16
15.21
15.31
15.09
15.11
15.11
15.38
17.11
18.46
19.21
20.41
20.21
19.24
19.02
15.77
17.43
20.92
21.48
20.02
21.53
22.95
24.0
21.12
11.8
18.04
16.82
16.31
16.6
12.07
17.55
16.72
17.33
15.92
15.45
12.87
15.36
15.55
15.7
14.55
15.01
15.43
15.36
14.65
6.921
15.43
19.82
18.38
15.41
15.48
15.23
16.55
16.72
19.92
25.68
24.56
23.51
21.7
20.26
19.21
19.73
19.31
19.07
16.63
15.84
15.45
16.94
20.73
21.14
21.56
21.17
22.0
21.17
19.12
18.14
16.92
16.77
16.41
16.11
8.276
15.58
17.33
16.31
16.02
16.31
16.36
16.38
16.06
15.7
15.94
15.8
15.7
16.19
16.67
15.92
15.72
9.778
14.4
15.65
15.77
15.38
15.33
11.5
15.06
12.72
13.96
13.6
12.74
15.77
14.77
14.89
16.16
16.38
21.44
11.39
14.38
15.6
21.12
16.92
15.48
11.76
16.75
18.07
21.85
19.41
6.287
0.6767
0.177
0.02604
0.03128
0.02604
0.02604
0.02604
0.03128
0.02604
0.02604
0.02604
0.03128
0.02604
0.02604
14.67
15.16
14.84
15.11
15.21
15.89
15.04
12.7
14.87
14.82
15.38
