0.3128
0.1741
0.3582
0.3353
0.1366
0.2625
0.2399
0.2342
0.1482
0.4295
0.1333
0.2384
0.2026
0.2361
0.0
0.0
0.0
0.0
0.0
0.07572
0.3132
0.1432
0.1934
0.198
0.3006
0.1556
0.1421
0.2514
0.1326
0.2338
0.3395
0.1661
0.3529
0.1654
0.1474
0.3193
0.1465
0.2491
0.7271
0.7797
0.8881
0.9094
0.9415
1.3
6.531
4.028
1.633
0.1669
0.3418
0.1377
0.2266
0.9674
0.9705
0.9262
0.9659
0.9979
5.53
3.497
1.794
0.6775
0.3628
0.115
0.0926
0.3574
0.07019
0.5562
0.7278
0.8072
0.7164
0.7935
0.8179
5.017
3.015
2.856
0.6622
0.4005
0.3204
0.3014
0.2029
0.116
0.3922
0.1228
0.1778
0.5959
0.7065
0.7141
0.7019
0.8392
2.786
4.633
3.717
1.1
0.362
0.3864
0.1261
0.112
0.3784
0.1751
0.3677
0.4883
1.041
1.018
0.9796
1.135
5.432
3.156
2.094
0.2621
0.4326
0.1118
0.104
0.3521
0.1837
0.853
0.7889
0.9918
1.021
3.143
4.279
3.802
0.5905
0.0002861
0.37
0.4585
0.2914
0.1291
0.3017
0.4448
0.1266
0.1202
0.3731
0.5142
0.3468
0.1911
0.4883
0.856
0.9369
0.8072
0.9964
1.868
5.719
3.174
2.072
0.4311
0.3811
0.1348
0.2434
0.2098
0.399
0.6882
0.1612
0.2964
0.1122
0.3319
0.4303
0.4257
0.3654
0.3525
0.1108
0.1925
0.23
0.4456
0.769
0.8911
0.8896
0.8377
1.54
5.322
3.925
2.148
1.155
0.3559
0.3307
0.3361
0.515
0.3593
0.2998
0.3296
0.4799
0.3307
0.4913
0.169
0.2583
0.1507
9.537e-05
0.0001907
0.0
9.537e-05
0.0
0.008774
0.1934
0.1957
0.2266
0.2235
0.2773
0.2853
0.1783
0.3315
0.4631
0.1652
0.2312
0.3067
0.1921
0.3124
0.2808
0.3189
0.0004768
0.0
0.0001907
0.0
0.0
0.0
0.0
0.0
0.3208
0.1812
0.2789
0.3441
0.4898
0.3731
0.1135
0.141
0.251
0.2365
0.6386
0.2872
0.1677
0.185
0.1659
0.1596
0.0002861
0.0
9.537e-05
0.0
0.0
0.0
9.537e-05
0.0
0.1671
0.1755
0.1711
0.1795
0.5447
0.2712
0.1057
0.06847
0.3117
0.1366
0.2735
0.2499
0.3975
0.375
0.2888
0.5928
0.0
0.0
9.537e-05
0.0
0.0
0.0
9.537e-05
0.0002861
0.01554
0.2888
0.1823
0.1417
0.5516
0.1581
0.264
0.1701
0.3387
0.2506
0.1438
0.3574
0.1337
0.399
0.8224
0.2476
0.1173
0.2266
0.1751
9.537e-05
9.537e-05
9.537e-05
0.0
0.006199
0.2323
0.3426
0.1322
0.6149
0.3708
0.4517
0.3105
0.3098
0.135
0.2296
0.2232
0.2239
0.2781
0.4814
0.3014
0.3281
0.1318
0.2274
0.1465
0.0
0.0
0.0
0.0
0.0
0.06018
0.2846
0.5211
0.2666
0.1554
0.3132
0.346
0.206
0.09336
0.3479
0.3651
0.1802
0.1562
0.2884
0.2003
0.1265
9.537e-05
0.0
0.0
0.0
0.0
0.0
0.0
0.0
0.002956
0.116
0.4143
0.37
0.1205
0.2308
0.198
0.1987
0.1471
0.3689
0.1068
0.1673
0.1228
0.3685
0.1659
0.07772
0.0
9.537e-05
9.537e-05
0.0
0.0
0.0
0.0001907
0.007629
0.1617
0.2754
0.6828
0.1724
0.3975
0.1268
0.09785
0.3582
0.1139
0.2335
0.3025
0.1177
0.3506
0.09146
0.144
0.2186
0.1131
0.1387
0.7225
0.8057
0.7721
0.8072
0.7874
0.9399
0.8728
0.856
0.9232
0.8179
0.8423
0.8896
0.8179
0.8728
0.7507
0.827
0.6996
1.085
1.025
0.9888
1.076
4.767
7.007
9.863
11.01
9.192
9.424
7.861
8.655
5.115
4.272
3.998
2.032
0.362
0.9552
0.9476
0.7828
0.8987
0.9857
0.9415
1.036
1.024
1.027
0.9628
0.8911
0.946
0.8911
0.9277
0.9796
1.074
1.024
0.9369
0.7416
0.9079
0.8926
5.981
6.494
3.577
5.994
6.653
8.179
6.909
7.471
8.704
6.58
5.774
3.278
2.905
1.196
0.6096
0.9293
0.9857
1.003
1.064
1.093
0.8652
0.7858
0.9094
0.882
0.7774
0.8453
0.7057
0.6775
0.856
0.9171
0.8301
0.8896
0.8865
0.8698
1.001
1.736
7.434
8.496
8.679
9.888
8.887
8.984
9.692
4.596
4.871
3.198
2.753
0.04177
9.537e-05
0.05941
0.8682
0.9262
0.795
0.9079
0.7278
0.6844
0.7195
0.8072
0.7149
0.824
0.9659
0.9155
0.8682
0.8621
0.8865
0.8926
0.9079
0.7294
0.9125
0.8713
0.8865
0.8972
6.47
8.398
8.801
10.24
8.765
8.606
5.127
6.396
5.249
6.396
3.979
3.03
1.266
0.9552
0.3998
0.6584
0.8072
0.7225
0.7195
0.8347
1.062
0.9872
0.7561
0.9079
0.9888
0.9567
0.9354
0.7919
0.8438
0.8469
0.7584
0.7248
0.7889
0.9079
1.091
1.083
3.906
10.63
5.78
12.12
10.3
7.703
8.972
6.934
5.029
3.613
2.908
0.6065
0.47
0.5821
0.6348
0.7332
6.543
3.522
1.387
0.2895
0.7401
2.274
3.54
0.9552
0.351
0.6905
0.6897
0.9216
5.933
3.479
2.124
0.2338
0.5386
0.634
0.7492
4.926
4.37
2.319
0.4074
0.5066
0.6073
2.414
3.802
1.088
0.1123
0.4868
0.5234
0.8041
4.852
1.688
0.3571
0.5074
0.5913
2.371
3.833
1.048
0.2125
0.4631
0.4944
2.85
3.424
1.007
0.1743
0.1059
0.1215
0.3929
0.1923
0.7607
0.9201
0.8408
0.8743
1.111
0.9064
0.882
0.7347
0.6378
0.7172
0.7843
0.9262
0.8301
0.8209
0.8621
0.8362
0.8423
0.9537
0.8713
0.9201
0.9979
0.9964
5.194
8.911
5.835
9.705
6.482
7.715
7.349
7.837
5.438
4.224
2.707
2.185
0.1919
0.8072
1.039
0.9445
0.914
1.01
0.975
1.003
0.9064
1.025
0.9598
1.022
1.016
0.914
0.7538
0.8591
0.8118
0.8957
0.9979
0.9491
0.853
0.8453
3.607
9.265
8.289
10.29
10.68
8.411
6.921
5.28
2.737
4.321
2.603
1.898
2.06
0.1905
0.721
0.7317
0.7729
0.8499
0.9155
0.8133
1.025
0.7996
0.7675
0.75
0.6325
0.798
0.7965
0.8759
0.8499
0.7401
0.7599
0.9033
0.9445
0.8102
0.705
0.766
0.7027
0.7576
0.5554
0.6271
6.445
5.707
2.75
4.871
4.132
5.804
6.36
4.938
4.999
6.177
5.487
5.322
6.122
5.42
2.084
2.264
0.6622
0.6248
0.7278
0.4822
0.6454
0.9628
0.7591
0.8575
0.6462
0.3395
0.1797
0.104
0.2541
0.1606
0.6966
0.3784
0.3815
0.5783
0.2373
0.5844
0.5234
0.7027
0.7004
0.8194
0.7805
0.6149
0.663
0.6012
0.6638
0.7248
0.8499
0.7545
0.6241
0.7545
0.753
0.7179
0.7919
0.75
0.8652
0.7736
0.6432
0.7965
0.9018
0.8118
0.7401
0.8148
4.443
8.252
5.035
7.336
7.788
7.495
6.262
5.634
7.495
5.444
4.749
3.754
2.695
1.935
0.3143
0.2666
0.2338
0.2472
0.3544
0.1143
0.0721
0.2621
0.2769
0.005436
0.3765
0.3197
0.375
0.09079
0.09184
0.206
0.2243
0.2869
0.2995
0.4601
0.2872
0.3407
0.3822
0.2754
0.2853
0.2884
0.2655
0.3937
0.0003815
0.0006676
0.0
0.0
0.0
0.0003815
0.0
0.0
0.0
0.0
0.0007629
0.0
0.0
0.0
0.0
0.0
0.0
9.537e-05
0.0
0.0
0.01469
0.6706
0.03595
0.0005722
0.5913
0.3201
0.144
0.0946
0.05426
0.1677
