15.67
15.23
14.53
14.04
11.83
18.38
15.33
15.31
15.33
14.87
12.74
14.21
15.41
14.94
15.77
15.89
3.192
0.4791
0.08335
0.02604
6.555
15.16
16.48
15.41
14.75
15.48
13.6
13.45
14.55
12.79
14.14
16.53
17.36
17.04
16.75
11.95
12.89
20.07
15.41
15.06
15.21
15.65
15.43
15.94
17.04
17.16
16.99
16.99
15.77
18.24
17.33
15.16
13.01
14.43
13.79
13.87
12.57
13.94
14.36
16.65
17.8
15.7
14.89
8.301
20.04
19.6
16.7
15.23
15.21
15.48
16.19
16.09
18.36
17.07
17.55
21.36
18.21
14.65
14.36
12.48
14.53
17.09
15.97
15.16
14.92
9.875
15.77
15.67
15.5
15.33
15.87
16.14
17.19
17.7
17.31
17.43
16.26
18.43
15.94
17.77
15.16
17.31
17.99
17.99
11.5
15.5
14.53
13.77
13.77
15.06
15.23
15.14
15.65
16.19
7.422
19.29
18.36
19.04
16.14
16.31
15.43
15.16
14.99
15.33
15.53
15.55
18.31
17.31
11.39
16.72
15.36
12.99
9.875
13.35
21.29
26.76
27.05
24.88
27.0
23.93
14.97
18.97
20.29
23.68
12.79
13.96
12.65
13.62
17.21
24.49
27.1
27.34
25.78
25.2
20.63
23.02
28.86
17.6
17.53
24.49
27.64
32.18
29.83
26.81
22.95
27.59
24.71
15.38
16.19
16.67
18.68
17.55
14.67
18.31
19.14
16.31
15.16
14.36
16.19
15.21
8.167
10.06
0.1562
0.1198
0.02604
0.02604
0.02604
0.02604
0.02604
0.02604
8.716
24.56
28.03
25.68
12.77
14.53
15.62
18.58
15.97
16.16
14.7
17.82
15.26
15.45
17.92
27.98
28.56
19.38
0.9903
0.5257
0.03128
0.02604
0.03128
0.02604
7.117
10.86
13.65
21.97
26.17
24.73
15.82
6.494
5.981
14.55
16.21
13.75
18.07
20.95
24.66
28.08
3.333
0.7812
0.1093
0.03128
0.02604
0.03128
0.02604
0.03128
3.949
15.7
16.82
15.14
17.75
24.73
24.83
21.09
12.18
12.55
17.19
18.36
20.19
19.68
12.92
16.36
5.249
0.1667
0.05207
0.02604
0.02604
0.03128
0.02604
0.02604
0.02604
14.26
14.33
15.19
12.79
11.47
11.83
14.99
16.19
13.11
13.94
14.89
13.13
12.1
14.11
16.36
17.82
17.55
18.21
8.386
0.724
0.2499
0.02604
0.03128
14.16
12.27
9.485
8.313
15.75
15.45
15.99
14.53
15.01
14.94
14.53
14.04
19.43
28.08
25.05
22.75
1.245
0.5882
0.05732
0.02604
0.02604
0.03128
0.02604
0.03128
0.02604
11.4
13.04
12.34
13.79
14.4
12.26
18.95
25.73
25.2
14.09
11.51
16.24
24.76
21.0
18.12
10.91
0.7393
0.2811
0.03128
0.02079
0.03128
0.02079
0.03128
0.02079
1.422
13.99
13.04
11.18
11.9
8.13
11.52
9.729
14.75
11.27
15.58
16.65
16.16
15.33
14.18
1.239
0.5211
0.06247
0.03128
0.02079
0.03128
0.02604
0.02604
3.052
16.53
14.11
12.37
12.94
11.55
15.77
20.61
24.05
23.41
25.83
26.76
27.49
28.22
27.34
28.96
28.52
29.44
26.81
23.68
22.39
22.41
21.34
26.46
27.98
28.12
30.13
28.96
29.05
30.37
20.21
14.09
19.78
23.29
25.59
24.63
28.52
28.22
23.63
24.58
19.56
22.41
6.128
19.38
19.21
17.55
17.02
18.33
19.48
20.09
19.78
20.83
23.05
26.37
25.44
24.9
25.63
26.76
26.9
26.51
27.29
24.32
24.29
23.49
22.63
26.46
23.54
21.9
25.83
24.29
22.78
13.31
25.39
29.83
26.71
24.19
20.83
20.24
17.53
23.85
24.22
21.9
11.52
11.89
23.22
22.49
21.95
25.49
21.12
23.19
24.05
24.12
26.07
24.32
22.12
24.78
22.41
23.07
22.9
20.04
16.89
22.58
20.92
21.97
22.07
23.29
26.42
23.66
27.0
25.44
22.02
16.87
20.63
18.87
18.02
18.38
18.99
25.73
25.49
23.68
22.8
20.24
23.61
8.813
20.58
24.32
20.83
19.04
17.97
16.6
18.04
17.99
21.17
27.54
26.42
3.479
15.14
22.31
20.78
22.88
23.95
21.48
24.8
23.95
23.36
22.83
24.95
22.9
20.46
24.68
23.0
22.68
23.34
24.63
22.24
24.93
26.17
23.66
22.49
21.0
18.12
11.5
20.87
22.97
20.73
18.97
17.6
18.73
21.02
20.19
18.77
20.56
20.0
18.29
13.99
22.36
24.85
24.76
24.93
24.15
23.1
23.24
21.78
20.21
19.12
20.26
18.97
23.19
24.85
24.19
24.58
23.54
21.75
21.0
20.29
20.85
19.6
17.9
17.36
18.82
19.48
18.95
17.55
8.826
18.43
28.03
32.96
34.72
28.47
27.78
24.71
27.83
21.88
11.54
26.81
34.33
27.2
22.78
27.54
27.49
13.6
17.07
16.53
16.38
13.87
17.46
17.36
13.57
16.24
18.46
21.63
18.51
14.65
18.55
26.37
12.92
29.64
29.1
20.43
26.81
15.14
18.09
16.09
14.99
15.04
14.55
16.11
16.06
14.09
5.585
20.34
22.0
20.41
19.56
20.36
20.73
22.24
21.19
17.92
17.43
16.6
16.02
15.7
15.26
15.5
15.04
14.84
15.19
15.31
15.21
15.11
15.14
15.77
15.26
15.16
15.21
15.41
16.31
15.58
16.85
17.53
16.99
22.85
24.88
25.05
10.96
26.22
29.69
31.1
25.39
20.19
19.43
15.89
14.94
16.11
21.36
18.31
9.924
19.97
19.17
17.41
29.49
30.62
30.76
27.44
24.24
20.17
16.33
15.84
15.53
15.28
14.92
15.09
15.33
15.65
17.9
16.53
15.5
15.48
15.75
15.72
15.58
15.53
15.36
15.87
16.19
17.16
15.77
17.09
27.54
21.48
17.38
25.59
27.1
33.98
31.93
23.58
25.34
24.29
22.19
19.46
18.36
15.65
17.85
24.19
20.12
13.09
16.75
14.48
15.16
14.5
15.23
15.11
15.43
14.75
13.57
18.6
15.09
15.38
18.53
21.41
11.38
15.72
12.24
9.631
23.85
30.13
26.46
23.71
32.81
27.78
21.97
20.17
17.94
16.97
16.63
15.8
16.43
22.0
19.73
19.68
18.36
18.53
16.99
15.87
15.72
16.48
15.7
15.58
16.02
14.82
14.77
14.72
15.16
14.36
14.14
14.53
14.58
14.45
11.65
14.23
14.55
15.36
18.85
17.94
27.2
24.37
24.05
22.61
22.49
23.41
19.87
14.31
7.08
24.0
24.49
25.83
29.2
24.1
25.2
28.56
25.93
24.19
25.63
22.44
25.93
26.56
25.73
25.2
25.2
23.19
27.25
21.41
20.43
19.75
23.24
21.56
24.78
22.49
14.82
15.62
21.0
17.92
16.02
18.07
20.24
18.9
20.83
16.7
17.75
19.53
18.41
18.16
12.01
0.2148
0.06313
0.02604
0.02804
0.02537
0.02861
0.02537
0.02737
0.02537
0.02804
0.02604
0.02604
0.02413
0.02804
0.02537
9.119
10.06
11.38
15.72
14.04
