8.923
8.594
8.765
9.131
8.691
8.911
8.618
8.655
8.813
16.6
20.78
20.14
11.46
9.119
9.021
7.019
6.409
6.409
6.409
6.616
8.594
9.485
18.85
20.7
14.45
9.094
8.569
8.813
8.777
8.704
8.789
8.899
8.972
8.923
8.484
8.801
8.704
8.74
11.0
16.06
17.14
17.82
18.14
18.6
17.43
15.19
13.72
11.04
17.29
20.83
18.87
10.24
8.972
8.923
10.99
20.02
20.31
13.04
8.984
13.75
16.8
17.68
18.07
18.38
18.36
15.43
14.36
12.5
8.997
10.83
20.39
20.24
12.39
8.582
8.679
8.691
8.447
8.813
13.89
16.92
17.8
18.19
18.55
18.21
15.38
12.94
11.62
10.42
16.04
17.11
17.8
18.16
18.55
16.02
14.7
13.55
8.557
8.716
8.911
11.87
16.46
17.48
18.07
18.48
16.77
14.89
13.62
10.03
8.777
9.167
12.3
16.55
17.58
18.14
18.53
16.11
14.04
12.24
10.03
16.02
17.24
17.94
18.33
18.14
15.19
14.16
10.79
9.534
8.74
13.65
16.89
17.75
18.21
18.58
15.62
14.72
11.78
10.75
16.24
17.46
18.07
18.46
16.26
14.62
12.04
9.399
9.412
9.155
9.375
15.87
17.38
18.07
18.6
16.63
14.79
14.11
9.814
9.021
12.99
16.75
17.65
18.12
18.55
15.94
14.7
13.16
9.058
9.07
9.436
13.65
20.8
20.41
13.45
9.692
9.192
9.033
9.119
9.326
9.253
8.875
9.009
8.667
10.82
20.0
20.19
11.3
6.689
7.837
8.801
12.48
20.65
19.8
16.67
9.863
8.813
8.813
8.972
8.936
8.948
9.937
19.46
20.78
16.53
9.082
8.997
9.46
18.16
20.83
19.02
8.374
6.641
7.837
9.021
8.789
8.887
9.46
9.033
8.813
8.948
8.911
9.033
8.899
8.85
8.826
8.911
9.033
11.34
19.51
20.83
19.73
15.43
6.689
6.506
6.409
6.409
7.483
9.753
13.21
20.61
20.73
16.48
9.692
9.253
9.424
8.948
8.972
8.984
8.948
9.338
9.07
9.277
9.29
9.351
9.497
17.6
20.83
18.99
8.398
6.616
7.654
8.74
9.18
8.582
8.63
8.789
10.58
20.04
20.56
16.33
9.106
8.936
10.02
18.77
20.83
18.51
12.1
8.923
8.484
10.24
14.36
20.56
20.58
18.14
16.87
14.72
9.143
9.106
9.082
15.19
20.8
19.78
17.38
9.875
9.595
8.984
8.948
8.984
8.875
8.948
15.92
20.83
20.58
18.63
11.21
6.616
6.604
6.604
7.581
9.216
8.862
8.594
8.728
8.752
8.789
8.923
9.094
9.021
8.679
12.49
20.61
20.51
16.11
9.29
9.082
8.875
8.862
6.604
6.604
6.604
6.604
6.604
7.605
8.899
8.582
8.765
9.119
9.216
10.61
19.92
20.63
15.58
16.99
20.83
18.75
10.4
18.58
20.8
15.48
8.862
8.374
6.604
6.604
6.604
6.604
6.604
7.629
9.216
9.412
8.875
9.375
9.363
8.643
8.826
8.716
8.472
8.533
9.009
8.215
15.23
20.83
18.02
9.29
9.473
9.009
16.92
20.8
20.8
17.75
11.39
16.31
17.65
18.38
18.75
19.24
19.41
19.58
19.75
19.92
19.92
20.09
20.21
20.29
20.29
20.46
20.58
20.68
20.7
18.77
17.94
20.07
20.78
20.8
20.8
20.83
20.68
20.29
19.85
14.31
11.34
16.82
17.94
18.46
18.75
19.17
19.48
19.65
19.82
19.92
20.0
20.12
20.31
20.31
20.46
20.51
20.63
20.7
20.7
17.97
17.6
19.9
20.63
20.46
20.46
19.6
18.97
17.24
15.75
11.41
16.87
17.85
18.38
18.82
19.29
19.34
19.6
19.73
19.73
19.9
20.0
20.12
20.29
20.41
20.43
20.51
20.68
20.7
20.7
17.92
18.12
20.8
20.73
20.26
20.24
18.68
17.63
17.63
16.92
10.6
15.94
17.63
18.33
18.63
19.09
19.34
19.53
19.58
19.78
19.92
20.0
20.12
20.19
20.31
20.31
20.48
20.56
20.7
20.7
20.7
20.7
16.5
13.33
15.87
16.67
17.04
17.41
17.77
18.04
18.19
18.36
18.36
18.51
18.63
18.75
18.85
18.95
18.99
19.14
19.14
19.41
19.53
19.12
15.87
16.94
19.17
18.33
18.31
17.94
16.46
16.06
15.97
12.52
10.61
15.6
16.55
17.14
17.48
17.9
18.14
18.36
18.43
18.55
18.75
18.77
18.95
18.95
19.07
19.14
19.14
19.31
19.53
19.53
19.43
16.5
17.48
20.92
20.12
12.52
15.33
15.94
16.36
16.72
17.04
17.16
17.26
17.5
17.68
17.9
17.99
17.99
18.09
18.19
18.19
18.29
18.38
18.38
18.38
18.51
18.58
18.58
18.65
18.77
18.77
18.77
18.97
18.97
18.97
18.97
18.97
19.12
19.17
19.17
19.26
19.36
19.36
19.36
19.36
19.19
16.14
17.7
18.41
18.6
19.48
19.51
18.68
18.16
18.16
18.19
18.19
17.04
16.46
16.31
16.09
15.99
14.87
11.76
9.448
14.72
15.72
16.31
16.72
16.99
17.14
17.26
17.46
17.7
17.85
17.99
18.09
18.19
18.19
18.36
18.38
18.38
18.48
18.58
18.58
18.65
18.77
18.77
18.77
18.9
18.97
18.97
18.97
18.97
18.97
19.17
19.17
19.31
19.36
19.56
19.56
19.56
18.07
16.89
18.53
19.53
19.7
19.7
19.7
19.7
19.43
17.26
16.5
16.48
16.46
15.7
8.997
14.89
15.97
16.55
17.09
17.33
17.68
17.94
18.02
18.19
18.19
18.33
18.38
18.48
18.58
18.58
18.58
18.77
18.77
18.77
18.9
18.97
18.97
18.97
19.04
19.17
19.19
19.36
19.48
19.53
19.53
19.53
17.85
18.04
18.9
19.68
20.68
20.68
20.68
20.68
20.7
20.7
18.87
17.04
17.04
17.04
16.72
15.38
12.44
10.5
10.88
9.424
11.71
9.29
8.521
9.424
9.387
16.33
19.53
19.58
17.97
11.08
11.87
18.58
19.6
19.34
17.41
9.558
9.729
9.46
10.17
8.594
9.766
9.961
8.521
10.06
8.862
14.7
15.89
16.38
16.75
17.14
17.31
17.5
17.63
17.85
18.09
18.19
18.29
18.38
18.38
18.55
18.58
18.58
18.75
18.77
18.87
18.97
18.97
18.97
19.14
19.17
19.17
19.21
19.36
19.36
19.36
19.36
19.51
19.65
19.75
19.75
19.75
19.75
17.94
16.63
18.9
19.24
19.34
19.34
19.34
19.31
19.34
19.34
19.19
16.85
15.67
15.7
15.58
15.21
13.67
10.07
9.021
10.1
17.65
19.97
19.92
18.26
10.21
8.923
8.752
8.167
8.911
8.801
8.923
8.972
5.438
5.438
5.444
5.444
5.444
5.444
5.444
5.444
5.444
5.444
5.444
5.444
5.444
5.444
5.444
5.444
5.444
5.444
5.444
6.885
9.448
9.79
9.045
8.887
9.521
9.717
9.009
9.29
10.03
9.546
