19.17
20.24
18.82
17.75
17.07
16.36
15.94
16.48
20.34
21.12
21.12
20.9
20.24
18.99
16.85
17.75
20.58
19.41
17.8
17.7
17.41
18.51
20.07
18.33
20.87
21.04
19.78
18.87
15.8
16.41
16.26
19.9
20.02
20.09
21.39
18.07
18.09
19.31
17.77
18.12
19.31
19.92
22.51
18.8
18.77
16.19
18.36
22.17
21.09
19.04
19.82
18.41
18.55
19.09
18.46
18.33
18.21
20.78
19.73
19.9
19.85
17.26
17.55
21.14
21.04
17.77
18.24
17.04
17.94
18.26
19.02
19.53
20.43
18.14
18.07
17.94
16.09
17.72
16.31
16.55
17.33
18.85
20.02
21.56
18.85
15.8
16.63
17.63
17.26
16.85
17.29
19.48
16.89
18.12
17.9
17.53
18.53
20.21
21.14
15.5
14.67
15.58
20.29
16.89
18.12
22.09
18.68
17.75
19.02
18.92
17.77
14.43
15.09
16.06
16.43
17.33
18.07
17.75
18.9
18.82
21.88
18.31
14.77
13.13
12.6
14.06
16.67
15.8
16.38
16.97
15.7
15.89
17.82
18.68
15.8
14.33
15.72
13.4
14.72
16.58
17.38
14.45
14.36
15.55
16.11
16.33
16.5
15.55
17.8
17.43
18.92
20.58
22.02
19.12
20.0
18.85
19.41
18.07
14.7
16.6
20.73
19.58
19.12
17.9
17.48
17.65
17.5
18.99
18.24
15.8
17.29
16.7
19.14
17.65
19.68
19.36
17.68
15.67
16.53
16.58
18.82
22.49
19.46
18.26
19.68
17.63
15.04
16.31
16.24
18.02
17.9
16.43
18.09
14.97
14.99
15.09
15.14
17.75
16.75
15.75
17.21
15.19
15.38
14.7
15.67
17.68
18.07
19.04
16.6
18.21
16.72
15.72
14.87
16.6
17.04
17.29
17.82
18.16
18.12
17.02
16.33
18.95
17.33
20.09
17.55
16.26
19.24
16.65
17.43
16.43
17.6
17.5
18.43
17.5
17.92
18.29
17.53
17.68
17.53
19.21
16.7
18.09
15.92
18.16
16.72
17.48
19.31
16.7
15.75
17.7
19.85
17.58
18.77
18.33
18.51
17.11
17.5
15.31
14.48
15.89
17.41
17.65
19.53
19.73
16.97
18.8
18.6
16.94
17.09
17.75
16.92
18.6
18.87
17.75
16.6
17.58
16.14
18.73
19.9
19.6
18.04
16.16
17.58
19.85
19.12
19.75
20.17
17.04
16.75
20.46
18.46
19.46
18.58
18.12
17.72
19.58
19.9
20.51
20.41
20.95
17.85
17.11
16.11
18.21
18.04
20.09
21.7
21.0
19.14
17.21
14.04
16.41
18.48
20.34
20.61
19.46
19.02
19.6
17.36
15.72
16.38
17.38
17.14
18.58
18.8
18.75
20.61
20.41
18.9
17.82
17.58
20.51
18.26
18.21
20.68
18.43
16.21
17.11
19.9
19.78
19.92
19.78
19.12
18.68
18.77
20.14
20.14
20.31
23.56
18.87
19.24
17.31
17.46
19.24
17.19
18.07
18.7
17.65
18.75
18.85
18.53
17.94
17.94
18.87
19.31
20.24
16.28
18.29
17.82
15.31
18.85
18.97
21.88
17.87
20.65
18.21
16.19
15.87
14.11
14.89
17.8
16.41
18.58
18.92
15.16
14.84
15.8
15.62
16.36
17.46
22.17
19.51
19.53
16.19
15.26
14.06
17.75
18.43
20.09
19.68
18.95
20.58
19.78
18.16
16.97
19.92
19.31
17.11
16.92
18.14
20.53
22.0
20.41
22.0
20.7
18.12
17.82
18.87
21.51
19.8
14.67
15.16
16.06
16.55
16.26
15.53
16.6
15.89
17.26
14.89
16.38
19.38
18.14
17.33
15.06
13.94
15.04
16.58
16.55
16.85
17.21
18.21
18.6
17.29
16.11
17.19
15.33
15.28
17.19
17.9
17.99
17.72
19.53
14.16
14.62
14.09
16.38
15.67
16.19
16.94
16.38
17.14
17.6
17.04
16.06
17.65
17.87
16.26
15.97
17.6
18.8
18.21
18.82
14.92
16.63
14.94
15.28
14.04
17.09
15.53
16.67
19.26
17.99
14.58
15.48
17.04
14.09
17.97
16.46
16.75
16.58
17.77
16.89
18.26
17.58
16.43
13.87
15.45
17.63
19.02
18.87
20.04
18.77
17.68
16.16
16.19
20.02
18.9
19.17
19.46
17.58
16.92
20.02
18.53
19.95
19.7
17.75
19.34
18.8
14.7
17.38
20.0
18.51
18.31
22.24
21.09
19.9
16.53
15.48
18.21
18.48
19.95
21.61
20.53
21.26
18.85
17.99
19.26
21.12
21.19
20.83
19.58
20.51
21.8
18.99
18.97
19.34
17.77
17.46
21.97
21.48
21.34
18.19
18.48
18.51
17.72
18.48
16.41
16.87
18.58
19.19
19.02
19.92
20.95
23.58
23.68
17.65
17.58
17.87
18.07
14.89
18.19
16.72
18.68
18.41
18.6
16.97
17.36
17.75
16.99
18.51
20.9
19.65
18.24
18.6
17.9
16.31
19.02
15.99
17.19
19.8
17.75
18.75
19.21
19.09
17.72
17.21
15.75
15.36
16.7
17.21
18.82
18.58
20.29
19.48
20.85
20.43
21.39
18.07
18.77
20.87
19.51
18.58
18.14
19.31
20.36
18.9
21.31
18.21
19.34
19.31
16.8
18.53
20.02
20.39
18.77
18.36
19.78
17.75
19.24
20.9
21.26
22.41
17.72
15.04
15.31
19.04
20.78
20.95
21.8
21.66
19.14
20.83
17.48
18.68
20.8
20.41
20.21
18.95
17.38
20.48
19.46
21.19
21.78
21.22
18.41
16.94
17.58
19.56
20.78
20.83
20.56
19.63
20.14
20.41
18.19
18.07
19.68
22.27
17.87
18.99
22.68
21.0
22.88
20.39
18.29
16.97
18.04
17.87
18.53
20.04
20.73
19.63
18.07
17.58
18.68
20.7
21.41
21.04
21.95
18.41
18.68
17.58
16.28
17.14
19.92
18.7
19.17
20.0
22.56
21.68
20.63
17.6
18.19
18.82
20.9
21.63
19.87
20.43
19.07
19.9
16.87
19.46
20.51
20.07
19.85
20.61
20.8
17.41
21.19
16.16
