0.1314
0.169
0.2625
0.172
0.1209
0.441
0.2922
0.1034
0.2476
0.2304
0.2151
0.2663
0.1692
0.2087
0.1429
0.2712
0.1816
9.537e-05
0.0
0.0
0.0
0.0
0.0
0.0102
0.1926
0.1036
0.05751
0.1226
0.211
0.1732
0.1034
0.08135
0.2426
0.1623
0.5119
1.437
1.213
1.602
2.289
1.944
3.351
5.548
3.815
1.108
0.1965
1.718
2.719
2.518
2.377
2.258
5.817
3.32
2.759
0.5951
0.1434
0.3761
0.128
0.275
0.1554
0.2823
0.1074
0.9628
2.31
2.637
2.441
2.863
5.835
3.424
0.5188
0.2098
0.08469
0.1553
2.176
2.832
3.137
3.522
6.049
2.487
0.1053
2.414
3.085
3.104
3.018
6.384
3.07
0.8041
0.7706
2.2
2.396
2.481
2.652
5.884
2.686
0.4791
0.7065
0.3651
0.1757
0.3929
0.4272
0.9125
2.603
2.728
2.686
4.968
3.668
2.051
0.5623
0.4173
0.2621
0.108
0.1925
0.293
0.589
2.75
2.704
2.673
3.65
5.487
2.277
0.4486
0.1541
0.2968
0.4723
0.5539
0.547
0.47
0.428
0.6935
0.1743
0.1463
0.4265
0.1987
0.3975
0.634
1.428
2.42
2.579
2.646
2.856
2.478
2.576
2.417
2.802
2.655
2.847
2.887
2.85
2.991
3.04
3.192
3.186
5.261
7.434
9.814
10.19
9.363
6.97
6.195
5.121
3.091
1.028
2.246
2.515
2.179
2.231
6.274
3.461
1.859
0.6599
0.1717
0.621
0.2106
0.2151
0.2552
0.4082
0.4089
0.3929
0.396
0.8316
0.4089
0.3323
0.341
0.3292
0.1539
0.3223
0.106
9.537e-05
0.03214
0.3311
0.7774
0.1535
0.267
0.2136
0.3559
0.3448
0.2213
0.33
0.3147
0.4662
0.3513
0.1797
0.2666
0.2159
0.214
0.246
0.3513
0.2537
0.1987
0.563
0.0009537
0.0
0.0164
0.4128
0.4311
0.338
0.2796
0.7355
0.3696
0.3124
0.3704
0.2327
0.3468
0.3605
0.2617
0.1389
0.3407
0.2022
0.3361
0.1387
0.2728
0.2033
0.001049
0.0009537
9.537e-05
0.0001907
0.008202
0.2995
0.2983
0.1694
0.2972
0.486
0.4303
0.2625
0.563
0.4379
0.2525
0.1675
0.4509
0.1141
0.1556
0.2998
0.4547
0.325
0.6355
0.2369
0.1408
0.2979
0.001335
0.0
0.01249
0.5875
0.1751
0.4753
0.1181
0.827
0.3105
0.2102
0.3353
0.111
1.045
0.1625
0.2502
0.3265
0.2064
0.2037
0.1812
0.8072
0.186
0.0
9.537e-05
9.537e-05
0.0
0.0
0.05655
0.7294
0.2605
0.7164
0.4814
0.3174
0.3643
0.05016
0.1059
0.1133
0.4494
0.02012
0.5302
0.2136
0.1194
0.08459
0.259
0.1905
0.4257
9.537e-05
9.537e-05
0.0
9.537e-05
0.0
0.008297
0.2178
0.2239
0.2136
0.3479
0.5142
0.1629
0.2254
0.3426
0.1162
0.1234
0.375
0.5608
0.2716
0.1604
0.1875
0.248
0.3498
0.09918
0.09136
0.09356
0.3426
0.0371
0.0003815
0.01545
0.2888
0.201
0.4417
0.528
0.1648
0.1301
0.1028
0.3033
0.1596
0.8148
0.4356
0.1255
0.1093
0.3544
0.1659
0.1968
0.09995
0.09098
9.537e-05
0.0003815
0.0
0.0
0.0
0.01383
0.2148
0.5135
0.7248
0.473
0.09785
0.3208
0.2079
0.2121
0.1209
0.1133
0.354
0.1329
0.5424
0.1144
0.4738
0.3254
0.1038
0.1953
0.1415
0.2674
0.238
0.3597
0.8713
1.051
1.031
1.234
1.183
1.335
1.363
1.369
1.292
1.364
1.227
1.421
1.372
1.404
1.292
1.543
1.395
1.379
1.489
1.427
1.277
1.593
1.524
1.373
1.183
1.344
1.279
1.279
1.477
3.705
6.506
5.835
5.829
7.8
8.228
8.179
7.019
7.202
4.803
4.938
3.027
2.945
0.2697
1.297
1.288
1.266
1.286
1.416
1.314
1.115
1.196
1.276
1.852
1.727
1.425
1.755
1.602
1.889
1.895
1.743
1.392
1.535
1.266
1.122
1.196
1.143
1.14
1.131
1.21
1.524
1.346
1.501
4.968
6.494
5.591
4.364
5.463
7.19
7.031
7.739
6.543
5.475
5.31
3.577
3.882
3.497
2.328
2.356
1.363
0.9613
1.204
1.495
1.35
1.46
1.45
1.627
1.605
1.48
1.495
1.605
1.624
1.657
1.479
1.755
1.727
1.27
1.608
1.43
1.447
1.34
1.276
1.624
1.834
1.813
1.62
1.439
5.035
7.886
4.462
5.731
7.483
7.996
8.545
7.239
6.012
4.401
4.297
5.719
3.058
1.648
0.7149
0.486
0.5745
0.9277
1.071
1.033
1.035
1.099
1.251
1.064
1.125
1.106
1.364
1.361
1.311
1.175
1.329
1.509
1.59
1.543
1.587
1.561
1.315
1.599
1.118
1.076
1.103
1.169
1.279
1.248
1.447
4.034
6.934
5.469
6.775
6.494
8.081
7.605
6.073
6.848
7.385
3.21
3.906
3.748
3.186
2.853
1.627
0.1162
0.6371
0.7675
1.071
2.975
2.487
1.427
0.5417
0.4601
0.6767
0.7019
0.8545
3.104
2.844
1.889
0.9964
0.2827
0.2235
0.09823
0.3292
0.3433
0.2098
0.1358
0.104
0.256
0.1234
0.4158
0.7088
0.8377
0.7103
1.215
3.729
2.054
0.943
0.2453
0.2316
0.0823
0.08335
0.312
0.09489
0.4799
0.5646
0.5875
0.7042
2.493
2.966
1.039
0.882
0.853
0.1476
0.08335
0.1013
0.301
0.2449
0.1984
0.1287
0.2869
0.1287
0.001144
1.064
1.167
1.34
1.52
1.366
1.25
1.314
1.181
1.41
1.431
1.297
1.37
1.199
1.36
1.558
1.128
1.169
1.437
1.212
1.178
1.016
1.183
1.131
1.109
1.042
1.083
1.149
0.9705
1.079
1.21
0.9155
0.8621
1.411
0.9232
1.097
2.011
4.828
6.421
5.975
4.095
7.654
4.724
7.849
5.127
7.617
5.353
3.534
6.482
4.84
3.577
3.061
2.863
1.758
0.7202
0.8972
1.045
1.048
1.152
1.282
0.9857
0.9445
0.8698
0.9933
1.033
1.019
1.099
1.073
1.131
1.111
1.169
1.076
1.26
1.308
0.9705
0.9476
1.091
1.025
1.007
0.9842
1.195
1.198
1.041
1.115
1.035
1.131
1.181
1.1
1.082
1.123
1.083
1.178
1.007
1.236
1.048
2.658
5.64
7.471
3.131
5.231
6.287
7.861
5.426
7.092
5.621
6.396
3.558
4.23
4.156
3.503
2.02
2.121
1.794
0.1324
1.118
0.3086
0.06781
0.1093
0.1238
0.3719
0.4517
0.1253
0.1276
0.0988
0.1833
0.288
0.3551
0.9293
0.2655
1.123
0.2499
0.07935
0.124
0.07687
0.2415
0.2205
0.708
0.3899
0.2068
0.09861
0.08154
0.102
0.351
0.4066
0.09127
0.09422
0.09127
0.156
0.2895
0.1265
0.9903
1.048
1.033
1.16
1.024
1.189
1.028
1.048
0.9247
0.9521
0.9888
1.12
0.9552
0.8148
1.012
1.007
1.057
1.115
1.057
1.26
1.17
1.259
1.41
1.048
0.9338
1.068
1.057
1.17
1.056
1.083
0.9583
0.9155
1.076
0.943
1.274
1.534
1.16
1.056
1.065
1.05
1.341
6.787
6.458
4.224
4.401
6.067
5.084
6.244
6.995
6.079
7.532
6.128
4.132
3.577
4.437
2.563
2.148
1.886
0.0
0.0
0.0
0.0
0.144
0.7706
0.2338
0.09747
0.07391
0.0967
0.3117
0.1339
0.6218
0.4677
0.2254
