5.438
5.438
5.438
5.438
5.438
5.438
5.438
5.438
5.438
5.438
5.438
5.438
5.438
5.438
5.438
5.438
5.438
5.438
5.438
5.438
5.438
5.438
5.438
5.438
5.438
5.438
5.438
5.438
5.438
5.438
5.438
5.438
5.566
9.497
15.53
16.8
17.31
17.8
15.84
14.36
13.11
12.94
9.534
12.16
15.62
16.53
17.11
17.5
17.77
16.77
14.4
13.21
12.87
9.912
10.58
15.31
16.46
17.24
17.7
15.77
13.89
12.94
9.412
9.912
15.58
16.72
17.41
17.85
14.92
13.67
12.28
9.058
8.411
13.28
20.75
17.07
10.64
14.6
20.75
18.19
11.88
14.16
16.36
17.09
17.46
17.8
15.38
14.06
12.62
11.12
8.936
11.0
15.09
15.99
16.53
16.97
17.31
17.58
16.31
14.09
12.22
8.777
8.508
14.33
15.75
16.41
16.94
17.41
16.97
14.38
12.62
9.631
12.5
16.11
17.02
17.53
16.67
13.7
11.12
9.18
8.887
9.253
9.143
18.43
19.82
16.72
9.192
9.705
8.813
9.058
9.314
18.38
20.19
17.5
11.65
15.41
16.6
17.26
17.77
16.38
14.58
12.96
10.25
9.241
17.31
19.97
13.67
18.36
19.7
12.82
8.716
14.6
16.33
17.07
17.6
16.94
14.26
11.34
9.058
12.67
16.11
17.11
17.65
17.24
14.36
12.6
10.18
9.9
19.04
20.29
17.21
11.74
8.801
9.07
8.972
17.33
20.39
17.02
13.6
11.56
20.24
18.97
7.068
5.768
5.634
5.634
5.634
5.634
8.142
8.533
8.472
8.667
8.643
8.545
8.667
8.728
8.752
8.679
8.838
8.411
8.533
8.679
8.618
8.813
8.337
8.301
5.817
5.634
5.634
5.634
5.634
5.634
8.118
8.691
9.778
13.01
20.61
17.53
8.813
12.6
20.07
20.02
17.21
10.64
8.716
8.704
8.679
8.337
8.423
7.507
5.78
5.634
5.634
5.634
5.634
5.634
8.264
8.447
8.765
8.618
8.801
8.508
9.106
8.667
8.557
8.875
8.594
9.802
19.46
20.48
15.21
14.87
20.58
19.41
7.788
5.963
5.67
5.634
5.634
5.634
8.459
8.813
8.337
8.545
10.63
20.19
19.53
10.14
11.87
20.58
19.19
17.31
9.717
8.289
8.484
8.679
9.424
6.665
5.823
5.829
5.829
5.829
5.829
5.829
8.313
8.63
8.569
17.02
20.73
16.16
8.923
9.619
8.594
8.74
12.7
20.48
19.6
15.53
9.778
17.46
20.78
18.68
8.142
6.073
5.829
5.829
5.829
5.829
7.581
8.252
8.118
8.386
8.484
8.508
8.435
8.386
8.801
8.191
14.33
20.83
17.85
16.26
20.83
19.26
17.87
8.618
5.859
5.829
5.829
5.829
5.829
5.829
6.812
9.021
8.154
8.655
8.228
8.533
8.838
11.84
19.51
20.85
20.41
18.12
13.87
19.6
20.07
17.5
8.997
11.36
20.26
20.26
16.16
6.726
6.14
5.829
8.118
9.302
8.875
9.058
8.911
8.118
8.411
8.252
8.35
12.41
16.02
16.77
17.36
17.9
18.31
18.68
18.92
18.97
19.12
19.26
19.34
19.43
19.53
19.65
19.73
19.78
19.97
20.17
20.26
18.9
16.06
17.21
12.04
14.89
15.7
16.24
15.92
12.72
12.94
12.52
8.24
13.99
16.16
16.94
17.29
17.7
17.9
18.09
18.19
18.33
18.36
18.53
18.53
18.53
18.65
18.73
18.92
18.92
18.9
18.9
19.07
19.09
19.24
19.29
19.41
19.48
19.48
19.48
18.19
17.14
18.38
19.68
19.75
19.73
19.73
19.65
19.48
17.48
16.87
16.89
14.36
11.77
15.28
16.09
16.5
16.99
17.26
17.43
17.72
17.97
18.16
18.24
18.33
18.46
18.63
18.6
18.6
18.63
18.8
18.8
18.85
18.99
18.99
19.02
19.09
19.09
19.24
19.29
19.48
19.48
19.48
19.68
19.68
17.72
16.7
18.43
19.36
19.56
19.95
19.95
19.95
19.95
19.95
19.58
17.97
17.7
17.65
17.41
15.8
7.837
14.06
15.84
16.46
16.99
17.24
17.43
17.75
17.97
18.16
18.29
18.38
18.48
18.58
18.63
18.77
18.77
18.85
18.97
18.97
18.97
18.97
19.17
19.17
19.17
19.17
19.17
19.41
19.53
19.53
19.53
19.56
19.24
16.31
17.65
18.53
19.31
19.48
19.51
19.51
19.51
19.51
19.53
19.24
17.77
17.63
17.6
17.36
16.26
10.12
13.99
15.67
16.33
16.87
17.29
17.46
17.77
18.07
18.19
18.29
18.38
18.46
18.58
18.58
18.63
18.77
18.8
18.95
19.07
19.14
19.14
19.38
19.56
19.73
17.72
17.41
19.29
19.87
19.87
19.87
19.38
16.48
15.6
13.67
10.23
15.45
16.33
17.04
17.31
17.65
18.04
18.24
18.36
18.53
18.53
18.68
18.8
18.9
19.04
19.09
19.26
19.29
19.43
19.65
19.68
18.14
16.87
18.46
20.39
20.65
20.68
20.68
20.51
17.92
16.85
13.55
12.7
16.16
15.01
12.62
12.52
9.753
15.48
16.8
17.38
17.87
18.24
18.48
18.58
18.73
18.8
18.95
19.12
19.19
19.34
19.43
19.6
19.73
17.75
17.65
19.6
20.65
20.65
20.65
19.07
17.48
16.77
10.35
14.04
16.31
17.11
17.55
18.07
18.29
18.48
18.55
18.75
18.82
18.95
19.04
19.14
19.24
19.36
19.58
19.73
19.65
16.99
19.92
20.85
20.85
20.7
19.85
18.19
17.85
11.54
14.04
16.48
17.26
17.68
18.12
18.36
18.58
18.6
18.75
18.85
19.02
19.14
19.14
19.26
19.34
19.48
19.73
19.73
16.58
17.8
20.17
20.85
20.85
20.83
19.51
18.92
18.6
13.35
13.45
11.47
9.595
11.55
9.351
11.95
12.5
10.71
10.22
10.73
9.705
10.41
11.41
11.43
17.48
18.77
18.75
16.92
14.36
12.0
9.814
12.08
10.28
12.65
11.35
16.85
18.97
19.17
17.65
15.6
15.01
12.87
14.97
19.36
19.7
19.17
16.7
12.74
10.01
10.45
10.19
9.058
9.509
10.1
17.36
19.87
20.0
18.51
12.07
8.875
10.08
9.399
15.28
19.53
20.0
19.82
15.82
8.838
10.56
8.398
14.06
15.62
16.21
16.65
16.99
17.38
17.43
17.63
17.77
17.99
18.14
18.19
18.38
18.48
18.58
18.58
18.58
18.73
18.77
18.77
18.95
18.97
18.97
19.04
19.17
19.17
19.17
19.17
19.36
19.36
19.36
19.36
19.38
19.56
19.65
19.75
19.75
19.75
19.75
19.95
18.04
17.04
18.75
19.26
19.9
20.09
20.09
20.09
20.09
20.09
20.0
19.02
16.87
16.65
16.65
16.6
14.23
6.024
6.024
6.024
6.024
6.024
6.024
6.024
6.024
6.024
6.024
6.024
6.024
6.024
6.024
6.024
6.024
6.024
6.024
6.024
6.616
8.765
9.766
9.656
16.82
20.17
20.53
19.29
15.01
10.13
9.851
