11.36
11.3
11.3
11.44
11.36
11.47
11.63
11.71
11.33
10.96
10.67
10.86
10.68
10.82
11.08
11.17
11.23
11.12
11.08
11.19
10.96
10.96
11.13
10.86
10.86
11.17
10.36
10.17
10.29
10.35
10.29
10.56
10.47
10.6
10.67
10.71
10.93
10.97
10.66
10.39
10.58
10.78
10.78
10.69
10.95
11.04
11.15
11.1
11.12
11.24
11.1
11.11
11.4
11.57
11.76
11.44
11.35
11.28
11.54
11.49
11.68
11.76
11.63
11.79
11.95
12.0
11.44
11.39
11.73
13.38
13.55
13.57
13.6
13.57
13.57
13.43
13.72
13.72
13.84
14.09
13.96
13.96
13.94
13.6
13.57
13.67
12.92
12.89
12.57
12.38
11.29
11.06
11.1
11.06
10.99
10.49
10.64
10.4
10.38
10.67
10.67
10.67
10.82
10.9
10.47
10.47
10.57
10.56
10.12
10.08
10.39
10.46
10.51
10.44
10.35
10.47
10.64
10.86
10.85
10.66
10.61
10.67
10.67
10.67
10.57
10.56
10.75
10.61
10.55
10.39
10.46
10.42
10.53
10.66
10.5
10.69
10.79
10.85
10.89
10.49
10.57
10.58
10.67
10.57
10.64
10.35
10.67
10.93
10.16
10.18
10.13
10.28
10.51
10.38
10.41
10.51
10.68
10.8
10.75
10.29
10.4
10.58
10.47
10.63
10.93
11.02
10.73
11.02
10.86
11.01
10.97
11.1
10.99
11.05
11.06
11.15
11.4
11.24
11.04
10.85
10.71
10.66
11.15
11.23
11.63
11.4
10.78
10.77
11.07
11.44
11.55
11.35
11.06
11.13
11.16
11.36
11.44
11.8
11.83
11.82
11.87
11.85
12.01
11.83
11.56
11.83
11.54
11.07
11.25
11.57
11.05
11.18
10.88
10.95
10.56
10.71
10.8
10.85
10.68
10.85
10.57
10.78
10.84
10.44
10.61
10.47
10.68
10.52
10.58
10.88
10.94
10.85
11.01
10.99
10.95
10.99
11.16
11.25
11.1
11.11
11.24
11.29
11.3
11.66
11.73
11.13
10.95
11.34
11.08
10.88
11.16
11.34
11.55
11.89
11.3
11.55
11.45
11.44
11.16
11.28
11.49
10.93
10.61
10.55
10.67
10.75
10.78
10.85
10.71
10.72
10.9
10.99
11.1
11.16
11.36
11.07
10.83
10.86
11.0
11.35
11.1
11.1
11.05
10.88
10.94
11.08
11.18
11.44
11.65
11.57
11.39
11.15
11.06
11.25
11.16
11.12
11.24
11.63
11.55
11.51
11.25
11.94
13.7
13.43
13.67
13.62
13.62
13.65
13.23
14.5
13.84
13.5
13.79
13.96
14.04
13.96
13.82
13.57
13.28
12.94
12.82
12.87
12.22
12.22
12.24
12.32
12.23
12.32
12.44
11.25
11.25
11.25
11.28
11.43
11.62
11.11
11.25
11.25
11.22
11.07
11.06
11.16
11.25
11.29
11.29
11.13
11.06
11.68
11.65
11.78
11.95
12.35
12.55
12.52
12.6
12.5
12.41
12.22
12.38
12.41
12.38
11.89
11.66
11.73
11.88
11.78
11.69
11.96
11.69
11.4
11.46
11.56
11.61
11.06
11.15
11.46
10.58
10.51
10.71
10.8
10.96
11.05
10.95
11.29
11.33
11.47
11.16
11.24
11.21
11.07
11.21
11.52
11.49
11.44
11.49
11.51
11.54
11.87
11.83
12.06
11.82
11.56
11.63
11.63
11.78
11.72
11.15
11.3
11.44
11.54
11.5
11.71
12.06
12.74
11.74
11.67
11.93
12.1
12.21
12.23
12.0
11.78
11.87
12.23
12.23
12.27
11.91
11.85
11.71
11.82
11.55
11.63
11.63
11.63
11.83
11.34
11.24
11.52
11.21
11.17
11.24
11.24
11.24
11.27
11.35
11.61
11.24
11.07
10.9
11.07
10.84
10.85
10.86
10.97
11.25
11.29
11.24
11.06
11.28
11.29
11.34
11.51
11.5
11.63
11.69
11.69
11.18
11.29
11.57
11.84
12.13
11.61
11.19
10.94
11.34
11.24
11.24
11.32
11.52
11.62
11.63
11.83
12.06
11.36
11.06
11.33
11.52
11.62
11.68
11.5
11.35
11.45
10.89
11.32
11.38
11.08
10.95
11.05
10.79
10.95
11.07
11.3
11.39
11.51
11.5
11.49
11.22
11.15
11.18
11.19
11.41
11.62
11.49
11.17
11.19
11.47
11.43
11.33
11.46
11.65
11.85
11.83
11.83
11.83
11.76
11.3
11.4
11.47
11.68
11.63
11.78
11.65
11.49
11.63
11.83
11.33
11.27
11.54
11.82
12.74
13.55
13.77
13.6
13.57
13.57
13.38
13.18
13.89
13.96
13.96
13.96
13.96
14.16
14.36
14.43
14.87
14.84
14.26
13.62
13.72
13.79
13.84
13.21
13.23
13.21
13.38
13.28
12.89
12.99
12.99
13.01
12.94
12.82
12.82
13.01
12.62
12.65
12.82
12.65
12.79
12.7
12.79
12.94
13.16
13.18
12.7
12.79
12.87
12.92
12.99
13.01
13.18
13.31
13.38
13.33
13.38
13.26
13.26
13.18
13.18
13.53
13.06
12.89
12.92
13.09
12.28
12.43
12.33
12.22
12.29
12.22
12.22
12.15
11.96
12.02
12.08
12.18
12.15
12.65
12.24
12.22
12.37
11.46
11.24
11.39
11.66
11.44
11.51
11.63
11.55
11.49
11.69
12.0
12.12
12.38
12.34
11.54
11.47
11.72
11.96
12.0
11.9
11.95
11.66
11.44
11.44
11.6
11.54
11.44
11.47
11.57
11.73
11.72
11.46
11.51
11.62
11.63
11.52
11.63
11.85
11.73
11.93
11.93
11.87
11.4
11.29
11.54
11.69
11.83
11.89
11.83
11.76
11.67
11.84
11.9
12.04
12.13
11.89
11.87
12.08
12.07
12.24
12.33
12.41
12.4
12.04
11.98
12.11
11.95
11.67
11.63
11.82
12.12
11.9
11.69
11.57
11.47
11.84
