0.03023
0.04501
0.03872
0.03834
0.03643
0.04616
0.05121
0.03729
0.0351
0.03748
0.03977
0.04015
0.05102
0.04444
0.033
0.04196
0.03986
0.04883
0.0432
0.04206
0.0493
0.03834
0.04158
0.03347
0.03748
0.02337
0.037
0.02108
0.01993
0.02699
0.02975
0.02489
0.04196
0.04139
0.02718
0.01822
0.0308
0.04492
0.03977
0.0452
0.04768
0.04158
0.04673
0.04015
0.04387
0.03986
0.02518
0.02184
0.01535
0.02174
0.02069
0.01802
0.02384
0.03433
0.02031
0.02871
0.03815
0.02842
0.01745
0.01869
0.03023
0.03252
0.02756
0.03252
0.02623
0.01888
0.0145
0.01507
0.01907
0.01974
0.01755
0.01535
0.01554
0.01554
0.01841
0.01144
0.01602
0.01955
0.0145
0.01974
0.02327
0.01745
0.01974
0.02718
0.01345
0.01602
0.01307
0.0186
0.01974
0.01974
0.02327
0.02813
0.01335
0.01583
0.01392
0.03147
0.01307
0.02785
0.01583
0.02346
0.01602
0.01316
0.03214
0.01106
0.07105
0.01965
0.02432
0.01364
0.01326
0.01745
0.02241
0.02337
0.02365
0.02956
0.01984
0.01869
0.01879
0.02785
0.0165
0.01831
0.01993
0.02298
0.0185
0.02422
0.01841
0.0248
0.02298
0.02174
0.01936
0.02375
0.01698
0.02193
0.01688
0.0123
0.01287
0.01545
0.01736
0.0226
0.02337
0.0145
0.01268
0.01831
0.02499
0.01984
0.02327
0.01812
0.02346
0.02518
0.01526
0.02098
0.02422
0.01431
0.0186
0.02584
0.01955
0.02632
0.02146
0.0246
0.02518
0.03157
0.01726
0.02956
0.02861
0.01459
0.02451
0.02317
0.02556
0.02546
0.02756
0.0309
0.02699
0.02136
0.02728
0.01507
0.01974
0.02098
0.03014
0.02327
0.02718
0.03185
0.0246
0.02642
0.02747
0.03891
0.04158
0.02995
0.03538
0.03052
0.037
0.02556
0.02785
0.0329
0.02985
0.04282
0.03071
0.03319
0.04187
0.02308
0.0329
0.03529
0.02632
0.02632
0.02699
0.02432
0.02422
0.02165
0.02975
0.03166
0.02403
0.01879
0.02728
0.02346
0.0226
0.02489
0.03662
0.02584
0.02384
0.03929
0.0206
0.03071
0.02604
0.02699
0.02317
0.02604
0.02613
0.03099
0.02518
0.02604
0.02851
0.04702
0.02499
0.02499
0.02718
0.0268
0.02136
0.0308
0.0227
0.04845
0.02661
0.03681
0.02422
0.02699
0.02737
0.02518
0.02546
0.02871
0.02966
0.02518
0.02403
0.03004
0.0309
0.0248
0.02193
0.0308
0.02766
0.02861
0.03138
0.02642
0.03147
0.02937
0.03033
0.03252
0.02766
0.02432
0.03366
0.02289
0.02222
0.02222
0.03061
0.02832
0.02527
0.02565
0.02642
0.01812
0.03786
0.0289
0.04034
0.03195
0.0493
0.03262
0.04206
0.02203
0.04444
0.037
0.04311
0.02651
0.05054
0.03691
0.05722
0.0453
0.04435
0.04053
0.04225
0.03824
0.0371
0.03319
0.03986
0.04158
0.03338
0.04845
0.03729
0.05341
0.03309
0.05026
0.035
0.04606
0.0309
0.03996
0.02813
0.03452
0.03557
0.05236
0.02966
0.04196
0.03395
0.04721
0.04091
0.04711
0.03853
0.04025
0.0391
0.03672
0.04988
0.04263
0.03557
0.03901
0.037
0.02689
0.04148
0.03471
0.0452
0.03929
0.03729
0.03357
0.03633
0.02413
0.02813
0.02851
0.0227
0.01783
0.02213
0.02975
0.03729
0.03376
0.03414
0.03204
0.03309
0.03223
0.03204
0.03519
0.03595
0.04053
0.03357
0.0371
0.02928
0.01774
0.02384
0.033
0.02346
0.03004
0.03548
0.03195
0.02842
0.0289
0.02089
0.02079
0.02518
0.03119
0.02193
0.03042
0.02222
0.01287
0.0103
0.01383
0.03605
0.01202
0.01612
0.01125
0.03309
0.01154
0.03281
0.01516
0.02613
0.02222
0.02136
0.04101
0.07296
0.02012
0.02041
0.02136
0.01764
0.01736
0.0206
0.02298
0.01926
0.02069
0.01659
0.01936
0.02728
0.01478
0.02432
0.02012
0.02937
0.02165
0.01459
0.02089
0.01793
0.02012
0.02117
0.01812
0.01993
0.02766
0.02146
0.02146
0.03481
0.03195
0.01898
0.02003
0.01841
0.01965
0.01984
0.01764
0.02413
0.02937
0.02384
0.01965
0.02575
0.02642
0.0247
0.01993
0.02213
0.0205
0.02966
0.02165
0.01745
0.01535
0.01812
0.01564
0.01192
0.01745
0.02346
0.03176
0.03443
0.03805
0.03309
0.03805
0.02108
0.02718
0.02441
0.02661
0.02136
0.01545
0.01621
0.01593
0.01869
0.02632
0.0308
0.02985
0.02432
0.0205
0.03881
0.0308
0.01793
0.03595
0.0371
0.02651
0.03948
0.03061
0.03338
0.0411
0.03605
0.03834
0.03195
0.02098
0.01888
0.01888
0.0267
0.03328
0.02146
0.01841
0.02346
0.02289
0.01926
0.02499
0.03462
0.03242
0.03948
0.02871
0.02546
0.01907
0.02537
0.02346
0.04358
0.03958
0.02966
0.02584
0.02451
0.02956
0.03586
0.03281
0.0351
0.02623
0.02117
0.02356
0.02232
0.02403
0.02155
0.02289
0.03033
0.02527
0.02527
0.02651
0.02117
0.02232
0.02413
0.02022
0.01831
0.02966
0.03233
0.02556
0.03395
0.02794
0.02918
0.03004
0.02594
0.03738
0.02756
0.02232
0.02155
0.02146
0.02785
0.02527
0.02165
0.02117
0.02003
0.02661
0.02842
0.03557
0.03662
0.03138
0.04683
0.05255
0.03967
0.03567
0.04683
0.0392
0.02985
0.02689
0.03624
0.04845
0.04797
0.04902
0.02813
0.02604
0.04072
0.0392
0.04444
0.03872
0.02832
0.03309
0.03815
0.04396
0.05054
0.04196
0.04272
0.03223
0.03052
0.04835
0.04406
0.05417
0.02966
0.02642
0.02451
0.02842
0.01974
0.03366
0.0267
0.03462
0.01831
0.0351
0.03939
0.04559
0.02861
0.02842
0.02556
0.02069
0.02995
0.04349
0.02413
0.02089
0.02127
0.02213
0.02375
0.02022
0.02012
0.02403
0.01993
0.02279
0.0248
0.01745
0.01736
0.02003
0.01898
0.01593
0.0267
0.02127
0.02213
0.01707
0.01974
0.02337
0.02108
0.01669
0.01659
0.03653
0.02346
0.02775
0.04997
0.03033
0.03557
0.02766
0.03843
0.03014
0.03786
0.03462
0.03204
0.03357
0.01831
0.01822
0.01888
0.02546
0.03586
0.02327
0.02537
0.02975
0.03548
0.0227
0.03929
0.02565
0.03653
0.02413
0.02098
0.03138
0.03128
0.02327
0.02222
0.02327
0.02089
0.02241
0.02232
0.02022
0.02966
0.02613
0.01221
0.01345
0.01392
0.01287
0.01116
0.01307
0.0124
0.01287
0.01068
0.0123
0.03633
0.07133
0.02766
0.01535
0.01135
0.009823
0.01154
0.01574
0.02146
0.01316
0.0124
0.01431
0.0123
0.009346
0.02213
0.0329
0.02193
0.01812
0.01183
0.01106
0.01421
0.01392
0.01316
0.02546
0.01764
0.01183
0.01574
0.01974
0.0124
0.01354
0.02232
0.01831
0.02413
0.01593
0.02041
0.0185
0.0205
0.01574
0.01984
0.01764
0.01059
0.01688
0.01478
0.01459
0.01802
0.02432
0.02251
0.01926
0.02813
0.03166
0.0246
0.01459
0.01869
0.01879
0.02012
0.02441
0.02661
0.02317
0.02718
0.02556
0.02851
0.02213
0.02747
0.02575
0.02604
0.03109
0.03376
0.0268
0.02232
0.0289
0.0227
0.0186
0.02222
0.02832
0.02613
0.03023
0.02337
0.01802
0.02222
0.02356
0.0392
0.02594
0.01879
0.02127
0.01917
0.02384
0.0267
0.02174
0.02708
0.02708
0.03777
0.03653
0.02909
0.02413
0.02499
0.02165
0.0267
0.02079
0.01783
0.01898
0.02489
0.02689
0.03662
0.02079
0.02718
0.03071
0.02451
0.01888
0.02327
0.01535
0.02136
0.02556
0.02613
0.04416
0.02632
0.03052
0.02851
0.02298
0.02594
0.02651
0.02527
0.02556
0.02012
0.02279
0.03071
0.0391
0.03195
0.04721
0.0308
0.02155
0.0308
0.03281
0.02556
0.03767
0.03099
0.03309
0.04473
0.04082
0.02699
0.02079
0.02651
0.02708
0.03462
0.04272
0.03138
0.02594
0.01926
0.02232
0.03376
