19.04
15.06
15.75
18.29
15.72
13.45
15.45
15.01
14.55
16.41
19.56
27.0
15.5
14.79
16.09
17.63
18.58
7.922
0.6462
6.897
15.97
20.65
26.32
19.9
15.41
16.06
24.12
25.49
14.53
14.04
14.28
12.27
12.0
13.67
14.62
23.17
27.44
22.0
18.24
29.88
26.27
8.752
27.34
29.15
29.05
29.54
30.32
28.76
24.61
22.14
27.88
14.99
16.04
18.43
17.87
21.83
13.31
13.18
15.5
14.7
15.89
25.1
28.03
10.46
19.31
22.78
23.14
27.25
32.32
30.47
24.63
30.22
24.56
13.04
15.72
13.45
15.31
16.75
20.09
28.37
17.82
18.46
25.63
24.12
12.82
16.04
25.05
27.25
13.21
24.32
27.69
28.17
30.03
28.86
23.51
20.68
18.65
21.02
15.53
13.62
18.85
20.53
24.17
18.48
16.7
15.97
12.28
14.31
14.92
25.59
25.78
25.05
9.863
19.36
19.51
19.31
27.34
28.96
26.27
21.48
22.31
24.76
20.0
25.29
28.47
22.14
15.7
11.8
16.11
14.6
14.72
17.53
14.82
17.14
27.88
20.19
14.26
26.51
27.05
33.35
31.88
28.03
35.4
29.2
14.11
15.65
17.26
5.823
27.59
32.28
29.0
28.12
28.22
23.12
25.88
27.64
12.7
12.27
20.09
20.58
32.57
29.83
28.56
27.69
27.25
27.93
15.65
14.65
21.02
28.37
27.98
16.72
16.48
21.58
25.63
28.47
16.19
16.09
17.94
28.03
29.1
17.8
0.8484
0.4059
0.02604
0.02604
0.02604
0.02604
0.02604
6.47
27.83
30.08
17.36
16.6
5.975
14.36
14.94
16.14
15.19
22.09
26.12
26.76
18.29
17.82
18.9
4.199
0.1616
0.04692
0.02604
0.03128
0.02604
0.02604
0.02604
4.108
15.67
11.39
10.62
13.82
13.75
14.92
12.99
16.19
16.24
16.46
15.55
11.72
13.31
13.38
16.82
6.714
0.1511
0.06771
0.02604
0.02604
0.02604
0.02604
0.02604
0.8652
13.28
16.8
14.14
17.04
17.41
18.19
17.29
12.84
12.52
13.75
16.38
12.87
15.31
15.31
14.87
15.36
15.62
16.72
19.46
7.861
0.7553
0.2293
0.02604
0.02604
11.5
11.54
11.11
16.16
10.75
14.62
17.09
15.84
16.65
15.77
15.23
11.55
13.89
12.32
11.02
3.0
0.1406
0.04692
0.02604
0.02604
0.02079
0.03128
0.02079
6.58
12.24
11.6
17.75
15.87
16.33
15.58
15.65
12.89
13.72
14.82
16.55
26.27
26.95
18.36
18.29
3.528
0.1406
0.04168
0.02604
0.02604
0.02079
0.02604
0.02604
0.02604
10.73
11.72
15.82
15.94
16.94
16.02
15.21
13.13
13.6
11.87
13.43
15.67
15.84
15.43
16.14
16.09
3.607
0.4951
0.0885
0.03128
0.02079
0.02604
0.02604
0.02604
3.455
14.84
11.96
15.48
12.52
11.0
15.23
11.84
12.62
15.8
11.76
14.36
15.31
15.75
15.31
15.99
13.6
0.6508
0.3696
0.04692
0.02079
0.02604
0.02079
3.363
14.62
15.82
12.33
16.55
14.45
14.01
15.82
16.41
15.8
16.21
13.65
14.62
15.23
15.45
15.41
15.5
13.01
13.72
17.24
16.26
16.63
16.02
15.43
15.48
15.6
17.19
17.09
17.87
15.99
15.87
17.31
16.5
16.75
15.97
15.65
15.84
15.94
16.43
18.33
18.51
18.82
15.84
16.82
16.7
17.29
17.82
17.53
17.68
17.33
19.36
20.65
20.78
17.16
18.87
17.99
19.29
19.7
23.17
24.41
24.15
22.53
20.36
19.29
16.58
13.11
14.5
19.02
16.48
15.77
17.07
18.82
17.94
18.12
16.11
15.6
15.65
15.41
15.62
15.6
16.28
17.46
18.16
17.87
17.68
17.63
18.58
17.55
17.04
17.24
18.68
19.17
19.53
18.6
17.43
18.02
21.26
21.92
22.34
22.19
15.92
19.56
21.09
20.53
23.49
24.32
22.66
17.11
18.07
20.97
19.65
19.29
10.08
19.51
21.39
20.26
19.14
16.89
17.7
17.31
19.6
20.48
21.66
21.97
21.88
18.75
18.99
18.12
16.97
18.48
20.17
20.07
19.87
19.19
19.75
20.19
18.26
16.55
18.41
18.31
16.55
16.7
16.5
15.89
15.62
13.38
19.17
21.19
20.75
20.85
22.92
23.97
24.22
23.56
21.73
18.7
16.92
15.8
5.988
23.46
23.12
23.32
24.32
23.22
22.19
21.0
19.65
18.31
19.34
19.9
19.46
19.29
17.97
16.26
17.87
16.94
15.8
16.67
15.87
15.6
16.5
17.21
15.58
17.04
17.04
17.29
15.7
15.55
16.28
15.6
15.8
16.94
15.23
16.26
17.21
18.99
17.46
17.02
16.33
16.46
21.0
20.41
18.9
22.19
21.63
23.19
13.35
5.09
22.34
21.63
21.0
20.97
18.6
17.6
16.77
17.16
15.99
12.6
17.29
16.31
16.33
18.95
17.11
17.11
21.07
16.67
21.26
19.38
16.94
13.11
19.41
20.78
21.8
21.63
20.97
24.27
15.72
19.73
21.07
21.17
19.17
21.75
18.9
17.38
20.97
23.8
19.97
18.46
19.92
10.41
18.8
22.39
21.97
23.27
23.83
23.93
22.51
21.66
21.07
21.97
24.0
24.95
25.1
21.09
17.82
17.09
16.06
15.45
15.62
15.62
16.75
15.87
15.62
15.6
16.14
17.04
16.53
15.87
15.77
15.72
16.19
16.14
14.99
16.63
18.46
17.97
18.99
20.0
17.5
17.99
20.09
19.51
21.56
23.34
25.05
18.38
16.89
20.14
23.88
24.37
22.9
22.92
23.14
23.05
21.02
19.26
17.9
16.77
17.48
18.53
16.53
17.21
18.41
18.43
17.21
16.89
17.77
19.75
21.04
22.44
24.24
24.29
25.44
25.83
24.24
19.65
17.6
19.9
21.44
23.49
24.19
23.56
21.88
21.68
22.02
20.02
20.07
17.36
13.06
16.6
13.6
15.55
7.605
21.14
19.38
20.29
19.53
21.14
20.19
20.07
20.24
20.07
19.75
19.6
19.34
20.31
19.95
20.41
20.31
19.73
18.75
19.58
19.56
19.34
18.99
17.41
18.16
18.85
19.92
18.97
18.9
19.97
20.24
20.87
20.24
17.94
19.36
22.51
23.46
23.61
22.63
20.75
19.68
20.04
20.73
21.46
19.8
13.16
14.84
15.75
15.45
15.97
16.8
18.33
12.72
10.34
0.2918
7.166
16.11
14.97
16.7
16.19
15.65
11.77
16.8
13.84
13.21
15.19
13.65
13.04
13.84
14.94
14.89
15.94
15.06
15.38
15.41
12.79
14.6
15.55
17.8
15.84
15.48
15.16
12.57
14.89
15.23
15.77
16.16
15.77
15.38
12.57
14.23
12.34
13.75
14.72
14.72
14.89
15.92
15.62
15.84
15.97
12.67
15.01
14.75
15.41
15.75
15.75
15.7
9.68
0.6668
0.2552
0.02604
0.02604
0.03128
0.02604
0.02604
0.02604
0.03128
0.02604
0.02604
0.02604
0.02604
0.02604
0.03128
0.02079
0.03128
0.02604
0.02604
8.057
12.84
18.92
15.36
15.75
15.72
16.63
16.14
16.04
13.92
