0.02089
0.03014
0.02394
0.02413
0.03004
0.02537
0.02737
0.02174
0.02165
0.02499
0.02661
0.02384
0.02317
0.02632
0.01984
0.02642
0.02365
0.02604
0.02623
0.02546
0.02508
0.02298
0.02527
0.02708
0.0248
0.0329
0.02308
0.02413
0.02794
0.01993
0.03443
0.02117
0.0351
0.02041
0.02632
0.02918
0.02079
0.02527
0.02155
0.02394
0.02518
0.02575
0.02527
0.0267
0.02356
0.03242
0.02537
0.03195
0.02737
0.02604
0.02899
0.02308
0.02909
0.03233
0.02909
0.03433
0.02718
0.02298
0.02623
0.02508
0.02317
0.0227
0.02546
0.02871
0.02346
0.0206
0.03033
0.02804
0.02956
0.0309
0.0638
0.04253
0.02022
0.02155
0.02279
0.02003
0.02594
0.02089
0.02632
0.02346
0.01869
0.02127
0.03443
0.02527
0.03338
0.02451
0.0349
0.02222
0.02136
0.02232
0.02356
0.02298
0.02518
0.02728
0.01936
0.02651
0.02232
0.01879
0.02375
0.02003
0.02584
0.02279
0.02012
0.02422
0.02089
0.02289
0.01917
0.02022
0.02832
0.03281
0.02422
0.01802
0.02184
0.02079
0.02174
0.02489
0.02289
0.02871
0.02203
0.02422
0.03719
0.01888
0.0206
0.02499
0.02222
0.02747
0.02556
0.02441
0.02232
0.01974
0.02079
0.02241
0.02356
0.0206
0.02947
0.02251
0.02384
0.01945
0.03519
0.0205
0.02222
0.02575
0.02375
0.02508
0.04301
0.03805
0.02213
0.02451
0.03376
0.04807
0.03471
0.03147
0.02403
0.03061
0.02584
0.02604
0.03738
0.02451
0.01841
0.02937
0.02232
0.02394
0.02174
0.02375
0.02184
0.02699
0.02565
0.02766
0.0206
0.02089
0.02346
0.02432
0.02108
0.0226
0.0226
0.02537
0.02747
0.02375
0.02213
0.03138
0.02995
0.02489
0.02413
0.02384
0.0246
0.0248
0.03548
0.02823
0.02489
0.02718
0.03109
0.0288
0.03901
0.02632
0.02422
0.02499
0.01888
0.01926
0.03071
0.02079
0.02165
0.02155
0.01869
0.01755
0.01812
0.02136
0.02518
0.02375
0.02317
0.03586
0.01755
0.01984
0.02594
0.02375
0.08001
0.0267
0.03853
0.02537
0.03996
0.04091
0.04168
0.02432
0.03357
0.03157
0.03099
0.02356
0.04025
0.02346
0.02403
0.02079
0.02298
0.02155
0.02613
0.02069
0.02861
0.02184
0.02155
0.02384
0.0
0.004864
0.007153
0.008488
0.01802
0.007153
0.01612
0.007343
0.008488
0.007629
0.004387
0.00391
0.006104
0.01011
0.008774
0.009918
0.006962
0.01755
0.005627
0.03433
0.00782
0.006104
0.006485
0.00391
0.004292
0.005817
0.006676
0.01974
0.0104
0.007343
0.01354
0.008583
0.009727
0.009727
0.009537
0.008011
0.006866
0.00782
0.00658
0.005054
0.006771
0.01125
0.007629
0.01059
0.007915
0.006485
0.006771
0.004673
0.005722
0.01001
0.01268
0.007629
0.01535
0.01364
0.01402
0.01221
0.009537
0.008011
0.00782
0.009155
0.00782
0.00782
0.006008
0.007153
0.008297
0.009251
0.0164
0.0123
0.008583
0.01421
0.007153
0.004482
0.006485
0.008965
0.009441
0.008583
0.01116
0.01097
0.009537
0.01011
0.007534
0.008678
0.01278
0.006962
0.004005
0.01497
0.006771
0.01001
0.01116
0.009823
0.0102
0.008011
0.008965
0.006294
0.008392
0.009537
0.008678
0.007343
0.00906
0.007725
0.006866
0.005817
0.008583
0.008011
0.02108
0.01059
0.009346
0.006962
0.01202
0.00658
0.007439
0.008678
0.01087
0.01259
0.009155
0.007153
0.008965
0.009346
0.01726
0.009918
0.0144
0.007343
0.01078
0.009251
0.007629
0.007343
0.008965
0.005722
0.008011
0.009537
0.0102
0.008488
0.009155
0.007057
0.006104
0.007534
0.04816
0.01278
0.007248
0.008297
0.009918
0.01354
0.01106
0.009155
0.02699
0.03309
0.008202
0.005913
0.006104
0.005722
0.005913
0.00906
0.007915
0.007248
0.008869
0.01535
0.01745
0.009441
0.007439
0.01116
0.007439
0.008488
0.01965
0.008011
0.009823
0.008488
0.009441
0.007915
0.007439
0.009251
0.00658
0.00782
0.008297
0.006294
0.008678
0.009537
0.009155
0.007439
0.008488
0.006676
0.01326
0.00906
0.008678
0.008106
0.008583
0.01106
0.008583
0.009727
0.008297
0.006676
0.007629
0.01011
0.0103
0.0103
0.01154
0.00906
0.008488
0.0102
0.01116
0.00639
0.01249
0.008678
0.005913
0.01116
0.006866
0.01144
0.008965
0.009727
0.009727
0.0124
0.01125
0.01106
0.01087
0.01106
0.01106
0.01278
0.01106
0.007439
0.00658
0.007343
0.007343
0.01011
0.008583
0.0102
0.009727
0.008774
0.009346
0.01707
0.008583
0.007629
0.01783
0.01183
0.01049
0.01345
0.0124
0.008678
0.01068
0.0104
0.009537
0.01268
0.007343
0.006485
0.008774
0.007629
0.01297
0.009537
0.009441
0.008583
0.009918
0.008583
0.007534
0.01106
0.01125
0.01287
0.008297
0.009346
0.007343
0.03653
0.02441
0.0412
0.02165
0.02136
0.008392
0.0103
0.01402
0.01173
0.009441
0.01287
0.01345
0.01259
0.009823
0.01373
0.01144
0.007725
0.008488
0.00906
0.006199
0.01106
0.008392
0.008202
0.01583
0.007343
0.01354
0.006771
0.009727
0.009346
0.009251
0.01125
0.007915
0.006104
0.008774
0.006771
0.006485
0.004482
0.007534
0.007725
0.007725
0.007439
0.01087
0.006962
0.009918
0.0124
0.007439
0.008202
0.008297
0.008202
0.008392
0.008774
0.01163
0.0102
0.00658
0.008297
0.008392
0.00658
0.006199
0.006485
0.01144
0.006771
0.008869
0.01163
0.005627
0.006676
0.008583
0.01097
0.009251
0.008297
0.006008
0.01192
0.01059
0.006771
0.007534
0.01163
0.009537
0.006294
0.006294
0.008202
0.0104
0.008869
0.007915
0.008583
0.007534
0.0103
0.01221
0.00639
0.005245
0.007725
0.007915
0.00639
0.004673
0.008869
0.01163
0.0104
0.01183
0.01173
0.02317
0.004005
0.007248
0.008106
0.007725
0.008583
0.009251
0.008583
0.007343
0.01097
0.0102
0.00782
0.01192
0.009632
0.006962
0.008678
0.006294
0.00515
0.007534
0.01011
0.009823
0.009346
0.006008
0.009727
0.01106
0.01526
0.006771
0.007629
0.008106
0.009346
0.007343
0.009441
0.01307
0.009346
0.01326
0.01011
0.007153
0.009632
0.00782
0.006485
0.01116
0.00906
0.008106
0.007629
0.005436
0.008965
0.009346
0.01154
0.009251
0.01278
0.009441
0.008678
0.009537
0.00906
0.01049
0.0104
0.009251
0.007153
0.004959
0.01049
0.005245
0.008392
0.00639
0.008011
0.01526
0.01097
0.00639
0.008106
0.007725
0.00515
0.007915
0.007629
0.005627
0.007057
0.01116
0.009441
0.008011
0.009918
0.01059
0.007439
0.0103
0.01211
0.01183
0.009727
0.008869
0.008965
0.007248
0.008774
0.01106
0.009441
0.008011
0.01011
0.006866
0.006485
0.009632
0.008392
0.009632
0.008202
0.008869
0.007153
0.00639
0.008774
0.01087
0.0102
0.009632
0.0104
0.008106
0.007534
0.01001
0.008965
0.00639
0.009918
0.006866
0.006199
0.00658
0.008297
0.006676
0.01287
0.009251
0.005341
0.009537
0.009727
0.006199
0.005913
0.004768
0.008774
0.01965
0.008774
0.00658
0.00906
0.008106
0.008297
0.008774
0.009251
0.008392
0.009251
0.009823
0.007534
0.01068
0.008583
0.005913
0.006962
0.006676
0.008106
0.01287
0.008488
0.01125
0.01059
0.007343
0.009537
0.00782
0.006771
0.006199
0.008869
0.01001
0.00658
0.008011
0.009251
0.007629
0.008869
0.008392
0.006771
0.007057
0.00639
0.006199
