0.19
0.19
0.1898
0.19
0.19
0.19
0.1896
0.1892
0.1902
0.1898
0.1898
0.1898
0.1898
0.19
0.1898
0.1898
0.19
0.1898
0.1902
0.1902
0.19
0.1898
0.1898
0.19
0.1898
0.1898
0.1902
0.1898
0.1907
0.1934
0.1944
0.1921
0.1898
0.1896
0.1898
0.1904
0.1902
0.1896
0.19
0.19
0.1902
0.1896
0.1898
0.19
0.1902
0.0
0.0
0.1944
0.1919
0.1902
0.19
0.1904
0.1904
0.19
0.1902
0.1907
0.1915
0.1907
0.1904
0.1905
0.19
0.0
0.0
0.0
0.185
0.1936
0.0
0.0
0.1925
0.1894
0.1896
0.1913
0.1915
0.1907
0.19
0.1904
0.1915
0.1917
0.0
0.0
