4.156
4.15
4.156
4.156
4.156
4.156
4.156
4.156
4.156
4.156
4.156
4.156
4.156
4.156
4.156
4.156
4.156
4.156
4.156
4.156
4.156
4.156
4.156
4.156
4.156
4.156
4.321
4.352
4.352
4.279
4.156
4.156
4.156
4.156
4.156
4.156
4.156
4.156
4.156
4.156
4.156
4.156
4.15
4.156
4.163
4.156
4.156
4.156
4.156
4.156
4.163
4.156
4.156
4.156
4.163
4.156
4.156
4.156
4.156
4.163
4.156
4.156
4.163
4.23
4.266
4.163
4.163
4.315
4.163
4.163
4.163
4.163
4.163
4.163
4.163
4.346
4.346
4.346
4.346
4.346
4.352
4.352
4.352
4.352
4.358
4.358
4.358
4.358
4.358
4.358
4.358
4.352
4.358
4.358
4.358
4.358
4.358
4.358
4.358
4.358
4.358
4.358
4.358
4.358
4.358
4.358
4.358
4.358
4.358
4.358
4.358
4.358
4.358
4.358
4.358
4.358
4.358
4.358
4.358
4.358
4.358
4.358
4.358
4.358
4.358
4.358
4.358
4.358
4.358
4.358
4.358
4.358
4.358
4.358
4.358
4.358
4.358
4.358
4.358
4.358
4.358
4.358
4.358
4.358
4.358
4.358
4.358
4.358
4.358
4.358
4.358
4.358
4.358
4.352
4.358
4.358
4.358
4.358
4.358
4.358
4.358
4.358
4.291
4.163
4.163
4.163
4.163
4.163
4.163
4.163
4.248
4.358
4.352
4.358
4.358
4.358
4.352
4.352
4.352
4.23
4.163
4.163
4.156
4.315
4.34
4.156
4.156
4.163
4.156
4.156
4.156
4.156
4.156
4.156
4.156
4.156
4.156
4.156
4.156
4.156
4.156
4.156
4.108
4.163
4.156
4.156
4.156
4.156
4.156
4.156
4.156
4.156
4.266
4.352
4.181
4.156
4.23
4.156
4.224
4.163
4.156
4.156
4.156
4.156
4.156
4.279
4.346
4.352
4.352
4.224
4.272
4.156
4.156
4.156
4.156
4.156
4.169
4.156
4.156
4.156
4.156
4.156
4.156
4.169
4.303
4.156
4.248
4.352
4.327
4.156
4.156
4.156
4.156
4.236
4.352
4.346
4.175
4.156
4.242
4.352
4.291
4.156
4.156
4.156
4.156
4.156
4.156
4.156
4.156
4.15
4.156
4.156
4.156
4.156
4.156
4.156
4.156
4.156
4.156
4.156
4.15
4.156
4.156
4.156
4.156
4.15
4.15
4.156
4.156
4.156
4.156
4.156
4.15
4.156
4.156
4.15
4.156
4.156
4.156
4.156
4.156
4.156
4.15
4.15
4.156
4.15
4.156
4.156
4.156
4.156
4.156
4.156
4.156
4.156
4.156
4.156
4.15
4.156
4.156
4.156
4.156
4.156
4.156
4.15
4.15
4.156
4.156
4.156
4.15
4.169
4.272
4.156
4.248
4.352
4.352
4.352
4.352
4.352
4.352
4.352
4.352
4.352
4.352
4.352
4.352
4.352
4.352
4.352
4.352
4.346
4.352
4.346
4.352
4.352
4.352
4.352
4.352
4.352
4.352
4.352
4.352
4.352
4.352
4.352
4.352
4.352
4.163
4.163
4.163
4.205
4.34
4.346
4.346
4.346
4.346
4.346
4.346
4.346
4.346
4.346
4.211
4.163
4.163
4.163
4.163
4.163
4.193
4.346
4.248
4.163
4.163
4.163
4.163
4.163
4.163
4.285
4.358
4.285
4.163
4.163
4.163
4.163
4.163
4.163
4.23
4.358
4.358
4.358
4.358
4.358
4.358
4.358
4.358
4.358
4.169
4.236
4.358
4.358
4.358
4.358
4.358
4.358
4.358
4.358
4.358
4.358
4.358
4.358
4.358
4.358
4.358
4.358
4.358
4.358
4.358
4.358
4.358
4.358
4.358
4.352
4.358
4.352
4.309
4.163
4.163
4.163
4.163
4.163
4.163
4.163
4.163
4.163
4.163
4.346
4.34
4.34
4.34
4.34
4.279
4.211
4.352
4.352
4.358
4.352
4.352
4.279
4.156
4.156
4.156
4.156
4.041
3.979
4.071
4.144
4.144
4.144
4.144
4.144
4.144
4.144
4.144
4.144
4.144
4.144
4.218
4.156
4.156
4.156
4.156
4.163
4.156
4.163
4.309
4.169
4.156
4.156
4.156
4.169
4.156
4.199
4.358
4.352
4.321
4.169
4.163
4.272
4.163
4.199
4.181
4.156
4.156
4.156
4.156
4.156
4.156
4.156
4.156
4.156
4.156
4.156
4.163
4.156
4.156
4.156
4.156
4.108
4.156
4.156
4.156
4.156
4.156
4.163
4.163
4.156
4.156
4.156
4.156
4.156
4.156
4.156
4.156
4.156
4.156
4.156
4.156
4.156
4.156
4.156
4.156
4.156
4.156
4.156
4.156
4.156
4.156
4.156
4.156
4.156
4.156
4.156
4.156
4.156
4.156
4.156
4.156
4.156
4.156
4.156
4.156
4.156
4.163
4.163
4.156
4.156
4.156
4.156
4.156
4.156
4.163
4.156
4.156
4.156
4.156
4.156
4.156
4.156
4.163
4.156
4.156
4.156
4.156
4.163
4.163
4.163
4.352
4.352
4.352
4.352
4.352
4.352
4.352
4.352
4.352
4.352
4.352
4.352
4.352
4.352
4.352
4.352
4.352
4.352
4.352
4.352
4.352
4.199
4.156
4.156
4.23
4.34
4.218
4.156
4.156
4.156
4.236
4.352
4.352
4.352
4.352
4.156
4.156
4.163
4.163
4.163
4.156
4.163
4.23
4.352
4.352
4.352
4.352
4.358
4.352
4.352
4.352
4.352
4.352
4.358
4.352
4.352
4.358
4.358
4.358
4.358
4.358
4.358
4.358
4.352
4.352
4.352
4.352
4.358
4.352
4.352
4.199
4.163
4.163
4.163
4.163
4.163
4.163
4.163
4.163
4.163
4.163
4.163
4.163
4.163
4.163
4.163
4.163
4.163
4.163
4.163
4.163
4.163
4.163
4.163
4.163
4.163
4.163
4.163
4.266
4.358
4.358
4.358
4.358
4.358
4.358
4.26
4.163
4.163
4.163
4.163
4.163
4.163
4.163
4.163
4.163
4.163
4.163
4.163
4.163
4.163
4.163
4.309
4.266
4.163
4.163
4.169
4.358
4.358
4.358
4.358
4.358
4.358
4.358
4.327
4.163
4.163
4.163
4.163
4.163
4.163
4.163
4.163
4.156
4.163
4.163
4.156
4.163
4.156
4.156
4.163
4.163
4.156
4.156
4.199
4.163
4.156
4.156
4.163
4.065
4.12
4.163
4.163
4.156
4.156
4.163
4.156
4.163
4.156
4.156
4.163
4.156
4.156
4.156
4.132
4.163
4.163
4.163
4.187
4.309
4.352
4.205
4.297
4.175
4.248
4.163
4.303
4.358
4.285
4.163
4.163
4.156
4.291
4.321
4.34
4.352
4.193
4.163
4.156
4.156
4.163
4.163
4.156
4.333
4.352
4.236
4.156
4.193
4.156
4.156
4.156
4.205
4.242
4.181
4.156
4.163
4.156
4.156
