43.12
43.16
42.77
42.82
42.77
42.68
42.63
42.68
42.72
42.53
36.43
16.55
18.48
18.68
18.43
18.82
19.53
18.04
13.16
12.17
13.62
13.28
20.09
26.51
17.14
26.46
23.61
19.56
27.1
16.19
13.43
13.43
14.16
19.24
27.69
16.94
13.48
13.28
20.53
26.76
14.5
11.3
11.15
12.57
13.26
13.28
13.57
18.04
27.78
17.9
13.45
13.35
13.45
13.16
13.33
16.11
31.2
31.4
32.23
32.18
30.57
29.25
25.78
23.44
20.58
37.6
42.33
43.07
43.12
43.16
43.16
43.16
43.16
43.16
43.16
43.16
43.16
43.16
43.16
43.12
43.12
43.12
43.12
43.12
43.16
43.16
43.16
43.21
43.21
43.21
43.26
43.31
43.26
41.55
22.46
17.94
18.36
17.72
18.75
19.78
19.07
15.89
12.72
13.35
13.6
23.54
25.68
15.41
13.53
19.92
27.2
17.77
18.09
30.47
31.49
32.13
31.88
29.54
28.03
25.34
20.09
26.9
38.67
42.38
43.07
42.82
42.63
42.58
42.58
42.58
42.58
42.53
42.58
42.58
42.58
42.77
42.77
43.02
43.07
43.12
43.12
43.12
43.16
43.21
43.21
43.21
43.26
43.21
43.21
43.26
43.36
43.21
42.77
39.55
19.34
18.16
18.48
18.36
19.75
19.36
15.53
12.7
14.6
30.13
30.71
31.88
31.88
31.4
28.86
27.34
24.98
23.32
25.1
38.96
42.63
43.12
43.16
43.16
43.16
43.16
43.16
43.16
43.16
43.16
43.16
43.16
43.16
43.12
43.07
43.12
43.12
43.12
43.16
43.21
43.16
43.21
43.21
43.21
43.21
43.21
43.31
43.31
43.26
41.41
21.09
18.51
17.99
18.58
18.51
19.19
18.04
13.18
12.67
13.7
29.35
30.91
31.98
31.98
31.25
28.81
26.86
25.93
20.78
26.81
39.11
42.33
43.07
43.16
43.21
43.16
43.16
43.16
43.16
43.16
43.16
43.16
43.16
43.16
43.16
43.16
43.07
43.16
43.16
43.12
43.16
43.21
43.16
43.21
43.21
43.21
43.21
43.21
43.26
43.36
43.31
43.36
41.41
39.31
31.25
20.39
18.68
19.48
19.92
16.19
12.72
13.87
29.54
30.66
31.88
31.88
31.15
28.76
26.9
25.29
19.65
25.44
39.16
42.58
43.12
43.16
43.16
43.16
43.16
43.16
43.16
43.16
43.16
43.16
43.16
43.16
43.16
43.12
43.12
43.12
43.12
43.16
43.21
43.21
43.07
42.82
42.82
42.82
42.87
42.92
42.48
40.62
19.26
17.9
17.53
18.07
18.63
18.85
17.72
16.65
12.79
11.39
11.11
11.12
11.12
11.12
11.12
11.12
11.12
11.12
11.12
11.12
11.12
11.12
11.12
11.12
11.12
11.12
11.12
11.12
11.12
11.12
11.12
11.12
11.12
11.12
11.12
11.12
11.12
11.12
11.12
11.12
11.12
11.12
11.12
11.12
11.12
11.12
11.12
11.12
11.12
11.12
11.12
11.12
11.12
11.12
11.12
11.12
11.12
11.12
11.12
11.12
11.12
11.12
11.12
11.12
11.12
11.12
11.12
11.12
11.12
11.12
11.12
11.12
11.12
11.12
11.12
11.12
11.12
11.12
11.12
11.12
11.12
11.12
11.12
11.12
11.12
11.12
11.12
11.12
11.12
11.12
11.12
11.12
11.12
11.12
11.12
11.12
11.12
11.12
11.12
11.12
11.12
11.12
11.12
11.12
11.12
11.12
11.12
11.54
15.16
37.01
43.07
43.12
43.21
43.21
43.16
43.16
43.12
43.16
43.16
43.16
43.16
43.16
43.16
43.16
43.16
43.07
43.16
43.12
43.16
43.16
43.21
43.21
43.26
43.26
43.26
43.26
43.26
43.36
38.43
16.58
19.8
20.61
21.24
15.01
12.17
11.57
14.23
34.47
43.07
43.12
43.16
43.21
43.21
43.21
43.16
43.16
43.21
43.16
43.16
43.12
43.16
43.16
43.16
43.16
43.16
43.07
43.16
43.12
43.16
43.16
43.21
43.21
43.21
43.26
43.21
43.26
43.31
43.31
43.36
43.36
34.38
20.43
21.29
20.14
14.21
12.28
15.6
38.62
43.07
43.12
43.16
43.21
43.21
43.16
43.16
43.16
43.16
43.16
43.12
43.16
43.16
43.16
43.16
43.16
43.07
43.16
43.12
43.16
43.16
43.21
43.21
43.26
43.26
43.26
43.26
43.31
43.26
43.36
43.36
40.53
19.68
20.87
21.41
14.67
11.9
11.18
13.57
34.81
43.07
43.07
43.16
43.21
43.21
43.16
43.12
43.16
43.16
43.16
43.12
43.16
43.16
43.16
43.16
43.16
43.12
43.12
43.21
43.16
43.21
43.21
43.26
43.26
43.26
43.26
43.31
43.36
41.41
21.41
19.97
21.26
17.97
12.41
12.08
20.12
40.62
43.07
43.07
43.16
43.16
43.12
43.12
43.12
43.12
43.12
43.12
43.12
43.12
43.12
43.12
43.07
43.02
43.12
43.12
43.12
43.16
43.16
43.16
43.21
43.21
43.16
43.26
43.31
26.42
16.46
20.26
20.04
20.61
16.7
11.65
11.11
13.21
34.33
43.07
43.07
43.12
43.16
43.12
43.02
42.87
42.97
42.92
42.92
42.87
42.92
42.92
42.92
42.97
43.02
43.07
43.12
43.12
43.16
43.16
43.16
43.21
43.21
43.16
43.21
43.21
25.15
16.5
20.12
21.61
22.02
13.45
11.76
12.45
27.1
42.92
43.02
43.12
43.16
43.16
43.12
43.07
43.12
43.12
43.12
43.07
43.12
43.12
43.12
43.12
43.07
43.07
43.07
43.16
43.12
43.16
43.16
43.16
43.16
43.21
43.21
43.26
43.26
29.25
19.51
19.9
22.41
15.01
12.43
12.08
19.95
41.06
43.07
43.07
43.16
43.16
43.12
43.12
43.07
43.12
43.12
43.12
43.07
43.12
43.12
43.12
43.12
43.02
43.07
43.12
43.12
43.16
43.16
43.21
43.16
43.21
43.21
43.21
43.21
43.31
43.07
21.88
20.26
20.9
21.22
15.99
12.38
14.53
36.52
43.07
43.07
43.12
43.16
43.16
43.12
43.07
43.12
43.12
43.12
43.07
43.12
43.12
43.12
43.12
43.12
43.02
43.07
43.12
43.12
43.12
43.16
43.16
43.16
43.21
43.21
43.21
43.21
43.31
42.97
25.68
19.43
20.63
21.95
14.36
11.96
12.79
29.74
43.07
43.12
43.16
42.92
42.63
42.63
42.63
42.87
42.97
42.97
42.92
42.97
42.97
42.97
42.97
43.07
43.12
43.16
43.16
43.16
43.21
43.21
43.21
43.26
43.26
43.26
43.31
43.36
42.68
26.56
20.24
22.09
19.02
12.79
12.62
26.56
43.07
43.07
43.16
43.21
43.21
43.16
43.12
43.16
43.16
43.16
43.12
43.16
43.16
43.16
43.16
43.16
43.12
43.12
43.16
43.16
43.21
43.21
43.26
43.26
43.26
43.26
43.26
43.36
40.58
19.9
20.34
21.63
19.58
12.77
11.94
16.48
39.94
43.07
43.12
43.21
43.21
43.21
43.16
43.12
