11.73
11.55
11.56
11.73
11.95
12.08
12.45
12.34
11.93
11.65
11.87
11.96
12.08
11.89
11.8
11.74
11.88
11.66
11.69
12.33
11.98
11.88
11.77
11.74
11.72
12.06
11.84
11.8
11.87
11.72
11.56
11.57
11.46
11.43
11.33
11.18
11.33
11.35
10.84
11.12
11.25
11.46
11.29
11.56
11.83
11.77
11.83
11.89
11.79
12.02
11.72
11.73
12.08
12.17
12.22
11.93
12.01
11.87
12.21
12.23
11.94
11.68
11.61
11.84
11.82
11.65
11.65
11.33
11.34
11.15
11.19
11.41
12.4
12.6
12.4
11.87
11.99
11.71
12.01
12.07
11.98
12.04
11.94
12.18
12.06
12.15
11.77
11.36
11.52
11.47
11.67
11.52
11.57
11.88
11.66
11.87
11.82
11.96
11.94
11.57
11.65
11.78
11.5
11.34
11.3
11.11
11.33
11.36
11.28
11.19
11.21
11.25
11.65
11.36
11.73
11.02
11.23
11.87
12.35
11.76
11.4
11.6
12.26
11.88
11.68
11.66
11.78
12.79
11.74
11.76
11.78
11.95
11.5
11.41
11.46
11.47
11.47
11.94
11.77
11.78
11.65
11.65
11.95
11.88
11.83
11.83
11.8
10.77
11.16
10.99
10.89
11.29
10.78
10.9
11.0
11.07
11.12
10.96
11.07
11.49
11.49
11.32
11.17
11.34
11.24
11.25
11.63
11.68
11.22
11.38
11.55
11.18
11.46
11.58
11.27
11.73
11.76
11.6
11.72
11.27
11.27
11.3
11.22
11.32
11.07
11.21
11.3
11.65
11.65
11.3
11.44
11.19
11.35
11.12
11.19
10.99
11.06
11.32
11.33
11.27
11.54
11.0
11.56
11.13
10.91
10.88
10.85
10.91
11.28
11.3
11.15
11.11
10.97
11.33
11.25
11.29
11.27
11.78
11.94
11.99
11.8
11.77
11.69
11.78
11.74
11.47
11.51
11.51
11.82
11.77
11.85
11.65
12.06
11.99
12.07
11.96
11.93
11.82
11.78
12.06
12.02
11.85
11.96
12.13
11.98
12.41
11.89
11.88
11.89
11.96
12.4
12.17
12.16
11.99
11.87
12.17
12.12
12.41
12.28
12.16
12.18
12.37
12.65
12.37
12.24
12.19
12.13
12.08
11.78
11.41
11.13
11.18
11.39
11.22
11.3
11.06
10.97
10.96
11.16
11.25
11.33
11.56
11.51
11.61
11.34
11.21
11.49
11.44
11.55
11.13
11.16
11.24
11.43
11.38
11.36
11.36
11.45
11.46
11.77
11.32
11.35
10.88
10.77
10.82
10.99
11.02
11.06
11.41
11.56
11.36
11.45
11.66
11.65
11.18
11.49
11.4
11.21
11.32
11.52
11.96
11.83
11.98
12.04
11.93
11.4
11.51
11.11
11.29
11.38
11.24
11.41
11.55
11.25
11.56
11.58
11.6
11.54
11.63
11.77
11.88
12.0
11.66
11.76
11.38
11.4
11.58
11.5
11.67
11.74
11.66
11.83
11.62
11.63
11.84
11.72
11.84
12.07
11.78
11.94
11.62
11.77
11.94
12.57
12.07
12.16
11.78
11.89
11.89
12.26
11.94
12.19
12.1
12.4
12.27
12.32
12.07
12.41
11.87
11.9
11.55
11.43
11.39
11.41
11.4
11.3
11.07
11.49
11.5
11.23
11.36
11.57
11.72
12.05
11.74
11.63
11.96
11.66
11.91
11.79
11.79
11.8
11.98
11.67
11.83
11.78
11.95
12.15
12.0
12.0
12.18
11.65
11.47
11.4
11.63
11.76
11.91
11.9
11.72
11.91
12.0
11.71
11.83
11.54
11.77
11.65
11.91
11.95
11.93
11.84
11.84
11.95
11.99
12.32
12.02
11.3
11.41
11.71
11.44
11.54
11.4
11.47
11.89
11.93
11.94
11.9
11.76
11.99
12.41
12.02
12.13
12.43
12.27
12.22
12.34
12.12
12.01
12.5
12.02
11.9
11.88
11.96
12.02
12.13
12.23
12.18
12.15
12.22
12.55
12.29
12.21
12.29
12.19
12.06
12.16
12.3
12.22
12.6
12.38
12.44
12.38
12.6
12.52
12.41
12.38
12.26
12.6
12.7
12.57
12.43
12.3
12.79
12.45
12.21
12.74
12.46
12.3
12.67
12.65
12.72
12.84
12.52
12.67
12.21
12.43
12.79
12.5
11.91
11.88
11.8
11.9
12.37
11.79
11.29
11.79
11.71
11.96
12.01
11.65
11.55
11.65
11.76
11.79
12.29
11.9
11.85
11.67
11.58
11.67
11.65
11.87
11.85
11.98
11.73
11.62
11.66
11.78
12.26
12.55
12.12
11.85
11.63
11.74
11.71
11.85
11.66
11.77
12.18
15.72
15.75
15.97
16.04
16.06
15.58
15.62
15.7
15.7
15.77
16.02
16.06
15.97
16.04
15.92
16.09
16.09
16.06
16.06
16.02
15.92
15.97
16.09
16.02
16.02
16.04
16.09
16.09
16.06
16.06
15.75
15.92
15.65
15.87
16.02
16.06
15.92
15.92
15.77
15.67
15.67
15.45
15.53
15.55
15.53
15.58
15.6
15.7
15.75
15.58
15.58
15.75
15.58
15.84
15.62
15.6
15.7
15.87
15.89
15.99
15.97
15.99
16.06
15.58
15.6
15.58
15.65
15.87
15.62
15.72
15.82
15.75
15.65
15.99
15.77
15.92
16.04
15.97
15.67
15.58
15.77
13.77
14.06
13.75
13.67
13.92
13.94
13.89
14.43
13.96
14.01
14.09
13.87
13.79
13.16
13.11
13.06
12.23
12.22
12.34
12.38
12.1
11.98
12.24
12.11
12.27
11.52
11.46
11.5
11.55
11.32
11.56
11.83
11.45
11.69
11.61
11.72
11.19
11.34
11.4
11.35
11.52
11.4
11.49
11.62
11.6
11.69
11.84
11.94
11.85
11.49
11.16
11.25
11.35
11.12
11.08
10.94
11.44
11.45
11.39
11.51
11.35
