7.092
7.178
7.349
7.495
7.556
7.556
7.556
7.556
7.556
5.927
3.754
3.912
4.071
4.065
4.15
4.26
4.26
4.26
4.291
4.456
4.456
4.456
4.456
4.456
4.456
4.51
4.651
4.651
4.651
4.651
4.651
4.651
4.651
4.651
4.651
4.651
4.651
4.651
4.736
4.846
4.846
4.846
4.846
4.846
4.846
4.846
4.846
4.846
4.846
4.846
4.846
4.846
4.846
4.846
4.846
4.846
4.846
4.846
4.846
4.846
4.846
4.84
4.84
4.846
4.846
4.846
4.846
4.907
5.042
5.042
5.042
5.042
5.042
5.042
5.042
5.035
5.042
5.042
5.042
5.042
5.042
5.042
5.042
5.035
5.042
5.042
5.042
5.042
5.042
5.042
5.042
5.042
5.042
5.109
5.237
5.237
5.237
5.237
5.237
5.237
5.237
5.237
5.237
5.237
5.237
5.237
5.237
5.237
5.237
5.237
5.237
5.237
5.237
5.237
5.237
5.237
5.237
5.237
5.383
5.426
5.426
5.426
5.426
5.566
5.621
5.621
5.621
5.621
5.621
5.621
5.621
5.621
5.621
5.621
5.621
5.621
5.621
5.621
5.621
5.621
5.621
5.621
5.786
5.817
5.817
5.817
5.817
5.817
5.817
5.994
6.012
6.012
6.012
6.012
6.012
6.012
6.006
6.012
6.012
6.012
6.012
6.012
6.012
6.012
6.006
6.079
6.195
6.201
6.201
6.201
6.201
6.311
6.787
6.787
6.787
6.787
6.787
6.787
6.787
6.787
6.787
6.873
7.104
7.361
7.544
7.556
7.556
7.556
7.556
7.556
7.385
7.373
7.361
7.361
4.938
3.442
3.876
4.01
4.065
4.248
4.26
4.26
4.26
4.266
4.26
4.419
4.456
4.456
4.456
4.456
4.456
4.456
4.456
4.578
4.651
4.651
4.651
4.651
4.651
4.651
4.651
4.651
4.651
4.84
4.846
4.846
4.846
4.846
4.846
4.846
4.846
4.846
4.846
4.84
4.846
4.846
4.846
4.846
4.846
4.871
5.042
5.042
5.042
5.042
5.042
5.042
5.042
5.042
5.042
5.035
5.035
5.035
5.035
5.035
5.194
5.231
5.231
5.231
5.231
5.231
5.231
5.231
5.231
5.231
5.42
5.56
5.798
5.811
6.03
6.287
6.555
6.677
6.946
7.3
7.361
7.373
7.361
7.361
6.543
1.834
3.491
3.876
4.016
4.065
4.065
4.065
4.224
4.26
4.26
4.26
4.26
4.297
4.456
4.456
4.456
4.456
4.456
4.456
4.456
4.456
4.456
4.614
4.651
4.651
4.651
4.651
4.651
4.651
4.651
4.651
4.651
4.651
4.651
4.645
4.651
4.651
4.651
4.803
4.846
4.846
4.846
4.846
4.84
4.846
4.846
4.84
4.84
4.84
4.846
4.84
4.846
4.846
4.846
4.846
4.84
4.84
4.84
4.84
4.846
4.846
4.84
4.98
5.035
5.035
5.035
5.035
5.035
5.042
5.042
5.042
5.042
5.035
5.17
5.231
5.231
5.231
5.231
5.231
5.231
5.231
5.316
5.426
5.426
5.426
5.432
5.432
5.475
5.621
5.695
5.817
5.817
5.817
5.817
5.817
5.817
5.817
5.817
5.817
5.817
5.835
6.012
6.012
6.012
6.006
6.012
6.012
6.012
6.012
6.012
6.012
6.012
6.146
6.195
6.201
6.201
6.201
6.201
6.201
6.384
6.396
6.396
6.396
6.396
6.396
6.396
6.396
6.396
6.396
6.396
6.396
6.396
6.396
6.396
6.396
6.396
6.396
6.396
6.396
6.47
6.592
6.592
6.592
6.592
6.763
6.787
6.787
6.787
6.787
6.787
6.787
6.836
6.982
6.982
6.982
7.092
7.202
7.349
7.349
7.349
7.349
7.349
7.349
7.349
7.349
7.349
7.349
7.349
7.361
7.361
7.361
7.361
7.361
7.361
7.373
7.373
7.373
7.349
3.064
3.711
3.876
3.87
3.979
4.071
4.254
4.26
4.26
4.26
4.26
4.333
4.456
4.456
4.456
4.456
4.456
4.456
4.456
4.456
4.456
4.456
4.565
4.651
4.651
4.651
4.651
4.651
4.651
4.651
4.651
4.651
4.651
4.651
4.651
4.651
4.675
4.846
4.846
4.846
4.846
4.846
4.846
4.846
4.846
4.846
4.846
4.846
4.846
4.846
4.846
4.846
4.846
4.846
4.846
4.846
5.023
5.042
5.042
5.042
5.042
5.042
5.042
5.042
5.035
5.035
5.066
5.231
5.231
5.237
5.231
5.231
5.414
5.426
5.426
5.426
5.426
5.591
5.621
5.621
5.811
5.823
6.03
6.201
6.335
6.494
6.726
6.787
7.043
7.239
7.361
7.361
7.361
4.773
3.735
3.9
4.065
4.059
4.059
4.114
4.26
4.254
4.254
4.26
4.37
4.449
4.449
4.456
4.449
4.456
4.456
4.321
1.831
1.788
3.516
3.864
4.004
4.065
4.065
4.224
4.26
4.26
4.26
4.37
4.456
4.456
4.456
4.456
4.456
4.456
4.456
4.456
4.523
4.645
4.645
4.645
4.645
4.645
4.645
4.645
4.645
4.651
4.651
4.645
4.651
4.645
4.645
4.651
4.724
4.84
4.84
4.84
4.84
4.84
4.84
4.84
4.84
4.84
4.834
4.84
4.84
4.84
4.84
4.846
4.84
4.84
4.846
4.846
4.84
4.84
4.84
4.84
4.84
4.84
4.84
4.84
4.84
4.84
4.84
4.84
4.84
4.84
4.84
4.84
4.84
4.84
4.84
4.84
4.84
4.84
4.84
4.84
4.84
4.84
4.84
4.84
4.84
4.84
4.84
4.84
4.84
4.84
4.84
4.84
4.84
4.84
4.84
4.84
4.895
5.029
5.035
5.035
5.035
5.035
5.035
5.035
5.035
5.035
5.035
5.035
5.035
5.035
5.035
5.035
5.035
5.035
5.035
5.035
5.042
5.231
5.231
5.231
5.231
5.231
5.231
5.231
5.231
5.231
5.231
5.231
5.231
5.231
5.2
5.225
5.231
5.231
5.231
5.231
5.231
5.231
5.231
5.231
5.231
5.365
5.42
5.42
5.42
5.426
5.426
5.426
5.603
5.615
5.615
5.615
5.615
5.646
5.811
5.811
5.811
5.811
5.994
6.006
6.006
6.006
6.091
6.262
6.396
6.396
6.775
6.787
7.092
7.349
7.361
7.361
7.373
7.373
7.373
7.361
7.373
7.373
7.373
7.361
7.361
7.361
6.494
3.387
3.754
3.876
4.004
4.071
4.065
4.065
4.211
4.26
4.26
4.26
4.26
4.266
4.358
4.456
4.456
4.456
4.456
4.456
4.456
4.456
4.584
4.651
4.651
4.651
4.651
4.645
4.645
4.645
4.651
4.767
4.834
4.834
4.84
4.84
4.84
4.84
4.846
4.846
4.846
4.84
4.84
4.84
4.846
4.84
4.846
4.846
4.883
5.042
5.042
5.042
5.035
