19.56
17.36
13.77
13.57
14.28
14.99
16.87
18.09
18.7
14.06
13.94
12.46
14.26
16.28
17.58
19.09
18.87
6.641
0.6279
8.777
14.11
12.57
12.82
14.23
12.41
11.95
15.5
13.55
14.84
15.7
16.04
15.87
15.94
11.49
11.89
13.31
14.94
16.14
18.21
17.24
17.11
5.737
26.86
30.71
30.27
29.0
27.34
25.05
24.73
28.08
22.29
13.13
16.43
19.38
17.04
16.41
15.31
12.21
12.94
12.32
11.1
15.53
16.72
15.31
15.75
15.67
15.09
15.58
15.04
17.19
15.92
14.84
15.7
16.21
16.5
19.09
12.55
29.44
32.28
33.5
33.64
30.91
29.83
24.88
12.35
17.04
17.38
16.11
15.75
12.02
17.21
24.8
23.95
23.32
21.68
19.29
17.5
16.48
15.31
15.92
17.29
16.43
14.43
13.5
16.31
13.26
11.9
12.92
14.5
17.24
19.21
21.34
20.19
20.8
24.68
21.12
18.07
15.5
18.73
17.33
18.04
17.46
13.43
13.18
14.06
14.94
20.14
22.22
17.77
15.23
10.44
12.79
16.11
5.688
20.0
20.46
21.46
22.49
22.58
20.85
25.68
19.65
18.12
18.97
22.17
17.19
18.9
21.22
22.27
18.92
15.8
13.33
15.04
13.23
12.67
13.89
14.43
15.99
15.75
16.19
16.36
16.7
4.175
18.99
18.92
19.21
18.55
15.28
15.16
15.11
18.07
21.8
15.97
15.94
15.45
16.58
12.87
13.6
14.16
14.45
15.09
15.31
15.55
14.21
1.025
0.4532
0.05207
0.02861
0.1041
13.99
13.94
14.7
15.87
15.94
14.7
14.84
10.52
13.45
11.77
13.13
14.23
13.21
12.55
11.69
17.24
16.31
16.11
15.16
5.493
0.6325
0.1616
0.02861
0.7347
15.04
15.82
15.23
14.89
15.38
12.92
14.4
12.82
10.06
13.04
8.533
13.82
12.79
13.7
12.99
17.85
16.48
23.1
18.97
1.025
0.5028
0.0391
0.02861
7.275
12.74
12.84
13.16
19.36
15.33
15.19
14.72
12.43
15.48
14.4
15.14
14.7
14.53
12.72
14.99
14.6
15.55
14.75
14.38
1.871
0.5234
0.07811
0.03128
1.175
17.72
14.55
15.01
15.06
15.14
14.94
7.642
13.09
14.94
15.06
14.7
14.97
11.07
12.44
13.4
13.09
13.35
0.2163
0.1276
0.02861
0.02861
0.02604
0.02861
4.614
11.6
15.11
12.84
13.35
14.28
12.11
9.399
13.87
14.36
14.62
14.92
14.65
15.23
12.74
16.87
15.04
14.77
14.62
14.79
4.309
0.6149
0.1354
0.02861
0.02346
5.408
7.654
13.7
12.77
12.55
13.31
15.5
15.62
15.11
16.6
16.6
22.53
21.7
19.29
12.34
12.67
3.156
0.1589
0.0495
0.02346
0.02861
0.02346
0.02861
0.02604
0.2007
11.17
16.26
10.93
12.6
12.46
16.38
12.7
14.45
13.31
10.75
17.09
12.11
10.57
17.02
15.82
15.28
14.94
16.24
9.021
0.7111
0.2811
0.03128
0.02346
8.948
14.6
13.72
14.55
15.62
14.84
14.72
15.01
14.82
10.64
12.05
11.87
13.4
11.18
7.532
0.2083
9.326
14.14
15.01
14.92
14.58
14.82
12.06
12.23
18.46
16.65
15.14
15.01
15.33
15.14
15.62
15.23
14.97
15.16
15.09
15.01
15.87
17.26
15.65
15.26
15.06
15.09
15.26
15.21
15.19
14.84
14.79
15.26
15.21
15.16
14.79
14.99
14.97
15.19
15.06
14.94
15.09
15.11
15.19
15.67
15.09
15.75
15.11
15.09
15.01
11.76
17.36
15.31
15.33
15.8
16.33
15.14
15.31
15.19
15.5
16.72
14.16
14.87
15.31
22.58
24.0
4.791
19.24
15.28
15.06
14.92
15.14
15.14
21.12
20.95
21.12
22.39
24.27
24.12
22.22
20.09
18.29
16.02
15.7
15.06
15.01
14.94
14.97
15.62
15.23
15.31
15.5
15.28
15.14
15.23
15.21
14.97
15.19
15.04
14.89
14.99
15.8
15.28
12.72
8.472
12.55
15.87
16.06
15.65
15.77
17.19
17.33
15.97
14.14
13.77
14.23
15.55
14.55
15.01
15.53
12.84
3.259
24.73
26.22
22.02
16.72
14.89
15.33
17.75
19.34
19.9
21.39
22.22
22.88
23.61
21.73
18.99
15.26
15.23
17.5
18.87
17.6
16.28
15.06
14.97
14.99
14.99
14.99
14.75
15.19
15.26
15.26
15.53
15.04
15.01
15.92
22.71
12.62
22.49
27.44
16.97
20.41
23.56
27.0
27.49
25.73
24.71
17.72
6.921
8.447
29.98
30.66
30.81
30.71
31.25
30.96
32.18
32.42
29.0
28.71
30.62
30.52
29.69
29.83
31.05
31.01
30.96
31.64
32.13
31.49
16.04
21.56
29.54
27.15
30.08
30.91
27.1
27.29
29.49
19.73
13.57
26.46
27.54
16.85
26.56
30.13
28.37
25.88
27.2
13.35
27.25
27.59
20.04
22.46
26.12
13.35
28.66
30.52
26.46
20.0
25.54
16.65
19.8
23.29
18.68
20.34
15.87
27.25
26.27
22.41
19.53
25.29
12.92
17.99
26.61
26.61
27.78
30.81
33.11
32.96
32.71
29.25
29.49
29.59
31.2
32.52
32.03
31.4
31.4
28.37
26.66
25.24
24.37
23.19
20.24
13.11
15.53
16.33
24.54
22.41
21.34
19.65
18.51
16.19
14.94
15.06
14.7
15.48
20.09
4.797
19.14
28.22
29.59
29.0
27.54
27.98
31.25
28.71
28.96
29.35
29.44
29.93
29.15
29.54
26.37
26.07
28.32
30.18
32.71
31.4
31.3
16.94
20.09
26.37
27.44
21.31
17.21
15.36
15.72
14.89
15.7
15.21
14.94
14.77
17.19
17.38
3.394
19.04
15.7
14.99
15.94
16.06
17.02
17.41
18.55
21.56
32.23
32.47
30.96
29.0
30.81
28.66
26.51
25.15
23.54
20.04
18.8
18.7
18.24
16.77
15.38
14.77
16.43
16.75
16.33
22.95
14.09
14.04
17.8
16.7
14.92
20.29
23.9
23.34
27.49
22.61
24.22
27.05
13.53
15.26
16.24
22.53
22.58
23.61
18.19
21.63
23.14
24.76
15.58
14.7
12.38
18.12
15.62
17.36
19.12
18.12
17.46
17.33
13.38
14.65
15.16
9.143
15.99
14.72
14.58
14.67
11.6
16.33
19.8
19.97
21.09
21.88
20.36
21.12
22.31
21.73
15.99
16.5
21.85
20.14
22.75
24.12
27.05
26.61
26.12
26.32
27.88
27.54
23.75
21.8
21.58
21.09
20.87
21.29
24.85
10.94
17.26
22.14
29.59
23.51
24.07
23.1
18.92
17.04
17.82
18.7
19.02
10.82
14.99
24.93
24.73
15.82
14.77
13.94
17.11
19.09
24.51
15.23
14.99
16.92
17.75
16.06
17.04
5.292
0.6195
0.1562
0.02079
0.02604
0.02604
0.02604
0.02604
0.02604
0.02604
0.02604
0.02604
0.02604
0.02604
0.02604
0.02604
0.02604
0.02604
0.02604
0.02604
0.02604
13.96
15.14
20.87
21.61
25.88
15.53
17.87
10.51
13.18
20.02
