0.0
0.0
0.0
0.0
0.0
0.0
0.0
9.537e-05
0.0
0.0
0.0
0.0
0.0
9.537e-05
0.0
0.0
0.0
0.0
0.0
0.0
0.0
0.0
0.0
9.537e-05
0.0
0.0
0.0
0.0
0.0
9.537e-05
0.0
0.0
0.02604
0.1381
1.009
1.208
1.091
1.274
1.111
1.091
1.015
0.9567
2.515
4.413
2.1
2.777
2.249
0.8499
0.1102
1.05
1.294
1.033
1.294
1.324
1.183
1.283
4.15
3.036
2.441
3.54
1.283
0.1698
0.1081
1.067
1.105
1.117
1.039
1.186
0.9552
1.242
4.248
3.668
2.402
2.429
0.9583
0.4829
1.167
1.207
1.328
1.114
1.349
1.169
1.198
5.798
1.883
2.09
2.679
1.224
0.153
0.9109
0.8713
0.9308
0.9415
1.126
0.9155
0.7996
0.8957
0.9781
5.719
1.572
1.953
2.38
1.038
0.4929
1.07
1.012
1.349
1.151
0.9918
0.8698
0.9293
0.9949
5.536
1.834
2.487
1.537
0.5592
0.5005
0.5699
0.3647
0.1183
0.1062
0.07448
0.2747
0.1968
0.5615
0.06809
0.7736
0.7935
1.094
0.8072
0.8316
0.7736
0.8469
1.006
1.06
3.674
3.552
1.541
2.667
1.544
0.8636
0.1352
0.4425
0.5852
0.5653
0.4654
0.3002
0.1301
0.1116
0.08488
0.2537
0.1699
0.4906
0.4463
0.3952
0.5325
0.3338
0.3613
0.1911
0.09575
0.0555
0.1902
0.2579
0.09804
0.7904
0.5386
0.3204
0.5363
0.4875
0.3216
0.06132
0.0967
0.0659
0.2155
0.2682
0.5577
0.4059
0.415
0.1865
0.106
0.06742
0.1146
0.3628
0.037
0.0009537
0.0
0.03891
0.3609
0.3746
0.2857
0.2232
0.3242
0.3136
0.3174
0.3185
0.102
0.3201
0.325
0.08183
0.6935
0.3178
0.322
0.06943
0.1083
0.07782
0.1371
0.2888
9.537e-05
0.0
0.0
0.009632
0.2632
0.3307
0.2296
0.2232
0.2327
0.2823
0.1865
0.0905
0.2357
0.2739
0.2117
0.145
0.5325
0.2079
0.194
0.3376
0.05932
0.09394
0.0843
0.2918
0.03996
0.0003815
9.537e-05
0.006771
0.293
0.2396
0.09108
0.06781
0.1804
0.2766
0.23
0.209
0.3819
0.08516
0.0905
0.06332
0.1402
0.243
0.4906
0.4547
0.7484
0.3208
0.1627
0.0
0.0
0.0
0.0
0.01268
0.5814
0.1839
0.1839
0.1551
0.4181
0.08507
0.1173
0.2525
0.1589
0.5058
0.5157
0.5692
0.412
0.1581
0.1932
0.4417
0.139
0.08945
0.06056
0.2342
0.1888
0.0001907
0.0001907
0.01173
0.7637
0.7652
0.7362
0.3197
0.0761
0.3922
0.4608
0.2178
0.37
0.2666
0.06466
0.09499
0.2144
0.3147
0.4196
0.6096
0.5188
0.1919
9.537e-05
0.0
0.0
0.0
0.0
0.008202
0.3117
0.2827
0.2438
0.09899
0.05789
0.1259
0.285
0.4814
0.03662
0.486
0.06762
0.1051
0.07896
0.2625
0.1011
0.1585
0.4913
0.06399
0.102
0.07515
0.2026
0.2064
0.0005722
0.01116
0.7591
0.1703
0.1268
0.119
0.3628
0.2094
0.3349
0.0988
0.07248
0.1696
0.2655
0.1221
0.1135
0.2144
0.1139
0.1703
0.1787
0.001049
0.09785
0.0
0.0002861
0.0
0.0
0.003624
0.1015
0.2735
0.4684
0.09108
0.1083
0.07849
0.2853
0.3845
0.0948
0.08221
0.2312
0.3216
0.2617
0.1522
0.3048
0.4913
0.185
0.6432
0.1715
0.2781
0.1169
0.07019
0.1888
0.3071
0.182
0.8316
1.349
1.389
1.498
1.472
1.347
1.346
1.422
1.347
1.292
1.231
1.265
1.28
1.465
1.463
1.23
1.37
1.26
1.779
1.581
1.427
1.227
1.031
1.216
0.9842
1.169
2.475
3.424
7.458
5.334
6.433
6.812
6.921
8.459
6.421
6.885
7.349
5.383
4.541
4.901
2.933
2.399
1.733
0.5569
1.041
0.8331
0.8453
0.8316
0.9476
1.091
1.154
0.9735
0.9613
1.076
0.9033
1.164
1.044
0.9445
1.102
0.7233
0.8087
0.8224
0.8224
0.8026
0.7843
1.042
1.292
1.149
1.46
1.411
1.202
1.181
1.175
1.237
1.244
4.59
5.53
5.975
7.446
4.919
9.583
9.253
8.301
6.799
7.117
5.396
4.254
3.589
3.125
2.017
1.92
0.1791
1.06
1.039
0.9079
0.8499
1.096
0.7103
0.7614
0.6927
0.7675
0.7996
0.7141
0.6073
0.5379
0.5737
0.6233
0.7492
0.8698
1.289
1.552
1.512
1.324
1.349
1.172
1.129
1.587
1.617
1.048
1.077
1.085
1.024
0.9888
0.9262
0.9811
0.9445
4.114
4.913
7.275
5.951
3.796
8.142
7.166
7.605
8.655
4.98
4.346
6.201
3.802
4.395
3.491
4.053
1.289
1.427
0.0
0.4303
1.074
1.169
1.03
0.9933
1.105
0.9399
1.015
0.8774
0.8942
0.9964
1.479
1.205
1.268
1.035
1.1
0.9109
1.031
0.885
0.9567
1.001
0.9842
0.9232
1.006
0.9216
1.048
1.03
1.054
1.039
0.9705
0.9949
1.184
6.085
6.848
5.585
5.902
8.398
6.061
8.301
5.42
6.982
5.493
5.92
4.7
4.919
3.906
4.004
1.782
0.378
0.708
0.8377
1.093
1.277
4.132
3.906
1.987
1.413
0.4242
0.5478
0.7683
0.6409
0.824
3.967
1.608
0.9064
0.3109
0.1848
0.1162
0.3841
0.1343
0.5417
0.5974
0.7248
1.331
4.358
1.678
1.328
0.325
0.1308
0.06876
0.08812
0.3998
0.05684
0.9262
1.402
1.135
0.9628
0.9308
1.016
1.065
1.178
1.323
1.143
1.497
1.642
1.447
1.456
1.447
1.524
1.421
1.334
1.204
1.442
1.364
1.402
1.54
1.321
1.265
1.5
1.268
1.99
5.945
7.056
8.044
7.825
7.471
9.338
9.863
6.812
6.073
4.669
4.23
3.278
2.625
1.041
1.108
1.184
1.234
1.198
1.158
1.218
1.225
1.077
1.178
1.131
1.227
1.012
1.569
1.852
1.697
1.678
1.36
1.326
1.282
1.309
1.363
1.366
1.387
1.303
1.242
1.718
1.503
2.35
5.591
8.459
6.323
7.776
8.545
8.582
6.274
6.531
6.531
5.597
5.164
3.467
2.463
0.2724
1.228
2.042
0.2708
0.6897
2.124
0.3517
0.2365
1.308
0.1364
0.2697
0.05579
0.09527
0.07582
0.1829
0.285
0.1518
1.527
0.1516
1.306
0.4532
1.08
0.4349
0.4471
0.9064
0.8347
0.1442
0.8575
0.9064
0.5768
0.5447
0.2266
0.1177
0.0967
0.3094
0.2716
0.9705
0.9781
0.2628
0.0474
0.0988
0.115
0.2857
0.2949
0.1038
0.2583
0.08373
0.07629
0.06323
0.259
0.1623
0.4852
0.4242
0.827
0.08268
0.9338
0.7607
0.0865
0.7294
0.8194
0.2728
0.3853
0.3426
0.5714
9.537e-05
0.4822
0.1427
0.5219
0.2018
0.0967
0.08163
0.2823
0.1171
0.4105
0.3708
0.08469
0.4982
0.2254
0.1022
0.07353
0.2113
0.2045
0.4753
0.3967
0.4311
0.4883
0.2563
0.09413
0.08354
0.2914
0.1095
0.4364
0.235
0.07067
0.09203
0.08917
0.2651
0.1213
0.544
0.5501
0.4608
0.4028
0.4181
0.2895
0.5432
0.3887
0.07591
0.08736
0.07944
0.1635
0.2304
0.3578
0.5363
0.3593
0.02403
0.0001907
0.0
0.0
0.0
0.0
0.0
0.0
0.0
0.0
0.0
0.0
9.537e-05
0.0
0.0
0.0
9.537e-05
0.0
0.0
0.1196
0.7713
0.2464
0.1318
0.1108
0.3399
0.1568
0.6432
0.8148
0.4662
0.09737
