0.0
0.0
0.0
0.0
0.0
0.0
0.0
0.0
0.0
0.0
0.0
0.0
9.537e-05
0.0
0.0
0.0
0.0
0.0
0.0
0.0
0.0
0.0
0.0
0.0
0.0
0.0
0.0
0.0
0.0
0.0
0.0
0.0
0.0
0.01898
0.2571
0.7225
0.8041
0.8438
0.8041
0.6714
0.7584
4.095
3.198
3.11
3.198
1.608
0.0721
0.5951
0.6226
0.7118
0.8041
0.8209
0.7965
0.8148
5.585
1.727
2.383
2.603
1.027
0.2495
0.6683
0.6325
0.737
0.7751
0.9201
1.056
6.323
4.785
2.454
0.5592
0.317
0.2415
0.2804
0.2941
0.275
0.1945
0.5203
0.5585
0.7164
0.679
0.7317
0.7843
0.6989
4.236
3.363
3.314
2.853
0.5165
0.4684
0.7385
0.737
0.8087
0.9048
0.8331
4.462
2.478
3.424
1.831
0.7996
0.2205
0.1839
0.209
0.1774
0.5211
0.6432
0.6989
0.7172
0.7935
0.7019
0.8041
5.725
1.978
3.528
1.642
0.1015
0.6302
0.7324
0.853
0.7523
0.795
0.6935
2.765
3.833
2.57
2.692
0.634
0.02747
0.6035
0.5859
0.5821
0.6386
0.7065
0.9644
1.067
6.171
4.633
2.298
0.06142
0.9018
0.7965
0.8423
1.071
1.251
6.592
3.912
1.459
0.4066
0.3616
1.149
1.234
1.151
1.18
6.238
2.933
3.116
0.8362
0.131
0.6897
0.6485
0.6027
0.7622
0.708
0.7027
0.5676
3.284
3.204
2.792
3.571
1.326
0.3357
0.3677
0.3147
0.0004768
0.0001907
0.002766
0.0
0.0
0.0007629
0.0
0.0
0.0005722
0.0
0.0
0.0
0.0
0.0
0.0
0.0001907
0.0
0.0
0.0
0.0
0.0
0.0
0.0
0.0001907
9.537e-05
0.0
9.537e-05
0.0
0.0
0.0
0.0
0.0
0.0
0.0
0.0
0.0
0.0
0.0
0.0
0.0
0.0
0.0
0.0
0.0
0.0
0.0
9.537e-05
0.0
0.0
0.0
0.0
0.0
0.0
0.0
0.0
0.0
9.537e-05
0.0
0.0
0.0
0.0
0.0
0.0
0.0
0.0
0.0
0.0
0.0
0.0
0.0
0.0
0.0
0.0
0.0
0.0
0.0
0.0
0.0
9.537e-05
0.0
0.0
0.0
0.0
0.0
0.0
0.0
0.0
0.0
9.537e-05
0.0
0.0
0.0
0.0
0.0
0.0
0.0
0.0
0.0
0.0
0.0
0.0
0.0
0.0
0.0
0.0
0.0
0.0
0.0
0.0
0.0
9.537e-05
0.0
0.0
0.0
0.0
0.0
0.0
0.0
9.537e-05
0.0
0.0
0.0
0.0
0.0
0.0
0.0
0.0
0.0
0.0
0.0
0.0
0.0
0.0
0.0
9.537e-05
0.0
0.0
0.0
0.0
0.0
0.0
0.0
9.537e-05
0.0
0.0
0.0
0.0
0.0
0.0
0.0
0.0
0.0
0.0
0.0
9.537e-05
0.0
0.0
0.0
0.0
0.0
0.0
0.0
9.537e-05
0.0
0.0
0.0
0.0
0.0
9.537e-05
0.0
0.0
0.0
0.0
0.0
9.537e-05
0.0
0.0
0.0
0.0
0.0
0.0
0.0
0.0
0.0
9.537e-05
0.0
0.0
0.0
0.0
0.0
0.0
0.0
0.0474
0.5615
0.8942
0.9476
0.9171
1.118
1.149
1.137
0.9552
0.8392
0.9308
1.024
0.824
0.9079
0.9201
0.9781
0.9125
1.01
1.132
1.132
1.236
3.448
6.995
6.372
4.858
5.347
10.68
6.372
8.447
6.287
8.643
6.921
4.877
3.479
3.4
3.198
0.07315
0.5791
0.6477
0.6027
0.631
0.5997
0.6165
0.6859
0.6676
1.187
1.134
1.076
0.882
0.9354
1.167
1.041
1.024
0.9659
0.9171
0.9216
0.8987
0.9216
0.9293
1.134
6.177
10.97
11.33
10.56
8.948
9.741
9.753
6.287
3.815
2.234
1.079
0.4898
1.233
1.154
1.083
1.068
0.9827
0.9094
0.8972
0.882
0.7759
0.6973
0.7637
0.882
0.9781
0.9277
0.9827
0.8896
0.7141
0.8026
0.8224
0.7935
0.7706
0.7294
3.217
5.261
7.129
4.401
6.47
6.47
9.46
6.738
7.983
8.582
6.555
4.419
3.619
2.713
2.225
1.241
0.6096
0.8423
0.8194
0.856
0.6996
0.7042
0.6744
0.7919
0.6775
0.6111
0.5745
0.4791
0.4677
0.4898
0.5508
0.5615
0.7751
1.003
0.8865
0.8163
0.7118
0.7965
0.8087
0.7462
0.6546
0.602
0.5699
0.7248
5.359
8.093
5.444
10.89
11.83
11.55
7.251
5.457
7.275
4.077
3.577
3.967
0.7172
1.724
0.4768
0.4181
0.4768
0.6287
0.6149
0.6874
0.6996
0.6973
0.6599
0.6187
0.6134
0.6538
0.6645
0.602
0.6706
0.528
0.544
0.5684
0.5951
0.5852
0.6165
0.75
0.7599
0.7347
0.7225
0.6142
0.5791
0.6264
0.6866
0.6752
0.7179
2.563
6.323
6.628
3.778
6.592
5.231
8.459
7.751
7.104
8.313
6.287
6.116
5.261
3.168
3.32
1.926
1.108
0.5081
0.6958
0.5707
0.5394
3.162
3.247
4.199
2.078
0.3738
0.6172
0.6271
0.6569
3.235
4.645
3.021
1.682
0.2472
0.1436
0.2739
0.235
0.3647
0.6348
0.6355
3.729
2.634
1.227
0.0948
0.4013
0.3906
0.4852
2.38
3.979
1.27
0.08497
0.4906
0.5089
0.6828
3.583
1.627
1.569
0.1083
0.589
0.8469
0.8698
0.8316
0.7996
0.8301
0.885
0.9598
0.8072
0.7393
0.6943
0.7614
0.7256
0.7843
0.7263
0.7248
0.7217
0.7317
0.7919
0.7828
0.7904
0.7278
0.8316
0.8408
0.7713
0.8713
3.253
7.239
7.08
4.175
12.94
10.36
10.66
7.507
7.08
6.36
4.98
2.814
1.32
0.8408
1.025
1.051
1.151
1.149
1.178
1.17
1.227
1.042
1.057
0.9399
1.019
1.035
0.9613
0.9476
0.8728
0.9033
0.9201
0.8591
0.9842
6.152
7.507
4.95
7.056
10.31
10.64
10.91
5.444
10.34
4.968
4.272
4.089
2.377
0.9201
0.4829
0.795
0.8957
0.9201
1.071
1.064
1.086
1.038
0.9735
0.9705
0.9598
0.9995
0.9354
0.8316
0.8545
0.8392
0.8301
0.7828
0.7156
0.9308
0.9964
1.172
3.027
8.521
10.03
10.03
7.3
10.25
9.912
9.412
5.774
3.546
3.04
0.7126
0.7195
1.442
0.3036
0.3487
0.1579
0.3674
0.8072
0.8179
0.4395
0.5417
0.9201
0.08278
1.447
1.416
0.1196
0.9232
1.091
1.152
1.178
1.122
1.192
1.071
1.001
1.028
1.086
0.9109
0.7614
0.9384
1.041
1.176
1.027
0.8377
0.7935
0.8942
1.016
2.301
7.3
10.74
7.239
7.715
7.056
7.861
6.848
5.872
6.274
3.394
3.473
2.728
2.338
1.334
0.4974
0.9369
0.9628
1.044
0.975
1.021
1.042
0.8408
0.798
0.7385
0.7683
0.9262
0.9689
0.9018
0.6905
0.8377
1.015
0.9277
0.9995
0.9933
1.001
1.044
5.487
10.5
9.277
9.521
8.032
9.534
7.043
7.373
6.897
4.523
2.856
1.913
0.4974
0.0
0.0002861
0.0
0.0
0.0
0.0
0.0
0.0007629
0.0
0.0
0.0
0.0
0.0
0.0
0.0
0.0
0.0
0.0
0.0
0.0004768
0.0
0.0
0.0
9.537e-05
0.0
0.0
0.0
0.0
0.0
0.0
9.537e-05
0.0
0.0
0.0
0.0
0.0
0.0
0.0
0.0
