0.2682
0.4601
0.1564
0.1364
0.09918
0.3166
0.185
0.4395
0.1673
0.2094
0.2926
0.4089
0.3101
0.3448
0.259
0.116
0.07668
0.2384
0.2151
0.3685
0.1968
0.1646
0.3159
0.2132
0.1116
0.06876
0.2472
0.1844
0.2403
0.4837
0.1387
0.1013
0.2655
0.2583
0.5035
1.135
1.143
1.16
1.181
0.9277
0.9384
0.9933
0.9476
1.134
6.274
1.91
2.689
2.805
1.189
0.2232
0.3593
0.235
0.1125
0.9155
1.109
1.155
1.169
1.21
1.012
1.239
1.012
1.088
4.48
3.018
1.981
3.381
1.32
1.135
0.6325
0.3944
0.09327
0.09184
0.2216
0.2674
0.2029
0.4684
0.2567
0.2293
0.3147
0.3803
0.1396
0.08783
0.2434
0.2228
0.5142
0.2182
0.1125
0.07639
0.251
0.2892
0.425
1.147
1.508
1.343
1.399
1.241
1.378
3.937
4.633
3.802
1.956
0.4349
0.1633
0.2388
0.341
0.3311
0.1476
0.2544
0.2609
0.5249
0.4898
1.672
1.944
1.993
1.437
1.495
5.585
2.921
4.132
1.093
0.6332
0.563
0.1394
0.9003
0.3475
0.1671
0.2979
0.1789
0.9399
0.5753
0.6195
0.5829
0.5959
0.8301
0.5836
0.1585
0.14
0.3765
0.07887
1.17
1.465
1.636
1.761
1.932
1.534
6.873
5.06
1.971
0.1287
1.352
1.804
1.682
1.369
1.718
3.723
6.311
4.474
1.27
0.3944
1.453
1.749
1.521
1.562
1.35
3.583
4.84
3.754
2.014
0.914
0.3826
0.333
0.1759
0.3765
0.4478
0.6378
0.1917
0.1406
0.2663
0.2689
0.4524
0.4105
0.3815
0.0004768
0.0006676
0.0
0.0
0.0
0.0002861
0.0001907
0.07153
0.1657
0.2411
0.2743
0.03061
0.6233
0.2678
0.1522
0.2502
0.2441
0.4135
0.4311
0.4822
0.2232
0.346
0.2842
0.3174
0.0
9.537e-05
0.0
9.537e-05
0.0
0.0
0.007248
0.3067
0.3838
0.4173
0.4868
0.3414
0.115
0.05894
0.2182
0.2903
0.2895
0.272
0.2682
0.2453
0.444
0.06618
0.1181
0.2399
0.2739
0.0005722
0.0003815
0.0
0.0
0.0
0.04845
0.2708
0.415
0.3044
0.1141
0.07467
0.2392
0.2216
0.3155
0.3601
0.5211
0.396
0.4456
0.3117
0.1316
0.09766
0.4112
0.5356
0.06857
0.0
0.0003815
0.0
0.0
0.0
0.05016
0.975
0.1509
0.7904
0.2598
0.1465
0.2907
0.4822
0.1427
0.1316
0.4318
0.9094
0.8423
0.7309
0.2151
0.3136
0.4265
0.1999
0.1385
0.2773
0.2125
9.537e-05
9.537e-05
0.0007629
0.01812
0.3101
0.2377
0.01307
0.7301
0.3052
0.1431
0.256
0.169
0.6706
0.5608
0.663
0.2487
0.2041
0.6004
0.4829
0.4982
0.1581
0.0
0.0
0.0004768
0.0
0.0
0.0
0.0
0.02041
0.7027
0.383
0.2731
0.3857
0.124
0.09279
0.3868
0.515
0.1524
0.4967
0.145
0.1257
0.3853
0.2453
0.173
0.1778
0.0006676
0.0
0.0
0.0
0.0
0.0
0.0003815
0.0
0.1606
0.198
0.5737
0.0598
0.104
0.12
0.4196
0.6592
0.33
0.1574
0.2998
0.3639
0.3571
0.1806
0.235
0.1858
0.002098
0.0001907
0.0
9.537e-05
0.0
0.0
0.0
0.3132
0.2018
0.1646
0.259
0.4662
0.2087
0.1289
0.2037
0.2861
0.19
0.1822
0.214
0.1484
0.2888
0.1778
0.2827
0.2457
0.1427
0.0824
0.2544
0.3685
0.2506
0.779
0.7469
0.9033
1.044
0.8835
1.193
1.07
0.9918
1.062
1.318
1.025
0.8743
0.8835
0.8972
0.9674
0.9552
0.9506
1.089
0.9842
0.946
1.111
0.9323
1.572
1.118
1.004
0.9979
1.103
1.051
1.057
1.237
1.518
1.62
1.346
3.04
4.041
6.726
7.568
10.44
6.775
8.777
9.656
8.167
4.529
7.8
6.946
3.204
2.954
2.676
0.2502
1.016
1.152
1.453
1.651
1.913
1.764
1.364
1.424
1.657
1.981
1.874
1.466
1.37
1.318
1.205
1.418
1.437
1.266
1.147
1.688
1.617
1.682
1.483
1.097
1.146
1.202
5.237
6.897
6.036
3.528
4.865
5.481
7.214
5.737
6.665
6.689
6.97
6.531
4.791
3.735
2.67
2.969
2.393
0.1362
0.9964
1.102
0.9491
0.9262
0.9003
0.9552
1.042
0.9109
1.007
0.9399
1.004
0.9796
1.05
0.8133
0.7431
0.7286
0.8102
0.8163
0.8682
0.9598
1.175
0.9491
0.8713
0.9949
0.9705
0.8255
0.9171
0.856
0.7858
0.9201
0.9491
0.9079
1.018
1.1
1.102
0.8698
0.9964
1.746
4.218
5.493
9.802
7.495
8.228
10.69
11.17
9.668
5.243
4.474
7.91
6.134
4.34
3.259
2.673
0.07839
0.8499
1.295
1.256
1.405
1.175
1.082
0.9369
1.01
0.9674
1.208
1.083
1.253
1.241
1.207
1.195
1.353
1.352
1.334
1.096
1.268
1.23
1.317
1.216
1.167
1.08
0.8789
1.558
1.74
1.566
2.896
5.719
10.11
11.18
11.57
12.48
10.21
8.008
9.473
4.993
4.712
2.051
0.9003
0.9933
1.791
2.011
1.834
1.913
1.849
1.956
1.468
1.472
1.44
1.608
1.556
1.379
1.523
1.32
1.469
1.584
1.439
1.419
1.559
1.697
1.819
1.372
3.876
4.388
5.878
7.642
9.497
6.909
8.777
9.058
9.326
6.555
6.58
4.413
4.016
4.944
0.8041
2.377
0.243
1.439
1.514
1.381
1.578
1.617
1.198
1.047
1.256
1.256
1.413
1.201
1.141
0.9811
0.9186
0.885
0.9262
0.975
1.068
1.112
1.195
1.105
1.122
1.32
1.282
1.007
1.033
1.17
1.204
1.216
1.402
1.297
1.317
3.522
4.871
7.727
7.715
5.798
4.803
5.957
5.585
6.445
8.704
8.582
6.262
3.125
2.319
2.753
0.6584
1.663
2.042
1.941
2.008
2.02
1.599
1.849
2.023
2.588
2.338
1.816
1.685
1.599
1.749
1.675
1.512
1.303
1.103
1.024
0.8545
0.9338
0.9903
1.015
1.094
1.648
3.491
5.731
7.861
4.413
5.109
8.789
6.604
8.667
7.812
7.3
5.756
3.098
3.442
2.628
2.713
2.362
0.4883
1.813
1.009
0.145
1.254
0.1362
1.012
1.19
1.204
1.562
1.706
1.456
1.376
1.575
1.755
1.527
1.529
1.801
1.91
1.782
1.898
1.828
1.794
1.709
1.724
1.639
1.733
1.369
1.381
1.422
1.401
4.108
7.715
9.583
7.922
7.031
9.009
9.094
6.958
9.619
3.888
3.912
2.814
2.737
0.3109
0.1192
0.1076
0.317
0.5142
0.5615
0.4242
0.08831
0.1528
0.1606
0.3342
0.8392
0.5028
0.5989
0.4143
0.1183
0.07505
0.2377
0.2655
0.5997
1.163
1.308
1.166
1.302
1.308
1.308
1.424
1.53
1.468
1.253
1.068
1.086
1.126
1.295
1.218
1.028
1.082
1.109
1.324
1.198
1.097
1.147
1.097
0.9918
1.053
1.198
1.219
1.297
0.9796
1.038
1.158
4.138
6.348
8.826
4.858
4.022
6.848
6.714
6.134
7.312
5.951
7.361
4.407
3.339
2.618
2.026
2.139
2.777
0.6065
0.0
0.0
0.0
0.0
0.0
0.0
0.0
0.0
0.0
0.0
0.0
0.0
0.0
0.0
0.0
0.0
0.386
0.3727
0.5814
0.679
0.2563
0.2045
0.09432
0.06609
0.1005
0.2949
