0.2071
0.3868
0.3151
0.3071
0.441
0.3292
0.3792
0.3914
0.2647
0.325
0.3319
0.5348
0.2487
0.3349
0.0003815
0.0
0.0
0.0
0.0
0.0
0.00248
0.1633
0.3456
0.2522
0.3822
0.338
0.2686
0.132
0.1232
0.1202
0.3742
0.1221
0.2319
0.5241
0.1904
0.3731
0.1314
0.1143
2.365
3.217
3.122
3.302
6.226
3.424
0.7477
0.1675
2.142
3.119
3.308
3.21
5.811
2.631
0.3784
0.2258
0.1162
0.132
0.4105
0.2941
0.2529
0.1623
0.1598
0.2625
2.28
3.455
3.43
3.68
5.664
2.271
0.201
0.3242
0.4105
0.12
0.1139
0.1995
0.3895
0.375
0.3998
0.1091
0.3544
0.3067
0.0
2.258
3.149
3.253
4.7
4.999
1.5
1.035
2.823
2.841
2.536
5.109
2.008
2.399
0.4715
0.1312
0.3304
0.119
0.1707
0.005245
0.0
0.3014
1.718
2.231
2.353
2.399
5.615
3.235
0.56
0.2594
1.852
2.872
2.997
3.436
5.676
2.158
0.3601
0.3521
0.3269
0.6165
0.1492
0.3414
0.1038
0.3735
2.951
3.036
3.198
5.994
3.357
0.9644
0.5173
0.5173
0.4288
0.4715
2.292
3.387
3.552
5.322
4.028
1.43
0.7889
0.4166
0.3757
0.3414
0.4028
0.6058
0.4684
0.3204
0.3826
0.3338
0.312
0.6264
0.2365
0.4044
0.3407
0.5936
0.2155
3.055
2.963
2.869
3.375
5.31
2.191
0.4784
3.03
3.107
3.174
5.823
3.479
0.6699
0.5669
0.3769
0.4425
0.6126
0.1898
0.5722
0.33
0.09298
0.1436
0.2876
0.2834
0.2296
0.0
0.0
0.0
0.0
0.0
0.0
0.0
0.0
0.004959
0.2548
0.227
0.1059
0.1421
0.2949
0.2674
0.2319
0.2384
0.2098
0.3223
0.1635
0.3365
0.3807
0.1755
0.2747
0.0001907
0.0001907
0.0
9.537e-05
0.0
0.0
0.0
0.0
0.0
0.2251
0.1944
0.502
0.3761
0.2007
0.4654
0.3273
0.383
0.2987
0.1581
0.1778
0.1877
0.4845
0.1062
0.1392
0.09918
0.3101
0.01097
9.537e-05
0.0
0.0
0.0
9.537e-05
0.0
0.1211
0.2048
0.1957
0.2621
0.2083
0.2228
0.2861
0.3719
0.08631
0.1137
0.3349
0.1585
0.7256
0.4776
0.3464
0.124
0.0002861
0.0
0.0
0.0
9.537e-05
0.0
0.0
0.0
0.004005
0.6363
0.7179
0.07248
0.07744
0.1225
0.1499
0.1268
0.1444
0.383
0.1118
0.09823
0.08268
0.2811
0.07858
9.537e-05
0.0
0.0
0.0
0.0
0.0
0.0
0.0
0.004387
0.2052
0.457
0.2792
0.1534
0.2571
0.2213
0.235
0.2056
0.1995
0.1823
0.5821
0.1732
0.4601
0.4372
0.4074
0.0001907
9.537e-05
0.0
0.0
0.0
0.0
0.0
0.0
0.0
0.003433
0.1446
0.1944
0.1738
0.1236
0.1186
0.2834
0.2674
0.359
0.09136
0.2209
0.2907
0.116
0.0
0.1106
0.0
0.0
0.0
0.0
0.0
0.0
0.0
0.0
0.0
0.0001907
0.0844
0.1003
0.2537
0.09155
0.002575
0.4028
0.01059
0.0002861
0.0
0.0
0.0
0.0
0.0
0.3857
0.3536
0.1486
9.537e-05
9.537e-05
0.0
0.0
0.0
0.0
0.0
0.3803
0.2316
0.4745
0.09756
0.214
0.5707
2.039
2.551
2.338
2.728
2.814
2.82
2.768
2.399
2.042
1.926
2.112
2.969
2.878
2.563
2.676
2.548
2.881
3.021
4.633
10.01
11.6
9.143
7.629
6.049
3.024
1.134
2.17
2.283
5.176
2.536
0.2777
3.174
3.473
3.772
3.693
3.516
3.024
2.588
2.487
2.255
2.182
2.078
2.008
2.02
1.828
1.663
1.773
1.779
1.944
6.995
3.918
4.901
5.383
7.764
5.676
6.201
4.81
4.224
1.501
0.7874
1.329
1.843
1.794
1.825
1.852
1.776
1.907
1.755
1.776
1.459
1.541
1.596
1.442
1.508
2.798
3.522
3.351
2.808
3.693
3.595
4.62
9.692
9.399
9.949
5.908
5.646
2.991
0.6264
1.439
1.675
2.014
2.029
2.228
2.377
2.454
2.652
2.457
2.82
3.699
3.503
3.595
3.76
3.833
3.955
5.402
9.863
8.484
8.765
8.13
5.707
3.085
1.024
2.948
3.491
3.406
3.07
2.985
2.832
2.722
2.838
2.826
2.536
2.582
2.548
2.551
3.131
3.369
5.035
8.752
9.375
9.741
7.397
5.481
3.247
0.914
2.682
3.278
2.991
3.29
3.278
3.387
3.168
3.012
3.223
3.174
3.18
2.808
2.722
2.71
4.651
8.154
10.45
8.484
7.178
5.341
2.396
1.1
3.687
3.491
3.073
2.664
2.518
2.802
3.387
3.485
3.381
3.809
3.729
3.619
3.864
3.65
9.351
9.741
9.814
7.495
5.42
4.126
1.262
2.164
3.491
3.748
3.491
3.51
3.528
3.442
3.51
3.18
3.51
3.406
3.43
3.613
4.291
8.521
8.813
9.302
6.714
6.183
3.882
1.418
1.141
2.386
4.633
0.4181
1.62
2.029
4.547
0.4852
1.657
2.979
3.656
0.4448
2.185
3.979
2.774
0.5951
2.155
4.541
1.239
0.3204
0.4868
0.4417
0.2193
0.3555
1.469
2.322
4.553
0.7217
0.3128
0.3555
1.079
2.515
4.236
0.2441
1.932
3.76
3.07
0.4471
0.3777
0.09899
1.434
2.936
3.772
0.1659
2.283
3.717
3.65
3.363
3.143
2.829
2.917
2.777
2.67
2.682
2.527
2.524
2.335
2.344
2.286
2.081
1.81
4.077
6.372
2.908
5.182
5.573
8.374
5.536
6.873
4.846
4.382
3.259
1.578
1.187
3.497
3.778
3.772
3.668
3.54
3.65
3.613
3.662
3.29
3.668
3.473
3.198
3.4
5.139
7.251
7.874
8.801
6.171
8.02
5.469
3.955
1.254
0.798
1.636
2.176
2.164
2.078
2.301
2.332
2.069
2.188
2.155
2.078
1.999
1.965
1.534
1.437
1.416
1.227
1.402
1.477
1.715
1.566
1.602
1.614
1.569
1.572
2.847
7.397
2.899
4.84
4.102
5.573
6.519
5.579
4.163
5.096
3.54
4.095
3.516
1.697
0.3773
0.8102
0.4044
1.047
0.1307
1.263
0.1595
0.2949
0.08354
0.05941
0.07801
0.3506
0.531
2.039
1.944
1.871
1.791
1.834
1.978
1.947
2.02
2.069
2.097
2.353
2.209
2.054
2.124
2.06
2.005
2.13
2.295
1.91
3.815
7.471
7.214
7.41
7.263
7.166
4.968
4.272
2.097
0.4097
0.9338
0.6729
0.7706
0.3014
0.1583
0.2934
0.7767
0.6287
0.6844
0.634
0.6676
0.1902
0.2987
0.2647
0.5623
0.8179
0.2277
0.1852
0.3983
0.412
0.3426
0.3139
0.301
0.1755
0.3845
0.4097
0.1375
0.2499
0.2323
0.647
0.1953
0.2117
0.2487
0.3376
0.2625
0.2922
0.3544
0.3208
0.2846
0.246
0.2281
0.2262
0.2426
0.0
0.0
0.0
0.006199
0.3407
0.349
0.2785
0.444
0.2892
0.3189
0.4868
0.2419
0.2235
0.3857
0.3311
0.47
0.1709
0.1396
0.3563
0.3613
0.3136
0.3178
0.1286
0.2674
0.198
0.0001907
9.537e-05
9.537e-05
0.0
0.0
0.0
0.0
0.0
0.0
0.0
0.0
0.0
0.0
0.0
0.0
0.0
0.0
0.0
0.009727
0.7004
0.309
0.07849
0.07915
0.09146
0.2533
0.2171
0.1905
