0.0
0.0
2.832
0.001335
0.001144
0.0007629
0.0007629
0.0008583
0.0009537
0.001049
0.0007629
0.001144
0.0009537
0.0007629
0.001049
0.001717
0.0007629
0.0009537
0.0008583
0.0007629
0.0007629
0.0008583
0.0007629
0.0007629
0.0009537
0.0007629
0.0007629
0.0009537
0.00124
0.001144
0.0007629
0.0007629
0.00124
0.0008583
0.0008583
0.0008583
0.001717
0.0008583
0.0008583
0.0007629
0.0007629
0.0007629
0.0007629
0.001907
0.0009537
0.0006676
0.0007629
0.0007629
0.0008583
0.00124
0.0007629
0.0008583
0.001049
0.003147
0.001049
0.0
