0.03643
0.0288
0.03357
0.02966
0.02575
0.02232
0.03004
0.02766
0.03719
0.03538
0.02947
0.02584
0.02766
0.035
0.02804
0.0268
0.03223
0.02737
0.02966
0.04263
0.03262
0.03042
0.03471
0.03176
0.04473
0.03853
0.03481
0.04044
0.03347
0.03834
0.03023
0.0288
0.03481
0.03643
0.03576
0.02651
0.02604
0.02813
0.02785
0.03071
0.03452
0.02394
0.02661
0.03157
0.03805
0.02985
0.03271
0.03033
0.03176
0.03042
0.02584
0.02718
0.02851
0.02451
0.03166
0.0268
0.02308
0.0268
0.02642
0.02594
0.02604
0.02499
0.06266
0.0227
0.0246
0.02451
0.02203
0.02251
0.02108
0.02117
0.0246
0.02279
0.02308
0.02174
0.01669
0.02508
0.01955
0.01917
0.02203
0.02012
0.02041
0.02069
0.01945
0.02127
0.01926
0.01726
0.01802
0.02222
0.01955
0.0227
0.01955
0.01965
0.0185
0.04635
0.03576
0.01698
0.01793
0.01278
0.01278
0.02356
0.0309
0.01593
0.01478
0.02165
0.02804
0.02251
0.02174
0.01421
0.02632
0.02651
0.02012
0.01764
0.01936
0.01984
0.02546
0.01535
0.01478
0.03071
0.01574
0.02985
0.03643
0.02823
0.02308
0.02832
0.02222
0.02604
0.01593
0.01459
0.01554
0.01593
0.01717
0.01364
0.01516
0.02079
0.01526
0.01841
0.01688
0.02031
0.02308
0.01545
0.01507
0.02346
0.02537
0.02565
0.03309
0.02527
0.01831
0.02851
0.02604
0.02403
0.01888
0.03805
0.0308
0.03042
0.01955
0.01621
0.01526
0.01869
0.02365
0.04072
0.04845
0.02613
0.03004
0.04225
0.05512
0.03443
0.04539
0.02623
0.02651
0.01822
0.02403
0.0247
0.01993
0.02375
0.01926
0.02756
0.03033
0.033
0.03138
0.03939
0.06905
0.03633
0.05417
0.05569
0.0391
0.02899
0.02222
0.03004
0.02832
0.03443
0.03233
0.02775
0.02575
0.037
0.03719
0.02718
0.04005
0.0309
0.03176
0.03653
0.03519
0.03119
0.04148
0.05159
0.07772
0.03939
0.03929
0.02832
0.03233
0.02699
0.037
0.02708
0.03195
0.04148
0.03347
0.02804
0.0248
0.03014
0.05322
0.02956
0.02766
0.02651
0.02584
0.03023
0.02403
0.02623
0.03328
0.03262
0.03195
0.03347
0.02766
0.04644
0.04082
0.03881
0.0473
0.02851
0.04053
0.03719
0.03977
0.03185
0.02708
0.03481
0.03281
0.02842
0.03681
0.03338
0.02842
0.03452
0.03519
0.02804
0.04311
0.03309
0.02422
0.02527
0.02756
0.04625
0.04206
0.0289
0.02604
0.02174
0.02356
0.02766
0.03271
0.02594
0.02232
0.02689
0.03223
0.02899
0.03223
0.02747
0.03071
0.03347
0.02642
0.07486
0.03262
0.03157
0.03309
0.03595
0.02861
0.03319
0.02842
0.02832
0.02928
0.03233
0.02947
0.03195
0.03262
0.02823
0.02937
0.03843
0.0308
0.02918
0.02737
0.03624
0.0309
0.0308
0.0289
0.03376
0.03204
0.02661
0.02794
0.03061
0.02699
0.03004
0.02708
0.04339
0.02728
0.03052
0.03147
0.03252
0.02842
0.03424
0.02441
0.02975
0.02651
0.0289
0.02928
0.02851
0.03271
0.03386
0.02747
0.02813
0.02995
0.0308
0.03061
0.03366
0.02699
0.03119
0.033
0.04005
0.03185
0.02785
0.03262
0.03672
0.03757
0.04683
0.04063
0.04854
0.03891
0.04301
0.0329
0.02718
0.03386
0.03281
0.03767
0.03023
0.02899
0.02861
0.02403
0.02651
0.03138
0.02775
0.02728
0.02365
0.01984
0.02327
0.02441
0.02708
0.02556
0.02298
0.02422
0.03262
0.02766
0.02394
0.02851
0.02928
0.02546
0.02689
0.03233
0.03214
0.02222
0.0329
0.02079
0.02327
0.03033
0.02041
0.01431
0.01802
0.01421
0.02108
0.01602
0.01364
0.02165
0.01879
0.02804
0.01917
0.03881
0.04349
0.05074
0.06638
0.07544
0.08192
0.06189
0.04616
0.0349
0.04511
0.03328
0.03681
0.01659
0.01936
0.02136
0.02413
0.02241
0.02003
0.01764
0.02718
0.03662
0.03414
0.02747
0.03481
0.0391
0.03424
0.06428
0.03185
0.04892
0.06847
0.07677
0.03653
0.04511
0.04158
0.06828
0.05131
0.04787
0.03996
0.04644
0.05445
0.03099
0.03881
0.02775
0.03099
0.02546
0.02546
0.03462
0.04673
0.03281
0.02394
0.02298
0.03967
0.03443
0.0349
0.02756
0.02155
0.02356
0.02422
0.02108
0.03166
0.02718
0.02823
0.0247
0.02661
0.02785
0.02527
0.033
0.02909
0.03538
0.05875
0.03853
0.04587
0.0412
0.04311
0.04721
0.04425
0.04873
0.0556
0.05856
0.05798
0.04654
0.06313
0.04816
0.05913
0.04301
0.04444
0.03147
0.0391
0.04234
0.04578
0.06199
0.0493
0.05636
0.05722
0.06247
0.05264
0.05054
0.03901
0.04368
0.06914
0.05999
0.05579
0.06113
0.06618
0.0803
0.07429
0.05875
0.08011
0.06762
0.06943
0.0577
0.0555
0.04988
0.0556
0.04253
0.05989
0.05188
0.05026
0.03281
0.04768
0.06037
0.06094
0.04463
0.03881
0.05951
0.05989
0.05169
0.05093
0.04253
0.04959
0.04568
0.04835
0.04492
0.04606
0.04053
0.04272
0.03519
0.03586
0.03529
0.03614
0.03481
0.03519
0.03405
0.03614
0.04864
0.03691
0.04244
0.037
0.03901
0.03481
0.03471
0.03996
0.03834
0.05188
0.05159
0.04711
0.04501
0.03662
0.03347
0.04768
0.04091
0.04206
0.0432
0.0351
0.04148
0.04063
0.03757
0.05341
0.05341
0.05083
0.04826
0.0598
0.05569
0.04511
0.06199
0.04883
0.06266
0.05102
0.04683
0.0473
0.05388
0.04969
0.05255
0.05369
0.05207
0.04272
0.06342
0.04654
0.05207
0.05198
0.05217
0.04377
0.05703
0.04463
0.05703
0.0536
0.04911
0.04969
0.05121
0.04854
0.04654
0.04406
0.037
0.04044
0.04301
0.06132
0.04807
0.0576
0.04587
0.05064
0.0473
0.05436
0.04578
0.05531
0.05636
0.0536
0.06332
0.05894
0.05455
0.0556
0.04654
0.04759
0.04873
0.0514
0.0432
0.0515
0.05255
0.03948
0.04921
0.05035
0.037
0.02909
0.03595
0.03767
0.05207
0.04091
0.04587
0.02823
0.03567
0.0392
0.0494
0.04549
0.04787
0.04005
0.03939
0.04759
0.03347
0.033
0.03738
0.02937
0.02747
0.02871
0.0268
0.02785
0.02718
0.04368
0.02394
0.01526
0.02098
0.02708
0.02298
0.03595
0.01755
0.03214
0.01688
0.03548
0.0246
0.0164
0.01917
0.01717
0.01993
0.01926
0.02775
0.03967
0.02689
0.02747
0.0247
0.02251
0.02613
0.02317
0.01822
0.01631
0.02022
0.04025
0.0247
0.03004
0.01945
0.03271
0.01898
0.02413
0.01955
0.01602
0.0145
0.04892
0.04272
0.02499
0.02432
0.02136
0.0246
0.02756
0.02728
0.01955
0.04272
0.02747
0.02851
0.02594
0.04225
0.03796
0.03519
0.03233
0.03233
0.02861
0.03223
0.0392
0.02918
0.0289
0.02031
0.02213
0.02308
0.01831
0.04225
0.02499
0.02222
0.02995
0.033
0.03233
0.04396
0.0329
0.02937
0.03033
0.02165
0.03119
0.03538
0.03691
0.03557
0.02794
0.02489
0.02308
0.02289
0.02832
0.03319
0.037
0.03033
0.02623
0.02584
0.03233
0.02699
0.02823
0.02756
0.02794
0.03252
0.03624
0.04206
0.03824
0.03443
0.0248
0.02527
0.04244
0.04005
0.03195
0.03052
0.03405
0.03967
0.03538
0.05274
0.04559
0.03796
0.03939
0.02899
0.03309
0.03662
0.03471
0.03424
0.03157
0.02737
0.03672
0.03414
0.04339
0.04177
0.03862
0.03786
0.03719
0.05217
0.0473
0.04301
0.04015
0.06094
0.06666
0.04797
0.04368
0.0535
0.04807
0.06552
0.07353
0.08497
0.06084
0.07019
0.05035
0.07133
0.05865
0.08726
0.07305
0.08802
0.06428
0.06762
0.06514
0.07763
0.06037
0.05646
0.05608
0.05522
0.05026
0.05264
0.05236
0.06189
0.06218
0.0596
0.06027
