2.396
5.365
2.136
2.966
2.512
1.187
1.624
1.248
1.222
1.108
1.299
0.6851
3.174
2.936
1.233
2.045
1.036
0.8926
1.27
1.108
0.5714
2.502
3.491
1.187
2.325
0.7652
1.245
3.589
1.624
1.273
2.069
1.224
0.4768
1.3
0.5577
1.364
1.357
1.46
0.4761
2.103
0.8896
0.0
0.0
0.0
0.0
0.0
0.0
0.0
0.0001907
0.0
0.0
0.0
0.001526
9.537e-05
0.0
0.0
0.0
0.0
0.0
0.0
0.0
0.0
0.0
0.0
0.0
0.0
0.0
0.0
0.0
0.0
0.0
0.0
0.0
0.0
0.0
0.0
0.0001907
0.0
0.0
0.0
0.0
0.0
0.0
0.0
0.0
0.0
0.0
0.0
0.0
0.0
0.0
0.0
0.0
0.0
0.0
0.0
0.0
0.0
0.0
0.0
0.0
0.0
0.0
0.0
0.0
0.0
0.0
0.0
0.0
0.0
0.0
0.0
0.0
0.0
0.0
0.0
0.0
0.0
0.0
0.0
0.0
0.0
0.0
0.0
0.0
0.0
0.0
0.0
0.0
0.0
0.0
0.0
0.0
0.0
0.0
0.0
0.0
0.0
0.0
0.0
0.0
0.0
0.0
0.0
0.0
0.0
0.0
0.0
0.0
0.0
0.0
0.0
0.0
0.0
0.0
0.0
0.0
0.0
9.537e-05
0.0
0.0
0.0
0.0
0.0
0.0
0.0
0.0
0.0
0.0
0.0
0.0
0.0
0.0
0.0
0.0
0.1909
0.4929
0.6058
0.2243
3.741
5.64
1.112
0.7774
0.5409
0.2865
2.332
6.012
1.077
0.5516
0.08993
0.05465
0.06323
0.1133
0.09432
0.1034
0.1078
0.0948
0.08249
0.1053
0.09661
0.04311
2.786
4.492
1.169
1.14
1.151
1.204
0.6111
1.158
0.6538
0.9705
5.011
0.9689
0.111
0.1717
0.168
0.1684
0.1755
0.1703
0.161
0.1492
0.1183
0.1005
0.8957
3.638
4.73
1.971
1.065
0.004768
1.018
2.402
0.6973
1.225
2.13
1.004
0.6317
0.3696
0.4219
3.912
4.871
0.9079
0.618
1.25
0.6599
0.827
2.402
5.933
1.678
0.5089
1.537
0.4837
1.349
1.419
0.6477
1.474
1.37
0.2819
0.09823
0.111
0.09699
0.1236
0.09623
0.1192
0.1049
0.09575
0.1976
2.499
4.041
1.7
0.8987
0.7744
1.176
1.52
2.765
1.831
0.9583
2.353
2.435
3.259
1.102
2.377
2.145
3.796
1.076
1.782
0.8026
0.124
0.08535
0.3136
1.399
0.3338
1.277
2.631
2.405
1.295
0.5951
0.1532
0.1778
0.1738
0.1593
0.1726
0.1446
0.1766
0.1814
0.1623
0.1858
0.1844
0.7568
2.209
3.699
3.085
2.493
0.362
1.328
1.292
3.076
2.295
1.318
1.172
0.4219
0.5852
0.3372
1.265
2.121
3.955
1.158
1.416
1.186
0.6432
1.173
1.064
2.072
4.883
2.203
0.4837
1.624
0.5264
2.322
3.601
0.9827
1.186
3.375
3.534
0.6065
2.115
0.333
1.105
0.7828
1.201
2.264
4.742
1.138
0.6645
1.184
2.737
4.62
1.343
0.6676
1.308
0.4448
1.317
0.4089
0.2068
0.1543
0.1812
0.1749
0.1806
0.1659
0.1938
0.1575
0.2022
0.178
0.1732
0.1541
2.75
3.601
5.066
5.615
0.7675
1.509
1.575
1.399
1.143
2.322
5.695
1.88
0.3494
0.09508
0.157
0.1709
0.1335
0.1526
0.1223
0.1413
0.1513
0.1331
0.09003
0.1394
0.1198
0.136
2.856
2.545
3.839
1.852
0.2808
1.19
1.234
1.108
2.917
4.736
1.018
0.3857
1.192
0.9888
2.213
3.961
0.4578
1.039
2.158
4.816
2.536
0.2224
0.914
0.8575
0.5402
0.5165
0.5264
1.482
5.28
1.724
0.4829
1.207
3.583
2.283
1.785
0.9491
1.192
0.9964
1.408
4.602
3.174
0.2235
0.7828
1.114
1.302
3.68
2.548
1.054
2.341
1.196
2.063
5.371
2.243
0.4196
1.373
4.919
3.033
0.1259
0.3334
1.326
0.6447
0.8255
3.632
2.869
0.1928
0.2274
1.042
0.5646
0.9689
0.9796
1.071
4.669
1.271
0.6912
0.9827
2.808
3.882
0.8224
2.026
0.2636
1.141
1.093
0.8499
0.7179
0.3063
0.3208
0.2949
1.285
0.3777
1.274
0.08307
0.3761
1.419
0.3647
1.291
3.827
3.131
0.7637
2.02
0.3872
1.306
2.713
2.744
0.6424
1.537
1.66
0.8255
1.048
1.225
0.2346
1.184
0.5638
1.208
0.7248
0.9613
1.421
0.2747
1.128
3.156
3.247
1.025
2.045
0.4547
1.285
0.7103
1.227
4.474
1.868
2.664
0.4089
1.335
3.174
3.729
0.7507
2.133
0.7385
1.076
2.365
4.382
1.236
0.5325
0.9109
1.965
3.448
0.8774
0.6432
1.125
0.7126
0.824
0.4677
1.212
0.9796
0.6226
1.068
1.175
4.694
2.292
0.8453
1.715
0.8255
1.332
3.796
1.01
0.4196
1.067
3.516
4.639
0.5417
1.633
2.319
4.608
1.485
1.06
1.225
0.9155
1.318
4.559
2.786
0.2239
0.8499
1.067
4.437
2.509
0.5623
0.4539
0.6111
0.8453
1.175
0.499
0.6897
0.9338
0.3574
0.3513
0.2239
1.257
0.5737
1.085
1.332
1.173
1.169
1.411
4.022
3.839
0.679
0.5287
1.372
0.06104
0.8636
1.703
0.9933
0.4059
1.294
0.3674
1.047
1.709
1.43
3.174
4.541
0.8545
1.84
0.3002
1.189
0.3944
1.149
0.6088
1.321
0.9308
1.477
3.857
0.5859
0.6912
1.03
1.222
0.7339
1.205
4.291
2.676
0.6615
1.721
3.265
3.122
0.7072
1.788
0.4745
1.146
0.5119
1.376
1.031
1.266
4.144
2.966
0.4913
0.7126
1.004
0.9659
0.8148
1.663
4.413
1.953
1.813
0.8148
1.114
3.098
4.248
0.7736
0.3197
0.3902
1.224
1.752
1.523
0.4616
0.7111
0.3475
0.322
0.3929
1.222
0.444
1.236
0.4509
0.5241
0.4684
0.3384
3.259
4.041
0.6233
1.761
0.9033
1.05
4.565
3.534
0.5486
0.4997
1.202
0.7874
1.094
2.356
5.688
1.466
0.2586
0.8987
0.6409
1.006
2.814
3.552
1.865
0.5783
1.727
0.1455
0.1896
0.1663
0.1774
0.182
0.1932
0.1854
0.173
0.1692
0.1654
0.1579
1.694
2.884
4.12
1.819
0.8011
0.4913
1.231
0.9491
0.9888
2.866
4.828
1.079
0.6554
1.19
1.364
0.7797
0.9537
0.7889
1.233
0.4929
1.433
0.9933
1.431
4.785
3.931
0.8926
2.994
2.393
0.7385
1.758
0.0329
0.0
0.914
3.192
0.6363
0.7248
1.39
1.227
0.9415
0.8469
1.361
4.376
0.9354
0.3559
0.5119
0.4456
0.256
1.106
1.517
1.547
0.9109
0.5066
0.5501
0.6393
0.5211
3.143
4.462
1.218
0.152
0.9445
0.7233
0.5165
1.289
1.01
0.9293
2.164
4.181
1.895
0.6317
0.4471
1.222
0.2728
0.1778
0.2232
0.1802
0.1797
0.153
0.1818
0.1574
0.211
0.2121
0.153
0.1858
2.481
3.162
2.719
1.627
0.7378
0.9308
1.158
0.5463
1.302
0.4623
1.276
1.062
2.573
4.382
0.5981
1.35
2.475
5.115
1.569
0.2583
1.19
0.499
0.5463
0.6073
0.5905
0.6851
3.326
4.498
1.198
0.4898
0.9262
0.9171
0.6439
0.679
0.6226
