18.14
20.8
18.41
16.43
9.082
9.119
8.594
8.728
9.058
8.667
8.838
8.838
11.17
20.24
20.26
15.62
7.312
6.726
6.409
6.409
6.409
6.409
6.409
6.409
8.105
9.119
8.276
6.665
8.484
7.947
6.995
8.521
7.715
8.85
12.45
16.21
17.14
17.82
18.12
18.48
17.92
15.65
14.01
13.4
8.899
8.618
8.997
9.412
15.62
17.04
17.77
18.19
18.55
17.19
14.87
14.31
10.68
8.643
12.48
16.24
17.26
17.82
18.14
18.53
17.5
15.16
14.23
13.6
9.045
9.009
8.679
8.801
12.55
20.7
19.53
16.58
9.436
8.557
8.801
10.07
16.36
17.65
18.33
17.19
14.79
13.01
12.26
16.58
17.58
18.19
17.94
15.33
13.72
8.643
9.412
8.74
10.74
16.36
17.46
18.04
18.21
15.65
14.6
9.924
16.24
17.63
18.26
17.38
14.94
11.35
13.55
17.11
18.04
18.48
15.53
13.21
9.106
9.119
9.57
18.07
20.24
11.18
9.741
16.11
20.34
10.82
9.277
9.448
9.277
9.351
9.521
9.18
15.82
17.55
18.21
18.29
15.58
14.06
9.497
16.06
17.58
18.26
17.65
14.84
11.93
9.497
12.6
20.78
17.92
9.998
9.534
9.18
9.229
9.192
8.911
8.875
9.509
8.96
13.7
16.7
17.43
17.9
18.26
18.53
17.55
15.55
15.11
13.99
9.119
9.143
9.167
9.619
17.8
20.8
19.36
15.65
14.79
20.58
20.61
17.8
16.82
9.29
6.604
6.58
6.409
6.409
6.409
6.409
6.409
6.409
6.409
6.409
8.459
8.96
8.313
9.082
9.351
9.094
8.936
8.997
9.607
17.63
20.83
19.78
17.63
12.92
6.604
6.604
6.604
6.604
6.604
6.604
6.604
6.604
6.604
6.604
8.13
8.74
8.533
8.521
8.801
8.887
9.143
9.106
9.277
8.923
8.545
8.606
8.606
8.643
6.604
6.604
6.604
6.604
6.604
6.604
6.604
6.604
6.604
6.604
7.947
17.21
20.83
18.87
16.94
9.082
8.203
8.691
8.594
9.399
9.534
9.387
8.801
9.265
6.604
6.604
6.604
6.604
6.604
6.604
6.604
6.604
6.604
6.604
6.604
8.154
7.764
6.604
7.568
7.471
6.604
6.604
8.728
8.618
8.911
8.911
9.045
8.923
6.836
6.604
6.604
6.604
6.604
6.604
6.604
6.604
6.604
7.019
9.387
10.63
18.41
20.78
20.24
17.6
12.74
8.752
14.84
20.65
20.8
18.73
7.886
6.689
6.604
6.604
6.604
6.604
6.604
6.604
6.604
6.604
6.604
6.604
6.604
6.604
6.604
6.604
6.604
6.604
6.604
6.604
6.604
6.604
6.604
6.604
6.604
6.604
6.604
6.604
6.604
6.604
6.604
6.604
6.604
6.604
6.604
6.604
6.604
6.604
6.604
6.604
6.604
6.604
6.604
6.604
6.604
6.604
6.604
6.604
6.604
6.604
6.604
6.604
6.604
6.604
6.604
6.604
6.604
6.604
6.604
6.604
6.604
6.604
6.604
7.8
16.89
20.83
19.46
13.75
8.838
14.26
16.63
17.38
17.87
18.26
18.41
18.7
18.82
19.09
19.17
19.31
19.41
19.56
19.56
19.7
19.78
19.92
19.95
20.12
20.12
20.31
20.34
20.61
20.7
20.7
18.31
20.21
20.36
20.75
20.85
20.7
20.63
18.55
17.04
16.97
15.65
12.67
17.31
18.26
18.68
19.09
19.29
19.46
19.63
19.73
19.92
20.0
20.12
20.21
20.31
20.46
20.65
20.7
18.63
20.39
20.87
20.87
20.85
20.53
19.95
17.97
17.21
17.07
9.888
15.87
17.33
18.09
18.41
18.7
19.04
19.34
19.36
19.51
19.56
19.6
19.75
19.75
19.75
19.9
19.95
20.12
20.12
20.12
20.19
20.31
20.31
20.43
20.65
20.7
20.7
20.7
19.78
19.07
20.8
20.83
20.83
20.8
20.78
20.48
20.43
20.17
18.04
17.24
17.02
16.97
16.85
15.84
10.71
16.09
17.16
17.65
18.09
18.41
18.63
18.99
19.19
19.36
19.53
19.56
19.58
19.75
19.75
19.87
19.95
19.95
20.09
20.14
20.21
20.36
20.53
20.68
20.73
20.29
18.82
20.85
20.87
20.87
20.87
20.87
20.7
19.38
18.8
18.8
18.8
16.7
11.93
16.38
17.31
18.02
18.46
18.82
19.07
19.31
19.41
19.56
19.65
19.75
19.78
19.95
19.95
20.07
20.14
20.14
20.14
20.31
20.34
20.36
20.53
20.53
20.73
20.73
20.73
18.68
19.95
20.31
20.78
20.87
20.87
20.87
20.87
20.78
18.77
18.8
18.8
18.8
16.06
11.69
15.58
16.43
16.99
16.09
14.14
13.94
11.76
13.35
16.63
17.46
18.02
18.41
18.55
18.9
19.24
19.36
19.41
19.56
19.7
19.78
19.95
19.95
20.02
20.14
20.14
20.19
20.34
20.34
20.39
20.53
20.65
20.73
20.7
18.97
19.53
20.87
20.87
20.87
20.87
20.87
20.51
18.77
18.38
18.02
17.99
11.11
14.53
16.36
16.85
14.62
13.31
11.5
12.24
16.89
17.68
18.26
18.48
18.87
19.19
19.36
19.53
19.63
19.75
19.75
19.87
19.95
20.09
20.14
20.21
20.34
20.34
20.41
20.53
20.73
20.73
20.73
19.68
19.65
20.87
20.87
20.87
20.85
20.87
20.87
19.31
18.6
18.46
18.41
18.33
9.216
8.74
12.67
16.58
17.43
17.99
18.48
18.75
19.14
19.36
19.53
19.58
19.75
19.87
19.97
20.09
20.19
20.31
20.31
20.39
20.51
20.68
20.7
20.7
18.8
20.48
20.87
20.85
20.85
20.65
19.85
18.38
18.21
17.48
11.55
16.99
18.04
18.53
18.87
19.17
19.36
19.53
19.6
19.75
19.73
19.92
19.95
20.12
20.14
20.31
20.31
20.41
20.68
20.7
20.7
20.7
20.04
18.9
20.7
20.7
20.85
20.85
20.85
20.58
19.31
18.19
18.12
11.32
10.94
9.46
9.631
10.62
9.802
16.46
20.75
13.67
9.534
9.998
11.15
10.08
10.21
9.9
9.314
10.36
10.33
9.778
9.473
9.619
10.29
14.18
14.36
15.94
18.92
19.12
16.6
10.6
9.558
9.338
10.24
10.3
8.862
10.42
10.46
16.72
20.46
20.36
18.21
16.87
11.25
9.253
10.16
10.36
16.77
20.46
20.65
19.34
17.48
13.4
10.17
9.619
9.57
9.119
9.717
9.143
9.192
9.302
15.75
17.31
17.97
18.43
18.63
18.9
19.04
19.19
19.38
19.41
19.56
19.73
19.75
19.75
19.87
19.95
19.95
20.09
20.14
20.19
20.34
20.34
20.34
20.53
20.73
20.73
20.7
18.33
20.65
20.7
20.85
20.87
20.87
20.87
20.9
19.31
18.77
18.65
18.6
17.85
7.251
6.604
6.604
6.604
6.604
6.604
6.604
6.604
6.604
6.604
6.604
6.604
6.604
6.604
6.604
6.604
6.604
7.129
10.71
9.827
15.04
20.41
20.61
18.58
17.46
