22.75
22.8
23.32
23.14
22.78
23.51
23.17
23.02
22.75
22.78
23.22
22.78
22.39
22.44
23.02
23.14
22.78
22.56
22.73
22.75
23.1
23.56
23.24
23.29
22.88
22.66
22.97
23.07
22.85
22.95
22.71
22.46
22.88
22.63
23.0
22.41
22.17
21.95
22.41
22.78
22.68
22.14
21.73
21.58
21.78
21.51
21.19
21.02
20.31
20.56
20.19
20.46
20.58
20.21
20.14
19.9
19.92
19.82
17.07
19.82
19.07
19.24
19.73
19.92
19.73
19.8
20.14
20.29
19.73
19.8
20.04
20.12
20.31
20.31
20.48
20.46
20.34
20.65
20.8
21.09
21.29
21.19
21.41
21.51
21.83
22.29
22.63
22.71
22.49
22.73
23.41
23.78
23.88
24.61
24.24
24.07
24.17
24.44
24.9
25.1
25.05
25.59
25.68
26.03
26.22
26.03
26.42
26.9
26.66
27.29
27.34
26.61
26.76
26.71
26.86
27.1
26.81
26.95
27.05
27.83
26.56
26.81
26.95
26.76
27.78
27.05
27.2
29.3
29.35
29.15
29.49
29.15
27.54
27.49
27.88
28.08
27.83
28.27
28.27
28.56
28.81
29.1
29.54
29.49
29.15
29.3
30.13
30.62
31.2
31.45
31.69
32.37
33.4
33.74
34.47
34.18
33.64
33.3
34.81
35.21
35.3
35.35
35.69
36.38
36.38
36.62
37.11
38.04
37.79
37.21
37.21
37.01
37.99
37.79
37.4
37.5
37.99
38.82
39.4
38.92
37.94
38.23
38.43
38.48
38.33
38.62
38.18
38.33
38.82
38.87
38.87
38.67
37.99
37.55
38.09
38.48
38.33
38.33
32.23
28.22
27.59
27.44
27.73
27.69
27.05
27.0
27.49
27.59
28.91
37.65
38.33
39.16
38.87
38.62
38.92
38.96
37.99
38.28
38.38
38.87
38.92
38.28
39.01
38.82
38.43
38.48
38.09
37.89
36.91
37.06
37.11
37.3
37.11
36.96
37.01
37.21
36.77
37.21
36.91
36.87
36.62
36.67
36.62
36.67
36.52
36.43
36.28
35.79
35.79
35.79
35.06
35.69
34.28
34.03
34.13
33.79
34.18
33.15
32.08
32.23
31.45
31.88
31.25
30.22
29.54
28.96
29.0
28.66
32.42
29.64
28.37
27.93
27.2
27.25
27.29
26.46
26.42
25.78
25.68
25.54
24.85
25.39
25.15
25.2
24.73
24.71
24.61
24.66
23.9
23.68
24.22
24.56
24.22
24.34
24.22
24.39
24.02
24.24
24.05
23.97
24.41
24.29
24.39
24.22
24.07
24.8
25.34
25.2
25.34
24.63
24.37
24.78
24.41
24.58
25.1
24.61
24.51
24.22
24.07
23.44
23.83
24.07
23.88
24.07
24.27
26.03
25.83
25.24
24.9
24.93
24.61
24.54
24.66
24.15
23.75
23.61
23.39
23.73
23.51
23.39
23.27
23.17
22.83
23.24
23.41
22.8
22.73
22.58
22.51
18.9
21.61
21.58
21.31
20.97
21.0
21.04
20.85
20.85
20.73
21.0
20.95
21.14
21.02
21.68
21.63
21.68
21.7
22.09
22.85
22.68
22.24
22.24
22.61
23.27
23.93
23.88
23.78
24.05
23.93
24.15
24.19
24.58
24.51
25.44
24.51
25.05
25.73
25.78
25.98
25.98
26.27
26.56
26.42
26.37
26.66
26.76
26.61
27.15
27.73
27.73
27.73
27.64
27.83
27.83
27.88
27.88
28.17
27.88
27.64
27.15
27.25
27.83
28.12
27.98
27.78
27.93
28.32
28.42
28.56
28.56
27.54
28.08
28.66
28.66
28.37
28.56
28.47
29.15
30.62
30.76
29.88
30.08
29.74
31.05
31.35
30.96
31.15
31.88
32.28
32.47
33.5
34.77
34.62
34.52
33.84
34.28
34.57
34.13
34.42
34.47
35.06
35.5
35.94
36.33
36.13
36.08
35.79
36.28
36.52
37.45
37.21
37.3
37.55
37.55
37.89
38.13
38.38
38.23
37.74
37.94
38.28
38.53
38.28
38.43
38.57
21.56
27.44
40.23
40.23
38.87
37.79
38.62
37.4
37.7
37.55
38.43
38.96
38.72
38.96
38.72
38.38
38.09
37.06
37.4
38.18
37.84
37.74
39.6
39.55
38.48
38.48
38.28
38.33
37.99
37.65
37.74
38.48
38.87
38.57
38.87
37.01
38.33
38.53
37.79
37.5
37.84
36.82
36.87
37.06
36.77
36.18
36.47
36.23
35.35
35.89
35.4
34.81
34.86
34.77
34.38
34.77
35.4
35.11
34.96
34.81
35.3
35.69
34.72
33.69
33.5
32.13
32.57
32.71
32.13
32.37
31.79
32.42
32.57
31.2
31.05
30.96
30.52
29.44
29.44
29.49
29.05
28.37
27.98
27.15
27.29
26.9
26.42
26.42
26.27
25.93
25.83
25.1
25.39
25.29
24.46
23.93
23.9
23.9
23.75
24.0
23.71
22.95
22.9
22.68
22.73
22.88
22.8
22.63
23.97
24.1
24.19
24.44
24.27
22.95
22.63
23.1
22.92
22.9
23.71
23.88
24.41
24.12
23.46
24.05
23.73
23.54
23.34
23.95
23.34
23.0
23.39
22.92
23.1
23.17
23.27
23.32
22.95
22.39
22.36
23.17
23.0
22.56
22.78
23.07
22.78
22.66
22.22
22.27
22.09
21.61
21.51
21.12
21.04
21.19
21.12
20.95
21.12
21.22
21.02
20.97
20.56
19.92
20.39
20.85
21.14
18.38
21.46
21.8
21.97
21.63
21.14
21.0
21.26
21.17
21.07
21.39
21.29
21.61
22.19
22.78
22.49
23.24
23.02
22.95
22.46
22.61
24.17
23.95
24.0
24.05
24.63
24.93
25.34
26.12
25.34
25.44
25.49
25.29
26.51
26.71
26.95
27.1
26.86
27.05
27.1
27.25
27.39
27.93
27.73
27.59
28.08
27.93
28.42
28.12
28.61
28.61
29.74
29.59
28.76
28.66
28.56
28.42
28.81
28.42
28.71
27.29
29.25
29.2
28.81
29.0
28.76
29.15
28.61
27.39
28.12
28.08
28.17
29.49
29.74
29.64
30.03
30.32
30.32
31.1
31.01
30.47
31.15
31.64
32.42
33.45
33.59
33.35
33.94
32.71
32.71
34.62
35.11
35.16
35.55
35.69
36.04
35.89
36.57
36.67
38.82
38.38
37.35
37.45
37.94
37.21
36.91
37.99
38.33
38.48
39.16
39.06
39.26
39.55
39.45
39.36
40.23
39.06
39.4
40.53
40.38
39.75
39.79
39.65
39.94
40.19
39.79
39.65
39.36
38.28
38.67
39.01
39.31
39.26
39.26
38.77
38.67
39.26
38.82
39.26
38.82
38.04
38.09
37.99
38.53
38.53
38.53
38.57
39.06
39.11
39.45
38.82
38.87
38.82
38.33
38.87
39.01
39.01
38.33
37.99
38.33
38.13
37.4
37.4
37.45
35.99
36.72
37.5
37.06
36.72
37.4
36.96
37.4
36.82
36.62
36.18
36.62
35.74
35.6
35.79
35.84
35.64
35.74
35.16
35.25
35.35
36.08
36.43
35.3
34.08
33.64
33.94
33.69
33.2
33.45
33.06
32.86
