0.7156
0.7698
0.7515
0.6256
0.7713
0.6195
0.6027
0.618
0.7019
0.6523
0.5898
0.7294
0.7088
0.7431
0.692
0.7385
0.7698
0.6622
0.6676
0.65
0.7629
0.7706
0.7828
0.769
0.7683
0.7683
0.7683
0.769
0.769
0.7538
0.7164
0.7645
0.7698
0.7133
0.769
0.7721
0.7072
0.7309
0.7431
0.6699
0.7141
0.6989
0.7256
0.7523
0.7713
0.7423
0.8438
0.8484
0.8438
0.9277
0.8469
0.7721
0.7721
0.7721
0.7721
0.7683
0.8331
0.8331
0.7874
0.7713
0.7713
0.7713
0.7706
0.7713
0.7713
0.753
0.7668
0.9216
0.8133
0.8942
0.7637
0.7393
0.7484
0.7721
0.7721
0.7408
0.7584
0.8774
0.9628
0.8682
0.0
0.0
