20.36
18.68
10.49
8.936
9.253
15.5
20.7
20.85
19.6
16.33
8.96
8.875
9.216
15.94
20.73
20.83
19.68
11.35
6.812
8.142
8.936
9.302
17.5
20.83
17.26
9.302
18.12
20.48
18.82
10.41
10.71
20.36
20.12
15.7
8.875
8.752
12.84
16.7
17.65
18.12
18.46
18.75
15.97
14.94
14.06
8.63
8.96
8.557
8.801
8.984
8.594
8.74
8.997
9.399
15.75
17.21
17.99
18.43
17.09
15.33
14.45
8.887
16.97
20.7
13.96
14.09
16.94
17.82
18.31
18.6
15.75
14.97
10.9
8.521
8.838
13.16
20.83
16.89
10.69
8.704
8.984
15.45
17.29
17.97
18.36
18.55
15.28
13.99
12.46
10.1
15.45
16.82
17.5
17.94
18.29
18.55
15.97
14.87
14.38
13.31
9.07
9.131
9.521
9.29
9.229
9.229
9.216
9.204
8.777
11.79
16.11
17.04
17.85
18.31
17.6
15.23
13.26
11.04
9.668
12.19
20.53
20.07
12.57
10.07
11.21
19.24
20.17
11.61
10.07
10.71
19.56
20.68
14.75
13.45
20.7
18.8
9.436
15.48
17.26
18.02
18.48
17.53
15.38
13.89
9.326
9.143
15.48
17.24
17.99
18.38
17.5
15.21
14.5
9.766
9.277
9.448
9.302
11.43
20.36
20.73
14.4
12.7
16.97
17.87
18.31
18.73
16.41
14.82
13.31
9.143
9.253
9.18
9.192
8.972
9.094
9.155
9.106
9.192
9.717
11.45
20.14
20.29
11.07
6.787
6.604
6.604
6.604
6.604
6.897
8.899
9.167
8.838
9.192
8.337
9.021
9.07
16.26
20.83
15.26
9.167
9.558
18.46
20.83
17.04
17.02
20.8
15.36
6.873
6.665
6.604
6.604
6.604
7.434
9.094
9.29
8.728
8.972
10.06
19.43
20.83
18.55
16.24
9.448
8.716
9.119
9.033
13.67
20.73
20.24
12.48
6.824
6.628
6.604
6.604
6.604
6.604
7.922
8.948
9.009
9.021
10.38
19.56
20.83
18.65
15.72
9.07
9.033
9.18
17.02
20.83
18.77
17.43
9.485
9.094
6.604
6.604
6.604
6.604
6.604
6.604
8.13
17.29
20.83
18.97
14.06
8.923
9.412
8.496
8.777
8.752
8.899
16.92
20.83
18.73
13.23
11.87
19.6
20.83
18.85
7.703
6.726
6.604
6.604
6.604
7.507
9.253
9.058
9.485
10.02
19.26
20.68
16.89
16.75
20.83
19.48
18.14
12.62
9.534
8.716
9.106
9.058
7.654
6.592
6.592
6.592
6.604
6.604
6.604
6.604
8.167
8.582
8.777
9.229
8.606
8.716
9.167
8.862
10.13
19.68
20.26
15.75
20.46
20.36
16.8
9.595
8.618
6.628
6.604
6.604
6.604
6.604
6.604
6.604
7.349
8.765
8.557
8.813
8.643
8.618
8.838
15.06
20.68
20.73
15.06
8.667
9.314
9.851
19.02
20.83
20.39
16.02
7.092
6.653
6.604
6.604
6.604
6.604
8.618
9.277
10.03
12.02
2.988
10.51
15.48
16.41
16.92
17.75
17.97
18.19
18.29
18.46
18.58
18.6
18.77
18.85
18.99
19.21
19.36
18.97
17.38
19.36
20.63
20.43
19.7
17.8
16.72
16.26
11.07
13.92
16.06
6.421
12.43
15.77
16.72
17.21
17.65
17.99
18.16
18.36
18.38
18.58
18.7
18.77
18.82
18.97
18.99
19.21
19.36
19.31
17.6
20.24
20.75
19.48
18.24
15.87
15.7
15.5
10.72
15.43
16.36
16.97
17.36
17.8
18.04
18.19
18.43
18.58
18.6
18.75
18.87
18.97
19.17
19.34
19.29
17.8
20.51
20.83
20.85
17.77
16.26
16.26
13.67
9.827
14.99
16.14
16.82
17.29
17.82
18.12
18.31
18.36
18.53
18.7
18.77
18.95
19.09
19.09
19.14
19.14
19.31
19.51
19.51
19.51
17.11
20.63
20.8
20.83
20.04
17.09
16.99
13.99
10.41
15.55
16.7
17.24
17.68
18.02
18.26
18.38
18.55
18.65
18.75
18.95
18.99
19.14
19.14
19.31
19.53
18.38
18.65
20.21
20.65
20.65
19.04
17.46
17.07
9.961
7.458
9.631
13.21
16.04
16.92
17.38
17.9
18.16
18.36
18.38
18.58
18.7
18.8
18.95
19.04
19.14
19.24
19.41
19.53
18.33
17.87
19.34
20.53
20.87
20.87
20.87
20.14
17.26
16.85
16.82
11.21
12.87
15.65
16.41
16.99
17.24
17.43
17.85
18.04
18.24
18.38
18.48
18.58
18.65
18.77
18.77
18.9
18.97
18.97
18.99
19.14
19.14
19.31
19.51
19.53
19.53
18.55
17.87
19.51
19.8
20.78
20.68
20.65
20.46
20.24
17.29
16.67
16.65
15.41
11.51
15.94
14.4
12.43
15.55
18.75
11.24
14.87
16.41
15.67
13.67
11.25
12.55
16.41
13.82
11.52
9.924
15.8
16.89
17.46
17.99
18.36
18.53
18.65
18.87
18.92
19.04
19.12
19.29
19.34
19.58
19.75
17.92
18.16
20.78
20.85
20.75
17.58
16.99
15.65
16.99
18.46
12.4
17.38
19.04
18.36
10.74
12.39
15.7
16.5
17.26
17.75
18.24
18.43
18.58
18.75
18.9
19.02
19.21
19.34
19.41
19.7
19.7
17.38
20.78
20.83
20.85
19.26
18.09
17.38
10.85
15.5
16.97
17.58
18.07
18.41
18.55
18.75
18.9
19.09
19.19
19.34
19.53
19.78
19.85
18.63
18.99
20.83
20.85
20.43
18.97
18.19
12.84
14.04
16.65
17.46
17.99
18.33
18.55
18.7
18.9
19.02
19.14
19.29
19.36
19.6
19.73
19.82
17.92
19.41
20.85
20.85
20.73
19.9
18.41
18.16
15.31
11.25
10.3
12.05
9.436
10.05
11.05
10.02
8.862
13.16
9.143
11.33
15.94
16.85
17.38
17.72
18.14
18.36
18.53
18.63
18.75
18.92
19.02
19.14
19.31
19.34
19.41
19.6
19.73
19.73
17.55
20.09
20.85
20.85
20.85
20.17
18.65
18.6
18.6
11.78
15.14
20.46
15.77
9.875
11.47
20.02
19.17
9.204
15.28
16.55
17.21
17.5
17.9
18.26
18.41
18.55
18.75
18.8
18.95
18.99
19.14
19.24
19.34
19.38
19.53
19.65
19.73
19.8
17.7
19.29
19.7
20.61
20.87
20.87
20.87
20.85
18.26
17.31
17.04
17.04
12.13
8.948
9.375
8.765
11.58
19.17
20.41
20.24
16.53
9.241
8.96
9.29
8.887
8.74
8.789
9.241
8.875
8.984
17.55
20.78
19.73
9.29
9.229
8.923
8.459
14.09
20.09
20.85
16.67
9.058
8.887
8.936
8.838
9.021
8.643
8.948
8.655
8.887
8.752
8.765
12.23
19.75
18.9
6.958
5.713
5.475
5.444
5.444
5.444
5.444
5.444
5.444
5.444
5.444
5.444
5.444
5.444
5.444
5.444
5.444
9.009
9.485
9.326
9.949
9.387
9.326
11.94
20.02
19.82
11.18
9.277
