5.64
5.64
5.64
5.64
5.64
5.64
5.64
5.64
5.64
5.64
5.64
5.64
5.64
5.64
5.64
5.64
5.64
5.64
5.64
5.64
5.64
5.64
5.64
5.64
5.64
5.64
5.64
5.64
5.64
5.64
5.64
5.64
5.64
6.775
7.935
9.18
15.28
16.7
17.43
17.77
18.12
15.82
14.38
13.26
9.387
12.23
16.06
16.99
17.48
17.94
16.41
14.01
12.72
8.557
14.92
16.53
17.29
17.82
17.36
14.82
13.48
9.985
12.5
16.14
17.04
17.68
17.97
15.14
13.43
11.58
8.557
8.24
13.79
16.36
17.21
17.68
16.87
14.28
13.11
9.229
13.96
20.83
19.26
15.67
9.912
18.46
20.85
18.95
14.75
15.31
16.58
17.29
17.72
16.65
14.5
13.57
9.656
14.55
16.67
17.38
17.82
18.21
18.6
18.73
18.82
18.97
18.99
19.14
19.29
19.34
19.48
19.53
19.53
19.8
19.92
19.6
17.36
20.0
20.83
20.83
20.85
20.56
18.9
17.97
13.92
8.337
14.7
16.46
17.24
17.55
17.97
14.75
14.5
13.09
9.888
8.813
15.14
16.63
17.33
17.8
16.38
14.7
13.26
9.009
8.997
12.79
20.58
18.12
11.65
9.326
15.21
20.8
17.48
10.6
9.021
9.155
9.058
9.729
10.28
15.09
16.46
17.38
17.82
17.07
14.5
12.79
9.46
8.984
9.155
9.058
8.508
9.412
5.829
5.829
5.829
5.829
5.829
5.829
5.829
5.829
5.829
5.829
5.829
5.829
5.829
5.829
5.829
5.829
5.829
5.829
5.829
5.829
5.829
5.829
5.829
5.829
5.829
5.829
5.829
5.829
5.829
5.829
5.829
5.829
5.829
5.829
5.829
5.829
5.829
5.829
5.829
5.829
5.829
5.829
5.829
5.829
5.829
5.829
5.829
5.829
5.829
5.829
5.829
5.829
5.829
5.829
5.829
5.829
5.829
5.829
5.829
5.829
5.829
5.829
5.829
5.829
5.829
5.829
5.829
5.829
5.829
5.829
5.829
5.829
5.829
5.829
5.829
5.829
5.829
5.829
5.829
5.829
5.829
5.829
5.829
5.829
5.829
5.829
5.829
5.829
5.829
5.829
5.829
5.829
5.829
5.829
5.829
5.829
5.829
5.829
5.829
5.829
5.829
5.829
5.829
5.829
5.829
5.829
5.829
5.829
5.829
5.829
5.829
5.829
5.829
5.829
5.829
5.829
5.829
5.829
5.829
5.829
5.829
5.829
5.829
5.829
5.829
5.829
5.829
5.829
5.829
5.829
5.829
5.829
5.829
5.829
5.829
5.829
5.829
5.829
5.829
5.829
5.829
5.829
5.829
5.829
5.829
5.829
5.829
5.829
5.829
5.829
5.829
5.829
5.829
5.829
5.829
5.829
5.829
5.829
5.829
5.829
5.829
5.829
5.829
5.829
5.829
5.829
5.829
5.829
5.829
5.829
5.829
5.829
5.829
5.829
5.829
5.829
5.829
5.829
5.829
5.829
5.829
5.829
5.829
5.829
5.829
5.829
5.829
5.829
5.829
5.829
5.829
5.841
8.057
7.385
11.34
20.63
19.6
16.72
8.508
11.15
20.58
19.58
16.75
10.17
8.752
11.4
16.09
16.99
17.53
17.82
18.14
18.55
18.75
18.95
19.12
19.17
19.26
19.36
19.53
19.56
19.56
19.73
19.78
19.97
20.14
18.92
17.26
18.87
20.56
20.65
20.48
20.48
20.29
19.12
17.33
16.55
10.86
9.607
15.97
17.21
17.75
18.09
18.55
18.73
18.95
19.09
19.17
19.29
19.36
19.48
19.56
19.56
19.65
19.85
20.02
20.12
19.38
16.55
19.24
20.85
20.85
20.68
20.63
19.38
18.95
18.8
18.8
14.5
10.33
15.82
17.04
17.65
17.9
18.36
18.55
18.73
18.85
18.95
19.02
19.14
19.24
19.34
19.34
19.48
19.53
19.53
19.65
19.7
19.8
19.9
20.09
20.09
19.82
16.6
18.48
20.58
20.83
20.83
20.36
20.26
20.26
20.14
17.77
16.26
15.82
15.48
15.36
12.7
8.85
15.01
16.38
17.04
17.53
17.8
17.94
18.14
18.53
18.6
18.65
18.8
18.77
18.87
19.09
19.17
19.19
19.36
19.46
19.56
19.56
19.56
19.68
19.75
19.75
19.95
20.09
20.14
20.14
17.92
16.77
17.82
19.53
20.17
20.48
20.48
20.48
20.48
20.41
19.53
17.6
16.99
10.06
11.71
16.33
17.29
17.8
18.21
18.55
18.75
18.95
19.02
19.14
19.26
19.34
19.51
19.56
19.6
19.73
19.92
20.12
20.12
17.68
16.53
19.21
20.46
20.46
20.46
20.48
20.48
19.65
16.28
14.36
9.814
15.65
16.65
13.43
12.07
12.5
15.99
16.92
14.77
13.35
11.74
12.41
16.33
15.31
13.06
10.06
14.99
16.8
13.62
11.99
12.06
15.75
16.7
16.28
13.23
13.55
11.46
10.86
15.28
16.67
15.41
13.23
12.13
8.728
15.14
16.85
17.63
18.02
18.43
18.73
18.92
19.07
19.19
19.26
19.34
19.46
19.53
19.65
19.65
19.82
19.97
20.14
20.24
19.68
16.92
19.9
20.65
20.36
20.34
19.26
17.87
17.46
14.04
9.778
16.04
17.21
17.77
18.19
18.53
18.77
18.85
18.97
19.17
19.29
19.38
19.53
19.6
19.73
19.87
20.07
20.12
18.02
18.04
20.39
20.61
19.92
19.92
19.92
19.8
17.58
15.77
13.31
11.02
16.26
17.31
17.85
18.24
18.7
18.82
19.02
19.17
19.31
19.36
19.38
19.53
19.6
19.73
19.9
20.09
20.12
17.29
19.87
20.85
20.8
20.46
20.24
18.12
17.63
17.38
10.95
15.04
16.72
17.43
17.82
18.12
18.53
18.63
18.77
18.95
19.17
19.17
19.34
19.48
19.53
19.63
19.75
19.8
20.09
20.12
17.72
19.19
20.46
20.85
20.73
20.46
20.21
18.26
17.68
17.43
13.35
11.35
10.6
11.91
18.68
19.34
12.46
12.17
9.949
11.41
9.485
10.52
9.326
10.97
20.31
19.65
11.19
9.509
9.253
9.29
9.839
9.57
10.38
8.96
9.998
10.35
9.656
12.07
19.63
20.65
17.58
9.973
8.801
12.6
15.99
16.77
17.21
17.53
17.75
17.92
18.12
18.36
18.58
18.6
18.77
18.77
18.87
18.97
18.97
19.02
19.17
19.17
19.31
19.36
19.36
19.36
19.48
19.56
19.56
19.56
19.56
19.75
19.8
19.95
20.12
20.14
17.43
19.02
20.31
20.87
20.68
20.24
19.9
19.58
19.19
16.89
15.28
15.28
15.28
11.65
9.021
6.018
5.835
5.829
5.829
5.829
5.829
5.829
6.824
9.302
8.459
16.97
20.78
14.53
9.448
9.021
8.118
6.018
6.006
5.829
5.829
5.829
5.829
5.829
5.829
5.829
5.829
5.829
5.829
5.829
5.829
5.829
5.829
5.829
5.829
5.829
5.829
5.829
5.829
5.829
5.829
5.829
5.829
5.829
5.829
5.829
5.829
5.829
5.829
5.829
5.829
5.829
5.829
5.829
