7.678
7.666
7.666
7.666
7.666
7.666
7.666
7.69
7.69
7.69
7.678
7.678
7.678
7.666
7.69
7.69
7.69
7.69
7.69
7.703
7.703
7.69
7.69
7.69
7.69
7.69
7.678
7.678
7.678
7.678
7.703
7.678
7.678
7.654
7.654
7.666
7.678
7.678
7.678
7.678
7.678
7.678
7.678
7.69
7.678
7.69
7.703
7.703
7.703
7.69
7.69
7.69
7.69
7.69
7.69
7.678
7.678
7.678
7.703
7.69
7.69
7.678
7.678
7.69
7.678
7.678
7.678
7.678
7.69
7.69
7.69
7.69
7.678
7.666
7.678
7.666
7.666
7.678
7.69
7.678
7.678
7.69
7.678
7.678
7.69
7.69
7.69
7.69
7.69
7.666
7.666
7.678
7.666
7.666
7.666
7.666
7.678
7.678
7.666
7.654
7.654
7.666
7.654
7.69
7.666
7.666
7.654
7.654
7.654
7.666
7.654
7.678
7.678
7.678
7.666
7.666
7.654
7.776
7.666
7.764
7.678
7.666
7.69
7.678
7.678
7.678
7.69
7.69
7.69
7.69
7.69
7.69
7.69
7.69
7.703
7.69
7.69
7.678
7.678
7.666
7.69
7.69
7.69
7.69
7.703
7.69
7.69
7.678
7.678
7.678
7.666
7.666
7.666
7.678
7.69
7.69
7.703
7.69
7.69
7.69
7.69
7.69
7.69
7.678
7.678
7.678
7.678
7.678
7.678
7.69
7.69
7.69
7.678
7.678
7.666
7.666
7.666
7.69
7.69
7.678
7.69
7.69
7.678
7.678
7.678
7.678
7.678
7.69
7.764
7.666
7.654
7.666
7.654
7.666
7.69
7.678
7.678
7.666
7.666
7.678
7.666
7.666
7.666
7.678
7.69
7.69
7.678
7.678
7.678
7.69
7.69
7.654
7.69
7.69
7.69
7.69
7.678
7.666
7.654
7.666
7.666
7.678
7.69
7.678
7.678
7.69
7.69
7.678
7.69
7.69
7.69
7.715
7.703
7.69
7.703
7.69
7.69
7.69
7.703
7.703
7.703
7.703
7.69
7.69
7.69
7.69
7.69
7.69
7.69
7.69
7.69
7.69
7.678
7.678
7.678
7.678
7.678
7.678
7.678
7.678
7.678
7.666
7.666
7.678
7.69
7.69
7.678
7.69
7.703
7.69
7.678
7.69
7.678
7.678
7.69
7.703
7.703
7.703
7.703
7.69
7.715
7.703
7.69
7.678
7.69
7.69
7.69
7.678
7.69
7.69
7.69
7.666
7.654
7.654
7.654
7.69
7.678
7.666
7.666
7.69
7.678
7.678
7.678
7.666
7.666
7.654
7.642
7.642
7.654
7.629
7.642
7.666
7.678
7.654
7.666
7.703
7.69
7.678
7.678
7.654
7.654
7.666
7.666
7.666
7.666
7.69
7.678
7.678
7.678
7.678
7.69
7.678
7.678
7.678
7.69
7.703
7.703
7.703
7.703
7.69
7.69
7.69
7.69
7.678
7.69
7.69
7.69
7.69
7.69
7.69
7.703
7.703
7.703
7.703
7.69
7.69
7.69
7.69
7.703
7.703
7.69
7.69
7.703
7.703
7.703
7.69
7.69
7.69
7.69
7.69
7.69
7.69
7.69
7.678
7.69
7.69
7.69
7.678
7.666
7.666
7.666
7.678
7.678
7.678
7.69
7.666
7.654
7.788
7.751
7.666
7.654
7.654
7.678
7.812
7.837
7.849
7.788
7.666
7.703
7.703
7.654
7.666
7.703
7.678
7.69
7.678
7.678
7.703
7.703
7.69
7.678
7.678
7.666
7.666
7.666
7.678
7.678
7.678
7.69
7.703
7.703
7.703
7.703
7.69
7.69
7.678
7.69
7.678
7.69
7.678
7.69
7.69
7.69
7.703
7.703
7.703
7.703
7.69
7.678
7.666
7.678
7.678
7.666
7.678
7.678
7.703
7.69
7.678
7.678
7.678
7.678
7.703
7.69
7.703
7.703
7.715
7.703
7.69
7.69
7.69
7.69
7.69
7.69
7.678
7.69
7.666
7.666
7.666
7.666
7.666
7.666
7.678
7.666
7.654
7.666
7.666
7.69
7.678
7.678
7.666
7.666
7.678
7.678
7.654
7.666
7.69
7.678
7.666
7.666
7.666
7.666
7.678
7.666
7.678
7.666
7.678
7.703
7.666
7.703
7.69
7.654
7.666
7.666
7.666
7.678
7.666
7.678
7.666
7.678
7.678
7.666
7.654
7.666
7.678
7.69
7.69
7.69
7.703
7.69
7.678
7.69
7.69
7.69
7.678
7.69
7.69
7.69
7.69
7.703
7.69
7.69
7.678
7.69
7.69
7.69
7.703
7.703
7.703
7.703
7.69
7.69
7.69
7.678
7.703
7.69
7.678
7.678
7.678
7.678
7.666
7.678
7.678
7.703
7.703
7.69
7.678
7.678
7.69
7.678
7.678
7.678
7.69
7.69
7.69
7.678
7.678
7.69
7.69
7.666
7.678
7.678
7.666
7.654
7.666
7.654
7.666
7.69
7.666
7.654
7.69
7.69
7.654
7.727
7.666
7.8
7.703
7.666
7.654
7.666
7.666
7.69
7.678
7.678
7.678
7.666
7.666
7.654
7.654
7.69
7.666
7.703
7.678
7.8
7.69
7.678
7.666
7.678
7.666
7.666
7.678
7.678
7.703
7.69
7.678
7.69
7.69
7.69
7.69
7.69
7.703
7.703
7.703
7.69
7.69
7.678
7.69
7.678
7.654
7.666
7.678
7.678
7.69
7.703
7.703
7.715
7.703
7.69
7.69
7.69
7.69
7.69
7.703
7.69
7.678
7.678
7.69
7.69
7.666
7.666
7.678
7.703
7.703
7.703
7.703
7.69
7.703
7.69
7.678
7.678
7.69
7.69
7.678
7.666
7.678
7.69
7.678
7.69
7.678
7.678
7.666
7.654
7.666
7.69
7.666
7.8
7.69
7.678
7.666
7.69
7.678
7.727
7.703
7.666
7.654
7.654
7.666
7.69
7.678
7.678
7.69
7.69
7.69
7.678
7.678
7.69
7.69
7.69
7.703
7.69
7.678
7.678
7.678
7.666
7.654
7.666
7.666
7.666
7.678
7.69
7.703
7.703
7.703
7.703
7.703
7.703
7.703
7.703
7.703
7.703
7.703
7.703
7.703
7.703
7.703
7.703
7.703
7.69
7.69
7.703
7.715
7.715
7.703
7.703
7.703
7.69
7.703
7.69
7.703
7.69
7.69
7.69
7.703
7.703
7.715
7.703
7.69
7.703
7.703
7.703
7.703
7.69
7.69
7.678
7.678
7.678
7.678
7.678
7.666
7.666
7.703
7.69
7.678
7.678
7.666
7.666
7.654
7.666
7.69
7.69
7.678
7.666
7.666
7.666
7.666
7.666
7.678
7.678
7.678
7.678
7.666
7.666
7.666
7.666
7.678
7.678
7.69
7.666
7.678
7.678
7.678
7.69
7.69
7.69
7.678
7.678
7.678
7.666
7.666
7.666
7.666
7.654
7.69
7.69
7.703
7.703
7.69
7.69
7.69
7.69
7.703
7.678
7.69
7.69
7.703
7.703
7.703
7.703
7.715
7.703
7.69
7.69
7.69
7.69
7.69
7.678
7.69
7.69
7.69
7.69
7.69
7.69
7.69
7.69
7.678
7.69
7.69
