0.5463
0.1623
0.165
0.5371
0.3201
0.1947
0.6088
0.238
0.3548
0.3143
0.1486
0.317
0.4227
0.2007
0.3632
0.01163
0.0
0.0001907
0.0
0.0
0.0
0.0
0.0
0.209
0.1522
0.2686
0.3777
0.4021
0.4402
0.2312
0.3441
0.4112
0.288
0.2888
0.2533
0.518
0.3193
0.2842
0.0
9.537e-05
0.0001907
0.0
0.0001907
0.003719
0.1913
0.1999
0.2506
0.2861
0.4189
0.2037
0.3563
0.1574
0.1501
0.2506
0.1301
0.2728
0.1907
0.1329
0.3555
0.2892
0.824
0.2434
0.06323
0.04272
0.0679
0.03958
0.6294
0.04139
0.01259
0.006866
0.5646
1.37
0.7217
0.3056
0.3147
0.4173
0.4242
0.3532
0.3262
0.3269
0.4501
0.3811
0.3357
0.3704
0.3834
0.399
0.3368
0.4768
0.592
1.617
2.768
1.346
1.822
0.5638
0.605
0.8347
0.769
0.8408
0.8575
0.5287
0.4326
0.3128
0.006485
2.53
2.759
3.333
3.815
2.31
2.475
2.158
2.75
2.219
0.06189
0.1629
0.8743
0.05808
0.06132
0.06237
0.1162
0.5531
0.03605
0.01497
0.9766
0.9232
0.795
0.3071
0.3139
0.4158
0.4822
0.4005
0.3719
0.3944
0.2819
0.4379
0.3868
0.3792
0.3586
0.3845
0.457
0.3567
0.3548
0.6248
1.459
2.505
1.755
1.614
0.9216
0.5898
0.8575
0.7729
0.914
0.2647
0.3456
0.396
0.148
3.137
3.436
3.632
3.931
2.924
4.053
3.027
1.993
0.04196
0.07143
1.041
0.01936
0.07601
0.03881
0.05054
0.05922
0.4364
0.222
0.01965
0.02069
0.5508
1.207
0.5493
0.4311
0.2323
0.3098
0.3815
0.3052
0.2998
0.3086
0.3075
0.3319
0.3086
0.3033
0.3159
0.3162
0.272
0.3784
0.7072
1.326
1.611
1.837
0.6798
1.067
0.7584
0.6119
0.6111
0.6699
0.7019
0.7233
0.9552
1.071
0.4898
0.2453
0.01545
0.01535
1.59
3.04
4.224
3.461
3.522
3.235
2.277
2.686
1.749
0.04787
0.04206
0.972
0.02432
0.05808
0.03319
0.05665
0.03777
0.4204
0.2048
0.01869
0.01745
0.4654
1.234
0.8667
0.4906
0.2167
0.2411
0.2914
0.3189
0.2876
0.2911
0.2583
0.2823
0.3265
0.2914
0.2518
0.2987
0.3094
0.2712
0.2842
0.3571
0.5676
1.337
2.042
1.532
0.737
1.128
0.5127
0.589
0.5501
0.6187
0.6943
0.6599
0.9628
1.039
0.8224
0.3483
0.01287
0.01106
1.268
5.151
4.742
2.914
2.49
2.408
3.143
3.156
1.617
0.07019
9.537e-05
0.0002861
0.0
0.0001907
0.0003815
0.0
0.0
0.0
0.0
9.537e-05
0.0
0.0002861
0.0001907
0.0
0.0
0.0
0.0
0.0
0.0
0.0
0.0
0.0
0.0
0.0
0.0001907
0.0002861
0.0001907
0.0
0.0
0.0
0.0
0.0001907
0.0
0.0
0.0
0.0001907
0.0
0.0003815
0.0
0.0
0.0003815
0.0
9.537e-05
0.0001907
0.0003815
0.0001907
9.537e-05
0.0
0.0001907
0.0002861
0.0001907
0.0001907
0.0
0.0
0.0
0.0
0.0002861
0.0001907
9.537e-05
0.0
0.0
0.0
0.0
0.0
0.0
0.0
0.0
0.0001907
0.0
0.0
0.0
0.0001907
0.0
0.0
0.0
0.0
9.537e-05
0.0
0.0
0.0
0.0
0.0
0.0
0.0004768
0.0003815
0.0003815
0.0003815
0.0003815
0.0005722
0.0003815
0.0
0.0003815
0.0002861
0.0001907
0.0
0.0
0.0001907
0.0
0.0
0.0
0.0
0.0
0.0
0.0
0.0001907
9.537e-05
0.0
0.0001907
0.0001907
0.0001907
0.0001907
0.0
0.0005722
0.0001907
0.0001907
0.0
0.0003815
0.0
0.0
0.0
0.0
0.0001907
0.0
0.0
0.0
0.0
0.0001907
0.0
0.0
0.0002861
0.0
0.0
0.0003815
0.0
0.0
0.0
0.0
0.0
0.0001907
0.0
0.0001907
0.0
0.0
9.537e-05
0.0001907
0.0
0.0
0.0
0.007153
0.009346
1.329
0.4204
0.4967
0.5539
0.3517
1.317
1.575
0.7767
0.5127
0.3967
0.3708
0.4044
0.3731
0.3826
0.3731
0.3498
0.3841
1.303
2.115
2.118
1.889
0.6287
0.5257
0.6752
0.7507
0.9903
1.158
1.183
0.3483
0.1053
0.01192
0.009727
4.95
8.093
6.219
4.504
2.02
0.003529
9.537e-05
9.537e-05
0.0
0.0
0.009537
0.3674
1.053
0.4303
0.6622
0.4295
0.425
0.6607
0.7164
0.6828
0.4982
0.3662
0.351
0.3273
0.3139
0.3399
0.3101
0.341
0.3422
0.4112
1.974
3.235
1.898
1.703
0.515
0.499
0.621
0.6088
0.6508
1.077
1.141
0.8713
0.2968
0.01192
0.01163
2.896
7.605
4.913
6.055
2.441
0.006104
0.0001907
0.01135
0.3582
0.9918
0.4303
0.6363
0.3239
0.3429
0.6104
0.7172
0.6828
0.4631
0.3342
0.354
0.3567
0.3437
0.3464
0.3349
0.3262
0.3185
0.3586
1.865
1.999
2.032
1.549
0.6149
0.5966
0.6821
0.6935
0.8713
1.028
1.183
0.4791
0.0248
0.01068
0.09022
7.08
6.104
5.835
4.211
0.8087
0.0123
0.007248
1.289
0.4402
0.4868
0.6012
0.3784
0.634
0.7011
0.7431
0.5363
0.3185
0.3315
0.3353
0.3471
0.3746
0.3635
0.396
0.4128
0.5249
2.515
2.316
1.633
1.596
0.5615
0.6126
0.6256
0.6638
0.9567
0.9903
1.07
0.3967
0.128
0.009918
0.00906
4.041
6.665
5.786
4.669
3.137
0.04101
0.002098
9.537e-05
0.0002861
0.0003815
0.0002861
9.537e-05
0.0005722
0.0
0.0
0.0
9.537e-05
0.0
0.009727
0.2201
1.218
0.4784
0.7179
0.3853
0.4166
0.6294
0.6889
0.5981
0.486
0.3651
0.3635
0.3803
0.3628
0.359
0.4181
0.3967
0.5112
2.301
1.996
2.002
1.433
0.6363
0.7088
0.7195
0.8713
1.126
1.19
0.9811
0.3075
0.009918
0.01106
3.168
7.336
6.335
6.335
1.103
0.002766
9.537e-05
0.0
0.0
0.0
0.0002861
0.0
0.0
0.0001907
0.0
0.0
0.0
0.0
0.0
0.0
0.1005
0.002384
0.3109
1.027
0.3147
0.6134
0.4723
0.5875
0.6752
0.7195
0.4929
0.4051
0.399
0.3639
0.3365
0.3387
0.3929
0.3574
0.359
1.341
2.298
2.264
2.1
0.6691
0.6805
0.7515
0.9003
1.276
1.237
1.231
0.1921
0.009918
0.01001
1.63
8.594
6.055
5.518
2.887
0.001049
0.003529
0.0
0.0002861
0.0
0.0
0.01364
0.415
1.082
0.5508
0.5951
0.4242
0.576
0.795
0.7935
0.6203
0.515
0.4318
0.4433
0.4196
0.4326
0.4303
0.399
0.4456
1.299
2.359
2.155
1.59
1.402
0.6935
0.8881
0.827
1.268
1.288
0.9613
0.272
0.01421
0.008202
5.225
7.654
5.432
6.012
0.341
0.004578
9.537e-05
0.0
0.0
0.0
0.0
0.0
0.0001907
0.0
0.0
0.0
0.0
0.0
0.0
0.0
0.0
0.0
0.0
0.0
0.0
0.0
0.0
0.0
0.0
0.0
0.0
0.0
0.0
0.001431
0.0
0.0
0.0001907
0.0001907
0.0
0.0
0.0
9.537e-05
0.0
0.0
0.0
0.0001907
0.0
0.0
0.0
0.0
0.0
0.0
0.0
9.537e-05
0.0
0.0
9.537e-05
0.01173
0.4173
0.9964
0.383
0.6599
0.4242
0.5028
0.7233
0.7317
0.6042
0.415
0.3342
0.3044
0.3368
0.3304
0.3201
0.3407
0.33
0.3227
0.8881
2.301
2.42
1.442
1.244
0.589
0.6943
0.7278
0.8682
1.152
1.234
0.9552
0.1074
0.01669
0.01078
5.072
5.872
6.274
4.822
2.832
0.005054
9.537e-05
0.0
0.0
