0.1593
0.2869
0.1707
0.5524
0.2037
0.2018
0.4944
0.2026
0.3643
0.3719
0.3227
0.3086
0.4021
0.1724
0.0004768
0.0
0.0
0.0
0.0
0.0
0.0
0.01011
0.4204
0.3704
0.2171
0.3654
0.5562
0.1766
0.367
0.3159
0.2335
0.3914
0.227
0.3235
0.1368
0.2289
0.3975
0.1564
1.608
3.912
4.083
4.321
6.165
2.411
0.1991
0.4173
0.243
0.2777
0.1328
0.275
0.1875
0.174
0.1875
0.1427
0.0002861
0.02317
0.3944
0.1188
0.145
0.3441
0.1682
0.2052
1.84
2.423
2.74
2.658
2.728
3.0
4.81
1.926
1.199
0.3105
1.352
2.774
3.073
3.076
3.174
5.005
1.63
1.022
0.1566
0.3162
0.09336
0.1293
0.3429
0.06342
2.484
3.012
3.021
2.969
3.012
4.736
1.804
1.445
0.1163
0.1898
0.1188
0.1537
0.3639
0.1732
0.1684
2.307
2.966
3.0
3.101
3.0
5.115
2.365
1.144
0.3441
0.2323
0.3052
1.268
2.502
2.579
3.098
2.805
5.688
3.116
0.5379
0.4494
0.08354
0.1343
0.3284
0.1186
0.7347
0.1091
0.3868
0.4295
0.3944
0.3525
0.05016
0.1139
0.112
0.3052
0.1053
1.584
2.814
2.945
2.798
3.046
5.023
2.316
1.892
0.4547
0.4463
0.2583
0.1104
0.1001
0.3159
0.1272
2.274
2.756
2.704
3.015
3.192
4.95
2.161
1.105
0.23
2.191
2.771
3.036
3.04
5.774
2.509
1.454
0.399
0.3647
0.3166
0.3036
0.1547
0.2789
0.1736
0.4539
0.3246
0.4234
0.3716
0.2113
0.0
0.2682
0.2846
0.0002861
0.0
0.0
0.0
9.537e-05
0.0
0.0
0.0
0.0
0.2613
0.131
0.222
0.07648
0.1129
0.2899
0.2613
0.2197
0.1411
0.1455
0.3654
0.01593
0.1734
0.2399
0.193
0.0
0.0
0.0
0.0
0.0003815
0.0
0.0
0.0001907
0.0
0.206
0.3593
0.2335
0.1921
0.1743
0.349
0.2453
0.1854
0.4349
0.3071
0.1793
0.2678
0.4066
0.4456
0.09766
0.0001907
0.0
0.0
0.0
0.0
0.0
0.0
0.0
0.0
0.3864
0.1865
0.1867
0.3628
0.1587
0.1766
0.2548
0.2834
0.264
0.2434
0.1017
0.1211
0.3025
0.3887
0.07296
0.0002861
0.0
0.0
0.0
0.0001907
0.0
0.0
0.0
9.537e-05
0.006104
0.1328
0.2251
0.1202
0.2235
0.1877
0.4303
0.157
0.156
0.1934
0.1812
0.1965
0.1743
0.428
0.2422
0.3658
0.0001907
9.537e-05
0.0
0.0
0.0
0.0
0.0
0.004387
0.5219
0.692
0.001812
0.2686
0.2762
0.7652
0.4326
0.4723
0.3777
0.1804
0.2644
0.4173
0.4898
0.1404
0.3452
0.0
0.0
0.0
0.0
0.0
0.0
0.0
0.0
0.0
0.0
0.1162
0.2773
0.5943
0.3819
0.4341
0.1894
0.1169
0.1087
0.0
0.0
0.09489
0.0001907
0.2037
0.3536
0.4616
0.007248
9.537e-05
0.0
0.0
0.0
9.537e-05
0.0
0.0
0.0
0.006485
0.1003
0.3139
0.02804
0.0
0.0
0.0
9.537e-05
0.0
0.0
9.537e-05
9.537e-05
0.0
0.0
0.0
0.0
0.0
0.0
0.0
0.0
0.0
0.0
0.0
0.3345
0.1911
0.3807
0.3387
0.2628
0.6592
0.2338
0.425
0.1844
0.2357
0.3685
0.4669
0.1089
0.219
0.1358
0.1753
0.4761
3.802
3.888
3.912
4.193
3.741
3.961
4.077
4.065
3.937
4.089
3.912
4.041
4.022
8.215
9.424
9.253
8.862
5.646
3.668
1.085
2.042
3.857
3.925
3.9
3.717
3.76
3.87
3.857
4.065
4.041
4.156
3.986
4.016
4.669
10.21
11.32
9.912
7.166
5.09
2.997
0.9583
1.566
2.289
2.353
2.551
2.585
2.966
2.747
2.74
2.835
2.805
3.174
3.632
3.784
3.979
3.949
3.937
6.58
9.216
10.74
7.581
6.409
4.901
2.151
0.7477
3.613
3.839
3.625
3.778
3.796
3.577
3.149
3.058
3.601
3.473
3.687
3.351
3.119
3.302
5.426
5.402
2.13
5.573
5.89
7.495
5.847
6.024
4.51
3.217
1.151
2.713
4.047
3.754
3.613
3.668
3.595
3.717
3.766
3.522
3.51
3.522
3.522
3.967
3.76
9.192
7.971
9.485
8.325
4.919
4.297
1.666
1.718
3.76
3.625
3.9
3.717
3.76
3.839
3.809
3.558
3.516
3.711
3.748
3.839
3.491
10.31
7.324
9.473
7.971
5.322
3.577
0.9888
1.736
3.595
3.394
3.522
3.601
3.473
3.467
3.668
3.735
3.638
3.864
3.772
4.047
3.961
9.265
8.667
9.058
6.909
5.121
2.914
0.8804
3.351
3.705
3.674
3.497
3.644
3.546
3.625
3.607
3.503
3.497
3.638
3.558
2.704
4.523
10.69
10.18
8.118
6.36
5.145
3.455
0.8743
2.341
2.53
5.725
2.405
1.077
2.319
3.571
4.871
1.1
1.349
2.496
4.529
0.6767
1.874
3.006
4.474
0.5386
2.277
2.719
5.67
1.752
1.302
2.393
3.949
4.816
0.4646
1.755
3.693
2.643
0.3975
2.313
3.693
3.333
0.3536
2.347
4.297
2.145
1.038
0.1728
1.357
1.776
3.07
2.499
0.2022
0.9903
1.819
3.043
2.274
0.2186
0.7309
1.749
2.573
2.823
0.3464
0.0783
2.24
2.448
2.487
2.432
2.521
2.557
2.499
2.591
2.499
2.625
2.637
2.698
2.634
2.475
2.191
1.648
1.286
1.181
1.152
1.141
1.125
1.196
1.216
1.195
1.233
1.212
6.531
3.455
2.158
4.218
3.918
5.273
4.81
3.748
4.303
3.925
3.833
3.644
2.979
1.457
0.5753
3.156
4.095
3.979
4.059
3.656
4.01
4.034
3.729
4.028
3.802
3.87
4.321
4.047
9.46
8.96
8.789
7.947
5.579
3.693
0.9659
1.302
1.962
2.029
1.828
2.194
2.274
2.176
2.02
2.072
2.353
2.548
3.198
4.285
3.9
3.79
3.589
3.448
3.436
4.211
7.166
3.723
6.506
7.385
5.408
7.422
4.694
2.454
1.079
2.475
0.6737
0.2995
2.896
1.376
1.283
1.414
0.6378
1.048
0.3841
0.4532
0.6081
3.76
3.864
4.016
4.028
3.821
3.973
4.102
3.943
3.821
4.004
3.925
4.138
4.028
9.009
8.606
9.18
7.08
5.695
3.497
1.146
1.038
1.16
1.248
0.7324
1.318
3.851
4.059
3.937
4.181
3.882
3.821
3.613
3.503
4.132
3.79
3.876
4.248
3.925
8.984
8.362
9.033
7.861
5.493
3.821
1.363
0.6096
0.8118
0.4601
0.6798
0.9399
0.5028
0.4242
0.399
0.5974
0.2632
0.3998
0.4272
0.3761
0.349
0.3647
0.547
0.4318
0.2808
0.2579
0.2975
0.573
0.378
0.4326
0.2308
0.2247
0.7874
0.2647
3.363
3.912
3.687
3.735
3.583
3.729
3.11
3.87
3.613
3.699
3.546
3.839
3.827
5.634
8.594
9.937
8.179
6.372
5.09
2.115
0.6119
0.5028
0.4227
0.3483
0.2003
0.605
0.4166
0.4219
9.537e-05
0.0
9.537e-05
0.0
0.0
0.0
0.0
0.0
0.0
0.0
0.0
0.0
0.0
0.0
0.0
0.0
0.0
0.0
0.0
0.0
0.0
0.0008583
0.7515
0.7195
0.7057
1.134
0.3731
0.4639
0.4349
0.5531
