0.3967
0.7637
0.2525
0.473
0.08106
0.1064
0.1186
0.3304
0.2766
0.4486
0.5577
0.2144
0.2422
0.3521
0.1205
0.06628
0.1928
0.3105
0.002575
0.0006676
0.2739
0.1999
0.1421
0.3216
0.5196
0.1495
0.1307
0.3399
0.1749
0.5455
0.1232
0.1141
0.301
0.1492
0.0005722
0.2186
1.463
1.439
1.474
1.068
1.19
1.06
1.044
1.239
6.323
2.219
3.442
2.466
0.795
0.5508
0.09317
0.1383
0.2506
0.2182
0.1749
0.4227
0.2277
0.1995
0.177
0.5867
1.46
1.294
1.39
1.379
1.399
1.425
1.511
3.967
3.577
2.222
3.613
1.785
0.1902
0.5829
1.648
1.7
1.501
1.244
1.494
1.321
1.602
6.219
2.148
3.754
1.599
0.5646
0.3319
1.03
1.399
1.466
1.27
1.328
1.26
1.204
1.193
6.213
2.032
3.552
1.691
0.634
0.002766
0.5363
1.143
1.373
1.547
1.337
1.227
1.384
1.495
6.067
2.49
4.346
0.7301
1.138
1.27
1.62
1.497
1.581
1.379
1.216
1.45
5.865
2.225
3.65
1.733
0.3662
0.2365
0.6439
0.6638
0.6233
0.1181
1.1
0.3513
0.132
0.09079
0.3185
0.1629
0.02098
0.9384
1.335
1.227
1.367
1.535
1.447
1.813
6.018
2.112
3.284
2.316
0.7248
0.6554
0.07992
0.6256
1.047
1.041
1.158
1.37
1.44
1.581
1.378
4.645
3.333
2.048
2.698
1.266
0.589
0.7057
0.3002
0.1215
0.09956
0.3815
0.1875
0.5165
0.6523
0.3624
0.7477
0.2663
0.5455
0.2964
0.1396
0.08411
0.3304
0.1566
0.0004768
0.0004768
0.0
0.0
0.0
0.0
0.0
0.02384
0.6195
0.3506
0.1518
0.1431
0.3803
0.3471
0.2106
0.2739
0.621
0.4745
0.1381
0.08297
0.2125
0.3269
0.05341
0.3216
0.0
0.0
0.0
0.0
0.0
0.0
0.0
0.01097
0.7225
0.6126
0.4684
0.2853
0.5035
0.6531
0.3288
0.3384
0.1146
0.06256
0.1663
0.3605
0.2594
0.3082
0.2876
9.537e-05
0.0
0.0
0.0
0.0
0.0
0.0
0.0
0.006962
0.2598
0.3822
0.378
0.1078
0.05989
0.2106
0.322
0.5508
0.05589
0.1205
0.07944
0.3498
0.1675
0.9109
0.47
0.09995
0.0
0.0001907
0.0
0.0
0.0
0.0
0.0
0.0
0.3922
0.1265
0.07849
0.2403
0.2251
0.2033
0.1856
0.1871
0.2037
0.1991
0.3181
0.3624
0.1139
0.08745
0.3014
0.1968
9.537e-05
0.0
0.0
0.0
0.0
9.537e-05
0.0
0.05217
0.6073
0.2686
0.1373
0.1436
0.3704
0.3014
0.563
0.6409
0.264
0.502
0.1972
0.1617
0.0762
0.2724
0.1875
0.0001907
0.0
9.537e-05
0.0
0.0
0.0
0.0
0.0
0.0
0.3792
0.1093
0.1106
0.07639
0.3227
0.547
0.1225
0.09022
0.4753
0.3067
0.5646
0.5234
0.09184
0.1152
0.28
0.2243
0.001431
9.537e-05
0.0
9.537e-05
0.0001907
0.0002861
0.0
0.0003815
0.0
0.3937
0.1232
0.06781
0.296
0.1678
0.4517
0.1968
0.3696
0.1553
0.131
0.415
0.01097
0.1263
0.227
9.537e-05
0.0
9.537e-05
0.0
9.537e-05
9.537e-05
0.0
0.0
0.01774
0.5394
0.0009537
0.795
0.6561
0.3082
0.1062
0.07648
0.2251
0.2472
0.1705
0.256
0.2525
0.005436
0.5234
0.09165
0.1257
0.07782
0.2823
0.2579
0.4326
1.015
0.9247
1.012
1.08
1.044
1.242
1.167
1.204
1.176
1.186
0.9949
0.9918
0.9338
1.006
1.242
1.337
1.529
1.512
1.295
1.152
1.308
1.23
1.115
1.06
0.8972
0.9766
0.9583
1.036
0.9125
1.042
1.228
1.341
1.111
1.222
6.274
8.496
6.152
3.918
10.8
7.275
5.365
6.238
4.272
5.853
3.247
3.772
2.823
2.844
1.917
0.4295
1.283
1.245
1.474
1.166
1.138
0.9964
1.001
1.256
1.396
1.483
1.357
1.134
0.9476
1.184
1.01
1.083
1.187
0.8972
1.213
1.12
1.151
1.128
0.8621
1.143
1.18
1.231
1.132
1.103
0.8942
0.9262
0.9857
1.091
1.06
1.105
1.3
6.494
7.568
5.908
5.402
5.774
4.956
5.688
5.518
6.506
3.998
6.714
3.314
3.073
2.356
1.779
2.487
0.4654
1.035
1.355
1.088
1.079
0.8118
0.7858
1.028
0.9201
1.019
1.041
1.041
1.237
0.975
0.8545
1.047
1.039
1.102
0.9079
0.8652
1.016
1.073
1.044
1.227
1.051
1.32
1.276
1.147
0.9567
0.9384
0.9186
0.9979
1.057
0.9644
1.038
0.9201
1.056
2.765
5.212
6.848
7.349
3.54
8.923
7.837
5.518
5.316
3.906
7.629
4.565
3.54
2.048
2.625
1.28
1.419
0.5867
0.8408
0.9979
1.064
0.9933
1.083
0.9003
0.9155
0.8011
0.8133
0.9323
0.9567
0.9109
0.9186
1.073
0.9949
0.8789
0.9323
0.9811
1.045
1.021
1.135
1.263
1.314
1.382
1.501
1.349
1.534
1.506
1.572
1.605
1.303
1.335
1.349
1.253
2.975
7.947
7.764
4.999
4.913
9.167
6.384
5.487
6.061
6.122
6.714
2.869
4.48
2.747
2.615
0.8072
0.1892
0.07181
0.08659
0.6126
0.1875
0.5066
0.7225
0.6546
0.7141
3.137
3.131
1.392
1.321
0.2369
0.1617
0.1028
0.3777
0.375
0.1816
0.08907
0.1034
0.4723
0.09317
1.181
0.02689
0.6523
3.522
3.754
3.534
2.994
3.186
2.936
3.04
3.058
2.899
3.006
3.03
2.591
2.994
3.024
3.101
8.411
5.621
8.13
6.97
5.243
4.993
5.072
1.605
0.798
2.46
2.704
2.725
2.939
2.869
2.927
2.719
2.518
2.597
2.356
2.615
2.325
2.747
2.304
2.46
2.258
1.898
3.369
7.153
6.226
7.532
8.032
6.494
4.62
4.077
1.926
0.7095
2.46
2.365
2.307
2.557
2.322
2.563
2.725
2.762
2.332
2.31
2.173
2.185
2.405
2.255
2.139
2.148
2.032
2.005
1.743
4.907
5.249
2.02
4.816
3.741
5.359
4.871
4.803
4.944
3.564
2.985
3.033
2.841
2.692
1.694
1.654
0.6042
1.212
0.164
1.154
0.09232
1.514
0.4631
0.172
0.1553
0.1204
0.112
0.251
0.09546
0.7759
0.3784
0.6905
0.3929
0.7904
0.2705
0.09012
0.1219
0.144
0.3242
0.1287
1.031
0.2876
0.07601
0.1167
0.2396
0.2464
0.2792
0.07591
0.107
0.1059
0.3601
0.2247
0.1219
0.1999
0.1137
0.09375
0.1089
0.2995
0.1194
0.7889
0.5798
0.2777
0.8362
0.6516
0.1879
0.7355
0.8331
0.3582
0.4768
0.1854
0.1553
0.3139
0.09031
0.4707
0.2716
0.09432
0.1173
0.2769
0.1074
0.3822
0.3696
0.2769
0.1593
0.3185
0.412
0.2331
0.1228
0.112
0.2781
0.153
0.6981
0.2445
0.2678
0.2689
0.1711
0.5699
0.1175
0.2396
0.1665
0.2777
0.12
0.0001907
9.537e-05
0.0
0.03252
0.3693
0.4364
0.2541
0.1177
0.09918
0.2495
0.1003
0.0001907
9.537e-05
0.3098
0.2575
0.132
0.1137
0.2487
0.1144
0.1677
0.2228
0.1291
0.1143
0.301
0.1019
0.0004768
0.0
0.0
0.0
0.0
0.0
0.0
9.537e-05
0.0
0.0
0.0
0.0
0.0
0.0
0.0
0.0
0.0
0.0
0.0
0.0
0.0
0.01631
0.4318
9.537e-05
0.0452
0.3815
