14.21
20.04
15.92
16.89
17.58
19.82
30.81
35.21
19.51
15.38
19.82
16.92
18.16
6.934
0.1432
0.05207
0.02346
0.02861
0.02346
2.734
19.19
14.06
19.12
15.8
15.5
25.1
36.43
26.03
36.96
31.15
13.48
18.53
18.19
16.41
19.19
14.36
17.68
13.18
32.67
33.2
10.33
0.6874
0.2007
9.534
28.42
34.57
21.78
15.6
23.14
34.57
26.71
15.16
18.12
16.04
33.11
35.11
17.21
14.14
18.16
13.87
17.58
27.05
33.74
16.8
0.6851
4.279
36.82
35.4
33.94
36.13
36.87
35.5
34.62
34.62
10.51
32.23
39.84
35.3
35.94
36.28
35.6
37.26
33.3
32.13
31.3
31.59
30.57
32.67
34.23
34.18
32.57
33.98
34.96
32.03
31.25
33.2
33.06
34.47
30.52
32.47
34.03
34.28
33.64
34.52
31.69
23.24
10.17
10.05
10.35
7.52
9.167
13.79
20.48
4.919
3.717
3.125
4.901
30.32
34.86
34.67
34.57
34.81
29.39
30.76
31.84
22.66
10.85
36.08
32.86
32.67
32.13
30.86
30.76
30.96
31.74
30.62
30.13
30.91
32.37
33.64
32.13
34.08
33.89
34.13
33.54
34.33
33.54
32.32
32.76
33.74
33.79
32.47
29.59
30.52
32.03
33.25
33.11
32.57
10.66
10.14
10.66
9.937
10.23
13.18
20.17
4.327
3.961
3.003
3.381
5.609
34.23
34.67
33.5
33.69
36.52
36.87
35.25
32.57
12.24
26.56
40.62
39.26
38.82
37.89
37.21
37.35
36.87
36.18
36.87
37.45
38.13
36.08
35.74
34.91
34.33
34.57
33.01
33.4
33.94
34.13
33.3
33.79
30.18
31.05
32.91
31.59
30.66
30.66
24.02
8.655
9.79
8.862
8.997
7.739
9.595
12.96
20.53
4.309
3.656
2.875
2.954
4.761
21.26
27.44
28.22
28.32
28.52
28.86
27.88
28.12
26.86
26.17
20.21
8.948
32.96
31.4
30.42
29.93
28.86
27.93
28.66
29.05
28.37
27.05
26.95
25.59
26.03
28.27
29.1
29.49
28.91
26.81
28.32
30.96
31.2
30.91
30.18
27.54
26.66
23.27
26.12
26.03
27.29
28.27
28.76
29.05
28.81
28.66
29.15
29.44
28.17
10.02
9.57
9.119
8.496
7.471
9.717
12.94
20.7
4.126
4.138
2.762
3.351
0.9537
0.3777
0.03643
0.02604
0.02604
0.02604
0.03128
0.02346
0.02861
0.02346
0.03128
0.02604
0.02861
0.02604
0.02604
0.02604
0.02861
0.02604
0.03128
0.02604
0.02861
0.02604
0.02861
0.02604
0.02861
0.02346
0.02861
0.02861
0.02861
0.02861
0.02861
0.02861
0.03128
0.02604
0.02861
0.02604
0.02604
0.02604
0.02604
0.02604
0.02861
0.02604
0.02861
0.02346
0.02861
0.02604
0.02861
0.02604
0.02604
0.02604
0.02861
0.02604
0.02861
0.02346
0.02861
0.02346
0.02861
0.02346
0.02861
0.02346
0.02861
0.02604
0.02861
0.02604
0.03128
0.02604
0.03128
0.02604
0.03128
0.02861
0.02861
0.02604
0.03128
0.02861
0.02861
0.02604
0.02604
0.02604
0.02861
0.02604
0.02861
0.02604
0.03128
0.02861
0.02861
0.02604
0.02604
0.02604
0.02861
0.02604
0.02861
0.02604
0.02604
0.02604
0.02861
0.02604
0.02604
0.02604
0.02861
0.02346
0.02861
0.02346
0.02604
0.02604
0.02604
0.02604
0.02604
0.02604
0.02604
0.02604
0.02604
0.02604
0.02604
0.02604
0.02604
0.02861
0.02604
0.02604
0.02861
0.02604
0.03128
0.02604
0.03643
0.03128
0.03643
0.02604
0.02861
0.02346
0.02861
0.02861
0.02861
0.02604
0.02861
0.02604
0.02861
0.02861
0.02604
0.02861
0.02861
0.02604
0.02861
0.02604
0.03128
0.02604
0.02861
0.02604
0.02861
0.02604
0.02604
0.02604
0.03128
0.02604
0.02604
0.02604
0.02604
2.765
21.68
33.84
31.2
32.67
32.18
31.69
29.59
30.08
33.45
33.59
33.69
33.59
31.35
28.76
31.4
32.37
33.4
32.57
29.44
28.08
29.74
31.25
30.52
27.29
28.17
28.52
28.17
28.86
28.32
29.69
29.44
29.1
27.39
26.27
9.888
9.253
9.119
9.473
10.72
17.02
13.7
18.55
2.841
0.4242
0.1589
0.02604
0.02861
0.02604
0.03128
0.02604
0.02861
0.02604
0.02861
0.02346
0.02861
0.02604
0.02861
0.02346
0.6767
10.46
31.69
32.42
33.45
33.25
31.49
30.18
31.54
30.13
30.42
29.83
29.64
30.37
30.86
29.49
29.88
30.76
30.62
31.98
32.23
29.79
28.27
28.81
31.2
28.76
27.73
28.81
26.46
27.83
29.69
29.25
28.76
27.93
27.0
25.93
14.82
8.521
8.118
8.594
8.813
11.65
18.02
17.07
14.18
2.405
0.3593
0.1068
0.02861
4.413
29.0
34.96
35.64
31.49
29.83
29.64
29.79
30.13
32.13
32.62
33.84
34.08
33.4
31.74
31.69
32.28
32.08
32.71
31.05
31.59
30.62
31.69
30.96
29.15
28.81
29.69
29.93
30.57
29.25
28.32
28.96
29.35
29.35
10.85
9.485
9.277
8.887
10.67
11.06
15.33
15.04
13.94
2.335
5.573
32.18
33.54
33.01
32.81
30.13
29.1
29.88
31.74
33.2
33.54
31.05
31.64
31.74
30.62
31.01
33.25
32.86
33.5
33.59
32.67
33.3
32.13
27.98
26.32
28.17
30.08
31.1
29.25
30.03
30.22
31.3
31.25
25.44
10.05
9.79
9.998
11.21
8.118
19.65
20.73
2.997
0.4242
0.1797
0.02604
0.02604
0.02346
0.02604
0.02346
0.02861
0.02346
0.02604
0.02604
0.02604
0.02604
0.02604
0.02604
0.02604
0.02604
0.02604
0.02604
0.02604
0.02346
0.02861
0.02346
0.02604
0.02604
0.02861
0.02604
0.02604
0.3567
0.1484
0.1068
0.02604
0.02604
0.02604
0.02604
0.02861
3.491
8.447
10.74
10.45
10.11
8.398
3.186
0.1484
0.06771
0.02861
0.795
12.82
36.33
37.11
37.55
34.23
29.2
30.03
29.44
31.88
31.4
31.49
30.03
30.27
29.88
30.27
30.42
30.71
28.66
29.25
27.73
32.52
28.22
28.56
27.29
25.05
24.17
24.07
26.81
26.12
24.32
26.07
26.61
28.37
27.69
26.42
12.79
9.705
9.363
10.42
10.78
19.36
17.94
10.69
1.485
0.3021
0.06247
0.02604
0.02604
0.03128
0.02079
0.02604
0.02604
0.02604
0.02604
0.02604
0.02604
0.03128
0.02604
0.02604
0.02604
0.03128
0.02604
0.02604
0.02604
0.03128
0.02604
0.02604
0.02604
0.03128
0.02079
0.03128
0.02604
0.03128
0.02604
0.02604
0.02604
0.02604
0.02604
0.02604
0.02604
0.03128
0.02079
0.03128
0.02604
0.02604
0.02604
0.03128
0.02604
0.02604
0.02604
0.02604
0.03128
0.03643
0.02604
0.02604
0.02604
0.02604
0.03128
0.02604
0.02604
0.03128
0.02079
0.03128
0.02079
0.03128
0.02604
0.02604
0.02079
0.03128
0.02079
0.03128
0.02079
0.02604
0.02604
0.02604
0.02604
0.03128
0.02079
0.02604
0.02604
0.02604
0.02604
0.02604
0.02604
0.02604
0.02604
0.02604
0.02604
0.02604
0.02604
0.02604
0.02604
0.03128
0.02604
0.02604
0.02604
0.02604
0.02604
0.02604
0.02604
0.03128
0.02079
0.03128
0.02604
0.02604
0.02604
0.02604
0.02604
0.02604
0.02604
0.02604
0.02604
0.03128
0.02079
0.03128
0.02604
0.02604
