0.0
0.0
3.595
0.0007629
0.00124
0.0008583
0.001049
0.0008583
0.0008583
0.001144
0.0006676
0.001335
0.0008583
0.0007629
0.0009537
0.0008583
0.0009537
0.0007629
0.001335
0.0008583
0.001049
0.001621
0.0009537
0.001144
0.001431
0.001049
0.001049
0.0007629
0.0008583
0.001335
0.0008583
0.0007629
0.001144
0.001526
0.001049
0.0009537
0.001335
0.001907
0.001717
0.0008583
0.001335
0.00124
0.00124
0.0008583
0.001431
0.001049
0.0008583
0.001812
0.0007629
0.001144
0.0008583
0.001144
0.002003
0.001812
0.04463
0.0
