16.5
17.94
17.14
17.46
16.6
17.41
17.19
15.84
15.6
16.58
15.28
16.33
15.94
16.26
16.02
16.48
16.67
16.97
16.58
17.26
17.19
15.97
16.41
16.06
16.14
16.09
16.53
16.58
17.72
17.02
17.99
17.68
17.97
16.26
16.48
17.04
16.31
16.36
17.63
17.48
16.09
16.38
16.77
16.21
17.46
17.68
17.63
16.6
15.8
15.94
15.84
16.63
16.04
16.14
17.04
17.24
16.89
16.75
17.07
17.09
16.38
16.89
18.33
17.6
16.48
17.48
18.73
17.24
16.24
17.04
16.55
17.09
16.19
16.36
16.31
16.5
16.67
16.67
16.7
17.11
24.76
13.87
12.4
13.5
13.53
12.82
14.77
14.65
13.5
13.67
16.53
14.87
15.23
14.45
14.72
13.72
14.82
13.5
14.92
13.55
14.89
14.26
14.7
14.55
14.77
15.58
15.09
14.77
15.45
15.72
16.26
16.5
19.09
18.29
16.19
15.72
17.68
16.63
15.36
15.19
16.5
15.87
15.14
15.01
16.16
16.43
16.19
16.24
15.62
17.14
15.31
15.8
16.14
16.43
14.94
14.65
14.82
15.41
15.04
16.97
16.92
15.28
15.99
16.16
17.36
16.5
14.65
15.01
15.06
15.99
16.63
16.85
17.04
15.06
15.97
15.62
16.04
14.43
15.11
15.62
16.41
16.55
15.77
15.06
15.11
17.16
16.94
17.6
17.5
18.02
18.75
15.7
17.6
19.07
19.07
17.46
18.16
19.48
17.33
16.33
17.33
17.75
19.26
17.55
18.16
18.07
16.63
15.97
16.19
17.14
16.46
18.02
18.43
18.55
15.65
15.43
16.11
16.92
17.82
18.12
17.33
18.16
20.95
15.36
15.72
17.31
16.8
18.43
18.46
18.07
19.78
15.82
16.04
14.55
15.99
15.33
15.16
14.89
14.97
15.06
14.72
14.84
15.21
15.16
16.41
14.94
15.99
18.12
15.45
14.99
16.31
17.38
15.23
15.11
14.97
16.89
17.07
17.65
19.04
19.63
17.58
18.99
18.77
17.9
18.04
17.94
19.17
20.61
16.43
15.84
15.45
15.82
16.04
16.21
17.41
17.82
15.77
15.7
16.11
17.02
18.12
16.5
17.58
15.99
16.16
16.26
16.82
16.09
16.36
16.5
18.07
17.19
16.99
15.94
16.87
15.7
15.82
16.28
16.41
15.72
15.67
16.16
17.33
17.85
18.19
16.04
15.09
14.62
15.48
15.8
15.23
16.72
16.09
15.01
15.31
15.77
16.19
15.77
17.02
17.31
17.16
15.92
15.92
17.41
17.55
16.55
16.24
15.7
16.94
15.7
14.92
15.09
15.19
15.67
16.63
15.6
15.75
16.28
15.38
16.82
16.55
16.02
15.16
17.97
15.33
15.33
16.53
16.41
16.5
19.75
17.29
18.65
18.43
18.41
19.19
18.29
19.31
19.63
20.14
20.39
20.68
19.68
20.17
18.8
16.31
16.67
16.38
15.77
16.63
17.31
17.26
16.94
19.19
16.72
16.85
17.82
19.73
17.07
17.29
17.36
18.29
17.85
16.41
16.26
17.46
15.72
17.75
17.21
16.94
15.82
17.5
16.5
17.75
18.48
16.65
16.77
18.9
19.14
17.9
17.85
17.31
17.02
17.02
16.06
17.14
16.09
16.6
16.55
17.48
17.33
18.6
19.02
18.33
18.53
18.97
18.63
17.9
17.75
17.68
16.82
17.38
17.16
18.55
19.07
19.7
17.94
15.33
15.16
15.04
14.94
15.04
16.43
15.11
15.65
16.77
15.26
17.85
14.97
15.16
15.99
16.24
15.65
15.58
15.43
16.5
16.02
17.55
15.77
16.26
17.02
16.16
15.45
15.7
17.16
15.55
16.63
15.11
16.21
15.53
15.55
15.09
15.84
16.53
16.19
16.55
15.48
16.24
15.38
15.55
16.19
16.63
17.8
16.31
16.31
16.97
16.14
16.99
15.5
15.75
15.99
15.94
16.85
16.04
16.36
15.87
16.5
16.43
15.23
15.62
15.8
15.55
16.38
15.92
15.5
16.02
16.72
16.28
16.16
15.89
18.51
16.02
16.02
17.46
18.21
16.04
16.41
15.33
17.29
16.55
15.7
16.65
17.82
16.65
14.77
16.28
14.92
16.7
18.87
15.04
15.72
15.97
17.53
15.62
14.92
15.7
16.09
16.5
15.84
16.41
17.16
15.92
16.67
15.38
16.21
17.46
16.46
16.85
16.92
17.38
17.8
18.58
17.31
17.68
16.14
16.7
16.24
16.72
16.72
17.72
16.48
16.21
16.26
15.97
16.46
16.77
17.5
18.55
17.07
15.5
15.97
16.82
16.09
17.55
17.09
17.53
17.29
16.48
16.67
16.48
16.97
17.43
19.24
18.36
17.65
16.48
17.04
18.16
17.97
16.36
16.85
17.72
17.04
16.94
16.85
16.82
17.16
17.87
15.7
15.75
20.63
15.94
16.14
15.7
16.16
16.58
17.02
16.55
17.16
17.48
16.58
16.5
16.67
15.84
15.48
16.7
15.45
16.5
17.19
18.31
16.53
16.43
16.46
17.72
17.16
16.6
16.48
16.19
15.97
17.29
16.72
16.24
16.21
16.63
18.12
18.14
17.55
19.73
15.55
16.6
16.33
17.75
16.16
15.84
15.48
17.92
17.41
16.26
16.63
16.92
15.89
16.75
18.97
16.8
15.75
17.29
16.31
18.51
17.94
16.43
16.09
16.77
17.75
16.92
16.46
16.89
16.21
16.38
17.09
16.82
16.6
17.21
16.82
17.82
19.63
17.36
17.85
18.21
17.53
17.31
16.99
17.16
17.99
17.43
17.63
18.02
20.56
18.68
18.97
17.24
17.6
16.77
16.53
17.02
17.43
17.16
17.21
17.29
16.65
16.99
17.16
19.04
18.16
17.99
17.85
17.04
18.46
16.97
17.58
17.77
16.67
17.77
17.85
17.94
17.43
19.34
19.68
19.04
17.43
18.9
18.92
19.65
17.55
18.14
19.17
17.82
19.29
17.55
17.41
18.19
19.21
16.82
17.21
18.43
17.07
18.99
18.46
17.43
17.55
16.65
16.75
17.99
17.85
18.36
19.43
17.43
17.5
17.92
16.82
17.87
17.41
16.94
18.68
17.07
18.85
18.19
19.48
16.75
17.77
17.02
18.21
18.19
17.55
17.75
17.33
17.41
18.12
