0.0
9.537e-05
0.0
0.0
0.0
0.0
0.0
0.0
0.0
0.0
0.0
9.537e-05
0.0
9.537e-05
0.0
0.0
0.0
0.0005722
0.0002861
0.0
0.0002861
0.0
9.537e-05
0.0004768
0.0003815
0.0008583
0.0003815
0.0002861
0.0
0.1343
0.1026
0.3326
0.1837
1.63
1.617
1.904
1.837
1.923
2.264
4.712
2.792
2.499
1.46
0.285
0.1778
0.1457
0.1112
0.1863
0.1661
0.1123
0.111
0.1995
0.153
0.1099
0.1701
0.2357
0.1297
0.08516
0.2636
0.1562
0.8163
1.395
1.682
1.469
1.379
1.427
1.204
1.172
3.003
2.942
1.999
2.252
0.6889
0.3193
1.143
1.433
1.639
1.552
1.703
1.678
1.587
5.042
1.459
1.917
1.306
0.3975
0.5692
1.529
1.314
1.761
1.932
1.962
5.164
2.182
2.594
0.5234
0.1692
0.3174
0.1518
1.228
1.862
1.877
1.776
2.225
5.121
2.841
1.317
0.2815
0.1532
0.2934
0.08011
1.285
2.42
2.252
2.023
1.84
5.078
1.611
2.905
0.3395
1.085
2.072
2.191
2.081
2.188
5.579
2.56
1.797
0.383
2.017
2.469
2.591
2.78
5.225
2.896
1.797
0.2041
1.025
1.776
2.487
2.466
2.734
5.499
3.217
0.9003
0.325
0.4913
0.3429
0.4288
0.3448
0.2991
0.2739
0.5272
0.2716
0.2438
0.4639
0.2483
0.09346
0.1434
0.3017
0.2132
1.08
1.204
1.651
1.526
1.865
1.544
1.549
4.541
1.242
1.996
1.32
0.2899
0.4814
0.2453
0.1398
0.3227
0.4654
0.1238
0.1841
0.0
0.0002861
0.0
0.0
0.0
0.0
0.0
0.03796
0.4097
0.2319
0.201
0.02947
0.2514
0.2647
0.09737
0.0948
0.1711
0.2022
0.293
0.2407
0.103
0.09937
0.1793
0.1873
0.0001907
9.537e-05
0.0
0.0
0.0
0.0
0.0
0.3155
0.1341
0.2224
0.3323
0.3517
0.1282
0.2209
0.3582
0.172
0.1472
0.1112
0.1911
0.293
0.1366
0.4478
0.131
0.1785
0.001335
0.0001907
0.0
0.0
0.0
0.0
0.0
0.01545
0.08221
0.4288
0.05121
0.1081
0.2533
0.2956
0.189
0.1894
0.3345
0.4189
0.2098
0.3578
0.6149
0.5501
0.3487
0.5997
9.537e-05
0.0
0.0
0.0
0.0
0.0
0.00391
0.1495
0.1204
0.1102
0.3773
0.1465
0.2747
0.1904
0.1642
0.6836
0.1329
0.1812
0.2354
0.1471
0.2422
0.1551
0.135
0.1194
0.0
0.0
0.0
0.0
0.0
0.0
0.0
0.1167
0.4669
0.2712
0.3983
0.4578
0.3616
0.1995
0.4013
0.2247
0.1806
0.185
0.201
0.5692
0.2228
0.4311
0.2548
0.1863
9.537e-05
0.0003815
0.0
0.0
0.0
0.0
0.0
0.01144
0.4196
0.2556
0.1368
0.2441
0.251
0.1629
0.4143
0.1402
0.4036
0.1152
0.2129
0.124
0.3841
0.1547
0.5257
0.1905
9.537e-05
0.0
0.0002861
0.0
0.0
9.537e-05
0.0
0.0
0.3841
0.1295
0.1783
0.01793
0.1091
0.1059
0.0001907
0.0005722
0.169
0.06857
0.3937
0.2945
0.293
0.338
0.0988
0.06332
0.0
0.0
0.0
0.0
0.0
0.0
0.0
0.00782
0.6325
0.5051
0.3288
0.03958
0.1364
0.07505
0.2682
0.1678
0.1333
0.09861
0.4883
0.2953
0.1747
0.2434
0.1244
0.08812
0.4257
0.09995
1.105
1.227
1.608
1.587
1.48
1.41
1.3
1.431
1.332
1.62
1.36
1.344
1.7
1.556
1.688
1.721
1.468
1.663
1.578
1.282
1.302
1.465
1.405
1.468
1.427
1.81
1.932
2.289
2.115
5.298
5.292
2.322
5.035
4.626
7.41
5.255
6.232
4.016
3.461
1.445
0.5638
2.075
2.087
2.228
2.475
2.515
2.399
1.947
2.084
2.042
1.898
2.133
1.819
1.877
1.547
1.538
1.77
1.715
1.498
1.549
1.608
1.776
1.581
4.401
6.433
3.009
4.663
5.029
7.678
5.542
6.934
4.535
3.351
1.593
0.5165
1.526
1.703
2.267
2.426
2.136
2.051
2.289
2.328
2.417
2.347
2.307
2.307
2.124
2.322
2.335
2.249
2.444
2.38
2.481
4.059
7.605
6.519
6.348
7.043
5.707
4.565
4.346
3.43
1.569
0.0002861
1.776
1.944
2.158
2.167
2.151
1.907
1.825
1.852
1.718
1.593
1.88
2.209
1.965
1.898
1.611
1.746
1.855
1.984
1.941
1.984
1.846
4.761
6.177
5.322
4.968
7.117
6.348
5.896
5.621
4.034
3.247
1.965
0.2289
1.106
1.483
1.801
1.773
1.77
2.039
2.176
2.243
2.081
2.06
1.503
1.749
1.776
2.502
2.487
2.203
2.081
2.072
1.987
2.191
1.904
1.767
4.333
5.89
3.079
5.035
4.492
6.232
4.694
4.584
5.042
4.816
2.902
3.156
3.821
2.139
1.508
0.4883
1.721
2.014
4.089
3.375
1.816
0.8179
1.892
2.097
5.261
2.722
0.4204
1.706
2.09
4.797
0.6538
1.633
2.02
3.9
4.138
1.566
0.251
1.523
1.559
2.695
3.174
1.123
0.152
0.7484
0.8972
1.1
4.315
1.776
0.7477
2.142
3.9
1.392
0.2373
0.3277
0.3403
0.2243
0.457
0.3178
0.4074
0.1146
1.213
2.301
4.218
0.6538
0.3094
0.5684
0.2762
0.388
0.06332
2.74
2.597
2.936
2.997
3.217
3.131
3.085
2.823
2.689
2.597
2.429
2.673
2.441
2.658
3.528
3.21
6.458
6.152
7.812
8.398
7.275
5.67
4.248
2.701
1.144
0.7706
1.663
1.91
2.255
2.246
2.307
2.426
2.469
2.402
2.591
2.454
2.734
2.612
2.658
2.625
2.786
2.533
2.914
2.802
8.093
8.289
8.679
7.019
5.933
4.193
3.375
1.685
0.3124
2.06
2.719
3.656
3.528
3.345
3.253
3.32
3.339
3.461
3.088
3.387
3.381
3.387
3.351
2.817
6.519
4.248
5.005
4.364
5.188
6.018
5.469
7.166
3.949
3.876
2.35
1.303
0.8636
2.335
0.3639
1.21
0.7744
0.1806
1.569
0.3113
0.3006
0.08011
0.09823
0.243
0.2819
0.2739
0.106
0.09747
0.2563
0.238
0.3078
0.08783
0.08192
0.3273
0.1251
0.0006676
0.02146
1.495
0.3853
0.4601
1.245
0.1532
0.2731
0.06676
0.09508
0.09956
0.2846
0.8194
0.243
1.721
1.846
1.648
1.996
1.892
1.752
1.639
1.605
1.501
1.508
1.55
1.471
1.466
1.712
1.463
1.546
1.476
1.54
1.476
1.337
1.372
1.48
1.381
1.685
1.743
1.562
1.801
6.183
4.877
4.895
4.169
6.262
5.957
4.791
6.75
4.407
3.821
3.241
1.421
1.932
0.5241
0.1291
1.497
1.614
1.773
1.599
1.399
1.428
1.199
1.244
1.384
1.051
1.074
1.041
1.044
1.234
1.189
1.018
1.059
1.141
1.083
1.329
1.479
1.617
1.685
1.614
1.718
1.45
1.508
1.733
1.831
1.764
5.316
5.597
3.036
5.756
5.695
6.299
4.779
7.776
4.254
4.327
3.125
1.266
1.559
9.537e-05
0.0
0.0
0.0
0.0
0.0
0.0
0.0
0.0
0.0
0.0
0.0
9.537e-05
0.0
0.0
0.0
0.0
0.0
0.0
0.3048
0.3578
0.6279
0.8377
0.9109
0.8774
0.2644
0.206
0.3872
0.4143
