6.024
6.024
6.024
6.024
6.024
6.024
6.024
6.024
6.024
6.024
6.024
6.024
6.024
6.024
6.024
6.024
6.024
6.024
6.024
6.024
6.024
6.024
6.024
6.024
6.024
6.024
6.024
6.024
6.024
6.024
6.024
6.024
6.024
8.325
14.5
16.28
17.09
17.6
17.94
18.24
17.82
15.16
14.55
13.09
12.46
11.15
9.521
15.11
16.36
16.94
17.38
17.68
18.07
18.19
16.04
14.53
13.62
12.94
9.924
8.899
15.75
20.75
20.83
18.12
11.46
15.36
16.43
17.11
17.53
17.8
18.12
16.75
14.6
13.99
11.61
11.29
15.48
16.48
17.07
17.53
17.87
18.16
15.38
14.45
13.23
12.27
8.557
13.7
15.77
16.58
17.07
17.55
17.9
18.16
16.28
14.01
12.3
9.583
9.155
17.77
20.58
17.38
10.77
8.765
15.97
20.78
18.7
17.19
9.79
15.06
16.46
17.16
17.7
18.09
16.63
14.6
12.82
8.923
9.961
18.85
20.75
18.43
15.5
9.302
10.82
8.862
9.399
10.05
8.838
9.363
9.595
10.05
16.97
20.61
19.6
12.77
13.06
16.06
17.02
17.65
17.99
17.92
15.26
14.04
11.41
9.729
9.106
8.801
9.265
9.656
9.021
9.79
8.984
8.875
9.375
9.436
9.351
8.887
14.06
20.07
20.73
19.58
14.77
12.65
15.58
16.41
16.92
17.33
17.68
17.94
18.29
16.89
14.89
14.18
12.84
8.069
9.46
8.704
7.886
8.496
8.716
7.837
6.213
6.024
6.024
6.024
6.024
6.024
6.024
6.024
6.024
6.024
6.024
8.508
8.398
17.58
20.83
17.87
8.875
6.641
6.213
6.024
6.024
6.024
6.024
6.024
6.024
6.024
6.024
6.024
6.024
6.024
6.024
6.024
6.024
6.024
6.024
6.024
6.024
6.024
6.024
6.024
6.024
8.081
7.043
6.024
6.024
6.024
6.024
6.024
6.024
6.024
6.024
6.024
6.024
6.024
6.024
6.024
6.024
6.024
6.024
6.024
6.024
6.024
6.024
6.024
6.024
6.024
6.024
6.024
6.024
8.447
8.752
9.143
6.024
6.024
6.024
6.024
6.024
6.024
6.024
6.024
6.024
6.024
6.024
6.024
6.024
6.024
6.024
6.024
6.024
6.024
6.024
6.024
6.024
6.024
6.024
6.024
6.024
6.024
6.024
6.024
6.024
6.024
6.024
6.024
6.024
6.024
6.024
8.813
6.775
7.349
8.667
6.067
6.024
6.024
6.024
6.024
6.024
6.024
6.024
6.024
6.024
6.024
6.024
6.024
6.024
6.024
6.024
6.024
6.024
6.024
6.024
6.024
6.024
6.024
6.024
6.024
6.024
6.024
6.024
6.024
6.024
6.024
6.024
6.024
6.024
6.024
6.024
6.024
6.024
6.024
6.024
6.024
6.024
6.024
6.024
6.024
6.024
6.024
6.024
6.024
6.024
6.024
6.024
6.024
6.024
6.024
6.024
6.024
6.024
6.024
6.024
6.024
6.024
6.024
6.024
6.024
6.024
6.024
6.024
6.024
6.024
6.75
12.29
16.43
17.41
17.92
18.26
18.7
18.87
19.09
19.26
19.34
19.53
19.58
19.73
19.73
19.87
19.92
20.12
20.24
20.31
19.46
16.63
19.46
20.63
20.04
20.04
20.02
18.73
17.63
17.48
16.48
9.607
16.09
17.41
18.07
18.36
18.75
18.95
19.17
19.34
19.46
19.53
19.58
19.78
19.9
19.9
19.97
20.14
20.31
20.31
19.38
17.14
19.31
20.78
20.85
20.65
20.21
18.12
17.19
16.48
12.04
12.62
16.7
17.63
18.12
18.51
18.77
18.97
19.14
19.29
19.36
19.43
19.53
19.56
19.73
19.73
19.78
19.92
19.97
20.24
20.31
18.24
17.14
19.17
20.53
20.85
20.85
20.85
19.65
18.41
17.68
16.19
10.03
16.28
17.38
18.02
18.26
18.75
19.12
19.14
19.31
19.48
19.56
19.7
19.73
19.8
19.92
19.92
20.0
20.19
20.39
20.48
17.65
18.12
20.63
20.85
20.85
20.51
20.07
17.87
15.75
15.31
10.85
7.605
13.84
16.87
17.65
18.07
18.48
18.82
19.02
19.17
19.34
19.41
19.65
19.73
19.73
19.82
19.92
20.07
20.31
20.31
19.73
17.72
19.41
20.61
20.9
20.9
20.7
20.7
20.68
20.68
20.56
20.34
18.07
0.0
15.75
16.63
17.11
17.48
17.9
18.16
18.21
18.36
18.41
18.58
18.75
18.77
18.77
18.77
18.82
18.97
18.97
19.07
19.17
19.19
19.36
19.34
19.53
19.53
18.6
17.04
18.14
19.65
19.9
19.07
18.53
18.53
18.51
17.85
16.36
16.26
16.26
15.75
11.99
14.6
15.48
16.06
16.46
14.92
12.7
13.16
12.6
11.17
13.11
15.01
15.89
16.5
14.77
13.01
13.09
11.25
9.753
14.87
15.89
16.38
16.8
17.19
17.33
17.41
17.77
17.94
18.07
18.24
18.38
18.43
18.58
18.68
18.75
18.87
18.95
19.04
19.14
19.14
19.29
19.41
19.53
19.73
19.56
19.53
16.92
17.36
19.24
19.7
19.7
20.56
20.65
20.68
20.7
20.63
19.19
16.94
16.46
16.43
12.72
10.75
15.11
15.97
16.43
16.85
17.16
17.38
17.46
17.7
17.9
18.14
18.19
18.19
18.31
18.43
18.58
18.58
18.58
18.58
18.75
18.77
18.77
18.87
18.95
18.97
19.07
19.14
19.14
19.19
19.34
19.41
19.63
19.73
19.73
19.73
18.51
17.02
18.73
19.09
19.51
19.68
19.7
19.7
19.73
19.04
16.92
16.46
16.46
16.46
16.36
15.84
9.705
14.75
15.67
16.28
16.87
17.21
17.36
17.55
17.7
17.9
17.99
18.12
18.19
18.24
18.38
18.38
18.58
18.58
18.58
18.75
18.77
18.77
18.8
18.97
18.97
18.97
19.17
19.17
19.17
19.17
19.17
19.31
19.36
19.43
19.56
19.56
19.73
19.73
19.12
16.58
18.87
19.75
20.46
20.65
20.68
20.09
18.99
18.8
17.11
10.16
9.094
10.6
9.741
8.899
9.57
11.36
18.77
19.38
17.31
16.36
14.62
11.15
8.801
12.08
15.77
16.67
17.24
17.53
17.9
18.24
18.41
18.55
18.73
18.77
18.97
18.97
19.14
19.17
19.14
19.29
19.34
19.41
19.6
19.73
19.85
19.95
19.9
17.04
18.02
19.48
20.48
20.48
20.48
20.48
20.48
20.41
19.29
17.38
17.24
17.24
17.02
13.92
8.997
8.838
11.13
18.04
20.09
18.43
15.31
16.26
20.19
18.51
15.89
5.579
5.438
7.507
9.094
8.484
8.606
9.106
8.716
11.33
18.68
19.9
19.58
17.36
16.87
9.875
8.704
8.691
8.984
10.46
18.73
19.29
13.92
5.627
5.505
5.438
5.438
5.438
5.438
5.438
5.438
5.438
5.438
5.438
5.438
5.438
5.438
5.438
5.438
5.438
5.438
5.438
9.143
8.777
9.412
10.02
8.801
8.972
10.02
9.265
8.569
8.74
