0.03529
0.0288
0.03185
0.02642
0.02518
0.02699
0.03977
0.03967
0.03624
0.03748
0.02985
0.03586
0.03729
0.03729
0.02995
0.03185
0.01516
0.03223
0.02975
0.04196
0.07648
0.0433
0.02832
0.0308
0.04005
0.02546
0.02728
0.03042
0.04005
0.03319
0.02375
0.03347
0.04425
0.05274
0.0246
0.02956
0.02861
0.02737
0.03872
0.09785
0.03538
0.03662
0.03805
0.05226
0.08726
0.04683
0.04702
0.06018
0.06943
0.03347
0.04511
0.06018
0.06723
0.03881
0.02699
0.03872
0.02956
0.07086
0.02871
0.1051
0.04358
0.02871
0.0
0.03004
0.03672
0.02985
0.05455
0.03214
0.03834
0.03061
0.1566
0.03233
0.04168
0.0329
0.03595
0.03519
0.0267
0.02623
0.02851
0.02937
0.0124
0.03414
0.03262
0.03872
0.04272
0.03986
0.04702
0.01278
0.04158
0.03719
0.02365
0.07019
0.06466
0.03777
0.1661
0.0247
0.02613
0.03033
0.02975
0.03538
0.02861
0.02403
0.02613
0.104
0.04377
0.04005
0.03338
0.3143
0.03347
0.02403
0.03643
0.00658
0.03128
0.03357
0.0246
0.02937
0.02403
0.02394
0.03405
0.001812
0.03538
0.02728
0.02222
0.03042
0.02785
0.04702
0.02346
0.03815
0.03643
0.02365
0.04139
0.02546
0.03262
0.03414
0.02594
0.02937
0.02909
0.0308
0.03138
0.03042
0.02489
0.03119
0.02604
0.02747
0.03347
0.02956
0.02918
0.03166
0.02394
0.02871
0.04768
0.0288
0.03977
0.02756
0.0268
0.03033
0.03119
0.09098
0.02518
0.03176
0.02222
0.02928
0.03691
0.02537
0.01516
0.02556
0.03452
0.02451
0.02317
0.03319
0.02813
0.04177
0.02584
0.03786
0.04425
0.00391
0.03424
0.04578
0.04158
0.0351
0.04492
0.0
0.03376
0.04635
0.03977
0.05512
0.0
0.04396
0.04616
0.04854
0.04969
0.04339
0.0349
0.04482
0.0617
0.04873
0.04139
0.04578
0.04482
0.04978
0.04358
0.05541
0.04663
0.0473
0.03986
0.06628
0.004482
0.06418
0.04396
0.0535
0.0474
0.05112
0.04339
0.04663
0.05474
0.06027
0.04101
0.04702
0.04501
0.05074
0.04539
0.04606
0.05064
0.04768
0.04091
0.07095
0.05455
0.05484
0.05455
0.05169
0.0535
0.0495
0.05245
0.05379
0.04549
0.05245
0.0452
0.04787
0.05426
0.04368
0.05426
0.04463
0.04187
0.05093
0.05035
0.04749
0.04854
0.05751
0.05083
0.05589
0.06561
0.09766
0.05293
0.05226
0.04282
0.0433
0.0536
0.04139
0.04425
0.04692
0.04997
0.04768
0.03986
0.04864
0.04807
0.04597
0.05102
0.05112
0.0453
0.04272
0.04292
0.03223
0.04196
0.03948
0.04969
0.03395
0.03967
0.04511
0.0452
0.04473
0.04377
0.03929
0.0639
0.04301
0.05054
0.04873
0.06094
0.04215
0.04978
0.04063
0.03891
0.04635
0.04034
0.04311
0.03357
0.04034
0.04616
0.0474
0.05007
0.0391
0.03729
0.04263
0.04854
0.04768
0.04387
0.05646
0.04663
0.04339
0.04215
0.04158
0.03824
0.04377
0.05121
0.06342
0.05312
0.05579
0.05779
0.05398
0.03672
0.04711
0.04759
0.03557
0.04959
0.03834
0.04654
0.03891
0.03872
0.04234
0.03185
0.03929
0.03452
0.03529
0.04082
0.04148
0.04787
0.03958
0.04387
0.05169
0.03824
0.03929
0.03624
0.04501
0.03948
0.04072
0.03777
0.03233
0.03939
0.03548
0.03576
0.02689
0.02937
0.03605
0.03052
0.03004
0.02651
0.03929
0.03395
0.02737
0.02947
0.03242
0.03099
0.02632
0.02794
0.02947
0.03748
0.03824
0.03843
0.0371
0.0392
0.03614
0.03376
0.04091
0.03567
0.03338
0.03262
0.0349
0.03529
0.03386
0.03462
0.02804
0.0351
0.02604
0.02975
0.03309
0.02785
0.03195
0.02708
0.03242
0.02565
0.03052
0.0351
0.03366
0.02575
0.03567
0.02985
0.02871
0.03195
0.0329
0.02785
0.03366
0.02508
0.02546
0.02689
0.02384
0.03071
0.02193
0.0227
0.02823
0.01926
0.02785
0.01602
0.03405
0.02375
0.03128
0.0246
0.02499
0.02279
0.02508
0.02289
0.02594
0.02556
0.03252
0.02689
0.02728
0.03939
0.02346
0.03023
0.0247
0.02718
0.02718
0.0288
0.03319
0.0247
0.02584
0.03023
0.02975
0.02203
0.02632
0.02756
0.06857
0.03023
0.02365
0.02842
0.03061
0.02575
0.02203
0.02766
0.03128
0.03147
0.02661
0.03071
0.03119
0.03366
0.03061
0.02699
0.02546
0.03061
0.02661
0.02842
0.02613
0.0288
0.02375
0.02956
0.03757
0.03128
0.02861
0.02956
0.02537
0.02813
0.02995
0.02241
0.0268
0.02165
0.02575
0.03624
0.02327
0.02851
0.02804
0.02518
0.02804
0.02289
0.0246
0.03176
0.0246
0.03061
0.03214
0.02604
0.02508
0.02794
0.03614
0.03281
0.03366
0.03195
0.0267
0.02851
0.02651
0.02823
0.02575
0.03052
0.03319
0.04292
0.02909
0.02413
0.03242
0.03023
0.02613
0.02546
0.02537
0.02136
0.02193
0.02785
0.02422
0.02327
0.02289
0.02899
0.02499
0.02642
0.02604
0.02699
0.0968
0.0309
0.02394
0.02813
0.0226
0.02289
0.02556
0.02851
0.03109
0.0267
0.02842
0.02489
0.0267
0.02794
0.02737
0.035
0.02184
0.03061
0.0288
0.02756
0.02737
0.02527
0.02975
0.1074
0.03128
0.03567
0.07057
0.04749
0.03023
0.03214
0.02422
0.02871
0.02794
0.02251
0.02584
0.02661
0.02985
0.03262
0.02699
0.02708
0.03023
0.03223
0.03109
0.02985
0.02956
0.03376
0.02146
0.02928
0.02728
0.02966
0.02995
0.02708
0.03023
0.03119
0.02489
0.03452
0.03071
0.02832
0.02489
0.03109
0.03204
0.02441
0.02527
0.02718
0.02813
0.02947
0.03195
0.02518
0.02918
0.03309
0.03014
0.02317
0.02689
0.02975
0.02346
0.03071
0.02842
0.03014
0.0289
0.03271
0.03223
0.05836
0.05703
0.03157
0.02956
0.04129
0.04864
0.0309
0.03557
0.0329
0.03119
0.03462
0.03901
0.03557
0.03271
0.0412
0.02794
0.03204
0.03424
0.03328
0.02556
0.03767
0.02909
0.02747
0.03891
0.05045
0.06943
0.03405
0.03166
0.04425
0.03271
0.03004
0.03462
0.03853
0.02851
0.03223
0.03519
0.03223
0.03262
0.02937
0.03147
0.03023
0.03195
0.03452
0.03138
0.04511
0.02756
0.1127
0.03166
0.0452
0.02871
0.03128
0.03605
0.03242
0.04778
0.02947
0.02909
0.03853
0.02947
0.04053
0.03748
0.03681
0.03891
0.03748
0.08621
0.03424
0.03023
0.03567
0.03414
0.03586
0.03204
0.0452
0.0247
0.03834
0.03214
0.03462
0.02975
0.03195
0.03195
0.03185
0.05178
0.07353
0.0267
0.03748
0.02737
0.03204
0.02871
0.03414
0.0309
0.03576
0.02871
0.0349
0.04282
0.04578
0.03176
0.02699
0.1287
0.03328
0.03119
0.03052
0.02651
0.02651
0.03052
0.02623
0.03376
0.03328
0.0309
0.02489
0.03357
0.02689
0.04215
0.04272
0.03567
0.04368
0.02832
0.02832
0.03233
0.03443
0.04377
0.02565
0.04654
0.0308
0.03138
0.0329
0.03557
0.03672
0.03891
0.02775
0.08373
0.05074
0.0392
0.03071
0.03109
0.03204
0.03939
0.03815
0.03052
0.005817
0.0392
0.02708
0.03223
0.04177
0.02785
0.02728
0.03719
0.03729
0.03357
0.03529
0.03271
0.03033
0.04139
0.03872
0.03071
0.03662
0.0392
0.0391
0.03414
0.03529
0.03624
0.03777
0.033
0.04215
0.03738
0.04959
0.03862
0.03595
0.04044
0.03738
0.04454
0.04368
0.03614
0.04654
0.03147
0.04435
0.0411
0.03376
0.02584
0.03824
0.02222
0.0268
0.03424
0.03567
0.06113
0.04129
0.03185
0.03519
0.033
0.03395
0.04396
0.037
0.03605
0.04883
0.03681
0.04158
0.04616
0.04253
0.0412
0.03958
0.0432
0.03901
0.03538
0.04673
0.03319
0.04091
0.03576
0.03757
0.03033
0.03834
0.03529
0.03881
0.03614
0.04091
0.0473
0.04168
0.04864
0.03948
0.03643
0.04683
0.03729
0.04015
0.03939
0.04311
0.04177
0.04301
0.04539
0.03805
0.03586
0.04377
0.03929
0.03996
0.03901
0.04129
0.0452
0.03519
0.03624
0.04768
0.04597
0.03738
0.04082
0.04129
0.03901
0.03929
0.04034
0.03519
0.04663
0.03786
0.03424
0.04082
0.04463
0.04082
0.04025
0.03386
0.04263
0.03719
0.037
0.04168
0.04778
0.04568
0.03824
0.03681
0.04511
0.04358
0.04072
0.03281
0.03824
0.04034
0.02584
0.04463
0.04091
0.03643
0.0391
0.04177
0.03405
0.04263
0.03748
0.03719
0.04234
0.03414
0.03834
0.04339
0.04835
0.04148
0.03023
0.0392
0.03853
0.03958
0.04311
0.04015
0.04454
0.05188
0.03729
0.04177
0.03443
0.0412
0.04835
0.03853
0.0412
0.04292
0.03395
