18.02
17.65
17.58
18.63
16.48
17.63
19.09
16.65
17.87
15.84
16.48
16.41
17.65
19.04
18.46
15.45
20.09
19.31
20.9
15.77
16.5
16.77
17.24
18.9
19.56
21.31
17.97
17.94
17.04
16.94
18.02
19.46
17.48
18.29
17.85
18.46
19.07
20.14
18.6
17.77
17.04
17.87
17.43
18.85
19.95
16.89
18.38
18.26
18.04
16.94
17.33
18.21
17.02
17.68
16.16
17.11
19.19
17.9
16.41
16.65
17.26
18.36
16.24
15.72
17.8
17.75
16.46
16.89
16.94
18.99
16.99
14.58
15.99
17.36
16.87
18.16
18.9
20.09
17.16
15.65
18.29
18.36
17.92
17.99
15.58
17.36
19.36
17.82
18.75
16.53
17.31
20.29
18.65
20.14
18.92
18.14
18.36
18.43
17.55
15.8
16.28
17.43
17.41
16.7
17.58
17.43
18.24
15.87
18.12
17.7
18.02
17.21
18.43
18.48
19.9
18.97
17.65
17.38
17.5
16.04
16.28
17.43
18.6
18.73
20.61
18.33
17.43
16.82
17.26
19.46
18.99
20.29
22.83
23.54
20.63
18.02
17.09
15.21
16.48
20.02
19.12
18.41
17.55
17.09
20.63
20.12
21.04
19.19
17.48
17.48
17.21
17.11
18.97
18.38
19.31
18.43
20.34
20.53
18.26
18.07
16.02
16.7
14.23
17.11
18.51
16.75
20.26
18.87
16.65
15.11
16.63
15.33
19.9
18.48
16.11
17.55
18.65
17.72
17.99
18.02
21.9
18.21
17.19
16.31
16.65
19.38
18.09
17.55
18.14
16.89
18.77
18.21
17.55
17.43
17.8
16.09
14.87
16.5
19.31
18.77
17.82
18.53
16.24
16.8
17.21
18.68
18.6
19.85
17.68
17.31
17.94
17.85
18.09
18.36
19.41
18.75
18.07
17.6
18.36
17.5
17.99
19.51
21.17
17.65
16.16
17.02
16.87
18.19
19.21
18.65
17.94
19.6
16.46
15.65
16.09
17.94
19.04
19.8
17.36
17.75
21.46
18.31
18.12
17.48
17.48
17.82
19.53
18.85
20.02
18.68
18.95
18.29
17.9
18.82
17.97
19.17
19.21
20.26
20.24
22.73
19.31
18.77
21.8
20.0
16.87
17.29
17.8
16.53
17.94
24.27
18.12
18.53
15.26
16.41
16.31
14.75
15.72
17.5
16.43
18.48
18.87
15.94
15.5
17.31
16.43
18.02
15.04
15.28
15.65
18.95
18.09
16.38
17.63
18.38
17.85
18.14
17.14
15.65
14.99
16.38
17.7
18.63
19.75
18.46
16.85
17.24
18.21
18.31
19.41
16.19
16.58
18.31
14.82
14.62
15.89
19.38
18.7
18.73
18.53
18.43
16.87
14.97
16.21
15.65
16.5
17.31
18.65
19.02
19.78
17.94
17.87
16.53
14.62
13.92
17.33
19.87
21.09
22.17
21.88
22.05
21.9
19.82
20.51
15.21
15.04
18.38
19.51
19.38
20.04
18.36
20.0
17.97
19.41
19.14
20.34
19.9
19.48
17.75
17.38
16.85
20.26
19.6
19.7
20.36
21.56
20.68
19.63
17.75
17.29
16.72
17.16
21.09
17.72
18.8
20.68
20.14
19.12
19.82
20.29
19.36
17.26
17.6
18.55
17.14
21.0
18.53
19.97
18.21
20.65
22.66
21.39
19.26
15.36
16.53
16.38
16.43
17.85
16.11
16.82
16.89
18.09
17.16
15.82
16.38
20.58
16.58
15.38
14.84
18.95
15.11
16.94
17.7
19.12
18.36
18.38
19.46
17.68
16.8
17.02
17.82
19.65
17.55
18.68
16.7
16.63
16.99
17.46
19.75
18.92
17.97
18.55
17.5
16.82
15.16
18.85
18.02
18.97
17.58
17.8
17.65
18.36
16.65
17.09
16.04
17.19
16.58
16.53
18.43
15.94
16.77
18.58
18.95
19.82
18.04
20.02
17.14
17.65
17.36
17.53
16.33
15.67
16.19
18.97
16.99
18.53
18.6
18.41
17.02
16.89
18.26
18.41
20.9
18.8
17.99
17.09
18.77
20.83
17.75
18.53
17.97
19.7
18.97
20.58
20.92
20.09
20.19
18.26
16.21
19.24
19.6
19.95
19.31
21.24
17.46
18.14
18.77
20.39
20.85
21.26
20.53
15.6
15.26
17.33
19.38
23.54
24.56
21.56
21.85
19.92
20.24
19.48
15.6
16.04
17.75
20.87
19.36
18.55
19.07
19.29
19.31
20.43
19.65
18.48
17.65
19.68
18.14
17.97
19.24
18.19
19.92
18.55
19.24
17.24
17.5
18.82
17.97
19.87
17.97
18.41
19.04
19.85
19.95
19.24
17.55
17.09
17.77
21.12
20.97
17.43
20.68
16.09
17.36
22.24
22.85
21.9
20.34
17.7
15.06
16.55
17.19
16.14
15.84
16.7
18.87
20.63
20.24
20.17
20.41
19.14
19.7
18.48
18.02
16.02
15.19
16.75
19.19
20.26
20.78
20.24
20.43
20.65
19.53
16.75
18.09
16.82
16.97
17.97
17.48
17.46
19.09
22.34
18.87
18.46
16.48
16.67
16.09
18.12
17.65
15.84
19.65
20.0
16.16
15.84
17.53
18.26
18.63
18.92
17.68
17.21
16.26
20.09
19.73
21.41
19.53
20.19
19.02
19.09
17.77
18.75
18.73
19.56
20.85
20.73
19.14
20.14
17.97
18.6
18.65
21.61
19.7
20.14
18.24
18.51
17.6
19.6
20.36
19.92
20.39
20.7
20.17
19.9
19.48
16.87
16.89
18.19
21.02
19.95
20.78
18.82
17.92
18.02
18.09
18.82
19.38
21.9
19.87
20.7
20.51
18.92
18.26
19.68
17.24
17.19
20.78
19.12
18.82
20.68
16.94
19.19
21.88
20.31
19.34
19.51
21.85
19.24
21.58
17.68
18.46
19.53
20.7
19.87
18.21
16.65
17.92
18.46
17.72
19.9
19.6
19.6
18.6
