15.99
15.01
17.33
12.55
16.7
14.26
13.55
12.18
0.2163
1.128
12.07
14.77
15.04
14.84
15.48
14.31
1.007
0.4509
0.05074
7.483
13.6
13.06
14.82
15.09
14.92
14.87
15.43
15.45
15.6
15.5
14.97
14.23
12.84
13.62
12.74
14.36
13.7
11.39
17.72
15.43
14.92
15.01
15.43
15.75
15.45
16.33
15.11
15.82
15.14
14.92
17.46
17.68
15.94
15.09
10.41
14.18
15.75
15.82
15.06
15.04
13.72
15.72
15.19
14.79
15.41
11.66
15.21
16.97
15.92
16.09
15.48
15.77
16.06
16.36
16.5
15.41
14.79
15.99
15.38
15.58
16.72
15.43
18.85
17.11
15.72
15.09
8.008
19.09
15.36
15.87
15.04
16.67
18.82
18.51
15.26
15.06
14.53
15.87
16.09
17.11
21.22
7.324
19.12
21.46
19.34
17.8
17.63
16.04
16.77
18.12
15.06
20.97
20.48
21.36
5.664
20.95
19.46
20.09
18.9
16.58
16.38
15.26
15.19
15.16
19.07
17.99
17.82
14.23
13.13
13.23
13.45
14.92
16.11
16.19
16.46
16.09
7.983
17.63
15.58
17.85
19.58
17.9
17.55
17.94
21.56
16.67
15.31
16.75
21.46
15.72
18.97
22.34
17.33
15.53
14.6
20.56
15.97
16.77
14.23
4.541
0.5157
19.17
17.09
15.58
14.82
14.79
14.77
15.01
15.21
15.43
15.14
12.18
17.85
17.43
18.14
15.92
11.08
14.18
13.06
13.26
14.5
16.38
17.55
17.92
19.09
6.873
0.6325
0.2056
0.02861
5.92
7.776
14.09
12.92
11.88
12.21
13.62
14.31
15.6
16.63
14.7
15.01
12.22
12.3
12.72
14.62
13.84
0.2293
0.1198
0.02861
0.02604
0.02861
0.02346
0.02861
8.911
12.96
13.6
14.7
14.16
13.38
12.11
12.07
12.11
12.08
12.77
14.04
13.23
14.65
15.43
14.77
15.26
14.5
1.109
0.4868
0.06247
0.02861
0.02346
0.02861
5.505
9.363
14.79
13.13
14.26
14.16
14.06
14.48
14.72
10.42
13.45
13.89
13.5
15.41
14.7
14.48
16.82
16.14
4.98
0.5676
0.1406
0.02861
0.02604
0.03128
8.63
15.19
17.68
17.72
17.09
13.06
14.67
16.41
18.09
16.77
15.67
11.9
9.595
15.16
15.94
12.96
12.82
0.2186
0.1225
0.02861
0.02861
0.02861
0.02861
0.02861
8.521
13.89
15.06
15.99
15.97
14.75
11.38
14.75
12.89
12.41
12.65
13.26
13.16
15.45
16.36
15.84
14.77
10.31
0.6851
0.3384
0.02346
0.02861
0.02861
0.02861
0.02604
11.84
11.61
16.36
13.06
13.6
14.01
15.16
19.73
19.6
13.82
15.55
16.06
16.38
15.45
14.7
18.77
4.742
0.6226
0.1328
0.02346
0.02861
0.02604
0.02861
0.02604
7.422
15.21
18.16
19.38
15.31
15.01
13.18
12.65
20.65
22.14
20.83
14.84
13.23
13.06
12.52
6.836
0.2029
0.07553
0.03128
0.02604
0.02861
0.02604
0.02861
1.95
16.77
14.65
22.05
19.31
19.34
11.17
15.87
17.21
17.14
15.16
16.09
16.87
15.62
15.75
16.89
15.41
15.58
15.48
15.16
14.94
15.43
15.67
15.41
15.09
15.19
15.14
16.48
16.46
15.8
15.72
15.87
17.72
16.92
15.45
15.09
16.92
18.26
17.68
17.55
16.04
15.75
15.45
15.67
15.19
14.97
15.06
15.11
6.604
11.62
8.142
15.82
15.55
16.7
18.19
16.41
15.43
15.77
16.65
17.07
20.21
20.17
20.68
19.7
11.22
2.075
13.65
19.24
16.46
22.09
21.29
19.04
16.02
15.6
15.48
19.65
17.5
15.6
15.14
17.85
21.97
21.29
21.53
18.07
16.7
18.77
19.46
18.48
18.31
16.6
15.99
15.53
17.36
19.92
18.51
16.41
16.82
19.19
17.26
15.67
15.31
15.53
10.8
12.44
16.55
16.06
15.97
17.26
17.77
15.99
16.06
15.11
15.6
17.36
16.16
17.33
18.36
15.84
13.84
0.8286
11.05
19.87
17.55
21.34
23.95
22.61
20.07
19.97
20.43
19.26
17.31
16.53
16.72
17.07
16.48
16.63
22.8
20.58
19.17
21.31
19.43
17.92
15.21
16.06
16.21
15.62
15.53
17.31
17.21
16.77
15.16
15.6
15.19
15.87
16.09
17.38
9.399
11.0
12.15
16.58
16.94
17.48
15.21
15.75
15.8
15.33
15.87
15.16
14.14
15.31
17.92
16.19
14.23
12.74
0.2449
8.044
18.21
15.8
15.36
15.36
16.21
15.99
15.62
15.19
15.16
15.5
15.14
15.21
15.31
15.53
15.33
15.55
15.28
15.33
14.94
25.1
29.79
28.76
29.93
30.32
31.74
31.84
32.52
32.81
32.13
32.96
14.33
11.12
16.28
31.25
32.47
30.71
26.03
33.2
27.93
25.73
21.02
1.331
28.32
33.25
34.23
24.85
32.32
25.78
8.057
25.83
32.28
22.88
25.15
19.87
10.66
7.544
15.6
17.29
20.0
15.26
20.53
29.83
30.71
17.72
28.96
23.93
25.59
29.93
24.39
19.9
31.25
30.76
22.73
27.29
4.138
32.42
35.25
34.33
34.57
32.08
26.9
24.51
22.12
19.31
18.95
21.85
21.9
18.55
17.11
15.99
16.5
18.12
18.14
18.46
16.19
16.11
16.94
15.67
15.7
15.36
15.26
16.33
16.63
15.84
15.75
16.8
5.518
12.79
20.48
20.21
18.97
18.55
16.72
16.48
18.51
18.92
17.85
17.5
15.77
16.09
16.38
12.62
2.963
17.02
18.09
16.89
17.92
18.92
17.63
16.11
15.82
16.63
18.02
19.6
17.11
15.99
17.43
19.75
18.85
19.51
19.95
19.85
30.91
30.86
30.76
31.2
31.2
29.88
27.93
28.42
26.42
22.8
19.6
13.28
26.07
27.0
25.73
23.32
21.07
17.65
15.45
15.28
16.53
17.48
16.53
15.23
9.668
9.839
15.43
14.87
14.89
14.75
15.36
17.02
16.99
12.48
12.94
19.95
17.63
15.92
15.48
16.28
16.14
16.75
17.46
16.6
16.46
17.58
17.46
17.9
16.28
15.58
15.67
15.55
15.62
16.43
17.55
16.94
15.77
15.45
15.45
15.21
16.14
15.5
15.82
15.33
15.55
15.5
15.87
15.75
15.28
15.19
15.43
15.53
15.55
15.6
9.46
12.27
14.16
15.62
15.92
15.97
15.36
15.87
16.38
15.11
15.8
15.04
14.84
14.87
15.04
15.8
15.67
15.77
3.766
15.38
12.92
15.16
12.43
12.89
13.89
12.48
14.21
15.09
13.55
15.92
14.79
15.04
15.31
15.36
14.75
5.005
0.5989
0.1459
6.775
13.94
16.04
15.6
15.23
15.31
14.94
10.99
14.09
1.767
9.033
15.09
12.99
15.26
13.96
13.65
14.18
15.53
15.19
15.28
15.67
12.41
0.7133
0.4166
0.03128
0.03128
0.02604
0.02861
0.02604
0.02861
0.02604
0.03128
0.02861
0.02861
0.02604
0.02861
0.02604
0.02861
0.02604
9.326
14.04
15.84
14.77
16.28
15.92
15.14
15.06
12.52
15.8
