4.785
4.84
5.139
4.755
5.957
6.445
7.886
8.24
4.041
4.803
4.932
5.023
4.663
4.81
6.458
9.229
10.07
7.471
5.469
5.896
6.232
6.86
6.995
7.544
7.69
8.398
8.459
8.411
8.521
6.702
8.508
11.08
10.66
6.421
4.895
4.443
5.225
4.62
4.987
5.658
6.274
7.544
8.008
3.674
3.302
3.302
3.302
3.302
3.302
3.302
3.302
3.302
3.302
3.302
3.302
3.302
3.302
3.302
3.302
3.302
3.302
3.302
3.302
3.302
3.302
3.302
3.302
3.302
3.302
3.302
3.302
3.302
3.302
3.302
3.302
3.302
3.302
3.302
3.302
3.302
3.302
3.302
3.302
3.302
3.302
3.302
3.302
3.302
3.302
3.302
3.302
3.302
3.302
3.302
3.302
3.302
3.302
3.302
3.302
3.302
3.302
3.302
3.302
3.302
3.302
3.302
3.302
3.302
3.302
3.302
3.302
3.302
3.302
3.302
3.302
3.302
3.302
3.302
3.302
3.302
3.302
3.302
3.302
3.302
3.302
3.302
3.302
3.302
3.302
3.302
3.302
3.302
3.302
3.302
3.302
3.302
3.302
3.302
3.302
3.302
3.302
3.302
3.302
3.302
3.302
3.302
3.302
3.302
3.302
3.302
3.302
3.302
3.302
3.302
3.302
3.302
3.302
3.302
3.302
3.302
3.302
3.302
3.302
3.302
3.302
3.302
3.302
3.302
3.302
3.302
3.302
3.302
3.302
3.302
3.302
3.735
6.384
5.994
4.999
3.87
7.104
9.961
9.229
10.57
6.079
5.951
9.106
9.497
10.38
7.275
4.437
5.017
5.499
5.676
6.232
6.885
5.652
9.265
9.229
10.27
5.151
5.286
4.327
5.353
5.768
7.068
5.463
6.018
6.36
7.556
8.447
5.096
5.188
5.646
6.799
5.914
6.531
9.314
9.875
8.765
4.578
5.414
4.828
6.128
6.519
6.909
7.971
6.183
3.4
4.395
5.511
6.396
6.604
6.36
7.593
8.069
5.45
4.565
5.603
5.823
7.08
5.121
4.254
4.639
4.938
5.286
5.481
5.701
6.012
6.171
6.982
7.947
5.762
4.993
4.773
5.005
8.167
9.473
10.34
7.874
4.48
5.432
5.975
6.25
6.775
8.008
6.372
4.95
4.266
4.95
4.474
4.517
4.138
4.871
5.414
5.975
6.213
6.396
5.884
4.749
3.986
3.546
5.804
6.482
6.97
8.313
6.812
4.718
4.51
5.664
6.299
7.324
8.472
6.091
6.152
6.433
7.727
6.494
4.309
4.999
4.327
4.785
4.553
5.444
4.395
4.803
5.45
6.116
6.384
6.799
6.995
7.092
7.825
8.008
8.228
8.508
8.545
8.606
8.923
8.887
7.422
7.166
9.644
11.66
12.55
10.12
5.176
4.919
4.742
4.553
4.034
4.181
4.492
5.359
4.053
4.37
4.718
5.634
6.158
6.506
6.897
7.043
7.178
7.69
7.898
7.935
8.618
8.728
8.752
8.777
7.69
6.982
9.875
12.05
12.13
9.216
4.517
4.932
5.67
6.335
6.323
7.874
7.153
4.828
5.579
5.64
6.274
6.653
7.251
7.153
7.312
7.434
7.776
7.837
7.642
6.543
8.911
10.68
6.836
4.62
5.475
5.176
5.048
5.609
9.363
10.17
8.179
4.694
4.639
5.273
5.603
8.594
10.29
6.506
4.907
4.602
5.188
4.828
6.0
5.469
4.919
4.346
4.688
5.017
4.761
5.109
4.681
4.974
5.182
9.167
9.363
9.338
4.871
5.292
4.498
5.536
5.963
6.421
7.019
7.08
7.434
7.678
7.983
8.228
8.557
8.728
8.618
7.642
7.19
9.204
11.47
12.5
6.311
5.78
6.384
7.581
7.361
4.596
4.688
4.626
5.42
4.559
4.559
5.017
4.407
4.602
4.797
4.169
3.986
4.449
4.816
5.45
4.431
4.645
4.639
5.902
4.321
4.895
5.67
6.299
6.628
4.327
5.017
5.743
6.531
6.36
7.776
9.351
6.165
5.518
5.981
6.152
6.799
6.958
7.532
7.593
8.191
8.508
8.398
8.716
8.801
7.422
6.848
9.387
11.61
12.6
6.409
4.889
4.285
4.132
4.578
4.834
5.035
5.048
7.788
9.338
10.21
6.372
5.017
4.382
4.828
4.755
4.48
5.029
4.51
4.633
4.871
4.425
4.919
4.504
5.304
5.048
6.519
7.117
8.35
5.762
3.394
3.979
5.011
4.51
4.62
4.871
4.828
6.458
6.543
7.947
7.361
4.7
4.614
5.066
4.401
4.816
4.712
5.994
6.567
7.764
6.787
4.388
5.328
5.933
6.25
7.324
7.532
6.171
9.363
10.53
8.484
5.304
5.884
7.056
5.646
4.987
4.59
4.584
4.95
4.565
4.712
5.261
4.742
4.651
4.602
4.974
5.847
6.726
7.983
6.482
4.352
4.675
5.005
4.449
5.884
6.25
7.373
7.983
5.304
6.677
7.397
8.447
5.219
6.543
6.873
8.203
6.287
4.633
5.292
4.706
4.614
5.463
4.645
5.45
4.865
6.653
7.214
7.947
5.408
8.936
9.46
11.01
5.591
5.035
5.969
6.812
4.834
5.267
8.96
9.619
10.46
4.053
5.42
5.817
4.895
5.17
5.157
4.95
5.072
4.626
5.402
4.828
5.109
4.987
4.614
5.481
6.323
9.509
10.46
8.228
4.785
4.443
5.029
4.529
4.706
5.048
6.244
9.827
9.644
10.24
4.779
4.749
5.597
5.963
5.444
5.481
6.158
6.653
7.959
6.787
4.736
4.663
6.287
6.702
7.861
6.543
4.48
4.724
5.414
5.182
8.984
9.448
10.62
6.201
9.546
10.16
9.094
6.0
6.885
6.482
7.166
8.875
4.401
4.816
5.988
6.183
5.133
4.712
4.559
5.444
6.244
6.775
4.773
4.706
5.438
4.456
4.456
5.731
6.726
6.116
5.133
6.079
6.873
6.433
5.017
4.614
4.12
4.071
5.334
5.536
6.14
6.604
7.935
8.24
4.388
4.724
5.536
6.104
6.274
7.52
7.69
3.961
3.998
5.157
5.579
6.812
4.541
4.907
3.821
3.589
4.504
5.408
4.895
6.445
6.244
7.556
8.582
4.675
5.42
5.579
6.287
6.482
6.787
6.946
7.214
7.556
7.678
7.41
6.055
8.276
10.88
12.6
5.499
3.992
4.773
5.475
5.945
6.232
4.865
6.244
6.232
7.434
7.031
3.625
3.223
4.59
3.241
3.357
3.973
4.803
5.457
4.419
5.524
5.878
6.775
4.108
5.127
3.772
4.523
4.578
4.584
3.967
4.657
5.316
5.896
6.097
7.52
5.804
4.205
5.035
4.041
5.151
4.645
4.443
5.243
5.896
6.287
7.764
6.86
3.815
7.458
8.997
10.78
6.024
4.578
4.407
4.822
4.449
4.291
4.785
4.437
3.802
4.718
4.321
4.614
4.095
5.066
4.315
4.224
5.023
4.175
5.066
4.578
5.737
6.146
6.519
6.812
6.873
7.434
7.776
8.044
8.264
8.337
8.35
8.545
6.885
7.849
10.18
12.37
12.28
5.151
4.791
4.779
5.682
6.946
4.993
4.602
5.542
6.207
6.86
