13.62
14.43
14.38
15.11
10.68
12.4
13.11
14.94
14.58
14.14
14.7
15.48
15.53
15.65
8.411
0.6851
0.2735
0.02604
0.02346
0.03128
12.55
12.74
12.87
15.77
16.43
18.48
15.04
17.38
9.79
6.085
12.62
12.11
12.74
14.45
17.24
18.68
18.51
19.12
22.31
35.69
37.65
44.19
30.66
6.677
31.79
30.91
30.86
31.74
30.27
23.9
33.89
23.12
13.65
13.35
12.7
13.21
11.39
15.8
14.82
6.25
31.01
29.44
29.49
29.44
30.32
25.83
27.69
21.46
15.28
15.36
13.72
18.99
28.47
28.37
8.643
11.6
11.72
14.4
16.7
17.11
21.07
10.61
15.43
13.57
15.26
17.8
21.92
4.053
22.02
27.78
27.25
27.69
28.17
25.83
25.93
24.73
20.02
12.55
16.11
18.14
19.17
20.41
14.87
15.92
14.31
15.67
15.55
14.14
5.719
11.87
20.07
27.88
28.71
29.64
29.3
25.68
27.1
22.97
20.8
19.46
18.85
19.53
15.99
29.15
36.43
33.64
32.86
32.32
29.15
27.25
21.66
19.36
21.56
24.37
31.1
31.01
30.18
25.54
28.08
21.73
18.31
6.519
11.16
6.122
12.05
17.77
11.69
12.46
16.19
16.5
15.5
16.65
19.14
19.78
13.55
16.97
16.55
15.92
15.28
12.34
16.24
16.53
20.43
12.92
17.33
16.72
17.65
13.57
16.58
15.48
16.58
16.55
17.94
20.68
22.78
24.78
13.92
16.7
17.09
18.33
16.67
17.48
20.24
23.63
18.75
0.7759
0.4532
14.62
11.88
20.9
17.04
15.6
15.16
13.94
7.446
15.62
16.21
18.99
18.65
13.23
15.45
13.57
17.19
17.36
20.85
13.43
16.5
21.34
24.27
5.682
0.6874
6.409
12.4
13.84
13.92
17.11
16.63
20.58
13.5
11.73
13.18
12.0
13.43
16.04
15.41
15.23
15.67
10.08
14.45
17.53
18.97
22.19
7.141
0.6432
0.2136
11.93
9.912
15.43
15.04
14.77
15.41
15.62
14.75
1.474
11.62
17.19
13.01
15.19
27.15
35.64
22.39
22.63
24.34
24.1
33.2
28.03
14.09
0.7294
0.2968
14.75
16.94
18.65
12.6
12.43
11.11
13.13
13.53
15.5
16.09
19.46
23.88
12.82
16.85
28.52
12.06
11.49
18.14
10.19
15.55
17.58
19.21
17.87
0.7759
12.72
14.72
12.11
13.23
15.43
17.8
18.77
19.87
14.79
15.23
14.33
13.94
13.79
14.55
14.28
16.48
15.75
10.38
6.0
19.65
23.41
26.32
11.93
0.8224
9.656
15.14
19.41
20.17
20.34
12.45
20.39
14.16
17.29
13.53
15.21
14.77
9.839
15.84
14.4
18.6
13.6
18.19
16.63
39.06
32.08
1.161
0.531
0.03643
10.11
18.53
15.41
13.62
13.94
38.23
23.73
16.72
14.01
18.53
17.02
31.88
38.38
19.17
17.99
15.87
13.82
28.81
39.65
13.4
1.025
0.2968
0.02604
0.02604
13.18
23.85
17.21
25.44
38.92
24.78
6.738
11.38
13.57
15.53
14.48
14.23
10.94
17.85
16.63
17.97
18.12
13.6
13.6
13.45
13.77
24.02
23.66
15.14
15.65
20.02
36.67
37.06
42.09
43.6
43.95
43.26
42.48
43.85
43.41
43.16
43.51
44.04
43.85
30.37
45.61
45.46
43.12
36.47
36.47
24.12
28.37
43.55
43.21
43.8
43.51
43.75
43.41
43.36
43.85
42.97
43.8
43.21
43.65
43.85
31.35
45.36
46.14
42.38
36.91
36.67
20.85
30.76
35.84
21.0
15.09
17.26
16.7
17.11
17.33
19.26
21.22
21.31
21.02
20.12
18.99
17.85
16.67
18.38
19.07
18.55
19.6
20.97
22.14
21.14
19.04
23.85
28.42
30.03
30.18
21.85
24.37
31.54
30.27
28.86
30.81
23.85
23.56
24.37
25.88
11.25
31.49
34.67
35.25
34.77
34.86
33.98
33.25
34.33
32.91
33.45
33.54
33.01
33.2
34.57
35.45
34.57
34.47
35.45
30.86
41.6
36.23
36.38
29.74
27.93
28.86
26.42
11.89
28.22
38.23
24.1
23.19
25.83
24.22
26.9
26.46
27.44
30.08
30.62
30.42
30.71
29.88
28.81
30.37
29.1
27.98
27.73
29.15
26.86
27.05
19.31
27.83
27.69
28.52
29.15
27.64
20.73
21.61
20.46
21.07
14.48
14.28
25.83
23.22
24.27
28.81
31.3
30.47
27.64
26.22
28.22
30.91
30.62
33.35
31.64
31.15
30.32
32.86
32.18
29.2
28.66
28.32
30.76
23.14
33.06
34.72
36.23
35.16
27.69
27.29
27.73
25.83
13.87
38.77
37.65
30.96
31.15
24.41
13.45
22.46
35.79
38.77
21.95
21.34
20.9
13.06
16.33
28.22
30.27
29.59
26.42
28.03
20.34
20.87
27.54
27.1
27.29
23.22
23.97
22.75
13.94
22.73
28.81
24.9
26.95
20.43
17.97
26.81
27.88
21.9
23.41
19.53
17.38
20.29
22.31
18.24
16.09
20.75
21.22
18.85
22.0
22.44
26.95
8.838
18.7
21.78
21.66
20.17
18.07
15.94
15.8
15.77
16.5
19.46
22.29
22.58
22.56
22.73
22.12
19.04
15.99
15.65
19.02
32.86
42.68
42.53
42.68
43.02
42.38
31.98
43.8
44.04
44.34
36.77
36.52
31.15
22.19
43.21
43.41
43.21
42.58
42.87
42.82
42.58
42.87
42.53
43.46
43.21
43.12
43.6
33.84
45.02
46.19
45.65
37.65
37.21
31.74
3.131
18.14
25.68
24.98
27.2
28.32
29.98
31.98
29.79
31.69
30.91
29.93
30.03
28.56
26.9
25.83
28.27
26.86
28.12
28.86
27.83
26.86
28.71
19.41
28.37
25.34
27.0
25.1
25.05
22.34
19.78
20.65
21.88
22.12
15.58
22.78
21.19
23.27
17.68
17.14
13.35
15.58
10.71
16.02
12.79
22.0
18.21
24.88
19.8
18.04
25.1
18.73
23.44
25.98
25.88
29.44
33.3
26.9
19.07
26.37
28.42
23.05
22.09
31.35
18.99
22.56
22.73
21.14
16.38
9.18
13.6
13.23
15.99
18.77
19.87
11.62
17.43
13.21
16.58
14.26
16.02
14.99
17.31
18.51
15.45
15.31
17.26
16.36
14.38
16.11
20.09
11.61
13.89
17.14
19.68
21.41
12.07
17.99
17.65
15.53
21.19
22.51
12.89
20.36
18.26
21.17
22.0
23.46
15.41
16.97
17.11
17.36
17.33
14.53
16.43
15.19
18.8
18.14
14.62
16.09
16.09
22.07
31.88
19.38
20.46
34.52
34.62
12.22
0.6096
0.4013
13.11
14.45
12.55
16.87
17.85
17.53
19.8
10.66
14.53
16.06
15.36
15.01
13.33
14.18
14.72
15.45
14.84
19.68
19.82
15.04
8.875
19.38
21.29
21.48
16.6
0.8026
0.396
0.02604
0.02604
0.02604
0.02079
0.02604
0.03128
0.02604
0.03128
0.02604
0.02604
0.3696
20.87
12.65
11.91
37.16
37.99
21.26
24.49
22.46
31.54
36.82
21.14
