33.01
31.4
15.84
19.8
27.1
35.3
26.12
34.72
32.62
16.58
16.41
13.04
22.19
33.06
29.15
1.057
0.5051
0.04168
0.03128
0.02079
0.03128
0.02604
0.02604
22.49
27.54
23.97
11.71
11.29
7.178
22.24
29.1
25.63
14.45
13.38
30.71
36.04
34.42
32.91
33.94
30.86
30.66
23.54
13.5
34.72
36.38
34.67
35.55
33.54
34.81
25.05
8.875
35.79
35.45
35.6
38.62
35.3
34.77
23.14
17.04
26.51
34.23
19.04
28.86
39.6
36.67
35.6
34.42
35.01
29.25
15.45
23.95
33.5
25.24
19.68
39.31
38.53
35.74
33.94
36.13
29.2
13.87
15.8
15.82
14.67
32.81
35.79
33.54
35.94
35.11
33.59
14.87
37.26
36.38
34.18
34.86
31.98
31.01
22.17
15.65
17.04
17.31
16.04
19.65
36.67
37.21
36.72
31.25
35.06
27.54
9.692
31.54
32.08
35.99
38.04
35.6
34.28
21.68
20.9
27.88
30.13
20.65
17.97
34.28
34.03
34.72
35.74
33.11
30.03
19.51
15.53
19.14
18.6
18.09
14.7
26.71
35.74
31.93
37.7
34.72
35.99
25.2
17.07
19.07
21.24
19.9
20.48
22.41
30.96
32.52
11.28
32.18
39.84
38.23
38.77
25.83
36.28
23.41
28.71
27.1
19.73
3.827
20.21
21.14
30.81
31.05
30.47
27.88
30.91
26.03
17.63
18.82
18.41
17.14
17.65
25.39
24.58
24.49
12.57
13.77
16.31
15.77
15.41
0.2552
0.1093
0.02604
0.02604
0.02604
0.02604
0.03128
0.02079
0.03128
0.03128
14.43
14.87
14.94
5.017
13.55
15.14
16.72
15.11
15.75
10.62
12.77
15.36
14.36
19.78
25.29
20.65
5.475
0.6767
0.1303
0.02604
0.03128
0.02604
0.02604
0.02604
11.91
16.09
14.11
13.82
6.75
17.7
24.9
27.78
18.46
18.14
18.19
16.04
17.09
9.888
0.2029
0.07296
0.03128
0.02079
0.03128
0.02079
0.03128
0.02604
0.03128
0.02604
12.84
20.85
27.25
28.37
17.02
30.81
29.93
22.12
30.57
31.01
19.07
19.38
19.17
19.14
0.2029
0.1198
0.03128
0.02604
0.02604
0.02604
0.02604
0.02604
0.03128
0.02604
0.7393
10.61
10.21
0.1875
14.48
2.173
9.961
14.23
14.01
6.75
8.618
20.02
25.1
30.08
5.225
0.6821
0.1093
0.02604
0.02604
0.02079
0.03128
0.02604
0.02604
3.888
13.45
13.38
15.04
13.4
13.72
6.494
16.89
27.93
26.71
19.36
11.29
3.006
6.543
6.274
0.1146
0.05732
0.02604
0.02604
0.03128
0.02079
0.02604
0.02604
0.03128
0.02079
0.02604
0.02604
0.02604
0.02604
8.728
2.594
0.1198
0.03643
0.02604
0.02604
0.02604
0.02079
0.03128
0.02079
0.03128
0.02604
0.02604
0.02604
0.02604
0.02604
0.02604
0.02604
0.02604
0.02079
0.03128
0.02604
0.02604
0.02604
0.02604
0.02604
0.02604
0.02604
0.02604
0.02079
0.02604
0.02604
0.03128
0.02079
0.03128
0.02604
0.02604
0.02079
0.03128
0.02079
0.03128
0.02604
0.02604
0.02079
0.02604
8.777
0.1198
3.168
33.89
40.48
40.48
39.6
39.99
39.5
38.77
37.3
38.62
37.6
39.4
37.89
36.72
37.94
37.74
32.32
34.91
39.94
40.82
38.28
34.72
35.21
24.32
20.26
39.55
38.33
35.94
37.01
38.77
37.94
38.48
39.21
36.38
37.06
39.6
40.43
37.26
36.77
35.6
28.66
34.42
34.57
34.77
35.25
34.23
32.76
32.03
11.71
28.66
38.57
39.26
35.99
38.87
39.06
37.7
34.91
36.52
37.79
37.5
34.23
30.96
37.06
39.26
37.89
29.74
37.55
39.55
38.38
34.77
31.49
31.64
26.86
12.05
37.06
36.62
37.55
36.82
37.26
37.84
38.43
37.55
35.16
34.62
31.25
32.86
39.21
37.4
38.48
38.04
27.1
36.67
38.62
32.57
29.64
28.86
30.13
29.49
15.28
21.95
35.25
37.79
38.33
36.91
37.99
35.35
35.84
32.23
34.42
33.69
31.49
34.23
36.87
35.99
37.74
37.89
30.52
38.57
39.7
36.77
31.2
28.12
26.42
25.54
16.33
19.19
31.79
31.05
31.88
34.03
32.91
34.28
33.98
34.28
32.91
31.45
32.71
29.83
33.54
34.03
36.38
34.81
36.23
34.42
25.88
33.35
37.79
33.89
35.74
29.25
30.32
30.22
19.65
16.65
32.08
32.86
34.13
30.52
30.22
32.67
29.88
33.01
36.13
35.55
34.52
35.11
35.35
30.86
32.67
34.77
34.72
33.35
27.69
34.28
32.81
38.82
34.03
27.05
25.78
28.91
24.41
3.143
0.1146
18.19
33.25
30.37
31.05
32.96
33.54
34.96
33.98
33.4
35.25
34.33
33.35
32.76
31.49
31.45
33.98
32.76
32.52
25.68
30.57
24.98
38.09
36.57
35.25
30.76
31.3
31.35
28.42
18.02
29.1
32.67
29.2
33.11
16.55
29.0
33.4
30.71
31.1
20.63
34.72
31.25
29.49
25.1
19.24
29.54
32.23
25.63
25.49
17.48
31.25
29.59
31.45
18.6
26.76
35.11
36.28
36.33
35.4
31.15
27.98
24.73
23.39
22.02
20.14
20.07
21.56
20.24
20.04
22.24
22.68
21.66
23.83
24.85
22.73
18.99
14.99
14.89
15.72
16.06
15.48
16.82
15.87
17.29
17.72
22.44
21.56
18.73
16.99
17.87
20.8
19.8
18.6
17.75
11.38
18.65
21.17
20.9
19.9
19.68
28.08
32.67
33.59
31.4
35.55
36.67
40.33
39.94
39.99
36.52
34.86
36.13
37.01
36.87
25.24
31.93
33.45
35.69
37.79
33.4
33.3
33.4
15.53
17.09
21.19
24.46
24.85
24.76
26.03
25.2
26.12
27.78
28.08
27.78
27.0
26.95
25.49
28.08
36.91
37.79
37.21
36.18
33.15
32.62
28.96
30.42
35.3
31.64
34.72
32.67
29.98
31.74
29.83
18.95
26.81
28.12
28.86
20.9
21.48
26.95
16.41
22.09
24.63
28.32
28.42
15.97
17.29
13.16
16.77
16.99
18.26
22.83
26.22
24.76
16.31
18.29
23.02
21.75
22.85
16.6
26.46
26.17
27.88
17.58
19.75
20.14
19.48
10.4
26.27
31.01
28.76
29.44
28.91
31.45
28.86
23.78
21.83
20.09
19.56
20.29
19.19
19.92
18.65
18.92
25.83
22.83
20.02
17.5
20.68
24.78
21.34
18.97
17.6
15.33
23.39
14.94
15.99
18.87
17.26
18.9
20.24
20.75
20.97
17.97
16.24
17.48
16.06
15.87
16.85
12.43
13.55
13.99
12.65
13.31
13.21
18.95
18.97
16.82
15.99
15.6
26.95
29.54
30.57
29.79
30.22
30.52
33.35
35.16
33.45
34.72
34.38
33.35
33.64
33.74
33.79
25.63
25.98
33.11
33.69
33.15
29.69
27.83
29.35
25.0
12.4
0.1354
0.05732
0.03128
0.02079
0.03128
0.02079
0.03128
0.02079
0.02604
0.02604
0.02604
0.02604
0.02604
0.02604
0.02604
0.02079
0.02604
0.02604
5.75
20.29
21.85
21.66
27.78
24.61
12.94
18.77
