0.0
0.2377
0.3044
0.4005
0.8957
0.8347
0.8316
0.6668
0.7393
0.7729
0.7385
0.6226
0.7698
0.946
0.798
0.6859
0.6821
0.7278
0.7668
0.6744
0.6721
0.7713
0.7713
0.7713
0.7713
0.7027
0.737
0.8453
0.9628
0.8804
0.6516
0.705
0.7729
0.7721
0.7713
0.7721
0.7713
0.7713
0.7721
0.7629
0.7713
0.7278
0.7141
0.7019
0.7385
0.7698
0.6073
0.6577
0.7385
0.8286
0.7729
0.766
0.7317
0.7538
0.7591
0.7385
0.6195
0.6943
0.724
0.7195
0.666
0.7187
0.7538
0.6836
0.7019
0.7217
0.7607
0.769
0.7698
0.795
0.9125
0.7507
0.6996
0.7294
0.8514
0.7698
0.8209
0.7721
0.7088
0.6271
0.6676
0.708
0.7645
0.8209
0.7721
0.8606
0.7736
0.7713
0.7591
0.7629
0.7698
0.7706
0.7698
0.8194
0.7729
0.7332
0.7301
0.7706
0.7706
0.7294
0.7675
0.6302
0.6905
0.7759
0.7919
0.7744
0.7683
0.9201
0.8957
0.7729
0.7713
0.7019
0.8255
0.7721
0.7721
0.7721
0.7721
0.6996
0.721
0.7477
0.7713
0.7713
0.7828
0.7744
0.8331
0.8072
1.013
0.8408
0.7736
0.8041
0.7736
0.7736
0.7454
0.7736
0.7736
0.8408
0.7736
0.7271
0.7576
0.7652
0.7263
0.7477
0.8484
0.7729
0.7729
0.6996
0.7935
0.7103
0.7561
0.769
0.7812
0.7812
0.769
0.7607
0.721
0.631
0.7416
0.9018
0.9262
0.9033
0.7721
0.7729
0.7729
0.7729
0.7729
0.7721
0.7713
0.7721
0.7721
0.7721
0.7721
0.7713
0.7729
0.75
0.769
0.769
0.7607
0.7019
0.7637
0.7401
0.7698
0.7698
0.7584
