0.4044
0.2247
0.4616
0.4395
0.6401
0.2907
0.3757
0.1745
0.3819
0.3166
0.2964
0.1572
0.3693
0.2209
0.0006676
0.0
9.537e-05
0.0
0.0
0.0
0.0
0.0432
0.3788
0.182
0.3693
0.2052
0.3101
0.1957
0.5486
0.246
0.3483
0.3433
0.2773
0.2922
0.1902
0.1787
0.4036
0.1583
1.028
1.651
1.865
2.121
2.237
3.784
6.244
4.865
1.106
0.1694
1.767
2.499
2.914
2.478
3.748
6.787
4.724
0.8743
0.2483
0.2991
0.4181
0.2872
0.2022
0.9979
1.971
2.859
2.457
2.826
6.58
5.872
1.81
0.1595
0.2468
0.3292
0.3056
0.3384
0.128
2.237
2.966
2.197
2.722
6.897
4.779
2.31
0.1383
0.9521
1.764
1.877
1.81
2.008
7.007
5.109
2.643
0.5714
2.2
2.206
2.051
2.39
5.591
3.235
4.449
1.03
0.3731
0.2937
0.1814
0.3494
0.1778
1.511
2.335
2.194
2.515
3.564
5.396
4.797
1.617
0.5013
1.733
2.759
3.003
3.363
7.336
4.437
0.8026
0.1726
0.3017
0.1837
0.5516
0.5188
0.4181
0.1665
0.3017
0.1785
0.6775
0.4532
0.5959
0.145
0.2781
0.288
0.9827
1.959
2.127
2.28
1.901
6.36
2.933
3.375
0.7446
0.333
0.1442
0.3757
0.1738
2.255
2.859
2.606
1.703
1.959
6.848
4.376
1.724
0.4089
0.1577
0.2575
0.1598
1.216
1.703
1.328
1.511
1.479
2.063
5.609
3.04
3.259
0.4265
0.0515
0.4219
0.4196
0.6683
0.4082
0.6035
0.2842
0.1482
0.3376
0.3696
0.2983
9.537e-05
9.537e-05
0.0
0.0
0.0
0.0
0.0
0.0
0.0
0.04416
0.2419
0.2838
0.3063
0.621
0.3139
0.2785
0.4044
0.194
0.3757
0.2434
0.441
0.3239
0.2148
0.3403
9.537e-05
0.0
0.0
0.0
0.0
0.0
0.0
0.0
0.0
0.2491
0.2514
0.3853
0.1646
0.5058
0.1364
0.2087
0.3071
0.2258
0.2327
0.1965
0.6676
0.1364
0.2663
0.2457
0.0003815
9.537e-05
0.0
0.0
9.537e-05
0.0
9.537e-05
0.0
0.0
0.4486
0.219
0.2155
0.573
0.1987
0.2312
0.5646
0.5577
0.2544
0.396
0.2789
0.5318
0.7072
0.6325
0.375
0.1663
0.2995
0.0001907
0.0
0.0
9.537e-05
9.537e-05
0.0
0.0
0.006866
0.7576
0.0004768
0.312
0.1497
0.6645
0.149
0.705
0.1797
0.5363
0.1652
0.2762
0.2975
0.3311
0.1247
0.3304
9.537e-05
0.0003815
0.0
0.0
0.0
0.0
0.0
0.004959
0.4189
0.3765
0.168
0.5722
0.3242
0.2533
0.3361
0.3479
0.1635
0.3521
0.2438
0.1808
0.2014
0.5104
0.1736
0.0
0.0
0.0
0.0
0.0
0.0
0.0
0.0
9.537e-05
0.0
0.2281
0.4738
0.2228
0.1648
0.3185
0.127
0.4234
0.1724
0.367
0.06571
0.4555
0.0
0.1656
0.1301
9.537e-05
0.0
0.0
0.0
0.0
0.0
0.0
0.0
0.0
0.0
0.005913
0.3574
0.3506
0.1734
0.3304
0.04959
0.0005722
9.537e-05
0.0
0.0
0.0
0.0
0.0002861
0.0
0.0
0.0
0.0
0.0
0.0
0.0
0.0
9.537e-05
0.0
0.5257
0.4898
0.4738
0.5112
0.2792
0.1856
0.4135
0.156
0.1257
0.3731
0.3929
1.767
2.219
2.036
1.675
1.578
1.273
0.9613
0.9262
0.9384
1.071
1.149
1.184
1.419
1.27
1.889
2.493
1.92
1.959
1.923
1.736
1.553
1.288
1.308
1.44
1.587
1.697
2.859
5.2
6.738
5.798
5.078
4.443
8.35
8.325
5.811
7.556
7.605
4.364
3.796
1.724
2.67
2.029
0.3307
1.329
1.654
1.694
1.543
1.828
2.878
2.82
2.432
2.539
2.362
2.24
2.707
2.597
2.737
2.042
1.694
2.347
2.628
2.826
2.081
4.523
5.75
9.583
8.008
9.119
6.775
8.337
6.287
7.129
4.498
3.308
1.347
0.9262
0.9644
1.874
2.158
2.652
2.49
2.09
2.02
2.328
2.56
2.075
2.432
2.179
1.749
1.895
2.029
1.959
1.941
2.039
2.09
2.567
4.327
6.555
10.85
12.74
10.66
10.58
7.751
6.616
3.571
3.049
2.234
1.038
2.188
2.045
2.676
2.472
2.557
2.206
2.295
1.736
1.712
1.852
1.819
1.868
2.179
2.438
2.448
2.448
1.996
2.631
5.975
7.043
8.215
8.215
10.74
8.899
9.094
8.35
3.552
4.535
1.984
0.1492
1.669
1.907
1.703
1.929
1.962
1.95
1.895
1.807
2.216
2.316
1.849
1.913
2.103
2.53
2.515
2.719
2.71
1.926
4.657
9.607
13.38
8.936
9.07
5.731
5.054
6.073
4.614
6.97
5.249
2.371
1.978
1.871
2.368
2.377
2.603
2.435
2.545
2.609
2.524
2.6
2.716
2.567
2.127
2.118
2.356
2.283
2.466
2.689
4.73
7.178
6.244
4.272
5.566
4.004
4.584
6.982
4.297
5.011
4.95
4.309
5.75
4.144
6.738
5.811
2.225
1.506
1.73
1.7
3.339
4.462
3.412
2.115
0.3056
1.469
1.663
4.889
3.851
1.295
0.5043
1.407
3.436
3.723
0.8942
1.276
1.88
1.99
2.167
2.158
2.087
2.005
2.267
2.524
2.591
1.81
1.776
2.307
2.35
2.35
2.417
2.451
2.573
6.409
6.812
6.238
4.694
6.494
3.815
4.846
6.58
5.292
5.865
4.553
5.383
5.511
6.555
6.055
3.351
2.161
1.074
2.756
2.96
2.768
2.911
2.863
2.457
2.426
2.435
2.609
2.713
2.414
2.02
1.685
1.901
2.127
2.344
4.059
8.118
11.3
8.508
6.348
7.715
8.472
6.787
7.373
6.146
7.19
3.503
1.849
1.015
2.567
2.338
2.325
2.466
2.161
1.993
2.768
3.186
3.052
2.56
2.258
2.072
2.783
2.933
3.137
3.091
2.24
3.711
7.056
11.5
10.11
10.1
8.508
8.154
5.383
4.834
3.534
1.846
0.7454
3.137
0.4547
0.2899
0.186
0.2728
0.5051
1.241
1.602
0.5951
3.107
0.5203
2.93
0.65
1.797
0.4364
0.3757
0.1348
0.4105
0.4417
0.1608
0.293
0.1608
1.932
1.326
0.6317
1.852
1.18
2.542
3.024
3.302
3.073
3.186
3.217
3.052
3.021
2.612
2.847
1.996
1.16
1.364
2.136
2.808
2.792
2.963
6.689
12.99
10.23
11.62
9.375
8.704
6.836
3.009
2.161
2.063
0.8453
1.326
0.1549
0.2808
0.2918
0.3471
0.1682
0.3826
1.212
1.076
0.4936
0.7446
0.853
0.7729
0.7759
0.8057
0.4173
0.1663
0.4402
0.37
0.1726
0.3883
0.4608
0.165
0.378
0.4883
0.5188
0.7965
0.1728
0.415
0.3983
0.8499
0.5783
0.3731
0.8575
1.837
1.489
2.188
2.261
2.725
2.606
2.542
2.67
2.444
2.472
2.466
2.509
2.179
2.383
2.444
2.722
2.997
3.024
6.024
9.741
5.029
3.931
3.168
2.808
2.347
2.853
5.151
2.875
2.957
2.802
3.229
2.518
2.588
3.036
4.047
3.107
2.475
2.737
2.145
2.502
3.085
3.424
3.064
1.99
1.871
9.537e-05
0.0
0.0
9.537e-05
0.0
0.0
0.0002861
0.0004768
0.5356
0.7675
0.7301
0.6989
1.028
9.537e-05
0.0
0.4478
