0.01993
0.01745
0.02279
0.01698
0.01459
0.01793
0.01974
0.01869
0.01831
0.01411
0.01421
0.01564
0.01392
0.01163
0.01297
0.009441
0.007629
0.007725
0.01163
0.01841
0.01554
0.02232
0.01869
0.01535
0.01249
0.0308
0.03757
0.01688
0.01917
0.01202
0.0186
0.01898
0.01621
0.01965
0.01659
0.04082
0.01869
0.01974
0.01345
0.01936
0.01268
0.006771
0.01106
0.01278
0.01268
0.01869
0.02012
0.0103
0.009251
0.01163
0.01364
0.01478
0.01307
0.01507
0.01078
0.01564
0.02747
0.01583
0.02031
0.01631
0.009823
0.01526
0.01249
0.05093
0.01211
0.0102
0.01917
0.0124
0.01364
0.01545
0.01001
0.01202
0.01516
0.0248
0.01602
0.01259
0.01488
0.01297
0.01554
0.01478
0.01488
0.006485
0.008774
0.01106
0.01259
0.01488
0.006676
0.01163
0.05331
0.02251
0.0186
0.02108
0.01364
0.02155
0.01974
0.02165
0.02069
0.01822
0.02403
0.01669
0.01745
0.01984
0.02995
0.02422
0.02279
0.02451
0.01793
0.02174
0.01993
0.02565
0.02165
0.0206
0.02108
0.0247
0.0226
0.01879
0.01774
0.02203
0.03233
0.01831
0.01497
0.02823
0.01354
0.02003
0.02384
0.0104
0.01688
0.01068
0.009346
0.01526
0.01278
0.008583
0.03242
0.01421
0.01106
0.01011
0.01106
0.01068
0.006485
0.01535
0.01268
0.02756
0.01173
0.008202
0.006104
0.01335
0.008011
0.00782
0.01802
0.02089
0.01478
0.008774
0.009346
0.007534
0.008678
0.01097
0.01125
0.007725
0.01183
0.0103
0.007248
0.009632
0.007629
0.01116
0.00658
0.004196
0.01688
0.009441
0.004101
0.009441
0.01154
0.007629
0.01307
0.01059
0.01078
0.008011
0.01783
0.01268
0.01078
0.01955
0.01097
0.01163
0.01335
0.01945
0.01545
0.01974
0.01717
0.01917
0.02413
0.02308
0.02184
0.0205
0.02308
0.02031
0.0206
0.01726
0.01698
0.0246
0.03319
0.01888
0.02222
0.01554
0.01001
0.01421
0.01364
0.01144
0.01068
0.01402
0.01183
0.0227
0.01793
0.01678
0.00658
0.005245
0.01869
0.007153
0.009251
0.02966
0.03338
0.03328
0.02956
0.01907
0.01631
0.01383
0.008965
0.01507
0.005722
0.007153
0.02155
0.007915
0.01173
0.01631
0.006485
0.004768
0.006008
0.006866
0.009727
0.004864
0.008583
0.01163
0.004959
0.008202
0.01183
0.007057
0.006962
0.01154
0.00782
0.01106
0.01259
0.01297
0.008583
0.009727
0.007343
0.02346
0.01841
0.02327
0.01926
0.01783
0.01373
0.02317
0.02613
0.02279
0.01993
0.01173
0.01125
0.009823
0.009155
0.008869
0.01059
0.01736
0.01507
0.008678
0.0102
0.007629
0.00515
0.01154
0.007248
0.00658
0.007629
0.01316
0.008297
0.02003
0.01411
0.01097
0.01183
0.01183
0.02279
0.0104
0.008965
0.03796
0.01631
0.008965
0.01192
0.01202
0.01898
0.02337
0.02632
0.02251
0.01822
0.01278
0.01431
0.01326
0.01383
0.007915
0.01621
0.01841
0.01478
0.0247
0.01364
0.02689
0.01698
0.02222
0.02203
0.02298
0.01478
0.01574
0.01945
0.01698
0.01974
0.01316
0.01783
0.01249
0.01154
0.02823
0.01612
0.01917
0.02375
0.02203
0.02689
0.01745
0.02232
0.01316
0.008774
0.0103
0.008488
0.01049
0.01144
0.01259
0.01678
0.01507
0.01068
0.008583
0.01049
0.01268
0.01831
0.01049
0.0102
0.0123
0.005627
0.007725
0.01268
0.008774
0.01335
0.01469
0.01516
0.008869
0.01478
0.01478
0.0102
0.0145
0.007248
0.01001
0.01726
0.0123
0.01421
0.01764
0.01621
0.00782
0.01373
0.01392
0.01173
0.008965
0.01602
0.01879
0.01945
0.01612
0.01488
0.01326
0.02146
0.02613
0.02251
0.0145
0.02737
0.02995
0.01869
0.02995
0.03214
0.03281
0.02279
0.02089
0.02975
0.02699
0.02937
0.03176
0.02861
0.03119
0.01698
0.02966
0.02289
0.02851
0.02546
0.02308
0.03147
0.01841
0.01526
0.01936
0.02117
0.02394
0.0103
0.0145
0.01659
0.01421
0.01249
0.01802
0.01793
0.02508
0.01564
0.01431
0.01554
0.01764
0.01707
0.01087
0.007439
0.01535
0.01507
0.01335
0.01144
0.008774
0.009537
0.008392
0.0185
0.0123
0.005531
0.005627
0.01116
0.02632
0.02327
0.01087
0.00639
0.0104
0.007343
0.007057
0.006962
0.007439
0.007343
0.0104
0.009346
0.01087
0.009537
0.008392
0.005722
0.009346
0.005722
0.007153
0.003052
0.006771
0.008106
0.008678
0.01068
0.009251
0.01173
0.01268
0.008106
0.02031
0.02098
0.02451
0.0226
0.01926
0.01936
0.02327
0.01402
0.02184
0.0185
0.01822
0.02031
0.02489
0.02089
0.01945
0.02146
0.02565
0.02136
0.01411
0.02184
0.02003
0.02403
0.02308
0.02537
0.01688
0.02098
0.01554
0.01736
0.01593
0.01822
0.02317
0.03166
0.02356
0.06027
0.1564
0.0948
0.02184
0.02413
0.02203
0.02832
0.02146
0.01326
0.009155
0.01431
0.01345
0.02289
0.0248
0.02337
0.0124
0.02632
0.02813
0.008965
0.008297
0.005627
0.008869
0.01078
0.007057
0.00658
0.004196
0.01106
0.006866
0.006294
0.006962
0.006771
0.004387
0.004387
0.007725
0.009346
0.009537
0.008965
0.01011
0.0206
0.01459
0.005245
0.00658
0.006676
0.00658
0.008392
0.009727
0.01202
0.008011
0.008297
0.01049
0.01078
0.01421
0.02327
0.02136
0.01802
0.01316
0.009155
0.01402
0.01793
0.01354
0.01211
0.01106
0.009823
0.007629
0.008488
0.009823
0.006962
0.007057
0.006866
0.01659
0.01354
0.01574
0.02317
0.01135
0.01993
0.01841
0.01469
0.02022
0.01516
0.01631
0.02308
0.02308
0.03023
0.03023
0.02813
0.0206
0.02804
0.03853
0.0329
0.02937
0.03109
0.01688
0.02279
0.02241
0.0248
0.02203
0.01984
0.01955
0.02222
0.01774
0.01268
0.01907
0.02985
0.0288
0.02565
0.01831
0.02146
0.02413
0.01688
0.02098
0.01812
0.01841
0.01287
0.01736
0.0186
0.03757
0.02565
0.02089
0.01993
0.01793
0.01202
0.01278
0.0103
0.008106
0.007057
0.01211
0.01173
0.0104
0.009727
0.005341
0.0144
0.0145
0.02203
0.02613
0.01535
0.01621
0.008297
0.007343
0.01087
0.009251
0.01755
0.01087
0.01335
0.01736
0.01078
0.00515
0.01554
0.01802
0.009727
0.0165
0.01125
0.01593
0.01678
0.008297
0.01469
0.006962
0.01097
0.009537
0.01049
0.01945
0.02489
0.0226
0.01698
0.009918
0.0123
0.01993
0.01221
0.008678
0.01078
0.01717
0.01421
0.01478
0.01612
0.01678
0.0206
0.01478
0.01583
0.02079
0.01669
0.02937
0.01507
0.03109
0.03042
0.02174
0.02985
0.0288
0.02527
0.03653
0.01698
0.0309
0.02384
0.03262
0.02584
0.03605
0.0165
0.0246
0.02155
0.01497
0.01984
0.02069
0.007725
0.01221
0.00906
0.01602
0.02794
0.02232
0.0248
0.0246
0.0288
0.01898
0.01945
0.01249
0.01431
0.01564
0.008297
0.01135
0.01831
0.0102
0.01154
0.01154
0.008774
0.008392
0.007343
0.004768
0.006771
0.009441
0.01221
0.01688
0.01221
0.01736
0.0226
0.01411
0.009251
0.009251
0.01431
0.0123
0.01497
0.009537
0.01125
0.005436
0.007057
0.006104
0.007248
0.01011
0.005627
0.007915
0.005531
0.006485
0.005531
0.01163
0.01621
0.01106
0.01154
0.008297
0.01125
0.01669
0.008202
0.01326
0.01364
0.0102
0.01059
0.01478
0.0145
0.02069
0.01602
0.02403
0.02527
0.02089
0.02012
0.02317
0.01707
0.01802
0.02489
0.02251
0.01812
0.02499
0.01926
0.02489
0.01945
0.01879
0.0246
0.02289
0.02708
0.02708
0.02012
0.02594
0.01078
0.01106
0.009251
0.01669
0.02213
0.01888
0.01516
0.009727
0.01411
0.007725
0.01383
0.02089
0.02251
0.03204
0.02375
0.01431
0.01879
0.0308
0.02279
0.0104
0.007725
0.004482
0.008488
0.01745
0.01707
0.007915
0.00515
0.004768
0.008965
0.007915
0.005341
0.004768
0.00782
0.003719
0.005436
0.01087
0.006771
0.009155
0.008392
0.008297
0.01335
0.01087
0.01087
0.006008
0.005054
0.009823
0.009251
0.01221
0.01163
0.008774
0.01221
0.01602
0.01087
0.01516
