19.8
16.92
9.875
8.789
8.923
9.155
8.813
8.691
8.899
10.13
19.29
20.83
18.95
12.41
6.641
6.604
6.604
6.604
6.604
7.007
9.058
8.875
9.265
8.679
8.911
8.752
8.704
9.009
11.4
20.56
19.95
17.53
10.02
8.862
11.82
16.67
17.75
18.21
18.65
18.82
15.62
15.45
14.94
13.84
10.84
8.679
8.801
9.521
8.923
13.33
16.92
17.82
18.41
18.73
16.8
15.11
14.75
11.08
16.36
17.65
18.24
18.65
17.26
15.6
14.7
11.45
15.36
17.26
17.97
18.41
17.46
15.43
14.53
9.277
8.716
8.752
8.606
8.74
8.704
8.972
14.06
17.19
18.02
18.38
18.51
15.38
15.09
14.58
10.21
15.97
17.36
18.04
18.51
16.09
15.36
14.43
10.18
8.997
17.36
20.8
17.48
18.85
20.48
18.82
19.97
20.63
18.77
15.65
8.923
9.998
16.09
17.5
18.26
18.19
15.6
14.82
12.29
9.668
10.83
20.36
19.58
17.7
11.12
13.75
20.8
19.02
12.4
10.05
9.29
9.485
8.948
9.583
12.84
20.65
19.43
14.4
15.58
17.31
18.09
18.53
17.72
15.45
14.89
11.12
9.473
9.167
10.31
9.314
9.119
9.094
9.204
9.595
8.984
9.534
15.82
20.85
19.9
14.43
18.6
20.73
18.58
13.82
16.87
17.72
18.21
18.68
17.99
15.77
15.36
14.14
10.47
9.265
9.485
9.094
8.887
9.253
9.656
17.7
20.83
19.04
17.5
10.84
6.604
6.604
6.604
6.604
6.604
6.995
9.033
9.204
8.948
8.936
9.229
9.399
9.143
9.436
9.155
9.045
9.07
9.021
16.48
20.83
19.87
18.29
13.5
19.68
20.63
18.21
11.45
6.848
6.604
6.921
9.045
9.045
9.253
16.53
20.85
19.48
18.41
13.67
8.96
8.997
9.338
11.33
19.17
20.85
20.7
18.46
14.45
7.703
6.604
6.604
6.604
6.604
6.604
6.921
8.813
8.887
9.204
9.229
9.241
9.033
12.3
20.51
20.8
18.38
16.36
11.96
19.9
20.85
18.58
18.16
11.9
9.741
6.689
6.604
6.604
6.604
6.604
6.946
9.082
9.937
8.838
16.85
20.85
19.02
14.82
8.923
8.826
8.96
8.936
10.05
19.26
20.85
19.63
17.97
13.53
7.776
6.604
6.604
6.604
6.604
6.604
6.848
9.485
9.534
8.813
9.131
9.106
9.167
9.045
9.204
9.082
9.961
8.96
9.009
9.473
8.948
8.911
8.752
10.63
18.41
20.83
20.51
18.26
11.58
6.653
6.86
8.813
8.862
14.84
20.73
20.8
19.24
18.09
12.11
18.53
20.85
19.12
16.38
9.497
18.63
20.83
19.34
17.53
8.533
6.604
6.604
6.604
6.604
6.604
6.873
9.106
13.89
20.48
20.85
20.19
18.6
12.87
8.557
8.875
14.92
20.68
20.85
20.41
18.65
13.13
8.582
9.302
7.3
6.604
6.604
6.604
6.604
6.604
6.824
8.74
9.302
9.595
10.08
10.69
17.77
20.85
20.85
18.99
14.53
16.16
17.19
18.04
18.6
18.95
19.31
19.53
19.63
19.73
19.82
19.92
20.0
20.12
20.19
20.31
20.43
20.51
20.61
20.7
20.73
19.56
17.46
18.43
20.24
20.85
20.85
20.85
20.87
20.78
20.17
20.07
15.75
13.06
17.33
18.24
18.7
19.14
19.41
19.51
19.73
19.82
19.97
20.12
20.12
20.24
20.31
20.48
20.51
20.65
20.7
20.7
20.04
17.85
18.33
19.51
20.83
20.85
20.87
20.87
20.78
20.26
18.58
18.31
14.4
11.78
17.09
18.14
18.63
18.92
19.19
19.46
19.6
19.78
19.92
20.02
20.12
20.21
20.31
20.31
20.34
20.51
20.65
20.7
20.7
18.73
16.67
17.16
17.75
19.17
20.09
20.21
20.29
20.29
20.29
20.31
19.75
18.99
18.85
13.82
13.26
17.09
17.94
18.46
18.77
19.12
19.34
19.48
19.65
19.75
19.75
19.8
19.95
19.95
19.95
20.04
20.14
20.34
20.34
20.34
20.36
20.53
20.65
20.73
20.73
20.73
20.73
20.73
20.73
20.73
18.6
17.36
17.99
19.02
19.92
20.34
20.87
20.9
20.87
20.87
20.9
20.9
20.63
20.34
19.68
18.99
18.6
7.983
7.91
13.62
16.85
17.58
17.99
18.36
18.58
18.65
18.97
19.14
19.26
19.36
19.46
19.56
19.6
19.75
19.75
19.87
19.95
20.02
20.14
20.14
20.14
20.24
20.34
20.34
20.34
20.34
20.51
20.53
20.68
20.73
20.7
20.7
20.7
19.17
17.16
18.19
19.04
20.17
20.75
20.87
20.87
20.87
20.87
20.73
20.02
18.58
18.19
17.72
16.72
9.277
14.18
15.67
16.43
16.97
17.33
17.26
13.96
13.48
13.57
13.94
11.11
12.32
15.82
16.75
16.55
13.55
13.43
11.91
14.18
20.09
19.29
12.43
13.55
16.67
16.99
13.53
13.35
10.01
11.79
16.24
17.11
13.82
13.13
12.05
18.26
20.19
14.99
11.25
16.16
16.92
13.57
12.99
9.692
16.33
17.77
18.48
18.82
19.24
19.51
19.58
19.73
19.9
20.0
20.12
20.14
20.12
20.31
20.31
20.34
20.46
20.53
20.58
20.73
20.73
20.73
20.73
20.73
19.75
17.19
18.65
20.36
20.87
20.87
20.63
20.12
20.12
20.09
19.97
19.17
17.99
17.75
16.43
8.801
15.26
17.09
17.8
18.24
18.53
18.73
19.09
19.29
19.36
19.51
19.65
19.73
19.8
19.92
20.0
20.17
20.31
20.31
20.39
20.51
20.51
20.51
20.58
20.7
20.7
20.7
20.7
20.7
20.36
17.21
18.31
19.6
20.39
20.87
20.87
20.85
20.8
20.04
18.75
18.46
16.63
13.01
16.43
19.95
18.41
10.9
13.62
10.16
14.14
11.5
12.62
15.82
20.24
18.85
12.01
12.02
10.23
11.15
13.04
17.58
20.19
18.82
11.34
15.43
17.26
17.99
18.43
18.7
18.97
19.38
19.53
19.58
19.73
19.85
19.92
19.92
20.07
20.12
20.26
20.31
20.31
20.39
20.51
20.56
20.7
20.7
20.7
20.65
17.04
18.68
20.31
20.68
20.68
20.68
20.68
20.68
20.7
20.7
20.04
19.78
19.26
16.77
8.411
9.631
17.16
20.83
20.21
14.89
13.06
20.29
20.85
19.73
14.09
9.351
9.521
10.46
9.033
9.741
9.509
15.43
16.85
17.48
17.87
18.16
18.46
18.65
18.85
19.02
19.17
19.29
19.41
19.56
19.56
19.68
19.75
19.75
19.78
19.95
19.95
19.95
20.07
20.14
20.14
20.21
20.34
20.34
20.34
20.46
20.53
20.53
20.63
20.7
20.73
20.7
20.7
20.68
17.48
17.75
18.73
19.87
20.09
20.09
19.95
19.68
19.34
19.24
18.65
18.12
17.43
17.43
17.43
17.38
9.241
6.616
6.604
6.604
6.604
8.032
9.973
10.36
9.949
15.97
20.75
20.83
20.17
18.43
17.63
11.29
