4.254
4.254
4.254
4.248
4.254
4.254
4.254
4.254
4.254
4.254
4.254
4.254
4.254
4.254
4.254
4.254
4.254
4.254
4.254
4.254
4.254
4.254
4.254
4.254
4.254
4.248
4.254
4.254
4.254
4.254
4.254
4.254
4.254
4.254
4.254
4.254
4.254
4.254
4.254
4.254
4.254
4.254
4.254
4.254
4.254
4.254
4.254
4.254
4.254
4.254
4.254
4.254
4.254
4.254
4.254
4.254
4.254
4.254
4.254
4.254
4.254
4.254
4.254
4.254
4.254
4.254
4.26
4.254
4.254
4.254
4.254
4.254
4.254
4.254
4.254
4.254
4.26
4.254
4.254
4.254
4.254
4.254
4.26
4.254
4.254
4.26
4.26
4.254
4.254
4.26
4.26
4.254
4.26
4.26
4.26
4.26
4.26
4.26
4.26
4.26
4.26
4.26
4.26
4.26
4.26
4.26
4.26
4.26
4.26
4.26
4.26
4.26
4.26
4.26
4.26
4.26
4.26
4.26
4.26
4.26
4.26
4.26
4.346
4.456
4.456
4.456
4.456
4.456
4.456
4.456
4.291
4.26
4.26
4.26
4.26
4.26
4.26
4.26
4.26
4.26
4.26
4.26
4.272
4.26
4.26
4.26
4.26
4.26
4.26
4.26
4.26
4.456
4.456
4.456
4.456
4.456
4.456
4.456
4.456
4.456
4.456
4.456
4.456
4.456
4.358
4.254
4.26
4.254
4.26
4.26
4.254
4.26
4.254
4.26
4.26
4.26
4.26
4.26
4.26
4.26
4.26
4.26
4.26
4.254
4.254
4.254
4.254
4.254
4.254
4.193
4.132
4.181
4.059
4.065
4.065
4.144
4.132
4.156
4.089
4.108
4.15
4.242
4.242
4.242
4.297
4.26
4.254
4.199
4.065
4.065
4.12
4.114
4.224
4.26
4.254
4.254
4.254
4.254
4.211
4.254
4.254
4.23
4.254
4.199
4.065
4.102
4.248
4.254
4.26
4.254
4.254
4.254
4.254
4.254
4.254
4.199
4.126
4.254
4.254
4.254
4.254
4.26
4.254
4.254
4.254
4.254
4.254
4.254
4.254
4.242
4.065
4.211
4.181
4.059
4.059
4.059
4.059
4.059
4.059
4.059
4.065
4.059
4.059
4.059
4.059
4.059
4.108
4.065
4.205
4.254
4.065
4.059
4.065
4.065
4.065
4.065
4.065
4.065
4.126
4.254
4.254
4.254
4.254
4.254
4.254
4.254
4.254
4.254
4.254
4.254
4.254
4.254
4.254
4.254
4.132
4.187
4.236
4.236
4.236
4.236
4.236
4.236
4.236
4.236
4.236
4.205
4.059
4.23
4.254
4.254
4.254
4.254
4.254
4.26
4.254
4.254
4.254
4.254
4.254
4.254
4.254
4.254
4.254
4.254
4.254
4.254
4.254
4.254
4.254
4.254
4.254
4.254
4.254
4.254
4.254
4.254
4.254
4.254
4.254
4.254
4.254
4.254
4.254
4.254
4.254
4.254
4.254
4.254
4.254
4.254
4.254
4.254
4.26
4.26
4.26
4.26
4.26
4.26
4.26
4.26
4.26
4.26
4.26
4.26
4.26
4.26
4.401
4.456
4.456
4.456
4.456
4.456
4.382
4.26
4.26
4.26
4.26
4.279
4.382
4.26
4.26
4.26
4.26
4.26
4.315
4.456
4.456
4.456
4.456
4.456
4.456
4.388
4.26
4.26
4.26
4.26
4.26
4.26
4.26
4.26
4.26
4.26
4.26
4.26
4.26
4.26
4.26
4.26
4.26
4.26
4.26
4.26
4.26
4.26
4.26
4.26
4.26
4.26
4.26
4.26
4.26
4.26
4.26
4.26
4.26
4.26
4.26
4.26
4.26
4.26
4.26
4.26
4.26
4.26
4.254
4.26
4.26
4.26
4.26
4.26
4.26
4.254
4.26
4.26
4.254
4.254
4.26
4.254
4.254
4.254
4.26
4.254
4.254
4.254
4.169
4.218
4.126
4.059
4.059
4.059
4.059
4.163
4.248
4.23
4.053
4.077
4.224
4.242
4.242
4.242
4.242
4.242
4.242
4.242
4.242
4.175
4.242
4.187
4.224
4.236
4.236
4.236
4.236
4.236
4.236
4.236
4.236
4.26
4.346
4.254
4.346
4.236
4.236
4.236
4.236
4.23
4.236
4.236
4.248
4.236
4.236
4.23
4.23
4.236
4.236
4.236
4.236
4.236
4.236
4.236
4.23
4.236
4.236
4.23
4.236
4.236
4.059
4.15
4.236
4.236
4.236
4.236
4.236
4.236
4.236
4.236
4.23
4.23
4.23
4.236
4.236
4.23
4.236
4.236
4.114
4.053
4.041
4.041
4.041
4.041
4.041
4.169
4.236
4.236
4.236
4.236
4.236
4.236
4.236
4.236
4.236
4.236
4.236
4.236
4.236
4.236
4.236
4.236
4.236
4.236
4.236
4.236
4.23
4.23
4.23
4.23
4.236
4.23
4.236
4.236
4.236
4.236
4.236
4.236
4.236
4.236
4.236
4.236
4.236
4.236
4.236
4.266
4.236
4.236
4.236
4.236
4.236
4.401
4.419
4.37
4.236
4.236
4.37
4.236
4.23
4.23
4.23
4.333
4.425
4.236
4.285
4.425
4.431
4.279
4.242
4.242
4.242
4.242
4.242
4.242
4.242
4.242
4.358
4.443
4.443
4.26
4.254
4.254
4.254
4.254
4.254
4.254
4.254
4.254
4.254
4.254
4.254
4.254
4.254
4.254
4.254
4.254
4.26
4.254
4.26
4.254
4.254
4.26
4.254
4.254
4.254
4.254
4.254
4.26
4.26
4.26
4.254
4.26
4.254
4.254
4.254
4.254
4.26
4.26
4.26
4.254
4.254
4.254
4.26
4.26
4.254
4.254
4.26
4.254
4.254
4.254
4.254
4.254
4.254
4.26
4.26
4.26
4.26
4.26
4.26
4.26
4.254
4.26
4.26
4.254
4.254
4.254
4.254
4.254
4.26
4.26
4.26
4.26
4.254
4.254
4.26
4.26
4.26
4.26
4.26
4.26
4.254
4.254
4.254
4.26
4.254
4.254
4.254
4.254
4.254
4.254
4.254
4.26
4.26
4.26
4.254
4.26
4.26
4.26
4.254
4.254
4.254
4.254
4.26
4.26
4.254
4.254
4.254
4.254
4.279
4.449
4.449
4.443
4.248
4.254
4.254
4.248
4.248
4.248
4.248
4.248
4.254
4.254
4.181
4.059
4.059
4.059
4.059
4.059
4.071
4.254
4.071
4.224
4.254
4.254
4.254
4.254
4.248
4.23
4.248
4.254
4.199
4.156
4.254
4.254
4.254
4.254
4.254
4.254
4.254
4.254
4.254
4.254
4.248
4.254
4.254
4.248
4.254
4.254
4.254
4.254
4.254
4.254
4.254
4.254
4.254
4.254
4.254
4.254
4.254
4.254
4.254
4.254
4.254
4.254
4.254
4.254
4.279
4.254
4.254
4.254
4.254
4.254
