5.634
5.634
5.634
5.634
5.634
5.634
5.634
5.634
5.634
5.634
5.634
5.634
5.634
5.634
5.634
5.634
5.634
5.634
5.634
5.634
5.634
5.634
5.634
5.634
5.634
5.634
5.634
5.634
5.634
5.634
5.634
5.634
5.634
6.909
12.79
15.8
16.67
17.24
17.5
17.9
16.5
14.48
14.09
11.98
7.959
8.667
14.28
16.19
16.94
17.38
17.75
16.63
14.23
13.62
11.74
8.435
14.43
16.06
16.87
17.31
17.72
16.48
14.36
13.82
10.3
13.33
16.09
16.92
17.41
17.77
16.8
14.28
13.65
12.87
9.973
14.94
16.26
16.99
17.41
17.6
15.16
13.67
12.72
9.094
14.33
15.7
16.36
16.99
17.46
17.53
14.84
13.43
11.16
9.729
18.51
20.73
19.02
13.04
13.77
15.72
16.46
17.02
17.43
17.77
15.84
13.84
11.76
9.436
8.813
8.813
12.65
15.84
16.58
17.19
17.55
17.82
17.02
14.65
12.96
9.863
9.119
8.923
9.351
9.216
9.387
8.679
9.656
12.5
20.09
19.46
17.85
15.06
9.07
10.14
9.155
18.29
20.61
18.19
10.79
14.31
15.8
16.48
17.02
17.36
17.63
17.87
16.72
14.48
13.99
12.46
11.29
8.765
9.521
9.644
8.96
9.229
8.875
8.337
13.28
15.53
16.33
16.89
17.26
17.48
17.75
17.92
15.8
14.06
13.5
13.18
10.12
9.216
7.227
5.823
5.829
5.829
5.829
5.829
5.829
5.829
5.829
5.829
5.829
5.829
5.829
5.829
5.829
5.829
5.829
5.676
5.634
5.634
5.634
5.634
5.634
5.634
5.634
5.634
5.634
5.634
5.634
5.634
5.634
5.634
5.634
5.634
5.634
5.634
5.634
5.634
5.634
5.634
5.634
5.634
5.634
5.634
5.634
5.634
5.634
5.634
5.634
5.634
5.634
5.634
5.634
5.634
5.634
5.634
5.634
5.634
5.634
5.634
5.634
5.634
5.634
5.634
5.634
5.634
5.634
5.634
5.634
5.634
5.634
5.634
5.634
5.634
5.634
5.634
5.634
5.634
5.634
5.634
5.634
5.634
5.634
5.634
5.634
5.634
5.634
5.634
5.634
5.634
5.634
5.634
5.634
5.634
5.634
5.634
5.634
5.634
5.634
5.634
5.634
5.634
5.634
5.634
5.634
5.634
5.634
5.634
5.634
5.634
5.634
5.634
5.634
5.634
5.634
5.634
5.634
5.634
5.634
5.634
5.634
5.634
5.634
5.634
5.634
5.634
5.634
5.634
5.634
5.634
5.634
5.634
5.634
5.634
5.634
5.634
5.634
5.634
5.634
5.634
5.634
5.634
5.634
5.634
5.634
5.634
5.634
5.634
5.634
5.634
5.634
5.634
5.634
5.634
5.634
5.634
5.634
5.634
5.634
5.634
5.634
5.634
5.634
5.634
5.634
5.634
5.634
5.634
5.634
5.634
5.634
5.634
5.634
5.634
5.634
5.634
5.634
5.634
5.634
5.634
5.634
5.634
5.634
5.634
5.634
5.634
5.634
5.634
5.634
5.634
5.634
5.774
10.06
15.31
16.41
17.02
17.41
17.63
17.87
18.09
18.29
18.41
18.51
18.7
18.77
18.77
18.97
18.97
19.04
19.24
19.36
19.36
19.58
19.75
19.9
19.92
18.04
20.85
20.85
20.85
20.85
19.63
19.36
19.29
12.4
13.11
16.53
17.43
17.77
18.26
18.55
18.73
18.92
18.97
19.12
19.19
19.34
19.38
19.53
19.63
19.85
19.92
19.43
18.75
20.78
20.75
20.65
20.0
18.48
17.72
12.55
12.3
15.87
16.7
17.29
17.68
18.16
18.55
18.68
18.77
18.92
19.12
19.19
19.34
19.43
19.53
19.63
19.87
19.92
19.9
17.92
20.46
20.83
20.68
20.43
19.02
18.21
17.99
14.6
13.09
16.55
17.41
17.87
18.26
18.51
18.77
18.92
19.04
19.12
19.24
19.38
19.51
19.51
19.6
19.78
19.92
20.07
20.07
18.07
20.09
20.29
20.83
20.87
20.87
20.87
20.87
20.65
18.82
18.38
18.41
18.41
13.18
13.06
16.02
16.87
17.46
17.77
18.16
18.48
18.63
18.8
18.97
19.04
19.17
19.29
19.36
19.46
19.56
19.56
19.7
19.78
19.95
19.97
20.12
18.29
19.51
19.87
19.9
20.12
20.07
19.87
19.7
19.65
18.77
18.6
18.6
11.6
14.92
16.75
17.43
17.85
18.26
18.51
18.73
18.82
18.97
19.07
19.17
19.17
19.17
19.36
19.43
19.56
19.56
19.65
19.92
19.92
19.92
17.97
19.82
20.31
20.61
20.87
20.85
20.85
20.83
19.09
18.38
18.38
17.6
11.74
15.23
16.28
16.89
15.75
13.48
13.55
11.38
10.62
15.33
16.53
15.28
12.84
11.98
11.04
15.14
16.26
16.87
13.82
12.38
10.77
15.82
16.92
14.36
13.79
11.78
11.62
15.65
16.65
14.55
13.16
9.753
15.41
16.11
13.23
10.08
15.23
15.99
13.13
9.558
14.84
16.99
17.7
18.09
18.6
18.75
18.99
19.12
19.24
19.41
19.51
19.68
19.73
19.9
20.07
20.12
18.55
20.63
20.78
20.65
20.26
19.9
19.63
14.5
13.99
16.89
17.68
18.12
18.53
18.68
18.85
18.97
19.02
19.17
19.19
19.36
19.48
19.56
19.53
19.58
19.82
19.92
20.09
20.09
17.94
20.65
20.83
20.83
20.75
19.95
19.48
18.58
10.95
15.99
17.24
17.85
18.21
18.58
18.85
18.97
19.02
19.21
19.36
19.53
19.56
19.73
19.87
20.04
18.7
19.8
20.85
20.51
20.09
18.68
17.7
16.06
11.23
14.01
16.09
16.85
17.38
17.7
17.82
18.12
18.51
18.7
18.82
18.97
19.04
19.17
19.19
19.36
19.43
19.53
19.56
19.73
19.92
20.04
20.12
18.38
20.04
20.43
20.85
20.75
20.26
19.56
17.92
17.48
17.24
12.05
11.98
9.155
11.82
9.009
11.9
8.948
12.11
9.265
11.9
9.387
11.69
9.717
10.03
9.473
9.68
11.65
19.48
20.68
19.26
11.5
9.741
10.58
9.912
10.78
17.8
20.14
18.65
10.29
9.497
10.33
9.363
8.862
9.961
9.302
15.26
16.58
17.24
17.7
17.92
18.31
18.55
18.7
18.9
18.97
18.99
19.17
19.24
19.36
19.51
19.53
19.65
19.75
19.8
20.02
20.12
19.8
18.68
20.65
20.83
20.87
20.53
20.36
19.04
18.31
18.09
18.02
12.87
8.96
9.143
9.253
9.082
9.106
9.375
15.21
16.46
17.04
17.53
17.82
18.02
18.41
18.58
18.77
18.92
18.97
19.12
19.17
19.26
19.36
19.38
19.56
19.56
19.63
19.75
19.75
19.92
20.09
20.12
18.95
19.34
20.65
20.8
20.87
20.87
20.85
20.87
18.82
17.29
17.14
17.04
17.02
7.629
5.829
5.829
5.829
5.829
5.829
5.829
5.829
5.829
5.829
5.829
5.829
5.829
5.829
5.829
5.829
5.829
5.829
5.829
5.829
5.829
5.829
5.829
5.829
