0.02804
0.0165
0.01411
0.01373
0.01297
0.009727
0.01526
0.01345
0.01583
0.01583
0.01364
0.01602
0.07238
0.01583
0.0145
0.01516
0.01287
0.01259
0.01431
0.01326
0.0145
0.0144
0.01554
0.01097
0.01402
0.01574
0.01287
0.01202
0.01373
0.01211
0.01507
0.009727
0.0
0.01335
0.01307
0.01373
0.02079
0.01431
0.01593
0.01192
0.01535
0.01364
0.01144
0.01173
0.01354
0.009727
0.01144
0.01345
0.01354
0.01144
0.01192
0.01183
0.01583
0.0123
0.0145
0.01249
0.01678
0.01316
0.01326
0.01411
0.01268
0.01163
0.01116
0.01335
0.01221
0.01307
0.0124
0.01249
0.01316
0.01431
0.0123
0.01364
0.01192
0.01402
0.01459
0.01478
0.01516
0.01259
0.01745
0.01469
0.01249
0.01249
0.01383
0.01383
0.01526
0.01469
0.01879
0.02146
0.01669
0.01335
0.01364
0.01163
0.01221
0.01402
0.01316
0.0123
0.01068
0.01402
0.01574
0.01106
0.01593
0.01497
0.01307
0.01497
0.01421
0.01116
0.0123
0.01478
0.01354
0.01392
0.01001
0.01335
0.01574
0.01278
0.04425
0.01392
0.01297
0.003338
0.01411
0.01307
0.01202
0.0145
0.01249
0.01183
0.01078
0.01307
0.01497
0.01612
0.01411
0.01678
0.01736
0.01688
0.01392
0.01392
0.01888
0.0164
0.01745
0.01392
0.02117
0.02584
0.02155
0.01478
0.01488
0.0144
0.01383
0.01373
0.06094
0.01516
0.0186
0.02251
0.01774
0.01955
0.0164
0.02756
0.02737
0.02842
0.02918
0.03214
0.02451
0.02928
0.02651
0.02785
0.03691
0.03319
0.03252
0.03223
0.03195
0.03939
0.06104
0.03414
0.0433
0.02823
0.03338
0.03462
0.04396
0.0349
0.03757
0.04129
0.04244
0.02861
0.04778
0.04034
0.0371
0.03119
0.0598
0.04759
0.03796
0.03939
0.03319
0.03443
0.04196
0.03014
0.03138
0.02823
0.02689
0.02975
0.03967
0.03481
0.03147
0.04101
0.03414
0.04826
0.002384
0.04673
0.0392
0.0392
0.03662
0.037
0.03548
0.03738
0.03119
0.035
0.03967
0.03757
0.03843
0.04492
0.0433
0.03433
0.04244
0.04997
0.03862
0.04387
0.04482
0.0495
0.04568
0.1139
0.09155
0.03262
0.04158
0.03977
0.03576
0.03586
0.03099
0.03853
0.0349
0.033
0.03681
0.03633
0.03815
0.03567
0.03166
0.03824
0.03767
0.03862
0.03815
0.04654
0.04053
0.03357
0.03548
0.037
0.037
0.03271
0.03901
0.03738
0.04034
0.04158
0.04253
0.03977
0.04377
0.04225
0.03433
0.03967
0.03557
0.03433
0.02995
0.02956
0.03119
0.02604
0.0
0.03262
0.04587
0.03233
0.03843
0.03862
0.03719
0.035
0.03481
0.04444
0.04292
0.0433
0.03433
0.04292
0.0371
0.03414
0.02785
0.03462
0.03347
0.04482
0.03653
0.08039
0.05846
0.03824
0.0371
0.03824
0.03843
0.04444
0.04292
0.04501
0.03138
0.04063
0.03471
0.04358
0.02995
0.03519
0.03567
0.03338
0.04263
0.02966
0.0267
0.03729
0.03281
0.03414
0.06027
0.04892
0.02823
0.0268
0.03471
0.02823
0.03242
0.04091
0.04263
0.04091
0.04311
0.03061
0.03633
0.02937
0.02708
0.03071
0.02518
0.0349
0.03109
0.0329
0.02747
0.06714
0.033
0.02995
0.02375
0.02861
0.03052
0.09499
0.03109
0.03119
0.03033
0.02794
0.02499
0.02537
0.02737
0.02384
0.03204
0.03471
0.02546
0.02804
0.03958
0.02565
0.02546
0.03233
0.02728
0.02918
0.02823
0.0761
0.02699
0.03119
0.03176
0.0248
0.02813
0.02851
0.0289
0.02375
0.03176
0.02604
0.02422
0.02556
0.02346
0.02384
0.02241
0.02518
0.02308
0.03433
0.0186
0.0206
0.01831
0.0164
0.02995
0.02518
0.02928
0.02613
0.02604
0.02575
0.0248
0.02375
0.02222
0.0227
0.02193
0.02117
0.02193
0.02174
0.02089
0.02785
0.03033
0.02384
0.0248
0.0246
0.02565
0.02327
0.02451
0.02708
0.02308
0.02546
0.01831
0.02098
0.02213
0.02317
0.02251
0.02785
0.02327
0.02136
0.0248
0.01564
0.02975
0.03071
0.03271
0.03195
0.02451
0.03176
0.02251
0.04721
0.03319
0.04292
0.3338
0.05198
0.02222
0.03281
0.03462
0.02718
0.03061
0.02689
0.03109
0.03538
0.03376
0.03653
0.03767
0.02823
0.04082
0.03586
0.04168
0.02689
0.03128
0.03433
0.03376
0.02899
0.03376
0.02594
0.02527
0.02546
0.02813
0.02756
0.02985
0.02699
0.01936
0.02413
0.02575
0.02337
0.02012
0.0227
0.02537
0.02451
0.03881
0.04015
0.04263
0.04101
0.03529
0.08326
0.04797
0.03119
0.03691
0.03023
0.03824
0.02851
0.02851
0.02365
0.02823
0.02394
0.02985
0.02508
0.02613
0.02575
0.02508
0.01945
0.02251
0.02623
0.0289
0.02975
0.02785
0.03252
0.03309
0.03557
0.03338
0.03319
0.0349
0.07811
0.02594
0.03481
0.02775
0.03052
0.0351
0.02975
0.03891
0.03529
0.04435
0.04053
0.07362
0.04759
0.04215
0.03605
0.0349
0.03796
0.03433
0.03862
0.04063
0.03643
0.03748
0.03424
0.03347
0.03614
0.1448
0.0433
0.1604
0.04234
0.03119
0.03653
0.03109
0.03204
0.03452
0.04139
0.03757
0.033
0.03529
0.07429
0.06876
0.03538
0.02842
0.04559
0.03233
0.02899
0.03891
0.03176
0.02995
0.03462
0.0308
0.03862
0.03691
0.03481
0.03986
0.035
0.03538
0.02699
0.03548
0.02956
0.02575
0.02394
0.03376
0.03233
0.02813
0.03233
0.03633
0.03042
0.03386
0.02775
0.02642
0.03147
0.07124
0.02947
0.02937
0.02661
0.02708
0.03214
0.03223
0.03214
0.03719
0.02689
0.03185
0.03967
0.04234
0.03166
0.03052
0.03128
0.03004
0.03071
0.05512
0.04406
0.02718
0.03405
0.02441
0.03471
0.03386
0.03319
0.03614
0.03748
0.03767
0.02899
0.03777
0.03147
0.02966
0.03119
0.02584
0.02813
0.02584
0.02766
0.08373
0.07782
0.02737
0.02918
0.02241
0.02317
0.02155
0.02193
0.02747
0.03004
0.01936
0.02613
0.02184
0.02317
0.02527
0.03395
0.037
0.05169
0.04063
0.02775
0.02785
0.02184
0.02403
0.01984
0.01945
0.02298
0.01841
0.01993
0.02546
0.02604
0.02346
0.02441
0.02842
0.02365
0.02527
0.02775
0.02356
0.0289
0.02098
0.02003
0.02193
0.01802
0.02098
0.02193
0.01688
0.01984
0.02165
0.01888
0.01745
0.01736
0.01678
0.01631
0.01888
0.01669
0.02432
0.01659
0.01945
0.01755
0.01745
0.0185
0.01898
0.01945
0.01898
0.02499
0.02127
0.02127
0.02174
0.01945
0.01335
0.01478
0.01488
0.01564
0.01373
0.01526
0.01879
0.01431
0.01554
0.0164
0.0227
0.01907
0.02937
0.01688
0.008965
0.01364
0.01554
0.01202
0.01774
0.01364
0.0144
0.01297
0.01316
0.01326
0.01383
0.01564
0.01516
0.0164
0.01278
0.01326
0.01249
0.01526
0.01183
0.0185
0.01707
0.01535
0.0124
0.01287
0.01316
0.01554
0.01602
0.01507
0.01135
0.0124
0.01469
0.01478
0.01421
0.01869
0.01383
0.01564
0.01602
0.01574
0.0186
0.01926
0.01545
0.01831
0.01955
0.01659
0.01583
0.01888
0.01612
0.01669
0.01574
0.01469
0.01125
0.01535
0.01335
0.0145
0.01135
0.01841
0.01612
0.01478
0.01431
0.01564
0.01602
0.01678
0.0164
0.03891
0.05531
0.04835
0.04673
0.06647
0.06227
0.05713
0.05522
0.06294
0.05007
0.05875
0.05131
0.05541
0.04587
0.04549
0.03929
0.04492
0.04654
0.03624
0.03099
0.03071
0.03328
0.03777
0.04711
0.05732
0.06895
0.06542
0.06227
0.05741
0.06275
0.05932
0.07181
0.04692
0.05083
0.05732
0.0576
0.07362
0.07486
0.06342
0.06247
0.05646
0.07277
0.06418
0.05674
0.08917
0.07715
0.06304
0.05274
0.05465
0.05312
0.05941
0.06523
0.04883
0.06933
0.05836
0.05741
0.05426
0.07191
0.05589
0.0577
0.06952
0.06866
0.06418
0.06113
0.05608
0.0699
0.06723
0.08097
0.07095
0.0803
0.07029
0.05083
0.05922
0.06132
0.06275
0.07162
0.05751
0.05646
0.06199
0.04511
0.05445
0.05198
0.0556
0.0535
0.04778
0.05283
0.0474
0.05426
0.05159
0.06075
0.06104
0.05045
0.05035
0.04911
0.05569
0.05169
0.05379
0.05693
0.05302
0.06275
0.05569
0.06475
0.06304
0.05741
0.05379
0.0536
0.05131
0.05493
0.05093
0.07229
0.09489
0.06084
