17.43
14.72
14.33
14.75
17.65
19.63
18.46
17.19
15.58
18.07
17.75
18.48
13.09
9.351
0.4196
0.08335
0.02346
0.03128
0.02604
0.02861
0.02604
0.02861
0.02604
8.728
14.87
13.26
14.58
18.29
19.29
18.82
12.41
13.11
15.23
21.92
24.15
14.82
13.96
13.92
16.53
19.92
23.32
24.32
24.66
26.56
26.32
21.09
19.92
22.49
26.46
13.4
14.82
14.62
15.75
16.31
16.55
17.92
11.87
14.79
19.9
22.02
22.9
22.51
22.41
20.7
20.31
17.02
17.38
19.53
25.59
13.35
15.87
14.79
17.72
18.6
18.46
15.65
14.11
15.53
15.97
22.51
27.25
16.65
18.82
20.8
20.34
15.94
11.22
18.77
19.38
20.56
22.36
25.29
26.07
22.05
21.7
24.71
18.77
11.77
20.29
21.44
22.41
22.29
23.34
23.93
21.29
20.14
22.75
22.24
15.19
15.16
5.682
0.1848
9.558
21.9
23.97
23.39
24.78
24.85
24.54
19.48
20.21
26.76
17.43
15.87
13.99
16.53
15.43
15.7
15.33
13.79
16.48
14.82
16.02
16.75
15.21
20.04
23.36
21.36
7.556
20.19
21.66
22.75
25.1
23.9
24.15
22.44
20.97
21.29
21.63
17.33
14.72
19.04
19.82
21.09
21.63
22.66
22.73
20.83
17.94
22.19
24.41
10.53
22.19
22.19
23.63
23.54
23.24
23.93
21.51
19.29
23.56
23.9
12.87
13.65
13.84
13.65
14.75
14.7
12.52
15.23
16.06
17.72
19.63
18.73
7.19
0.6561
0.2186
0.6561
15.41
15.5
18.97
21.7
17.94
13.13
9.204
16.72
18.33
18.73
15.6
13.06
14.14
13.35
13.6
14.4
13.38
3.43
0.1511
0.05207
0.02604
0.03128
0.02604
0.531
14.7
14.72
14.4
15.94
17.36
19.73
18.38
12.23
13.55
14.23
12.96
3.21
6.958
13.06
16.94
14.4
15.06
15.75
16.43
15.43
6.763
0.6195
0.198
0.4997
13.77
13.92
13.89
13.89
14.23
13.94
13.92
13.99
14.62
13.77
14.92
14.48
13.89
14.72
17.48
15.99
15.8
8.728
0.1667
0.07811
0.02079
0.03128
0.02604
0.5051
15.65
14.55
15.01
14.99
15.45
16.85
17.6
11.11
12.96
14.79
15.43
15.43
16.04
13.18
13.04
14.7
15.19
3.925
0.1459
0.04692
0.02079
0.03128
0.02604
0.396
14.75
13.21
13.99
15.21
17.58
17.46
19.38
11.63
13.43
13.82
13.16
12.04
14.14
13.67
13.62
11.8
15.06
16.63
17.09
17.9
10.27
0.6615
0.3334
0.2968
12.82
13.79
13.87
14.43
12.87
14.97
13.89
11.1
11.35
14.09
13.55
13.57
14.7
13.55
18.55
21.31
19.68
8.24
0.5989
0.2029
0.02604
0.02604
0.02604
0.1719
13.62
15.72
15.48
16.46
15.04
13.96
13.75
13.18
8.411
16.24
13.13
15.04
12.24
14.87
13.99
16.65
16.97
18.85
7.495
0.5676
0.177
0.02604
0.02079
0.04168
16.72
16.41
18.51
15.84
14.75
18.41
21.09
23.54
18.14
17.31
21.68
25.1
12.72
19.43
22.22
20.73
15.77
20.8
17.85
17.99
10.74
16.33
23.12
24.8
26.46
27.59
28.81
27.44
25.73
25.73
24.68
24.73
24.93
24.46
23.17
22.24
23.78
24.51
24.68
25.73
27.44
27.54
26.37
25.1
24.19
22.53
15.77
18.26
21.39
21.53
23.78
24.0
26.51
32.03
32.42
30.62
5.09
20.97
22.14
23.54
22.02
22.63
21.66
20.51
21.63
23.8
22.97
23.44
22.34
21.56
24.22
21.9
21.07
20.09
18.87
17.82
16.46
20.7
21.97
21.63
21.83
19.9
18.85
19.07
16.94
15.89
15.89
16.33
19.53
20.12
20.46
18.51
17.6
19.31
23.27
25.34
28.03
24.98
12.44
21.12
21.58
22.73
24.22
24.76
23.02
22.58
22.19
22.51
23.95
25.93
25.2
23.12
22.75
22.49
22.88
23.34
23.63
24.24
24.49
23.83
23.39
22.53
22.0
22.41
19.78
17.7
19.38
19.07
18.36
19.97
20.21
21.36
21.8
19.38
20.8
21.58
20.0
17.87
6.323
21.39
19.85
19.75
18.97
18.7
19.95
19.78
17.68
19.04
19.95
20.29
21.66
20.97
21.14
19.68
18.51
17.5
17.09
16.94
16.94
17.7
17.36
17.77
19.6
22.05
21.46
19.58
16.77
17.48
18.33
17.04
16.04
14.75
15.65
15.67
17.7
15.84
16.38
18.46
22.8
20.8
19.19
17.72
18.85
18.58
19.7
18.26
9.619
18.14
17.02
16.21
15.89
15.77
16.21
16.02
16.46
16.55
17.9
20.48
21.85
22.0
22.17
21.78
23.58
25.05
25.24
24.27
24.88
24.83
24.34
22.8
22.09
21.26
20.56
21.19
21.8
21.56
22.19
15.38
15.65
17.26
19.31
19.41
23.14
35.4
34.08
32.91
33.01
21.39
32.71
29.79
14.21
37.84
34.28
34.67
22.07
34.47
36.96
32.67
29.98
31.98
29.1
10.83
25.63
36.38
35.94
36.52
35.64
35.5
36.23
36.04
36.13
35.89
35.6
34.28
35.94
36.33
36.91
37.4
37.45
32.37
27.34
40.92
39.11
36.52
31.3
22.75
19.73
18.85
16.97
5.676
22.61
17.38
15.33
15.72
15.43
15.75
15.99
16.33
18.6
17.82
18.58
17.09
16.33
15.84
16.67
16.8
16.72
18.29
16.8
18.58
19.24
19.7
19.73
17.6
18.41
18.29
17.82
19.56
23.14
23.75
24.02
24.29
24.85
15.09
19.68
20.73
20.39
21.44
20.51
16.89
19.24
16.28
20.29
19.75
23.1
20.73
10.73
20.83
21.9
22.66
23.73
30.32
40.62
39.94
39.31
39.4
39.45
39.36
38.87
39.79
38.57
38.48
38.82
39.89
26.76
35.64
43.16
41.31
38.72
35.11
35.16
20.9
13.43
21.0
27.59
26.17
34.23
29.25
16.02
27.1
27.64
25.49
26.07
28.96
35.35
22.49
23.14
22.63
22.17
21.78
22.73
22.75
23.8
30.32
33.35
17.43
24.54
19.73
22.58
31.88
30.18
14.77
22.63
22.29
12.3
38.43
37.79
36.82
37.84
35.3
34.42
30.76
28.03
27.25
24.49
22.66
23.1
22.51
22.36
21.26
20.7
21.26
22.29
22.9
20.85
19.29
18.38
20.17
18.97
15.94
17.26
19.68
20.9
24.85
26.51
24.44
23.22
21.8
22.29
22.46
23.88
12.1
14.48
14.28
14.55
12.6
14.31
15.38
13.45
19.95
23.93
22.97
19.17
11.43
15.41
19.38
25.44
23.97
14.16
0.8072
0.4059
14.09
18.85
17.16
18.65
19.78
16.94
31.2
34.57
17.41
33.01
33.35
16.63
35.35
29.93
11.43
19.34
20.97
16.85
15.8
0.2293
0.1198
0.02604
0.02604
0.02604
0.02604
0.02604
0.03128
0.02604
0.02604
0.02604
0.02604
0.02604
0.02604
0.02604
0.02604
0.02604
0.02604
0.02604
12.19
23.85
22.14
20.39
21.56
22.49
20.85
23.02
16.38
21.02
24.68
