24.41
24.1
24.51
0.0
7.727
0.0
2.628
19.17
18.33
18.87
19.36
19.85
19.7
20.0
19.75
19.73
19.63
20.46
20.21
19.73
20.43
18.92
19.36
20.12
19.9
19.97
19.8
19.82
20.04
20.02
19.9
19.85
19.8
19.19
19.92
16.85
5.731
11.87
18.75
19.02
19.19
19.04
18.8
18.41
19.14
19.34
17.19
19.34
19.65
19.24
19.14
19.04
18.87
19.24
18.82
19.04
18.92
18.73
18.68
17.16
19.36
19.34
19.04
19.43
18.82
19.09
19.04
19.07
18.92
18.33
18.43
19.24
8.85
0.04883
0.0
0.008011
14.48
19.75
20.58
20.53
20.87
20.58
20.83
20.68
20.19
9.521
0.01411
0.0
