0.03862
0.0004768
0.0
0.0
0.0
0.0006676
0.0
0.0
0.0
0.0
0.0
0.0
9.537e-05
0.0
0.0
0.0
9.537e-05
0.0
0.0
0.0
0.0
0.0
0.0
0.0
0.0
0.0
0.0
0.0001907
0.0
9.537e-05
0.0
0.0
0.0
0.1663
0.03538
0.3639
0.2743
0.2037
0.1703
9.537e-05
0.002098
0.0001907
0.0
0.02995
0.1318
0.1616
0.4036
0.3559
0.193
0.3014
0.1074
0.2159
0.3468
0.1965
0.3632
0.3098
0.1085
0.3902
0.1108
0.7553
0.2018
0.05026
0.05102
0.06332
0.03357
0.2769
0.1289
0.01335
0.01297
0.005627
0.8804
0.6111
0.4028
0.2361
0.2819
0.3002
0.3052
0.2792
0.2579
0.243
0.2693
0.2769
0.2392
0.2323
0.2369
0.2014
0.2274
0.4028
0.8743
1.303
0.856
0.2895
0.6607
1.027
1.382
0.3983
0.4173
0.4761
0.5058
0.4814
0.5501
0.8347
0.7637
0.9415
0.346
0.01173
0.009632
0.009155
3.729
6.067
3.937
4.144
3.644
2.997
0.04101
0.06895
0.7965
0.03204
0.06208
0.04673
0.03977
0.349
0.05445
0.01411
0.01297
0.002956
1.071
0.489
0.4448
0.2197
0.2373
0.2689
0.2964
0.2445
0.2628
0.2331
0.2689
0.251
0.2731
0.6119
0.5669
0.2502
0.2514
0.6531
0.9888
1.105
0.5684
0.7515
1.26
1.025
0.5135
0.4349
0.4318
0.4707
0.5043
2.518
0.8163
1.424
0.8118
1.001
0.008869
0.01459
0.0103
2.979
6.335
3.992
3.644
2.713
4.083
0.01316
0.05903
0.7317
0.07877
0.05417
0.05093
0.05102
0.2655
0.2975
0.02308
0.01316
0.007629
1.057
0.6104
0.3609
0.2449
0.2502
0.3296
0.2861
0.2777
0.2758
0.2735
0.2346
0.2666
0.2281
0.2186
0.2197
0.2426
0.2834
0.9094
0.9262
1.135
0.3613
0.5753
1.146
1.398
0.4341
0.4097
0.3944
0.4196
0.4143
0.4272
0.5646
0.6981
0.7317
0.7233
0.3166
0.01135
0.01678
0.1188
2.716
5.103
4.34
4.047
2.795
3.912
0.9186
0.05751
0.6805
0.1991
0.0515
0.03719
0.05255
0.02613
0.2785
0.2712
0.01736
0.01764
0.003242
0.8194
0.4143
0.518
0.2312
0.2121
0.2136
0.2537
0.2598
0.4517
0.2098
0.1987
0.2266
0.2319
0.2342
0.211
0.2449
0.2487
0.2438
0.2655
0.7545
0.7187
1.077
0.7339
0.3567
0.7584
1.295
0.9628
1.161
0.5524
0.4311
0.4829
0.4913
0.7065
0.7072
0.692
0.6905
0.2575
0.01431
0.01211
0.1951
4.279
6.006
3.552
3.784
3.052
3.65
0.00124
0.04377
9.537e-05
0.0
0.0
0.0
0.0
0.0
0.0
0.0
9.537e-05
0.0
0.0
0.0
0.0
0.0
0.0
0.0
0.0
0.0
0.0
0.0
0.0
0.0
0.0
0.0
9.537e-05
0.0
0.0
0.0
0.0
0.0
0.0
0.0
0.0
0.0
9.537e-05
0.0
0.0006676
0.0
0.0
0.0
0.0
0.0
0.0
0.0
0.0
0.0
0.0
0.0
0.0
0.0
0.0006676
0.0
0.0
0.0
0.0
0.0
0.0
0.0
0.0
0.0
9.537e-05
0.0
0.0
0.0
9.537e-05
0.0
0.0
0.0
0.0
0.0
0.0001907
0.0
0.0
0.0
0.0
0.0
0.0
0.0
0.0
0.0
0.0
0.0
0.0
0.0
0.0
0.0
0.0
0.0
9.537e-05
0.0
0.0
0.0
0.0
0.0
0.0
0.0
0.0
0.0
9.537e-05
0.0
0.0
0.0
9.537e-05
0.0
0.0
0.0
0.0
0.0
0.0
0.0
0.0
0.0
0.0
0.0
0.0
0.0
0.0
0.0
0.0
0.0
0.0
0.0
0.0
0.0
0.0
0.0
0.0
0.0
0.0004768
0.0
0.0
0.0
0.0
0.0
0.0
0.0
0.0
0.0
0.0
0.0
0.0
0.0
9.537e-05
0.0
0.0
0.0185
0.1135
0.8179
0.3716
0.3723
0.0165
0.3323
0.4364
0.5493
0.4913
0.4341
0.3304
0.2663
0.2659
0.2289
0.2705
0.2903
0.3067
0.2869
0.2789
0.2541
0.2777
0.3475
1.494
1.578
1.54
1.149
0.3864
0.4128
0.4044
0.4387
0.457
0.6264
0.7652
0.7584
0.3197
0.07095
0.01192
1.198
8.337
10.38
4.852
0.2026
0.005341
0.0004768
0.0
0.0145
0.7233
0.441
0.3944
0.3815
0.5272
0.2632
0.4143
0.4608
0.4356
0.3895
0.3212
0.2556
0.2682
0.2544
0.2861
0.2754
0.2617
0.2739
0.2728
0.2552
0.2686
0.5592
1.082
1.886
1.509
1.071
0.4005
0.4456
0.3792
0.3944
0.6844
0.6798
0.5592
0.6454
0.6149
0.3223
0.01631
0.01297
3.754
7.703
8.337
5.56
0.1926
0.006771
0.02146
0.8713
0.3269
0.4257
0.4303
0.2972
0.3418
0.5043
0.4578
0.4562
0.3502
0.3365
0.2892
0.2678
0.2445
0.2766
0.2979
0.2808
0.2861
0.2552
0.2724
0.285
1.154
1.175
1.892
1.297
0.5325
0.4921
0.4295
0.3998
0.4372
0.4379
0.6035
0.8057
0.7454
0.2941
0.009441
0.01097
2.463
8.887
9.119
4.553
0.06323
0.0247
0.5737
0.4463
0.3639
0.3746
0.4517
0.3227
0.4463
0.5257
0.4852
0.4227
0.3719
0.2613
0.2705
0.2361
0.2377
0.2609
0.3075
0.256
0.2689
0.2369
0.2357
0.2457
0.9506
0.9903
1.764
1.776
0.7347
0.3746
0.3677
0.317
0.3799
0.3838
0.4379
0.753
0.679
0.3922
0.3014
0.04511
0.008297
7.19
7.385
9.302
0.9567
0.05054
0.00658
0.0
0.0
0.0
9.537e-05
0.0
0.0
0.001431
0.002575
0.0
0.0
0.0
0.0
0.0
0.0002861
0.0
0.0
0.0
0.07591
0.0
0.0
0.0
0.0
0.0
0.0
0.006199
0.0515
0.7858
0.2171
0.2827
0.4013
0.2834
0.2743
0.4257
0.4715
0.4616
0.412
0.3311
0.2811
0.2979
0.2991
0.3418
0.3078
0.2823
0.2995
0.2579
0.2716
0.3841
1.534
1.871
1.749
0.6943
0.4333
0.4395
0.415
0.4639
0.4692
0.7217
0.7736
0.528
0.3349
0.01249
0.00906
3.369
5.646
9.424
2.542
0.003529
0.007439
0.8377
0.3338
0.3513
0.4738
0.2995
0.3201
0.5013
0.4547
0.4723
0.3212
0.3044
0.2544
0.2682
0.3105
0.2903
0.2914
0.2647
0.3147
0.3078
0.275
0.2937
1.067
1.004
2.145
1.41
0.4196
0.4662
0.4059
0.3738
0.502
0.4738
0.6683
0.8179
0.5226
0.2934
0.009632
0.0617
8.398
10.36
4.266
0.1694
0.003815
0.008106
0.176
0.8469
0.3719
0.3616
0.425
0.3132
0.4807
0.5241
0.4784
0.4158
0.3376
0.2563
0.2911
0.2613
0.3021
0.2716
0.3239
0.3197
0.2769
0.288
0.3201
1.204
1.494
2.213
0.9277
0.4158
0.428
0.4791
0.5615
0.5157
0.6775
0.7858
0.647
0.3059
0.02213
0.008392
2.643
7.935
8.691
3.589
0.1753
0.01011
0.08879
0.8423
0.3204
0.3288
0.3498
0.2415
0.2476
0.3811
0.457
0.4372
0.4181
0.37
0.2331
0.2655
0.2571
0.2972
0.2831
0.2857
0.2838
0.304
0.2808
0.2686
0.2903
0.285
1.088
1.146
2.237
1.227
0.5035
0.3761
0.3784
0.3906
0.5028
0.4631
0.4692
0.6424
0.2895
0.2937
0.007153
0.01106
4.932
8.289
9.631
0.2377
0.1534
0.005531
0.0
0.008678
0.2056
0.6584
0.3006
0.3059
0.4379
0.2876
0.3407
0.4791
0.486
0.4784
0.3624
0.2689
0.2865
0.2815
0.2659
0.2506
0.2728
0.2514
0.2533
0.2319
0.256
0.5676
