20.8
20.85
17.68
12.08
9.204
11.69
20.41
20.78
20.83
16.53
10.1
9.509
16.24
20.8
20.87
12.67
6.738
6.47
6.421
6.421
7.373
9.558
8.789
11.5
20.63
20.85
20.56
17.31
18.46
20.83
20.8
20.8
16.19
19.41
20.8
20.85
18.55
12.72
20.73
20.8
20.51
19.53
18.21
18.77
19.9
20.7
20.83
20.85
20.83
20.48
18.41
17.99
17.9
15.6
10.85
9.155
9.094
9.18
9.424
8.948
8.948
13.06
20.75
20.9
20.21
17.72
17.7
19.02
20.07
20.73
20.8
19.07
17.85
17.77
17.33
13.84
8.887
9.167
10.97
20.21
20.85
21.07
19.26
19.04
20.8
20.7
14.92
16.77
17.97
18.87
20.12
20.73
20.75
19.26
17.38
16.92
13.21
9.985
10.24
19.63
20.8
20.92
19.9
10.99
9.46
10.68
19.7
20.75
20.83
19.46
15.6
17.38
18.43
19.38
20.26
20.78
20.83
20.8
18.38
17.94
17.19
15.5
11.16
10.41
9.595
16.16
17.8
18.8
19.8
20.48
20.83
20.85
20.04
17.8
17.68
11.85
13.62
18.73
20.43
20.83
20.02
17.8
17.33
13.48
10.13
10.05
12.27
18.43
20.31
20.8
20.19
18.12
17.8
17.55
13.01
9.973
16.72
20.92
20.09
19.82
19.48
20.43
20.8
20.21
18.55
18.16
14.67
10.79
10.27
10.41
10.24
9.888
18.41
20.87
20.41
18.65
13.94
20.85
20.78
20.12
16.58
19.07
20.87
20.58
19.51
9.094
6.421
6.421
6.421
6.421
7.458
18.77
20.85
20.7
18.63
10.74
9.204
9.082
9.229
9.143
8.875
9.009
9.509
19.7
20.85
20.46
16.19
6.604
6.604
6.604
6.604
6.604
6.604
6.604
7.275
16.06
20.78
19.78
18.8
20.78
20.83
20.75
19.75
20.68
20.92
20.73
20.78
20.87
20.95
19.14
7.056
6.604
6.604
6.604
6.604
6.604
6.604
6.604
7.336
17.07
20.83
20.61
19.34
17.77
20.78
20.61
19.9
11.19
20.29
20.85
19.92
17.43
11.07
8.423
6.604
6.604
6.604
6.604
6.616
6.604
6.604
6.604
6.604
8.459
17.04
20.83
20.8
18.38
10.46
8.655
8.85
9.326
8.887
10.05
9.546
8.777
8.972
7.874
6.604
6.604
6.604
6.604
6.604
6.604
6.604
6.604
9.204
9.094
8.777
9.912
9.57
9.741
9.229
8.875
8.508
9.021
9.29
9.326
8.997
12.79
20.85
20.56
17.36
7.654
6.604
6.604
6.604
6.604
6.604
6.604
6.604
8.081
8.447
9.155
8.96
8.923
8.716
9.265
8.984
8.411
8.826
8.728
8.923
8.081
8.801
18.7
20.85
19.63
10.22
6.628
6.604
6.604
6.604
6.604
6.604
6.604
8.655
8.569
8.936
9.534
9.058
13.75
20.83
20.65
19.95
11.46
18.75
20.78
20.87
13.48
6.812
6.616
6.616
6.616
6.616
6.616
6.616
6.616
7.361
9.241
9.656
8.215
8.85
8.557
11.85
17.09
18.48
19.43
20.19
20.75
20.85
20.85
20.83
20.83
20.85
20.85
20.85
20.83
20.83
20.83
20.8
20.8
20.8
20.8
20.8
20.78
20.8
14.48
5.255
4.413
7.104
16.43
18.26
17.5
15.77
15.48
15.09
10.12
17.33
19.46
20.48
20.8
20.8
20.78
20.78
20.78
20.8
20.75
20.78
20.78
20.78
20.78
20.78
20.78
20.83
20.95
20.92
20.53
20.51
20.51
20.48
20.46
20.36
20.34
20.29
20.24
20.24
20.21
20.21
20.21
20.21
20.29
20.09
20.02
19.82
11.25
15.97
17.94
19.41
20.19
20.68
20.8
20.8
20.8
20.8
20.8
20.8
20.8
20.83
20.83
20.8
20.78
20.78
20.78
20.78
20.78
20.8
20.8
20.9
21.0
20.97
20.95
20.95
20.78
20.7
20.53
20.53
20.46
20.51
20.46
20.48
20.46
20.46
20.51
20.46
20.46
20.48
20.46
20.48
20.46
20.51
20.41
20.34
19.65
15.06
11.29
16.41
18.12
19.24
20.07
20.58
20.8
20.83
20.83
20.8
20.8
20.78
20.83
20.85
20.78
20.78
20.8
20.8
20.8
20.83
20.83
20.78
20.78
20.78
20.78
20.95
20.97
20.97
20.9
20.73
20.75
20.75
20.7
20.7
20.65
20.63
20.63
20.68
20.65
20.65
20.65
20.63
20.61
20.73
20.73
20.7
20.51
19.31
13.26
18.38
20.0
20.73
20.78
20.78
20.8
20.78
20.78
20.78
20.78
20.78
20.78
20.78
20.78
20.75
20.78
20.9
20.95
20.9
20.92
20.9
20.92
20.43
20.07
19.58
17.58
16.5
16.38
16.41
16.63
16.94
12.62
5.249
5.084
13.43
18.09
16.26
14.97
13.38
13.31
17.94
15.36
14.21
12.62
18.12
17.02
15.14
11.18
17.6
18.31
15.62
14.97
13.89
11.9
8.264
15.89
19.02
20.31
20.75
20.73
20.73
20.75
20.73
20.75
20.75
20.75
20.75
20.75
20.75
20.75
20.75
20.73
20.75
20.87
20.95
20.95
20.95
20.95
20.8
20.75
20.51
20.31
20.09
19.8
19.75
19.68
19.48
19.38
19.26
19.26
19.26
19.26
19.12
19.07
19.07
18.9
18.75
17.85
16.85
14.18
10.63
15.87
17.65
18.73
19.58
20.17
20.36
20.68
20.83
20.8
20.83
20.83
20.83
20.83
20.8
20.8
20.8
20.8
20.8
20.8
20.8
20.8
20.8
20.8
20.8
20.8
20.8
20.8
20.8
20.83
20.78
20.78
20.63
20.36
20.14
19.09
18.48
18.14
17.92
17.9
17.9
17.9
17.9
17.82
17.7
17.7
17.7
17.7
17.43
17.24
16.04
13.99
12.6
14.97
12.17
10.08
12.41
11.27
12.06
17.36
20.78
20.75
20.04
14.62
13.21
9.167
12.44
11.44
12.16
19.63
20.73
19.46
17.8
17.31
18.29
19.7
20.24
20.7
20.8
20.78
20.78
20.78
20.78
20.8
20.8
20.78
20.78
20.78
20.78
20.78
20.78
20.78
20.78
20.78
20.8
20.8
20.78
20.78
20.78
20.8
20.95
20.95
20.92
20.8
20.56
20.43
20.26
20.29
20.24
20.26
20.26
20.24
20.24
20.24
20.26
20.24
20.29
20.31
19.73
18.55
18.09
17.36
17.19
16.63
16.6
16.41
15.6
14.23
13.82
11.71
10.06
9.607
9.387
15.75
17.63
18.75
19.56
20.09
20.51
20.73
20.83
20.83
20.8
20.8
20.8
20.8
20.8
20.8
20.8
20.8
20.83
20.8
20.83
20.8
20.8
20.8
20.83
20.78
20.8
20.8
20.78
20.78
20.78
20.78
20.78
20.78
20.78
20.78
20.92
20.95
20.92
20.95
20.92
20.8
20.75
20.75
20.68
20.7
20.68
20.65
20.68
20.68
20.65
20.65
20.56
20.43
20.36
20.21
19.8
19.6
19.46
18.8
18.55
17.97
16.7
15.28
9.375
8.728
10.84
9.46
15.8
20.73
