30.47
35.84
28.42
21.51
31.59
38.77
35.5
30.18
28.61
23.1
39.55
37.94
31.15
21.61
28.47
33.98
37.7
29.44
22.39
16.21
18.75
22.29
16.38
20.78
18.73
20.43
18.31
12.99
11.16
19.92
22.56
31.79
31.54
30.76
25.2
15.01
33.4
33.74
33.98
28.42
29.44
18.85
5.164
0.05732
0.02346
0.02346
0.02079
0.02346
0.02346
0.02346
0.02079
0.02604
0.02079
0.02604
0.02346
0.02604
0.02079
0.02604
0.02346
0.02604
0.02079
0.02604
0.02079
0.02604
0.02346
0.02346
0.02346
0.02346
0.02346
0.02346
0.02346
0.02604
0.02346
0.02604
0.02079
0.02346
0.02079
0.02346
0.02079
0.02346
0.02079
0.02604
0.02079
0.02346
0.02346
0.02346
0.02079
0.02346
0.02079
0.02604
0.02346
0.02346
0.02346
0.02604
0.02604
0.02604
0.02346
0.02604
0.02604
0.02604
0.02079
0.02604
0.02346
0.02604
0.02346
0.02604
0.02346
0.02604
0.02346
0.02604
0.02079
0.02604
0.02346
0.02346
0.02346
0.02346
0.02079
0.02346
0.02346
0.02604
0.02346
0.02861
0.02346
0.02604
0.02346
0.02346
0.02346
0.02604
0.02346
0.02604
0.02604
0.02604
0.02346
0.02604
0.02346
0.02604
0.02346
0.02432
0.0226
0.02604
0.02346
0.02604
0.02346
0.02604
0.02079
0.02346
0.02346
0.02346
0.02346
0.02346
0.02346
0.02346
0.02346
0.02604
0.02079
0.02604
0.02346
0.02604
0.02604
0.02604
0.02346
0.02861
0.02346
0.02604
0.02346
0.02861
0.02346
0.02604
0.02604
0.02604
0.02346
0.02604
0.02346
0.02604
0.02079
0.0495
5.328
12.3
7.104
9.937
0.0
9.57
8.838
4.279
0.8408
26.37
14.16
14.92
20.36
8.276
24.51
23.78
13.62
21.73
20.87
20.65
28.32
23.12
27.05
16.16
12.15
37.3
32.47
26.66
18.02
18.46
36.28
28.86
24.73
14.38
18.46
22.66
13.43
18.51
13.16
20.14
26.66
10.57
18.63
16.77
25.98
27.15
10.33
19.48
21.29
13.96
4.303
0.2754
2.087
18.92
22.66
21.88
7.056
9.607
22.12
28.32
16.89
10.69
26.86
21.7
20.34
19.6
33.3
27.88
17.53
3.589
25.05
22.22
18.53
27.98
26.86
17.02
5.676
22.17
23.07
30.18
24.34
31.54
24.1
22.97
19.38
26.22
20.53
25.39
16.06
21.48
19.29
29.88
16.5
14.14
28.61
17.65
22.14
18.58
22.34
23.54
18.58
12.12
11.45
24.85
22.44
23.05
27.83
30.37
32.32
32.37
33.64
19.63
18.92
24.76
23.95
24.58
24.93
25.2
26.9
23.14
23.83
25.44
22.44
15.82
26.95
21.97
24.05
29.15
18.55
25.63
32.08
31.69
29.15
16.26
27.73
25.39
21.9
27.15
27.64
21.75
12.99
11.87
16.43
21.8
23.12
21.97
18.36
22.34
22.27
19.82
12.12
21.39
19.09
29.44
20.68
21.09
30.47
16.26
15.04
18.75
30.18
26.71
28.03
35.16
25.2
12.77
38.72
35.21
31.15
25.44
17.5
39.01
33.06
26.81
21.31
14.92
6.934
11.99
16.06
26.81
18.55
20.19
22.88
22.95
24.05
28.03
41.6
36.52
30.57
27.59
11.63
23.46
29.05
25.73
35.3
35.3
26.81
20.61
32.18
26.46
27.29
30.62
26.61
23.07
21.36
25.73
33.15
33.3
29.64
34.72
22.22
10.74
18.55
25.93
29.98
21.48
22.83
18.58
20.58
21.88
23.02
20.85
24.66
19.82
22.8
17.8
19.09
27.64
28.27
21.53
24.54
28.71
23.58
24.93
40.67
38.33
23.14
26.76
36.28
33.69
31.35
22.8
14.97
31.01
17.65
31.01
18.14
27.83
28.91
28.32
25.59
17.7
12.84
13.31
16.09
14.75
13.13
15.77
22.12
16.33
13.33
22.12
18.31
32.23
24.54
27.73
28.22
21.83
12.32
11.84
18.51
22.05
11.49
16.97
23.97
23.85
31.84
27.25
23.07
34.77
29.79
15.36
14.23
21.14
18.51
27.2
32.23
39.75
23.22
14.67
18.04
23.0
23.02
31.01
34.23
33.2
25.39
16.38
30.91
30.62
23.27
23.41
31.93
31.49
23.02
18.53
34.33
33.5
24.71
30.37
22.97
16.94
16.16
15.04
8.081
28.47
16.48
32.47
22.53
28.71
27.44
32.96
34.67
30.66
30.42
18.75
14.11
14.01
31.3
23.46
32.62
20.34
24.05
29.05
33.45
28.96
20.65
23.05
28.71
12.6
12.48
0.0
35.79
35.5
34.38
24.05
40.19
34.77
29.39
20.61
13.92
34.57
32.67
30.13
30.08
24.17
17.46
7.422
23.66
30.42
25.2
27.29
29.88
22.17
28.71
25.2
29.1
29.74
33.15
28.22
29.59
17.9
28.42
31.01
34.77
31.98
32.23
27.05
19.97
27.44
27.78
18.43
31.4
28.66
31.3
26.76
35.11
36.04
33.3
30.37
26.86
11.78
27.64
26.46
21.53
28.86
31.15
35.64
32.18
19.73
28.47
19.56
24.63
30.32
27.34
32.91
37.35
33.54
26.22
19.43
16.63
27.25
30.47
33.3
21.63
29.35
29.54
27.0
25.34
21.75
27.34
27.25
21.51
27.83
30.42
23.88
26.95
20.68
14.94
15.6
9.448
15.5
21.61
21.41
24.51
25.34
20.75
22.09
18.33
25.54
28.91
25.83
29.59
22.92
15.28
24.17
33.54
29.74
26.71
23.54
32.71
34.42
20.65
29.93
16.85
31.88
18.46
23.71
23.51
20.83
14.23
20.36
17.92
20.17
16.53
18.9
18.95
17.55
24.63
27.05
26.86
25.2
23.83
10.25
25.93
18.92
26.9
31.88
28.66
37.65
32.86
30.37
13.33
38.28
37.7
32.76
27.88
18.33
32.86
38.38
36.57
30.86
18.97
19.56
18.7
18.29
21.12
17.63
21.04
18.43
11.38
19.56
22.12
22.22
21.66
21.51
21.46
26.37
26.81
27.1
30.91
17.29
13.62
30.03
37.74
39.99
15.19
16.14
17.82
19.8
21.92
13.92
18.21
10.71
19.6
19.56
16.94
19.58
23.61
20.12
27.44
20.63
22.44
23.49
24.71
17.31
20.97
12.45
27.83
34.13
28.12
18.9
25.88
41.75
19.58
29.05
16.09
37.45
33.35
35.01
24.61
39.01
35.89
29.25
29.69
16.36
28.86
29.59
30.42
23.14
13.5
34.42
15.16
4.584
12.84
13.87
25.73
30.52
32.32
34.62
27.2
27.78
23.07
6.787
8.691
23.97
0.0
19.63
28.17
22.85
18.95
17.72
16.55
29.59
31.74
29.83
8.972
23.34
20.48
31.84
30.18
26.56
22.73
27.05
35.16
26.17
11.01
29.59
32.32
31.59
26.37
17.38
10.24
32.28
31.69
31.84
28.96
21.39
15.97
30.76
32.57
37.26
30.37
22.34
32.37
14.67
19.9
31.98
18.46
22.75
17.21
25.2
24.54
20.34
20.43
17.99
14.36
22.14
17.8
15.19
18.99
22.05
21.24
19.9
18.58
32.47
22.36
24.76
22.63
17.85
17.9
12.18
30.86
26.22
32.86
24.39
28.91
33.45
27.15
34.23
24.88
18.38
31.84
33.25
34.38
28.86
31.2
29.0
16.99
25.2
