0.2716
0.3876
0.3906
0.1451
0.2056
0.3777
0.3952
0.3273
0.2853
0.3094
0.3708
0.2823
0.5524
0.2491
0.3895
0.08831
0.0001907
0.0
0.0
0.01287
0.2354
0.3571
0.2861
0.1507
0.2197
0.2033
0.1226
0.2598
0.1308
0.1493
0.3021
0.3468
0.2487
0.3368
0.1247
0.2415
0.3674
0.3571
0.2285
2.179
3.259
3.326
3.473
6.763
3.479
0.8179
0.2274
0.4898
0.1726
0.1507
0.4654
0.2407
0.4425
0.1581
0.1909
0.1532
3.116
3.43
3.619
6.58
3.992
1.257
1.244
3.424
3.516
3.772
6.555
3.577
0.3967
0.1375
0.2609
0.3601
1.198
3.314
3.51
3.766
6.506
3.314
0.576
3.137
3.497
3.418
6.519
4.065
0.9338
0.0004768
0.3304
0.2537
0.386
0.1692
2.759
2.863
2.621
5.103
4.688
1.561
0.1627
0.1949
0.1682
1.767
2.567
2.676
2.853
6.641
2.713
0.3311
0.5363
0.2995
0.2769
0.4631
0.2857
0.3193
0.2144
1.314
2.643
2.698
2.591
6.128
3.418
0.5142
0.5714
0.7469
0.5859
0.1434
1.965
2.625
2.521
2.844
6.433
3.76
0.9521
0.5447
0.705
2.545
2.652
2.789
4.895
4.779
2.402
0.1167
2.267
2.808
2.777
2.927
6.458
3.088
0.6332
0.4532
0.1661
0.4601
0.4295
0.4646
0.6889
0.2663
2.319
2.875
2.771
3.049
6.03
2.966
0.4868
1.727
2.753
2.963
2.805
6.445
2.826
0.6737
0.3368
0.4852
0.4478
0.7126
0.4646
0.3651
0.386
0.354
0.2365
0.5005
0.5356
0.04377
0.3307
0.2525
0.0
0.0
0.0
0.0
0.0
0.006294
0.2487
0.2014
0.1633
0.4471
0.2518
0.2857
0.2377
0.2941
0.2441
0.2308
0.4662
0.4295
0.3288
0.2956
0.5318
0.3735
0.1797
0.2102
9.537e-05
9.537e-05
0.0
0.0006676
0.0
0.009441
0.2041
0.7263
0.2949
0.1879
0.4105
0.3483
0.2357
0.4822
0.2052
0.2117
0.5737
0.3197
0.3769
0.1438
0.4791
0.2125
0.5402
0.1842
9.537e-05
0.0
0.0
9.537e-05
9.537e-05
0.008869
0.1856
0.2689
0.3155
0.1539
0.3456
0.2052
0.2392
0.246
0.3181
0.5898
0.1904
0.4333
0.5074
0.1825
0.3799
0.2346
0.6897
0.1383
9.537e-05
0.0
0.0
0.0
0.0
0.01945
0.5203
0.1736
0.1625
0.8316
0.3754
0.1894
0.4395
0.9232
0.1671
0.3216
0.2213
0.8759
0.2171
0.7355
0.2361
0.2182
9.537e-05
0.1505
9.537e-05
0.0
0.0
0.0
9.537e-05
0.008202
0.2872
1.059
0.5562
0.3113
0.3174
0.0005722
0.001049
0.3967
0.3071
0.518
0.174
0.4112
0.2541
0.2048
0.293
0.2033
0.4639
0.4532
0.0005722
9.537e-05
0.0
9.537e-05
0.0
0.0124
0.1875
0.4059
0.1358
0.4936
0.1841
0.2842
0.1162
0.102
0.4295
0.1635
0.1263
0.1257
0.1738
0.2811
0.1841
0.1408
0.2457
0.3662
0.0002861
0.0
0.0
9.537e-05
0.0
0.007248
0.1694
0.4387
0.09604
0.1123
0.3944
0.1743
0.1143
0.1051
0.3063
0.194
0.1505
0.1463
0.4623
0.3757
0.5104
0.1348
0.6172
0.1856
0.132
0.1217
0.5432
0.01764
9.537e-05
0.007248
0.1474
0.3471
0.5722
0.8362
0.3403
0.3845
0.05589
0.115
0.1057
0.4585
0.1791
0.2586
0.1381
0.1125
0.5127
0.1312
1.091
1.62
1.956
1.947
2.048
2.032
2.173
2.371
2.469
2.411
2.255
2.368
2.362
2.335
2.112
2.179
2.078
2.264
2.097
2.191
2.496
7.922
4.321
5.56
5.725
9.082
6.061
6.982
4.315
4.962
3.162
1.535
0.4417
1.25
1.472
1.379
1.43
1.534
1.819
2.121
2.023
1.88
2.1
2.106
2.148
2.161
2.203
2.127
2.185
2.188
2.191
2.28
2.206
1.868
1.944
8.093
3.76
5.939
6.799
8.032
8.777
7.52
5.2
4.578
4.199
2.203
1.334
0.0
1.06
1.651
1.773
1.971
1.971
1.974
1.965
2.054
1.938
1.99
1.929
1.993
2.075
1.926
1.971
1.923
1.901
1.862
1.935
2.786
2.85
2.863
3.116
2.969
2.872
2.96
2.878
2.979
3.088
2.997
2.985
2.875
3.03
2.975
10.34
9.729
11.72
8.801
6.226
5.811
1.855
1.085
2.768
2.734
2.826
2.774
2.542
2.679
2.716
2.863
0.6149
2.24
2.844
2.887
2.957
2.905
7.812
10.39
9.241
8.667
6.25
5.792
3.412
1.233
1.718
2.808
2.664
2.625
2.89
2.814
2.872
2.792
2.679
2.557
2.53
2.554
2.744
2.719
3.006
2.792
7.214
10.96
10.45
9.583
7.08
6.689
3.589
1.208
1.993
2.917
2.954
3.012
3.027
3.006
3.058
2.896
3.229
2.841
2.902
2.759
2.994
3.0
2.863
7.056
8.948
9.18
8.362
7.056
5.06
4.254
1.21
1.825
2.676
2.789
2.762
3.058
2.988
3.217
3.009
3.076
2.942
2.936
2.57
2.856
3.116
3.04
4.041
9.399
6.689
9.412
7.288
5.865
5.365
2.2
0.2151
0.5394
1.262
1.755
3.448
1.137
0.3338
0.6195
1.08
1.421
2.795
2.625
1.083
0.1699
1.009
1.201
3.143
2.292
0.4387
0.01431
0.0411
1.372
1.834
1.779
2.039
1.764
1.929
1.862
1.73
1.627
1.901
1.608
1.424
1.935
1.794
1.877
1.92
1.913
2.075
2.075
2.164
2.271
2.011
6.018
6.116
5.53
4.681
9.143
6.311
6.824
5.029
4.651
2.478
1.105
1.218
1.743
1.724
1.773
2.066
1.907
2.008
1.907
1.99
2.094
2.283
2.554
2.441
2.383
2.243
2.203
2.203
2.081
2.081
2.148
2.023
5.756
5.682
3.351
6.372
6.653
7.581
5.109
5.701
4.559
4.559
1.346
0.7454
1.669
1.855
1.932
2.057
1.935
1.84
1.715
1.776
1.62
1.62
1.883
1.971
2.295
2.356
2.036
2.066
1.984
1.953
1.849
1.935
2.005
3.748
6.763
3.143
5.573
4.272
7.373
6.11
6.274
4.584
5.005
4.858
2.35
1.123
1.28
0.2815
0.2563
0.08945
0.08459
0.07257
0.246
0.1192
0.9003
0.7141
0.6218
1.091
1.509
0.2052
1.343
0.3803
0.8026
0.7828
0.1749
1.477
1.74
1.81
1.718
1.712
1.74
1.813
1.617
1.791
1.843
1.901
1.947
1.91
1.932
1.923
1.797
1.944
1.761
1.642
1.62
1.669
1.871
1.797
5.072
6.531
3.174
5.457
6.274
7.678
6.018
5.225
5.841
4.218
4.407
2.994
1.575
0.3189
0.6081
0.2205
0.1501
0.3265
0.02165
0.0001907
0.4944
0.5684
0.457
0.1644
0.2529
0.09651
0.09823
0.2686
0.1238
0.325
0.6294
0.3223
0.06361
0.1219
0.2659
0.1701
0.3216
0.3586
0.3666
0.5104
0.4173
0.2697
0.4303
0.2319
0.07658
0.09518
0.1129
0.296
0.338
0.2972
0.4295
0.2415
0.08621
0.1099
0.3078
0.3117
0.3399
0.4051
0.3426
0.259
0.2892
0.2964
0.2666
0.4288
0.2384
0.1253
0.1028
0.1167
0.3254
0.007343
0.0
0.0001907
0.0
0.0001907
0.0
0.0
0.0
9.537e-05
0.0
0.0
0.0
0.0
0.0
0.0
0.007248
0.7172
0.2853
0.148
0.1234
0.112
0.3056
1.135
0.3365
0.104
0.1291
