13.87
16.28
13.72
21.36
21.29
21.83
21.75
21.51
17.55
17.19
17.72
13.77
11.89
11.8
10.55
10.45
11.52
13.62
13.38
12.96
12.28
13.43
15.14
13.23
12.3
15.92
14.31
13.77
14.94
18.24
20.51
23.36
24.02
24.63
22.9
20.9
19.36
20.85
14.5
10.17
10.27
11.25
13.79
12.16
14.33
16.33
13.06
12.27
14.5
17.75
13.79
16.04
15.77
16.5
17.92
20.24
18.09
18.29
18.29
18.48
21.39
21.19
16.94
16.09
16.94
14.75
14.48
14.72
12.35
12.5
11.89
14.38
18.58
18.9
15.38
16.58
19.73
20.97
20.07
19.92
13.87
15.48
17.14
13.75
11.04
12.12
9.363
12.08
13.38
16.36
10.34
12.32
12.72
9.485
10.31
15.5
12.7
14.97
12.7
14.4
17.02
21.48
23.12
22.34
22.0
19.92
18.07
17.41
15.89
19.34
20.92
18.33
17.36
13.5
16.21
15.89
17.92
21.61
20.97
16.02
11.24
16.21
12.94
19.65
22.8
22.8
18.48
14.65
11.29
10.5
9.937
9.265
10.21
12.72
10.71
10.9
10.99
10.82
10.51
9.79
10.56
10.02
10.08
10.56
12.15
19.38
21.46
21.9
22.8
23.83
23.22
21.26
20.7
20.09
19.97
20.34
21.48
23.66
21.22
21.12
21.34
19.9
16.8
17.72
10.74
11.23
11.68
11.94
9.998
14.31
12.5
12.87
13.11
13.18
16.94
13.53
11.91
12.16
12.7
13.75
13.5
14.82
13.62
17.99
18.41
15.6
16.14
19.24
21.24
23.41
18.19
15.7
15.31
16.26
16.11
16.48
18.95
20.24
24.93
20.83
18.53
20.29
21.07
20.8
20.68
17.65
14.21
17.48
16.7
17.09
17.04
13.99
12.62
13.53
15.21
14.33
15.7
22.0
21.46
16.99
21.0
18.73
14.99
14.11
14.72
13.89
12.92
12.82
10.19
14.04
9.656
9.534
9.705
8.691
9.216
8.813
9.216
10.94
12.19
14.7
14.7
16.85
15.55
16.89
18.75
21.66
22.56
17.16
20.87
18.97
18.99
18.19
18.58
17.55
16.09
15.28
16.04
14.82
16.24
13.09
13.7
13.16
15.33
17.6
17.14
21.61
21.22
19.53
21.02
19.63
23.05
19.68
18.85
19.36
18.29
15.16
16.82
15.92
18.04
15.99
16.99
18.43
21.09
19.63
19.63
15.23
18.04
17.46
16.09
19.95
19.12
19.8
19.95
18.41
16.97
20.26
21.07
17.72
17.87
19.95
17.94
17.99
17.41
13.7
15.43
15.38
16.38
13.67
15.48
15.04
11.41
13.72
17.14
22.49
28.37
28.66
27.98
17.55
22.75
20.07
19.82
19.26
16.87
19.53
13.5
17.9
18.99
19.07
25.05
23.78
24.71
22.39
19.95
18.36
17.87
15.43
15.55
16.48
19.75
19.19
20.58
23.07
24.78
21.95
17.41
17.7
15.94
15.26
14.53
16.26
18.95
16.85
15.89
16.6
20.29
18.31
17.82
17.21
15.28
16.63
15.04
16.67
16.11
14.77
16.99
17.7
15.67
15.33
18.73
18.51
16.97
17.19
19.31
15.7
14.94
16.09
18.63
16.58
14.82
15.14
14.26
13.77
15.43
15.84
10.68
15.65
18.58
18.24
15.41
15.41
19.92
21.48
20.83
20.7
22.68
20.83
20.7
20.14
17.55
15.72
13.38
15.55
12.13
11.18
9.473
10.67
10.23
9.521
7.776
12.1
12.15
16.31
19.07
19.26
18.95
16.6
15.97
17.53
13.11
11.38
10.99
12.57
15.36
14.38
15.11
16.72
15.87
13.77
12.67
12.16
12.6
10.28
9.729
10.53
14.48
13.09
15.36
18.7
19.46
22.51
21.04
19.48
18.68
16.53
18.63
18.9
18.85
18.99
17.04
18.24
18.43
17.63
13.82
12.27
6.158
7.654
9.326
12.45
14.11
17.99
21.17
19.68
19.95
13.65
14.55
13.89
16.28
15.84
14.82
16.7
17.72
15.75
16.75
17.41
14.6
14.79
17.41
13.55
13.06
12.84
13.82
12.05
17.19
13.57
15.01
18.07
16.04
14.72
14.53
13.38
12.45
13.43
16.11
21.36
19.29
17.63
17.63
15.21
13.43
13.04
13.45
14.04
12.6
21.8
23.46
21.56
10.83
12.0
15.75
14.11
13.48
15.11
16.33
15.41
11.66
11.07
12.12
11.39
13.6
11.45
10.74
10.46
11.8
11.23
10.94
10.83
10.53
10.85
10.42
15.5
17.21
20.02
22.78
22.49
21.83
24.44
24.49
23.78
23.1
20.46
20.53
21.31
20.0
19.68
19.7
19.34
18.8
19.24
20.02
18.87
19.21
19.24
17.87
18.04
19.21
18.29
19.92
20.53
18.95
19.12
19.19
18.92
18.21
18.29
19.58
20.63
19.38
19.41
18.92
18.26
20.51
19.75
18.24
16.43
17.31
14.75
12.57
13.65
20.34
20.63
19.8
19.7
23.68
23.41
21.36
17.09
17.87
16.85
14.87
13.48
13.96
16.21
14.77
14.97
16.02
13.04
20.0
18.77
16.41
10.19
10.44
10.69
12.13
13.96
11.35
14.38
14.84
17.77
18.26
21.41
26.17
19.51
15.5
20.02
18.95
19.7
16.97
13.77
15.8
15.7
14.82
13.33
14.55
16.24
17.55
20.39
18.36
18.97
21.97
21.0
21.04
21.26
19.6
19.38
15.41
16.36
17.55
17.99
16.75
16.41
15.53
15.41
16.87
15.75
17.11
15.65
18.48
21.12
20.09
21.19
16.02
15.82
14.36
15.11
16.87
15.6
14.48
15.01
12.0
11.45
12.02
17.36
18.46
15.31
9.363
13.43
13.79
12.7
13.43
15.77
9.937
15.01
14.09
16.63
17.68
16.92
13.35
16.92
18.63
20.34
21.36
21.39
21.95
21.51
19.34
20.14
20.09
20.34
21.26
21.24
21.51
21.44
23.58
23.44
16.28
15.45
14.45
15.43
17.02
17.92
20.43
18.99
21.61
21.0
19.92
20.53
19.14
15.89
15.82
14.21
13.62
12.77
13.21
12.1
13.75
10.39
14.45
13.01
14.31
12.43
9.912
13.13
13.26
15.26
15.31
16.87
21.68
20.85
19.04
18.68
18.24
19.36
18.7
20.48
18.46
17.16
18.99
18.46
15.75
16.48
15.48
12.57
12.33
6.433
8.215
11.39
13.13
15.8
17.7
18.68
18.33
16.77
15.23
14.16
13.55
17.82
19.56
21.07
19.6
20.41
20.68
19.38
18.75
20.04
20.87
18.02
15.31
14.09
15.77
16.97
17.02
18.04
15.26
16.77
19.97
18.31
19.31
16.48
18.85
16.94
16.89
20.7
19.43
18.07
17.82
22.63
29.05
14.89
15.21
14.72
11.43
11.27
14.16
17.75
19.07
19.51
18.82
16.63
15.87
21.39
18.31
14.36
10.79
9.937
8.167
8.887
11.98
9.57
8.801
8.972
11.93
8.911
9.802
8.667
10.83
11.3
12.38
16.11
14.75
19.36
19.92
20.92
22.95
22.56
21.51
19.6
20.02
18.48
19.58
21.63
21.61
21.02
16.19
13.31
12.39
18.21
