0.02346
0.0247
0.02213
0.02604
0.02346
0.02604
0.02346
0.02604
0.02346
0.02737
0.02213
0.02604
0.02213
0.02604
0.02346
0.02604
0.02346
0.02604
0.02346
0.0247
0.02213
0.02604
0.02346
0.02604
0.02346
0.02604
0.02213
0.0247
0.02346
0.02737
0.02346
0.02604
0.02346
10.64
22.19
21.51
19.85
19.56
21.24
22.0
21.61
20.02
19.24
21.88
20.65
8.24
21.0
20.04
20.34
18.9
17.75
17.33
18.12
18.19
16.46
16.72
20.24
21.7
7.324
22.56
20.07
19.46
20.19
21.92
20.68
18.21
16.28
15.89
17.58
19.29
15.82
3.528
0.2201
13.79
12.82
15.99
15.5
15.92
16.31
16.33
12.65
12.0
19.87
18.87
17.55
16.33
17.65
18.43
19.24
16.89
17.04
18.04
18.43
11.78
18.63
20.21
19.8
18.26
18.26
18.41
20.97
16.63
16.75
19.21
17.75
13.62
14.53
16.5
20.41
19.07
10.84
17.53
20.68
19.9
19.82
19.63
19.51
19.68
18.02
18.31
20.46
21.24
14.58
15.26
15.89
15.53
15.14
16.19
14.87
15.48
17.87
19.09
19.53
6.433
11.4
19.29
18.9
20.0
19.17
18.12
19.14
19.65
16.77
15.75
18.21
17.41
14.33
15.33
15.23
16.63
15.97
15.84
13.21
16.99
15.41
16.55
18.6
19.19
10.36
18.38
20.63
21.31
22.34
23.44
23.51
21.66
16.94
16.72
17.72
17.09
15.19
16.46
17.24
18.58
12.89
13.96
2.808
10.28
5.615
10.52
10.52
18.77
20.85
21.56
10.99
0.6302
0.2201
0.02737
0.02346
0.02604
0.02346
0.02737
0.02346
1.469
13.4
11.18
12.89
14.11
14.4
0.2136
0.1211
0.03128
0.0247
0.02861
0.0247
0.02737
0.0247
0.02604
0.02604
0.02737
0.02604
0.02861
0.02604
0.02737
0.02604
0.02861
0.02604
0.02861
0.02604
0.02737
0.02604
0.02737
0.02604
10.71
0.1848
0.1289
0.02995
0.02861
0.0247
0.02861
0.0247
0.02737
0.0247
0.02737
0.0247
0.02737
0.0247
0.02737
0.0247
0.02604
0.0247
0.02861
0.0247
0.02737
0.0247
0.02604
0.02604
0.02604
0.0247
0.02737
0.0247
16.8
18.24
17.31
18.38
6.848
0.5119
0.1225
0.02213
0.0247
0.02213
0.0247
0.0247
0.02604
0.0247
0.0247
0.0247
0.0247
0.02213
0.02604
0.02213
0.02604
0.02213
0.0247
0.02213
0.0247
0.02079
0.0247
0.02213
0.02346
0.02213
0.02346
0.02213
0.02604
0.02079
0.0247
0.02213
0.0247
0.02079
11.66
35.5
26.51
1.102
0.4105
0.05074
0.02604
0.02213
0.02604
0.02213
0.02213
0.02737
0.02604
0.02346
0.02604
0.02346
0.02346
0.02213
0.02375
0.02575
0.0247
0.02346
0.0247
0.02346
0.02737
0.02346
0.02604
0.02346
0.02346
0.02346
0.0247
0.02213
0.0247
0.02346
0.0247
0.0247
0.0247
0.02213
0.0247
0.02213
0.02604
0.02346
0.0247
0.02213
0.0247
0.02213
0.0247
0.02213
0.02604
0.02346
0.02737
0.02346
0.02604
0.0247
0.02604
0.02213
0.0247
0.02737
0.02737
0.0247
0.02737
0.02604
0.02737
0.0247
0.0247
0.02213
0.0247
0.02346
0.02737
0.02346
0.02604
0.02213
0.0247
0.02346
4.224
9.534
22.97
23.61
24.66
24.71
23.83
27.88
31.88
31.45
33.25
30.91
30.03
36.38
38.87
37.5
34.67
32.23
31.4
35.01
25.54
25.83
26.37
36.62
41.16
36.47
35.69
32.42
24.56
39.89
35.99
38.13
26.51
2.066
34.23
38.82
39.16
39.01
38.77
38.77
38.77
38.87
39.4
38.48
40.33
39.16
38.43
38.53
31.4
31.49
39.4
37.21
37.94
32.42
34.42
31.1
17.97
38.67
38.57
38.92
38.09
38.57
38.57
38.62
38.28
38.33
38.28
39.11
39.7
39.99
38.82
27.39
38.92
39.7
39.21
33.79
29.88
29.59
24.44
20.95
37.74
37.74
37.45
38.09
38.13
38.04
37.5
39.5
39.75
39.5
35.94
33.64
33.94
33.74
34.62
18.7
17.14
16.99
21.44
24.29
27.1
30.03
31.93
35.94
25.24
26.07
36.87
38.33
38.04
38.53
38.48
37.45
37.4
38.13
38.53
38.48
38.48
39.84
40.48
39.45
28.12
40.82
41.41
41.21
33.59
34.08
30.57
11.98
39.5
40.33
40.33
40.19
39.94
40.19
40.19
39.94
39.45
40.04
38.23
37.01
36.82
38.38
29.25
38.38
38.92
37.74
33.35
33.45
33.45
12.27
33.69
38.48
38.96
39.6
39.89
39.31
39.26
39.21
39.16
39.06
38.57
35.74
34.03
32.28
30.62
25.93
15.75
20.56
22.75
23.9
25.44
26.22
28.27
29.74
29.25
21.02
16.31
24.17
25.0
27.1
27.54
27.93
28.03
28.86
30.66
31.69
31.69
30.27
29.69
30.08
30.57
37.26
39.5
39.36
39.16
27.98
41.06
41.11
39.11
33.74
33.5
27.64
35.06
34.86
16.48
38.48
33.5
37.45
19.07
38.53
32.96
33.84
22.44
37.94
37.84
35.16
34.77
21.48
37.84
33.35
35.01
21.29
38.48
32.52
30.42
25.78
37.99
32.86
25.44
30.81
37.3
33.45
22.34
0.7477
8.179
39.55
33.69
32.57
31.88
34.62
11.29
37.3
33.15
37.74
8.13
32.32
38.04
37.55
38.28
38.13
38.38
37.94
38.53
38.96
38.72
37.89
35.21
33.01
30.57
28.08
26.9
19.6
19.21
25.83
36.28
35.11
31.45
27.44
25.49
27.59
11.49
22.71
22.9
29.0
33.45
30.86
28.37
34.52
36.57
36.43
37.16
37.74
37.06
37.45
37.94
37.89
37.45
37.35
25.73
39.11
39.06
38.38
34.62
33.3
31.54
16.72
31.05
36.43
36.28
36.47
36.96
37.06
37.5
34.47
30.81
26.17
20.31
21.29
21.53
19.97
20.48
20.83
20.19
21.19
22.09
22.92
20.53
17.21
17.94
17.92
17.75
16.16
16.5
17.33
20.26
20.9
20.14
19.07
21.17
25.93
12.89
37.11
21.14
18.43
16.19
17.11
16.21
19.29
19.43
19.85
13.09
16.85
14.21
18.73
26.17
33.94
34.13
22.0
29.3
31.54
35.25
21.73
15.5
29.05
35.21
21.58
22.29
19.46
20.78
24.22
21.73
22.78
22.0
22.39
21.63
22.14
12.55
37.79
38.57
37.3
36.13
35.45
35.69
36.13
36.18
36.18
37.55
38.62
38.77
38.72
38.18
38.04
28.61
36.82
39.01
39.21
37.65
33.98
33.74
23.58
23.71
32.71
35.3
23.54
33.98
31.4
18.63
28.08
33.74
19.29
27.44
38.43
38.62
38.53
38.57
38.57
38.13
36.33
37.55
37.89
38.33
38.92
38.77
38.53
38.23
33.54
31.35
40.43
39.75
36.57
32.13
33.94
31.05
0.7111
0.7317
5.786
4.437
11.15
21.97
17.99
17.77
21.97
34.77
34.86
26.76
36.77
19.48
26.51
36.38
23.54
14.23
14.4
0.5569
0.1093
0.02861
0.02346
0.02346
0.02346
0.02861
0.02346
0.02861
0.02346
0.02861
0.02604
0.02604
0.02346
0.02604
0.02346
0.02604
0.02604
0.02861
0.02346
0.02861
0.02346
0.02604
0.02604
0.5859
19.14
19.24
29.64
33.89
20.97
18.51
