0.0
0.0
0.0
0.0
0.0
0.0
0.0
0.0
0.0
0.0
0.0
0.0
0.0
0.0002861
0.0
0.0
0.0
9.537e-05
0.0
0.0
0.0
0.0
0.0
0.0
9.537e-05
0.0
9.537e-05
0.0
0.0
0.0
0.0
0.0
0.009251
0.07305
2.124
2.194
2.069
1.947
1.953
2.933
5.469
3.174
1.852
0.1657
1.694
2.167
2.292
2.286
2.222
3.436
5.737
3.986
1.245
0.1497
0.1648
0.1411
0.1421
0.1829
1.743
2.155
2.209
2.066
2.118
4.022
4.572
3.174
0.7568
0.972
1.807
2.097
2.142
2.136
4.626
3.583
3.204
0.6721
0.5188
0.2876
0.2022
0.1455
0.3536
0.1402
0.1305
0.3937
0.08163
0.07753
0.1831
0.185
0.1257
1.364
1.709
1.959
1.837
1.788
1.941
5.432
3.11
2.298
0.972
0.2735
0.09356
0.08049
0.2209
0.1568
1.073
1.944
1.953
1.871
1.736
2.228
5.524
3.583
1.265
0.3166
1.764
2.188
2.182
2.267
2.594
5.591
2.96
1.302
0.7469
0.08802
0.1263
0.1278
0.3414
0.5943
0.396
0.6149
0.5615
0.5898
0.7507
0.4761
0.7103
0.2075
0.1471
0.3117
0.1081
0.7324
1.831
2.081
2.118
2.048
3.412
4.492
2.313
0.9979
0.2907
0.1369
0.1577
0.264
0.4646
0.4097
0.5531
0.3513
0.5371
0.3674
0.6073
1.529
1.706
1.782
1.549
1.553
4.968
2.481
2.771
1.003
0.7347
0.3937
0.4066
0.3765
0.3544
0.3391
0.4395
0.2247
0.1171
0.09222
0.3323
0.3151
0.07391
0.1135
0.2903
0.06819
0.0002861
0.0
0.0
0.008297
0.3437
0.1928
0.2964
0.194
0.2151
0.3044
0.2647
0.2293
0.3414
0.3407
0.2983
0.09508
0.1055
0.2815
0.1122
0.2098
0.285
0.2075
0.0
0.0
0.0
0.0
0.0
0.008106
0.3605
0.473
0.1806
0.1503
0.2407
0.1474
0.4753
0.141
0.2838
0.2575
0.2384
0.3258
0.2998
0.1062
0.08888
0.2808
0.09995
0.1509
0.0
0.0
0.0
9.537e-05
0.0
0.01097
0.2426
0.6615
0.2819
0.631
0.2003
0.304
0.2953
0.1501
0.3036
0.6439
0.544
0.1198
0.293
0.1871
0.6638
0.6348
0.3914
0.1661
0.2777
0.001144
9.537e-05
0.0
0.0
0.008965
0.4265
0.1562
0.4707
0.1591
0.1095
0.272
0.1493
0.6386
0.7645
0.544
0.296
0.779
0.1532
0.1518
0.1808
0.2029
0.2083
0.08554
9.537e-05
0.0
0.0
0.0
0.0
0.005341
0.2357
0.2419
0.0001907
0.2407
0.4608
0.1472
0.2651
0.09012
0.7553
0.5516
0.4257
0.185
0.4295
0.3258
0.3284
0.1457
0.3117
0.08469
0.0007629
9.537e-05
0.0
0.0
0.0
0.04549
0.473
0.178
0.1011
0.2045
0.1745
0.141
0.1829
0.3044
0.1385
0.1514
0.124
0.1297
0.3513
0.1331
0.1358
0.2209
0.354
0.3731
0.0
0.0
0.0
0.0
0.0
0.004578
0.2605
0.1492
0.3716
0.415
0.3521
0.4532
0.03443
0.1099
0.3105
0.1953
0.4181
0.1612
0.5051
0.1564
0.1764
0.08726
0.5096
0.2136
0.1225
0.1497
0.3876
0.001049
9.537e-05
0.006676
0.2411
0.3647
0.6889
0.6859
0.7042
0.2407
0.227
0.1513
0.3273
0.4021
0.2651
0.206
0.2617
0.2056
0.1135
0.08163
0.1152
0.2949
0.09861
0.4013
0.04368
0.09766
0.2388
0.2232
0.2285
1.241
1.636
1.5
1.553
1.387
1.123
1.305
1.559
1.59
1.791
1.669
1.688
1.981
1.95
2.084
1.923
1.956
1.682
2.02
2.051
1.562
1.401
3.986
4.144
4.675
5.365
7.227
7.141
8.362
8.191
4.156
5.841
3.741
3.558
3.308
2.765
2.17
1.648
0.7408
0.8835
0.9521
1.013
1.082
0.914
0.9811
0.9262
1.028
1.157
1.227
1.176
1.303
0.8652
0.8362
0.9537
0.9338
1.118
1.105
1.117
1.039
0.8911
0.824
0.7874
0.9232
0.8179
0.8957
0.8286
0.9491
0.8987
0.9644
1.051
0.9628
0.9201
0.7637
0.9247
1.009
0.9628
2.676
3.76
5.469
7.129
5.023
7.776
0.0
5.707
7.605
6.146
5.865
4.547
5.188
2.808
2.069
0.8804
0.827
0.8316
0.7317
0.798
0.8331
0.9598
0.9018
0.9598
1.024
0.8972
0.8575
0.8102
0.8652
0.8667
0.8392
0.853
0.9644
1.082
1.042
1.247
1.181
1.038
0.8835
0.8743
0.7454
0.8179
0.8743
0.885
0.8926
0.7935
0.8514
1.047
0.9064
0.8835
0.6943
0.6653
0.6477
1.276
2.545
1.43
2.536
4.706
4.785
5.853
6.702
5.475
5.353
6.86
5.89
5.682
4.871
5.566
4.315
3.265
3.894
2.237
1.654
0.346
0.882
0.8591
0.9338
0.8835
1.07
0.8545
1.218
1.018
1.25
0.9018
1.025
1.028
0.9506
1.018
0.9705
1.003
1.192
1.12
1.068
1.027
1.114
1.167
1.105
1.23
1.118
1.27
1.286
1.41
1.312
1.25
1.242
5.048
6.335
7.092
8.997
4.858
8.826
9.302
5.121
7.019
5.286
3.729
3.558
1.462
0.5569
0.7271
0.8606
0.8591
1.27
4.785
3.973
2.075
0.9079
0.8347
1.556
1.605
1.797
1.712
1.697
1.472
1.483
1.599
1.657
1.527
1.602
1.28
1.556
1.712
1.837
1.694
1.663
1.384
2.118
1.959
4.633
7.104
10.01
11.05
11.44
8.459
8.594
5.774
4.163
1.718
0.9186
1.575
2.252
2.148
2.057
1.669
1.321
1.199
0.9216
0.9293
0.885
0.9613
0.9384
0.8957
0.9125
1.23
1.241
1.053
1.07
1.018
1.262
1.122
1.427
1.602
1.448
1.318
1.463
2.228
5.023
6.885
10.19
11.56
9.839
7.837
8.154
6.274
4.425
1.489
1.024
2.206
2.164
2.118
1.889
2.304
2.176
2.325
1.776
1.547
2.023
2.249
2.036
1.685
1.382
1.283
1.143
0.9796
0.9277
1.012
0.9476
1.028
0.9003
1.376
1.648
4.095
6.299
8.63
10.17
9.265
10.13
7.568
5.67
4.218
2.71
1.031
0.0001907
0.4639
1.196
1.387
0.186
1.74
0.2712
0.1188
0.1537
0.3487
1.251
0.4211
1.239
0.2621
0.1163
0.128
0.3048
0.3246
0.1972
0.1301
0.3662
0.4982
1.128
1.587
0.8667
0.1516
2.17
2.417
2.206
2.505
2.405
2.396
2.267
2.084
1.947
1.84
1.825
1.889
2.277
2.155
2.139
2.505
2.411
2.353
3.931
7.861
8.484
11.08
9.717
6.836
8.179
5.67
5.554
2.905
0.7515
0.4601
0.359
0.9796
0.8667
0.4425
1.109
0.6584
0.2209
0.1436
0.2979
0.4196
0.4227
0.708
0.3288
0.07992
0.1358
0.2796
0.5035
0.2808
0.1688
0.2678
0.1822
0.6157
0.4295
0.1417
0.2377
0.1713
0.3174
0.3773
0.5028
2.161
1.987
1.938
1.996
2.203
2.405
2.136
2.109
2.081
2.341
2.267
2.365
2.267
2.094
1.892
2.371
2.509
2.481
4.517
7.532
9.766
10.21
8.606
8.643
8.63
5.603
3.955
2.67
1.137
0.4097
0.4448
0.5501
0.0001907
0.0002861
0.0
0.0
0.0
0.0
0.0
0.0002861
0.0
0.0
0.0001907
0.0
0.0
0.0
9.537e-05
0.0
0.0
0.0
0.0
0.7431
0.8347
0.9918
0.7362
0.7362
0.8743
0.3506
0.5974
0.5493
0.5127
0.5074
