19.14
16.65
19.09
16.75
20.51
16.5
19.82
16.87
19.56
17.43
20.39
16.75
20.02
18.65
18.41
15.06
17.11
14.67
23.71
16.75
15.92
22.05
18.6
15.67
25.29
15.28
16.99
18.04
14.31
22.73
16.8
13.72
17.94
16.19
14.55
19.95
14.16
14.26
17.68
14.87
14.09
16.63
17.82
21.97
24.58
17.85
17.09
13.04
17.07
12.87
14.97
16.55
13.21
16.99
13.87
16.04
14.01
13.23
16.97
13.65
16.55
14.11
13.13
16.55
14.31
18.29
16.72
21.12
17.97
22.14
16.63
13.96
16.7
15.65
23.05
15.28
14.38
14.09
17.5
14.84
17.92
14.11
17.24
14.06
17.11
15.16
18.36
17.8
24.66
17.46
17.19
14.14
19.02
16.26
13.04
15.84
13.43
16.6
13.75
18.16
14.72
17.53
14.4
13.55
19.17
17.02
15.14
26.42
17.65
16.28
19.24
17.85
19.07
14.33
17.48
16.19
18.58
15.72
17.97
15.8
21.46
17.16
17.53
20.75
15.7
16.38
18.02
18.12
12.65
11.84
15.16
12.82
16.72
15.77
18.43
16.26
26.27
18.36
20.73
15.04
12.34
18.9
13.04
15.26
13.28
12.15
15.36
13.75
12.08
15.21
16.36
21.19
13.99
12.7
16.87
12.44
12.46
15.8
13.57
16.72
13.94
18.14
17.31
17.5
16.14
15.97
16.06
15.58
15.7
12.94
15.43
16.8
13.5
15.99
13.35
15.92
13.45
16.26
15.19
19.53
17.07
20.21
18.53
21.36
18.87
16.82
21.29
17.31
20.97
18.7
22.24
19.95
21.7
21.41
24.0
19.04
21.83
19.24
21.51
19.7
22.53
20.46
21.53
19.26
21.85
21.44
22.44
19.29
24.46
19.34
22.31
21.73
24.02
22.07
22.46
20.34
22.92
20.09
21.95
19.7
23.63
20.48
24.46
21.97
24.44
21.58
24.32
21.63
24.15
21.34
25.93
23.27
25.05
23.71
25.68
24.63
26.81
21.58
22.68
20.02
21.46
19.07
21.7
18.9
20.97
18.82
22.58
19.73
23.05
20.53
24.24
20.17
22.58
20.53
26.32
23.58
25.49
21.9
25.73
23.27
24.02
20.9
22.9
18.95
21.85
19.51
23.9
22.17
22.71
19.9
23.44
22.02
22.44
19.38
23.02
18.77
21.92
19.63
21.36
21.41
22.63
20.46
23.66
19.7
20.8
20.0
24.19
19.56
22.05
19.56
23.54
20.53
23.54
22.49
25.44
21.95
24.29
21.85
22.27
19.02
21.56
19.14
22.34
19.95
24.83
25.63
28.22
27.93
28.37
24.15
24.24
21.73
24.98
23.93
27.88
24.12
24.24
21.95
24.37
23.14
26.81
25.34
25.63
20.73
27.98
25.44
31.1
24.73
25.15
19.51
21.63
20.43
22.83
19.36
23.05
20.31
22.9
20.75
22.9
20.8
25.44
22.24
22.85
20.02
22.41
20.8
23.32
22.63
26.37
22.36
27.44
23.85
24.71
23.46
26.42
23.54
25.44
21.88
23.29
20.46
22.73
20.53
22.51
20.9
22.41
19.02
22.41
17.77
19.19
16.77
19.48
17.77
19.8
19.6
23.88
16.04
19.24
17.02
19.8
17.04
20.0
17.68
15.72
20.12
23.41
18.21
24.51
20.48
21.95
18.73
22.02
22.92
22.8
18.8
20.19
19.43
21.41
19.6
20.29
19.21
22.14
20.73
22.19
20.17
21.26
20.51
21.61
20.39
22.29
21.29
23.14
22.41
24.85
22.41
21.85
19.38
22.68
22.66
24.76
22.41
24.32
24.12
20.51
17.63
19.29
17.9
19.87
20.21
23.9
22.27
22.02
19.24
20.17
19.04
23.75
18.58
21.46
19.41
22.88
24.34
25.68
22.24
21.44
19.8
21.39
20.85
21.26
19.97
21.46
20.65
21.39
19.38
21.34
21.09
21.92
20.14
23.93
22.95
21.8
20.73
19.75
18.9
20.41
21.39
20.46
19.14
0.0
0.0
0.2285
0.2117
0.8881
1.057
0.9766
1.993
10.42
27.69
37.21
26.71
28.32
26.51
27.39
29.83
27.49
32.62
26.22
31.05
29.35
31.1
31.64
29.39
28.52
29.3
27.78
29.79
27.49
29.3
25.78
28.03
28.96
30.18
27.93
29.39
26.71
27.44
29.79
31.25
29.2
28.81
27.78
28.32
29.2
30.71
31.54
34.28
30.32
34.38
32.28
33.25
28.42
32.91
29.3
31.64
28.76
36.04
32.86
31.84
25.1
28.17
22.63
26.76
22.44
24.66
22.19
25.88
21.9
23.83
20.46
26.51
24.22
24.83
22.71
25.63
21.53
25.59
22.05
25.05
21.97
27.2
22.27
25.39
21.44
24.88
21.44
25.49
21.39
24.61
21.95
25.44
22.09
26.46
20.46
24.0
20.53
26.51
25.29
28.03
23.44
25.98
23.44
27.49
24.49
26.71
24.34
27.1
23.51
27.44
23.68
26.17
23.19
25.73
23.29
26.61
23.95
25.83
23.19
26.46
24.41
29.35
25.98
26.27
24.54
31.4
23.75
26.95
25.44
27.93
26.22
31.15
27.2
29.1
25.98
30.03
29.15
28.22
27.05
30.91
27.34
27.29
23.9
29.25
25.34
27.73
23.95
25.15
19.73
23.95
19.26
23.61
20.07
24.37
19.07
22.31
19.46
21.9
19.65
21.75
18.36
21.83
18.95
21.12
18.26
20.02
20.09
21.56
17.9
20.34
17.24
20.43
19.17
22.95
19.6
22.07
18.33
20.34
17.31
20.85
17.14
20.0
16.75
20.58
16.38
19.34
17.07
19.87
19.17
22.88
18.16
22.05
18.29
21.24
20.68
21.22
16.8
19.53
16.67
20.02
19.02
23.19
19.31
24.58
22.75
27.0
23.46
27.59
24.19
26.51
23.68
28.42
24.73
25.98
24.1
30.71
24.0
26.81
22.51
25.88
20.63
25.05
22.36
25.2
21.51
24.58
21.66
25.39
21.46
24.68
21.97
25.54
22.02
27.98
25.59
28.76
25.73
29.05
25.39
28.66
26.42
28.66
25.68
29.39
26.9
29.93
26.66
29.59
26.42
29.44
25.83
29.15
25.88
29.0
25.98
30.03
25.34
28.61
24.85
28.12
24.1
25.39
22.71
26.17
22.97
26.86
23.05
26.03
22.8
25.93
23.41
26.95
22.58
25.73
22.88
25.73
22.83
26.37
24.61
27.54
26.37
27.25
25.73
26.86
23.05
25.88
23.44
26.37
24.95
26.76
23.39
26.27
23.1
25.88
20.19
24.34
22.71
26.27
23.9
26.71
23.85
26.71
24.22
28.56
26.42
29.88
27.83
30.18
28.22
32.03
28.42
30.62
28.66
28.17
22.95
22.44
20.58
22.71
18.82
22.46
19.97
21.8
18.26
25.49
19.85
22.0
20.31
23.88
23.88
23.0
18.14
20.07
17.65
20.68
17.24
19.95
17.77
28.12
20.26
17.26
22.8
26.71
25.68
26.51
21.22
23.73
21.24
24.44
21.29
25.15
22.02
24.0
21.24
23.56
22.31
25.88
24.1
26.66
22.8
25.34
22.66
25.24
22.75
25.54
22.44
28.08
22.58
25.39
22.44
25.44
22.85
25.63
23.05
26.17
23.46
25.39
22.41
26.51
24.98
27.39
22.8
24.73
21.22
25.2
17.24
24.17
20.63
27.83
23.36
26.66
22.8
25.49
22.83
27.05
23.32
25.73
23.36
26.42
21.85
26.51
21.41
24.37
21.22
24.29
21.48
22.61
20.19
23.17
19.8
24.19
22.12
23.36
20.92
23.54
20.12
23.85
20.48
