11.91
10.88
10.88
10.89
10.89
10.89
10.89
10.89
10.89
10.89
10.89
10.89
10.89
10.89
10.89
10.89
10.89
10.89
10.89
10.89
10.89
10.89
10.89
10.89
10.89
10.89
10.89
10.89
10.89
10.89
10.89
10.89
10.89
12.38
13.35
12.94
20.85
26.07
16.41
11.17
10.88
10.89
10.89
11.19
13.06
13.18
12.99
16.87
26.03
19.53
13.28
13.31
17.11
26.12
19.48
13.09
13.55
13.06
13.04
21.46
29.54
30.57
31.4
31.3
31.49
28.91
28.03
25.39
25.34
23.51
28.08
41.5
43.07
43.07
43.16
43.16
43.16
43.16
43.16
43.16
43.16
43.16
43.16
43.16
43.16
43.16
43.16
43.12
43.16
43.16
43.16
43.21
43.16
42.97
42.97
43.02
43.02
43.02
43.02
43.02
43.02
43.07
43.02
43.02
43.02
41.11
20.65
15.8
17.26
19.07
19.09
18.58
19.82
15.82
12.37
13.96
28.71
30.03
31.25
31.4
31.59
29.05
27.78
25.24
25.15
17.48
33.25
40.92
42.97
43.07
42.92
42.77
42.77
42.77
42.77
42.77
42.72
42.77
42.77
42.77
42.77
42.82
43.07
42.92
42.92
42.97
42.97
42.97
42.92
42.97
42.97
43.02
43.02
43.02
43.02
43.02
43.02
43.02
43.02
43.02
42.14
28.81
15.75
16.67
18.8
18.8
18.09
18.85
18.33
12.48
12.7
24.88
29.35
30.91
31.3
31.25
29.74
27.69
24.61
24.51
19.46
31.3
41.26
42.97
43.12
43.16
43.16
43.16
43.16
43.16
43.16
43.16
43.16
43.16
43.16
43.16
43.16
43.12
43.16
43.16
43.16
43.21
43.16
43.16
43.16
43.21
43.21
43.21
43.21
43.21
43.21
43.21
43.26
43.21
43.21
43.21
42.19
34.28
15.7
16.36
17.92
18.75
18.55
19.14
18.87
13.13
12.52
21.83
29.35
30.47
31.35
31.3
31.45
29.35
27.39
24.73
24.76
19.63
26.95
39.75
42.38
43.12
43.16
43.21
43.16
43.16
43.16
43.16
43.16
43.16
43.16
43.16
43.16
43.16
43.16
43.16
43.12
43.16
43.16
43.16
43.21
43.21
43.16
43.16
43.21
43.21
43.21
43.21
43.21
43.21
43.26
43.26
43.21
43.26
42.87
39.75
17.58
15.7
17.7
18.51
18.87
18.21
19.07
16.38
12.35
11.25
10.89
10.88
10.89
10.89
10.89
10.89
10.89
10.89
10.89
10.89
10.89
10.89
10.89
10.89
10.89
10.89
10.89
10.89
10.89
10.89
10.89
10.89
10.89
10.89
10.89
10.89
10.89
10.89
10.89
10.89
10.89
10.89
10.89
10.89
10.89
10.89
10.89
10.89
10.89
10.89
10.89
10.89
10.89
10.89
10.89
10.89
10.89
10.89
10.89
10.89
10.89
10.89
10.89
10.89
10.89
10.89
10.89
10.89
10.89
10.89
10.89
10.89
10.89
10.89
10.89
10.89
10.89
10.89
10.89
10.89
10.89
10.89
10.89
10.89
10.89
10.89
10.89
10.89
10.89
10.89
10.89
10.89
10.89
10.89
10.89
10.89
10.89
10.89
10.89
10.89
10.89
10.89
10.89
10.89
10.89
10.89
10.89
10.89
10.89
10.89
10.89
10.89
10.89
10.89
10.89
10.89
10.89
10.89
10.89
10.89
10.89
10.89
10.89
10.89
10.89
10.89
10.89
10.89
10.89
10.89
10.89
10.89
10.89
10.89
10.89
10.89
10.89
10.89
10.89
10.89
10.89
10.89
10.89
10.89
10.89
10.89
10.89
10.89
10.89
10.89
10.89
10.89
10.89
10.89
10.89
11.24
16.06
40.04
43.07
43.07
43.12
43.21
43.21
43.16
43.12
43.12
43.16
43.16
43.16
43.16
43.12
43.16
43.16
43.16
43.16
43.16
43.16
43.07
43.16
43.12
43.16
43.16
43.21
43.21
43.21
43.21
43.21
43.21
43.26
43.26
43.26
43.31
40.38
16.58
19.38
21.53
21.34
13.87
11.51
10.88
10.89
11.28
17.26
39.79
43.07
43.12
43.16
43.21
43.21
43.16
43.16
43.12
43.07
42.97
42.97
42.97
42.92
42.97
42.97
42.97
42.97
42.97
43.12
43.12
43.16
43.12
43.16
43.16
43.21
43.21
43.21
43.21
43.21
43.26
43.26
43.26
43.26
43.16
42.53
19.78
16.55
19.14
21.07
20.04
13.67
11.44
12.49
31.35
42.72
43.07
43.12
43.16
43.21
43.16
43.16
43.12
43.12
43.16
43.16
43.16
43.16
43.12
43.16
43.16
43.16
43.16
43.16
43.12
43.12
43.12
43.16
43.16
43.16
43.21
43.21
43.21
43.21
43.21
43.26
43.26
43.26
43.26
43.31
35.11
15.77
19.31
23.39
19.29
13.18
11.52
16.19
39.7
43.07
43.12
43.16
43.21
43.21
43.16
43.16
43.12
43.16
43.16
43.16
43.16
43.12
43.16
42.97
42.97
42.97
42.97
42.97
43.07
42.92
42.92
42.92
43.02
42.97
43.02
43.02
43.02
43.02
43.02
43.02
43.07
43.07
43.12
42.97
42.92
28.47
18.95
19.24
21.46
16.16
12.89
11.16
10.88
10.89
10.89
10.89
10.89
10.89
10.89
10.89
10.89
10.89
10.89
10.89
10.89
10.89
10.89
10.89
10.89
10.56
10.89
10.89
10.89
10.89
10.89
10.89
10.89
12.46
35.94
42.92
43.07
43.12
43.21
43.21
43.21
43.16
43.16
43.12
43.16
43.16
43.16
43.12
43.16
43.16
43.16
43.16
43.16
43.16
43.12
43.16
43.12
43.21
43.16
43.21
43.21
43.21
43.21
43.21
43.26
43.21
43.31
43.26
43.31
40.28
19.36
18.53
20.19
18.92
11.07
11.93
29.2
42.87
43.07
43.12
43.21
43.21
43.16
43.16
43.12
43.16
43.16
43.16
43.16
43.12
43.16
43.16
43.16
43.16
43.16
43.16
43.12
43.16
43.12
43.12
43.21
43.16
43.21
43.21
43.21
43.21
43.21
43.26
43.26
43.31
43.26
43.16
23.85
19.24
21.56
22.88
13.5
11.13
10.89
13.84
37.55
43.07
43.07
43.16
43.21
43.21
43.16
43.16
43.12
43.16
43.16
43.16
43.12
43.12
43.16
43.16
43.16
43.16
43.16
43.07
43.16
43.12
43.16
43.16
43.21
43.21
43.21
43.21
43.21
43.21
43.26
43.26
43.26
43.31
39.11
16.16
19.97
22.17
18.24
13.13
11.15
13.45
36.82
43.07
43.07
43.12
43.21
43.21
43.21
43.16
43.16
43.16
43.16
43.16
43.16
43.16
43.12
43.16
43.16
43.16
43.16
43.16
43.16
43.16
43.07
43.16
43.12
43.12
43.21
43.16
43.21
43.21
43.21
43.21
43.21
43.21
43.26
43.31
43.26
43.31
40.43
19.26
19.78
21.12
15.55
13.09
11.01
10.88
11.12
15.04
39.36
43.07
43.07
43.12
43.16
43.16
43.16
43.02
42.92
42.92
42.97
42.97
42.92
42.92
42.92
42.97
42.97
42.97
42.97
43.07
43.07
