0.02346
0.02861
0.02346
0.02861
0.02604
0.02861
0.02604
0.02861
0.02346
0.02861
0.02604
0.02861
0.02604
0.02861
0.02604
0.02861
0.02604
0.02861
0.02604
0.02861
0.02346
0.02861
0.02604
0.02861
0.02604
0.02861
0.02346
0.02861
0.02346
0.02861
0.02346
0.02861
0.02604
9.18
36.77
37.55
37.01
37.06
28.91
34.08
27.0
17.16
22.12
35.35
36.38
36.38
37.01
33.11
32.08
20.0
13.09
19.65
36.72
35.94
36.23
35.74
33.11
34.28
25.05
32.23
30.13
10.41
31.88
32.71
32.52
31.64
30.66
19.02
20.48
21.66
21.09
12.1
14.5
22.19
24.05
26.46
26.95
27.1
25.0
17.04
16.21
17.72
18.26
12.77
11.78
13.09
8.325
19.04
19.97
21.53
23.49
23.1
23.22
23.68
16.36
17.5
19.48
18.19
13.55
14.48
11.6
17.94
14.87
14.94
16.31
24.51
23.44
13.06
14.79
12.05
23.83
31.54
29.74
29.74
27.39
23.0
20.41
21.73
20.14
13.21
13.16
15.58
15.38
15.84
17.65
20.48
19.43
28.61
29.59
18.31
19.51
16.28
17.55
19.92
26.03
30.86
26.42
9.778
34.62
35.89
35.11
32.62
35.79
33.45
17.26
26.76
37.55
37.6
37.74
34.42
35.94
25.39
30.42
31.54
19.43
20.34
18.73
14.33
29.64
35.69
37.65
37.35
30.57
33.59
26.95
9.351
32.86
32.71
33.15
32.81
30.18
17.8
33.74
21.51
10.78
30.03
31.1
11.0
13.84
10.62
5.414
0.1381
0.05465
0.02861
0.02604
0.02604
0.02346
0.03128
0.02346
0.02861
0.02346
0.02861
0.02604
11.01
5.28
10.27
14.89
9.033
22.22
30.22
28.08
1.489
0.6927
0.07553
0.02604
0.02861
0.02604
0.02861
0.02346
0.03128
0.02604
0.02861
0.02604
0.02861
0.02604
0.02604
0.02604
0.02861
0.02604
0.02861
0.02861
0.03128
0.02604
5.249
9.033
0.164
0.09899
0.02861
0.02604
0.02861
0.02604
0.02861
0.02604
0.02861
0.02604
0.02861
0.02604
0.02861
0.02604
0.03128
0.02346
0.02861
0.02604
0.02861
0.02604
0.03128
0.02346
0.02861
0.02604
0.02861
0.02604
6.543
6.641
6.885
0.1432
0.06514
0.02604
0.02861
0.02861
0.02861
0.02604
0.02861
0.02604
0.02604
0.02604
0.02861
0.02346
0.02861
0.02346
0.02861
0.02604
0.02861
0.02604
0.02861
0.02346
0.02861
0.02604
0.02861
0.02604
0.02604
0.02604
0.02861
0.02861
0.02861
0.02604
0.02861
0.02604
0.03128
0.02604
14.84
16.87
0.4814
0.1459
0.03128
0.02861
0.02861
0.02604
0.02861
0.02604
0.02861
0.02861
0.03128
0.03386
0.03128
0.02604
0.02861
0.02861
0.02861
0.02604
0.02861
0.02861
0.02861
0.02604
0.03128
0.02346
0.02861
0.02604
0.02861
0.02604
0.02861
0.02604
0.02604
0.02861
0.03128
0.02604
0.03128
0.02604
0.03128
0.02604
0.02861
0.02604
0.02861
0.02604
0.03128
0.02604
0.02604
0.02604
0.02861
0.02604
0.02861
0.02346
0.02861
0.02346
0.02861
0.02604
0.02861
0.02604
0.02861
0.02604
0.03128
0.02346
0.03128
0.02604
0.03128
0.02346
0.02861
0.02604
0.02861
0.02604
0.02604
0.02604
0.02604
0.02604
1.84
21.83
33.06
32.32
33.35
35.84
35.84
33.98
35.55
33.98
35.69
35.79
32.47
29.69
26.61
24.24
24.22
23.97
26.9
36.96
34.96
15.11
21.63
27.54
30.62
36.28
34.91
21.88
24.12
25.34
20.75
3.357
33.4
36.72
34.72
33.59
36.82
36.91
35.5
34.18
33.69
33.74
34.03
33.45
31.84
28.71
27.0
31.4
29.25
28.91
27.34
15.82
18.48
34.18
35.99
35.45
32.86
25.73
25.24
27.83
16.11
10.23
32.81
34.86
32.86
31.88
33.69
34.86
35.4
32.28
31.49
32.03
33.01
35.25
35.6
34.28
33.79
31.79
32.08
30.42
23.97
12.04
12.89
32.08
35.5
35.16
34.18
25.83
22.09
24.54
17.38
3.094
7.141
33.59
31.05
31.79
31.54
33.5
31.88
32.57
33.01
31.98
32.23
33.06
31.93
33.2
33.59
32.18
30.37
31.84
32.42
31.74
13.5
26.03
34.03
32.42
31.69
30.18
18.53
27.78
25.88
14.38
3.247
23.88
29.88
30.47
30.52
31.25
32.67
31.84
30.22
28.81
33.89
32.08
30.57
30.32
29.79
30.91
31.84
31.88
32.62
32.81
32.71
19.41
18.48
31.3
24.22
17.38
15.94
29.64
32.86
24.05
23.46
22.85
7.397
15.72
30.32
32.08
33.54
33.79
33.54
32.47
30.86
32.32
33.84
32.76
32.52
31.45
30.37
30.03
31.1
31.05
32.28
32.37
33.3
19.8
26.27
34.62
30.03
25.34
31.35
25.29
27.93
27.69
17.26
3.094
0.07296
10.34
31.3
31.74
31.3
31.64
32.08
32.57
33.5
33.25
33.64
32.23
33.5
33.25
32.91
31.84
30.18
32.18
32.91
33.35
31.4
16.6
35.84
35.11
34.91
32.37
25.98
25.73
27.15
18.85
6.836
32.86
32.13
23.44
30.13
21.63
23.07
30.22
30.27
26.42
28.47
20.0
32.47
30.91
24.39
27.93
14.5
29.2
28.03
19.26
16.58
17.7
11.32
18.14
15.7
15.53
16.85
14.92
17.77
19.58
11.96
17.19
20.97
22.31
22.9
22.63
22.34
22.29
22.78
22.83
20.07
16.7
15.23
15.31
15.19
15.38
15.5
15.19
15.6
15.33
15.26
15.26
15.28
15.14
15.31
15.11
15.31
15.19
15.14
15.21
15.04
15.65
15.48
15.19
15.19
15.11
15.09
11.96
18.82
18.07
18.46
18.02
19.75
18.58
16.63
15.31
15.65
15.28
15.72
16.87
16.24
16.77
7.715
13.43
19.31
18.07
18.58
19.09
18.09
16.87
18.07
20.04
21.04
19.04
17.24
15.67
15.89
16.16
15.38
15.55
16.8
29.44
28.66
30.76
31.45
28.42
27.2
27.05
26.51
26.17
27.2
26.03
12.17
22.9
25.68
26.66
26.12
24.9
21.04
16.75
15.89
14.7
14.82
20.31
13.6
3.595
17.92
15.45
19.75
15.87
19.46
18.04
22.56
23.66
23.05
19.41
20.29
20.24
24.98
24.61
17.5
18.6
18.46
19.75
18.21
14.89
16.63
19.31
18.99
18.48
17.46
20.56
19.65
18.9
20.26
18.99
16.67
29.49
27.64
25.63
27.05
27.93
28.52
28.27
26.07
24.24
23.61
24.24
26.76
26.86
25.24
24.95
25.63
27.83
28.52
28.42
27.73
26.27
26.86
24.56
18.63
27.59
26.56
25.78
25.15
23.75
24.85
27.15
27.29
25.83
8.765
16.21
15.8
14.7
16.46
16.16
18.14
16.14
15.55
16.97
17.55
15.26
15.01
13.92
0.2239
0.1093
0.03128
0.02079
0.5783
12.67
14.31
18.6
24.68
25.05
22.88
16.06
15.48
16.16
13.45
19.56
28.12
26.61
13.16
15.16
15.21
10.97
0.2029
0.09899
0.02604
0.02604
0.02604
0.02604
0.03128
0.02079
0.03128
0.02604
0.02604
0.02604
0.02604
0.02604
0.02604
0.02604
0.03128
0.02604
0.02604
0.02604
0.02604
0.02604
0.02604
0.02604
0.02604
16.38
16.72
14.94
14.7
17.14
19.29
