16.26
20.36
20.34
19.17
17.7
17.7
21.44
20.56
22.19
18.68
12.67
14.06
18.99
16.41
13.45
16.99
13.06
13.57
16.09
12.33
14.33
13.43
11.52
11.11
11.41
14.4
15.45
15.72
17.58
19.43
23.51
24.9
22.68
24.32
22.41
22.88
19.21
16.63
11.01
12.39
9.79
12.57
15.14
14.87
15.16
12.55
12.67
12.72
14.36
19.95
16.85
18.97
18.82
17.53
22.78
20.73
19.78
20.09
19.87
20.95
18.8
21.02
17.68
14.77
18.48
17.72
17.48
18.07
14.7
12.41
13.99
16.41
14.06
17.46
19.09
18.51
21.73
20.92
22.83
21.44
13.96
19.97
14.06
10.78
8.655
12.01
12.06
19.17
17.85
17.72
13.06
13.4
14.82
13.67
11.24
13.72
15.6
17.46
15.19
17.6
18.99
20.31
18.19
22.22
22.36
19.14
17.04
14.79
18.24
20.29
14.87
15.38
12.02
12.02
13.23
14.48
12.84
13.84
17.21
16.67
14.06
20.07
14.84
22.12
24.0
24.34
19.85
16.85
17.92
14.55
14.16
10.34
10.28
11.85
10.27
8.74
9.631
9.766
8.325
10.39
8.435
9.949
10.77
10.22
9.924
15.84
17.14
18.02
17.14
17.9
18.33
19.46
19.87
20.85
17.38
15.82
18.14
21.46
17.8
20.58
18.77
18.92
16.53
16.89
12.15
14.89
11.49
10.88
10.38
14.16
12.67
12.99
13.45
15.43
17.11
15.14
18.04
20.0
16.14
16.99
14.16
18.46
18.7
20.26
22.75
21.8
18.9
17.58
15.48
20.21
14.33
15.75
14.31
19.09
19.21
18.82
21.29
21.92
23.39
21.0
19.92
19.58
20.95
23.32
15.36
16.11
12.92
14.75
13.04
14.23
14.97
14.4
15.92
16.41
19.65
17.48
19.24
19.38
20.43
19.34
19.58
18.19
12.49
11.69
14.84
13.92
13.75
10.12
10.71
14.4
12.23
10.28
10.99
9.302
10.74
9.888
10.38
13.72
14.84
15.43
15.89
15.58
15.55
16.92
22.9
19.04
17.43
15.6
16.89
18.46
21.09
16.58
17.68
15.87
16.94
16.31
15.62
13.79
14.09
14.21
13.13
11.54
13.99
16.77
16.53
18.9
18.63
17.85
19.8
20.83
22.51
18.77
19.29
19.58
17.63
15.23
15.8
15.09
17.53
14.38
16.82
16.82
17.48
13.67
16.36
14.4
14.92
15.01
16.33
19.95
20.92
16.8
18.43
18.77
17.87
19.65
24.0
23.02
19.82
20.26
14.79
19.51
18.77
16.75
16.16
13.99
13.79
16.11
16.94
16.04
10.97
10.82
11.02
14.11
16.5
18.51
18.31
17.33
22.78
24.37
22.68
20.41
19.73
24.0
18.95
24.73
20.21
20.65
19.09
21.17
22.44
19.38
20.73
16.92
17.85
15.75
15.38
13.82
16.65
14.72
16.92
19.41
18.99
22.51
22.63
19.9
18.73
18.9
16.87
15.23
19.95
16.31
17.21
15.55
17.43
17.14
19.09
18.14
15.38
13.77
12.87
13.79
16.16
16.28
18.65
19.19
17.16
20.31
20.87
19.8
19.85
19.19
20.56
16.87
17.41
17.63
16.85
17.92
14.7
16.77
15.82
13.48
20.14
22.97
13.48
22.34
21.88
22.53
14.55
17.48
20.43
19.36
21.39
25.49
25.49
17.46
12.3
14.84
14.77
13.13
11.38
13.35
13.31
13.62
10.79
10.18
10.5
14.38
10.84
14.77
15.01
19.07
19.04
16.24
17.77
17.55
19.92
21.34
20.9
21.97
21.85
21.68
21.36
18.33
19.97
18.12
18.14
17.36
17.46
18.29
13.43
12.55
12.02
9.229
13.77
14.23
14.97
15.84
13.55
13.28
13.18
13.65
15.45
14.14
15.21
14.89
13.87
14.11
14.21
13.55
14.36
13.35
12.92
11.52
5.75
7.8
8.643
11.54
12.5
15.23
17.8
16.97
17.6
14.62
17.11
17.07
18.65
16.21
16.97
18.77
19.65
17.58
17.65
17.77
17.99
14.28
12.55
12.19
16.82
14.82
14.75
14.65
18.6
13.21
17.75
14.99
18.97
12.67
16.24
13.55
15.97
13.65
15.14
18.82
15.67
17.5
17.21
11.67
10.73
11.25
15.38
10.86
11.54
9.851
8.362
10.38
13.7
14.43
17.82
15.8
14.09
16.6
18.7
13.57
15.87
15.92
12.92
12.04
14.5
11.93
11.74
11.95
13.43
15.97
11.32
10.72
11.05
10.01
10.61
16.04
15.8
17.53
19.04
20.04
16.65
19.48
19.68
19.63
20.34
18.75
19.65
19.82
18.21
18.82
17.65
19.53
18.33
18.8
18.68
20.41
17.31
16.82
16.36
13.82
16.53
15.5
17.26
16.6
19.43
20.41
20.85
19.87
18.55
17.92
19.92
18.41
16.65
17.65
19.9
19.56
18.51
19.17
17.09
16.77
16.58
14.94
12.48
16.04
21.97
17.92
18.29
18.7
21.66
25.34
24.12
21.26
21.29
15.04
13.96
18.36
18.77
17.26
12.11
10.4
10.86
11.11
11.23
10.16
8.569
8.081
9.741
8.472
12.65
10.83
11.95
14.6
17.72
21.29
20.04
24.98
24.41
22.95
18.82
22.29
21.14
19.75
20.95
14.67
15.84
16.06
15.06
16.92
15.72
13.89
16.41
15.58
15.26
15.94
19.12
19.65
18.9
19.04
16.16
17.55
14.04
17.85
18.87
20.09
17.26
14.87
15.16
13.31
14.23
13.43
14.5
13.18
17.68
19.97
19.8
23.1
20.53
18.24
14.4
15.43
14.53
13.75
14.18
15.16
10.95
9.021
10.16
16.48
14.43
8.716
8.789
18.63
18.38
15.09
16.97
19.56
13.26
13.79
18.63
18.92
17.43
16.11
12.35
19.29
22.02
24.76
19.31
23.14
22.88
25.78
14.36
15.84
13.94
15.6
15.31
13.45
14.79
15.33
13.31
12.7
13.79
14.84
12.96
16.65
17.24
19.19
22.17
19.78
23.05
24.19
26.37
26.32
25.1
22.58
22.73
23.19
22.19
21.97
19.04
18.82
16.02
15.99
14.01
13.35
14.43
13.57
12.6
14.87
14.99
14.65
14.28
14.99
13.23
15.6
15.04
15.67
15.06
14.84
14.67
17.5
14.5
15.16
14.31
14.36
13.26
15.16
13.45
13.33
13.18
6.183
6.848
11.54
14.16
15.5
15.58
15.75
13.7
16.11
17.82
16.94
13.33
14.67
18.38
19.02
18.26
20.58
19.31
18.87
21.58
19.95
18.53
15.58
17.77
17.14
15.45
15.45
13.92
22.85
17.92
22.44
13.01
13.13
13.75
17.16
19.21
14.01
10.01
14.82
14.94
14.97
12.65
13.96
13.13
13.45
14.04
15.8
12.57
13.48
14.94
17.94
19.85
19.43
19.95
14.43
12.87
22.05
16.75
12.67
10.01
8.313
9.558
9.082
9.595
8.057
9.204
7.996
10.01
8.203
8.789
9.827
12.72
12.43
14.21
16.85
15.94
19.14
17.43
19.31
19.17
19.75
18.26
17.63
15.36
17.97
16.33
18.48
19.07
18.51
14.89
12.08
13.6
18.65
