0.03204
0.02861
0.03777
0.02737
0.0268
0.03395
0.02794
0.03023
0.07706
0.03071
0.03748
0.04225
0.06227
0.296
0.08192
0.02756
0.037
0.03052
0.0494
0.03052
0.04444
0.03099
0.0371
0.03061
0.03872
0.03252
0.04702
0.03605
0.04177
0.05035
0.04005
0.05693
0.09031
0.05922
0.0576
0.1287
0.06847
0.07677
0.08707
0.1707
0.1299
0.05016
0.0494
0.04454
0.04635
0.04101
0.03452
0.04101
0.08154
0.06514
0.03815
0.03691
0.02775
0.03357
0.03633
0.04139
0.03366
0.03691
0.07486
0.033
0.02928
0.03147
0.04292
0.03328
0.07133
0.02728
0.02928
0.02232
0.02918
0.03424
0.0267
0.04673
0.01822
0.02232
0.01907
0.05693
0.02384
0.01802
0.01955
0.02136
0.03328
0.05665
0.01678
0.01993
0.04549
0.01955
0.0494
0.06437
0.02794
0.02098
0.02174
0.02298
0.0123
0.03071
0.02022
0.01936
0.01688
0.01516
0.01574
0.0164
0.01335
0.01326
0.01583
0.02527
0.02031
0.05445
0.01698
0.02747
0.01669
0.01535
0.02289
0.05503
0.01373
0.01087
0.01373
0.01287
0.01554
0.02337
0.0124
0.01183
0.01297
0.01135
0.01211
0.04997
0.008392
0.01068
0.01068
0.01097
0.0123
0.03109
0.02985
0.01326
0.01497
0.01183
0.01354
0.01307
0.0473
0.01926
0.009346
0.009155
0.01068
0.0103
0.04702
0.01011
0.01335
0.0102
0.01116
0.01411
0.04711
0.01698
0.01688
0.0123
0.0227
0.0164
0.03052
0.01764
0.01392
0.0165
0.01373
0.01841
0.05293
0.01516
0.02565
0.03338
0.01783
0.02317
0.06561
0.0205
0.02632
0.02728
0.03176
0.08545
0.04206
0.05112
0.03471
0.03748
0.03605
0.06752
0.04396
0.04501
0.04292
0.04206
0.03939
0.06962
0.0371
0.04616
0.03395
0.04911
0.03796
0.08535
0.04683
0.03977
0.05636
0.04339
0.06542
0.05035
0.03166
0.06285
0.04044
0.04148
0.04206
0.3365
0.04616
0.05274
0.05741
0.0515
0.04625
0.1354
0.1179
0.1781
0.3277
0.05989
0.06046
0.0392
0.04148
0.03433
0.04034
0.03939
0.03452
0.04787
0.03986
0.04845
0.03757
0.03042
0.03624
0.03948
0.03357
0.04225
0.06809
0.0515
0.04835
0.0433
0.1253
0.06514
0.05665
0.05131
0.0474
0.0411
0.03328
0.0433
0.03471
0.03195
0.04044
0.04025
0.02756
0.04129
0.03033
0.04034
0.03929
0.04625
0.03691
0.03538
0.03729
0.04225
0.0515
0.04091
0.04272
0.03195
0.04234
0.03633
0.04234
0.04158
0.03719
0.04387
0.04292
0.02775
0.03166
0.0288
0.02871
0.04425
0.02918
0.02565
0.03147
0.03586
0.03405
0.03061
0.02489
0.02222
0.03157
0.03014
0.03328
0.03672
0.0391
0.0371
0.03567
0.0412
0.1238
0.3544
0.0412
0.07172
0.02785
0.1593
0.04129
0.194
0.1522
0.05398
0.07496
0.03376
0.06056
0.04272
0.04473
0.03948
0.05674
0.0329
0.03757
0.0351
0.04044
0.03386
0.04253
0.033
0.03948
0.03939
0.03538
0.2117
0.05169
0.03738
0.03242
0.04129
0.02651
0.02604
0.03023
0.03366
0.01974
0.03004
0.03176
0.03653
0.03128
0.0308
0.04549
0.03538
0.03319
0.02804
0.03328
0.03119
0.02546
0.02632
0.02537
0.0206
0.02527
0.03595
0.03719
0.03309
0.03014
0.03185
0.02632
0.02899
0.03071
0.0205
0.02785
0.03366
0.01955
0.02546
0.02251
0.02241
0.02346
0.02537
0.01659
0.0205
0.02346
0.01984
0.02108
0.02089
0.02108
0.03595
0.0247
0.02365
0.01488
0.01669
0.01163
0.01459
0.01373
0.02022
0.0123
0.01221
0.01354
0.0165
0.01059
0.01659
0.01097
0.01793
0.01001
0.01478
0.01259
0.02518
0.01593
0.02384
0.01421
0.01917
0.01945
0.02127
0.0226
0.01659
0.01631
0.01631
0.05589
0.01154
0.01297
0.02117
0.01411
0.01879
0.0144
0.01135
0.02012
0.01373
0.01163
0.01478
0.009632
0.01421
0.01373
0.01307
0.01469
0.01478
0.02117
0.01345
0.01678
0.02022
0.01497
0.01402
0.01526
0.0205
0.01497
0.01621
0.01183
0.01974
0.0144
0.02117
0.01335
0.01459
0.01774
0.01726
0.01335
0.01268
0.01764
0.0246
0.01564
0.02298
0.01717
0.02108
0.01669
0.02575
0.02222
0.01917
0.02184
0.02594
0.02356
0.03262
0.0186
0.02613
0.02069
0.01822
0.02813
0.04473
0.03033
0.02642
0.03681
0.03281
0.03252
0.04578
0.03643
0.03834
0.0351
0.04148
0.02813
0.02899
0.02279
0.02403
0.02756
0.3159
0.04911
0.1015
0.1413
0.06399
0.03662
0.04549
0.04129
0.03672
0.07238
0.05512
0.04635
0.04444
0.05732
0.04101
0.03653
0.02804
0.02842
0.0392
0.03614
0.03223
0.06094
0.03471
0.03872
0.05112
0.04787
0.05941
0.06237
0.04196
0.03204
0.07143
0.05178
0.03347
0.03481
0.0371
0.03586
0.03843
0.03624
0.04158
0.03681
0.02775
0.02537
0.02604
0.02785
0.04234
0.04139
0.02365
0.03386
0.02146
0.0247
0.02966
0.03653
0.02508
0.03614
0.04368
0.02613
0.03252
0.02899
0.04129
0.05245
0.04568
0.03319
0.03462
0.03023
0.03462
0.02594
0.03252
0.02823
0.03796
0.03252
0.03691
0.04454
0.03643
0.03452
0.02832
0.0349
0.02956
0.03147
0.03376
0.03433
0.0289
0.03271
0.03614
0.02718
0.04606
0.02823
0.033
0.03004
0.03042
0.04997
0.03195
0.04358
0.04311
0.3323
0.03767
0.0226
0.04654
0.0391
0.2834
0.04292
0.07153
0.02403
0.05226
0.02613
0.05188
0.05322
0.04683
0.06332
0.04463
0.06819
0.03099
0.05388
0.03166
0.03986
0.02565
0.03834
0.04644
0.03824
0.03557
0.02956
0.03767
0.03052
0.03223
0.03843
0.03996
0.03023
0.03023
0.02966
0.03624
0.0308
0.03452
0.0308
0.02699
0.03004
0.03347
0.04244
0.03519
0.04234
0.03366
0.03262
0.02804
0.04501
0.03214
0.03185
0.03786
0.04091
0.03281
0.03538
0.03853
0.03071
0.03796
0.04711
0.03529
0.02623
0.03328
0.03519
0.03071
0.03338
0.03138
0.04053
0.02747
0.01917
0.03643
0.03633
0.02642
0.01974
0.03233
0.02184
0.03271
0.04311
0.02565
0.01869
0.01621
0.01469
0.01698
0.02375
0.01297
0.01554
0.01564
0.02136
0.01383
0.01936
0.01783
0.01688
0.01602
0.02937
0.0392
0.02022
0.03138
0.01621
0.0205
0.01822
0.01717
0.02499
0.02346
0.02251
0.01907
0.03719
0.01907
0.02851
0.02165
0.01869
0.01192
0.05684
0.02127
0.03166
0.02613
0.02213
0.03147
0.02451
0.0227
0.02642
0.02308
0.02317
0.02508
0.02127
0.01783
0.01774
0.01564
0.0165
0.01802
0.01287
0.0226
0.01955
0.01554
0.01965
0.0248
0.01936
0.02966
0.02499
0.01621
0.01621
0.02031
0.02241
0.02375
0.02604
0.01268
0.01974
0.02222
0.01249
0.01764
0.02298
0.02937
0.0227
0.01917
0.02012
0.01307
0.01602
0.01278
0.0267
0.0351
0.01469
0.01783
0.02794
0.02089
0.01793
0.01717
0.02794
0.02804
0.03405
0.04635
0.04492
0.04034
0.2899
0.0453
0.05178
0.09165
0.1074
0.1377
0.1144
0.07534
0.09623
0.0433
0.03366
0.03204
0.03338
0.04129
0.04692
0.04158
0.04082
0.0267
0.05026
0.03567
0.03414
0.0308
0.04063
0.03185
0.03157
0.0453
0.04787
0.03853
0.05064
0.03481
0.033
0.04158
0.05274
0.04015
0.05999
0.03405
0.0268
0.03405
0.03176
0.03319
0.03014
0.03834
0.02756
0.02594
0.03242
0.03929
0.03576
0.03366
0.0267
0.03405
0.02975
0.03157
0.03939
0.04778
0.03309
0.02756
0.04139
0.02251
0.02718
0.02327
0.02966
0.03777
0.02842
0.03691
0.02623
0.02975
0.03233
0.03061
0.033
0.02718
0.03319
0.03128
0.02947
0.02642
0.02861
0.03233
0.0412
0.0268
0.03004
0.02756
0.0226
0.01936
