0.07734
0.02403
0.08078
0.02623
0.0
0.0308
0.03672
0.01488
0.02413
0.02804
0.0289
0.0288
0.02871
0.03223
0.03214
0.0248
0.03023
0.03214
0.03071
0.03424
0.02899
0.02613
0.03128
0.03099
0.002861
0.03662
0.0371
0.02699
0.02718
0.02699
0.02308
0.01421
0.03347
0.03681
0.02146
0.02613
0.02594
0.02756
0.0246
0.03223
0.02766
0.02403
0.02651
0.02508
0.03033
0.03443
0.0371
0.03281
0.09604
0.0392
0.03519
0.02947
0.03414
0.02642
0.03614
0.02689
0.03424
0.02651
0.02117
0.0268
0.02575
0.03262
0.02794
0.03262
0.03233
0.03357
0.04063
0.03767
0.0308
0.02918
0.1072
0.03948
0.04282
0.03405
0.02613
0.02089
0.02699
0.03023
0.02613
0.03529
0.03071
0.02985
0.03347
0.03157
0.03347
0.001049
0.02871
0.03128
0.02623
0.0392
0.09537
0.02632
0.03233
0.0351
0.03004
0.03033
0.04463
0.04082
0.02508
0.02127
0.02079
0.02251
0.02136
0.02365
0.0247
0.02337
0.02613
0.02241
0.02909
0.02918
0.02537
0.03443
0.02594
0.01698
0.0248
0.02708
0.02079
0.03061
0.02909
0.04892
0.02356
0.02775
0.02689
0.03109
0.02413
0.02279
0.0006676
0.02327
0.02861
0.02069
0.02546
0.002289
0.02308
0.02308
0.02804
0.0267
0.02956
0.03233
0.02794
0.02565
0.03242
0.06609
0.04921
0.02432
0.0267
0.01917
0.02966
0.0186
0.02518
0.02899
0.0267
0.02575
0.02699
0.02909
0.02861
0.02708
0.03414
0.02823
0.02699
0.02995
0.02213
0.03366
0.02661
0.0349
0.03462
0.03033
0.03281
0.02689
0.02661
0.02565
0.03109
0.02565
0.02317
0.03138
0.03576
0.03071
0.02451
0.04654
0.02689
0.05922
0.04702
0.05026
0.04196
0.04501
0.05102
0.04482
0.06924
0.05846
0.05188
0.04578
0.0555
0.04778
0.0988
0.04921
0.05302
0.04683
0.06323
0.05579
0.05741
0.05522
0.0597
0.05245
0.05255
0.04711
0.0535
0.04225
0.04845
0.05131
0.0535
0.05083
0.04978
0.07181
0.0555
0.05207
0.04091
0.05522
0.04673
0.0515
0.05064
0.04854
0.05655
0.04835
0.04072
0.04911
0.04873
0.0453
0.04835
0.04587
0.0412
0.05207
0.05035
0.04244
0.04892
0.04873
0.05245
0.05541
0.0638
0.06294
0.06065
0.05922
0.05169
0.04702
0.05522
0.05217
0.05617
0.04787
0.05903
0.04902
0.0495
0.08802
0.05074
0.0452
0.04654
0.04654
0.0411
0.03853
0.04721
0.07086
0.03815
0.03939
0.0473
0.05398
0.05064
0.04091
0.04787
0.04759
0.03452
0.04883
0.05007
0.03481
0.05131
0.04377
0.04845
0.04873
0.04988
0.04444
0.05531
0.05093
0.04911
0.04959
0.04568
0.05255
0.04454
0.05455
0.04206
0.04988
0.04473
0.03929
0.04377
0.05054
0.04749
0.04797
0.04578
0.04902
0.04549
0.04969
0.05188
0.0556
0.04807
0.04816
0.04187
0.04358
0.03738
0.03815
0.03853
0.04444
0.04911
0.0495
0.05808
0.05465
0.05617
0.05388
0.04749
0.05217
0.05121
0.04921
0.05751
0.03672
0.04807
0.05417
0.04196
0.05054
0.04225
0.0453
0.04282
0.0495
0.04282
0.05322
0.05379
0.05035
0.05579
0.05331
0.04807
0.04606
0.05026
0.05026
0.04263
0.05045
0.0474
0.05207
0.05388
0.05341
0.05074
0.04425
0.04597
0.1268
0.03576
0.0371
0.03538
0.04005
0.02832
0.04053
0.03366
0.03834
0.04063
0.04368
0.04177
0.03967
0.04578
0.04883
0.04072
0.04435
0.05245
0.04539
0.04091
0.04044
0.0453
0.05102
0.04654
0.04349
0.03996
0.04396
0.03843
0.03195
0.03853
0.03548
0.04444
0.03557
0.03633
0.03519
0.0391
0.04978
0.03967
0.03901
0.03424
0.03462
0.03519
0.03862
0.05322
0.05007
0.05884
0.03681
0.03557
0.0329
0.03614
0.03014
0.04139
0.04997
0.02575
0.03519
0.02632
0.02537
0.03271
0.03119
0.03557
0.03214
0.02728
0.03099
0.02785
0.02832
0.02642
0.02279
0.02947
0.02375
0.0246
0.03071
0.02213
0.02956
0.02775
0.03014
0.02804
0.02785
0.03538
0.03033
0.03242
0.02375
0.02823
0.03052
0.02909
0.03366
0.03052
0.02556
0.0268
0.03099
0.02375
0.02642
0.02937
0.02623
0.03405
0.0351
0.02699
0.02842
0.02613
0.03672
0.02861
0.03223
0.07324
0.02842
0.02089
0.03633
0.02813
0.03462
0.03414
0.03538
0.02327
0.04349
0.03853
0.03862
0.03195
0.03061
0.02766
0.02785
0.02975
0.03271
0.02937
0.02842
0.02861
0.02623
0.03242
0.02775
0.02766
0.03233
0.02432
0.02537
0.02422
0.03176
0.02794
0.0308
0.03548
0.0474
0.04349
0.04168
0.05302
0.05217
0.04539
0.05188
0.04444
0.03548
0.04711
0.04473
0.04005
0.03948
0.0391
0.02985
0.03233
0.03834
0.03357
0.03233
0.03042
0.0392
0.04234
0.04282
0.02775
0.03004
0.03185
0.03653
0.03853
0.03958
0.0432
0.03633
0.03862
0.04568
0.09756
0.04683
0.03614
0.03872
0.04702
0.03881
0.0433
0.05484
0.04177
0.0452
0.04244
0.03672
0.04139
0.04158
0.03939
0.04215
0.03214
0.04253
0.04482
0.04091
0.04416
0.04578
0.03824
0.04215
0.03347
0.04597
0.04787
0.04215
0.04654
0.04072
0.03414
0.04082
0.04368
0.05627
0.03653
0.07162
0.03557
0.0433
0.04129
0.0351
0.03996
0.09432
0.0412
0.03386
0.0349
0.03214
0.03643
0.0308
0.03443
0.02689
0.03195
0.03357
0.02985
0.03395
0.03738
0.03185
0.0351
0.03366
0.03233
0.03185
0.03366
0.03519
0.03538
0.03452
0.03529
0.03328
0.03452
0.1099
0.0268
0.04234
0.03986
0.03128
0.03405
0.03004
0.03977
0.03729
0.03262
0.04158
0.037
0.03805
0.03042
0.03414
0.03939
0.03853
0.04005
0.03262
0.0329
0.03824
0.03424
0.04683
0.03233
0.04148
0.03643
0.02899
0.02861
0.03099
0.03519
0.04139
0.04597
0.04702
0.03643
0.03376
0.03519
0.0308
0.0309
0.03052
0.03519
0.03462
0.03691
0.03862
0.03176
0.03099
0.03338
0.02766
0.03071
0.03223
0.02432
0.03166
0.03176
0.02823
0.02527
0.02546
0.02661
0.03605
0.03386
0.03643
0.03471
0.03166
0.03376
0.0309
0.02737
0.03157
0.0247
0.02594
0.02441
0.03138
0.02508
0.03099
0.02451
0.03204
0.03052
0.0308
0.033
0.02918
0.03109
0.03424
0.03185
0.2361
0.02317
0.02327
0.02356
0.03376
0.02499
0.02584
0.02565
0.02851
0.02365
0.03281
0.02947
0.02794
0.02584
0.02804
0.0226
0.02422
0.02661
0.02794
0.02556
0.02975
0.03262
0.02127
0.02384
0.02651
0.07772
0.02375
0.02508
0.1667
0.03128
0.0289
0.02432
0.02737
0.03128
0.03099
0.03271
0.03109
0.02995
0.03338
0.03204
0.03166
0.03271
0.02613
0.03605
0.02794
0.02451
0.02785
0.02508
0.02327
0.02584
0.02947
0.02165
0.02079
0.03014
0.02661
0.02861
0.02613
0.02556
0.02308
0.02584
0.02766
0.02632
0.02785
0.03128
0.0248
0.02594
0.02623
0.02995
0.02375
0.07734
0.04673
0.02794
0.02613
0.02346
0.02422
0.07181
0.0308
0.03061
0.02117
0.02298
0.02632
0.02356
0.03452
0.0288
0.02928
0.02289
0.02518
0.03395
0.03128
0.02699
0.02775
0.03042
0.03004
0.03223
0.02489
0.02394
0.02575
0.02317
0.02174
0.01688
0.03347
0.02136
0.02089
0.02718
0.02518
0.0227
0.02661
0.1028
0.04282
0.04196
0.04454
0.04272
0.0536
0.04721
0.07763
0.04358
0.04644
0.04597
0.05121
0.04082
0.03824
0.04692
0.0411
0.04034
0.04082
0.03462
0.0474
0.1028
0.0351
0.03414
0.04129
0.04644
0.0495
0.05999
0.05436
0.04978
0.04797
0.04997
0.04683
0.04768
0.0493
0.04654
0.05045
0.04387
0.0577
0.04921
0.0514
0.04797
0.04911
0.04234
0.05198
0.05064
0.05941
0.04997
0.05503
0.0473
0.05407
0.05674
0.05856
0.05598
0.06132
0.04263
0.04721
0.0514
0.05169
0.05178
0.05217
0.04492
0.04988
0.05093
0.04063
0.05264
0.1097
0.05407
0.05312
0.05741
0.05312
0.05474
0.0577
0.04921
0.06046
0.06065
0.06399
0.05178
0.04253
0.05045
0.03452
0.04997
0.05083
0.04416
0.0493
0.04959
0.0412
0.04816
0.04091
0.04635
0.05226
0.04883
0.04406
0.0535
0.1289
0.05283
0.04339
0.05159
0.04301
0.0495
0.05655
0.0452
0.05894
0.05198
0.05379
0.05293
0.05436
0.04225
0.05579
0.04663
0.05274
0.05617
0.04864
