5.035
4.834
4.944
5.743
6.177
6.36
7.153
7.361
7.556
7.703
8.142
8.472
8.337
8.459
8.74
8.289
7.703
8.203
10.36
12.57
10.47
4.297
4.865
4.761
4.883
4.285
4.712
4.559
4.395
5.145
4.657
4.944
3.65
4.968
5.945
6.085
7.214
7.996
4.346
4.877
4.376
4.541
3.125
3.11
3.11
3.11
3.11
3.11
3.11
3.11
3.11
3.11
3.11
3.11
3.11
3.11
3.11
3.11
3.11
3.11
3.11
3.11
3.11
3.11
3.11
3.11
3.11
3.11
3.11
3.11
3.11
3.11
3.11
3.11
3.11
3.11
3.11
3.11
3.11
3.11
3.11
3.11
3.11
3.11
3.11
3.11
3.11
3.11
3.11
3.11
3.11
3.11
3.11
3.11
3.11
3.11
3.11
3.11
3.11
3.11
3.11
3.11
3.11
3.11
3.11
3.11
3.11
3.11
3.11
3.11
3.11
3.11
3.11
3.11
3.11
3.11
3.11
3.11
3.11
3.11
3.11
3.11
3.11
3.11
3.11
3.11
3.11
3.11
3.11
3.11
3.11
3.11
3.11
3.11
3.11
3.11
3.11
3.11
3.11
3.11
3.11
3.11
3.11
3.11
3.11
3.11
3.11
3.11
3.11
3.11
3.11
3.11
3.11
3.11
3.11
3.11
3.11
3.11
3.11
3.11
3.11
3.11
3.11
3.11
3.11
3.11
3.11
3.11
3.11
3.11
3.11
3.11
3.11
3.11
3.11
3.333
4.608
4.175
8.191
8.459
8.032
7.556
7.007
6.47
5.89
5.396
4.333
5.151
5.933
6.482
6.409
6.219
6.677
7.52
8.813
4.559
7.361
9.705
10.17
9.79
4.669
5.664
6.384
6.812
4.382
4.84
4.987
4.474
5.371
4.309
5.432
5.762
5.957
6.506
6.592
6.958
6.909
7.446
7.971
8.142
7.983
8.325
8.02
7.544
6.921
8.337
10.17
12.43
8.911
3.491
4.315
4.944
5.518
5.621
5.536
4.645
4.456
4.706
5.634
6.14
6.073
7.385
8.203
5.457
4.938
4.254
5.029
5.872
6.482
6.372
7.605
9.363
4.138
3.363
4.626
6.384
6.274
6.946
7.898
7.446
4.376
5.048
4.346
4.706
4.626
4.449
5.298
6.299
6.543
6.244
7.373
9.058
6.152
6.219
6.787
6.885
7.666
8.923
4.816
5.896
6.677
6.592
6.787
7.385
9.204
4.7
4.993
4.419
4.694
4.919
4.828
5.432
7.275
7.617
7.703
8.557
5.743
6.58
7.458
7.605
8.569
6.787
4.907
4.425
4.73
5.511
4.785
6.592
6.812
7.507
8.069
6.58
5.365
7.104
7.727
7.776
8.13
7.251
4.26
5.389
4.224
4.98
4.468
4.913
5.359
5.988
6.702
6.75
4.895
4.401
4.279
4.016
5.463
9.314
9.57
11.4
4.608
4.81
5.725
6.348
5.377
4.913
4.462
4.547
4.022
4.413
4.749
4.828
4.315
4.883
4.376
5.542
5.945
6.25
6.592
6.799
7.092
7.52
7.825
7.996
8.02
8.191
8.74
8.862
8.923
8.276
7.556
8.057
10.23
12.06
12.6
6.445
4.669
5.267
4.742
4.498
4.944
4.462
5.151
4.742
7.373
9.619
10.6
11.22
5.011
4.73
8.374
9.46
10.68
7.385
4.81
4.364
4.895
4.987
4.767
5.054
4.73
4.443
5.798
6.0
7.141
4.492
5.133
4.144
5.035
4.822
6.641
7.031
7.532
9.29
6.616
5.573
6.36
6.543
7.678
7.629
4.565
4.559
4.895
4.706
6.458
6.58
7.544
9.058
5.194
5.188
4.12
4.926
5.273
4.449
5.707
9.949
10.01
11.83
7.617
4.23
5.365
5.835
4.816
4.443
4.999
4.333
5.054
4.248
4.858
4.388
5.499
6.183
6.567
7.69
7.812
4.59
5.518
5.402
6.134
5.408
4.98
4.456
5.066
4.272
5.072
4.626
3.394
4.755
5.75
5.402
6.726
6.909
7.898
8.789
4.846
5.841
6.238
7.373
4.535
5.31
4.102
4.541
5.054
4.858
4.773
5.096
9.143
9.351
11.39
5.743
5.145
3.851
3.931
4.498
4.852
4.803
5.365
4.449
5.56
6.097
6.311
6.934
7.812
8.789
4.388
5.56
5.267
4.938
4.364
5.06
5.084
6.909
7.239
7.617
8.447
6.335
9.509
10.44
11.25
5.737
5.786
6.555
6.714
7.532
7.898
4.572
5.505
6.091
9.534
10.19
9.888
4.626
4.816
7.458
9.497
10.14
10.44
4.877
6.543
6.372
7.434
9.058
4.7
5.914
6.262
7.434
7.898
6.299
4.974
4.724
4.242
5.231
6.104
6.592
5.157
6.152
6.836
7.056
4.608
4.657
4.95
4.242
4.932
4.962
4.913
4.669
5.432
4.443
5.06
4.053
5.017
5.847
6.689
4.797
4.73
4.895
4.297
4.901
6.073
6.238
7.3
7.458
5.579
7.434
7.178
8.215
6.097
4.742
5.365
4.504
5.609
4.034
4.199
5.219
4.767
5.188
4.382
5.066
4.468
4.669
5.072
5.829
6.628
6.934
4.694
5.475
4.175
5.347
6.165
5.981
3.302
3.76
5.048
4.553
5.469
5.365
6.592
7.214
8.704
6.482
5.688
6.036
6.348
6.677
6.677
7.239
7.361
7.495
7.776
7.996
8.215
8.533
8.411
8.276
6.873
7.983
9.973
11.99
12.6
8.008
4.968
5.774
6.134
6.128
6.75
6.934
6.958
7.532
7.666
7.629
8.24
8.521
8.496
8.472
7.886
6.592
8.667
10.67
12.55
12.35
4.938
5.56
5.981
6.299
7.239
4.529
4.895
4.767
4.865
6.543
6.36
7.678
9.668
5.505
5.2
6.146
6.396
7.202
7.532
4.95
4.51
5.414
6.183
6.555
4.254
4.578
4.663
5.28
4.724
5.151
4.468
5.56
4.559
4.712
4.962
4.895
6.799
7.129
7.8
8.887
5.951
9.436
9.57
11.18
6.335
6.885
7.068
8.179
9.265
4.254
5.255
5.896
4.193
5.157
5.902
6.506
6.299
7.544
9.46
6.323
5.273
4.797
5.444
4.7
5.969
6.409
7.483
9.058
6.738
3.931
4.999
5.17
4.852
4.608
4.932
4.736
5.402
6.299
9.46
10.01
9.778
4.645
5.157
5.957
6.47
6.665
7.8
8.533
4.657
4.498
4.449
6.763
6.714
8.093
9.314
3.864
4.688
5.646
6.195
6.232
7.446
9.058
5.682
5.463
5.878
6.158
6.219
6.067
6.677
7.251
7.373
7.69
7.971
7.971
8.569
8.728
8.508
7.581
6.824
8.704
10.45
12.26
12.33
5.292
8.032
9.546
10.85
7.434
5.127
4.37
6.226
6.97
7.825
9.338
5.45
5.188
6.25
9.595
10.25
10.97
4.84
5.53
5.298
7.092
7.507
8.984
6.567
7.324
9.546
10.55
10.63
6.628
9.497
10.39
9.143
4.742
5.505
4.944
6.628
7.092
7.959
8.752
4.62
5.585
4.578
5.634
4.669
6.104
6.47
8.264
8.887
5.157
5.45
4.73
5.127
6.116
9.631
9.973
11.3
6.348
