19.12
14.67
11.91
10.86
10.88
10.89
10.89
10.89
10.89
10.89
10.89
10.89
10.89
10.89
10.89
10.89
10.89
10.89
10.89
10.89
10.89
10.89
10.89
10.89
10.89
10.89
10.89
10.89
10.89
10.89
10.89
10.89
10.89
12.55
13.06
12.99
13.33
12.46
10.88
10.88
10.89
10.89
10.89
11.49
13.33
13.26
12.94
16.43
26.61
19.68
22.92
24.54
14.09
14.99
25.78
19.8
23.39
24.73
14.21
13.48
13.31
29.25
30.57
31.84
31.69
31.2
28.86
25.93
25.44
21.46
30.91
41.94
43.07
43.12
43.16
43.16
43.12
43.12
43.16
43.12
43.16
43.16
43.12
43.16
43.07
43.07
43.12
43.16
43.16
43.21
43.02
43.02
43.02
43.02
43.02
43.02
43.02
43.02
43.02
43.02
43.02
43.07
43.02
43.07
43.02
34.42
16.31
17.46
19.17
18.85
19.17
19.97
16.92
12.5
14.18
29.1
30.32
31.49
31.49
31.59
29.49
27.88
25.29
25.2
17.41
36.23
41.99
43.07
42.43
41.6
41.6
41.6
41.6
41.6
41.55
41.6
41.6
42.87
42.77
42.97
43.12
43.12
43.16
43.12
43.16
43.21
43.16
43.21
43.21
43.21
43.21
43.21
43.21
43.21
43.07
39.55
18.12
17.53
18.7
20.39
18.29
18.82
17.82
12.55
14.18
29.39
30.62
31.54
31.54
31.69
28.52
27.54
25.73
25.73
19.78
38.72
42.29
43.07
42.82
42.19
42.19
42.24
42.19
42.24
42.24
42.24
42.19
42.19
42.19
42.19
42.58
43.16
43.16
43.12
43.12
43.12
43.16
43.16
43.16
43.16
43.21
43.21
43.21
43.21
43.21
43.21
43.21
43.26
43.21
43.21
43.26
43.12
42.38
27.69
18.43
17.85
19.6
20.24
19.8
14.7
12.65
21.68
29.83
31.3
31.59
31.54
30.96
28.27
25.24
24.54
19.65
28.91
40.87
42.97
42.87
41.99
41.99
41.99
41.99
42.04
41.99
41.99
41.99
42.09
41.99
42.14
43.07
42.68
42.53
42.58
42.58
42.58
42.58
42.63
42.68
42.63
42.63
42.63
42.68
42.63
42.63
42.63
42.68
42.24
25.1
16.06
17.5
19.34
18.73
19.85
20.17
15.75
12.3
15.65
29.59
30.27
31.45
31.54
31.64
29.1
27.59
25.15
21.92
23.97
40.48
43.02
43.07
42.24
42.19
42.19
42.19
42.19
42.14
42.19
42.19
42.58
42.77
42.87
43.07
43.12
43.12
43.16
43.12
43.16
43.21
43.21
43.21
43.21
43.21
43.26
43.21
43.21
43.16
42.58
37.16
16.55
19.65
20.26
18.68
18.75
17.6
12.49
11.04
10.88
10.89
10.89
10.89
10.89
10.89
10.89
10.89
10.89
10.89
10.89
10.89
10.89
10.89
10.89
10.89
10.89
10.89
10.89
10.89
10.89
10.89
10.89
10.89
10.89
10.89
10.89
10.89
10.89
10.89
10.89
10.89
10.89
10.89
10.89
10.89
10.89
10.89
10.89
10.89
10.89
10.89
10.89
10.89
10.89
10.89
10.89
10.89
10.89
10.89
10.89
10.89
10.89
10.89
10.89
10.89
10.89
10.89
10.89
10.89
10.89
10.89
10.89
10.89
10.89
10.89
10.89
10.89
10.89
10.89
10.89
10.89
10.89
10.89
10.89
10.89
10.89
10.89
10.89
10.89
10.89
10.89
10.89
10.89
10.89
10.89
10.89
10.89
10.89
10.89
10.89
10.89
10.89
10.89
10.97
13.72
38.09
43.07
43.07
43.16
43.16
43.16
43.12
43.12
43.12
43.12
43.12
43.12
43.12
43.12
43.12
43.07
43.07
43.16
43.16
43.21
43.21
43.21
43.21
43.21
43.21
43.02
20.75
16.63
22.0
21.97
15.77
12.16
22.85
42.58
43.07
43.12
43.16
43.16
43.16
43.12
43.12
43.12
43.16
43.12
43.12
43.12
43.12
43.12
43.12
43.07
43.07
43.12
43.12
43.21
43.21
43.21
43.21
43.21
43.21
42.19
18.53
18.85
22.09
21.48
12.89
11.74
16.75
41.7
43.07
43.07
43.16
43.21
43.16
43.16
43.12
43.16
43.16
43.12
43.12
43.12
43.12
43.12
43.12
43.12
43.07
43.12
43.12
43.16
43.16
43.21
43.21
43.21
43.21
43.21
43.26
43.26
27.88
16.06
21.0
22.66
16.94
12.12
13.99
38.67
43.07
43.07
43.12
43.16
43.16
43.16
43.12
43.12
43.16
43.12
43.07
43.12
43.12
43.12
43.12
43.07
43.07
43.12
43.12
43.16
43.21
43.21
43.21
43.21
43.21
43.21
43.16
25.88
16.16
20.75
22.71
17.41
12.35
12.16
27.64
42.97
43.07
43.12
43.16
43.16
43.16
43.12
43.12
43.12
43.16
43.12
43.12
43.12
43.12
43.12
43.12
43.07
43.12
43.12
43.12
43.16
43.21
43.21
43.21
43.26
43.21
43.26
43.26
26.56
16.28
20.65
21.24
20.34
12.12
11.33
17.11
42.19
43.07
43.07
43.16
43.16
43.16
43.16
42.97
42.97
42.97
42.97
42.92
42.92
42.92
42.92
42.97
43.07
43.12
43.12
43.12
43.21
43.21
43.21
43.21
43.21
43.21
43.21
41.75
17.97
18.04
20.73
22.71
14.06
11.66
10.94
10.89
10.89
10.89
10.89
10.89
10.89
10.89
11.33
19.36
42.77
43.07
43.07
43.16
43.16
43.16
43.12
43.12
43.12
43.16
43.12
43.12
43.16
43.12
43.16
43.07
43.07
43.07
43.12
43.21
43.16
43.21
43.21
43.26
43.16
43.21
43.26
27.44
16.7
20.65
23.54
15.7
12.29
23.93
42.97
43.07
43.12
43.16
43.16
43.16
43.12
43.12
43.16
43.16
43.12
43.12
43.12
43.12
43.12
43.12
43.07
43.12
43.12
43.12
43.21
43.21
43.21
43.21
43.26
43.21
43.26
42.19
18.41
16.92
21.12
22.78
15.84
11.87
12.92
34.81
43.07
43.07
43.02
42.68
42.58
42.53
42.33
42.63
42.97
42.97
42.92
42.92
42.92
42.92
42.92
43.02
43.07
43.12
43.16
43.16
43.21
43.21
43.21
43.21
43.26
43.21
43.16
41.6
22.41
16.21
21.8
21.24
23.14
12.57
10.99
10.88
10.89
10.89
10.89
10.89
10.89
10.89
10.89
10.89
10.89
10.89
10.89
10.89
10.89
12.48
33.15
43.07
43.02
43.12
43.16
43.16
43.16
43.12
43.12
43.16
43.12
43.12
43.12
43.12
43.12
43.12
43.07
43.07
43.07
43.12
43.12
43.21
43.21
43.21
43.21
43.21
43.21
43.26
35.21
16.19
17.92
21.02
22.97
14.48
11.76
12.24
29.44
43.07
43.07
43.12
43.16
43.16
43.16
43.12
43.12
43.16
43.12
43.12
43.12
43.12
43.12
43.12
43.02
43.07
43.12
43.12
43.16
43.21
43.21
43.21
43.26
43.21
43.21
42.24
18.82
17.97
21.9
22.29
14.09
11.28
10.93
10.89
11.4
19.65
42.63
43.02
43.07
43.16
