0.5478
0.4227
0.4494
0.4845
0.5981
0.679
0.6561
0.695
0.6752
0.6302
0.1015
0.007248
0.008583
2.612
5.927
3.217
3.638
3.65
4.346
2.85
0.1429
0.3582
0.288
0.267
0.1442
0.1543
0.2998
0.1284
0.2209
0.2155
0.3201
0.3094
0.214
0.1194
0.1322
0.2686
0.1398
0.136
0.0006676
0.0
0.0
0.0
0.0
0.02871
0.2213
0.1431
0.3887
0.185
0.346
0.1253
0.2644
0.157
0.1595
0.201
0.1703
0.1259
0.193
0.1797
0.4135
0.1627
0.1127
0.2129
0.6927
0.1627
0.06275
0.03643
0.03757
0.2914
0.3399
0.0308
0.02337
0.00248
1.044
0.4478
0.3967
0.2144
0.2766
0.2354
0.2003
0.2113
0.2113
0.2445
0.1801
0.1806
0.1877
0.1871
0.1852
0.2163
0.8698
1.343
0.9842
0.7812
0.9644
1.828
0.8408
0.3868
0.6386
0.5058
0.4677
0.7477
0.8179
0.8392
0.8011
0.798
0.01116
0.007725
0.01068
0.8926
5.89
3.741
3.4
4.071
4.889
3.674
0.0007629
0.1139
0.8255
0.03386
0.05341
0.05512
0.0493
0.428
0.12
0.01087
0.01297
0.621
0.605
0.5043
0.1724
0.1886
0.2331
0.2117
0.1928
0.1999
0.1976
0.2075
0.189
0.214
0.2449
0.5257
0.3448
0.3922
0.9674
1.314
1.129
1.109
1.366
0.5844
0.4784
0.4662
0.5402
0.6752
0.6653
0.6912
0.6638
0.7858
0.528
0.05779
0.01135
0.007248
3.461
5.652
3.906
2.985
3.949
3.882
2.145
0.1003
0.1184
0.6828
0.02747
0.04845
0.04559
0.02079
0.367
0.201
0.01116
0.01545
0.7027
0.5142
0.4402
0.1873
0.2193
0.238
0.2552
0.2411
0.2327
0.2293
0.2235
0.2338
0.2254
0.2228
0.2048
0.2316
0.766
1.059
1.393
1.387
1.237
1.158
0.5455
0.4105
0.3841
0.3944
0.6149
0.7614
0.7408
0.7477
0.634
0.6783
0.00639
0.01097
0.1154
0.1287
4.108
4.303
3.955
2.811
3.11
2.85
2.692
0.4501
0.1156
0.6569
0.1892
0.04158
0.03214
0.03958
0.03347
0.3201
0.2171
0.01936
0.01593
0.007439
0.7088
0.5089
0.4578
0.1717
0.1968
0.2197
0.2106
0.2094
0.1921
0.1793
0.189
0.201
0.2048
0.2132
0.2068
0.2216
0.201
0.2075
0.2556
0.8926
1.155
0.9506
0.6279
0.6332
1.324
1.141
0.3864
0.3559
0.3746
0.4288
0.5058
0.547
0.6836
0.7683
0.7133
0.6775
0.19
0.01335
0.008488
0.008106
2.756
5.499
3.351
3.363
3.067
3.29
3.229
0.8545
0.0844
0.001717
0.0
0.0
0.0
9.537e-05
0.0005722
0.0
0.0
0.0002861
0.0
0.0
0.0
0.0
0.0
0.0
0.0
0.0
0.0
0.0
0.0
0.0
0.0
0.0
0.0
0.0
0.0
9.537e-05
0.0
0.0
0.0
0.0
0.0
0.0
0.0
0.0
0.0
0.0
0.0
0.0
0.0
0.0
0.0
0.0
0.0
0.0
0.0
0.0
0.0
0.0
0.0
0.0
0.0
0.0
0.0
0.0
0.0
9.537e-05
0.0
0.0
0.0
0.0
0.0
0.0
0.0
0.0
0.0
0.0
0.0
9.537e-05
0.0
0.0
0.0
0.0
0.0
0.0
0.0
0.0
0.0
0.0
0.0
0.0
0.0
0.0
0.0
0.0
0.0
0.0
0.0
0.0
0.0
0.0
0.0
0.0
0.0
0.0
0.0
0.0
0.0
0.0
0.0
0.0
0.0
0.0
0.0
0.0
0.0001907
0.0
0.0
9.537e-05
0.0
0.0
0.0
0.0
0.0
0.0
0.0
0.0
0.0
0.0
0.0
0.0003815
0.0
0.0
0.0
0.0
0.0
9.537e-05
0.0
0.0
0.0
0.0
0.0186
1.651
0.285
0.4585
0.4799
0.275
0.2544
0.3719
0.4112
0.4402
0.3258
0.293
0.2468
0.2357
0.2335
0.2525
0.285
0.3101
0.2674
0.2388
0.2407
0.272
1.109
0.9827
2.014
1.553
0.8301
0.3426
0.3685
0.3742
0.4288
0.4158
0.3876
0.7141
0.8057
0.3868
0.03777
0.01173
0.01106
6.36
9.143
7.336
4.218
0.01965
0.02098
0.3635
0.5562
0.4295
0.3582
0.4601
0.251
0.3197
0.4684
0.396
0.4189
0.3437
0.2422
0.2533
0.2453
0.2563
0.2209
0.2285
0.2426
0.2808
0.2232
0.222
0.2613
1.068
0.9201
1.81
1.277
1.1
0.5173
0.3151
0.3399
0.3204
0.3517
0.4112
0.4585
0.4768
0.5211
0.2533
0.1402
0.01526
0.01564
5.365
7.08
9.106
5.151
0.2132
0.003052
0.02327
0.8698
0.2869
0.4059
0.4166
0.2617
0.2701
0.37
0.4288
0.4417
0.3525
0.2987
0.2308
0.2007
0.2121
0.2285
0.2483
0.2491
0.2453
0.2323
0.219
0.2392
0.2644
1.172
0.798
1.825
1.855
1.151
0.3479
0.3387
0.3857
0.3872
0.4822
0.5539
0.7553
0.531
0.3151
0.1806
0.00658
3.717
7.996
9.814
5.829
0.2056
0.01707
0.1631
0.7362
0.3803
0.4044
0.4738
0.2834
0.3567
0.4936
0.4799
0.4295
0.3429
0.2445
0.2697
0.219
0.251
0.2266
0.2422
0.264
0.2766
0.2518
0.2941
1.427
1.048
1.691
1.578
0.6485
0.359
0.3849
0.4028
0.3952
0.6088
0.5844
0.7904
0.2377
0.1377
0.0124
0.006485
3.656
6.079
7.202
4.071
4.602
0.9872
0.02251
0.1625
0.6371
0.3876
0.3445
0.4501
0.2583
0.412
0.3815
0.3742
0.473
0.2953
0.2415
0.2754
0.2522
0.2556
0.2884
0.317
0.2853
0.2583
0.2327
0.2468
1.233
1.082
2.097
1.276
0.4494
0.3559
0.3483
0.4578
0.4478
0.6821
0.6813
0.7187
0.5562
0.1156
0.008488
0.795
9.399
8.533
7.361
1.05
0.005436
0.01783
0.1688
0.753
0.5547
1.648
0.0
0.0
0.008297
0.5135
0.4051
0.3353
0.4639
0.4097
0.3147
0.5272
0.5577
0.5081
0.3662
0.2884
0.2613
0.2403
0.267
0.2846
0.2487
0.2777
0.2529
0.2701
0.8499
1.265
1.95
1.456
0.7347
0.2926
0.3738
0.4906
0.5737
0.6363
0.6668
0.6485
0.4929
0.2934
0.0926
0.006866
4.047
7.104
9.302
2.155
0.1863
0.01707
0.1179
0.853
0.3506
0.04053
0.4417
0.2789
0.3071
0.4372
0.4272
0.4517
0.3487
0.28
0.2525
0.2701
0.2335
0.2541
0.2567
0.2487
0.2777
0.2316
0.2403
0.2937
0.288
0.7401
1.025
1.895
2.063
1.12
0.4539
0.4601
0.502
0.4974
0.4822
0.5157
0.4494
0.3056
0.3132
0.007343
2.67
7.861
10.08
6.653
0.1873
0.01488
0.01068
0.8179
0.3803
0.4044
0.5043
0.2811
0.2838
0.4326
0.4135
0.412
0.3647
0.3277
0.3231
0.2548
0.235
0.2281
0.2514
0.2686
0.2895
0.256
0.2296
0.2258
0.2827
1.12
0.8575
2.304
1.492
0.7164
0.3677
0.3452
0.4044
0.386
0.3899
0.4028
0.4219
0.4417
0.2693
0.2926
0.008774
0.5669
7.507
6.946
9.167
2.621
0.176
0.004768
0.01411
0.4227
0.5074
0.3284
0.3666
0.47
0.2888
0.3567
0.425
0.415
0.4433
0.3494
0.3227
0.2651
0.2678
0.2552
0.2769
0.2472
0.272
0.2445
0.2441
0.2335
0.3006
0.3048
1.163
0.8713
2.011
1.463
0.9872
0.3654
0.3513
0.3632
0.3872
0.3765
0.4181
0.4089
0.3639
0.2304
0.2811
0.03185
0.00906
6.506
8.191
9.998
2.246
0.1743
0.006771
0.06924
0.8286
0.3242
0.3506
0.486
0.2739
0.3086
0.4005
0.428
0.3757
0.3216
0.296
0.2266
0.2266
