0.0
0.0
0.0
1.727
0.0
0.0003815
0.001907
0.0005722
0.8377
0.004864
0.0
0.0
0.0
0.0
2.634
0.0008583
0.0007629
0.0007629
0.0009537
0.0007629
0.0009537
0.001526
0.001049
0.0006676
0.0008583
0.0008583
0.0008583
0.0007629
0.0007629
0.001049
0.001144
0.0008583
0.00124
0.0008583
0.0009537
0.0009537
0.0008583
0.00124
0.0006676
0.001526
0.0008583
0.0009537
0.0007629
0.0009537
0.0008583
0.00267
0.00124
0.0008583
0.0006676
0.0007629
0.0009537
0.0009537
0.001049
0.001717
0.0009537
0.0005722
0.0007629
0.001717
0.001335
0.0009537
0.001431
0.0009537
0.001621
0.0005722
0.0
