7.69
7.678
7.666
7.666
7.666
7.678
7.727
7.837
7.861
7.861
7.861
7.703
7.678
7.678
7.69
7.678
7.69
7.69
7.678
7.678
7.678
7.666
7.666
7.703
7.703
7.69
7.678
7.666
7.666
7.666
7.666
7.654
7.678
7.666
7.654
7.654
7.678
7.812
7.874
7.776
7.69
7.69
7.678
7.678
7.678
7.678
7.678
7.69
7.69
7.69
7.69
7.69
7.678
7.678
7.825
7.776
7.678
7.678
7.678
7.678
7.666
7.678
7.666
7.678
7.678
7.678
7.69
7.788
7.751
7.678
7.678
7.69
7.666
7.69
7.69
7.69
7.678
7.666
7.788
7.837
7.825
7.861
7.849
7.861
7.776
7.69
7.69
7.69
7.69
7.8
7.861
7.764
7.849
7.849
7.727
7.678
7.666
7.654
7.837
7.837
7.849
7.837
7.861
7.849
7.849
7.849
7.849
7.849
7.849
7.739
7.678
7.666
7.788
7.849
7.837
7.837
7.849
7.837
7.837
7.849
7.861
7.849
7.861
7.861
7.861
7.69
7.69
7.678
7.69
7.666
7.666
7.678
7.69
7.678
7.69
7.69
7.678
7.69
7.69
7.69
7.678
7.678
7.678
7.678
7.678
7.678
7.666
7.666
7.666
7.666
7.678
7.678
7.678
7.678
7.678
7.678
7.69
7.69
7.678
7.678
7.69
7.678
7.678
7.678
7.69
7.69
7.69
7.678
7.69
7.678
7.666
7.678
7.678
7.678
7.703
7.678
7.678
7.69
7.69
7.678
7.666
7.666
7.678
7.666
7.654
7.825
7.849
7.861
7.861
7.849
7.849
7.837
7.849
7.849
7.703
7.678
7.666
7.654
7.739
7.849
7.849
7.861
7.837
7.849
7.837
7.874
7.861
7.861
7.861
7.861
7.849
7.788
7.678
7.666
7.666
7.703
7.69
7.666
7.703
7.837
7.837
7.837
7.861
7.812
7.666
7.678
7.666
7.678
7.678
7.678
7.666
7.678
7.678
7.703
7.69
7.69
7.703
7.69
7.69
7.69
7.69
7.678
7.678
7.69
7.69
7.678
7.666
7.666
7.666
7.666
7.69
7.69
7.69
7.678
7.678
7.678
7.666
7.666
7.666
7.69
7.678
7.678
7.654
7.666
7.678
7.678
7.678
7.678
7.678
7.678
7.678
7.678
7.678
7.69
7.69
7.703
7.69
7.69
7.69
7.69
7.678
7.69
7.678
7.678
7.666
7.666
7.678
7.837
7.886
7.886
7.874
7.874
7.861
7.666
7.654
7.861
7.849
7.849
7.874
7.886
7.874
7.751
7.654
7.666
7.654
7.666
7.812
7.703
7.812
7.678
7.812
7.861
7.764
7.849
7.825
7.666
7.666
7.666
7.69
7.69
7.678
7.678
7.678
7.666
7.666
7.666
7.678
7.654
7.654
7.654
7.654
7.666
7.666
7.666
7.666
7.69
7.703
7.69
7.678
7.678
7.678
7.678
7.666
7.666
7.666
7.678
7.666
7.69
7.678
7.69
7.678
7.678
7.69
7.69
7.678
7.678
7.678
7.678
7.678
7.69
7.69
7.69
7.69
7.678
7.678
7.666
7.678
7.666
7.666
7.666
7.666
7.69
7.69
7.69
7.678
7.666
7.703
7.825
7.837
7.837
7.849
7.837
7.837
7.837
7.837
7.751
7.825
7.837
7.874
7.849
7.8
7.849
7.825
7.739
7.666
7.654
7.666
7.69
7.666
7.678
7.678
7.678
7.825
7.837
7.678
7.678
7.666
7.666
7.678
7.678
7.678
7.678
7.666
7.654
7.727
7.715
7.666
7.678
7.678
7.678
7.703
7.69
7.678
7.678
7.678
7.678
7.678
7.678
7.69
7.678
7.678
7.678
7.69
7.69
7.69
7.69
7.69
7.678
7.666
7.666
7.654
7.654
7.666
7.666
7.678
7.666
7.69
7.69
7.678
7.678
7.678
7.69
7.69
7.69
7.703
7.703
7.69
7.69
7.666
7.654
7.666
7.678
7.69
7.69
7.678
7.678
7.666
7.739
7.69
7.654
7.654
7.678
7.69
7.666
7.654
7.849
7.861
7.837
7.825
7.849
7.837
7.849
7.861
7.837
7.654
7.812
7.837
7.825
7.8
7.678
7.678
7.666
7.678
7.849
7.849
7.849
7.849
7.849
7.849
7.849
7.849
7.837
7.837
7.861
7.776
7.69
7.69
7.678
7.654
7.666
7.666
7.788
7.837
7.849
7.874
7.874
7.703
7.69
7.678
7.69
7.69
7.678
7.678
7.678
7.69
7.69
7.69
7.69
7.69
7.678
7.69
7.678
7.69
7.69
7.69
7.678
7.678
7.666
7.666
7.678
7.678
7.666
7.666
7.666
7.678
7.776
7.874
7.849
7.678
7.678
7.666
7.666
7.678
7.678
7.666
7.666
7.678
7.666
7.678
7.678
7.69
7.69
7.69
7.69
7.69
7.678
7.678
7.666
7.654
7.654
7.715
7.678
7.666
7.666
7.666
7.666
7.666
7.703
7.837
7.654
7.8
7.849
7.837
7.837
7.837
7.825
7.825
7.837
7.776
7.666
7.666
7.666
7.666
7.654
7.654
7.788
7.703
7.69
7.837
7.678
7.69
7.666
7.703
7.69
7.703
7.69
7.678
7.666
7.666
7.666
7.666
7.703
7.727
7.678
7.678
7.666
7.666
7.666
7.678
7.678
7.678
7.678
7.678
7.678
7.678
7.69
7.69
7.69
7.678
7.666
7.654
7.654
7.654
7.666
7.678
7.678
7.666
7.654
7.666
7.678
7.678
7.69
7.69
7.69
7.69
7.678
7.654
7.642
7.849
7.678
7.69
7.69
7.69
7.69
7.69
7.678
7.666
7.654
7.678
7.666
7.666
7.654
7.849
7.8
7.678
7.678
7.666
7.654
7.654
7.739
7.715
7.654
7.849
7.703
7.739
7.837
7.849
7.837
7.825
7.825
7.849
7.837
7.837
7.849
7.825
7.849
7.703
7.751
7.788
7.764
7.849
7.837
7.837
7.812
7.678
7.678
7.666
7.715
7.861
7.861
7.788
7.825
7.678
7.666
7.678
7.666
7.666
7.666
7.678
7.678
7.678
7.69
7.678
7.678
7.678
7.678
7.69
7.69
7.69
7.69
7.703
7.69
7.678
7.678
7.678
7.666
7.654
7.874
7.764
7.666
7.666
7.678
7.678
7.666
7.666
7.678
7.666
7.666
7.666
7.666
7.678
7.678
7.678
7.69
7.69
7.69
7.69
7.678
7.69
7.678
7.678
7.666
7.678
7.666
7.666
7.666
7.666
7.666
7.666
7.678
7.666
7.666
7.666
7.666
7.666
7.654
7.715
7.837
7.751
7.666
7.666
7.678
7.788
7.874
7.715
7.739
7.666
7.666
7.666
7.654
7.666
7.666
7.654
7.715
7.69
7.703
7.776
7.678
7.678
7.678
7.69
7.69
7.69
7.678
7.788
7.837
7.861
7.69
7.666
7.654
7.678
7.678
7.69
7.69
7.69
7.69
7.69
7.678
7.666
7.678
7.703
7.703
7.703
7.703
7.703
7.703
7.703
7.703
7.703
7.69
7.678
7.678
7.678
7.666
7.678
7.69
7.69
7.69
7.678
7.69
7.69
7.69
7.678
7.678
7.666
7.666
