5.829
5.829
5.829
5.829
5.829
5.829
5.829
5.829
5.829
5.829
5.829
5.829
5.829
5.829
5.829
5.829
5.829
5.829
5.829
5.829
5.829
5.829
5.829
5.829
5.829
5.829
5.829
5.829
5.829
5.829
5.829
5.829
6.134
9.216
14.87
16.16
16.8
17.21
17.46
17.75
17.99
18.14
15.97
14.48
13.11
11.34
9.607
8.582
11.69
15.43
16.38
17.04
17.46
17.85
17.99
15.19
13.87
11.76
11.13
8.582
8.362
8.508
10.52
15.23
16.31
17.02
17.48
17.9
17.99
14.92
13.5
11.55
11.01
9.973
19.14
20.83
19.48
14.06
9.741
18.38
20.83
20.51
18.33
9.351
8.435
12.99
15.7
16.55
17.29
17.63
17.9
15.97
14.04
12.6
10.05
8.667
11.07
19.92
20.07
14.55
8.594
14.45
16.75
17.5
17.8
14.99
13.09
9.802
13.55
16.43
17.36
17.85
15.14
13.31
8.997
14.48
16.65
17.41
17.87
16.26
13.84
11.47
9.961
8.899
12.67
19.75
20.83
19.41
10.29
12.84
15.67
16.48
17.09
17.55
17.97
18.16
16.46
14.99
14.84
13.48
10.23
8.813
9.351
17.5
20.48
13.11
9.375
17.04
20.7
16.75
9.167
10.03
17.33
20.34
19.82
12.65
18.24
20.07
12.79
8.337
12.46
16.33
17.31
17.77
16.77
15.01
13.21
9.473
8.801
8.508
9.119
8.936
8.728
8.936
9.18
8.972
9.314
9.021
8.923
8.789
8.862
12.92
20.09
20.78
16.97
6.158
5.969
6.726
8.618
12.92
20.19
20.53
16.77
10.82
6.812
6.012
11.49
20.17
20.75
17.11
9.314
9.021
8.984
8.862
8.838
7.031
6.0
5.829
5.829
5.829
5.829
6.799
8.704
9.082
8.777
8.813
8.972
8.862
8.862
8.74
8.777
8.789
8.655
12.67
19.68
20.78
19.56
12.99
8.997
6.689
6.024
5.853
5.829
5.829
5.829
6.641
9.082
10.8
18.68
20.75
20.75
16.7
8.777
9.082
10.11
17.6
20.58
20.8
18.85
10.63
9.106
9.058
9.607
9.534
6.03
6.024
5.853
5.829
5.829
6.738
8.826
8.984
11.36
19.17
20.83
19.6
11.76
8.777
8.606
8.484
8.521
8.545
8.655
8.594
8.813
8.618
8.704
8.789
6.03
6.024
6.024
6.024
6.024
6.75
8.765
8.899
9.131
8.325
8.582
13.23
19.73
20.73
19.97
13.67
8.997
9.094
8.862
8.704
8.63
8.35
8.496
7.556
6.024
6.024
6.024
6.024
6.024
6.75
8.594
8.63
8.606
8.606
9.521
17.94
20.8
19.56
12.01
9.106
8.923
8.691
8.618
8.691
8.398
8.606
8.447
14.6
20.78
20.85
19.7
9.619
6.201
6.738
8.594
9.485
17.99
20.83
19.73
15.04
8.557
8.679
9.961
19.6
20.8
18.36
13.82
8.521
8.276
8.801
15.82
20.83
20.85
18.55
7.092
6.195
6.024
7.007
9.302
9.241
8.765
9.424
8.191
8.459
15.6
20.78
20.83
18.82
10.78
8.374
8.337
9.058
9.509
18.63
20.83
19.51
11.41
9.131
14.79
16.48
17.41
17.92
18.29
18.7
18.95
19.02
19.14
19.14
19.34
19.48
19.53
19.68
19.73
19.85
19.92
19.92
20.12
20.21
20.31
18.48
17.26
18.51
20.26
20.85
20.85
20.85
20.85
20.58
18.9
18.6
18.6
18.51
11.02
8.35
10.35
15.55
16.7
17.38
17.92
18.16
18.58
18.9
19.09
19.17
19.34
19.46
19.53
19.56
19.73
19.73
19.9
19.95
20.12
20.24
20.31
18.97
16.72
18.09
19.97
20.21
20.26
20.09
20.12
20.12
18.92
18.02
17.82
17.82
17.16
15.16
9.863
15.5
16.8
17.41
17.92
18.16
18.65
18.9
19.12
19.19
19.34
19.48
19.53
19.56
19.68
19.82
19.87
20.04
20.12
20.26
20.39
20.07
16.55
17.19
19.41
20.17
20.46
20.26
19.8
19.38
8.459
5.206
5.475
10.08
15.21
16.19
16.85
17.24
17.53
17.94
18.12
18.21
18.36
18.55
18.65
18.75
18.92
18.99
19.14
19.21
19.41
19.53
19.53
19.56
16.28
17.07
19.63
20.26
18.99
18.73
18.73
17.31
15.31
13.72
13.35
9.009
8.618
15.11
16.46
17.19
17.53
17.9
18.14
18.21
18.43
18.55
18.65
18.75
18.87
18.95
18.95
19.14
19.14
19.34
19.53
19.53
19.73
17.07
15.89
18.31
19.73
20.07
20.09
19.97
18.85
16.7
15.48
14.92
14.79
13.5
8.24
14.58
16.09
16.82
17.24
17.58
17.9
18.16
18.31
18.53
18.55
18.68
18.92
18.92
19.12
19.14
19.14
19.31
19.53
19.58
18.95
16.5
17.82
18.77
19.31
19.51
19.51
19.51
19.53
19.31
17.36
17.04
17.02
16.5
14.48
6.958
13.55
16.14
15.19
12.44
12.11
10.6
15.67
16.41
12.11
12.21
10.46
10.53
14.87
16.21
15.48
12.67
12.45
9.192
11.51
16.04
14.89
12.67
12.22
8.252
13.38
15.89
16.89
17.46
17.87
18.29
18.41
18.55
18.55
18.73
18.8
18.95
19.09
19.12
19.29
19.38
19.56
19.73
19.36
16.28
17.65
19.92
19.87
19.87
19.87
19.87
18.82
17.94
16.53
14.65
7.837
8.496
14.65
16.02
16.65
17.26
17.68
18.07
18.29
18.51
18.68
18.75
18.9
19.02
19.14
19.24
19.34
19.34
19.48
19.68
19.73
19.68
16.92
16.63
18.65
19.63
19.7
19.68
19.51
18.65
16.75
16.04
15.84
15.43
12.01
9.802
14.99
16.02
16.5
16.92
17.16
17.38
17.48
17.75
17.99
18.16
18.16
18.33
18.55
18.55
18.55
18.6
18.75
18.75
18.92
18.99
19.14
19.14
19.31
19.31
19.43
19.65
19.73
19.73
19.34
15.97
16.97
19.53
20.09
20.09
20.09
20.09
20.0
19.26
18.8
17.09
14.89
14.75
14.72
14.72
8.716
13.77
19.8
18.02
11.1
9.631
8.264
10.6
8.936
17.5
19.65
13.77
9.973
12.65
19.51
19.65
14.11
14.89
12.3
16.8
18.33
17.46
11.22
9.265
8.752
14.38
19.75
20.29
16.43
8.777
10.13
8.887
9.277
8.752
9.277
8.582
14.5
19.8
19.48
14.6
10.1
11.52
11.18
17.5
19.31
16.26
9.106
8.337
14.53
16.53
17.29
17.6
17.92
18.36
18.55
18.7
18.75
18.75
18.92
19.02
19.14
19.14
19.34
19.34
19.38
19.53
19.6
19.82
20.0
19.95
17.55
16.33
19.07
20.02
20.02
20.04
20.04
19.65
18.95
18.65
16.97
13.92
8.691
8.801
8.569
16.8
20.48
19.92
13.77
5.695
5.511
5.444
5.444
5.444
5.444
5.444
5.444
5.444
5.444
5.444
5.444
5.444
5.444
5.444
5.444
5.444
5.444
8.179
9.058
9.937
9.375
8.557
9.412
10.38
8.704
9.607
10.16
17.94
