4.431
4.572
6.458
7.666
7.776
8.704
4.572
4.462
3.894
5.182
6.152
6.458
8.093
6.409
4.895
4.181
5.176
4.559
4.218
4.901
4.23
4.706
4.382
5.09
4.547
4.883
5.2
6.458
6.421
7.397
8.936
5.164
4.688
8.313
9.302
10.97
7.568
9.448
9.863
10.9
4.791
5.029
3.296
3.296
3.296
3.296
3.296
3.296
3.296
3.296
3.296
3.296
3.296
3.296
3.296
3.296
3.296
3.296
3.296
3.296
3.296
3.296
3.296
3.296
3.296
3.296
3.296
3.296
3.296
3.296
3.296
3.296
3.296
3.296
3.296
3.296
3.296
3.296
3.296
3.296
3.296
3.296
3.296
3.296
3.296
3.296
3.296
3.296
3.296
3.296
3.296
3.296
3.296
3.296
3.296
3.296
3.296
3.296
3.296
3.296
3.296
3.296
3.296
3.296
3.296
3.296
3.296
3.296
3.296
3.296
3.296
3.296
3.296
3.296
3.296
3.296
3.296
3.296
3.296
3.296
3.296
3.296
3.296
3.296
3.296
3.296
3.296
3.296
3.296
3.296
3.296
3.296
3.296
3.296
3.296
3.296
3.296
3.296
3.296
3.296
3.296
3.296
3.296
3.296
3.296
3.296
3.296
3.296
3.296
3.296
3.296
3.296
3.296
3.296
3.296
3.296
3.296
3.296
3.296
3.296
3.296
3.296
3.296
3.296
3.296
3.296
3.296
3.296
3.296
3.296
3.296
3.296
3.296
3.296
3.296
3.296
3.845
8.752
8.63
8.142
7.617
7.056
6.458
5.927
5.353
4.181
4.779
5.396
5.664
5.481
6.75
6.238
5.42
7.788
9.375
10.42
8.557
5.658
6.982
7.312
7.788
9.167
4.626
5.31
4.291
5.286
4.095
5.408
4.968
4.718
5.737
4.443
5.603
5.804
6.677
6.079
4.797
4.828
4.767
4.95
4.181
5.109
5.652
4.01
4.602
4.834
5.414
6.036
5.902
7.031
8.386
5.157
5.188
4.962
8.008
9.57
9.595
10.66
7.043
9.607
10.06
10.29
4.84
4.114
4.657
5.334
5.67
5.591
5.591
5.585
6.104
7.141
4.553
5.786
6.714
6.616
8.02
8.289
4.041
4.535
4.761
5.005
4.285
4.926
4.749
8.325
9.509
10.94
7.751
5.206
4.437
5.023
4.224
4.822
4.498
4.443
4.974
4.34
4.877
4.242
5.237
5.933
6.14
7.214
8.569
4.907
6.03
6.433
6.946
8.374
5.096
4.828
6.677
9.314
9.937
9.119
5.609
6.104
6.433
6.812
7.043
7.056
7.544
7.727
8.179
8.679
8.728
8.716
8.752
7.922
7.544
9.277
11.44
12.55
12.29
4.803
4.242
5.048
4.028
5.249
5.792
6.616
6.116
7.446
9.448
6.213
4.541
5.475
6.195
5.389
4.987
4.834
5.005
5.981
6.335
6.689
7.019
7.068
7.605
7.593
8.215
8.569
8.582
8.484
8.765
7.593
6.726
8.96
11.21
12.55
9.851
5.072
6.653
6.836
7.678
8.594
4.706
4.572
5.743
5.933
7.263
5.292
6.25
6.812
7.141
4.926
6.067
6.311
6.287
6.555
8.081
7.739
8.301
4.749
4.828
7.373
7.861
8.093
7.983
4.474
5.133
6.335
8.777
7.849
8.85
5.811
9.558
10.35
7.91
5.103
4.651
4.724
5.371
4.584
5.609
6.018
6.836
7.092
7.19
7.739
7.996
8.496
8.423
8.728
7.837
7.3
9.668
12.13
11.51
5.872
6.201
4.626
4.95
6.75
9.924
10.23
8.118
5.09
5.737
7.678
7.593
8.643
5.89
5.182
4.37
3.656
4.828
4.303
5.078
4.712
4.901
6.073
6.47
6.555
7.3
6.641
4.932
4.773
5.658
5.92
6.628
6.873
7.19
7.483
8.105
8.057
8.447
8.704
8.386
6.592
8.484
10.86
12.57
8.667
6.982
9.766
10.23
9.314
6.299
7.874
7.703
9.106
5.499
4.749
5.042
4.23
4.535
5.048
4.865
5.994
6.158
7.056
5.017
4.895
4.712
5.17
4.449
3.784
3.729
6.012
6.567
7.654
7.825
4.602
4.279
4.907
4.126
4.98
4.114
4.901
5.64
9.546
10.14
8.472
4.126
4.492
4.602
4.968
3.79
4.938
5.219
5.463
6.58
6.714
7.3
8.044
4.681
4.956
7.056
6.445
7.52
8.447
4.297
4.541
4.834
4.004
3.296
3.973
4.59
6.018
6.75
6.738
4.736
4.163
4.865
4.681
6.079
6.555
7.056
5.566
9.265
9.338
10.74
5.133
4.62
4.211
5.383
6.201
5.933
7.324
7.495
7.275
9.253
4.883
6.445
6.641
6.799
4.059
5.304
5.151
5.597
5.933
6.232
6.274
6.982
7.141
7.227
7.129
7.593
8.435
8.508
8.643
8.276
7.092
6.885
8.569
10.46
12.32
12.38
4.974
3.882
3.387
6.897
9.326
10.25
9.558
4.828
6.238
6.348
6.445
7.715
5.524
4.272
5.371
4.919
5.121
4.144
5.255
4.333
5.322
4.37
4.626
4.346
5.219
5.164
6.11
6.665
6.848
5.902
6.299
7.056
5.67
5.219
5.127
9.204
10.07
11.28
7.751
5.048
4.041
4.901
4.565
4.938
5.75
6.677
6.909
7.483
8.716
8.057
6.323
6.799
7.263
5.859
7.544
7.739
8.374
6.445
4.962
3.961
4.822
5.695
6.665
6.958
7.3
8.276
7.812
4.37
5.231
4.828
4.358
4.95
4.572
6.702
7.007
7.275
8.276
4.706
6.036
6.75
6.445
6.262
8.105
8.008
9.131
5.347
5.255
3.851
4.852
5.756
6.036
5.634
5.035
4.614
4.486
4.547
5.682
5.249
6.702
7.141
6.543
5.048
4.333
7.043
7.397
7.361
8.081
6.177
8.594
9.583
10.94
5.164
6.348
5.969
7.324
4.883
4.211
3.894
4.785
5.53
6.226
6.458
7.959
6.885
4.449
6.567
6.921
7.593
8.862
4.12
4.926
3.809
4.578
5.432
5.988
5.859
6.152
6.921
6.787
7.458
9.045
4.407
4.602
4.956
4.266
4.803
4.767
9.448
10.47
10.49
5.719
7.166
7.593
8.081
7.52
5.609
9.351
9.106
10.77
5.548
4.578
3.955
4.712
5.365
6.024
5.865
4.102
4.791
5.139
5.615
5.951
6.299
5.945
6.738
8.008
8.923
4.523
5.292
3.29
3.143
3.143
3.394
7.178
3.833
3.351
3.925
4.73
5.402
5.945
5.701
7.056
7.275
7.043
8.826
5.481
4.639
4.7
4.7
5.096
9.229
9.521
10.63
4.596
4.254
5.011
6.384
6.714
7.69
8.875
5.06
6.14
6.97
6.433
4.791
4.242
5.005
3.992
4.816
4.102
5.17
4.895
5.09
4.877
6.97
7.349
7.935
7.568
4.358
5.078
4.407
4.999
5.878
7.422
7.507
9.094
5.396
4.12
4.968
4.285
5.615
6.396
6.799
8.228
7.043
4.803
5.676
5.969
6.171
6.775
7.08
7.227
7.288
7.703
7.788
8.301
8.215
8.655
7.605
6.58
8.508
10.49
12.41
12.44
4.803
5.084
4.12
5.469
