0.0
0.2781
0.1589
0.1177
0.2991
0.2617
0.2834
0.1236
0.08783
0.2975
0.1266
0.0003815
0.0
0.0
0.0
0.0
0.0
9.537e-05
0.0
0.0
0.0
0.0
0.0
0.0
0.0
0.0
0.0
0.0
0.0
0.0
0.0
0.0
0.0
0.1049
1.299
1.459
1.648
1.483
1.282
1.268
1.785
6.616
5.322
2.264
0.1902
0.1505
0.2407
0.206
1.602
2.106
2.408
2.261
5.438
5.042
3.049
0.7484
0.1343
1.526
2.328
2.457
2.121
2.89
6.494
4.565
0.8148
0.0001907
0.0
1.132
1.852
2.396
2.74
4.81
4.761
2.869
0.7614
0.1795
0.3735
0.5623
0.2209
0.3078
0.1072
1.614
1.311
1.465
1.541
2.213
6.226
4.218
1.028
1.079
2.246
2.328
2.509
4.34
5.17
2.826
0.531
0.1776
0.156
0.5211
0.6836
0.2724
0.4005
0.3273
0.2674
0.1709
0.2331
0.4051
0.2602
0.6592
0.1816
0.3277
0.1717
2.322
2.167
2.466
2.887
6.86
4.163
0.5013
0.7004
0.1606
0.4211
0.4387
0.1564
0.3418
0.1293
0.9857
0.07162
0.602
0.9094
0.5768
0.7904
0.7713
0.2811
1.712
1.804
1.73
1.611
1.758
6.409
4.59
2.371
0.396
0.4524
0.4669
0.6317
0.4471
0.4471
0.3998
0.1806
0.3849
0.4662
0.3849
0.08307
1.782
2.084
2.237
1.91
2.005
6.726
4.535
0.8926
0.65
1.95
1.965
2.054
1.91
5.328
5.042
2.927
0.7027
0.3998
0.3223
0.3223
0.5913
0.3063
0.1228
0.14
0.3685
0.3067
0.09508
0.0
0.0
0.0
0.0
0.0
0.0
0.0001907
0.0
0.0
0.0
0.1335
0.2602
0.1284
0.09842
0.3689
0.3674
0.2949
0.2808
0.04492
0.5104
0.1564
0.1089
0.04272
0.2079
0.0
0.0
0.0
0.0
0.0
0.0
0.0
0.0
0.0
0.0
0.0
0.004768
0.2197
0.4951
0.08736
0.1228
0.1005
0.3792
0.06514
0.2819
0.2403
0.004005
0.1947
0.02937
0.172
9.537e-05
0.0
0.0
0.0005722
0.0
0.0
0.0
9.537e-05
0.0
0.0
0.0392
0.2647
0.4616
0.1631
0.3887
0.3895
0.09089
0.2346
0.4143
0.05445
0.5455
0.4524
0.3727
0.1009
0.1356
0.2117
0.2396
0.0
9.537e-05
0.0
0.0
0.0
0.0
0.0
0.0
0.0
0.0001907
0.0005722
0.0
0.0
0.0
0.0
0.602
0.2377
0.23
0.2033
0.1783
0.0
0.0
0.0
0.0
0.0
0.0
0.0
0.0
0.0
0.002003
0.3101
0.359
0.301
0.2678
0.3544
0.1431
0.2483
0.1738
0.4951
9.537e-05
0.0
0.0
0.0
0.0
0.0
9.537e-05
0.0
0.0
0.0
0.0001907
0.0
0.0
0.0
9.537e-05
0.0
0.0
0.0
0.0
0.0
0.0
0.0
0.0001907
0.0
0.0
0.0
0.0
0.0
9.537e-05
0.0
0.0
0.0
0.0002861
0.0
0.0
0.0
0.0
0.0
0.0
0.0
0.0
0.0
0.0
9.537e-05
0.0
0.0
0.0
0.0
0.0
0.0
0.0
0.0
0.0
0.0
0.0
0.0
0.0
0.0
0.0
0.0
0.0
0.0002861
0.0
0.0
0.0
0.0
0.006008
0.1015
0.8881
1.163
1.471
1.764
1.92
1.84
1.996
1.883
1.578
1.543
1.379
1.039
0.8377
1.108
1.736
1.898
1.993
2.136
2.2
2.518
2.374
2.271
4.022
9.46
11.99
11.05
11.98
9.766
10.13
5.469
3.363
1.782
1.497
1.95
2.643
2.264
2.289
1.694
1.537
1.73
1.883
1.947
1.761
1.935
2.237
2.646
2.219
1.752
2.014
2.209
1.862
3.448
8.887
9.448
10.53
9.473
8.85
7.336
7.043
5.267
5.103
2.557
2.249
0.9644
0.8026
1.889
2.17
1.941
1.706
1.898
2.051
2.539
2.438
2.628
2.188
2.191
2.087
1.996
2.237
2.255
1.892
1.978
2.625
2.475
7.202
10.03
8.801
11.21
8.191
7.788
7.52
6.714
4.144
3.485
2.249
2.374
1.984
0.4646
1.163
1.469
1.407
1.877
2.185
2.136
2.289
2.197
1.813
1.904
2.136
2.066
2.148
1.935
1.987
1.697
1.448
1.44
1.447
1.385
1.456
1.21
1.822
4.681
6.653
6.409
4.059
8.789
6.458
6.75
7.947
5.396
7.275
4.761
4.041
3.552
2.808
2.734
2.173
0.3521
1.422
1.584
1.492
1.926
2.307
1.935
1.718
1.553
1.561
1.651
1.562
1.694
1.543
1.779
1.871
1.541
1.559
1.712
1.889
1.892
1.77
3.687
5.878
11.28
12.67
9.351
9.839
8.96
7.642
4.926
3.809
2.429
1.042
1.393
2.057
2.209
2.072
1.443
1.282
1.846
2.014
1.968
2.036
2.142
2.206
2.09
2.057
1.819
1.764
2.051
1.804
2.045
2.335
5.804
11.65
10.72
11.47
9.729
10.78
6.763
5.493
2.78
1.913
1.073
1.485
1.529
4.614
5.884
1.672
0.8331
1.581
3.381
4.572
0.946
0.6493
1.874
1.88
1.941
1.95
1.755
1.978
1.846
1.886
1.697
2.032
2.039
1.871
1.694
1.846
1.846
1.59
1.883
1.541
1.172
1.106
4.797
8.716
10.08
10.24
9.583
12.05
9.07
7.532
5.817
3.79
2.097
0.6485
2.304
2.481
2.393
1.993
1.886
1.883
2.377
2.414
2.133
2.209
1.877
1.447
1.462
1.274
1.132
1.202
1.225
1.138
1.225
1.245
1.117
1.279
1.146
1.128
1.059
1.163
6.042
6.232
4.779
6.58
5.963
8.069
7.153
5.054
8.191
6.36
4.822
3.369
3.705
2.747
1.537
1.77
1.062
1.535
1.343
1.251
1.198
2.106
2.271
2.072
2.38
2.112
2.005
2.484
2.637
2.539
2.225
1.822
1.416
1.648
1.672
1.642
1.497
1.054
1.222
6.25
6.018
4.956
8.325
12.39
7.703
9.302
5.579
5.121
3.345
1.993
2.588
0.8896
1.611
1.335
0.3307
1.109
0.3914
0.9445
0.9491
0.1259
0.2296
0.1009
0.08583
0.3094
0.2369
1.372
0.2544
0.1516
0.1011
0.2148
0.3803
0.3433
0.1534
0.1961
0.2777
1.816
0.3811
0.3036
0.1835
0.2808
0.5096
0.3788
0.0
0.8514
0.8011
0.8209
0.9262
1.03
1.03
1.009
0.7607
0.2083
0.7828
0.8636
0.8148
0.1995
0.6325
0.7286
0.7599
0.3284
0.1369
0.1146
0.2888
0.1369
0.8911
0.5104
0.4395
0.9201
0.1677
0.8392
0.6104
0.1499
0.8057
0.3216
0.08698
0.08259
0.1638
0.2617
0.5196
0.5264
0.201
0.5104
0.4478
1.152
1.141
1.155
1.254
1.305
1.343
1.309
1.268
1.271
1.103
1.08
1.007
0.8545
0.9186
1.021
0.9781
1.05
0.9125
1.036
1.129
1.08
1.068
1.065
1.131
1.115
1.184
1.073
0.9811
1.071
1.021
1.038
1.141
1.299
1.033
1.062
0.9491
0.9872
5.695
7.654
5.518
4.34
4.688
7.959
4.156
7.739
4.529
5.505
7.69
5.823
3.741
3.979
2.951
1.736
2.533
1.987
0.0
0.0
0.0
0.0
0.0
0.0
0.0
0.0
0.0
0.0
0.0
0.0
0.0
9.537e-05
0.0
0.2792
0.1446
0.1066
0.06819
0.2155
0.2022
0.003529
