17.31
16.48
17.9
17.6
16.26
17.63
15.87
17.41
16.75
16.87
15.75
16.09
16.5
16.58
16.06
16.11
15.75
16.85
15.87
16.26
15.92
16.11
15.55
15.72
16.65
17.92
16.58
17.63
16.75
16.02
15.84
15.53
15.43
17.04
16.02
16.87
15.94
15.6
15.97
16.72
16.26
16.72
17.02
15.8
15.72
15.72
15.7
15.62
17.31
17.29
15.7
15.77
17.21
15.72
15.55
16.97
15.62
17.53
16.63
15.89
16.09
16.75
15.09
16.7
15.5
17.11
16.04
15.16
15.28
15.84
15.8
15.21
15.92
16.38
16.24
15.84
15.99
15.8
15.21
15.82
15.6
16.09
16.36
17.24
16.63
16.48
16.67
15.97
16.02
16.26
16.82
17.94
16.5
16.28
18.02
16.99
16.7
16.63
16.87
15.97
17.92
16.04
16.53
16.11
16.43
16.14
17.53
17.14
16.67
17.04
16.5
16.99
17.36
16.87
16.31
15.94
17.04
16.04
17.26
16.7
15.77
15.5
16.33
16.26
16.09
15.97
16.09
17.53
16.41
17.36
17.16
16.06
16.31
16.33
16.43
16.97
15.6
16.94
16.38
15.48
15.99
16.24
16.16
16.24
16.89
15.8
16.21
16.77
16.6
16.04
16.26
17.5
17.94
15.7
15.99
16.41
18.29
17.16
17.09
18.31
16.24
15.65
16.02
16.43
17.36
15.62
16.26
16.6
16.02
17.29
16.63
15.97
16.77
16.7
16.55
18.19
16.16
16.04
16.09
16.82
16.26
16.38
17.5
16.24
15.7
16.33
16.85
16.65
16.31
16.26
16.7
15.58
16.63
17.26
16.55
16.5
16.38
17.04
17.8
16.55
17.07
17.65
16.31
15.92
16.48
17.5
16.77
16.75
17.26
17.19
19.56
17.09
16.26
17.29
17.48
17.99
16.5
16.72
16.38
17.29
17.04
19.14
17.46
17.97
17.36
16.94
17.04
17.09
17.04
16.41
17.75
17.65
16.7
16.06
16.31
16.8
17.8
16.11
16.21
16.43
16.67
17.85
17.21
16.92
15.5
16.21
15.84
16.21
16.16
17.16
16.24
18.6
17.92
16.77
18.29
17.75
16.38
16.38
15.97
15.89
18.38
16.53
17.63
16.04
15.89
17.29
16.97
16.04
17.02
16.67
15.84
16.04
16.26
17.24
18.26
16.53
18.07
17.26
16.5
17.97
16.63
17.02
17.04
16.33
16.38
18.02
17.7
17.11
16.33
22.19
16.72
16.5
17.04
16.72
16.53
16.65
16.67
17.02
17.97
16.77
17.14
15.87
17.02
16.33
16.8
16.55
16.02
16.8
16.67
16.77
16.89
17.99
16.24
16.43
17.16
17.09
16.7
16.11
16.7
16.7
16.82
17.6
17.99
17.14
16.58
17.21
17.14
17.19
17.53
17.31
18.16
18.07
18.92
17.21
17.55
18.31
17.43
17.97
17.09
17.82
17.33
18.04
19.43
17.58
18.36
17.19
17.02
16.94
18.63
17.58
17.21
17.9
16.97
18.04
18.75
18.43
17.82
16.99
16.89
17.04
18.16
17.7
16.87
17.09
16.38
17.53
18.02
17.14
17.21
16.94
16.21
16.48
17.02
17.48
16.46
17.09
18.16
16.89
18.09
18.68
16.38
16.58
17.21
16.67
17.02
17.75
18.16
16.63
17.75
16.99
16.82
16.89
16.55
17.09
16.58
17.5
17.63
19.51
16.8
17.72
17.29
17.7
17.04
17.21
17.16
17.55
17.94
18.16
17.65
17.19
17.94
19.29
17.55
17.04
19.24
17.9
16.53
18.63
17.21
16.5
18.65
16.58
18.95
16.97
17.92
17.65
17.31
16.8
18.09
17.11
17.33
18.6
16.65
17.29
17.19
17.48
17.31
16.65
16.97
17.38
16.43
16.97
16.72
17.55
18.63
18.19
17.09
16.92
17.99
16.85
16.94
17.24
17.02
17.24
17.58
17.26
18.46
18.46
18.82
17.82
17.41
17.5
17.55
17.85
17.36
17.68
17.19
17.43
19.75
17.31
17.85
19.46
18.16
18.82
16.94
17.26
17.77
17.72
17.9
20.07
17.48
19.21
18.09
17.41
18.09
18.82
17.55
18.29
18.38
17.04
18.99
19.07
18.04
17.75
16.72
17.85
16.85
17.82
17.75
18.19
18.21
18.19
16.97
17.75
18.21
16.87
16.72
16.43
17.36
16.58
16.89
17.29
16.87
16.58
18.29
18.85
16.94
18.63
17.77
17.63
16.87
16.77
17.63
17.19
18.92
20.02
17.04
18.65
17.02
16.41
17.09
16.24
17.04
17.8
17.92
17.55
17.16
17.8
17.6
17.38
18.19
16.77
17.14
18.58
19.04
16.67
16.89
18.04
19.02
18.09
17.5
19.78
18.21
16.58
18.38
16.94
16.99
18.92
17.33
17.72
16.82
17.68
17.97
22.58
18.41
16.99
17.26
17.31
16.92
18.53
17.07
17.26
17.31
17.46
17.43
17.33
17.14
16.67
17.33
16.94
17.99
16.89
18.48
17.26
17.26
16.99
18.65
16.43
17.31
17.24
17.33
17.33
17.36
18.21
18.55
18.85
17.92
17.6
17.68
18.21
17.29
16.8
17.16
17.07
17.75
18.75
17.55
18.8
19.34
18.38
19.04
18.04
17.75
17.36
18.14
18.36
20.31
18.77
18.48
17.94
17.72
17.58
19.87
19.36
17.72
18.85
16.97
18.6
18.8
18.16
17.8
17.63
17.6
17.36
18.12
19.36
17.82
18.09
17.92
19.14
18.04
19.02
17.58
17.72
18.24
16.85
17.55
17.46
18.26
18.38
17.68
17.6
18.53
19.12
19.14
18.77
17.77
17.48
17.87
17.9
18.73
18.48
19.29
17.43
18.31
17.07
17.53
18.38
17.36
17.82
17.46
18.38
19.17
19.04
17.65
17.72
17.04
17.63
18.77
18.46
18.26
17.87
19.24
19.56
17.9
18.19
17.97
19.68
18.63
17.8
19.75
18.51
18.19
19.09
17.99
18.19
20.02
17.72
19.38
17.92
17.33
17.55
18.02
19.38
18.36
17.31
18.16
17.41
19.34
19.24
18.29
18.55
18.19
18.07
18.07
18.33
18.58
18.09
18.26
20.19
17.58
17.6
17.72
18.85
18.16
17.19
17.63
18.9
17.48
18.26
18.33
17.92
