18.24
14.58
20.19
15.45
23.0
17.16
18.46
22.36
23.56
17.68
22.85
18.53
19.58
14.36
22.88
16.8
14.18
17.8
16.53
19.82
16.48
20.24
16.65
21.8
18.09
20.24
16.43
22.44
20.36
17.94
13.11
21.17
17.21
16.5
15.97
15.5
14.26
11.69
18.09
13.16
16.75
13.38
16.58
13.89
19.97
16.21
19.36
11.72
15.11
13.62
18.19
14.09
17.68
19.75
15.09
17.48
15.48
24.49
16.41
19.85
16.21
20.34
13.96
16.65
13.01
17.38
20.56
18.29
17.26
20.29
17.48
13.04
16.04
16.82
20.65
14.82
17.48
14.43
17.6
14.48
18.8
14.4
17.72
22.75
13.82
18.16
15.48
17.63
16.7
15.67
13.92
18.68
15.62
17.65
13.7
13.7
17.65
14.77
17.43
14.55
15.94
17.38
14.18
17.24
13.84
17.65
13.67
17.26
15.41
13.48
14.97
17.55
14.72
22.58
19.58
13.53
16.24
12.65
13.33
16.77
12.99
15.6
13.55
17.63
12.34
15.36
11.73
15.38
12.49
15.92
15.36
16.97
15.11
16.58
11.41
14.79
12.34
19.38
22.14
11.39
19.53
12.43
11.55
15.41
12.67
18.12
14.04
16.97
17.65
16.87
12.79
16.7
12.82
15.45
12.89
17.77
12.77
20.48
12.11
15.5
13.84
15.33
12.02
15.48
14.16
22.44
14.45
26.61
16.85
14.31
17.7
16.21
14.65
18.53
15.53
13.38
19.26
15.7
22.58
19.21
23.58
19.21
22.14
19.68
23.61
20.48
26.07
24.0
25.54
18.48
22.8
20.85
23.46
20.61
24.73
22.17
27.73
23.54
27.0
23.0
27.15
24.0
27.49
24.9
28.27
22.63
27.29
24.41
27.39
25.44
25.05
20.83
23.83
19.78
26.32
24.95
27.1
24.61
26.42
20.56
27.93
23.63
25.49
21.58
24.51
21.17
24.05
19.85
24.0
19.87
20.9
17.24
20.78
17.99
24.71
17.94
22.36
18.14
22.31
16.94
21.29
17.55
21.51
17.16
20.92
17.9
22.66
15.55
20.85
19.09
20.92
19.09
23.85
17.99
23.97
21.58
21.39
18.65
21.8
18.24
22.68
21.09
23.44
19.82
26.51
23.17
24.76
23.9
28.08
20.85
22.71
20.34
21.46
21.97
22.09
19.75
23.24
21.7
22.34
19.14
23.49
21.53
24.54
22.88
27.29
24.12
25.24
21.51
25.34
21.73
27.69
21.68
25.24
22.09
30.52
26.12
26.61
22.46
26.61
22.85
27.34
28.03
30.62
25.2
28.08
27.98
28.96
26.46
29.39
27.44
30.96
25.24
28.61
27.1
31.35
29.64
28.81
24.49
27.78
24.78
27.39
24.63
27.64
24.83
28.96
25.78
28.52
25.39
26.17
23.19
26.03
21.8
25.59
21.22
26.12
25.1
27.88
26.27
29.3
26.07
25.39
22.95
25.2
23.46
25.88
24.15
27.64
26.71
30.22
24.49
26.9
25.29
26.42
25.2
27.25
25.05
27.0
23.85
28.42
23.71
26.27
20.29
22.66
20.04
22.92
17.36
20.17
18.58
20.12
18.29
24.58
22.34
21.17
17.6
23.34
18.97
20.29
17.72
18.92
16.04
17.87
14.77
17.46
16.11
21.34
19.63
17.8
15.87
18.8
18.53
19.26
27.25
20.19
20.12
20.02
17.99
21.29
17.36
22.53
20.73
22.71
16.65
18.29
18.77
15.87
19.68
16.36
17.04
25.98
20.0
22.19
18.77
21.09
19.09
19.58
16.92
23.14
16.46
21.63
17.7
17.53
16.41
17.7
17.92
15.36
16.31
22.75
17.11
18.53
17.55
23.1
21.9
20.7
20.34
22.31
19.38
23.12
21.0
20.65
17.46
18.85
17.26
23.71
21.09
20.56
21.02
21.07
15.77
17.68
18.02
19.8
17.8
20.48
20.09
22.73
19.82
22.66
22.39
24.05
22.41
23.51
19.92
22.07
22.78
25.0
24.34
26.81
23.85
27.59
23.51
26.81
22.92
26.46
23.78
21.29
20.92
23.32
19.19
22.07
20.9
22.49
21.07
24.73
23.83
22.75
22.09
23.58
21.02
23.73
21.83
24.1
22.31
23.17
21.36
24.17
20.97
23.27
23.49
26.81
23.71
22.88
21.09
23.88
22.56
25.24
23.24
23.29
22.78
25.2
23.0
24.61
22.8
27.59
26.61
24.9
22.58
23.88
22.05
24.12
22.12
26.46
20.9
23.17
20.12
26.71
23.56
26.61
21.46
26.12
23.27
27.64
24.05
25.73
22.53
23.24
21.39
24.0
22.49
24.88
20.87
24.9
21.61
24.83
25.44
24.17
21.78
25.2
21.73
24.63
21.95
24.32
21.68
25.39
23.02
25.63
21.95
24.44
21.63
25.15
23.51
26.22
19.85
23.8
23.75
25.59
20.73
22.39
19.63
21.95
19.29
22.73
20.26
22.68
19.73
21.75
19.7
22.63
19.63
21.7
19.02
20.51
18.38
21.02
18.6
20.51
20.04
21.24
19.97
23.19
18.63
21.36
22.24
25.59
23.68
26.81
25.59
28.37
22.29
28.32
26.9
27.44
24.41
28.71
22.68
24.41
22.29
25.44
22.46
26.51
23.14
25.98
20.61
26.03
19.73
22.56
19.36
21.97
20.48
23.14
19.87
22.53
21.68
26.81
23.66
23.32
21.24
21.51
17.97
19.12
19.34
23.83
20.78
23.83
21.22
24.78
22.92
25.44
23.07
25.49
21.97
26.46
23.29
25.59
26.46
27.29
23.88
26.61
22.19
24.93
22.68
28.96
25.15
26.12
22.88
26.81
24.17
29.05
25.83
27.69
24.22
26.32
22.05
27.83
23.56
24.05
19.63
23.78
24.44
25.44
22.02
25.15
23.83
25.88
21.04
23.05
21.85
23.41
20.36
23.78
21.58
27.49
22.56
24.71
22.31
26.17
20.34
25.2
23.12
24.68
22.63
25.54
20.56
21.88
17.41
20.83
17.09
20.29
17.48
20.65
17.7
20.7
17.43
23.68
21.02
23.58
19.43
26.17
22.95
22.02
18.85
22.88
19.24
21.56
18.43
21.63
18.19
21.58
17.97
21.53
17.92
21.02
17.77
21.26
20.7
24.12
21.36
22.12
18.04
21.24
21.97
21.68
17.92
20.85
18.87
25.78
21.09
24.39
21.83
23.8
16.21
21.12
18.36
20.78
16.6
21.07
18.19
21.46
15.65
18.82
16.41
19.29
16.58
20.41
16.87
19.78
16.99
19.87
15.19
19.09
16.8
22.61
17.92
21.22
16.28
20.21
16.77
21.41
18.07
20.97
16.16
20.83
16.89
19.78
16.87
22.46
23.95
23.39
21.31
21.14
18.55
23.51
19.31
21.46
17.92
19.97
15.65
20.68
17.55
26.22
21.02
23.0
17.29
20.7
23.34
26.37
19.65
22.17
17.92
21.66
17.19
21.41
18.99
21.95
18.09
22.24
18.26
24.1
19.51
22.75
18.26
22.22
18.8
24.07
20.12
23.32
23.78
25.15
19.65
24.05
22.31
22.97
21.09
23.39
19.46
21.95
18.55
22.85
17.48
23.07
19.29
23.8
22.07
24.1
19.17
23.19
18.29
21.75
19.8
23.22
20.95
26.71
22.66
28.27
21.26
24.56
16.72
24.68
24.19
26.76
21.78
26.71
21.61
22.56
20.31
23.85
23.63
25.0
22.17
23.75
19.9
23.78
20.53
24.88
24.29
20.58
19.17
24.02
16.77
20.21
18.65
24.37
17.21
20.53
18.7
21.85
18.51
22.49
18.46
