26.32
22.27
26.61
22.05
29.79
23.44
24.56
21.39
24.73
21.78
25.39
22.19
25.34
21.63
25.78
21.41
24.29
20.85
26.37
24.98
26.56
20.48
24.05
20.87
24.24
20.73
25.1
21.22
24.27
20.56
23.85
21.14
25.05
19.8
23.88
18.63
23.27
18.55
21.24
16.6
21.44
17.24
21.0
17.19
20.68
17.19
22.07
17.7
21.7
17.68
22.39
17.75
22.0
17.58
19.85
20.85
25.59
19.02
20.53
17.16
20.8
17.31
20.43
16.48
20.24
16.77
21.07
16.21
19.95
16.16
19.73
16.82
21.09
16.43
21.17
18.38
20.75
17.41
21.63
16.94
21.19
16.82
20.17
16.63
20.41
16.63
21.56
16.06
19.53
15.58
19.31
15.94
19.78
15.45
18.92
16.16
19.75
16.02
20.43
15.99
19.82
15.97
19.87
15.77
19.68
15.77
19.78
15.89
19.85
15.75
19.9
16.48
19.34
24.49
17.53
15.84
20.26
16.5
20.56
16.43
20.51
16.21
19.12
16.28
20.46
16.28
20.39
16.5
23.85
16.14
19.14
15.14
20.8
18.9
19.34
16.02
21.17
16.92
20.95
16.99
21.53
18.33
21.39
16.97
23.12
19.46
22.75
18.99
22.95
20.29
24.54
19.75
24.27
20.29
24.71
21.12
24.8
20.31
24.63
20.0
24.73
20.97
24.8
21.14
27.1
22.24
25.15
23.61
26.22
21.78
24.88
21.63
24.85
20.73
24.71
20.9
25.29
21.02
25.68
22.8
27.83
21.63
26.22
23.85
27.1
25.59
28.17
25.54
29.74
24.56
28.17
24.1
28.08
24.51
29.15
24.27
28.12
26.03
29.1
26.03
30.03
28.17
31.1
26.95
27.2
24.49
28.76
24.8
28.22
26.86
27.05
23.39
26.81
23.9
27.69
23.93
27.39
24.39
27.49
23.78
27.0
23.19
27.49
23.9
27.64
23.63
27.49
23.27
27.15
24.46
27.1
23.71
26.86
21.46
26.22
22.95
25.73
24.68
29.39
23.46
25.34
23.05
28.08
23.22
25.05
23.78
25.63
26.42
25.54
22.41
26.56
24.07
26.07
23.61
27.05
23.34
27.39
25.54
27.39
26.27
29.44
25.44
28.47
24.17
27.78
25.15
29.05
25.98
29.1
26.51
30.03
26.42
29.88
26.86
30.03
29.54
32.67
28.66
30.22
27.15
29.93
27.05
31.01
27.73
30.96
29.49
31.98
29.05
31.79
31.1
34.23
28.12
31.05
28.86
30.76
27.78
31.54
26.95
29.98
25.73
29.25
26.32
29.3
26.66
29.59
26.12
29.83
25.2
28.96
26.12
29.2
26.17
28.27
24.68
28.91
25.2
27.0
24.39
26.51
23.02
26.86
23.85
26.07
22.88
25.63
21.29
24.46
22.58
25.49
21.36
24.85
22.73
24.49
21.97
24.29
21.19
25.34
21.7
25.24
20.46
23.9
22.12
24.02
22.75
25.59
24.83
25.83
22.97
26.22
20.09
22.17
19.85
21.36
18.99
22.51
19.43
21.29
18.36
20.61
20.12
23.95
20.07
20.73
18.16
20.34
18.09
29.2
18.97
20.95
18.04
20.46
17.7
20.21
23.66
19.48
20.14
21.36
22.0
20.46
20.34
19.9
19.92
20.24
17.9
22.17
16.31
17.99
17.29
18.31
18.19
19.82
18.38
20.7
19.34
21.48
19.31
19.8
16.63
18.51
17.33
25.78
18.7
19.02
17.14
19.75
17.82
22.92
22.19
18.99
17.21
24.1
21.41
19.38
17.38
21.09
19.97
20.17
18.14
21.0
19.19
22.09
22.71
24.37
24.71
25.34
16.72
19.63
18.53
21.36
22.22
21.58
19.12
22.12
19.85
21.63
20.12
22.9
21.53
22.88
20.56
23.0
21.0
25.63
24.95
25.24
23.41
25.34
24.0
27.64
23.49
24.9
24.37
25.98
24.27
25.34
23.19
26.07
24.51
24.78
22.09
26.61
24.8
28.03
25.29
26.95
23.39
25.59
25.34
26.9
25.83
28.22
27.1
27.1
29.15
30.42
26.86
28.22
26.95
29.49
27.49
30.32
28.37
30.08
28.56
29.44
27.49
32.47
27.54
29.74
26.42
29.54
27.44
29.74
25.2
28.76
27.88
29.88
26.95
30.71
33.11
29.93
26.42
30.66
26.9
30.08
26.76
29.88
27.0
29.74
27.83
29.59
27.05
27.39
24.8
27.88
25.54
27.98
27.34
27.59
25.68
29.44
27.05
27.73
25.59
29.83
25.34
27.54
24.88
28.17
25.78
28.22
25.54
29.93
28.56
29.59
27.44
29.74
26.81
29.74
26.61
29.25
26.27
29.15
25.93
29.39
25.88
28.03
25.34
28.12
24.78
25.88
24.15
26.61
24.15
26.42
23.83
25.98
23.75
26.46
23.93
29.35
28.66
29.59
24.85
31.49
25.54
28.96
25.63
29.05
28.81
31.3
25.24
28.61
25.88
27.88
24.83
28.17
25.24
27.49
25.24
28.27
24.49
28.71
24.32
27.1
23.73
27.0
24.8
27.49
25.29
29.59
26.51
28.22
25.05
26.17
25.1
28.08
24.76
27.88
24.1
27.73
25.68
28.61
26.07
28.47
25.34
28.81
24.34
28.27
25.29
28.32
25.78
29.93
24.8
26.61
24.56
30.42
30.03
33.2
30.37
32.91
30.86
32.91
29.49
30.71
25.98
29.39
24.95
25.29
23.9
30.81
24.17
24.68
23.24
24.93
22.88
24.88
23.17
25.05
23.41
26.71
26.03
25.0
22.71
25.44
22.97
25.05
23.19
25.44
23.02
25.54
23.88
25.93
23.07
25.29
23.19
25.24
22.9
25.2
23.34
25.39
21.58
24.0
22.39
24.22
22.61
23.88
21.97
24.71
21.56
22.8
21.36
24.44
21.56
22.83
20.7
22.83
21.09
23.9
20.95
22.83
20.65
22.56
20.02
22.44
19.6
22.31
22.02
22.71
20.46
24.32
20.31
22.75
20.61
22.8
20.73
22.83
20.31
22.41
20.63
22.68
20.12
22.22
20.48
22.05
20.21
22.51
20.56
23.73
20.36
22.88
20.02
22.31
22.53
24.1
20.61
23.36
20.78
22.95
21.07
22.95
20.97
22.8
18.99
21.73
20.85
22.56
21.24
22.9
20.68
23.9
21.44
26.86
25.78
25.93
24.93
26.03
23.12
25.29
22.75
25.98
22.88
24.93
22.58
26.07
22.41
24.19
18.16
20.92
18.07
20.73
17.65
20.73
18.26
20.46
18.85
22.46
20.48
22.88
22.34
23.95
22.34
24.05
21.53
25.34
20.48
23.05
22.63
24.1
21.88
24.15
22.17
27.25
24.29
23.8
20.36
22.8
20.17
25.15
20.12
20.12
18.92
20.8
18.73
20.87
18.07
25.34
19.65
20.68
21.39
20.85
18.38
20.12
18.07
23.14
23.95
24.56
22.41
24.88
23.34
27.69
20.34
21.24
19.26
22.17
21.34
22.68
21.24
26.42
17.85
24.0
16.72
21.9
18.07
20.41
21.58
24.15
20.75
21.46
20.75
27.2
23.27
22.24
23.32
23.39
18.26
20.04
16.67
19.31
17.92
22.58
20.8
20.68
18.63
21.14
20.97
18.85
26.42
21.58
19.29
20.61
19.29
21.24
20.41
21.63
20.92
