0.03195
0.002575
0.04997
0.0267
0.04034
0.0248
0.03061
0.02956
0.02623
0.0
0.035
0.08335
0.005341
0.03271
0.08135
0.03796
0.001526
0.03805
0.03853
0.03595
0.02117
0.02899
0.03805
0.0309
0.03643
0.02556
0.03777
0.03185
0.02985
0.03605
0.03138
0.02928
0.03195
0.03958
0.03262
0.03443
0.02546
0.03014
0.03147
0.02203
0.02565
0.02785
0.02947
0.02451
0.0329
0.04444
0.0246
0.0288
0.03071
0.0002861
0.0289
0.03204
0.035
0.03157
0.03433
0.05808
0.03033
0.02718
0.03986
0.06218
0.05989
0.0309
0.03471
0.03681
0.03614
0.04053
0.04101
0.04053
0.04978
0.03681
0.03309
0.02956
0.02594
0.04015
0.02594
0.02947
0.0
0.03223
0.02747
0.0308
0.02546
0.02899
0.03242
0.02613
0.03157
0.0246
0.02518
0.02251
0.02747
0.02594
0.02518
0.0
0.02594
0.02661
0.02737
0.02804
0.03128
0.03452
0.04683
0.03214
0.04091
0.02584
0.03214
0.02365
0.02575
0.02441
0.02289
0.02966
0.0248
0.03023
0.02871
0.0267
0.03414
0.0288
0.00658
0.03414
0.03176
0.0288
0.02632
0.02508
0.03128
0.02966
0.02317
0.01974
0.02928
0.02604
0.03767
0.02651
0.02832
0.03109
0.02518
0.04082
0.03376
0.033
0.03862
0.03529
0.03748
0.0349
0.03052
0.02995
0.03529
0.02975
0.03901
0.0288
0.02003
0.03452
0.05836
0.03405
0.03748
0.03643
0.04406
0.04244
0.0267
0.03185
0.02308
0.02861
0.02089
0.02689
0.02422
0.03271
0.02537
0.02623
0.02756
0.02928
0.02623
0.02756
0.02527
0.02604
0.03405
0.0288
0.03138
0.05188
0.02089
0.02918
0.02604
0.02594
0.02937
0.02604
0.02613
0.02642
0.03204
0.03834
0.0288
0.03242
0.02594
0.0288
0.03624
0.03576
0.03777
0.0412
0.03691
0.0248
0.03023
0.02584
0.02928
0.03309
0.03719
0.03519
0.03109
0.02918
0.02871
0.03357
0.02699
0.02546
0.02527
0.03338
0.03462
0.03014
0.03262
0.02861
0.03328
0.02728
0.02508
0.03223
0.02556
0.04272
0.02327
0.02699
0.02451
0.02069
0.0309
0.03357
0.03786
0.03414
0.02966
0.03376
0.03157
0.02966
0.02747
0.02708
0.02871
0.02661
0.02079
0.02708
0.03405
0.03843
0.0
0.03033
0.0391
0.03901
0.03338
0.0288
0.0268
0.04578
0.03147
0.03319
0.05302
0.03424
0.02499
0.03595
0.02928
0.0349
0.0289
0.0391
0.002384
0.02756
0.03319
0.02985
0.03538
0.02728
0.03242
0.03262
0.02499
0.03633
0.0004768
0.04034
0.03185
0.03424
0.03452
0.02947
0.03595
0.02851
0.02651
0.03376
0.003147
0.04063
0.08535
0.05493
0.03147
0.03119
0.03042
0.02813
0.0349
0.04082
0.03786
0.04463
0.03643
0.0329
0.03824
0.04816
0.03853
0.04349
0.03729
0.02995
0.0349
0.03672
0.03777
0.03023
0.04044
0.03395
0.03729
0.03548
0.03977
0.03014
0.03767
0.1919
0.1486
0.03929
0.04416
0.02737
0.04396
0.05913
0.06781
0.04158
0.033
0.0308
0.02947
0.02956
0.03405
0.03099
0.03672
0.03433
0.04168
0.03786
0.03815
0.03653
0.03748
0.02699
0.02861
0.02823
0.02537
0.02832
0.03176
0.02279
0.02918
0.02556
0.02594
0.02089
0.02747
0.02069
0.02623
0.02155
0.02298
0.02365
0.02718
0.02117
0.02842
0.02642
0.03014
0.02127
0.02737
0.02823
0.02794
0.03004
0.03262
0.03176
0.03405
0.03338
0.02937
0.03328
0.02317
0.02813
0.03424
0.0267
0.03424
0.02613
0.03157
0.02537
0.02604
0.02956
0.03357
0.0782
0.05217
0.02871
0.02985
0.02947
0.02594
0.02766
0.02909
0.03214
0.0267
0.03481
0.04044
0.03452
0.03939
0.03414
0.0351
0.02871
0.03567
0.0392
0.03595
0.04148
0.03624
0.03977
0.1869
0.035
0.03614
0.03872
0.03767
0.04244
0.03605
0.03099
0.02489
0.03862
0.03557
0.03128
0.1083
0.037
0.02909
0.02556
0.02584
0.02422
0.02527
0.02613
0.01917
0.02527
0.02632
0.02327
0.02232
0.01812
0.02069
0.02098
0.02127
0.02317
0.01783
0.02108
0.02136
0.02041
0.02451
0.02327
0.03901
0.02422
0.02708
0.02289
0.0247
0.02213
0.03252
0.02985
0.02813
0.03653
0.03185
0.035
0.02699
0.03805
0.03691
0.02747
0.03099
0.02804
0.03567
0.02241
0.02422
0.03233
0.04072
0.03748
0.03204
0.04301
0.003242
0.02775
0.02966
0.03939
0.03109
0.02747
0.0227
0.02108
0.02756
0.02251
0.02775
0.03252
0.03691
0.03042
0.03958
0.05169
0.09823
0.04673
0.04911
0.04358
0.03557
0.03042
0.02823
0.03538
0.0267
0.03138
0.03023
0.03757
0.005341
0.04368
0.05465
0.03891
0.03414
0.02708
0.0309
0.0329
0.03834
0.03471
0.03796
0.02823
0.04435
0.03233
0.02785
0.03214
0.02775
0.03481
0.04139
0.04177
0.04702
0.06208
0.05751
0.04034
0.04196
0.04511
0.03614
0.04091
0.04301
0.0493
0.0452
0.03681
0.03357
0.03891
0.03357
0.03824
0.02985
0.03929
0.04177
0.04683
0.02613
0.02909
0.03157
0.02804
0.03376
0.0309
0.03052
0.03119
0.02422
0.03233
0.02737
0.02909
0.02871
0.02718
0.03128
0.03014
0.02956
0.02928
0.02785
0.03405
0.0391
0.03052
0.02804
0.03996
0.02623
0.02241
0.02317
0.02413
0.02565
0.02604
0.02604
0.02718
0.0247
0.02747
0.02174
0.02584
0.02556
0.02337
0.02394
0.0226
0.02308
0.02546
0.02985
0.02775
0.03033
0.03014
0.02565
0.07734
0.02403
0.02832
0.0248
0.0227
0.02756
0.03672
0.03128
0.03567
0.02441
0.03185
0.03376
0.02394
0.02689
0.02975
0.02928
0.04301
0.06189
0.03014
0.03071
0.02909
0.03185
0.035
0.03242
0.02699
0.02804
0.02909
0.02623
0.03643
0.03204
0.0351
0.03195
0.02975
0.03271
0.03405
0.03376
0.0288
0.0309
0.03014
0.03242
0.0391
0.0267
0.02661
0.03166
0.03223
0.03014
0.033
0.02899
0.03338
0.03242
0.0308
0.03061
0.03891
0.03033
0.02899
0.03138
0.05684
0.02222
0.03166
0.02432
0.02851
0.02499
0.02766
0.02317
0.02413
0.0411
0.03862
0.03347
0.02584
0.02174
0.02136
0.06504
0.04511
0.02279
0.02241
0.02432
0.02537
0.02604
0.02365
0.02193
0.01984
0.02279
0.02594
0.02394
0.02584
0.02575
0.02546
0.02613
0.02995
0.02136
0.03071
0.0576
0.05274
0.0246
0.02317
0.02108
0.02756
0.02851
0.02813
0.02403
0.02327
0.02756
0.02451
0.02623
0.02337
0.02451
0.02947
0.0268
0.03443
0.02518
0.02804
0.01917
0.02289
0.0206
0.02308
0.02308
0.02031
0.05741
0.0246
0.02337
0.02556
0.02489
0.02298
0.02575
0.02937
0.02575
0.02937
0.02851
0.02537
0.03023
0.02871
0.02661
0.03681
0.03529
0.02546
0.02766
0.0246
0.02556
0.03119
0.01669
0.02012
0.01602
0.01726
0.01926
0.02127
0.0206
0.0186
0.02327
0.01726
0.02108
0.02851
0.02699
0.02251
0.02108
0.02842
0.02508
0.02527
0.02518
0.02851
0.02518
0.03042
0.02213
0.0351
0.03138
0.02546
0.01945
0.02298
0.02956
0.02556
0.02346
0.03252
0.02556
0.03004
0.08984
0.0268
0.01993
0.0247
0.02165
0.03309
0.02146
0.02441
0.01841
0.02098
0.02346
0.02136
0.02127
0.003052
0.02279
0.02012
0.02422
0.02298
0.02041
0.02213
0.01974
0.03233
0.02871
0.0329
0.02022
0.02518
0.02556
0.02813
0.02689
0.02375
0.03042
0.03338
0.03033
0.02508
0.03195
0.03672
0.02995
0.03309
0.02508
0.03147
0.0268
0.02308
0.0227
0.02165
0.0164
0.02251
0.0309
0.03052
0.03195
0.02747
0.02794
0.04015
0.02575
0.02146
0.02642
0.02413
0.02651
0.02985
0.07677
0.03729
0.03452
0.03357
0.02766
0.02956
0.02851
0.0289
0.02499
0.02794
0.02823
0.02766
0.0247
0.03109
0.02413
0.02728
0.02604
0.03233
0.03881
0.02966
0.03014
0.02718
0.03147
0.03204
0.02918
0.03185
0.02518
0.02661
0.02298
0.02956
0.02642
0.02489
0.02956
0.03586
0.03099
0.03271
0.02708
0.03099
0.02403
0.02804
0.02651
0.02956
0.03176
0.0309
0.02556
0.02785
0.02651
0.03033
0.03328
0.03386
0.03223
0.03386
0.03147
0.02947
0.03014
0.02766
0.02356
0.02918
0.02394
0.0248
0.02394
0.02556
0.03109
0.02375
0.02565
0.03433
0.02537
0.03576
0.04253
0.03023
0.02394
0.03166
0.02747
0.03366
0.03366
0.0309
0.02584
0.03614
0.03767
0.02937
0.03223
0.02766
0.02604
0.03281
0.02689
0.02918
0.02422
0.03262
0.02451
0.02785
0.02508
0.02766
0.02661
0.02651
0.02785
0.02317
0.0267
0.02356
0.01822
0.02689
0.02689
0.02232
0.01812
0.0
0.0289
0.02432
0.0288
0.02861
0.02728
0.03786
0.001049
0.03376
0.03004
0.03147
0.02766
0.03185
0.02613
