5.829
5.829
5.829
5.829
5.829
5.829
5.829
5.829
5.829
5.829
5.829
5.829
5.829
5.829
5.829
5.829
5.829
5.829
5.829
5.829
5.829
5.829
5.829
5.829
5.829
5.829
5.829
5.829
5.829
5.829
5.829
5.829
5.829
6.946
10.83
15.36
16.26
16.85
17.36
17.72
17.99
18.19
17.7
15.5
14.4
12.02
11.45
9.094
12.67
15.62
16.46
16.94
17.41
17.75
17.99
17.87
15.41
14.23
12.12
10.56
8.545
8.533
12.06
15.53
16.31
16.75
17.24
17.53
17.82
18.04
16.94
14.65
13.16
11.45
8.85
8.24
8.374
8.826
8.728
13.94
15.77
16.5
16.99
17.36
17.58
17.92
17.99
16.19
14.38
11.96
11.21
9.509
15.43
16.58
17.29
17.65
17.97
15.33
13.6
12.43
9.021
15.16
16.46
17.19
17.55
17.94
15.5
13.31
11.34
8.936
10.77
15.72
16.65
17.33
17.77
17.26
14.77
12.6
10.46
8.899
9.192
9.192
8.923
9.448
9.094
8.801
8.801
9.375
9.033
9.253
8.972
9.119
10.22
20.14
17.8
9.583
15.62
16.89
17.55
17.97
16.6
13.77
10.82
9.094
9.253
9.033
9.18
9.521
8.752
14.48
16.28
17.02
17.6
18.02
17.38
14.97
12.37
10.64
11.28
15.53
16.67
17.43
17.82
16.97
13.43
10.88
8.948
16.65
20.78
14.01
10.57
20.14
19.8
8.337
6.232
6.024
6.024
6.024
6.024
6.024
6.024
6.024
6.024
6.024
6.024
6.024
6.024
6.024
6.024
6.024
6.024
6.024
6.024
6.024
6.024
6.024
6.024
6.024
6.024
6.024
6.024
6.024
6.024
6.024
6.024
6.024
6.024
6.024
6.024
6.024
6.024
6.024
6.024
6.024
6.024
6.024
6.024
6.024
6.024
6.024
6.024
6.024
6.024
6.024
6.024
6.024
6.024
6.024
6.024
6.024
6.024
6.024
6.024
6.024
6.024
6.024
6.024
6.024
6.024
6.024
6.024
6.024
6.024
6.024
6.024
6.024
6.024
6.024
6.024
6.024
6.024
6.024
6.024
6.024
6.024
6.024
6.024
6.024
6.024
6.024
6.024
6.024
6.024
6.024
6.024
6.024
6.024
6.024
6.024
6.024
6.024
6.024
6.024
6.024
6.024
6.024
6.024
6.024
6.024
6.024
6.024
6.024
6.024
6.024
6.024
6.024
6.024
6.024
6.024
6.024
6.024
6.024
6.024
6.024
6.024
6.024
6.024
6.024
6.024
6.024
6.024
6.024
6.024
6.024
6.024
6.024
6.024
6.024
6.024
6.024
6.024
6.024
6.024
6.024
6.024
6.024
6.024
6.024
6.024
6.024
6.024
6.024
6.024
6.024
6.024
6.024
6.024
6.024
6.024
6.024
6.024
6.024
6.024
6.024
6.024
6.024
6.024
6.024
6.024
6.024
6.024
6.024
6.024
6.024
6.024
6.024
6.024
6.024
6.024
6.024
6.024
6.024
6.024
6.024
6.024
6.024
6.024
6.024
6.024
6.024
6.024
6.024
6.024
6.042
9.753
15.75
16.89
17.55
17.85
18.14
18.51
18.75
18.87
18.99
19.17
19.34
19.43
19.53
19.73
19.73
19.78
20.02
20.09
20.24
18.53
20.34
20.56
20.83
20.68
20.51
18.53
17.53
17.24
13.21
12.82
16.19
17.02
17.48
17.9
18.12
18.46
18.65
18.77
18.95
19.09
19.24
19.34
19.43
19.56
19.7
19.73
20.0
20.09
20.12
18.85
20.51
20.83
20.83
20.63
19.19
18.97
16.94
11.17
16.46
17.46
17.87
18.29
18.68
18.82
19.04
19.17
19.17
19.34
19.41
19.53
19.65
19.63
19.75
20.02
20.12
20.12
18.9
20.17
20.78
20.85
20.85
20.36
17.46
17.21
14.18
12.89
16.77
17.68
18.09
18.48
18.73
18.92
19.07
19.17
19.34
19.41
19.53
19.63
19.73
19.78
19.95
20.12
20.09
18.31
20.61
20.85
20.85
20.83
18.09
17.41
17.21
12.45
14.16
16.63
17.46
17.9
18.29
18.63
18.8
18.95
18.97
19.12
19.17
19.24
19.36
19.46
19.56
19.53
19.65
19.73
19.73
19.9
19.95
20.12
20.12
19.63
18.07
20.14
20.87
20.87
20.85
20.85
18.6
16.46
16.46
16.33
9.607
15.72
17.02
17.65
17.92
18.26
18.55
18.75
18.95
18.99
19.17
19.24
19.36
19.36
19.38
19.53
19.58
19.73
19.73
19.82
20.09
20.12
20.12
20.12
20.17
18.73
19.02
20.24
20.39
20.87
20.87
20.8
20.53
20.48
20.36
19.09
16.94
16.85
16.72
16.41
16.06
13.6
10.6
15.58
16.7
15.43
13.87
11.54
11.39
16.31
15.5
13.18
9.778
8.923
12.11
16.46
14.84
13.11
10.16
14.4
16.43
13.79
12.18
10.96
15.67
16.7
15.45
13.84
12.46
10.53
15.97
16.24
12.99
13.01
11.41
16.28
19.36
19.87
17.85
10.85
13.06
15.67
16.43
16.82
15.89
12.62
12.82
12.6
9.924
14.48
15.94
16.53
16.5
12.99
12.62
12.22
9.216
14.6
16.31
16.89
17.26
17.65
17.82
17.94
18.19
18.38
18.58
18.77
18.77
18.92
18.97
18.99
19.17
19.17
19.19
19.36
19.36
19.51
19.56
19.56
19.56
19.56
19.75
19.75
19.75
19.75
19.82
19.95
20.07
20.14
20.19
20.31
20.34
20.26
18.12
19.95
20.19
20.87
20.87
20.85
20.85
19.26
16.85
16.72
16.55
16.46
11.45
14.45
16.21
16.89
17.26
17.72
17.85
17.99
18.29
18.48
18.7
18.77
18.87
18.97
18.97
19.02
19.17
19.17
19.29
19.36
19.36
19.41
19.56
19.56
19.56
19.56
19.73
19.75
19.75
19.75
19.9
19.95
20.12
20.14
20.14
20.14
20.14
17.85
19.48
19.9
20.31
20.87
20.87
20.8
20.56
20.48
20.43
17.99
16.99
16.85
16.85
16.75
16.41
10.1
12.1
9.143
10.27
12.67
12.02
17.04
19.53
19.73
18.7
12.01
10.68
8.643
11.18
9.68
8.679
13.31
16.26
17.02
17.5
17.92
18.02
18.24
18.51
18.73
18.82
18.97
18.97
18.99
19.17
19.24
19.36
19.36
19.36
19.43
19.56
19.56
19.56
19.63
19.75
19.75
19.75
19.75
19.9
19.95
19.95
19.97
20.14
20.14
20.21
20.34
20.34
20.29
18.04
19.85
20.68
20.85
20.85
20.85
20.0
17.48
17.24
17.11
16.99
16.85
14.55
9.18
9.155
9.18
16.06
20.58
20.85
20.26
14.87
6.592
6.104
6.024
6.024
6.024
6.024
6.775
12.1
19.7
20.83
20.83
17.72
8.582
8.936
8.423
6.213
6.042
6.024
6.024
6.024
6.024
6.024
6.024
6.024
6.024
6.024
6.024
6.024
6.024
6.024
6.024
6.024
6.024
6.024
6.024
6.024
6.024
6.024
6.024
6.024
6.024
6.024
6.024
6.024
6.024
6.024
6.024
6.024
6.024
6.024
6.024
6.024
