21.75
17.16
19.51
16.92
19.97
16.6
19.04
18.9
19.21
18.48
19.9
19.7
19.53
15.62
17.75
20.19
16.14
22.36
17.68
20.75
18.58
20.07
22.49
21.58
18.02
18.48
19.58
20.09
15.04
17.65
16.04
18.09
15.38
18.43
20.02
17.24
20.43
19.07
15.26
16.43
12.7
18.21
13.72
12.62
14.84
14.4
15.21
14.6
17.21
15.65
13.55
15.33
17.5
14.18
21.09
16.58
16.19
18.51
16.02
18.87
17.33
19.46
16.75
19.19
18.7
19.38
15.33
22.66
18.26
21.31
15.6
18.26
15.55
17.75
15.41
18.12
15.09
15.21
13.92
16.8
18.99
17.02
15.5
18.09
15.23
19.21
16.6
20.83
19.14
19.68
15.77
18.19
15.55
18.9
15.6
21.39
16.55
16.28
19.24
19.58
21.09
16.89
17.6
15.89
17.7
16.16
18.16
17.33
20.61
18.87
21.36
19.8
18.43
15.84
20.53
20.26
20.48
17.6
20.09
17.8
19.73
17.19
20.09
17.53
20.61
17.87
20.61
17.9
21.34
18.16
20.68
18.63
21.56
20.85
23.61
17.58
18.36
20.65
20.63
17.87
20.43
18.33
21.04
20.21
21.02
18.29
19.36
17.46
19.95
19.87
22.75
19.53
21.48
19.19
18.92
17.19
18.02
15.41
17.6
15.48
19.41
18.31
15.72
19.43
16.46
15.53
17.68
16.02
17.6
16.94
17.6
16.06
18.6
16.38
18.95
16.6
19.17
16.41
27.64
18.04
16.58
18.9
17.31
15.82
14.43
16.67
14.94
17.55
16.55
18.41
14.75
17.87
19.56
24.49
17.63
18.8
16.16
18.92
17.63
19.73
15.77
20.0
16.16
19.63
16.87
19.12
16.02
16.16
18.19
21.09
16.8
21.0
16.19
19.46
16.28
18.51
15.67
18.24
15.8
16.92
19.75
16.53
23.32
19.8
20.83
16.14
18.75
15.11
17.14
15.53
18.58
17.29
17.82
18.6
16.06
18.36
16.6
20.39
16.53
20.75
21.44
24.73
20.56
18.97
16.19
19.82
19.58
19.02
16.11
20.02
17.72
20.41
17.36
20.95
17.75
18.95
16.55
19.65
21.02
26.76
18.65
21.0
17.8
20.21
19.95
21.61
22.17
21.83
19.24
20.75
18.63
21.75
19.17
21.07
20.8
22.71
18.53
21.97
19.26
21.92
20.26
22.71
24.17
24.63
22.12
27.0
23.39
21.95
19.6
22.12
20.95
23.49
21.12
24.76
22.88
24.95
21.41
23.24
20.92
23.56
22.27
26.76
20.8
23.54
21.19
24.34
21.26
25.24
21.34
22.92
20.14
27.44
20.43
22.78
20.26
22.68
20.34
22.97
20.61
23.9
20.09
23.14
20.87
24.44
23.73
24.34
23.14
25.93
20.26
22.9
19.87
22.63
20.31
22.9
20.97
23.9
21.04
23.95
20.39
24.0
21.56
23.46
21.92
27.39
22.27
23.51
21.31
20.8
18.55
20.75
18.14
20.14
17.41
20.75
19.68
21.22
18.9
21.0
21.92
23.02
20.7
21.8
19.04
23.32
19.34
22.27
19.29
21.92
19.46
21.63
18.85
21.24
22.29
24.44
20.43
19.75
18.63
20.53
18.68
20.17
18.97
20.24
19.73
20.95
18.53
19.02
18.58
19.7
16.48
17.7
17.33
24.83
18.36
17.82
27.0
21.39
18.36
19.75
17.16
18.48
17.29
20.61
18.46
18.58
17.04
20.85
17.82
19.04
19.73
18.85
16.02
17.6
17.02
18.02
16.72
18.16
16.28
17.55
16.06
17.58
16.24
17.53
16.11
17.85
17.36
21.85
20.39
20.95
19.73
20.78
20.48
20.53
19.21
22.9
21.7
22.9
22.14
24.32
24.63
24.29
18.97
21.39
21.36
20.61
18.73
23.8
23.41
24.1
22.71
25.73
22.39
23.34
26.56
25.78
23.1
23.66
21.92
27.69
24.58
23.71
22.39
24.24
22.53
24.71
23.75
27.1
28.22
28.96
24.19
23.56
25.49
28.42
24.73
24.32
23.32
25.15
24.66
27.69
24.32
25.63
26.27
25.59
22.61
23.75
21.68
23.73
23.56
24.15
24.9
27.59
23.63
23.71
23.61
27.2
23.56
24.61
23.8
26.03
26.22
26.66
23.68
25.1
24.98
25.73
24.37
28.61
23.78
26.07
25.05
29.93
26.22
29.0
26.32
26.51
27.88
30.57
22.63
23.27
20.26
23.83
18.46
20.19
19.92
22.07
18.43
20.73
18.92
21.48
19.26
22.63
19.02
21.46
17.63
19.36
16.8
20.04
17.53
20.48
18.33
20.0
17.94
21.44
16.46
19.38
16.38
19.31
17.09
19.63
26.46
20.48
20.21
22.07
20.0
20.92
18.92
20.56
19.8
21.8
20.04
22.8
18.9
20.46
18.6
21.14
19.21
21.26
19.43
21.17
19.36
21.39
19.24
20.92
19.04
21.88
18.6
19.63
18.16
21.09
19.14
21.34
20.29
23.34
23.73
24.71
22.46
23.9
21.31
23.83
23.66
25.63
22.97
24.83
21.7
25.24
20.58
23.02
22.66
23.93
22.34
23.49
21.68
24.76
21.22
22.63
21.9
24.71
19.24
21.66
20.56
25.24
18.09
19.34
18.04
19.78
17.7
19.07
19.24
23.44
18.58
19.51
19.04
20.73
16.89
18.16
18.04
18.92
17.38
17.94
15.7
16.46
24.46
16.31
15.06
16.7
14.43
18.85
16.24
13.09
20.87
21.92
17.94
19.02
19.75
18.46
18.09
21.12
19.19
21.29
18.31
22.34
19.14
19.56
16.24
18.16
17.48
18.48
15.19
18.97
17.46
20.68
20.9
21.09
18.58
20.87
21.8
24.58
19.04
19.63
17.07
19.9
17.21
19.8
20.83
23.41
21.92
22.56
17.99
19.41
16.89
19.24
16.24
19.09
16.09
18.75
18.19
17.92
15.84
14.6
17.94
19.87
17.29
17.07
20.7
16.41
18.14
17.87
17.82
13.4
16.72
18.19
15.26
23.56
19.02
17.04
13.13
14.14
25.15
16.33
15.21
17.87
14.75
18.87
18.36
14.06
14.18
22.73
20.04
17.26
17.33
20.0
17.16
20.0
19.04
22.46
19.24
20.56
19.31
21.12
19.24
23.32
21.7
25.78
24.1
21.34
18.09
20.48
18.26
21.24
18.73
24.0
22.63
22.14
21.17
22.71
20.75
23.14
19.82
22.36
20.39
22.66
20.17
22.68
19.75
22.8
19.63
24.0
20.39
22.29
20.34
23.95
16.75
20.34
20.09
22.85
21.14
23.02
23.05
24.76
18.9
21.09
19.75
22.46
20.51
24.07
19.21
21.56
19.17
21.73
19.04
21.92
19.51
21.56
19.56
22.73
19.58
21.68
19.21
20.41
17.29
21.31
18.02
21.46
19.82
24.54
22.68
25.54
20.95
22.49
20.53
22.44
19.43
21.92
24.17
26.12
19.53
21.75
19.04
22.24
18.12
20.34
18.16
20.48
18.31
20.92
18.16
20.75
18.19
19.9
18.31
20.31
21.17
22.49
20.51
26.07
18.99
21.36
19.02
23.41
20.92
23.39
20.87
23.56
21.41
23.61
20.92
23.56
19.58
23.46
21.17
23.41
20.95
23.68
21.46
23.97
21.51
23.39
21.17
23.22
20.63
26.27
21.85
25.05
22.71
25.15
22.46
26.51
27.49
28.71
25.2
25.05
22.49
24.8
23.49
28.81
25.93
26.95
22.39
24.68
22.66
24.78
22.24
24.9
21.7
22.14
20.12
22.29
19.85
22.27
19.46
22.17
20.02
