16.04
17.63
19.36
19.19
20.17
18.82
12.65
11.41
10.94
10.88
10.89
10.89
10.89
10.89
10.89
10.89
10.89
10.89
10.89
10.89
10.89
10.89
10.89
10.89
10.89
10.89
10.89
10.89
10.89
10.89
10.89
10.89
10.89
11.29
12.7
13.38
12.74
12.3
10.88
10.89
10.89
10.89
10.89
10.89
12.7
12.96
13.11
13.06
12.84
13.16
13.23
13.4
28.96
30.18
31.4
31.45
31.54
29.59
28.47
25.15
25.1
24.66
31.93
41.41
43.07
42.97
42.77
42.77
42.72
42.58
42.58
42.58
42.58
42.58
42.82
42.97
42.97
43.02
42.97
42.97
43.02
43.02
42.97
42.97
43.02
43.02
43.02
43.02
43.02
43.02
43.02
43.02
43.02
43.02
43.07
42.92
42.72
42.77
42.48
41.94
37.6
16.55
18.87
18.73
18.38
17.58
17.19
12.72
12.7
13.06
25.49
29.69
31.15
31.4
31.54
30.37
27.83
26.71
26.71
25.44
19.09
39.79
42.77
43.12
42.48
41.99
41.99
41.99
41.99
41.99
41.99
41.99
42.09
43.16
43.12
43.02
42.92
42.92
42.97
42.97
42.97
42.97
42.97
43.02
43.02
43.02
43.02
43.02
43.02
43.02
43.07
42.87
26.9
16.04
17.53
19.63
19.24
18.99
18.73
16.48
12.32
13.04
28.52
30.27
31.3
31.3
30.03
27.05
25.44
24.58
18.82
38.48
42.72
43.12
42.53
42.19
42.19
42.19
42.19
42.19
42.19
42.19
42.19
42.24
42.19
42.87
43.07
43.12
43.12
43.16
43.16
43.16
43.21
43.16
43.21
43.21
43.21
43.21
43.26
43.21
43.21
43.26
43.26
32.81
16.33
16.02
18.19
19.14
18.65
18.75
19.78
15.55
12.27
12.55
23.32
29.3
30.76
31.3
31.25
31.1
27.64
25.78
24.73
19.24
30.86
41.26
43.07
42.87
42.58
42.58
42.58
42.58
42.58
42.53
42.58
42.58
42.97
43.16
43.12
43.12
43.12
43.12
43.16
43.16
43.16
43.21
43.16
43.21
43.16
43.02
43.02
43.02
43.02
42.97
43.07
42.38
35.35
16.21
16.5
18.8
19.82
18.12
19.7
19.7
13.53
12.45
20.29
29.49
30.91
31.35
31.35
30.86
28.12
26.27
24.76
24.46
17.85
38.48
42.48
43.12
42.87
42.58
42.58
42.58
42.58
42.53
42.58
42.58
42.63
42.58
42.87
43.07
43.12
43.16
43.16
43.07
42.97
43.02
43.02
43.02
43.02
43.02
43.02
43.02
43.02
42.92
42.43
23.66
16.09
18.48
19.73
18.48
20.14
18.7
12.6
11.19
10.88
10.89
10.89
10.89
10.89
10.89
10.89
10.89
10.89
10.89
10.89
10.89
10.89
10.89
10.89
10.89
10.89
10.89
10.89
10.89
10.89
10.89
10.89
10.89
10.89
10.89
10.89
10.89
10.89
10.89
10.89
10.89
10.89
10.89
10.89
10.89
10.89
10.89
10.89
10.89
10.89
10.89
10.89
10.89
10.89
10.89
10.89
10.89
10.89
10.89
10.89
10.89
10.89
10.89
10.89
10.89
10.89
10.89
10.89
10.89
10.89
10.89
10.89
10.89
10.89
10.89
10.89
10.89
10.89
10.89
10.89
10.89
10.89
10.89
10.89
10.89
10.89
10.89
10.89
10.89
10.89
10.89
10.89
10.89
10.89
10.89
10.89
10.89
10.89
10.89
10.89
10.89
10.89
10.89
10.89
10.89
10.89
10.89
10.89
10.89
10.89
10.89
10.89
10.89
10.89
10.89
10.89
10.89
10.89
10.89
10.89
10.89
10.89
10.89
10.89
10.89
10.95
14.04
37.94
43.07
43.07
43.16
43.21
43.16
43.16
43.12
43.12
43.12
43.12
43.12
43.12
43.12
43.12
43.12
43.12
43.07
43.12
43.07
43.16
43.16
43.21
43.21
43.21
43.21
43.26
43.26
43.26
42.48
20.09
17.75
21.31
22.85
13.55
11.41
10.9
10.89
10.89
10.89
10.89
10.89
10.89
10.89
10.89
10.89
10.89
11.79
26.37
42.87
43.07
43.12
43.21
43.21
43.16
43.16
43.12
43.16
43.16
43.16
43.12
43.12
43.16
43.16
43.12
43.16
43.12
43.07
43.16
43.12
43.21
43.16
43.21
43.21
43.21
43.21
43.21
43.26
43.26
43.26
36.13
15.72
18.55
21.29
22.19
13.53
11.49
10.88
10.88
10.89
10.89
11.16
14.94
40.48
43.07
43.07
43.16
43.16
43.16
43.16
43.12
43.12
43.16
43.16
43.12
43.12
43.16
43.16
43.16
43.12
43.16
43.07
43.16
43.12
43.16
43.16
43.21
43.21
43.21
43.21
43.21
43.26
43.26
43.26
43.21
23.93
16.65
19.97
22.58
20.21
12.72
11.25
12.23
30.18
42.92
43.07
43.12
43.21
43.21
43.16
43.16
43.12
43.16
43.16
43.12
43.12
43.16
43.16
43.16
43.12
43.12
43.07
43.12
43.12
43.16
43.12
43.21
43.21
43.21
43.21
43.21
43.26
43.26
43.26
42.72
19.56
16.16
19.82
24.27
19.95
12.5
11.22
10.88
10.89
10.89
10.89
10.89
10.89
10.89
10.89
10.89
10.89
10.89
10.89
10.89
10.89
10.89
10.89
10.89
10.89
10.89
10.89
10.89
10.89
10.89
10.89
10.89
10.89
10.89
10.89
10.89
10.89
10.89
10.89
10.89
10.89
10.89
10.89
10.89
10.89
10.89
10.89
10.89
10.89
10.89
10.89
10.89
10.89
10.89
10.89
10.89
10.89
10.89
10.89
10.89
10.89
10.89
10.89
10.89
10.89
10.89
13.18
34.62
42.14
43.07
43.16
43.21
43.16
43.16
43.12
43.12
43.16
43.16
43.16
43.12
43.16
43.16
43.16
43.16
43.16
43.07
43.16
43.12
43.12
43.16
43.21
43.21
43.21
43.21
43.21
43.26
43.26
43.26
43.26
43.26
29.25
16.26
19.63
22.44
20.09
13.26
11.29
10.88
10.88
10.89
10.89
10.89
10.89
10.89
10.89
10.89
10.89
10.89
10.89
11.72
21.83
42.38
43.07
43.12
43.16
43.21
42.97
42.97
42.92
42.97
42.97
42.97
42.97
42.92
42.92
42.92
42.92
42.92
42.97
43.07
43.16
43.12
43.12
43.16
43.21
43.21
43.21
43.21
43.26
43.21
43.21
43.21
43.12
22.0
15.89
18.58
21.17
21.26
13.7
11.6
10.89
10.88
10.89
10.89
10.89
10.89
10.89
10.89
10.89
10.89
10.89
10.89
10.89
10.89
10.89
10.89
10.89
10.89
10.89
10.89
10.89
10.89
10.89
10.89
10.89
10.89
10.89
10.89
10.89
10.89
10.89
10.89
10.89
10.89
10.89
10.89
10.89
10.89
10.89
10.89
10.89
10.89
10.89
10.89
10.89
10.89
10.89
10.89
10.89
10.89
10.89
10.89
10.89
10.89
10.89
10.89
10.89
10.89
10.89
10.89
10.89
10.89
10.89
10.89
10.89
10.89
10.89
10.89
10.89
10.89
10.89
10.89
10.89
10.89
10.89
10.89
10.89
