0.01183
0.01059
0.0103
0.009632
0.01154
0.009823
0.01383
0.008297
0.01183
0.0102
0.008297
0.01221
0.00782
0.01097
0.0103
0.008678
0.01049
0.008869
0.009918
0.008106
0.008392
0.01326
0.008774
0.07553
0.008869
0.008583
0.008488
0.00906
0.008106
0.01326
0.01307
0.008583
0.009537
0.01326
0.01621
0.01106
0.01049
0.01163
0.01144
0.01526
0.01001
0.01488
0.008202
0.01001
0.009346
0.008583
0.01211
0.01125
0.008774
0.008583
0.008678
0.0102
0.01087
0.004387
0.006485
0.006294
0.00639
0.006104
0.00782
0.009727
0.01049
0.007343
0.00658
0.006199
0.007629
0.01087
0.01049
0.008583
0.0102
0.005817
0.00782
0.007534
0.01211
0.004959
0.008488
0.01068
0.01059
0.007629
0.007534
0.01144
0.006485
0.008774
0.007534
0.01316
0.01097
0.01011
0.008106
0.00658
0.009251
0.009346
0.007915
0.008774
0.009155
0.01068
0.0102
0.008869
0.01202
0.008774
0.008583
0.01326
0.008965
0.005054
0.0145
0.01192
0.008774
0.01068
0.007153
0.008774
0.01097
0.01011
0.01135
0.01297
0.01192
0.009251
0.007534
0.007534
0.01612
0.007915
0.02232
0.2228
0.06685
0.06495
0.07048
0.07439
0.01602
0.01402
0.01421
0.0144
0.008297
0.00782
0.008583
0.01383
0.008392
0.01469
0.01154
0.01373
0.01078
0.0103
0.01192
0.01335
0.0104
0.01526
0.009251
0.01154
0.01326
0.01392
0.01516
0.01478
0.008011
0.01583
0.0123
0.01221
0.01469
0.0103
0.01755
0.01822
0.009823
0.01459
0.01736
0.01402
0.02089
0.01259
0.00906
0.01469
0.01192
0.01345
0.01383
0.01411
0.01297
0.01392
0.01497
0.01469
0.01659
0.01497
0.01764
0.01554
0.01574
0.02489
0.01688
0.01516
0.01497
0.01678
0.01965
0.01411
0.02308
0.01831
0.0186
0.02213
0.01907
0.01936
0.01717
0.01183
0.01726
0.02222
0.01497
0.01879
0.01612
0.01554
0.01402
0.0124
0.01307
0.008106
0.007725
0.01793
0.008678
0.01335
0.01221
0.01268
0.01736
0.01717
0.01383
0.01307
0.01831
0.0185
0.01879
0.01354
0.01755
0.01793
0.01945
0.01316
0.0145
0.01459
0.01202
0.01259
0.01888
0.01526
0.02108
0.02184
0.02222
0.01078
0.0103
0.01755
0.01802
0.01211
0.01392
0.01965
0.01345
0.02193
0.01431
0.01831
0.01392
0.01478
0.01736
0.01688
0.01774
0.0144
0.01822
0.01907
0.0145
0.01764
0.01259
0.01831
0.01564
0.01116
0.01802
0.01345
0.01469
0.01097
0.01612
0.01373
0.01516
0.0123
0.0102
0.01259
0.0144
0.01688
0.01507
0.01125
0.01135
0.01717
0.01774
0.01755
0.01297
0.01478
0.01793
0.01526
0.01593
0.01163
0.0144
0.01307
0.01125
0.01459
0.01535
0.01249
0.01364
0.01316
0.01488
0.009727
0.008583
0.01411
0.0103
0.01183
0.01192
0.01688
0.01287
0.0103
0.01135
0.01059
0.01106
0.01249
0.01049
0.01307
0.06924
0.01068
0.008678
0.009251
0.01154
0.009155
0.0144
0.01554
0.01307
0.01526
0.01535
0.01135
0.01297
0.01373
0.01116
0.006485
0.009441
0.007915
0.0123
0.00906
0.01116
0.01717
0.008297
0.01345
0.01822
0.01326
0.01383
0.0123
0.01354
0.008488
0.009155
0.008106
0.01516
0.01383
0.007343
0.0124
0.01297
0.008678
0.01001
0.009155
0.01278
0.01192
0.008583
0.008488
0.01307
0.0102
0.009727
0.008202
0.008011
0.00658
0.00906
0.01125
0.007725
0.01068
0.01049
0.008678
0.007915
0.008488
0.006866
0.01059
0.01049
0.008202
0.007439
0.008965
0.007153
0.006485
0.007343
0.008297
0.007153
0.008202
0.006294
0.008965
0.009441
0.008297
0.01354
0.01249
0.008297
0.007153
0.01078
0.01173
0.009727
0.01278
0.006962
0.01259
0.01354
0.01383
0.0102
0.01097
0.01278
0.01011
0.004292
0.01259
0.01106
0.01049
0.01383
0.01621
0.01545
0.01621
0.01211
0.0123
0.01087
0.01249
0.01879
0.09279
0.1734
0.04864
0.08059
0.1181
0.1362
0.05341
0.01316
0.0104
0.03462
0.0102
0.01068
0.01421
0.01554
0.00658
0.01392
0.01688
0.01297
0.01631
0.0102
0.01736
0.01507
0.01192
0.4868
1.154
0.007057
0.01488
0.02089
0.01068
0.01879
0.01373
0.01802
0.01297
0.01326
0.01783
0.01621
0.01717
0.01421
0.01488
0.01907
0.01154
0.02403
0.01163
0.01326
0.01755
0.02003
0.01554
0.01936
0.01669
0.01698
0.01659
0.01841
0.01745
0.0206
0.01888
0.02441
0.01764
0.0185
0.01402
0.01669
0.01841
0.01554
0.01755
0.02966
0.01822
0.02384
0.02537
0.03033
0.02518
0.0185
0.01602
0.02069
0.02136
0.02193
0.01993
0.01764
0.02079
0.01869
0.02041
0.02165
0.01898
0.01612
0.02794
0.02537
0.01774
0.01945
0.01936
0.01631
0.01526
0.01879
0.01402
0.0206
0.01936
0.02689
0.02155
0.02022
0.01564
0.01841
0.0185
0.01411
0.01984
0.01793
0.01879
0.01974
0.01574
0.01755
0.01888
0.01688
0.02127
0.01631
0.01602
0.01297
0.01841
0.01659
0.01802
0.02041
0.01669
0.02069
0.02098
0.01659
0.01526
0.01211
0.01364
0.0226
0.01583
0.01783
0.01621
0.01955
0.01287
0.02298
0.01907
0.0186
0.01602
0.01965
0.01488
0.01822
0.01535
0.02174
0.02136
0.01459
0.01945
0.01392
0.01974
0.01831
0.01612
0.01259
0.01593
0.01917
0.02003
0.01364
0.01793
0.01383
0.02098
0.0165
0.01984
0.01516
0.01659
0.01316
0.01154
0.0164
0.0123
0.01478
0.01402
0.01602
0.01183
0.01221
0.01411
0.008392
0.01278
0.01135
0.005531
0.01125
0.009632
0.01183
0.01316
0.007439
0.00782
0.01745
0.008392
0.008965
0.01307
0.009346
0.0124
0.007534
0.008011
0.01469
0.01068
0.007343
0.0104
0.01402
0.01307
0.0124
0.01812
0.01431
0.008965
0.01049
0.01497
0.00782
0.01125
0.01087
0.01278
0.009346
0.01249
0.006962
0.0123
0.009918
0.01278
0.01249
0.01116
0.008965
0.007725
0.01097
0.005245
0.006866
0.008678
0.008488
0.01087
0.007725
0.006294
0.005531
0.009632
0.007248
0.009632
0.01221
0.008011
0.02079
0.01116
0.006294
0.008488
0.02174
0.009918
0.01011
0.006485
0.01354
0.01135
0.009537
0.008106
0.01326
0.01049
0.01249
0.01278
0.0124
0.0144
0.01211
0.01345
0.007725
0.01202
0.0124
0.009918
0.01545
0.0103
0.01297
0.01154
0.01326
0.01297
0.01297
0.0144
0.01402
0.01249
0.01383
0.01421
0.01078
0.01545
0.01316
0.0103
0.01278
0.01078
0.01383
0.0103
0.01564
0.01316
0.01211
0.01278
0.01116
0.01497
0.009632
0.01326
0.01059
0.01373
0.01402
0.0124
0.01507
0.01316
0.0123
0.01621
0.0145
0.01059
0.09899
0.1852
0.04969
0.07267
0.1123
0.161
0.06533
0.01669
0.01726
0.03128
0.01364
0.01431
0.01392
0.01554
0.01354
0.01087
0.01106
0.01659
0.01411
0.01554
0.01383
0.01545
0.01183
0.01469
0.01373
0.01621
0.01469
0.01535
0.01707
0.01926
0.01755
0.01507
0.01659
0.01469
0.01869
0.01974
0.01888
0.01802
0.01545
0.01745
0.01526
0.02069
0.07391
0.02337
0.02327
0.0206
0.02441
0.02346
0.02031
0.01926
0.02136
0.01526
0.02155
0.01926
0.02375
0.0206
0.02193
0.02155
0.03061
0.02604
0.02337
0.02451
0.0205
0.02251
0.02089
0.02794
0.0247
0.02308
0.02413
0.0247
0.02851
0.02108
0.02289
0.02232
0.02165
0.01841
0.02012
0.02184
0.02098
0.02565
0.02136
0.02317
0.02489
0.02108
0.02432
0.0226
0.02985
0.02069
0.01841
0.02308
0.02546
0.01764
0.02422
0.02728
0.03033
0.02117
0.02422
0.02327
0.02165
0.02556
0.02356
0.02365
0.02699
0.02842
0.02632
0.02394
0.02279
0.02165
0.02203
0.02804
0.02747
0.0227
0.02222
0.02213
0.02499
0.02565
0.02804
0.02089
0.02823
0.0247
0.01774
0.02146
0.02232
0.01926
0.02756
0.02699
0.02327
0.02699
0.02394
0.02689
0.02308
0.01659
0.02661
0.02117
0.02203
0.01564
0.02317
0.01945
0.01841
0.01583
0.02079
0.01173
0.01488
