0.0
0.0
0.0
0.0
0.0
0.0
0.0
0.0
0.0
0.0006676
0.0
0.0
0.0
9.537e-05
0.0
0.0
0.0
0.0001907
0.0
9.537e-05
0.0
0.0
0.0
0.0
0.0
0.0
0.0
0.0
0.0
0.0
0.0
9.537e-05
0.0
0.00906
0.6569
1.25
1.14
1.254
1.082
0.7156
0.9064
0.795
0.753
2.713
4.248
2.533
3.973
1.485
0.1806
0.4303
0.119
0.08345
0.2445
0.1728
0.396
1.135
1.28
1.593
1.445
1.584
1.509
1.276
5.573
1.813
2.094
2.304
1.16
1.045
0.1818
0.1389
0.1451
0.1905
0.1421
0.9415
1.144
1.146
1.074
0.8682
0.9476
1.076
1.117
1.273
5.804
1.572
1.88
2.49
1.064
0.7278
0.5051
1.082
0.9369
1.022
1.125
0.9949
1.187
1.172
1.254
5.603
2.194
3.055
1.065
0.6523
0.5402
0.07706
0.1324
0.08907
0.2846
0.1173
0.6218
1.236
1.227
1.52
1.505
1.34
1.131
2.304
4.156
2.121
2.969
1.596
0.4242
0.1272
0.4532
0.5936
1.326
1.26
1.407
1.245
1.047
1.323
1.115
4.279
2.997
1.534
3.564
1.318
0.09727
0.9033
0.9781
0.9583
0.9644
1.117
1.056
1.076
1.21
1.274
5.054
2.054
2.737
1.474
0.4539
0.07734
0.4005
0.4456
0.3456
0.1896
0.8575
0.9766
0.8423
0.9628
1.08
1.109
1.257
1.027
1.135
2.798
3.772
1.95
3.265
1.524
0.753
0.4555
0.2037
9.537e-05
0.0
0.0
0.0
9.537e-05
0.0
0.0
0.0
0.0
0.0
0.0
0.0
0.0
0.0
0.0
0.0
0.0
0.0
0.0
0.0
0.0
0.0
0.0
0.0
0.0
0.0
0.0
9.537e-05
0.0
0.0
0.0
0.0
0.0
0.0
0.0002861
0.0
0.0
0.0
0.0
0.0
0.0
0.0
0.0
0.0
0.0
0.0
9.537e-05
0.0
0.0
0.0
9.537e-05
0.0
0.0
0.0
0.0
0.0
0.0002861
0.0
0.0
0.0
9.537e-05
0.0
0.0
0.0
0.0
0.0
0.0
0.0
0.0
0.0
0.0
0.0
9.537e-05
0.0
0.0
0.0
0.0
0.0
0.0
0.0
0.0
0.0
0.0
0.0
9.537e-05
0.0
9.537e-05
0.0
0.0
0.0
0.0
0.0
0.0
0.0
0.0
0.0
0.0
0.0
0.0
0.0
0.0
0.0003815
0.0
0.0
0.0
0.0
0.0
0.0
0.0
0.0
0.0
0.0
0.0
0.0
0.0
0.0
0.0
0.0
0.0
0.0
9.537e-05
0.0
0.0
0.0
9.537e-05
0.0
0.0
0.0
0.0
0.0
9.537e-05
9.537e-05
0.0
0.0
9.537e-05
0.0
0.0
0.0
0.0
0.0
0.0
0.0
0.0
0.0
0.0
0.0003815
0.0
0.0
0.0
0.0
0.0
0.0
9.537e-05
0.0
9.537e-05
0.0
0.0
0.0
0.0
0.0
9.537e-05
0.0
0.0001907
0.0
9.537e-05
0.0
0.0
0.0
0.0
0.0
0.0001907
9.537e-05
9.537e-05
0.0
0.0
0.0
0.0
0.0
0.0
0.0
0.0
0.0
9.537e-05
0.0
0.0
0.0
0.0
0.0
0.0
0.0
9.537e-05
0.09747
1.34
1.486
1.819
2.179
2.383
2.31
2.267
1.675
1.352
1.151
1.041
1.299
1.331
1.309
1.5
1.492
1.471
1.779
1.855
1.971
1.947
2.203
6.628
11.65
8.264
13.06
11.61
10.47
8.374
4.98
3.137
3.253
0.6363
1.314
2.155
1.727
2.032
1.396
1.299
1.241
1.387
1.462
1.424
1.572
1.898
2.127
1.718
1.599
1.332
1.645
1.408
1.561
1.675
1.678
1.427
3.406
5.078
10.05
9.277
9.497
8.215
7.947
6.396
4.242
3.168
2.991
1.782
0.6172
1.271
1.599
1.752
2.386
2.271
2.094
2.09
1.688
1.852
1.605
1.904
1.987
1.627
1.743
2.289
2.179
2.078
2.078
1.381
1.608
1.77
5.084
8.203
9.204
7.666
8.386
6.494
8.423
7.898
3.296
4.419
2.524
1.828
0.9979
1.706
1.978
2.237
2.008
1.697
1.555
1.978
1.913
1.578
1.849
2.069
1.846
1.797
2.148
2.094
1.984
1.617
1.428
1.242
1.34
1.279
1.376
4.425
6.482
8.777
5.237
8.997
7.568
7.91
6.299
7.239
2.731
3.064
3.29
1.932
0.4311
1.712
1.871
1.825
1.718
1.529
1.369
1.248
1.198
1.218
1.297
1.479
1.448
1.321
1.466
1.43
1.164
1.109
1.439
1.642
1.62
1.81
1.779
1.428
2.634
6.897
9.546
3.815
6.616
5.725
7.593
7.153
7.117
6.946
3.546
2.365
3.107
0.4379
1.66
1.697
1.529
1.709
1.624
1.755
1.846
1.852
1.88
2.036
1.566
1.55
1.77
1.663
1.813
1.73
1.917
1.782
1.761
1.709
1.709
2.295
2.078
6.061
10.84
8.289
9.766
8.044
7.056
10.96
4.736
3.162
2.985
0.362
1.082
0.9872
1.161
2.634
3.937
2.994
1.74
1.549
0.4089
0.2048
0.515
0.07935
1.453
2.066
2.014
2.164
1.788
2.023
1.999
1.605
1.804
1.515
1.669
1.755
2.036
2.237
2.139
1.509
1.605
1.947
1.825
1.566
4.486
8.423
4.846
4.175
5.835
9.534
5.688
5.975
6.775
6.171
2.847
2.927
1.343
1.306
1.779
0.9506
1.228
1.439
1.355
1.584
1.575
1.543
1.712
1.834
1.498
1.74
1.614
1.81
1.99
2.621
2.386
2.6
2.472
2.405
2.383
2.432
2.652
5.658
12.11
8.386
10.03
10.67
8.728
6.885
4.553
2.615
1.642
2.335
2.112
2.438
2.67
2.612
2.496
2.548
2.441
2.42
2.542
2.695
2.942
2.579
2.151
2.023
1.663
1.74
1.724
1.825
7.678
9.143
3.723
8.203
5.865
6.97
6.543
8.057
6.036
5.45
2.386
1.822
1.901
1.624
0.631
2.988
0.6317
3.003
0.3132
0.8636
2.829
0.5287
0.2102
0.2861
0.227
2.319
1.019
0.7088
1.292
1.257
1.508
1.212
1.344
1.227
2.094
2.472
2.393
2.429
2.676
2.682
2.768
2.643
2.887
3.064
2.875
3.192
2.994
3.079
9.827
11.27
10.5
8.228
9.155
7.678
4.462
2.78
2.356
0.7225
2.402
1.907
1.907
1.764
1.697
1.816
2.588
1.91
1.611
2.051
2.74
2.945
2.664
2.072
1.978
2.127
2.6
2.716
2.878
4.065
8.398
11.49
10.68
10.35
8.655
6.47
4.791
2.197
1.624
0.5493
0.5882
0.7812
0.4768
0.4982
1.489
2.423
2.502
2.542
2.353
2.197
1.923
1.779
1.843
1.941
2.103
2.014
1.421
1.794
2.048
2.545
2.484
2.56
3.461
8.215
11.39
9.253
9.998
9.155
9.07
4.443
3.882
1.968
0.4326
0.3189
0.4372
0.6996
0.1575
0.3239
0.1059
0.0003815
0.0
0.0
0.0
0.0
0.0
0.0
0.0
0.0
0.0
0.0
0.0
0.0
0.0
0.0
0.0
0.0
0.0
9.537e-05
0.0
0.0
0.0
0.0
0.0
0.0
0.0
0.0
0.0
0.0
0.0
0.0
0.0
0.0
0.0
0.0
0.0
0.0003815
