0.02604
0.02346
0.02604
0.02079
0.02604
0.02346
0.02346
0.02346
0.02604
0.02079
0.02604
0.02346
0.02604
0.02079
0.02604
0.02346
0.02604
0.02346
0.02346
0.02346
0.02604
0.02346
0.02346
0.02346
0.02604
0.02346
0.02604
0.02079
0.02861
0.02079
0.02604
0.02346
0.02604
3.18
34.03
34.47
33.79
34.18
32.13
32.08
28.56
20.29
18.87
35.89
33.54
35.69
35.45
32.67
31.88
25.29
28.22
30.86
22.19
29.05
25.44
30.47
33.4
13.55
25.49
34.38
33.84
34.91
32.76
36.72
27.98
13.45
35.84
35.64
35.64
32.32
33.01
30.76
18.87
15.58
34.42
31.3
34.67
35.69
28.03
32.28
19.38
14.26
19.51
14.33
34.23
35.99
35.5
32.23
35.74
26.51
17.7
33.35
33.45
34.72
31.69
30.96
30.62
17.55
15.01
12.11
26.12
34.38
33.2
35.16
32.08
33.4
21.41
14.58
23.68
32.81
32.96
33.94
29.35
34.23
28.47
19.24
18.24
17.99
17.04
17.8
33.25
34.23
34.18
32.42
29.35
29.3
20.09
7.825
33.06
34.23
32.23
31.54
29.64
33.01
25.29
10.86
29.54
35.21
31.54
34.13
31.79
31.4
22.68
20.73
19.53
22.75
25.88
26.12
19.87
18.85
18.31
17.7
33.64
34.52
33.94
34.91
27.73
31.15
23.61
13.31
31.84
30.91
32.71
32.18
28.56
32.03
27.78
14.67
0.2785
5.182
12.05
0.6744
10.31
0.1406
0.0885
0.02346
0.02604
0.02346
0.02861
0.02346
0.02604
0.02604
0.02604
0.02346
0.02604
0.02604
0.02604
0.02346
0.02604
0.02346
0.02604
0.02604
0.02604
0.02604
0.02604
0.02346
0.02604
0.02346
0.02861
0.02346
0.02604
0.02346
0.02861
0.02346
0.02604
0.02604
0.02604
0.02346
0.02861
0.02346
0.02861
0.02604
0.02604
0.02604
0.02604
0.02604
0.02604
0.02604
0.02604
0.02604
0.02861
0.02346
0.02861
0.02604
0.02861
0.02604
0.02604
0.02604
0.02604
0.02346
0.02604
0.02604
0.02604
0.02346
0.02604
0.02346
0.02604
0.02346
0.02604
0.02346
0.02604
0.02346
0.02604
0.02346
0.02604
0.02346
0.02604
0.02604
0.02604
0.02346
0.02861
0.02346
0.02604
0.02346
0.02604
0.02346
0.02861
0.02346
0.02604
0.02604
0.02604
0.02346
0.02604
0.02346
0.02604
0.02346
0.02604
0.02346
0.02604
0.02346
0.02604
0.02346
0.02604
0.02346
0.02861
0.02346
0.02604
0.02346
0.02604
0.02346
0.02604
0.02346
0.02604
0.02346
0.02604
0.02079
0.02604
0.02346
0.02861
0.02346
0.02604
0.02346
0.02861
0.02079
0.02604
0.02346
0.02604
0.02346
0.02604
0.02346
0.02604
0.02346
0.02604
0.02346
0.02604
0.02346
0.02604
0.02604
0.02604
0.02346
0.02604
0.02346
0.02604
0.02346
0.02604
0.02079
0.02604
0.02604
0.02346
0.02346
0.02604
0.02346
0.02604
0.02079
0.02604
0.02346
0.02604
0.02346
0.02604
0.02346
0.02346
0.02346
0.02604
0.02346
0.02604
0.02079
0.02861
0.02079
0.02604
0.02346
0.02604
0.02346
0.02604
0.02079
0.02604
0.02346
0.02604
0.02346
0.02346
0.02604
0.02604
0.02346
0.02604
0.02079
0.02604
0.02346
0.02604
0.02346
0.02604
0.02346
0.02604
0.02346
0.02346
0.5257
16.02
34.28
34.13
35.01
34.62
34.62
34.96
34.18
33.79
35.06
34.67
33.98
32.62
31.93
34.72
33.11
33.79
33.69
23.73
30.71
33.79
34.96
33.4
30.47
31.69
30.18
16.28
31.1
27.54
0.0
30.08
31.01
28.76
30.86
30.52
30.03
31.15
31.01
27.49
28.22
28.91
28.71
31.01
29.64
29.44
29.49
25.15
29.49
25.78
35.16
34.96
35.3
33.84
29.83
29.25
29.05
11.68
33.98
33.84
33.3
35.11
35.21
33.84
34.72
34.86
34.96
34.72
32.86
29.0
27.0
25.83
24.95
25.63
24.34
24.73
20.02
30.22
35.35
32.81
29.69
27.83
29.2
29.15
20.07
21.61
31.4
31.4
30.62
31.59
31.3
26.9
30.81
31.74
32.42
33.35
30.42
32.91
33.01
33.01
33.4
31.4
29.49
29.3
26.76
32.42
31.3
34.03
31.3
29.69
28.42
28.27
10.89
21.0
26.42
33.89
35.25
34.91
33.79
34.03
34.08
32.18
32.67
32.91
32.47
33.01
32.62
34.91
35.01
35.55
25.88
35.21
33.94
31.35
31.45
29.59
29.74
29.93
11.83
29.0
28.96
28.47
32.13
30.22
29.88
29.15
32.08
32.23
36.18
34.42
33.84
35.11
35.16
35.16
36.38
34.72
27.78
15.26
20.53
24.19
27.83
30.81
33.15
28.52
30.13
28.71
10.66
34.33
32.96
34.28
33.89
34.62
35.89
33.64
33.25
33.84
30.22
29.1
29.88
32.71
33.06
34.08
33.74
32.03
24.73
34.28
35.94
34.38
34.38
30.91
29.69
28.42
18.48
34.03
31.01
33.01
21.9
25.44
30.96
29.98
31.3
15.82
28.96
27.88
27.98
29.35
28.22
20.34
19.51
29.39
26.95
25.24
20.95
23.63
28.81
26.9
28.71
21.0
25.59
29.44
29.49
32.91
10.57
31.93
32.96
32.52
31.45
30.76
31.35
31.69
29.98
29.74
31.98
31.88
32.13
30.32
28.81
29.98
29.2
27.39
27.25
28.61
21.53
27.59
27.59
32.32
30.57
27.64
28.32
28.96
27.44
4.895
32.91
32.62
33.01
31.05
31.25
31.79
30.32
29.83
29.35
27.54
27.05
26.17
24.63
23.58
26.86
27.88
26.37
24.66
24.05
25.88
21.29
24.98
26.61
26.42
25.59
23.46
22.36
24.88
29.79
29.15
13.5
32.32
31.69
31.35
33.59
30.86
33.74
33.59
34.47
36.04
35.21
32.37
32.47
34.18
34.52
33.89
32.52
33.5
24.58
31.79
35.35
37.21
34.62
32.32
29.83
28.42
9.399
33.35
34.08
32.13
34.08
34.13
32.23
33.4
33.69
33.84
33.84
33.94
33.84
31.45
33.4
32.96
31.49
30.96
27.15
26.37
36.13
33.94
30.86
29.79
30.27
28.22
29.05
21.78
20.75
23.0
23.07
29.59
29.2
17.82
22.12
25.59
28.91
29.35
17.5
27.78
22.68
15.14
32.62
33.11
35.4
34.96
33.94
33.45
33.94
34.08
32.71
32.96
33.15
32.08
25.73
29.88
30.62
32.76
32.57
32.76
20.85
31.35
33.84
35.25
35.06
29.49
27.78
27.05
19.26
21.07
21.07
19.58
15.77
20.19
14.33
20.31
20.58
11.72
15.5
20.68
20.12
20.87
12.94
17.41
18.41
18.75
18.48
29.0
28.76
18.41
20.85
19.7
13.77
16.99
11.87
4.736
13.21
15.01
18.16
14.84
20.26
25.93
25.39
21.95
16.97
20.26
16.26
26.71
29.74
22.51
16.92
16.89
10.91
0.1783
0.07811
0.02604
0.02737
0.0247
0.02604
9.18
18.87
18.02
16.6
16.09
18.12
11.34
17.48
10.4
0.1862
0.0742
0.02604
0.0247
0.02737
0.02604
0.02604
0.0247
0.02737
0.02604
0.02737
0.0247
0.02737
0.02604
0.02861
0.02604
0.02861
0.02604
0.02737
0.0247
0.02861
0.02737
0.02737
0.02604
0.02861
0.02604
0.02737
0.02737
0.02737
0.02604
0.02737
0.02737
0.02861
0.02604
0.02861
0.02737
0.02737
