10.68
10.68
11.01
10.63
10.14
9.973
9.802
9.9
10.06
10.08
10.23
10.38
10.64
10.67
10.56
10.42
10.1
10.35
10.47
10.47
10.41
10.46
10.63
10.67
10.6
10.77
10.44
10.11
9.888
9.924
9.68
9.558
9.619
9.9
9.851
9.668
9.546
9.668
9.595
9.949
10.14
10.3
10.57
10.74
10.57
10.73
10.84
10.85
10.85
10.88
10.88
11.06
11.28
11.24
11.46
11.55
11.3
11.05
11.06
11.15
11.62
11.57
11.45
11.32
10.44
10.29
10.41
10.79
10.34
10.4
10.47
10.9
11.38
11.23
11.05
10.97
10.73
10.91
10.88
10.93
10.86
11.19
11.06
11.25
11.25
11.36
11.23
11.08
11.27
11.08
11.06
11.24
11.25
11.35
11.5
11.35
10.99
10.86
10.83
10.69
10.86
10.8
10.67
10.73
10.94
11.23
10.46
10.08
10.1
10.28
10.35
10.31
10.28
10.1
10.01
10.08
10.1
10.14
10.25
10.08
10.11
10.18
10.28
10.42
10.49
10.69
10.31
9.155
8.606
8.655
8.765
8.276
8.423
8.337
8.252
8.386
8.533
8.533
8.923
8.887
8.777
8.691
8.704
8.813
8.96
9.167
9.045
8.472
8.313
8.325
8.423
8.582
8.557
8.533
8.472
8.667
8.618
8.569
8.594
8.923
8.923
8.972
9.033
9.058
8.972
8.655
8.948
9.082
9.302
9.412
9.302
9.351
9.424
9.57
9.766
9.619
9.595
9.668
9.68
9.595
9.631
9.595
9.741
9.485
8.789
8.948
9.155
9.167
9.375
9.033
8.923
9.082
9.119
9.18
9.131
9.607
9.631
9.705
9.558
9.46
9.338
9.509
9.497
9.497
9.265
9.033
9.29
9.302
9.363
9.46
9.497
9.509
9.509
9.314
9.412
9.534
9.497
9.509
9.595
9.546
9.753
9.521
9.631
9.729
9.814
10.16
9.912
9.802
9.888
9.875
9.888
9.326
9.399
9.485
9.46
9.546
9.741
9.912
9.692
9.656
9.692
9.57
9.741
9.692
9.729
9.753
9.521
9.729
9.692
9.692
9.595
9.57
9.949
9.387
8.948
9.204
9.253
9.375
9.167
8.923
9.021
10.4
9.387
9.119
9.302
9.216
9.375
9.18
9.302
9.412
9.436
9.375
9.241
9.351
9.302
9.473
9.375
8.911
8.679
8.533
8.691
8.875
9.119
9.351
9.229
8.997
9.021
9.229
9.277
9.106
9.277
9.595
9.79
9.607
9.497
9.521
9.57
9.631
9.607
9.705
9.753
9.753
9.973
9.888
9.888
9.875
9.888
9.766
9.692
9.79
9.863
9.46
9.167
9.07
9.314
9.302
9.265
9.363
9.583
9.424
10.73
15.8
16.06
16.06
16.09
16.09
16.09
16.09
16.09
16.09
16.09
16.09
16.09
16.09
16.09
16.09
16.06
15.97
15.82
15.75
15.87
15.75
15.87
15.72
15.82
15.65
15.01
14.55
14.55
14.84
14.36
14.38
14.87
14.33
12.82
12.72
12.65
12.7
12.57
12.62
12.43
12.6
12.67
12.62
12.62
12.84
12.65
12.72
12.87
13.38
13.4
13.28
13.21
13.4
13.13
12.79
12.92
12.79
12.65
13.04
13.09
13.13
13.11
13.06
13.01
12.62
12.7
12.6
12.49
12.49
12.7
12.94
11.65
11.69
11.62
11.28
11.22
11.12
11.39
11.44
11.49
11.78
11.58
11.29
11.06
11.16
11.07
11.06
11.08
10.5
10.68
10.9
11.07
11.04
11.06
10.91
10.86
10.86
10.97
11.11
10.96
11.13
11.0
11.01
11.17
11.25
11.47
11.19
11.06
11.12
11.21
10.42
10.33
10.29
10.31
9.729
9.509
9.387
9.424
9.338
9.656
9.863
9.656
9.717
9.814
9.851
9.326
9.326
9.204
9.155
9.119
9.155
9.119
9.302
9.29
9.57
9.595
9.741
9.485
9.119
9.009
8.838
8.984
9.082
9.216
9.241
9.338
9.521
9.546
9.521
9.412
9.497
9.68
9.509
9.57
9.68
9.802
9.753
9.595
9.692
9.705
9.717
9.497
9.497
9.521
9.387
9.619
9.631
9.583
9.717
9.888
9.839
9.79
9.827
9.57
9.68
9.741
9.875
9.607
9.631
9.497
9.753
9.436
8.972
9.143
9.119
9.29
9.375
9.192
9.131
9.119
9.216
9.29
9.546
9.436
9.216
9.363
9.412
9.485
9.521
9.583
9.338
9.814
9.802
9.79
9.57
8.984
8.826
8.716
8.826
9.155
9.167
9.07
9.094
9.131
9.131
9.302
9.204
8.997
9.265
9.485
9.558
9.778
9.729
9.644
9.412
9.399
9.497
9.546
9.631
9.9
9.888
9.692
9.998
9.68
9.521
9.863
9.631
9.143
9.167
9.229
9.314
9.338
9.521
9.155
9.216
9.229
9.302
10.33
15.45
16.02
16.09
16.09
16.09
16.09
16.09
16.09
16.09
16.09
16.09
16.09
16.09
16.09
16.09
16.09
16.09
16.09
16.09
16.06
16.09
16.09
16.09
16.11
16.11
16.06
16.09
16.04
16.06
16.09
15.72
15.72
15.72
15.89
15.82
15.01
14.75
14.82
14.94
14.94
14.79
14.48
13.94
13.87
13.82
13.84
13.84
13.99
13.94
13.82
13.79
14.11
14.16
14.33
14.16
14.06
14.09
13.89
13.57
13.53
13.28
13.18
13.35
13.55
13.75
13.62
13.48
13.38
13.65
13.6
13.38
13.38
13.43
13.18
13.4
13.48
13.75
12.65
12.52
12.26
12.12
12.17
11.83
12.01
12.17
12.37
12.33
12.45
11.9
11.98
11.84
11.91
12.01
11.76
12.0
12.08
12.06
12.26
11.88
11.06
11.06
11.22
11.25
11.29
11.24
11.29
11.17
11.25
11.32
11.33
11.32
11.65
10.86
10.95
10.17
10.21
10.39
10.71
11.02
9.79
9.766
9.57
9.656
9.534
9.766
9.692
9.558
9.692
9.766
9.741
9.851
10.24
10.21
10.14
9.692
9.167
9.131
9.326
9.351
9.314
9.399
9.607
9.631
9.692
9.717
9.741
9.692
9.509
9.521
9.644
9.705
9.705
9.692
9.705
9.888
