6.219
7.678
16.82
20.83
19.82
11.43
13.28
20.19
20.85
20.24
14.77
6.519
6.311
6.219
6.219
6.219
6.219
6.219
6.219
6.219
6.219
6.219
6.219
6.219
6.219
6.219
6.219
6.219
6.219
6.219
6.219
6.219
6.219
9.302
15.09
16.55
17.21
17.7
17.99
18.36
18.19
15.06
13.62
11.89
8.496
8.643
8.887
9.082
15.6
17.11
17.82
18.33
17.09
15.14
13.31
9.534
8.691
13.67
16.92
17.8
18.21
18.29
15.38
14.36
11.24
8.545
8.545
12.74
16.6
17.55
18.14
17.31
15.16
14.45
12.92
20.68
19.65
18.55
19.36
20.36
15.41
15.06
17.07
17.72
18.16
18.26
15.33
14.6
12.37
12.48
16.65
17.58
18.16
17.65
15.43
14.33
10.44
8.606
8.74
9.07
9.106
8.691
8.887
17.14
20.63
18.95
16.46
9.204
9.363
9.399
18.21
20.14
10.94
15.72
17.33
17.97
18.46
16.19
14.5
11.27
10.22
19.7
20.24
17.11
19.14
19.87
18.07
15.94
9.766
9.253
9.363
10.28
9.18
9.204
9.009
15.21
16.97
17.77
18.19
18.48
15.21
15.19
13.35
9.119
9.314
9.473
9.485
9.216
9.167
12.16
20.7
19.56
13.62
9.436
9.229
15.5
17.14
17.92
18.36
18.55
15.75
14.55
12.5
11.45
16.36
17.48
18.04
18.46
16.48
15.04
13.31
11.95
9.644
9.045
8.777
9.912
12.7
20.68
20.83
18.82
17.75
9.607
6.409
6.409
6.409
6.409
6.409
6.409
6.409
6.409
6.409
6.409
6.873
9.021
18.26
20.85
19.12
11.19
9.167
7.996
8.264
8.984
8.386
8.325
9.68
8.691
6.409
6.409
6.409
6.409
6.409
6.409
6.409
6.409
6.409
6.409
6.409
6.995
8.02
9.058
16.02
20.73
20.83
19.19
13.45
8.923
8.569
6.946
8.105
8.618
6.934
6.409
6.409
6.409
6.409
6.409
6.409
6.409
6.409
6.409
6.409
8.105
7.349
9.009
8.875
8.765
8.887
8.691
7.288
8.691
8.411
9.424
8.057
9.253
16.53
20.8
20.83
17.29
6.653
6.47
6.409
6.409
6.409
6.409
6.409
6.409
6.409
6.409
6.409
6.409
6.409
6.409
6.409
8.826
8.716
8.74
8.691
7.52
6.409
6.409
6.409
6.409
6.409
6.409
6.409
6.409
6.409
6.433
8.765
8.545
8.594
8.545
10.34
20.31
20.46
12.02
8.667
6.482
6.409
6.409
6.409
6.409
6.409
6.409
6.409
6.409
6.409
6.409
6.409
6.409
6.409
6.409
6.409
6.409
6.409
6.409
6.409
6.409
6.409
6.409
6.409
6.409
6.409
6.409
6.409
6.409
6.409
6.409
6.409
6.409
6.409
6.409
6.409
6.409
6.409
6.409
6.409
6.409
6.409
6.409
6.409
6.409
6.409
6.409
6.409
6.409
6.409
6.409
6.409
6.409
6.409
6.409
6.409
6.409
6.409
6.409
6.409
6.409
6.409
6.409
6.409
6.409
6.409
7.19
8.606
14.21
16.63
17.41
17.92
18.33
18.46
18.85
19.09
19.17
19.36
19.36
19.48
19.56
19.56
19.73
19.8
20.02
20.12
20.12
20.19
20.41
20.51
19.65
17.7
20.53
20.85
20.43
20.26
19.53
18.41
17.53
11.18
14.92
17.21
18.02
18.36
18.73
19.21
19.31
19.36
19.51
19.63
19.73
19.82
19.92
19.97
20.12
20.12
20.29
20.46
20.68
19.9
17.46
20.63
20.85
20.78
20.68
20.68
20.63
19.04
18.6
18.6
18.41
11.58
13.43
16.55
17.5
18.21
18.38
18.82
19.12
19.26
19.43
19.56
19.68
19.73
19.87
20.09
20.09
20.19
20.29
20.41
20.63
20.65
17.9
19.07
20.85
20.7
20.48
20.17
20.09
18.9
17.53
17.19
17.04
16.97
14.09
11.85
16.21
17.19
17.77
18.24
18.53
18.97
19.17
19.34
19.48
19.58
19.73
19.75
19.92
20.0
20.12
20.12
20.21
20.31
20.34
20.51
20.51
20.51
20.07
17.26
17.7
19.29
20.29
20.29
20.21
19.9
19.9
19.92
19.58
17.97
16.63
16.43
16.09
15.53
11.98
10.85
16.04
17.19
17.77
18.19
18.43
18.85
19.12
19.29
19.34
19.53
19.58
19.82
19.92
19.92
19.92
20.09
20.14
20.31
20.46
20.58
20.7
19.43
17.11
19.63
20.83
20.85
20.85
20.65
19.36
18.99
18.99
18.87
11.34
15.38
17.29
18.04
18.41
18.7
18.95
19.19
19.36
19.51
19.58
19.73
19.9
19.92
20.07
20.12
20.12
20.24
20.43
20.51
20.68
18.85
18.77
20.85
20.63
19.87
19.8
18.65
18.02
17.6
14.09
13.57
16.21
17.07
15.23
13.79
12.19
12.18
16.48
16.09
13.35
11.24
12.05
16.77
17.72
18.31
18.6
19.02
19.21
19.43
19.56
19.63
19.73
19.87
19.97
20.12
20.12
20.29
20.31
20.46
20.7
20.7
20.7
17.94
17.75
20.24
20.68
20.68
20.68
20.53
19.46
17.9
16.97
12.99
10.95
16.63
17.72
18.21
18.6
18.95
19.17
19.26
19.43
19.56
19.73
19.8
19.95
19.95
19.95
19.95
20.14
20.14
20.14
20.17
20.34
20.34
20.48
20.56
20.61
20.53
20.53
18.21
18.77
19.73
20.75
20.87
20.85
20.46
19.82
19.53
18.77
15.97
15.7
15.7
15.7
12.79
8.118
13.94
16.7
17.36
17.82
18.14
18.41
18.87
19.19
19.34
19.53
19.73
19.73
19.85
19.97
20.12
20.12
20.19
20.31
20.34
20.51
20.51
20.51
20.51
17.75
18.26
19.95
20.73
20.85
20.85
20.53
17.53
16.26
16.26
16.14
15.14
10.33
14.21
11.51
9.583
12.3
9.424
12.23
10.17
13.67
14.11
19.36
19.85
18.51
11.05
10.71
12.94
16.7
19.75
19.02
13.57
14.11
19.65
19.63
13.5
12.1
11.08
13.94
19.65
18.75
10.78
8.984
9.119
9.802
9.814
9.509
9.802
10.13
10.29
9.631
9.778
9.521
9.558
9.79
10.63
9.119
9.485
9.241
10.17
10.18
16.85
20.78
19.46
16.14
11.69
9.668
9.619
9.753
8.472
9.973
10.23
9.253
10.1
11.15
18.41
20.65
20.68
15.16
10.17
9.839
9.216
9.619
12.41
16.33
17.09
17.63
18.04
18.31
18.48
18.73
18.95
19.17
19.21
19.36
19.36
19.36
19.53
19.56
19.56
19.56
19.75
19.75
19.75
19.87
19.95
20.07
20.14
20.14
20.14
20.14
20.14
20.17
20.31
20.48
20.53
20.53
20.51
20.56
20.7
20.7
17.82
18.09
19.63
20.09
20.83
20.87
20.85
20.68
20.39
20.31
20.17
17.6
16.28
16.21
15.89
15.87
14.48
7.007
6.409
6.409
6.409
6.409
6.409
6.409
6.409
6.409
6.409
6.409
6.409
6.409
6.409
6.409
6.409
8.972
14.72
20.36
20.83
20.12
16.04
9.155
