27.25
28.03
28.37
28.12
28.17
28.42
29.2
29.0
28.96
28.96
27.83
27.73
27.83
28.08
27.88
27.73
27.49
27.88
27.69
27.78
27.83
27.88
27.78
27.73
27.93
27.93
27.98
28.03
28.17
28.03
27.64
27.44
27.39
27.83
27.83
28.17
27.93
28.17
28.12
27.88
27.98
27.78
27.93
27.93
27.78
27.29
27.34
26.81
26.46
25.78
25.39
25.24
24.68
23.63
23.22
22.39
21.68
21.97
22.73
22.63
23.27
23.14
22.83
21.39
21.44
20.73
20.65
20.0
19.34
18.09
18.41
18.68
17.65
17.24
15.8
13.77
14.36
15.65
16.5
16.6
16.26
16.43
16.53
14.87
14.58
13.28
12.23
11.93
12.77
13.57
12.96
11.17
10.69
10.19
9.888
9.192
8.936
9.351
9.46
9.29
9.265
9.521
9.387
9.314
9.29
8.594
8.911
9.29
10.38
10.51
9.753
8.521
7.788
9.326
9.363
8.472
8.154
7.373
8.667
9.631
9.851
10.46
10.24
9.119
9.351
9.68
8.289
6.689
9.558
9.814
9.912
9.595
9.558
8.167
9.583
9.46
9.29
8.508
8.411
8.691
9.009
9.326
9.656
9.973
9.314
9.863
10.19
10.21
10.9
11.25
9.143
11.47
11.33
11.23
11.93
11.71
11.16
11.67
12.28
12.23
12.37
13.26
13.11
14.14
14.16
14.87
14.48
14.43
14.94
15.36
15.31
15.92
15.5
15.45
15.62
16.09
16.28
17.58
18.99
21.04
21.85
22.12
22.66
22.92
21.56
22.68
22.73
24.41
26.03
26.32
26.32
27.34
27.34
27.25
26.86
27.05
26.76
27.29
26.9
26.56
26.42
26.37
26.37
26.61
26.37
26.71
27.0
27.2
27.0
27.39
27.78
27.39
27.49
27.73
27.34
27.59
27.73
28.08
27.64
27.54
27.2
27.49
27.39
28.03
28.08
27.83
28.27
27.73
26.95
27.2
27.2
27.0
26.76
27.15
27.05
27.15
27.59
28.17
27.88
27.15
27.2
27.34
27.49
27.2
27.59
27.25
27.39
27.93
27.0
27.0
26.86
27.0
27.49
27.05
27.05
27.05
27.05
27.15
27.2
27.2
27.25
27.49
27.49
27.34
27.44
27.29
27.2
27.69
27.1
27.34
27.05
27.39
27.39
27.39
26.95
27.25
27.2
27.2
27.2
27.34
27.54
27.83
27.69
27.64
27.44
27.44
27.73
27.54
27.25
27.49
27.49
27.64
27.54
27.54
27.54
27.54
27.49
27.69
27.73
27.49
27.69
27.69
27.49
27.15
27.64
27.54
27.39
28.03
27.49
27.78
27.64
27.69
27.2
27.73
27.49
27.39
27.05
27.0
26.86
27.2
27.83
27.25
27.39
27.54
27.1
27.49
27.59
28.17
27.69
27.49
27.73
27.59
26.71
27.54
26.61
26.42
26.51
25.59
25.68
25.2
24.51
23.58
23.71
22.97
22.75
22.58
22.05
21.73
21.53
20.83
20.04
19.41
18.46
17.21
16.7
16.36
16.09
15.65
15.23
14.45
13.7
13.55
13.13
12.89
12.34
12.24
12.13
11.76
11.54
11.33
11.02
10.69
10.91
10.73
11.28
11.89
11.51
11.24
11.68
11.32
10.21
10.07
10.16
10.08
9.961
9.229
8.459
8.337
10.12
10.35
10.44
10.58
10.56
10.45
9.668
8.289
6.287
8.24
8.215
7.849
8.154
8.167
8.13
8.069
9.424
10.19
10.5
10.18
10.14
10.3
10.79
10.85
9.973
8.984
9.167
10.4
10.94
11.11
10.02
8.582
8.85
10.45
10.51
10.5
10.69
10.55
9.448
11.38
10.9
10.53
12.12
10.6
12.15
12.77
12.55
12.32
12.29
10.44
10.36
13.06
13.72
14.06
13.4
15.09
15.92
16.06
16.89
16.82
16.94
17.68
16.85
18.12
18.48
15.8
18.33
18.53
21.53
21.8
24.46
25.15
26.22
27.25
27.29
27.0
27.64
27.39
27.1
27.25
27.39
27.39
27.83
27.15
27.0
26.61
26.17
26.61
27.0
26.66
26.71
26.56
26.56
26.46
26.22
26.86
27.2
27.1
27.34
27.05
27.0
28.42
27.88
28.12
27.44
27.34
27.59
27.29
27.34
27.34
27.49
27.29
27.44
27.2
27.69
27.44
27.34
27.64
27.59
28.08
27.78
27.59
27.2
26.95
27.44
27.44
27.59
27.2
26.9
27.44
27.05
27.1
26.9
27.05
26.9
27.0
26.86
27.15
27.54
27.34
27.25
27.34
27.59
28.03
27.98
28.03
28.17
27.78
28.08
27.98
27.83
28.27
28.37
28.22
28.12
27.93
28.03
28.03
28.17
28.03
27.83
28.12
28.03
28.08
27.64
27.98
28.17
27.73
27.83
27.54
27.0
27.78
27.39
27.78
27.44
27.64
27.69
27.54
27.98
27.78
27.98
27.88
28.12
27.88
27.69
27.59
27.73
27.54
27.73
27.44
27.39
27.34
27.44
27.44
27.64
27.34
27.39
27.73
27.78
27.25
27.34
28.08
27.83
27.93
27.93
27.88
28.12
27.83
27.73
27.34
28.08
27.83
27.88
27.59
27.64
27.15
27.29
26.95
27.34
27.44
27.44
27.49
27.64
27.44
27.2
26.95
26.46
26.32
25.83
25.49
25.34
24.8
24.68
24.07
23.17
22.58
22.41
21.39
20.68
20.41
19.87
18.55
18.07
16.99
16.72
16.26
16.55
16.09
17.36
14.79
15.67
15.26
14.7
14.04
12.79
12.18
13.04
12.67
12.34
11.83
11.45
11.4
10.67
11.34
11.77
9.753
9.607
10.75
10.99
10.61
10.41
10.12
10.11
10.21
9.766
10.02
9.705
9.424
9.143
8.716
8.533
7.227
7.532
10.06
9.57
10.07
9.216
8.313
9.192
9.314
8.862
8.923
8.118
7.642
8.142
8.313
8.582
7.605
6.921
7.69
8.203
8.398
8.862
9.167
9.155
9.705
9.875
9.387
9.814
9.961
9.558
9.485
9.656
8.765
8.74
8.545
8.63
9.277
10.83
10.75
10.19
10.85
11.3
12.29
13.11
13.11
13.53
13.28
13.13
13.23
13.38
13.06
13.35
14.18
14.31
14.53
11.58
16.55
16.14
16.46
16.58
16.26
16.89
17.5
18.21
18.97
18.8
19.51
20.95
22.05
23.0
22.34
23.29
25.24
26.86
27.73
28.12
27.93
27.78
27.88
28.32
27.88
27.69
27.73
27.78
28.08
28.08
27.78
27.73
28.37
27.93
28.27
28.08
27.98
28.03
27.93
27.73
27.93
27.59
28.81
28.27
28.27
28.61
28.32
27.93
28.17
27.93
28.03
28.08
27.88
28.03
27.88
27.64
27.88
27.83
28.03
27.98
27.73
27.78
27.25
28.17
28.17
28.17
27.93
27.78
27.78
28.03
27.98
27.83
27.44
27.73
27.69
27.98
27.64
27.73
27.93
27.69
27.64
27.59
27.34
28.08
27.93
27.69
27.83
27.83
27.73
