5.829
5.829
5.829
5.829
5.829
5.829
5.829
5.829
5.829
5.829
5.829
5.829
5.829
5.829
5.829
5.829
5.829
5.829
5.829
5.829
5.829
5.829
5.829
5.829
5.829
5.829
5.829
5.829
5.829
5.829
5.829
5.829
5.829
7.141
11.77
16.26
17.31
17.82
17.77
15.26
14.14
9.595
15.31
16.94
17.6
18.12
15.72
13.01
9.241
13.92
16.72
17.53
18.09
16.02
13.87
10.4
8.606
10.49
16.09
17.19
17.85
17.41
14.79
13.09
9.619
15.53
16.8
17.46
17.97
16.38
14.06
10.27
9.68
15.89
17.21
17.85
17.14
14.28
12.82
9.131
18.41
20.14
18.21
17.21
20.83
18.53
13.38
16.41
17.36
17.87
16.85
14.18
11.67
8.74
8.252
8.911
11.76
18.97
20.56
18.73
15.84
17.77
20.7
18.58
17.33
10.83
10.6
19.92
19.92
14.92
14.45
16.63
17.41
17.92
16.94
14.48
12.04
9.314
9.131
8.911
9.021
8.875
12.3
20.63
18.31
9.705
10.39
19.82
18.97
14.09
15.5
20.46
17.38
13.96
11.25
16.19
17.26
17.77
18.21
15.65
14.06
10.84
9.534
18.53
19.7
11.45
20.48
19.38
17.6
10.63
16.06
17.26
17.82
17.46
15.01
13.26
9.619
15.77
17.11
17.72
18.09
16.8
14.31
12.52
9.18
14.14
20.63
17.43
10.4
17.24
20.65
14.72
8.716
6.946
6.018
6.024
6.024
6.024
6.024
6.024
6.024
6.024
6.024
6.024
6.024
6.024
6.024
6.024
6.024
6.024
6.024
6.024
6.024
6.024
6.024
6.024
6.024
6.024
6.024
6.024
6.024
6.024
6.024
6.024
6.024
6.024
6.024
6.024
6.024
6.024
6.024
6.024
6.024
6.024
6.024
6.024
6.024
6.024
6.024
6.024
6.024
6.024
6.024
6.024
6.024
6.024
6.024
6.024
6.024
6.024
6.024
6.024
6.024
6.024
6.024
6.024
6.024
6.024
6.024
6.024
6.024
6.024
6.024
6.024
6.024
6.024
6.024
6.024
6.024
6.024
6.024
6.024
6.024
6.024
6.024
6.024
6.024
6.024
6.024
6.024
6.024
6.024
6.024
6.024
6.024
6.024
6.024
6.024
6.024
6.024
6.024
6.024
6.024
6.024
6.024
6.024
6.024
6.024
6.024
6.024
6.024
6.024
6.024
6.024
6.024
6.024
6.024
6.024
6.024
6.024
6.024
6.024
6.024
6.024
6.024
6.024
6.024
6.024
6.024
6.024
6.024
6.024
6.024
6.024
6.024
6.024
6.024
6.024
6.024
6.024
6.024
6.024
6.024
6.024
6.024
6.024
6.024
6.024
6.024
6.024
6.024
6.024
6.024
6.024
6.024
6.024
6.024
6.024
6.024
6.024
6.024
6.024
6.024
6.024
6.024
6.024
6.024
6.024
6.024
6.024
6.024
6.024
6.024
6.024
6.024
6.024
6.024
6.024
6.024
6.024
6.024
6.024
6.024
6.024
6.024
6.024
6.024
6.024
6.024
6.024
6.024
6.024
6.024
6.165
9.509
16.04
17.29
17.87
18.24
18.6
18.9
19.02
19.14
19.24
19.36
19.48
19.56
19.6
19.75
19.75
19.82
19.92
20.02
20.21
20.31
18.24
20.12
20.85
20.39
19.9
19.17
18.14
17.99
17.94
11.57
13.62
16.28
17.02
17.55
17.87
18.04
18.55
18.8
18.97
19.12
19.17
19.21
19.36
19.46
19.56
19.58
19.75
19.75
19.78
20.02
20.14
20.14
18.63
20.61
20.85
20.85
20.85
20.63
19.78
19.6
17.43
11.19
16.41
17.46
17.92
18.36
18.75
18.92
19.12
19.17
19.36
19.56
19.56
19.7
19.75
19.92
20.12
20.17
19.65
18.92
20.78
20.85
20.85
20.85
20.58
19.8
19.48
19.36
10.67
15.92
17.07
17.85
18.09
18.55
18.77
18.97
19.14
19.17
19.31
19.38
19.56
19.56
19.68
19.75
19.75
20.0
20.12
20.21
18.97
20.21
20.83
20.85
20.85
20.65
19.53
18.33
12.21
14.11
16.75
17.63
18.07
18.53
18.77
18.99
19.17
19.26
19.36
19.46
19.56
19.6
19.75
19.87
20.04
20.12
18.99
19.9
20.78
20.85
20.85
20.7
19.26
18.41
18.07
10.1
15.7
17.21
17.87
18.29
18.65
18.85
19.02
19.17
19.29
19.46
19.56
19.6
19.75
19.75
19.92
20.07
20.12
19.6
19.12
20.61
20.85
20.85
20.65
19.75
19.7
18.38
10.45
16.14
17.24
17.87
18.26
18.7
18.9
19.12
19.29
19.36
19.53
19.58
19.75
19.82
19.95
20.07
20.17
20.21
18.92
20.68
20.85
20.85
20.46
19.17
19.07
16.72
12.79
16.6
14.33
13.28
12.67
15.36
16.65
15.94
13.84
12.34
11.27
16.33
14.79
13.09
9.912
14.38
16.28
16.97
14.11
13.84
12.82
11.46
15.77
15.72
12.96
12.74
18.63
19.07
16.04
14.87
16.31
17.33
17.85
18.09
18.36
18.68
18.97
19.04
19.21
19.36
19.36
19.53
19.56
19.7
19.75
19.75
19.82
19.92
20.02
20.14
20.24
20.29
18.36
20.43
20.85
20.85
20.85
20.87
19.9
18.51
18.24
18.19
12.84
13.67
16.92
17.72
18.07
18.36
18.75
18.9
18.97
19.12
19.17
19.29
19.38
19.56
19.56
19.63
19.75
19.75
19.75
19.92
19.95
20.12
20.24
20.31
18.82
19.29
20.26
20.68
20.85
20.85
20.68
20.34
18.97
18.68
18.43
16.99
11.67
16.33
17.33
17.87
18.12
18.51
18.77
18.97
19.12
19.17
19.31
19.36
19.43
19.56
19.6
19.75
19.75
19.75
19.92
20.07
20.19
20.31
18.12
20.26
20.48
20.87
20.87
20.73
20.51
19.36
18.41
18.38
18.38
17.14
11.28
9.656
11.96
9.998
11.36
9.265
11.54
8.948
11.71
9.29
11.95
9.351
11.78
10.23
10.9
10.86
10.13
11.82
10.79
12.52
17.26
19.34
19.12
17.24
11.89
9.412
10.42
10.02
16.67
20.41
20.0
17.53
11.13
9.705
9.375
10.14
10.02
9.07
9.778
10.17
9.375
14.4
19.9
20.36
19.29
17.29
12.35
16.09
16.94
17.46
17.87
18.12
18.38
18.65
18.85
18.97
19.04
19.17
19.24
19.36
19.36
19.56
19.56
19.6
19.75
19.75
19.75
19.78
19.95
19.97
20.17
20.31
20.31
18.24
20.75
20.85
20.85
20.85
20.58
18.92
18.75
18.53
12.48
8.887
8.606
8.96
14.28
20.56
19.9
17.43
10.55
6.213
6.067
6.024
6.024
6.024
6.024
7.678
17.46
20.7
13.21
8.887
8.728
8.96
8.386
6.531
6.714
7.751
6.213
6.14
6.024
6.024
6.024
6.024
6.024
6.024
6.024
6.024
6.024
6.024
6.024
6.024
6.024
6.024
6.024
6.024
6.024
6.024
6.024
6.024
6.024
6.024
6.024
6.024
6.024
6.024
6.024
6.024
6.024
6.024
6.024
6.024
6.024
