0.02775
0.02413
0.06685
0.02575
0.02747
0.02413
0.03242
0.03414
0.06666
0.03147
0.2617
0.02375
0.02222
0.02356
0.05236
0.03052
0.02451
0.0246
0.02298
0.02546
0.05903
0.0206
0.02556
0.02127
0.02375
0.02279
0.02661
0.02403
0.02556
0.02327
0.02594
0.02394
0.06609
0.0226
0.02556
0.0268
0.02613
0.02575
0.02747
0.0227
0.02375
0.02251
0.0248
0.02279
0.05798
0.0246
0.01917
0.01936
0.02699
0.02136
0.05913
0.02155
0.01602
0.02356
0.02108
0.0226
0.01926
0.01831
0.01993
0.03481
0.04597
0.01659
0.01755
0.02279
0.0206
0.01717
0.05531
0.01593
0.01593
0.0205
0.01431
0.05465
0.02565
0.01526
0.01602
0.01736
0.01154
0.05331
0.01307
0.01688
0.02432
0.02031
0.01183
0.05102
0.01459
0.01707
0.01202
0.01316
0.01221
0.05951
0.01402
0.01345
0.01926
0.01154
0.02079
0.05293
0.0186
0.01841
0.02251
0.01211
0.01459
0.04654
0.01268
0.01144
0.0145
0.01326
0.01621
0.04749
0.0124
0.02604
0.009537
0.0145
0.01335
0.05693
0.01755
0.0164
0.01135
0.01059
0.01287
0.04473
0.01459
0.01249
0.02289
0.01993
0.01087
0.04673
0.02117
0.01335
0.02317
0.02136
0.01745
0.04911
0.03252
0.01812
0.01707
0.02232
0.02146
0.05741
0.01888
0.008678
0.01402
0.01163
0.01726
0.0514
0.01774
0.01087
0.01631
0.01125
0.008678
0.05026
0.01793
0.01001
0.01974
0.02098
0.0124
0.05722
0.01221
0.02308
0.01907
0.01793
0.01907
0.05131
0.02155
0.01898
0.03481
0.01068
0.01125
0.05198
0.01926
0.02565
0.01583
0.01383
0.05713
0.01869
0.01831
0.01602
0.01745
0.01812
0.05608
0.01554
0.01945
0.02003
0.02117
0.01965
0.0206
0.01802
0.01879
0.02041
0.01593
0.0186
0.02146
0.02022
0.01841
0.01688
0.02451
0.07181
0.2254
0.01841
0.02337
0.07753
0.02003
0.02232
0.02365
0.02108
0.02613
0.0248
0.02069
0.02193
0.01621
0.02127
0.02184
0.01984
0.01955
0.02184
0.02337
0.02031
0.02441
0.02403
0.01945
0.02384
0.0267
0.0206
0.02193
0.02432
0.02136
0.02184
0.02022
0.02794
0.02451
0.02012
0.0206
0.03119
0.02584
0.02775
0.02403
0.01936
0.02079
0.0227
0.02728
0.02337
0.02375
0.02003
0.02451
0.06084
0.03872
0.02918
0.04749
0.0535
0.04177
0.05827
0.04873
0.04234
0.04196
0.03548
0.03071
0.02775
0.0308
0.02337
0.02584
0.02947
0.03004
0.0248
0.02604
0.02584
0.02718
0.02365
0.02661
0.02489
0.02375
0.02098
0.0289
0.02241
0.02146
0.0288
0.04101
0.03452
0.04425
0.03109
0.03042
0.035
0.03109
0.03347
0.0351
0.3086
0.02384
0.02632
0.0246
0.02451
0.02317
0.01945
0.02184
0.0186
0.02565
0.03109
0.02766
0.05503
0.02766
0.04206
0.02728
0.033
0.1451
0.02346
0.03767
0.02136
0.04292
0.03767
0.05264
0.06008
0.02861
0.03309
0.02985
0.02813
0.03519
0.02556
0.04253
0.04244
0.02537
0.02699
0.03595
0.02041
0.04826
0.04883
0.0267
0.03271
0.03166
0.02422
0.035
0.02222
0.02871
0.02909
0.03452
0.02451
0.0309
0.02794
0.033
0.02127
0.01831
0.02527
0.02193
0.02184
0.02069
0.01526
0.01726
0.01984
0.01516
0.0164
0.01526
0.02604
0.02613
0.03834
0.01469
0.03223
0.03223
0.02298
0.01307
0.01202
0.01984
0.01488
0.01202
0.02146
0.01755
0.01621
0.02661
0.01659
0.01879
0.01593
0.01516
0.0103
0.01907
0.009632
0.01144
0.01087
0.01507
0.01049
0.01068
0.01135
0.01163
0.009823
0.01688
0.01535
0.0103
0.01802
0.0165
0.01535
0.01087
0.01097
0.01163
0.01812
0.01335
0.0124
0.009441
0.01268
0.008678
0.008965
0.01745
0.01068
0.0102
0.01268
0.01068
0.007248
0.009251
0.01392
0.0104
0.007915
0.01383
0.01097
0.0123
0.02022
0.009918
0.008202
0.01364
0.01583
0.009823
0.01135
0.009346
0.01249
0.0164
0.01345
0.01202
0.01879
0.01135
0.01755
0.01526
0.0123
0.02108
0.03109
0.01602
0.01888
0.0145
0.01125
0.01411
0.01936
0.02165
0.02584
0.01421
0.01841
0.01402
0.01011
0.01469
0.02117
0.01211
0.01612
0.01678
0.02041
0.02785
0.02174
0.01869
0.02966
0.02365
0.0246
0.02193
0.2579
0.01907
0.0165
0.0247
0.02031
0.02003
0.01793
0.01755
0.01869
0.01774
0.01984
0.01745
0.02079
0.02069
0.01783
0.01926
0.02184
0.02451
0.02146
0.01812
0.02556
0.01898
0.0246
0.02155
0.02394
0.01945
0.02298
0.01802
0.01755
0.02174
0.0289
0.03357
0.03052
0.02699
0.02766
0.02117
0.02174
0.01602
0.03872
0.02689
0.0186
0.02441
0.01879
0.01812
0.01936
0.02441
0.01984
0.02155
0.02022
0.01841
0.0185
0.01907
0.01822
0.02069
0.02098
0.01984
0.02298
0.01936
0.01793
0.02584
0.02346
0.01669
0.0267
0.01984
0.02413
0.02699
0.01907
0.02346
0.02346
0.02108
0.02022
0.02327
0.02747
0.02394
0.02699
0.033
0.03023
0.02661
0.02899
0.02537
0.02203
0.02975
0.02308
0.02766
0.02394
0.0246
0.02031
0.02413
0.0268
0.02623
0.03557
0.02079
0.02508
0.0247
0.02766
0.02384
0.02728
0.02804
0.0289
0.2781
0.02298
0.02985
0.0206
0.01888
0.02508
0.02337
0.02508
0.02546
0.04234
0.02937
0.04692
0.03195
0.02661
0.02403
0.02403
0.02937
0.02918
0.02661
0.02851
0.02689
0.01965
0.02861
0.02174
0.02308
0.02203
0.02842
0.02756
0.02632
0.02279
0.02565
0.02232
0.02327
0.02499
0.02546
0.02499
0.02556
0.02537
0.02289
0.02451
0.02155
0.01926
0.02327
0.02079
0.01936
0.02041
0.02203
0.02708
0.02527
0.02098
0.03147
0.03109
0.0288
0.02813
0.02632
0.02222
0.02918
0.03271
0.01802
0.0247
0.02604
0.01936
0.01831
0.03309
0.03357
0.02499
0.0205
0.01707
0.01745
0.01593
0.01574
0.01879
0.0124
0.01936
0.01564
0.01659
0.02146
0.01411
0.02193
0.01688
0.01202
0.01564
0.01535
0.01287
0.01411
0.01373
0.01202
0.01717
0.01173
0.01316
0.01297
0.01125
0.01326
0.01364
0.01202
0.0145
0.01268
0.0165
0.01249
0.01135
0.0145
0.0124
0.0103
0.01106
0.01507
0.0185
0.0124
0.01602
0.009727
0.008106
0.009632
0.01068
0.03252
0.008011
0.009155
0.01307
0.0103
0.0103
0.008678
0.00906
0.01249
0.009727
0.009537
0.009346
0.01106
0.01545
0.01249
0.01192
0.01106
0.01621
0.02499
0.01945
0.008774
0.01583
0.01278
0.0165
0.01354
0.0104
0.0123
0.01059
0.01268
0.01278
0.01001
0.01268
0.01049
0.01411
0.01135
0.01421
0.01707
0.01402
0.01364
0.01898
0.01516
0.01621
0.01602
0.02432
0.02747
0.03576
0.02251
0.02804
0.01526
0.01755
0.02604
0.02546
0.01688
0.02193
0.02604
0.2689
0.01554
0.02317
0.02031
0.01726
0.01602
0.01965
0.02241
0.01965
0.02098
0.02375
0.02089
0.02432
0.01516
0.02022
0.02575
0.01822
0.01955
0.02165
0.01726
0.02346
0.02394
0.01669
0.01888
0.02155
0.02222
0.01936
0.0206
0.01984
0.04158
0.02136
0.03529
0.0267
0.03014
0.01993
0.02089
0.02728
0.02375
0.0226
0.02089
0.01936
0.02623
0.01841
0.01955
0.02232
0.02537
0.02632
0.02565
0.02413
0.01945
0.02785
0.03147
0.03195
0.02422
0.02241
0.01917
0.02203
0.03548
0.03328
0.03386
0.02928
0.0349
0.02556
0.0206
0.02165
0.01984
0.02642
0.03414
0.03033
0.02422
0.02317
0.02251
0.0246
0.03405
0.02937
0.03262
0.02718
0.03166
0.03176
0.02403
0.02747
0.02661
0.02441
