7.373
7.458
7.458
7.458
7.458
7.458
7.458
7.458
7.458
7.458
6.909
6.104
6.104
6.104
6.104
6.104
6.104
6.104
6.104
6.104
6.104
6.104
6.104
6.104
6.104
6.104
6.104
6.104
6.104
6.104
6.104
6.104
6.104
6.104
6.104
6.104
6.104
6.104
6.104
6.104
6.104
6.104
6.104
6.104
6.104
6.104
6.104
6.104
6.104
6.104
6.104
6.104
6.104
6.097
6.097
6.097
6.104
6.104
6.104
6.097
6.097
6.104
6.104
6.104
6.104
6.104
6.104
6.104
6.104
6.104
6.104
6.104
6.104
6.104
6.104
6.104
6.104
6.104
6.104
6.104
6.097
5.914
5.914
5.914
5.914
5.914
5.914
5.914
5.914
5.914
5.914
5.914
5.914
5.914
5.908
5.914
5.914
5.914
5.914
5.914
5.914
5.914
5.914
5.908
5.914
5.914
5.914
5.914
5.914
5.457
5.328
5.328
5.328
5.328
5.328
5.328
5.328
5.328
5.328
5.328
5.328
5.328
5.328
5.328
5.353
5.518
5.518
5.518
5.518
5.518
5.518
5.518
5.524
5.524
5.524
5.524
5.542
5.719
5.719
5.719
5.719
5.719
5.719
5.719
5.719
5.719
5.719
5.719
5.731
5.914
5.914
5.914
5.914
5.914
5.914
5.914
5.914
5.914
5.914
5.914
5.914
6.104
6.11
6.262
6.384
6.494
6.494
6.689
6.738
6.738
6.726
6.726
6.763
6.921
6.921
6.921
6.921
6.921
6.921
6.921
6.921
6.995
7.117
7.117
7.117
7.117
7.117
7.117
7.129
7.312
7.312
7.312
7.312
7.312
7.312
7.312
7.312
7.312
7.312
7.312
7.312
7.312
4.669
4.401
4.401
4.401
4.401
4.401
4.401
4.401
4.401
4.401
4.401
4.401
4.407
4.401
4.401
4.407
4.407
4.431
4.596
4.596
4.596
4.596
4.596
4.596
4.596
4.596
4.596
4.596
4.688
4.791
4.791
4.791
4.791
4.791
4.791
4.791
4.785
4.773
4.785
4.785
4.779
4.785
4.785
4.95
4.98
4.98
4.98
4.98
4.98
4.98
4.98
4.98
4.98
4.98
4.98
4.98
4.98
4.974
4.98
4.98
4.98
4.98
4.98
4.98
4.98
4.98
4.98
5.115
5.176
5.304
5.371
5.505
5.688
5.823
6.018
6.396
6.531
6.531
6.531
6.738
7.019
7.312
7.3
7.312
7.3
7.312
4.736
4.358
4.358
4.358
4.358
4.358
4.358
4.358
4.364
4.364
4.358
4.358
4.358
4.358
4.358
4.358
4.382
4.553
4.553
4.553
4.553
4.553
4.553
4.553
4.553
4.553
4.553
4.553
4.596
4.749
4.749
4.749
4.749
4.749
4.749
4.749
4.749
4.742
4.742
4.742
4.742
4.742
4.742
4.742
4.749
4.742
4.749
4.749
4.749
4.84
4.938
4.938
4.938
4.938
4.938
4.938
4.938
4.938
4.938
4.938
4.938
4.938
4.938
4.938
4.938
4.938
4.938
5.133
5.133
5.133
5.133
5.133
5.133
5.133
5.133
5.231
5.328
5.328
5.328
5.328
5.328
5.328
5.328
5.328
5.505
5.524
5.524
5.524
5.524
5.524
5.524
5.524
5.524
5.524
5.524
5.524
5.524
5.524
5.554
5.713
5.713
5.719
5.713
5.719
5.719
5.719
5.713
5.713
5.713
5.713
5.713
5.713
5.713
5.713
5.713
5.768
5.908
5.908
5.908
5.908
5.908
5.908
5.908
5.908
5.908
5.908
5.908
5.908
5.908
5.908
5.908
5.908
5.908
5.908
5.908
6.061
6.104
6.146
6.299
6.299
6.299
6.299
6.299
6.299
6.299
6.299
6.299
6.299
6.47
6.482
6.482
6.482
6.482
6.494
6.58
6.689
6.689
6.689
6.689
6.75
6.885
6.885
6.885
6.885
6.885
7.031
7.08
7.092
7.275
7.275
7.275
7.263
7.361
7.458
7.458
7.458
7.458
7.458
7.458
6.921
5.035
5.035
5.035
5.035
5.035
5.035
5.035
5.035
5.035
5.035
5.035
5.035
5.035
5.035
5.035
5.035
5.035
5.035
5.035
5.035
5.035
5.035
5.029
5.035
5.035
5.029
5.029
5.035
5.035
5.035
5.035
5.035
5.035
5.035
5.035
5.035
5.035
5.035
5.035
5.035
5.035
5.035
5.035
5.035
5.035
5.035
5.035
5.035
5.023
5.029
5.035
5.035
5.035
5.035
5.035
5.035
5.029
5.029
5.029
5.029
5.029
5.029
5.029
5.029
5.133
5.225
5.225
5.225
5.231
5.225
5.225
5.225
5.243
5.493
5.695
5.963
6.201
6.207
6.47
6.653
6.97
7.166
7.166
7.288
7.361
7.361
7.361
7.361
7.361
7.361
7.361
7.349
5.054
5.035
5.029
5.029
5.029
5.035
5.029
5.029
5.029
5.029
5.029
5.029
5.029
5.029
5.029
5.035
5.029
5.035
5.035
5.035
5.035
5.035
5.035
5.035
5.035
5.035
5.035
5.035
5.035
5.035
5.035
5.035
5.035
5.035
5.035
5.035
5.035
5.035
5.035
5.035
5.029
5.029
5.029
5.029
5.029
5.029
5.029
5.029
5.029
5.029
5.029
5.029
5.029
5.029
5.029
5.035
5.035
5.035
5.035
5.035
5.029
5.035
5.035
5.035
5.035
5.084
5.225
5.225
5.225
5.371
5.42
5.554
5.615
5.621
5.652
5.817
6.0
6.006
6.049
6.189
6.195
6.195
6.195
6.195
6.201
6.201
6.201
6.201
6.201
6.201
6.201
6.384
6.396
6.396
6.396
6.396
6.506
6.592
6.58
6.58
6.58
6.58
6.592
6.592
6.592
6.58
6.592
6.592
6.592
6.689
6.775
6.775
6.775
6.775
6.775
6.775
6.775
6.775
6.775
6.775
6.775
6.787
6.812
6.97
6.97
6.97
6.97
6.97
6.97
6.97
6.97
6.97
6.97
6.97
6.97
6.97
6.97
7.056
7.166
7.166
7.166
7.166
7.166
7.178
7.361
7.361
7.361
7.361
7.361
7.361
7.361
7.361
7.361
7.361
7.361
7.361
7.361
7.361
7.361
7.361
7.361
7.361
7.361
7.361
7.361
7.361
7.361
7.361
7.361
7.361
7.361
7.361
7.361
7.361
7.361
7.361
6.775
3.87
3.87
3.87
3.87
3.925
4.065
4.065
4.065
4.065
4.26
4.26
4.26
4.26
4.285
4.456
4.456
4.456
4.456
4.456
4.456
4.456
4.456
4.456
4.639
4.645
4.645
4.645
4.645
4.645
4.645
4.645
4.645
4.645
4.645
4.645
4.645
4.706
4.84
4.84
4.84
4.84
4.84
4.834
4.834
4.834
4.834
4.834
4.926
5.023
5.029
5.029
5.029
5.029
5.029
5.029
5.029
5.029
5.029
5.029
5.029
5.029
5.029
5.029
5.029
5.029
5.029
5.145
5.212
5.219
5.212
5.212
5.212
5.304
