14.23
8.936
8.813
9.058
8.74
8.716
9.363
8.582
9.07
18.24
20.83
18.95
16.46
8.447
6.604
6.543
6.409
6.409
6.409
6.409
6.409
7.971
8.472
9.119
8.777
17.09
20.8
18.38
11.84
8.923
8.813
9.106
8.557
8.96
14.38
17.07
17.94
18.46
18.87
15.97
15.65
15.45
14.94
9.521
15.7
17.29
18.02
18.48
18.19
15.6
15.16
12.87
8.765
8.765
8.936
8.74
8.655
8.85
13.92
17.11
17.92
18.38
18.73
16.43
15.19
14.75
12.34
13.67
16.77
17.68
18.24
18.41
15.62
14.75
11.65
8.948
9.021
9.949
16.24
17.6
18.29
18.68
15.5
15.06
14.58
11.52
10.38
16.04
17.38
18.09
18.6
16.92
15.6
14.99
9.045
8.813
17.63
20.41
18.75
12.04
9.216
14.01
17.26
18.12
18.6
16.63
15.28
14.89
10.12
11.46
20.61
19.31
10.17
15.92
17.58
18.24
18.7
15.89
14.53
12.55
18.29
20.31
13.16
13.67
17.02
17.99
18.48
17.72
15.41
14.84
14.06
7.959
9.29
9.619
10.5
16.43
17.65
18.26
18.75
16.38
14.99
14.58
9.497
9.045
9.534
12.62
17.11
18.04
18.65
16.97
15.58
13.21
9.399
9.363
9.29
12.48
20.75
16.75
12.12
16.46
17.55
18.24
18.7
16.63
15.19
14.45
10.02
9.338
9.29
9.241
8.911
9.192
9.167
9.155
9.314
9.265
8.972
12.77
20.73
20.21
18.58
12.45
6.628
6.604
6.604
6.604
6.604
6.604
6.604
6.604
6.604
13.94
20.83
16.09
9.351
8.801
9.229
10.34
19.87
20.0
11.0
8.899
9.18
9.106
19.38
20.31
10.29
6.775
6.604
6.604
6.604
6.604
6.604
6.604
6.604
11.19
20.51
19.46
14.31
9.009
9.082
9.143
8.875
9.204
8.96
8.826
9.058
9.058
8.997
9.216
6.604
6.604
6.604
6.604
6.604
6.604
6.604
6.604
6.604
8.411
8.325
9.412
8.716
9.277
8.569
8.899
8.801
8.972
8.887
9.021
9.753
9.351
9.363
7.068
6.604
6.604
6.604
6.604
6.604
6.604
6.604
6.604
6.604
7.288
8.936
8.435
14.62
20.8
19.29
16.75
8.96
17.6
20.75
14.4
9.192
9.521
11.23
20.61
19.85
9.949
6.75
6.604
6.604
6.604
6.604
6.604
7.312
8.923
9.619
9.436
10.89
20.24
17.87
9.204
13.94
20.8
18.87
8.899
9.07
9.448
8.691
8.557
6.604
6.604
6.604
6.604
6.604
6.604
6.604
6.604
6.604
6.604
8.533
8.459
8.63
10.61
20.43
19.29
9.033
8.496
6.604
8.679
19.63
20.78
15.28
8.252
6.677
6.604
6.604
6.604
6.604
6.604
6.604
6.604
6.604
6.604
7.385
7.947
8.594
8.093
7.532
8.057
17.09
20.85
20.83
17.07
7.336
6.787
6.604
6.604
6.604
6.604
6.604
6.604
6.604
6.604
6.604
6.604
6.604
8.899
9.229
8.191
8.972
9.302
11.77
16.6
17.6
18.36
18.77
19.24
19.43
19.7
19.73
19.87
19.92
20.14
20.26
20.31
20.31
20.51
20.51
20.63
20.7
20.7
20.7
20.7
17.94
17.72
19.87
20.63
20.85
20.85
20.85
20.87
20.87
20.58
19.92
19.56
18.87
13.4
15.21
17.53
18.31
18.65
19.09
19.43
19.7
19.75
19.92
19.92
20.12
20.29
20.31
20.41
20.51
20.68
20.7
20.73
19.6
18.53
20.04
20.85
20.83
20.85
20.87
20.78
20.34
20.02
13.06
13.79
17.55
18.36
18.75
19.19
19.51
19.56
19.73
19.82
19.97
20.12
20.21
20.31
20.41
20.58
20.78
20.73
20.7
20.34
19.02
19.04
20.8
20.83
20.65
20.65
20.56
20.48
19.38
18.77
18.43
15.65
14.72
17.5
18.31
18.65
18.95
19.21
19.48
19.63
19.8
19.9
19.95
20.12
20.12
20.29
20.43
20.48
20.56
20.68
20.75
20.8
19.41
18.07
19.68
20.85
20.83
20.85
20.87
20.7
20.7
19.68
18.14
9.082
14.89
17.5
18.31
18.65
19.12
19.51
19.65
19.75
19.9
19.97
20.09
20.29
20.34
20.46
20.51
20.56
20.68
20.75
20.7
18.55
18.19
18.58
20.07
20.68
20.85
20.85
20.87
20.73
20.29
18.9
14.21
10.01
16.63
17.97
18.58
18.97
19.41
19.53
19.75
19.9
19.97
20.09
20.09
20.26
20.31
20.48
20.56
20.68
20.75
20.48
18.24
18.04
19.73
20.85
20.87
20.85
20.85
20.87
20.75
20.61
19.43
13.28
14.72
16.55
17.24
14.18
13.87
9.68
15.36
16.92
16.46
14.18
14.11
13.84
20.34
18.77
11.5
15.33
16.8
16.67
13.79
13.79
11.55
16.26
16.99
13.5
13.48
12.08
15.97
17.07
13.75
13.35
9.949
15.8
16.58
13.96
13.67
16.02
20.29
16.24
17.72
20.41
17.36
10.71
16.26
16.53
13.23
12.6
19.65
19.56
14.43
19.43
19.43
11.91
15.38
17.6
18.33
18.77
19.29
19.56
19.73
19.87
20.02
20.04
20.14
20.31
20.48
20.51
20.51
20.51
20.51
20.68
20.7
20.7
20.7
20.7
20.7
18.38
17.6
19.8
20.31
20.34
20.48
20.48
20.48
20.48
20.48
20.51
20.46
19.78
19.21
18.68
18.51
13.75
11.06
16.97
18.12
18.7
19.07
19.41
19.65
19.82
20.02
20.04
20.14
20.31
20.48
20.51
20.63
20.73
20.78
20.68
18.21
19.9
20.87
20.87
20.68
20.68
20.68
20.68
20.56
19.41
19.38
19.21
18.92
18.21
11.52
8.936
13.13
16.94
17.87
18.43
18.75
19.12
19.34
19.51
19.65
19.78
19.92
19.92
20.02
20.12
20.21
20.31
20.41
20.51
20.51
20.51
20.51
20.65
20.7
20.73
20.7
18.9
18.19
19.75
20.8
20.83
20.56
20.46
20.39
19.82
16.63
9.351
9.998
9.485
9.888
9.619
9.558
9.705
9.961
10.82
16.82
20.83
14.14
10.16
9.851
9.9
9.814
9.644
9.729
10.01
9.546
9.033
15.04
17.43
18.19
18.68
19.07
19.38
19.68
19.73
19.78
19.92
19.97
20.14
20.31
20.43
20.51
20.51
20.61
20.7
20.7
20.61
18.04
18.04
19.12
19.7
20.48
20.85
20.85
20.85
20.9
20.41
19.19
19.17
19.04
14.72
9.644
10.5
17.6
20.83
20.83
19.75
18.97
14.92
9.302
9.424
9.631
9.29
9.607
6.946
6.604
6.604
6.604
7.581
9.448
9.326
9.497
9.07
9.119
9.216
9.302
18.02
20.61
14.82
9.351
9.021
9.058
9.473
9.277
10.05
19.73
20.39
16.19
6.921
6.689
6.604
6.604
6.604
6.604
6.604
6.604
6.604
6.604
6.604
6.604
6.604
6.604
6.604
6.604
6.604
6.604
6.604
6.604
7.349
10.86
9.583
9.705
9.534
9.424
11.25
20.0
20.78
