32.86
23.58
8.411
18.55
3.699
18.51
27.1
30.37
12.16
16.38
17.16
14.65
21.24
26.9
22.97
6.97
0.6905
0.1823
0.02604
0.02604
0.02604
0.02861
0.02604
0.02861
11.62
12.05
0.2029
0.3906
11.73
8.801
3.235
3.247
10.4
17.85
34.33
33.25
33.54
33.3
31.01
17.85
31.64
27.2
10.08
25.29
35.45
33.59
32.57
31.79
23.68
35.79
29.54
14.6
13.79
14.31
36.96
35.16
38.87
35.89
27.49
32.52
23.54
26.46
29.39
22.05
7.922
33.69
33.59
34.28
33.89
28.32
31.54
28.66
17.58
23.73
29.74
23.49
13.48
20.61
17.5
32.52
36.82
37.3
34.47
27.64
31.69
24.1
12.21
28.52
27.1
28.37
27.05
27.73
26.03
33.5
27.15
13.13
16.92
26.22
22.85
21.22
15.55
5.322
0.2083
12.7
36.52
34.72
34.18
32.96
27.2
31.4
17.94
21.34
35.74
39.06
36.72
33.35
38.43
22.44
18.51
17.77
21.8
29.15
30.27
13.31
18.38
4.718
34.33
37.26
36.77
31.45
23.32
34.38
30.66
20.12
32.18
27.44
9.827
31.15
38.77
38.43
38.57
32.62
33.11
25.54
30.27
32.67
13.04
20.17
32.18
30.42
13.11
22.19
26.37
30.66
20.73
18.9
18.02
18.14
2.765
26.9
33.25
30.81
28.47
31.69
24.41
27.29
26.07
13.31
17.21
17.02
19.95
23.24
26.03
22.07
15.19
19.63
18.7
17.82
17.82
16.04
13.62
12.89
0.1875
0.1041
0.02604
0.02604
0.02604
7.385
13.72
14.89
16.28
29.3
19.41
14.97
6.665
11.44
16.41
28.91
28.27
11.76
18.68
18.55
12.02
22.14
29.93
23.41
6.458
0.6767
0.1875
0.03128
0.02604
6.738
0.07811
3.967
15.01
15.5
18.51
24.24
29.98
23.29
13.16
13.89
14.26
17.94
16.5
15.38
18.6
26.37
30.96
14.31
21.75
31.59
22.56
3.607
0.6042
6.921
14.94
27.88
29.25
14.7
14.99
15.65
20.36
25.78
26.71
17.99
16.63
15.31
15.7
18.55
19.02
13.92
15.14
15.48
20.34
30.13
11.55
0.7607
0.3021
6.128
22.85
32.13
28.03
13.79
14.79
16.72
28.03
20.09
12.3
29.69
31.35
16.58
17.04
28.27
29.35
18.19
12.65
17.6
29.69
27.83
8.484
0.724
0.2449
6.909
17.65
21.24
27.69
28.61
12.7
13.84
6.799
9.692
14.31
14.84
14.23
16.33
14.87
17.82
17.53
16.06
13.38
12.84
0.2029
0.1198
0.02604
0.02604
0.03128
6.738
15.77
13.09
14.75
28.47
26.07
13.57
14.48
15.89
17.48
14.84
13.92
12.29
15.84
16.11
13.4
25.0
27.73
21.22
6.921
0.6409
0.1719
0.03128
0.02079
7.214
14.38
15.8
15.48
18.24
14.28
15.97
15.77
15.26
28.32
29.49
16.48
16.97
15.72
33.2
30.27
13.04
19.14
10.02
0.2396
0.1041
0.02604
0.03128
0.02604
8.044
17.19
16.65
17.5
21.34
20.56
13.67
16.5
24.98
30.96
20.34
15.36
14.55
17.31
12.74
14.75
16.43
26.95
21.8
15.55
30.91
26.81
10.84
20.14
31.79
32.96
31.2
32.96
34.57
36.08
35.99
34.33
32.47
31.3
33.2
32.08
33.4
31.3
31.84
33.45
37.84
36.91
21.75
22.05
37.01
33.94
29.54
27.69
17.38
19.7
19.97
18.68
16.41
12.67
10.68
21.88
22.02
22.39
23.14
24.07
24.34
22.9
23.54
23.46
23.9
23.39
22.83
23.88
24.0
23.44
22.31
20.17
19.92
20.14
20.09
20.24
21.95
22.83
24.71
24.83
23.36
23.19
20.09
15.89
17.9
18.19
18.33
18.75
19.24
20.29
20.12
17.7
16.38
20.39
20.97
19.85
12.57
3.369
19.41
19.82
19.6
19.68
18.97
19.6
20.09
19.24
19.97
20.02
20.34
21.17
21.34
20.17
19.24
19.48
19.6
19.82
17.55
18.04
20.48
21.53
22.46
23.02
23.49
24.22
22.09
21.17
20.68
21.41
19.8
18.48
19.09
17.58
17.63
18.85
18.29
19.6
32.91
0.0
0.0
22.0
32.91
27.49
32.71
32.37
32.91
34.03
31.93
33.3
30.52
31.98
30.76
29.49
30.76
35.3
34.77
34.77
36.33
35.6
13.67
21.36
32.42
29.05
22.61
28.52
28.61
28.91
24.9
29.0
4.364
30.27
33.11
33.3
34.72
33.69
32.37
30.27
32.86
30.81
28.47
30.96
35.4
35.35
35.79
34.38
31.49
33.3
32.23
31.64
19.43
32.81
32.18
32.18
29.49
24.46
25.54
26.95
26.22
9.57
29.69
32.71
34.62
35.94
34.28
34.13
35.35
34.18
33.45
34.08
33.89
34.57
32.57
35.5
36.52
35.4
35.5
35.21
19.85
35.64
33.79
31.74
32.67
25.73
28.91
28.27
19.04
19.24
34.13
25.0
29.59
25.39
29.2
28.86
14.58
22.58
25.05
24.39
12.99
22.14
29.74
29.2
25.98
27.0
23.56
24.68
23.07
11.91
25.44
29.74
29.25
27.88
24.61
10.52
26.81
31.64
33.5
29.74
27.88
29.39
31.4
32.28
34.81
33.15
33.94
34.03
33.69
32.28
34.57
31.93
32.18
34.28
32.52
23.83
23.85
34.57
33.3
30.86
25.44
24.22
26.71
29.35
22.66
7.092
32.37
34.18
34.42
32.52
34.28
28.03
29.35
31.74
35.21
36.72
33.84
31.4
35.89
30.42
31.45
33.5
34.62
33.45
31.2
20.68
29.05
33.25
33.45
33.64
29.0
29.05
26.51
27.2
12.01
25.63
31.69
31.93
30.22
29.59
33.84
32.52
32.08
32.08
32.47
32.57
32.08
33.64
34.81
33.01
30.62
29.35
30.03
29.98
31.69
21.07
22.14
30.91
34.33
30.27
28.71
29.3
28.17
29.49
25.73
17.04
24.1
18.24
27.05
26.61
13.72
16.7
20.51
20.95
18.77
24.71
22.24
18.55
26.17
23.14
24.32
29.1
26.95
17.11
25.44
26.27
24.22
16.14
20.14
21.68
20.14
24.56
22.09
21.36
20.9
20.21
19.9
26.27
31.05
25.39
13.99
20.56
24.12
26.27
19.68
10.44
19.21
18.07
21.17
20.02
19.04
20.9
27.64
19.17
16.16
23.19
27.59
20.8
18.19
23.58
28.37
28.96
12.89
23.0
17.87
25.05
26.56
14.65
23.78
28.17
25.88
19.38
12.79
17.99
14.43
18.19
17.29
16.53
18.31
24.22
24.71
26.32
10.96
16.77
13.06
18.33
15.04
11.12
22.17
28.12
23.56
7.373
0.8591
17.04
17.11
16.36
16.58
19.68
19.26
19.63
19.78
16.19
16.11
20.68
22.19
30.71
25.73
17.07
19.68
13.5
18.41
22.17
22.83
26.37
18.63
1.079
0.4646
0.04625
0.0247
0.0267
0.0247
0.02737
0.0247
0.02804
0.0247
0.02804
0.02537
0.02804
0.02537
0.0267
0.3841
18.95
18.58
14.55
14.23
14.28
17.46
17.14
17.7
24.83
24.29
16.94
