0.189
0.19
0.1907
0.1894
0.1898
0.1905
0.1896
0.1894
0.1898
0.1898
0.19
0.1896
0.19
0.1898
0.1896
0.1896
0.1896
0.1898
0.1896
0.1896
0.1898
0.1894
0.1892
0.1896
0.1907
0.1896
0.1894
0.19
0.1904
0.193
0.1944
0.1928
0.1907
0.1896
0.1896
0.1898
0.19
0.1905
0.1913
0.1921
0.1907
0.1909
0.1911
0.1902
0.1917
0.19
0.1913
0.1915
0.1913
0.1913
0.1911
0.1911
0.1904
0.1915
0.1909
0.1909
0.1904
0.1915
0.1917
0.0
0.0
0.1579
0.1944
0.1938
0.1921
0.1896
0.1898
0.1938
0.0
0.0
0.1942
0.1925
0.1894
0.19
0.19
0.19
0.19
0.1909
0.1902
0.1892
0.0
0.0
0.1833
0.1919
0.1898
0.19
0.1898
0.19
0.1909
0.1904
0.1909
0.1907
0.1904
0.1902
0.0
0.0
