0.131
0.1099
0.2186
0.3731
0.209
0.1816
0.293
0.1575
0.3262
0.1738
0.1577
0.1537
0.2224
0.1545
0.0
0.0
0.0
0.0
0.0
0.3239
0.09012
0.4585
0.0803
0.14
0.1167
0.2708
0.178
0.1516
0.1337
0.2174
0.272
0.1202
0.1131
0.1936
0.2377
0.1387
0.3517
0.07143
0.1631
0.1112
0.2747
0.09165
1.317
2.191
1.849
1.804
1.712
1.59
1.37
1.421
1.495
4.968
1.399
2.109
1.16
0.5974
0.2537
0.346
0.06495
0.1383
0.1369
0.3399
0.01192
9.537e-05
0.0
0.7156
1.675
1.363
1.337
1.347
1.277
1.344
1.566
1.334
1.276
4.51
0.8423
1.253
1.411
0.5676
0.2815
0.3204
0.04749
0.1287
0.07629
0.2888
0.1005
0.882
1.352
1.404
1.35
2.307
2.713
2.731
4.608
2.213
1.369
0.3025
0.2842
0.4005
0.1375
0.1263
0.1158
0.412
0.362
0.04749
0.1272
0.07057
0.2991
0.1064
1.523
1.874
2.966
2.878
3.29
4.761
2.09
0.9003
0.3754
0.4616
0.3159
0.2426
0.634
0.5287
0.5051
0.05112
0.1263
0.1059
0.2995
0.2785
0.1776
1.636
2.475
2.252
2.429
2.716
5.389
1.282
1.071
1.006
0.5898
0.3574
0.1137
0.4456
0.3788
0.428
0.3681
0.3853
0.2941
0.2426
0.2502
0.08974
0.1093
0.07401
0.3048
0.1221
0.4189
0.3635
0.6073
1.309
1.352
1.337
1.45
1.385
1.451
1.347
1.495
2.023
4.303
0.972
1.349
1.193
0.4517
0.3258
0.3338
0.2731
0.3139
0.3471
0.2644
0.4372
0.3742
0.1003
0.0
0.0002861
0.0
0.0
0.0
0.0002861
0.0
0.01402
0.2213
0.2289
0.0004768
0.3494
0.1532
0.2861
0.03872
0.1305
0.1116
0.322
0.1341
0.4272
0.2655
0.08774
0.1087
0.1114
0.2712
0.1123
0.0009537
9.537e-05
0.0
0.0
0.0
0.02108
0.2918
0.2213
0.3265
0.2594
0.1072
0.07515
0.3235
0.1404
0.1865
0.6294
0.2121
0.2403
0.3998
0.06542
0.1789
0.3521
0.09918
0.0001907
0.0001907
0.0002861
0.0
0.0
0.0
0.2705
0.2426
0.1087
0.2422
0.2094
0.5043
0.4219
0.2438
0.23
0.214
0.2071
0.2071
0.2144
0.5104
0.1507
0.5203
0.2808
0.05026
0.1413
0.1034
0.219
0.1902
0.0001907
0.0
0.4051
0.1425
0.5112
0.5798
0.1274
0.1207
0.09422
0.2327
0.1936
0.2335
0.2571
0.09899
0.09298
0.1074
0.2781
0.396
0.0926
0.1328
0.1196
0.2335
0.2022
0.001144
9.537e-05
0.0
0.0309
0.1766
0.1528
0.4044
0.07887
0.1472
0.3143
0.2178
0.2556
0.4356
0.2201
0.2163
0.2338
0.5173
0.1736
0.3967
0.1957
0.0
9.537e-05
0.0
0.0
0.0
0.0
0.0
0.003147
0.1492
0.3422
0.2369
0.1921
0.1205
0.1383
0.16
0.1221
0.1917
0.2285
0.2815
0.1812
0.3239
0.2026
0.1623
0.1295
0.0
9.537e-05
0.0
9.537e-05
0.0
0.0
0.0
0.0
0.03586
0.1743
0.3304
0.3773
0.08907
0.1186
0.3578
0.198
0.5547
0.1635
0.176
0.3799
0.3803
0.08001
0.1278
0.2113
0.2808
0.0002861
9.537e-05
0.0
0.0
0.0
0.0
0.005913
0.5074
0.7195
0.3101
0.3361
0.05951
0.1564
0.4776
0.0906
0.3906
0.09413
0.1053
0.3841
0.1392
0.1846
0.3044
0.1135
0.1436
0.3704
0.1938
0.176
0.2472
0.176
0.8652
1.993
1.965
2.118
2.234
2.124
1.981
2.121
2.109
2.167
2.072
2.457
3.882
3.357
2.96
2.695
2.405
2.469
2.618
2.289
2.432
2.335
6.061
4.742
2.811
6.433
9.07
6.384
3.735
5.096
3.845
4.23
2.832
1.411
1.141
0.6302
1.923
2.167
2.06
2.393
2.094
2.902
3.571
3.058
3.149
3.394
3.192
2.933
2.661
2.487
2.496
3.662
3.076
2.847
6.58
4.016
5.182
4.114
3.845
3.741
3.845
5.359
3.656
3.101
3.369
2.286
2.222
0.5768
0.9949
1.343
1.892
2.399
1.996
1.761
1.813
1.971
1.549
1.489
1.311
1.657
2.679
2.261
2.008
2.011
2.203
2.689
2.692
2.313
2.332
1.599
1.569
1.497
1.526
1.419
1.428
1.715
1.581
1.788
1.376
1.19
1.434
5.249
4.974
4.877
4.858
6.122
5.334
3.192
5.688
5.023
3.809
2.206
1.164
1.279
2.261
2.774
1.797
1.498
1.466
1.572
1.266
1.361
2.258
2.06
1.633
1.688
1.396
1.755
2.084
2.261
1.566
2.628
2.271
2.188
1.822
1.624
1.73
1.335
1.636
1.445
1.456
1.596
1.521
1.289
1.144
1.375
5.426
5.066
1.74
3.018
4.083
3.778
4.944
4.736
4.529
5.298
4.315
3.87
2.875
1.3
0.2926
1.558
1.047
1.299
1.46
1.84
1.773
1.843
1.366
1.382
1.431
1.353
2.142
2.914
2.716
2.298
2.292
2.295
2.136
2.295
2.161
2.325
2.237
2.274
2.283
2.332
2.414
4.688
6.097
2.902
5.06
5.713
5.811
5.17
4.224
2.811
3.345
2.887
0.9537
0.6538
1.361
1.66
3.101
1.971
0.3643
0.1987
0.1482
0.3117
0.3967
0.2186
0.1522
0.3906
0.2365
0.2087
0.1949
0.3056
0.798
1.476
3.809
1.535
0.2125
1.437
1.639
3.827
0.2136
0.9216
2.441
2.75
3.241
3.375
3.577
3.29
3.424
3.406
3.271
3.308
3.43
3.302
3.448
3.271
9.216
7.361
8.997
7.556
5.89
5.121
1.974
1.187
3.192
3.381
3.363
3.363
3.339
3.412
3.333
3.461
3.363
3.339
3.51
3.772
3.851
3.882
9.888
7.202
9.119
7.764
5.328
4.504
1.558
1.381
3.339
3.558
3.442
3.369
3.4
3.571
3.333
3.607
3.522
3.571
3.314
3.192
3.424
3.894
8.557
10.47
7.458
5.957
3.516
3.51
2.545
2.908
2.283
1.141
0.9659
1.669
2.377
2.325
2.499
2.267
2.463
2.435
2.396
2.271
2.359
2.481
2.444
2.475
2.481
2.365
2.344
2.243
2.393
2.396
2.2
2.481
2.64
2.246
4.053
6.714
3.058
5.731
5.975
6.274
5.182
3.015
3.363
2.328
1.849
1.057
1.199
2.368
2.454
2.655
2.341
2.432
2.576
2.551
2.536
2.42
2.527
2.393
2.322
2.271
2.222
2.274
2.231
2.295
2.298
2.405
8.252
5.615
7.568
5.444
6.897
5.304
4.425
2.115
0.4372
2.029
2.777
2.835
3.082
2.841
2.859
2.408
3.091
3.247
3.137
2.869
2.747
2.582
2.347
2.438
2.328
2.405
2.164
5.988
4.413
1.779
4.462
3.619
5.164
5.078
4.828
5.963
3.381
3.888
3.098
1.407
0.4028
0.2945
0.1972
0.2563
0.3967
0.07095
0.148
0.3727
0.07076
0.4402
0.3078
0.1965
0.4189
0.09842
0.002098
0.0004768
0.0
0.2262
0.3658
0.4494
0.2541
0.4082
0.2987
0.4028
0.4105
0.2537
0.6775
0.3937
0.753
0.724
0.4562
0.4013
0.5455
0.4303
0.3685
0.3654
0.0
0.0
0.0
0.0
0.0
0.0
0.0
0.0
0.0
0.0
0.0
0.0
0.0
9.537e-05
0.0
0.0
0.0
0.0
0.0
0.0
0.378
1.363
0.8408
0.7629
0.6973
0.7675
0.3796
0.3582
0.367
0.7629
