0.02556
0.02403
0.02584
0.02985
0.02375
0.02613
0.0248
0.02613
0.03538
0.02356
0.02632
0.03405
0.02899
0.0329
0.02508
0.02956
0.02594
0.03338
0.03042
0.02995
0.03262
0.03128
0.03786
0.03405
0.0288
0.03128
0.02508
0.02937
0.0247
0.02918
0.02823
0.03672
0.03452
0.03119
0.03119
0.03357
0.03567
0.02956
0.03662
0.03281
0.02851
0.04187
0.0309
0.02499
0.02432
0.02661
0.02575
0.02556
0.03767
0.02356
0.02193
0.02308
0.02155
0.02499
0.03061
0.02232
0.02594
0.02451
0.02346
0.02527
0.02337
0.02069
0.02575
0.0248
0.02317
0.02174
0.01774
0.02155
0.03119
0.02499
0.02356
0.01736
0.0248
0.03347
0.02356
0.01965
0.02079
0.02508
0.02165
0.02241
0.03605
0.01898
0.02327
0.02756
0.02728
0.02832
0.03462
0.02775
0.02413
0.02279
0.02871
0.02584
0.01898
0.02928
0.02384
0.02384
0.02127
0.02155
0.02556
0.03443
0.02203
0.02337
0.02222
0.02193
0.02737
0.03567
0.03672
0.02842
0.02098
0.02317
0.0248
0.02708
0.02413
0.02136
0.02623
0.02146
0.02108
0.02108
0.03386
0.02241
0.02041
0.02537
0.02575
0.02356
0.02365
0.02213
0.02613
0.02623
0.02689
0.02384
0.02823
0.02441
0.02375
0.03376
0.02422
0.02127
0.02241
0.02975
0.02527
0.02575
0.0248
0.03433
0.02251
0.02165
0.02747
0.03309
0.0494
0.03319
0.02794
0.02851
0.02565
0.01898
0.02899
0.03548
0.0248
0.02966
0.02441
0.02279
0.02775
0.02556
0.02766
0.02766
0.02794
0.02584
0.03033
0.02861
0.0453
0.03815
0.02794
0.03414
0.02375
0.03338
0.02441
0.03099
0.03328
0.02937
0.03586
0.03023
0.02556
0.03204
0.04034
0.03166
0.02708
0.02203
0.02365
0.02537
0.02995
0.03424
0.04759
0.03538
0.02966
0.02394
0.01783
0.02432
0.02136
0.02718
0.02651
0.02193
0.02708
0.02813
0.02365
0.02623
0.04158
0.0349
0.02584
0.02432
0.02337
0.03309
0.03738
0.0329
0.02337
0.02813
0.03023
0.03309
0.02766
0.03977
0.0308
0.02518
0.02871
0.02422
0.03948
0.02785
0.02747
0.03052
0.03052
0.02375
0.02298
0.0308
0.02422
0.02623
0.03023
0.02108
0.02375
0.0329
0.02699
0.03767
0.03901
0.02966
0.0288
0.04911
0.02813
0.0267
0.03462
0.02985
0.03138
0.0268
0.02441
0.02632
0.02937
0.02499
0.02928
0.03099
0.03014
0.02794
0.02565
0.03595
0.03071
0.03099
0.03185
0.03128
0.03748
0.02422
0.02632
0.02861
0.02508
0.03376
0.04501
0.03262
0.02308
0.03777
0.03176
0.03223
0.03595
0.04835
0.02794
0.03252
0.02975
0.03557
0.03004
0.03681
0.03405
0.04883
0.0494
0.037
0.03119
0.03748
0.03014
0.03643
0.03128
0.03872
0.02937
0.02766
0.03376
0.03033
0.02775
0.03576
0.03252
0.02279
0.03443
0.03099
0.02518
0.03986
0.02899
0.0329
0.02813
0.03405
0.03071
0.03109
0.03767
0.03119
0.03214
0.03252
0.02985
0.03023
0.0535
0.03204
0.02174
0.01945
0.02098
0.0267
0.02527
0.0351
0.02527
0.0267
0.02155
0.0289
0.02098
0.01993
0.02308
0.03901
0.01945
0.02766
0.02203
0.02146
0.01993
0.02394
0.03614
0.0205
0.02651
0.02079
0.02365
0.02165
0.01869
0.02327
0.02747
0.01888
0.02184
0.01926
0.02222
0.0267
0.02089
0.02193
0.03366
0.02375
0.02403
0.02289
0.02031
0.02546
0.02995
0.02375
0.02337
0.02146
0.02546
0.06533
0.03395
0.01802
0.03014
0.0247
0.02604
0.02193
0.02527
0.02575
0.0267
0.0248
0.02279
0.02089
0.02499
0.03233
0.03033
0.03357
0.02737
0.02871
0.02565
0.02632
0.02995
0.02537
0.02279
0.03014
0.0453
0.02747
0.02956
0.03014
0.02928
0.02537
0.0247
0.03004
0.02584
0.02708
0.02213
0.03119
0.04139
0.035
0.03119
0.03395
0.02537
0.03767
0.03567
0.03176
0.02575
0.0247
0.03166
0.03138
0.03128
0.03128
0.03929
0.02623
0.03386
0.02975
0.03786
0.04206
0.04101
0.03748
0.03262
0.03805
0.03157
0.03595
0.03204
0.02298
0.03071
0.02956
0.03166
0.04473
0.02689
0.04377
0.02747
0.04416
0.03519
0.03738
0.02899
0.02346
0.02985
0.0246
0.03014
0.03328
0.04292
0.03691
0.02384
0.02737
0.05198
0.02804
0.033
0.03405
0.0329
0.03223
0.03929
0.02804
0.02613
0.03023
0.02947
0.0226
0.02556
0.03843
0.03481
0.0433
0.02728
0.02861
0.03242
0.04272
0.02966
0.04206
0.03729
0.03414
0.03386
0.03014
0.03557
0.03185
0.03805
0.02975
0.01917
0.02213
0.02527
0.03099
0.02794
0.02975
0.0288
0.03567
0.0248
0.033
0.02384
0.03834
0.02975
0.04807
0.03138
0.03204
0.02851
0.02747
0.02966
0.02308
0.02909
0.02861
0.02651
0.02489
0.02432
0.02337
0.02813
0.02584
0.02575
0.02489
0.02193
0.02623
0.0267
0.02584
0.02804
0.03176
0.02451
0.02766
0.02661
0.0391
0.02584
0.0248
0.02728
0.0248
0.03061
0.02584
0.0267
0.02537
0.02556
0.02451
0.02813
0.02365
0.03576
0.03691
0.03309
0.02985
0.02298
0.02556
0.02232
0.02527
0.02575
0.02413
0.02203
0.02489
0.02203
0.02165
0.02718
0.03223
0.0247
0.0247
0.02651
0.02527
0.02193
0.02518
0.02413
0.02289
0.02241
0.02575
0.0206
0.02289
0.02213
0.01965
0.02899
0.0227
0.02766
0.03843
0.02241
0.02432
0.02327
0.01936
0.03815
0.02365
0.02613
0.02527
0.02213
0.02899
0.02213
0.02661
0.0226
0.02422
0.02089
0.02041
0.03538
0.02375
0.02108
0.02394
0.0308
0.01955
0.02766
0.01726
0.02747
0.02232
0.01965
0.02203
0.02155
0.03157
0.01831
0.02642
0.01707
0.02489
0.02184
0.02003
0.0246
0.03281
0.0206
0.0186
0.02089
0.02508
0.02069
0.02594
0.02232
0.01993
0.0227
0.02375
0.0206
0.01945
0.02499
0.02346
0.0206
0.02203
0.02975
0.0227
0.02413
0.02298
0.02441
0.02813
0.02832
0.0267
0.02527
0.03138
0.02775
0.02785
0.02794
0.02289
0.03614
0.0248
0.03042
0.0309
0.03109
0.02203
0.02699
0.03014
0.03004
0.02747
0.02642
0.0227
0.0248
0.03109
0.02928
0.02651
0.02718
0.0268
0.02975
0.03777
0.03004
0.02918
0.03815
0.03624
0.03071
0.02947
0.02804
0.02604
0.03023
0.03042
0.03996
0.02718
0.04253
0.03357
0.03672
0.02565
0.02632
0.03204
0.02413
0.03681
0.03004
0.0329
0.0226
0.02975
0.03157
0.03109
0.03309
0.03138
0.02804
0.03071
0.0289
0.02251
0.03042
0.02975
0.02298
0.02499
0.02146
0.02422
0.02766
0.03052
0.02565
0.03271
0.02451
0.03242
0.02995
0.04416
0.0206
0.02832
0.02317
0.02108
0.02337
0.02966
0.02098
0.02356
0.02337
0.0268
0.02232
0.02308
0.02403
0.01793
0.04301
0.02918
0.0248
0.01736
0.03548
0.02432
0.02289
0.02699
0.02699
0.03014
0.02604
0.01907
0.02337
