20.43
14.62
14.09
15.31
14.16
14.67
15.21
16.55
17.19
18.29
18.12
13.11
14.92
15.55
16.04
15.92
16.43
6.763
0.6065
11.28
15.38
15.38
15.28
15.31
15.28
12.67
12.46
14.92
16.41
15.41
15.41
15.67
12.84
13.65
13.82
14.23
15.82
16.11
15.28
14.84
8.936
16.41
15.99
16.09
16.14
15.7
15.55
16.77
17.48
16.67
15.77
15.43
17.41
16.6
16.94
18.16
13.87
13.6
13.18
15.92
16.82
16.19
16.33
14.38
11.47
19.48
17.24
16.11
17.36
17.63
18.33
20.12
20.97
16.65
15.6
17.58
18.99
13.75
17.21
11.04
14.43
12.27
13.72
15.8
15.82
14.87
15.58
16.09
10.28
20.14
19.92
19.46
19.68
21.66
22.34
22.66
16.97
18.43
19.56
18.55
12.46
14.84
15.26
15.62
15.09
14.89
12.3
15.72
9.497
26.32
30.52
31.79
28.91
31.88
29.59
32.81
19.97
1.068
8.154
19.87
14.31
17.82
32.23
32.28
36.38
36.67
28.37
28.32
18.87
19.7
21.63
24.8
22.36
14.77
8.679
22.34
33.01
31.98
30.22
31.01
21.19
34.08
27.25
18.02
17.94
20.17
19.17
18.38
12.65
35.11
34.62
34.57
30.52
26.56
32.91
28.81
17.6
9.473
19.8
19.6
30.42
35.74
32.91
24.88
30.52
27.0
19.56
24.0
25.68
24.58
14.28
18.55
14.36
16.02
13.82
17.77
17.82
18.53
20.41
16.58
17.43
14.89
0.2163
0.1068
0.02346
0.02861
0.02346
0.02604
1.776
17.65
16.14
16.43
17.6
17.99
15.77
11.56
24.71
24.49
21.66
15.82
26.17
25.15
21.68
18.51
24.76
27.29
7.959
0.7347
0.1902
0.02861
0.0247
0.02737
2.975
19.02
18.12
15.48
16.58
17.14
18.65
16.89
8.215
17.94
21.04
22.58
26.76
13.72
17.75
14.6
17.02
10.18
0.2007
0.08078
0.02604
0.02861
0.02346
0.02861
9.729
14.87
20.97
27.93
28.27
15.04
15.06
17.36
15.67
16.97
18.46
25.05
26.51
21.78
20.12
19.51
17.02
28.52
29.15
20.34
0.9171
0.531
0.03128
0.02604
7.104
13.5
13.23
18.46
23.17
30.86
21.34
28.81
25.49
14.62
15.21
14.31
21.0
20.43
20.41
18.04
16.06
13.62
0.2186
0.1198
0.02604
0.02604
0.02604
0.03128
5.28
11.61
18.65
13.65
2.46
12.65
16.19
9.888
11.95
22.8
26.51
28.12
15.97
16.26
14.79
14.6
20.04
27.34
29.05
14.65
0.8911
0.3593
0.02604
0.03128
0.02604
10.56
13.23
16.41
14.82
14.84
14.97
17.77
14.77
11.54
13.96
14.48
15.58
15.92
14.99
15.16
12.87
11.27
0.2136
0.1041
0.02604
0.02604
0.02604
0.02604
0.02079
3.284
14.11
12.0
15.04
13.75
12.45
10.77
13.77
16.28
11.43
16.94
16.38
25.05
24.9
14.06
14.04
20.9
20.75
21.19
12.55
0.7393
0.3124
0.03128
0.02079
11.22
21.51
26.03
26.61
15.38
14.28
11.73
19.34
29.1
30.13
29.2
30.52
31.93
31.79
31.45
27.0
29.0
30.81
29.49
28.56
29.05
27.88
26.66
26.07
30.71
36.28
35.64
27.78
23.19
34.72
33.98
35.01
30.71
20.87
24.73
27.25
20.43
2.469
23.61
34.33
31.49
28.42
28.96
30.03
31.49
32.42
33.11
31.01
31.84
30.08
29.49
29.0
28.71
32.37
27.54
27.59
32.37
34.33
28.03
13.33
28.47
31.64
32.67
29.05
30.42
25.49
26.71
24.27
19.63
3.4
31.84
33.64
32.32
35.16
35.3
27.93
26.76
30.76
32.18
34.13
33.79
32.18
31.15
28.61
28.96
26.66
29.2
31.79
30.08
31.1
13.4
23.22
34.81
33.89
23.83
25.29
27.88
27.39
27.73
18.68
3.424
27.64
30.03
33.11
31.79
27.88
27.44
30.03
30.42
32.13
30.52
30.96
28.42
29.15
29.15
30.03
29.2
31.05
29.49
31.4
32.03
27.15
14.26
30.76
34.47
33.98
32.71
28.47
21.56
21.83
22.75
18.99
1.642
20.51
33.06
32.42
29.93
29.39
32.67
32.52
29.54
29.2
26.17
25.44
24.32
25.2
29.79
32.08
31.93
26.9
26.27
30.22
29.69
30.66
30.47
11.49
17.31
31.2
27.69
29.98
28.47
28.86
19.14
24.54
25.44
15.23
3.271
28.61
30.27
31.25
34.62
33.54
30.57
32.37
30.08
28.91
29.98
29.93
32.52
33.06
32.62
33.59
35.06
34.47
31.45
30.27
30.13
11.13
18.73
33.79
31.3
32.32
32.67
22.39
24.27
25.68
21.09
8.069
25.39
32.71
27.88
30.71
13.96
28.03
28.71
33.45
28.03
31.54
27.73
15.41
30.96
29.88
26.42
30.71
16.7
30.81
30.22
22.12
23.83
16.77
16.67
16.92
18.6
13.75
16.04
27.15
26.42
22.14
24.37
21.12
19.31
21.75
23.93
14.99
23.41
27.05
23.97
22.05
25.34
10.08
18.46
23.58
25.93
28.76
25.73
25.15
26.61
24.41
25.34
27.2
27.83
27.98
28.91
28.32
30.71
29.88
25.68
26.51
27.25
28.76
30.47
28.22
28.96
17.85
15.04
15.38
15.41
15.92
15.82
16.43
15.48
15.55
16.24
16.19
16.31
15.67
15.75
14.92
15.72
14.75
5.139
20.48
18.38
18.29
18.31
17.02
15.31
32.28
35.01
32.23
35.94
36.57
35.69
36.43
36.57
36.77
35.69
33.79
31.45
31.35
34.62
34.86
13.33
24.15
36.82
34.96
36.72
33.79
30.47
29.1
22.0
4.37
21.58
18.75
17.77
17.02
15.38
15.41
15.19
15.48
15.33
15.8
24.85
26.66
26.76
24.54
24.58
24.07
24.85
24.1
21.41
19.75
18.24
17.9
16.11
15.99
15.33
15.26
18.43
21.78
23.83
24.83
22.9
14.89
13.94
15.87
16.46
17.14
15.7
15.53
15.8
16.65
16.8
16.82
15.99
15.62
17.77
24.49
15.48
16.8
19.6
19.41
23.85
19.85
22.53
23.46
22.31
16.38
22.09
20.78
25.44
21.34
20.53
21.12
20.68
24.15
30.86
30.08
12.52
27.34
33.45
31.69
34.47
35.84
34.33
30.37
25.59
29.0
29.79
32.71
32.08
32.86
31.84
29.83
31.35
32.32
31.3
32.91
30.91
19.02
14.84
15.84
20.31
21.07
20.29
19.26
18.92
24.88
22.27
22.44
22.92
21.22
7.996
15.01
13.43
14.48
15.21
16.14
19.36
20.46
19.6
29.88
29.54
18.21
27.2
32.08
27.15
1.37
0.6096
0.05207
11.23
17.31
19.38
16.75
13.96
4.517
3.741
15.43
17.72
17.21
19.7
19.63
19.41
10.51
17.16
25.73
30.18
28.37
1.636
0.7034
0.07811
0.02604
0.02604
0.03128
0.02604
0.03128
0.03643
0.03128
0.03643
0.02604
0.02604
0.02604
0.03128
0.02604
0.02604
0.02604
0.02604
0.02079
0.4997
19.85
24.29
30.18
32.86
18.99
21.0
23.68
24.78
27.64
27.54
