6.024
6.024
6.024
6.024
6.024
6.024
6.024
6.024
6.024
6.024
6.024
6.024
6.024
6.024
6.024
6.024
6.024
6.024
6.024
6.024
6.024
6.024
6.024
6.024
6.024
6.024
6.024
6.024
6.024
6.024
6.024
6.024
6.024
7.275
13.33
16.53
17.31
17.75
18.16
16.19
14.62
12.84
10.55
10.68
15.92
16.99
17.58
18.07
16.21
13.82
12.52
9.534
15.43
16.75
17.43
17.92
16.92
14.45
13.06
8.923
8.716
8.496
14.75
16.63
17.48
17.92
18.14
15.33
14.45
12.89
8.276
8.557
8.154
8.508
13.7
16.63
17.46
17.97
17.19
14.77
13.55
10.17
15.7
16.77
17.48
17.77
18.09
16.46
14.6
13.5
11.76
10.78
15.65
16.67
17.19
17.5
17.97
17.11
14.77
12.77
9.888
8.533
14.48
16.7
17.48
17.9
16.36
14.14
13.35
9.399
8.704
15.28
16.92
17.68
18.09
15.8
14.4
11.18
9.009
9.436
9.082
9.009
9.302
18.24
20.43
15.26
17.87
20.75
13.65
9.485
11.65
19.82
19.97
13.33
10.94
16.09
17.19
17.8
18.29
15.84
15.14
11.45
11.35
16.33
17.36
17.85
17.02
14.36
12.37
8.691
14.28
16.67
17.43
17.85
17.41
15.11
13.62
9.473
13.01
15.94
16.8
17.41
17.92
17.82
14.99
14.04
11.47
9.229
9.888
18.77
20.63
17.11
12.92
8.569
6.018
6.024
6.024
6.024
6.024
6.024
6.024
6.024
6.024
6.024
6.024
6.024
6.024
6.024
6.024
6.024
6.024
6.024
6.024
6.024
6.024
6.024
6.024
6.024
6.024
6.024
6.024
6.024
6.024
6.024
6.024
6.024
6.024
6.024
6.024
6.024
6.024
6.024
6.024
6.024
6.024
6.024
6.024
6.024
6.024
6.024
6.024
6.024
6.024
6.024
6.024
6.024
6.024
6.024
6.024
6.024
6.024
6.024
6.024
6.024
6.024
6.024
6.024
6.024
6.024
6.024
6.024
6.024
6.024
6.024
6.024
6.024
6.024
6.024
6.024
6.024
6.024
6.024
6.024
6.024
6.024
6.024
6.024
6.024
6.024
6.024
6.024
6.024
6.024
6.024
6.024
6.024
6.024
6.024
6.024
6.024
6.024
6.024
6.024
6.024
6.024
6.024
6.024
6.024
6.024
6.024
6.024
6.024
6.024
6.024
6.024
6.024
6.024
6.024
6.024
6.024
6.024
6.024
6.024
6.024
6.024
6.024
6.024
6.024
6.024
6.024
6.024
6.024
6.024
6.024
6.024
6.024
6.024
6.024
6.024
6.024
6.024
6.024
6.024
6.024
6.024
6.024
6.024
6.024
6.024
6.024
6.024
6.024
6.024
6.024
6.024
6.024
6.024
6.024
6.024
6.024
6.024
6.024
6.024
6.024
6.024
6.024
6.024
6.024
6.024
6.024
6.024
6.024
6.024
6.024
6.024
6.024
6.024
6.024
6.024
6.024
6.024
6.024
6.024
6.024
6.024
6.024
6.024
6.024
6.024
6.024
6.024
6.024
6.024
6.201
8.167
13.87
16.65
17.53
18.02
18.41
18.77
18.95
19.09
19.21
19.36
19.36
19.36
19.51
19.56
19.73
19.73
19.78
19.92
20.09
20.24
20.24
16.89
17.9
20.58
20.8
20.65
20.65
20.34
19.75
19.17
18.48
9.717
15.97
17.26
18.19
18.55
18.75
18.9
18.95
19.09
19.17
19.34
19.36
19.36
19.36
19.38
19.56
19.56
19.75
19.75
19.73
19.73
19.87
19.92
19.92
19.95
20.12
20.12
20.29
20.31
20.31
17.19
17.04
18.75
20.56
20.85
20.87
20.75
20.68
20.65
19.97
16.55
15.87
15.36
14.84
14.72
10.56
9.79
15.45
16.63
17.19
17.7
17.87
17.99
18.21
18.51
18.65
18.77
18.92
18.97
19.12
19.17
19.34
19.34
19.53
19.53
19.53
19.7
19.73
19.8
19.92
19.92
20.12
20.26
20.31
20.19
16.85
17.77
18.99
19.75
20.68
20.56
20.29
20.26
20.0
19.31
17.63
17.16
17.04
16.36
10.83
10.13
15.43
16.58
17.24
17.68
18.02
18.26
18.58
18.77
18.85
18.97
19.12
19.17
19.34
19.34
19.51
19.56
19.68
19.73
19.73
19.75
19.92
19.92
20.12
20.14
20.26
20.31
18.19
17.04
18.43
20.04
20.09
20.0
19.9
19.9
19.87
19.56
18.53
17.63
17.5
17.41
16.5
8.716
14.11
16.24
16.97
17.41
17.72
17.87
17.99
18.26
18.53
18.7
18.77
18.97
19.07
19.17
19.17
19.17
19.17
19.26
19.38
19.53
19.53
19.53
19.68
19.73
19.92
19.97
20.14
20.31
20.17
16.87
19.21
20.78
20.85
20.61
20.46
20.07
19.56
19.36
14.94
10.56
15.62
16.77
14.92
13.77
10.44
9.875
15.01
16.36
16.97
14.04
13.33
11.67
11.56
16.24
14.26
12.07
10.1
15.89
15.45
12.84
10.41
14.16
16.55
14.87
12.87
10.07
12.26
16.31
15.45
12.99
9.753
13.79
16.8
17.7
18.07
18.38
18.77
18.95
19.12
19.29
19.46
19.53
19.63
19.73
19.85
19.92
19.97
20.19
20.31
20.31
20.34
19.19
16.58
18.19
19.02
19.53
19.68
19.7
19.7
19.7
19.73
19.73
19.73
18.73
17.24
16.99
16.85
16.77
16.33
9.399
12.62
15.99
16.7
17.14
17.58
17.9
18.02
18.36
18.7
18.97
19.14
19.26
19.38
19.53
19.65
19.73
19.75
19.92
19.95
20.24
20.31
17.92
17.85
20.19
20.83
20.83
20.65
19.87
17.46
16.94
16.77
16.58
14.79
9.387
15.06
16.31
16.97
17.31
17.72
17.94
18.02
18.21
18.55
18.77
18.82
18.97
18.97
19.07
19.17
19.17
19.36
19.34
19.53
19.53
19.6
19.73
19.73
19.78
19.92
19.92
19.95
20.04
20.12
20.21
20.31
20.31
20.31
16.92
18.07
19.24
19.48
20.53
20.65
20.56
20.36
19.95
17.33
16.87
16.85
13.26
10.3
9.668
9.131
11.07
10.95
18.41
20.51
17.24
11.79
8.875
11.01
19.53
20.12
12.34
10.1
10.25
15.84
16.99
17.58
17.92
18.31
18.7
18.95
19.07
19.14
19.31
19.34
19.46
19.53
19.68
19.73
19.73
19.85
19.92
19.92
20.12
20.31
20.31
20.31
20.31
18.87
17.36
19.12
20.21
20.29
20.29
20.29
20.14
20.09
20.12
19.41
16.58
15.92
15.72
15.67
15.53
10.52
9.033
9.009
9.326
10.68
14.6
20.04
20.41
17.94
6.445
6.207
6.024
6.024
6.024
8.264
8.74
9.045
9.375
9.021
8.899
8.777
9.106
9.07
9.351
6.348
6.213
6.073
6.024
6.024
6.024
6.024
6.024
6.024
6.024
6.024
6.024
6.024
6.024
6.024
6.024
6.024
6.024
6.024
6.024
6.024
6.024
6.024
6.024
6.024
6.024
6.024
6.024
6.024
6.024
6.024
6.024
6.024
6.024
6.024
6.024
