5.829
5.829
5.829
5.829
5.829
5.829
5.829
5.829
5.829
5.829
5.829
5.829
5.829
5.829
5.829
5.829
5.829
5.829
5.829
5.829
5.829
5.829
5.829
5.829
5.829
5.829
5.829
5.829
5.829
5.829
5.829
5.829
5.829
7.117
13.57
16.65
17.53
17.99
17.75
15.04
14.09
9.412
15.21
16.89
17.63
18.12
16.33
13.55
10.61
12.6
16.43
17.38
17.87
17.38
14.53
12.13
8.716
8.862
8.435
15.06
16.87
17.65
18.09
15.58
13.4
9.753
14.53
16.65
17.48
17.94
15.16
12.79
8.716
8.85
8.533
12.34
16.46
17.36
17.99
16.55
13.06
10.83
8.545
8.533
8.862
13.09
20.8
15.09
14.31
16.85
17.53
17.85
15.58
13.45
9.558
8.24
8.545
8.582
14.94
16.82
17.5
17.55
14.67
12.46
8.887
8.801
8.691
9.082
8.594
8.826
10.79
16.16
17.29
17.9
16.99
14.21
11.65
8.997
8.948
8.984
9.009
9.253
9.021
12.84
16.58
17.48
17.92
17.19
14.28
12.89
9.509
9.033
8.887
9.131
9.79
15.89
17.16
17.77
18.26
16.02
13.53
10.25
9.68
18.21
19.87
13.53
8.923
15.14
16.82
17.53
17.97
16.55
13.67
10.86
9.778
19.58
19.63
14.09
19.9
20.09
13.55
8.569
13.13
16.09
17.02
17.53
17.87
17.92
15.21
14.11
12.39
9.534
6.384
6.018
6.024
6.024
6.024
6.024
6.024
6.024
6.024
6.024
6.024
6.024
6.024
6.024
6.024
6.024
6.024
6.024
6.024
6.024
6.024
6.024
6.024
6.024
6.024
6.024
6.024
6.024
6.024
6.024
6.024
6.024
6.024
6.024
6.024
6.024
6.024
6.024
6.024
6.024
6.024
6.024
6.024
6.024
6.024
6.024
6.024
6.024
6.024
6.024
6.024
6.024
6.024
6.024
6.024
6.024
6.024
6.024
6.024
6.024
6.024
6.024
6.024
6.024
6.024
6.024
6.024
6.024
6.024
6.024
6.024
6.024
6.024
6.024
6.024
6.024
6.024
6.024
6.024
6.024
6.024
6.024
6.024
6.024
6.024
6.024
6.024
6.024
6.024
6.024
6.024
6.024
6.024
6.024
6.024
6.024
6.024
6.024
6.024
6.024
6.024
6.024
6.024
6.024
6.024
6.024
6.024
6.024
6.024
6.024
6.024
6.024
6.024
6.024
6.024
6.024
6.024
6.024
6.024
6.024
6.024
6.024
6.024
6.024
6.024
6.024
6.024
6.024
6.024
6.024
6.024
6.024
6.024
6.024
6.024
6.024
6.024
6.024
6.024
6.024
6.024
6.024
6.024
6.024
6.024
6.024
6.024
6.024
6.024
6.024
6.024
6.024
6.024
6.024
6.024
6.024
6.024
6.024
6.024
6.024
6.024
6.024
6.024
6.024
6.024
6.024
6.024
6.024
6.024
6.024
6.024
6.024
6.024
6.024
6.024
6.024
6.024
6.024
6.024
6.024
6.024
6.024
6.024
6.024
6.024
6.024
6.024
6.024
6.024
6.024
6.024
6.152
10.17
15.48
16.5
17.07
17.55
17.9
18.04
18.33
18.48
18.77
18.77
18.87
18.97
18.99
19.17
19.17
19.21
19.36
19.36
19.36
19.56
19.63
19.73
19.8
20.02
20.12
20.12
18.53
20.41
20.85
20.31
20.07
19.53
19.07
18.7
17.63
10.51
15.55
16.48
16.94
17.31
17.68
17.82
17.94
18.26
18.48
18.63
18.8
18.97
18.97
19.09
19.17
19.29
19.36
19.36
19.46
19.56
19.56
19.73
19.73
19.73
19.85
20.02
20.12
20.09
17.8
20.19
20.21
20.87
20.87
20.87
20.65
20.63
18.99
18.02
17.82
17.82
17.63
10.06
15.43
16.6
17.21
17.68
17.92
18.14
18.51
18.73
18.9
18.92
19.09
19.12
19.12
19.31
19.31
19.31
19.43
19.51
19.51
19.65
19.7
19.7
19.8
19.9
19.9
20.07
20.26
20.26
20.09
18.24
20.58
20.68
20.87
20.75
20.31
20.09
19.53
17.36
17.24
17.11
16.87
12.84
12.62
16.16
16.94
17.5
17.9
18.09
18.36
18.58
18.77
18.9
18.97
19.17
19.17
19.26
19.36
19.36
19.56
19.56
19.68
19.75
19.75
19.78
19.75
19.92
20.07
20.14
20.14
19.58
18.58
20.46
20.51
20.85
20.87
20.56
20.26
19.82
18.68
18.38
18.21
18.21
14.62
11.89
15.92
16.75
17.21
17.6
17.9
17.99
18.19
18.41
18.6
18.77
18.77
18.92
18.97
19.02
19.17
19.17
19.17
19.36
19.36
19.36
19.41
19.56
19.56
19.56
19.65
19.75
19.75
19.73
19.9
20.09
20.21
20.26
18.65
20.61
20.87
20.78
20.51
18.29
17.04
17.04
14.6
13.33
16.19
17.09
14.94
14.18
12.96
10.21
15.87
16.67
13.33
11.39
11.79
16.58
17.46
17.97
18.31
18.73
18.95
19.09
19.14
19.31
19.46
19.6
19.73
19.75
19.92
20.02
20.19
20.31
18.97
20.07
20.78
20.85
20.85
20.63
18.8
18.77
18.77
13.4
13.55
16.7
17.55
18.02
18.38
18.73
18.97
19.14
19.29
19.36
19.63
19.92
19.92
19.92
20.07
20.29
20.51
20.48
18.85
20.73
20.85
20.65
20.17
18.77
18.55
17.19
11.3
16.63
17.63
18.09
18.48
18.82
18.99
19.14
19.34
19.38
19.53
19.7
19.73
19.87
20.02
20.24
20.29
18.14
20.61
20.87
20.65
20.02
18.46
17.87
17.82
11.87
15.87
17.33
17.92
18.19
18.68
18.92
18.97
19.17
19.29
19.38
19.53
19.73
19.73
19.9
20.02
20.21
20.24
18.31
20.65
20.85
20.51
20.24
19.56
19.56
19.36
12.99
10.31
11.32
10.84
12.19
11.38
12.07
11.18
11.95
11.46
11.52
10.61
8.984
14.62
16.63
17.33
17.82
18.07
18.29
18.55
18.75
18.92
19.14
19.19
19.36
19.41
19.53
19.6
19.73
19.73
19.8
19.95
20.12
20.17
20.31
20.31
18.75
20.48
20.73
20.87
20.85
20.7
19.68
18.58
18.58
18.29
9.326
8.936
10.44
11.06
19.58
19.85
13.33
9.937
9.229
9.692
8.765
10.21
9.204
9.241
9.668
11.39
20.26
19.7
14.7
9.68
9.46
9.338
9.302
9.656
9.46
9.229
9.29
15.38
20.39
20.68
19.07
11.05
10.28
11.43
14.84
19.51
19.56
14.14
9.436
9.57
8.679
9.534
9.094
9.033
9.021
9.131
12.79
19.75
20.73
20.09
16.92
10.33
9.18
6.213
6.213
6.219
6.219
6.219
6.219
6.219
7.605
16.31
20.73
20.14
17.65
10.8
18.92
20.14
17.63
8.35
6.238
6.219
6.219
6.219
6.219
6.219
6.219
6.219
6.219
6.219
6.219
6.219
6.219
6.219
6.219
6.219
6.219
6.219
6.219
6.219
6.219
6.219
6.219
6.219
6.219
6.219
6.219
6.219
6.219
6.219
6.219
6.219
6.219
6.219
6.219
6.219
