5.872
5.872
5.872
5.872
5.872
5.872
5.872
5.872
5.872
5.872
5.872
5.872
5.872
5.872
5.872
5.872
5.872
5.872
5.872
5.872
5.872
5.872
5.872
5.872
5.872
5.872
5.872
5.872
5.872
5.872
5.872
5.872
5.914
9.18
14.97
16.46
17.26
17.68
18.07
18.21
14.6
14.33
13.48
12.29
8.118
8.203
8.899
14.45
15.92
16.6
17.04
17.41
17.63
17.82
18.04
18.21
15.38
14.36
13.18
10.88
8.618
9.241
18.19
20.73
18.63
12.82
15.48
16.67
17.36
17.75
18.04
15.87
14.31
13.31
9.9
8.374
8.752
8.569
14.09
15.7
16.33
16.8
17.26
17.53
17.77
18.02
18.07
17.07
14.77
13.6
11.51
9.839
9.07
8.704
8.936
8.618
8.716
8.777
9.094
18.02
20.73
16.85
9.07
15.14
20.65
19.75
15.01
8.887
14.48
20.0
20.65
18.68
12.41
14.7
16.06
16.63
17.09
17.41
17.6
17.87
18.04
16.7
14.6
12.29
8.789
9.827
8.838
9.473
8.923
9.924
8.972
9.741
8.765
9.375
11.68
15.8
16.85
17.46
17.77
18.07
18.24
16.5
14.65
13.5
10.5
8.752
9.119
11.9
15.77
16.67
17.33
17.7
18.02
17.33
14.79
13.87
11.45
9.167
8.691
14.36
15.82
16.48
16.92
17.29
17.5
17.68
17.85
18.04
18.16
15.14
14.26
12.06
10.94
8.875
9.656
8.386
9.192
9.387
8.972
9.094
17.09
20.63
19.48
10.79
6.213
6.067
6.067
6.067
7.825
8.887
12.11
20.46
19.56
14.79
9.241
8.386
9.082
8.936
8.875
8.899
8.801
15.99
20.68
19.82
17.72
15.06
6.116
6.067
6.067
6.067
6.067
6.067
8.435
8.887
8.85
14.43
20.12
20.73
19.56
17.77
14.97
8.716
9.045
12.08
19.9
20.68
19.04
17.65
10.03
9.509
6.061
6.067
6.067
6.067
6.067
6.067
8.423
8.704
8.826
14.87
20.24
20.73
19.82
18.02
17.68
9.875
9.497
16.94
20.53
20.68
19.53
17.77
17.09
10.85
6.067
6.067
6.067
6.067
6.067
6.067
8.447
8.777
8.569
9.314
8.325
9.57
9.265
8.484
11.24
19.36
20.7
20.58
18.14
12.34
9.839
17.38
20.58
20.65
18.97
11.51
6.219
6.067
6.067
6.067
8.154
8.435
8.813
8.936
8.972
8.862
9.29
8.826
14.06
20.19
20.7
20.39
15.67
8.887
9.326
11.3
19.38
20.7
20.73
18.73
16.26
6.421
6.067
6.067
7.056
8.569
14.67
20.56
20.73
19.87
15.19
14.45
20.53
20.73
18.99
18.04
8.765
8.533
8.862
13.06
19.9
20.7
20.73
18.7
11.34
6.274
6.067
6.067
6.091
8.643
8.545
8.301
8.362
8.728
15.33
20.7
20.75
18.16
10.4
9.253
15.84
20.63
20.75
20.21
17.75
13.16
19.68
20.7
20.7
18.82
16.14
6.628
6.592
13.09
20.0
20.73
20.41
18.48
12.57
13.28
19.87
20.7
20.56
18.14
14.14
8.545
8.63
8.252
8.411
8.484
8.508
15.84
20.68
20.73
20.09
19.02
14.09
15.99
16.7
17.19
17.55
17.85
18.09
18.26
18.46
18.7
18.85
19.02
18.99
19.07
19.21
19.21
19.29
19.38
19.38
19.38
19.58
19.58
19.58
19.68
19.78
19.78
19.78
19.78
19.87
19.97
19.97
19.97
19.97
20.14
20.17
20.26
20.36
20.36
20.31
17.55
17.7
18.48
19.78
20.36
20.34
20.34
20.24
20.12
19.97
19.7
17.87
16.26
15.92
15.92
15.84
15.7
10.77
12.08
16.06
16.89
17.31
17.72
18.02
18.12
18.21
18.48
18.65
18.9
18.95
18.97
19.12
19.19
19.19
19.34
19.38
19.38
19.38
19.58
19.58
19.68
19.85
19.95
19.95
20.0
20.07
20.17
20.14
20.17
20.34
20.34
20.46
20.56
20.56
20.65
20.75
20.75
20.51
17.11
17.75
18.68
20.14
20.14
20.12
19.85
19.75
19.75
19.12
17.65
17.09
17.04
16.65
13.38
8.374
8.765
14.53
16.28
16.97
17.31
17.72
17.97
18.07
18.31
18.68
18.9
19.07
19.19
19.38
19.53
7.654
14.94
16.43
17.11
17.5
17.9
18.09
18.19
18.19
18.36
18.36
18.55
18.58
18.75
18.75
18.92
18.95
18.99
19.29
19.48
18.77
16.85
19.21
20.75
19.58
19.51
19.19
18.68
18.6
17.38
8.838
15.11
16.46
17.07
17.38
17.72
17.99
18.16
18.31
18.36
18.53
18.55
18.73
18.75
18.87
18.95
18.95
19.07
19.14
19.26
19.46
19.53
19.53
17.24
18.63
20.04
20.04
20.07
18.55
17.36
16.58
12.12
14.48
16.04
15.99
13.26
13.13
9.131
15.14
16.16
12.72
10.56
12.24
15.97
15.04
12.65
11.84
17.21
18.7
14.31
14.97
18.7
16.41
8.142
14.09
16.31
14.53
12.74
8.911
9.216
15.43
16.75
17.31
17.7
18.07
18.33
18.53
18.58
18.75
18.87
18.95
19.14
19.14
19.34
19.34
19.58
19.7
19.73
17.16
18.92
20.8
20.83
20.85
20.63
20.14
18.73
16.38
16.24
13.94
10.46
15.28
16.21
16.72
17.21
17.41
17.6
17.92
18.19
18.31
18.43
18.58
18.75
18.75
18.77
18.95
19.04
19.14
19.14
19.34
19.34
19.56
19.73
19.73
19.43
15.09
16.58
18.43
19.43
20.26
20.26
20.19
19.65
17.46
17.24
16.6
0.3117
0.7133
7.3
13.96
15.55
16.16
16.6
16.99
17.04
17.21
17.38
17.7
17.8
17.97
18.09
18.19
18.31
18.43
18.55
18.68
18.75
18.92
18.95
19.17
19.34
19.41
19.53
17.48
17.24
18.97
20.36
20.14
19.51
10.93
15.21
18.75
18.85
16.11
11.21
11.02
16.41
18.68
18.75
16.89
9.424
12.22
8.997
9.253
9.314
8.984
8.74
15.19
16.43
17.19
17.5
17.87
18.24
18.38
18.48
18.6
18.77
18.77
18.95
19.14
19.14
19.29
19.36
19.65
19.73
19.73
19.73
16.99
16.63
18.33
20.48
20.85
20.85
20.85
20.87
19.21
17.41
16.94
11.34
9.668
9.106
11.46
19.97
18.14
9.009
9.009
9.167
8.838
8.838
9.521
12.12
18.82
18.65
11.34
9.021
8.887
8.728
8.862
9.033
8.838
18.48
20.56
14.75
8.936
8.948
8.508
8.521
8.74
9.033
9.326
8.936
8.594
8.24
5.432
5.432
5.249
5.249
5.939
8.74
8.85
10.05
18.75
20.65
20.7
16.06
8.96
10.01
18.16
20.63
20.41
12.89
12.67
19.97
20.83
18.85
6.616
5.566
5.438
5.444
5.444
5.444
5.444
5.444
5.444
5.444
5.444
5.444
5.444
5.444
5.444
5.444
5.444
5.267
5.249
5.249
5.249
5.249
5.249
5.579
10.11
17.46
19.87
19.14
15.38
10.46
9.302
