18.21
19.78
19.95
17.5
13.16
12.49
13.28
12.46
11.6
12.6
12.46
12.37
12.48
10.91
10.93
10.93
10.93
10.93
10.93
10.93
10.93
10.93
10.93
10.93
10.93
10.93
10.93
10.93
10.93
10.93
10.93
10.93
10.93
12.89
13.26
13.04
13.09
20.7
27.59
17.36
11.07
10.91
10.93
11.58
13.28
13.26
13.23
13.09
13.11
13.31
13.01
15.01
30.91
31.05
31.98
31.98
31.1
29.0
26.56
25.54
17.8
29.93
39.75
42.92
43.02
43.12
43.12
43.12
43.12
43.12
43.12
43.12
43.12
43.12
43.12
43.12
43.12
43.12
43.07
43.07
43.07
43.12
43.12
43.16
43.16
43.16
43.21
43.21
43.21
43.21
43.26
43.26
40.72
18.46
16.94
17.02
17.53
18.31
18.63
17.99
16.92
13.6
12.57
13.94
13.04
15.6
31.01
31.3
31.93
31.84
30.66
28.52
25.29
24.12
16.48
34.81
41.89
43.02
43.07
43.12
43.12
43.12
43.12
43.12
43.12
43.12
43.12
43.12
43.12
43.12
43.12
43.07
43.07
43.07
43.07
43.12
43.12
43.12
43.12
43.16
43.16
43.16
43.26
43.26
43.26
35.21
18.12
18.16
17.63
18.29
19.48
17.5
15.87
12.55
12.94
27.44
30.47
31.64
31.79
30.71
28.61
25.78
24.9
16.31
30.76
39.79
43.02
43.07
43.12
43.12
43.12
43.12
43.12
43.12
43.12
43.12
43.12
43.12
43.12
43.12
43.07
43.07
43.07
43.07
43.12
43.12
43.16
43.16
43.16
43.21
43.21
43.21
43.21
43.31
43.26
43.31
43.16
42.63
41.11
34.62
29.15
25.88
24.37
18.48
12.37
16.11
30.96
31.3
31.84
31.88
29.69
28.12
25.15
23.66
19.51
38.48
42.19
43.07
43.12
43.12
43.12
43.12
43.12
43.12
43.12
43.12
43.12
43.12
43.12
43.12
43.12
43.07
43.07
43.07
43.07
43.12
43.12
43.12
43.16
43.16
43.21
43.16
43.26
43.26
43.26
41.75
23.07
17.9
17.68
17.9
17.87
19.19
17.87
16.02
12.48
14.65
29.98
30.76
31.69
31.74
30.57
28.71
26.17
24.61
17.68
33.2
41.41
43.07
42.97
42.72
42.72
42.72
42.72
42.72
42.72
42.72
42.72
42.72
42.87
42.72
43.07
43.12
43.07
43.07
43.12
43.12
43.12
43.16
43.16
43.16
43.16
43.16
43.21
43.26
43.26
42.38
24.34
17.92
17.14
17.53
18.02
18.48
19.36
19.24
18.26
12.84
11.68
10.91
10.93
10.93
10.93
10.93
10.93
10.93
10.93
10.93
10.93
10.93
10.93
10.93
10.93
10.93
10.93
10.93
10.93
10.93
10.93
10.93
10.93
10.93
10.93
10.93
10.93
10.93
10.93
10.93
10.93
10.93
10.93
10.93
10.93
10.93
10.93
10.93
10.93
10.93
10.93
10.93
10.93
10.93
10.93
10.93
10.93
10.93
10.93
10.93
10.93
10.93
10.93
10.93
10.93
10.93
10.93
10.93
10.93
10.93
10.93
10.93
10.93
10.93
10.93
10.93
10.93
10.93
10.93
10.93
10.93
10.93
10.93
10.93
10.93
10.93
10.93
10.93
10.93
10.93
10.93
10.93
10.93
10.93
10.93
10.93
10.93
10.93
10.93
10.93
10.93
10.93
10.93
10.93
10.93
10.93
10.93
10.93
10.93
10.93
10.93
10.93
10.93
11.78
20.24
41.5
43.07
43.07
42.97
42.97
42.92
42.97
43.07
43.12
43.12
43.07
43.12
43.12
43.12
43.12
43.07
43.07
43.12
43.12
43.12
43.16
43.21
43.21
43.21
43.21
43.16
43.21
43.26
43.12
42.87
27.29
19.68
18.51
19.82
12.7
11.16
13.11
34.33
43.12
43.21
43.36
43.36
43.31
43.31
43.26
43.31
43.31
43.31
43.26
43.31
43.31
43.31
43.31
43.26
43.26
43.31
43.31
43.31
43.36
43.41
43.41
43.41
43.36
43.41
43.41
43.07
20.8
16.65
19.51
18.12
19.9
18.65
11.89
11.72
18.6
40.28
43.02
43.07
43.16
43.16
43.12
43.12
43.07
43.12
43.12
43.12
43.12
43.12
43.12
43.12
43.12
43.02
43.07
43.12
43.12
43.12
43.16
43.21
43.16
43.21
43.16
43.21
43.26
41.65
18.19
16.53
17.8
17.53
17.21
19.53
16.46
11.46
11.5
16.89
39.36
43.07
43.12
43.21
43.21
43.21
43.16
43.16
43.16
43.16
43.16
43.16
43.16
43.16
43.16
43.16
43.12
43.12
43.16
43.16
43.16
43.21
43.26
43.26
43.26
43.26
43.26
43.31
43.36
33.59
15.99
19.41
19.73
19.65
18.51
11.91
12.82
29.2
42.92
43.07
43.16
43.21
43.21
43.16
43.12
43.16
43.16
43.16
43.12
43.16
43.16
43.16
43.16
43.12
43.12
43.16
43.16
43.16
43.21
43.26
43.26
43.26
43.26
43.21
43.26
43.36
31.35
16.21
17.99
19.09
19.92
20.53
15.04
11.36
12.87
31.3
43.12
43.12
43.21
43.26
43.26
43.26
43.16
43.21
43.21
43.21
43.16
43.21
43.21
43.21
43.21
43.21
43.16
43.16
43.21
43.21
43.26
43.26
43.26
43.31
43.31
43.26
43.36
43.36
31.59
15.84
19.34
19.04
18.8
19.92
11.88
11.51
18.16
40.92
43.16
43.16
43.26
43.26
43.21
43.21
43.16
43.21
43.21
43.21
43.16
43.21
43.21
43.21
43.12
42.97
43.02
42.97
43.07
43.02
43.07
43.12
43.12
43.12
43.12
43.12
43.12
43.07
30.71
15.82
18.8
20.07
22.02
15.72
11.89
12.02
18.02
39.79
43.12
43.12
43.21
43.21
43.21
43.16
43.12
43.16
43.16
43.16
43.16
43.16
43.16
43.16
43.16
43.16
43.12
43.16
43.16
43.16
43.21
43.26
43.26
43.26
43.26
43.26
43.26
43.31
43.26
25.73
16.04
18.46
18.95
19.58
20.29
14.43
11.49
11.0
12.15
24.58
42.53
43.12
43.16
43.21
43.21
43.21
43.12
42.97
42.97
42.97
42.97
42.97
42.97
42.97
42.97
43.02
43.02
42.92
42.97
42.97
42.97
42.97
43.02
43.07
43.02
43.07
43.07
43.07
43.12
43.12
39.21
16.11
17.85
18.68
20.7
21.09
13.5
11.77
14.87
37.01
43.12
43.12
43.16
43.21
43.21
43.21
43.16
43.16
43.16
43.16
43.16
43.16
43.16
43.16
43.16
43.16
43.07
43.16
43.16
43.16
43.16
43.21
43.21
43.26
43.26
43.26
43.21
43.26
43.26
43.36
43.31
31.01
18.9
19.17
20.87
18.36
12.77
12.28
20.12
40.77
43.12
43.16
43.21
43.21
43.21
43.16
43.16
43.16
43.16
43.16
43.12
43.16
43.16
43.16
43.16
43.07
43.12
43.16
43.16
43.16
43.21
43.26
43.26
43.26
43.21
43.26
43.31
29.98
16.58
17.26
19.6
19.43
20.61
14.28
11.23
12.96
31.49
43.07
43.12
