18.07
16.85
21.75
19.09
18.07
14.28
17.94
15.82
14.18
27.39
16.75
17.02
18.02
16.7
14.62
18.75
15.16
19.46
16.19
18.31
15.75
22.02
16.5
17.26
13.94
16.87
26.95
19.85
16.5
19.82
19.04
19.43
15.16
19.8
18.29
19.07
13.99
17.43
15.45
18.14
18.46
23.58
17.92
13.92
16.55
18.16
13.31
27.29
16.43
17.85
18.6
18.24
13.33
17.24
16.7
12.92
16.21
13.72
17.58
15.84
17.14
14.11
17.92
19.82
19.97
22.9
18.7
17.48
13.89
17.77
17.8
14.18
20.48
16.09
12.44
16.5
17.65
15.06
20.92
26.27
15.67
16.72
13.67
17.7
14.77
16.55
11.23
10.94
16.28
11.34
15.43
15.62
17.65
14.18
11.79
16.53
16.87
13.28
15.28
13.28
18.29
16.31
14.38
11.95
17.46
14.87
12.39
17.36
18.6
14.6
18.73
14.23
18.31
20.56
16.67
18.43
21.73
15.92
18.85
13.65
16.75
13.21
16.04
15.14
12.94
18.31
14.09
17.68
17.55
21.14
14.31
14.04
15.23
24.32
15.38
13.18
17.48
16.6
16.36
20.61
13.67
19.14
16.77
22.66
13.33
15.92
12.35
12.33
25.88
14.18
13.43
12.1
19.36
19.68
13.18
16.02
12.57
15.14
16.43
19.26
12.96
17.09
17.24
17.63
23.56
21.17
20.0
19.73
15.14
16.55
14.58
29.2
22.27
18.7
14.6
18.07
14.89
12.77
18.12
20.53
21.44
22.31
15.01
20.07
13.55
18.75
13.31
14.43
18.19
15.41
14.92
18.48
14.65
19.97
16.8
21.36
19.48
20.8
16.58
19.21
15.89
15.94
25.34
29.83
18.73
18.24
27.25
21.53
17.38
24.29
22.27
22.88
19.53
21.66
17.9
22.73
21.36
25.73
22.68
24.39
19.92
25.2
21.29
22.88
19.63
21.66
18.55
23.17
20.92
24.15
18.68
23.49
19.43
21.07
17.58
21.61
18.09
22.29
22.0
24.83
17.82
23.41
23.85
26.9
22.88
21.39
18.82
21.58
18.9
22.24
19.68
23.97
21.53
23.8
20.61
23.56
21.22
22.12
21.97
22.29
20.97
22.0
19.92
22.92
19.51
22.51
19.21
22.68
22.34
25.78
19.8
22.58
19.41
22.66
20.07
27.15
21.14
24.29
22.05
24.51
22.51
27.0
24.32
27.98
22.58
27.49
24.68
29.3
25.0
29.25
23.93
27.34
21.58
25.49
23.05
28.96
27.44
28.61
25.78
27.78
22.97
24.37
22.68
24.63
23.02
28.37
24.8
25.98
21.36
24.63
20.97
25.44
23.34
26.95
23.73
26.51
24.12
26.71
22.24
26.07
26.56
25.78
23.36
30.13
28.86
29.25
24.34
30.32
27.69
27.83
22.78
26.51
23.73
26.17
23.97
29.64
27.29
29.44
25.73
28.96
26.46
29.1
26.46
29.35
26.37
29.3
26.37
29.39
26.71
27.78
25.59
28.66
25.39
29.83
27.1
29.88
26.12
30.22
26.9
30.22
29.3
30.08
26.9
29.59
27.0
31.54
29.74
30.76
25.68
28.76
25.73
28.47
25.68
28.81
25.29
28.27
25.39
27.73
25.93
28.66
27.44
30.42
26.61
29.54
26.27
29.64
26.03
27.2
24.58
27.54
24.51
27.64
25.93
27.2
24.58
28.47
27.1
31.88
27.29
28.27
24.71
26.27
23.14
25.54
24.39
26.9
22.95
25.15
23.46
23.93
18.65
19.48
17.7
20.04
17.92
21.36
19.12
21.02
21.44
23.93
20.0
18.77
17.24
19.87
17.24
18.55
17.72
20.51
18.9
20.8
17.65
23.29
20.73
19.75
19.51
21.48
18.33
20.61
19.04
18.65
29.25
20.58
18.63
19.02
17.07
18.95
20.61
24.85
19.04
18.99
17.21
19.09
19.87
21.0
17.41
18.21
17.09
19.24
16.31
26.22
18.92
17.68
18.43
18.19
17.77
21.07
18.26
19.36
17.68
17.41
19.24
16.28
22.05
20.07
18.24
21.19
17.92
18.43
19.68
20.48
19.09
18.07
15.55
18.51
17.8
20.14
17.77
19.9
18.46
19.04
17.63
23.17
23.1
25.2
24.07
25.24
22.41
25.2
23.41
26.07
24.37
26.51
24.05
28.47
29.49
27.88
25.73
31.05
29.39
32.52
32.67
34.28
33.59
32.13
28.71
30.32
26.76
27.39
25.88
27.44
26.32
27.83
25.88
26.86
30.18
31.35
27.29
28.61
27.29
29.35
29.0
28.81
28.32
30.66
29.79
29.93
29.39
33.15
30.32
31.74
29.93
32.32
29.83
32.18
29.88
33.74
27.69
30.42
27.98
29.49
27.25
34.23
28.17
31.69
29.74
29.2
25.73
26.76
23.93
25.59
23.66
26.37
23.34
25.93
24.46
27.88
25.39
27.54
23.73
25.0
22.49
28.17
23.17
24.88
23.78
26.07
24.83
30.03
22.95
25.44
23.05
25.54
22.56
27.78
26.42
23.8
19.97
20.19
17.36
20.46
18.09
21.78
19.46
21.58
22.78
25.29
19.29
24.95
23.85
24.98
20.7
25.63
22.58
23.9
19.87
23.02
20.21
22.14
24.68
23.19
21.51
24.12
21.41
23.51
21.85
25.24
24.27
28.66
30.37
30.22
28.52
31.74
28.56
28.56
25.88
27.64
25.1
28.12
23.1
25.34
23.54
26.12
24.44
28.86
23.36
26.76
23.34
24.49
22.44
25.39
21.75
23.24
21.48
23.78
20.75
23.36
20.24
21.34
18.48
22.0
19.51
22.51
20.04
20.92
20.12
22.83
19.07
21.73
18.6
23.36
20.53
24.93
22.92
25.73
18.26
21.53
18.77
21.19
20.9
21.09
18.38
22.51
17.53
24.68
23.54
22.39
18.68
21.22
18.82
21.78
21.53
24.58
20.14
25.1
18.92
23.83
17.92
23.51
19.73
22.9
18.48
21.14
19.73
25.0
20.78
22.49
23.97
25.73
22.68
23.85
19.7
21.44
18.31
20.58
17.82
22.17
20.04
19.92
16.46
19.48
17.33
20.8
17.02
21.44
17.7
20.34
18.16
20.19
17.14
23.32
22.17
27.34
26.46
25.98
23.41
24.17
21.9
22.39
22.36
27.69
20.87
20.56
21.44
24.49
19.87
21.0
17.87
20.19
20.26
20.43
17.92
22.05
21.31
24.07
22.75
25.15
22.51
24.44
21.7
25.2
21.46
21.92
17.68
20.41
17.8
20.7
17.6
20.92
18.12
22.78
18.97
20.12
17.6
21.14
19.46
25.0
23.56
26.07
23.36
24.71
20.78
23.29
19.53
22.07
19.51
24.8
20.04
22.17
18.7
20.87
18.09
20.73
15.01
18.19
16.36
19.56
16.89
19.75
18.48
20.83
19.17
21.22
19.09
21.78
21.51
22.58
19.87
25.1
19.63
21.61
20.14
23.61
19.7
21.73
19.46
22.53
18.14
21.88
20.19
21.17
17.53
21.75
18.36
22.83
24.17
24.39
19.53
26.12
22.05
20.24
17.41
25.29
17.68
20.26
19.24
23.95
21.7
23.14
19.65
22.68
20.04
22.68
19.6
21.58
19.29
22.61
25.24
27.54
23.97
29.59
24.85
30.71
26.32
26.61
23.02
26.17
20.97
24.02
24.17
24.8
20.14
27.44
22.66
28.12
23.46
25.1
22.58
24.8
22.0
26.71
24.63
26.56
23.19
26.32
23.39
27.49
25.49
25.29
22.09
26.86
19.6
27.2
24.05
27.69
25.05
26.37
20.36
23.22
22.07
23.07
21.46
25.2
21.92
21.36
18.97
21.9
18.95
23.19
18.85
21.07
17.94
20.68
18.24
23.61
17.5
22.83
19.12
20.8
18.33
20.87
18.26
21.9
18.36
