37.21
29.69
18.09
32.32
32.81
39.55
28.96
25.78
24.32
35.89
41.89
41.41
39.36
21.97
25.98
25.83
18.55
20.12
32.57
41.16
39.55
33.4
29.2
36.91
40.67
23.02
23.34
15.43
18.51
32.28
28.56
32.67
27.15
40.28
38.43
29.69
15.77
43.95
34.42
27.44
19.29
8.105
1.213
0.03128
0.02861
0.03128
0.02604
0.03128
0.02079
0.02604
0.02079
0.02346
0.02346
0.02346
0.02079
0.02346
0.01822
0.02346
0.02079
0.02346
0.02079
0.02346
0.02604
0.02346
0.02346
0.02604
0.02346
0.02604
0.02079
0.02604
0.02079
0.02604
0.02346
0.02604
0.02079
0.02346
0.02079
0.02346
0.02079
0.02604
0.02346
0.02346
0.02079
0.02604
0.02346
0.02346
0.02346
0.02604
0.02346
0.02604
0.02604
0.02861
0.02346
0.02604
0.02604
0.02861
0.02346
0.02604
0.02346
0.02861
0.02346
0.02604
0.02346
0.02604
0.02346
0.02604
0.02346
0.02604
0.02346
0.02604
0.02346
0.02604
0.02346
0.02604
0.02346
0.02604
0.02346
0.02604
0.02346
0.02604
0.02079
0.02604
0.02346
0.02604
0.02346
0.02346
0.02346
0.02861
0.02604
0.02861
0.02346
0.02861
0.02346
0.02604
0.02346
0.02346
0.02346
0.02604
0.02346
0.02861
0.02346
0.02604
0.02346
0.02346
0.02346
0.02604
0.02079
0.02604
0.02079
0.02604
0.02079
0.02604
0.02079
0.02604
0.02346
0.02604
0.02079
0.02604
0.02346
0.02604
0.02604
0.02604
0.02604
0.02861
0.02346
0.02861
0.02346
0.02604
0.02604
0.02604
0.02346
0.02604
0.02346
0.02604
0.02346
0.2708
10.64
20.26
19.82
5.402
16.63
19.95
19.31
11.44
22.44
17.68
14.26
16.48
13.89
12.26
7.312
5.292
26.22
24.1
10.68
16.53
15.72
14.55
32.42
14.31
14.33
12.1
10.41
14.21
16.04
12.7
12.94
11.18
12.77
17.38
13.96
9.961
10.06
10.78
18.16
10.93
13.4
18.85
15.77
15.89
7.19
4.254
3.644
5.713
28.42
6.055
0.2449
0.02604
3.534
24.0
34.13
31.59
23.24
8.142
22.63
17.26
29.64
23.66
18.95
17.63
18.58
29.74
25.0
13.72
13.4
21.56
14.4
12.7
14.82
15.82
31.05
24.12
21.09
34.38
26.81
22.66
9.57
35.69
26.81
9.961
5.06
16.87
12.06
14.75
27.0
34.08
23.22
24.22
22.46
10.73
16.65
16.06
21.02
15.26
22.39
14.28
13.7
31.49
26.9
29.44
16.41
22.88
31.88
27.39
23.22
22.12
38.87
32.96
28.81
21.46
14.94
29.15
31.69
23.71
14.23
18.12
23.68
37.4
30.27
35.11
16.19
24.17
29.59
26.46
24.98
25.05
31.25
28.22
28.47
34.72
25.29
22.51
28.86
30.13
21.66
29.69
28.37
31.84
25.54
32.03
25.59
27.2
20.97
25.73
25.34
25.68
33.3
34.96
30.71
20.87
23.88
36.33
35.21
25.98
22.36
29.74
34.23
30.47
23.44
23.54
19.09
35.69
32.71
27.69
23.78
10.73
17.99
33.79
35.45
29.59
13.94
33.11
28.27
28.08
17.09
21.68
22.22
26.51
19.24
30.13
29.0
28.56
20.0
24.32
32.42
29.1
37.65
43.21
34.13
26.51
23.61
29.25
27.0
30.86
33.54
17.36
22.22
21.12
23.22
19.65
16.38
18.31
23.9
17.19
18.04
23.88
35.55
23.02
20.24
26.27
20.39
30.42
35.64
37.65
32.28
9.412
26.9
31.3
20.46
37.35
32.76
26.95
16.28
28.32
24.98
28.56
13.84
14.87
17.97
19.07
16.63
18.99
15.16
22.8
19.73
22.51
19.73
20.95
29.74
24.34
33.35
31.74
15.55
7.275
24.93
17.99
19.87
22.63
19.85
17.85
25.15
31.79
27.44
11.93
32.42
35.11
35.3
25.49
32.13
31.35
31.74
17.5
8.105
36.28
28.42
25.2
19.82
10.22
12.34
14.23
19.12
22.44
22.12
22.29
19.48
28.61
24.24
30.96
28.86
19.17
33.89
27.73
18.58
33.79
37.65
32.52
22.92
20.12
29.74
31.59
34.91
36.33
16.41
26.51
36.04
24.24
14.45
18.21
16.43
14.53
12.49
32.67
35.45
28.76
30.66
21.26
8.862
25.73
29.35
37.16
43.36
30.62
27.15
24.78
14.77
23.32
16.36
38.57
22.36
33.15
18.68
28.86
38.33
31.4
24.44
16.04
26.17
22.56
15.82
19.51
39.31
33.94
36.04
18.12
30.32
14.23
6.567
15.21
28.17
24.51
31.69
33.64
25.88
26.56
33.4
32.13
32.52
30.47
18.04
26.76
27.59
35.64
28.96
29.49
29.1
20.02
21.07
34.77
35.16
28.96
22.66
30.86
25.39
28.86
31.2
28.42
17.11
25.68
26.66
26.32
31.05
24.93
21.85
29.93
23.93
31.2
16.65
22.31
20.65
20.95
21.26
21.24
22.71
18.02
20.26
19.24
18.99
14.82
18.02
17.11
28.96
25.49
26.46
26.12
19.17
9.631
7.544
31.88
35.79
34.42
24.29
28.66
19.53
12.13
26.17
23.41
26.76
31.1
31.79
28.08
30.18
18.31
14.43
27.0
24.37
35.55
27.78
29.0
24.63
21.22
15.67
31.59
20.87
29.2
21.78
16.19
24.22
7.581
13.18
26.76
33.11
39.4
33.74
29.54
19.56
23.17
29.98
22.44
28.08
27.0
23.0
28.76
22.75
28.03
30.32
19.46
24.63
25.29
22.75
26.95
29.35
29.74
11.83
26.07
29.1
24.71
31.88
30.57
19.26
33.01
26.46
28.22
27.78
21.75
13.94
33.2
23.54
31.69
23.19
16.19
20.51
19.8
20.65
28.37
34.81
34.91
26.46
18.85
25.34
26.86
33.35
22.02
21.19
26.66
34.67
27.78
15.48
26.61
27.15
25.54
33.84
25.73
21.85
35.89
33.84
29.44
27.54
18.92
29.3
25.88
31.35
27.93
32.81
34.28
35.11
29.1
11.94
26.95
31.01
22.61
30.42
18.99
30.71
25.83
28.47
28.37
21.48
14.09
33.2
30.32
33.54
18.75
29.0
31.49
33.84
29.49
17.48
11.13
29.0
28.32
28.12
16.21
35.35
33.4
28.61
24.22
29.25
21.04
27.05
19.48
21.41
12.49
17.16
21.07
24.37
24.93
15.45
24.34
26.66
23.46
36.28
28.03
9.692
31.01
33.89
36.62
22.63
16.31
28.22
19.04
23.19
32.03
30.08
37.65
16.31
10.25
21.48
17.94
0.02604
0.03128
5.292
12.4
17.5
14.87
25.29
20.8
28.91
27.29
16.75
12.89
21.04
30.03
22.78
22.92
24.68
34.62
36.04
32.96
18.9
28.03
21.88
26.71
22.58
32.08
30.47
28.71
22.8
17.26
37.94
34.28
29.74
15.84
29.25
33.4
30.96
16.19
27.59
26.66
29.25
34.52
37.01
35.16
24.85
29.25
24.0
30.52
36.23
35.3
30.37
14.38
34.57
31.88
31.69
14.89
27.88
33.06
37.7
37.94
31.93
16.7
19.56
27.98
13.35
18.12
18.21
19.58
18.38
16.53
17.75
19.78
16.5
20.48
16.33
12.79
12.52
31.25
28.03
29.3
27.98
18.92
11.76
26.61
30.13
28.96
27.73
32.23
