21.7
20.65
22.39
21.61
21.61
20.68
19.73
21.0
20.43
20.21
20.73
20.48
20.68
20.14
20.68
18.82
19.56
16.16
20.85
19.7
19.85
19.19
19.36
20.58
20.7
20.85
19.78
21.53
21.26
20.78
21.39
21.7
17.85
9.18
0.08955
0.0
17.33
23.34
23.44
23.51
23.54
23.36
23.73
23.58
23.24
19.78
23.36
23.39
23.66
23.36
23.41
23.12
23.39
23.41
23.54
23.29
23.0
23.24
20.92
23.24
23.17
23.61
23.51
23.32
23.56
23.17
23.68
23.68
23.41
21.24
23.54
12.04
0.1425
0.0
0.0123
10.36
22.97
22.68
22.53
21.75
21.8
21.73
22.02
22.44
22.71
22.39
22.73
22.66
11.23
0.03576
0.0
0.005531
17.5
21.31
20.63
21.9
21.04
21.14
20.46
20.39
19.85
20.24
19.65
20.39
19.9
19.65
19.51
20.43
15.82
20.09
20.17
21.97
20.39
20.58
20.58
20.43
21.78
8.411
0.001717
0.01869
0.02651
0.3551
0.0002861
0.0
0.001907
0.001621
0.001812
8.057
21.46
10.53
0.1381
0.0
