36.04
36.08
37.11
37.11
34.23
11.02
9.68
8.74
9.058
9.045
9.058
16.99
15.41
14.94
4.578
3.116
0.5676
0.2007
0.02346
10.33
14.84
18.58
15.26
19.24
31.2
37.4
19.65
16.14
18.24
17.14
16.92
15.77
16.46
26.46
37.35
26.37
36.96
32.13
26.95
38.09
13.43
0.7057
0.2163
11.9
17.63
15.6
25.49
38.57
23.12
19.51
16.6
15.67
17.53
16.8
17.85
37.6
36.23
15.5
15.28
17.7
15.87
17.94
31.88
30.47
10.56
34.47
39.4
39.55
39.75
38.43
37.99
35.69
31.1
8.081
43.31
42.43
42.09
38.82
37.7
38.04
37.5
36.57
37.11
38.23
38.09
38.48
36.47
36.38
37.7
37.6
36.62
34.77
34.13
34.62
34.28
34.13
33.94
33.35
32.96
33.25
33.84
34.08
21.41
10.55
10.53
10.62
10.03
6.519
16.14
13.13
14.82
4.755
3.229
4.736
26.07
29.25
29.93
28.37
29.74
28.66
27.64
26.46
22.97
22.88
18.58
6.323
38.82
38.92
37.79
37.79
37.74
37.7
37.74
37.35
38.57
40.19
39.5
39.55
38.87
39.5
39.45
41.16
38.04
38.38
38.23
38.43
37.35
37.3
37.6
37.79
39.31
38.92
16.92
11.22
11.07
10.86
8.105
17.9
21.7
4.712
4.565
3.802
4.419
27.69
40.87
40.53
40.04
39.06
37.7
38.43
8.96
37.6
42.97
40.23
39.7
38.62
38.18
35.6
35.94
37.89
38.04
38.96
39.11
38.57
37.74
38.72
38.72
36.57
35.94
36.28
37.06
36.62
36.72
35.99
36.23
35.4
35.01
34.42
15.09
10.69
10.62
10.39
8.862
15.92
10.08
18.02
6.458
4.309
3.693
5.475
22.14
39.01
37.94
39.06
37.89
36.13
27.25
26.51
7.385
36.04
42.24
40.04
40.09
38.04
39.31
39.21
38.38
38.28
38.23
37.45
35.94
34.91
34.08
34.91
34.28
32.76
33.3
34.42
33.15
32.52
33.15
33.35
32.52
32.23
33.15
34.77
34.42
19.95
11.0
9.924
9.705
8.435
15.5
16.21
12.67
4.956
3.815
5.865
34.03
37.35
37.4
36.52
36.04
34.13
31.64
32.08
7.861
37.55
40.97
38.82
37.4
35.25
34.08
31.69
32.96
35.89
36.38
37.16
37.3
38.09
38.92
38.92
40.04
39.36
35.11
33.64
38.92
38.04
37.16
36.82
36.82
35.99
36.13
34.13
28.42
10.56
10.84
9.912
10.14
10.93
15.11
21.41
4.828
4.437
3.528
0.8698
0.3647
0.03386
0.02604
0.03128
0.02604
0.02604
0.02861
0.03128
0.02861
0.02861
0.02604
0.02604
0.02346
0.02604
0.02079
0.02604
0.02346
0.02604
0.02079
0.02604
0.02079
0.02604
0.02346
0.02604
0.02346
0.02861
0.02604
0.02604
0.02604
0.02604
0.02346
0.02604
0.02604
0.02604
0.02346
0.02604
0.02346
0.02861
0.02346
0.02604
0.02346
0.02861
0.02346
0.02861
0.02346
0.02604
0.02346
0.02604
0.02346
0.02604
0.02079
0.02604
0.02346
0.02604
0.02346
0.02346
0.02079
0.02861
0.02346
0.02861
0.02604
0.02604
0.02604
0.02604
0.02346
0.02604
0.02346
0.02604
0.02604
0.02861
0.02604
0.02861
0.02604
0.03128
0.02604
0.02861
0.02346
0.02861
0.02346
0.02861
0.02346
0.02604
0.02346
0.02861
0.02079
0.02604
0.02346
0.02604
0.02346
0.02604
0.02346
0.02604
0.02079
0.02861
0.02346
0.02861
0.02346
0.02861
0.02346
0.02604
0.02346
0.02604
0.02346
0.02346
0.02346
0.02604
0.02346
0.02604
0.02346
0.02604
0.02346
0.02604
0.02346
0.02346
0.02346
0.02604
0.02346
0.02604
0.02079
0.02604
0.02346
0.02604
0.02346
0.02346
0.02604
0.02861
0.02604
0.02604
0.02604
0.02861
6.128
37.65
37.4
40.72
39.94
38.62
38.77
38.48
39.89
40.33
39.75
37.99
38.77
41.21
40.23
38.62
37.7
36.47
37.01
36.43
36.72
37.21
37.4
37.01
37.89
38.72
23.39
11.29
11.04
11.12
13.48
20.26
20.68
10.61
1.411
0.2293
0.05207
0.02604
0.02604
0.02079
0.02604
0.02079
0.02079
0.02604
0.02079
0.02079
0.02604
0.02604
0.02079
2.454
22.39
39.75
39.11
38.96
34.86
36.13
36.91
38.09
38.04
38.57
38.43
36.33
36.13
37.01
37.35
37.45
34.91
36.23
36.82
36.96
35.55
34.96
36.82
37.26
35.84
35.64
35.94
25.44
10.84
10.56
10.57
11.38
14.21
18.6
24.22
3.784
1.135
0.2865
0.04692
0.02604
0.02604
0.02604
0.02079
2.063
19.58
39.11
37.84
37.79
37.5
37.11
36.91
37.3
37.35
36.62
35.6
32.96
34.47
36.23
36.72
37.4
35.74
35.64
35.3
34.28
32.81
31.98
32.86
33.5
33.79
34.08
34.13
35.21
27.05
11.01
10.44
10.5
10.85
13.09
20.34
20.75
9.485
2.808
15.77
37.74
37.06
37.79
36.67
35.3
36.38
36.18
37.26
37.55
37.45
37.01
34.72
35.74
37.3
36.52
37.35
35.5
34.62
35.35
34.08
32.23
32.32
34.03
35.84
35.89
36.13
36.43
29.88
10.64
10.53
10.53
10.28
13.33
20.7
21.73
8.618
1.923
0.3124
0.08335
0.02604
0.02604
0.02604
0.02604
0.02604
0.02604
0.02604
0.02604
0.02604
0.02604
0.02604
0.03128
1.26
0.1354
0.07296
0.02604
0.02604
0.02604
0.02604
0.02604
0.02604
0.02604
0.02604
0.03128
0.02079
0.03128
0.02079
0.02604
0.02604
0.02604
0.02604
0.02604
0.02604
0.03128
0.02604
0.02604
0.02079
0.02604
0.02604
0.02604
0.02604
0.02604
0.02079
0.02604
0.02604
0.02079
0.02604
0.02604
0.02604
0.02604
0.02604
0.02604
3.442
8.972
12.15
11.13
11.11
10.46
6.11
5.725
39.45
42.63
41.21
39.4
38.09
38.18
39.21
40.09
38.77
38.67
35.45
37.26
38.43
38.57
37.4
37.16
37.4
37.45
33.3
33.06
34.62
34.57
35.25
32.32
32.52
33.98
33.06
12.16
9.68
10.22
10.07
11.54
16.58
15.89
23.46
3.979
0.8118
0.2239
0.03128
0.03128
0.02079
0.03128
0.02604
0.02604
0.02079
0.03128
0.02604
0.02604
0.02604
0.03128
0.02079
0.03128
0.02604
0.02604
0.02604
0.02604
0.02604
0.02604
0.02604
0.03128
0.02604
0.02604
0.02604
0.02604
0.02604
0.03128
0.02079
0.03128
0.02079
0.03128
0.02604
0.02604
0.02604
0.02604
0.02604
0.02604
0.02604
0.02604
0.02604
0.02604
0.02604
0.03128
0.02079
0.03128
0.02079
0.02604
0.02604
0.03128
0.02079
0.03128
0.02079
0.03128
0.02604
0.02604
0.02604
0.02604
0.02604
0.02604
0.02604
0.02604
0.02604
0.02604
0.02604
0.02604
0.02604
0.02604
0.02604
0.02604
0.02604
0.02604
0.02079
0.03128
0.02604
0.02604
0.02604
0.02604
0.02604
0.03128
0.02604
0.02604
0.02604
0.02604
0.02604
0.02604
0.02604
0.02604
0.02604
0.02604
0.02604
0.02604
0.02604
0.02604
0.02079
0.02604
0.02604
0.02604
0.02604
0.02604
0.02604
0.02604
0.02604
0.02604
0.02604
0.03128
0.02604
0.03128
0.02604
0.02604
0.02604
0.02604
0.02604
0.03128
0.02079
0.03128
0.02604
0.03128
0.02604
0.02604
0.02604
0.03128
0.02604
0.02604
0.02604
0.03128
0.02604
0.02604
0.02604
0.03128
