0.0
0.0
0.0
0.0
0.0
0.0
0.0
0.0
0.0
0.0
0.0
0.0
0.0
9.537e-05
0.0
0.0
0.0
0.0
0.0
0.0
0.0
0.0
0.0
9.537e-05
0.0
0.0
0.0
0.0
0.0
0.0
0.0
0.0
0.0
0.01268
0.6699
1.143
1.067
1.004
0.8438
0.6546
2.945
5.89
4.376
2.887
0.692
0.7034
1.291
1.237
1.059
1.07
6.323
3.601
2.536
1.028
0.08707
0.824
1.158
1.23
1.155
1.682
6.274
4.309
1.691
0.1213
0.9125
1.025
1.036
0.9094
0.8408
5.774
4.529
2.463
0.4379
0.2407
1.192
1.285
1.138
0.9674
5.896
3.888
2.75
0.6592
0.6912
0.7111
0.7622
0.6989
0.8591
1.03
5.151
4.51
3.723
1.132
0.2373
0.1631
0.7126
0.124
0.1713
0.3296
0.1497
0.47
1.068
1.323
1.263
2.908
6.244
3.156
0.9781
0.3796
0.6195
0.4257
0.1139
1.064
1.234
1.176
1.048
5.017
4.242
2.118
0.37
0.3525
0.3853
0.3864
0.3796
0.3841
0.4242
0.07429
0.0268
0.8499
0.9186
0.9811
1.093
0.9689
4.437
4.236
3.662
1.721
0.07877
0.9552
1.143
1.157
0.8865
1.237
7.3
4.358
2.045
0.3006
0.1486
0.425
0.4562
0.4311
0.1652
0.3628
0.3815
0.4196
0.3876
0.2113
1.06
1.105
0.946
0.9659
1.129
7.178
4.602
1.74
0.4784
0.3132
0.5219
0.9613
0.8377
0.8331
0.9399
0.8789
5.634
3.217
4.712
0.7408
0.0
0.0008583
0.0
0.0001907
0.0
0.0
9.537e-05
0.0
0.0
0.0
0.0
0.0001907
0.0
0.0
0.0
0.0
0.0
0.0
0.0
0.0
0.0
9.537e-05
0.0
0.0
0.0
0.0
0.0
0.0
0.0
0.0
0.0
0.0
0.0
0.0
0.0
0.0
0.0
9.537e-05
0.0
0.0
0.0
0.0
0.0
0.0
0.0
9.537e-05
0.0
0.0
0.0
0.0
0.0
0.0
0.0
9.537e-05
0.0
0.0
0.0
9.537e-05
0.0
0.0001907
0.0
0.0
0.0
0.0
0.0
0.0
0.0
0.0
0.0001907
0.0
0.0
0.0
0.0
0.0
0.0
0.0
0.0
0.0
0.0
0.0
0.0
0.0
0.0
0.0
0.0
0.0
0.0
0.0
0.0
9.537e-05
0.0
0.0
0.0
0.0
0.0
0.0
0.0
0.0
0.0
0.0
0.0
9.537e-05
0.0
0.0
0.0
0.0
0.0
0.0
0.0
0.0
0.0
0.0
0.0
0.0
0.0
9.537e-05
0.0
0.0
0.0
0.0
0.0
0.0
0.0
0.0
0.0
0.0
0.0
0.0
9.537e-05
9.537e-05
0.0
0.0
0.0
0.0
0.0
0.0
0.0
0.0
0.0
0.0
0.0
0.0
0.0
0.0
0.0
0.0
0.0
0.0
0.0
0.0
0.0
9.537e-05
0.0
9.537e-05
0.0
0.0
0.0
0.0
0.0
0.0
0.0
0.0
0.0
0.0
0.0
0.0
0.0
0.0
0.0
0.0
0.0
9.537e-05
0.0
0.0
0.0
0.0
0.0
0.0
0.0
9.537e-05
0.0
0.0
0.0
0.0
0.0
0.0
0.0
0.0206
0.2323
0.8041
0.8865
1.047
1.263
1.07
1.344
1.144
0.7561
0.56
0.6287
0.6035
0.5013
0.5096
0.5066
0.9445
0.9842
1.012
1.173
1.202
1.289
1.285
1.215
1.709
6.262
8.838
9.644
10.36
8.923
9.631
9.839
10.79
4.639
4.266
2.066
1.837
0.531
1.073
0.7324
0.6996
0.6439
0.8194
0.8377
0.827
0.9369
1.042
1.151
0.8545
0.946
1.044
1.186
1.057
1.102
1.112
1.056
1.192
0.9018
1.003
0.9415
7.043
9.302
13.45
8.13
9.009
8.838
9.07
10.63
5.341
4.108
2.109
1.268
0.4799
0.9506
1.195
1.183
1.237
1.187
1.137
1.031
1.079
1.059
1.06
0.9018
1.018
0.9613
1.089
1.138
0.9003
0.8865
1.022
1.141
1.074
3.772
5.072
10.14
7.568
12.34
8.521
9.937
9.851
9.558
5.414
4.51
1.358
1.996
0.2525
0.827
0.8514
0.9521
0.9552
1.038
0.8957
1.176
1.05
0.9918
0.9201
0.8652
1.102
1.019
0.8972
0.9079
0.7263
0.7118
0.8209
0.7675
0.7645
1.132
1.115
3.522
6.287
9.253
10.72
11.01
9.607
9.473
6.934
9.241
6.616
2.783
2.615
1.773
2.097
0.5196
0.9384
0.8362
0.7996
0.853
0.9171
0.9338
0.8682
0.8774
0.8667
0.7378
0.7317
0.6989
0.5745
0.5249
0.6035
0.592
0.5302
0.5318
0.4715
0.5814
0.6386
0.75
0.6813
0.7408
0.6287
0.5577
0.4684
0.5379
1.207
5.902
8.008
4.98
6.531
6.372
8.093
7.947
7.336
6.25
7.544
6.042
3.21
4.541
2.332
2.722
2.536
0.2388
0.4471
0.5135
0.5791
0.6012
3.467
4.48
2.823
1.268
1.736
0.3269
0.5424
0.5219
0.5028
0.5936
0.4601
4.382
4.81
2.429
0.8148
0.6325
0.8148
4.962
1.938
0.6676
0.5783
0.6111
1.566
2.994
2.478
0.7935
1.277
0.1442
0.08411
0.07439
0.375
0.1381
0.3101
0.4356
0.47
0.4929
2.872
3.333
1.126
1.053
0.2628
0.4578
0.6409
2.322
3.43
1.21
1.118
0.1825
0.08221
0.1165
0.4021
0.08898
0.6104
0.8041
0.8987
0.8102
0.721
0.7118
0.7599
0.7095
0.795
0.7423
0.7378
0.6142
0.7195
0.7324
0.8087
0.8423
0.7919
0.7874
0.8606
0.9109
0.9384
0.9125
0.9155
0.885
0.7843
0.7591
0.7423
0.8377
3.253
2.96
3.711
5.511
7.239
5.505
7.825
6.213
8.167
4.614
8.276
5.762
7.556
6.677
4.187
3.534
4.285
1.431
1.871
9.537e-05
0.2678
0.7965
0.766
0.882
0.8118
0.8652
0.8514
0.8255
0.9247
0.8362
0.7469
0.7805
0.8408
0.853
0.9338
0.8545
0.7187
0.7355
0.6493
0.6615
0.6813
0.5989
0.6355
0.7339
0.6935
0.7332
0.9338
0.9521
0.8224
3.119
8.24
6.934
4.956
8.228
8.179
8.911
6.36
6.873
7.703
7.239
3.278
4.132
3.827
1.898
3.979
0.3109
0.2872
0.0597
0.09995
0.08173
0.2911
0.1299
0.08755
1.265
0.1518
0.6638
0.6981
0.8469
0.8575
0.9583
0.8118
0.7935
0.7919
0.8575
0.7614
0.7904
0.7538
0.7584
0.7248
0.7721
0.8438
0.8408
0.8575
0.9079
0.8133
0.8179
0.7668
0.8972
0.853
0.8972
0.6966
0.5356
0.7027
3.363
7.08
7.788
4.651
3.717
5.695
8.142
5.493
7.678
6.274
8.716
8.496
5.219
3.351
3.741
1.373
0.6416
0.3757
0.06809
0.4173
0.4944
0.2747
0.05903
0.08736
0.09842
0.3746
0.2087
0.4959
0.1385
0.1213
0.1108
0.2964
0.1022
0.3479
0.3998
0.1434
0.589
0.6744
0.7904
0.8179
0.7233
0.7812
0.7233
0.6775
0.7324
0.8392
0.692
0.666
0.602
0.6508
0.5814
0.6462
0.7225
0.753
0.8362
0.6874
0.7393
0.7202
0.8133
0.8499
0.8148
0.7607
0.6729
0.6371
0.6676
0.5997
0.5821
3.098
8.374
5.17
5.292
7.886
8.472
5.914
7.471
5.713
6.494
7.178
4.895
4.456
3.113
2.356
2.866
0.0
0.0
0.0
0.0
0.0
0.0
0.0
0.0
0.0
0.0
0.0002861
0.0
0.0
