30.13
29.0
22.12
10.68
10.3
10.16
9.167
15.01
14.16
15.72
4.12
7.117
25.78
28.47
22.12
0.8392
0.4166
0.03128
0.02346
0.02604
0.02604
3.955
15.31
20.34
18.99
34.52
30.57
11.66
15.55
18.48
14.38
18.09
15.8
18.6
15.01
18.38
15.6
9.9
0.1406
0.05732
0.02346
0.02604
0.02346
8.508
16.85
19.34
17.38
22.63
34.91
27.0
16.53
17.6
15.36
21.41
36.72
27.69
19.75
32.81
33.94
27.39
36.18
12.13
32.28
36.87
37.65
37.4
36.72
33.84
34.38
34.03
11.27
28.08
39.01
36.47
37.89
35.69
35.21
34.81
34.62
34.33
33.98
33.98
34.38
35.89
34.62
34.77
32.91
34.13
34.62
35.3
31.4
29.1
28.76
30.42
32.13
32.13
29.93
27.39
28.66
28.96
28.37
30.27
16.94
9.973
9.705
10.13
8.411
15.67
14.99
14.09
4.614
3.381
4.327
25.05
36.72
34.96
32.03
32.28
34.77
33.25
30.03
27.98
7.263
35.06
36.43
30.86
34.28
31.45
36.18
34.23
32.76
31.98
32.76
33.45
37.5
36.13
33.5
31.45
35.01
36.67
36.67
33.06
32.62
35.5
34.42
33.79
32.57
30.91
29.69
27.93
29.59
33.3
34.08
10.72
10.44
10.38
9.131
14.92
10.07
18.95
4.291
4.175
3.024
10.88
35.21
33.79
38.38
35.74
31.69
33.01
32.52
21.44
15.38
38.33
36.62
35.5
33.64
28.42
31.79
34.77
32.32
32.13
32.91
32.67
34.57
35.69
33.15
30.71
34.38
33.79
31.88
33.89
31.88
31.01
32.91
31.98
29.05
30.66
29.05
28.22
29.83
29.44
33.69
31.54
12.46
9.705
9.351
9.57
7.764
15.45
14.75
13.79
4.62
3.162
5.933
33.15
34.86
33.89
32.76
32.67
27.98
28.56
33.74
21.19
20.63
39.99
36.47
37.5
34.28
33.79
34.38
35.55
33.06
31.01
35.84
33.35
32.42
30.22
30.52
30.86
34.57
34.57
34.23
30.37
32.08
34.03
32.76
31.49
32.13
33.94
32.42
33.15
34.72
33.11
22.66
10.46
10.46
10.39
6.58
15.62
18.07
9.412
4.462
3.485
4.266
21.63
33.59
34.13
34.13
32.76
27.29
28.66
26.27
26.03
13.31
21.34
35.4
35.01
32.23
34.67
35.94
36.96
33.89
35.94
35.84
37.06
37.3
37.89
32.62
34.42
31.49
29.69
33.15
35.16
33.2
33.84
31.74
30.08
31.2
35.74
33.4
34.03
31.45
32.08
23.36
10.49
10.11
10.46
9.045
15.26
20.24
4.565
4.059
2.878
0.5341
0.2735
0.02346
0.02604
0.02346
0.02604
0.02079
0.02604
0.02079
0.02604
0.02604
0.02604
0.02346
0.02604
0.02346
0.02604
0.02346
0.02604
0.02346
0.02604
0.02346
0.02604
0.02346
0.02604
0.02861
0.02861
0.02346
0.02604
0.02346
0.02604
0.02346
0.02861
0.02604
0.02861
0.02604
0.02861
0.02604
0.02861
0.02604
0.02861
0.02604
0.02604
0.02604
0.02861
0.02604
0.02861
0.02604
0.02861
0.02604
0.02861
0.02604
0.02861
0.02604
0.02861
0.02604
0.02861
0.02346
0.02861
0.02604
0.02861
0.02604
0.02861
0.02346
0.02604
0.02346
0.02604
0.02604
0.02861
0.02346
0.02604
0.02346
0.02604
0.02346
0.02346
0.02346
0.02604
0.02079
0.02604
0.02346
0.02604
0.02346
0.02604
0.02346
0.02604
0.02346
0.02604
0.02346
0.02604
0.02604
0.02604
0.02346
0.02604
0.02604
0.02604
0.02346
0.02604
0.02346
0.02604
0.02346
0.02604
0.02346
2.209
21.9
36.04
36.13
35.25
31.59
29.59
28.08
28.47
29.35
28.27
30.27
29.93
29.88
35.25
32.71
30.32
32.42
33.79
29.05
29.93
27.64
30.13
33.4
33.06
29.2
29.54
29.93
30.42
31.4
32.86
32.42
19.6
11.8
7.41
9.912
12.82
15.23
23.24
9.412
5.603
33.64
38.09
35.84
35.6
37.65
35.55
28.17
23.54
28.03
27.49
29.74
30.32
27.34
25.34
28.56
29.25
29.98
28.17
33.4
33.45
35.3
36.96
35.25
33.06
33.54
33.54
31.98
31.59
33.3
32.03
29.3
15.23
9.705
9.241
9.802
12.38
15.72
20.8
13.99
5.157
22.07
33.3
32.42
29.0
30.47
33.54
32.32
33.35
34.42
33.89
36.18
34.52
34.67
35.01
33.4
32.57
34.08
35.45
34.81
34.18
33.59
34.28
33.64
31.05
31.59
30.91
30.66
27.73
26.32
31.35
29.35
13.09
10.01
9.094
9.924
13.21
21.56
20.31
2.963
13.38
36.72
31.69
36.96
33.06
29.35
30.27
32.47
32.08
33.5
34.81
33.74
31.84
33.2
32.81
31.69
30.22
32.62
33.01
32.08
30.66
33.69
29.64
30.42
28.96
31.45
31.54
32.37
30.47
30.37
27.44
29.64
15.8
10.03
9.509
9.412
12.12
16.8
18.7
13.33
4.48
20.43
36.91
35.6
34.86
32.96
31.69
35.11
33.2
34.18
33.84
34.08
33.45
33.25
30.18
31.98
34.47
33.79
36.52
33.79
32.91
34.28
33.15
29.98
29.88
29.98
32.42
32.42
31.05
30.08
30.27
28.91
10.51
9.839
10.16
11.65
15.23
17.19
20.17
2.844
0.3906
0.1562
0.03128
0.02079
0.02604
1.25
0.1459
0.07811
0.02604
0.02604
0.02604
0.02604
0.02604
0.3593
12.72
37.99
37.55
36.67
36.67
35.3
36.38
35.11
36.47
36.28
37.16
35.3
33.64
35.25
36.57
37.06
35.21
35.45
35.79
35.55
34.23
33.25
34.42
32.96
34.28
34.77
35.84
36.33
26.61
11.15
10.4
10.33
13.55
8.105
23.24
14.23
4.102
24.66
36.72
37.94
37.26
36.38
36.57
35.89
36.96
37.35
37.5
33.11
34.38
35.16
34.33
36.33
36.77
33.3
35.06
34.13
30.66
35.01
33.94
31.88
34.67
33.64
33.4
33.25
34.18
29.05
10.4
9.851
9.656
11.41
18.02
13.5
21.9
3.552
3.394
25.15
36.52
35.64
35.64
34.72
34.08
33.3
32.28
36.72
33.4
32.47
34.81
35.4
34.13
33.2
34.57
35.4
34.96
34.62
34.03
32.32
29.64
28.27
29.98
31.54
31.79
31.35
29.79
29.98
30.32
28.56
10.28
9.692
9.851
10.88
18.95
14.94
20.17
2.777
0.3803
0.1459
1.855
19.75
35.06
31.49
31.88
33.3
34.57
33.74
33.5
34.77
33.79
34.52
33.79
35.55
33.89
32.57
35.4
31.93
33.64
35.06
35.25
34.86
33.15
31.59
30.37
33.45
31.4
31.84
32.08
33.15
32.42
21.88
10.3
9.851
10.06
12.55
19.26
18.12
12.27
1.99
0.3281
0.09375
0.02604
5.389
34.91
34.67
35.74
36.28
35.06
35.06
36.23
37.3
37.4
36.91
34.72
36.18
36.62
36.96
37.55
38.13
35.06
33.35
33.11
35.74
34.13
33.06
33.11
33.45
33.84
32.23
33.2
33.4
16.6
10.58
10.61
12.44
17.5
19.6
14.43
1.865
0.2918
0.07296
0.03128
2.136
22.9
38.96
36.33
34.96
32.47
32.08
32.18
