0.0001907
0.0
9.537e-05
0.0
0.0
0.0
0.0001907
0.0
0.0
0.0
9.537e-05
0.0
0.0
0.0
0.0
0.0
0.0
0.0
0.0
0.0
0.0
0.002193
0.0
0.0
0.0
0.0
0.0001907
0.0
9.537e-05
0.0
0.0001907
0.0
0.03204
0.03471
0.3407
0.5196
0.5554
0.5051
0.3868
0.3899
0.4097
0.4425
0.4395
0.5852
0.7828
0.8118
4.004
4.272
2.57
2.875
1.523
0.2178
0.766
1.08
1.027
1.157
1.34
1.366
1.416
5.566
3.314
2.786
1.344
0.2937
1.086
1.341
1.199
1.23
1.062
3.32
4.7
4.193
1.175
0.631
1.349
1.593
1.476
1.192
5.493
3.662
3.302
0.4562
0.9598
1.089
1.047
1.12
1.106
5.377
4.108
3.65
0.473
1.038
1.312
1.285
1.239
3.314
6.049
3.839
0.6615
0.3036
0.2625
1.332
1.433
1.401
3.278
5.774
3.32
0.5165
0.9399
1.245
1.349
1.454
6.274
3.735
0.6134
0.7904
1.5
1.459
1.66
6.335
4.315
0.5981
0.6615
1.219
1.506
1.424
5.713
4.712
3.442
0.4898
0.5913
0.5486
0.5692
0.7843
0.4227
0.1688
0.3651
0.2903
1.227
1.311
1.138
1.324
6.458
5.072
1.39
0.6889
0.16
0.3273
0.489
0.3326
0.1999
0.2579
0.3731
0.3342
0.5432
0.3014
1.323
1.419
1.122
1.076
5.756
4.138
2.899
0.4196
0.8972
1.207
1.236
1.225
1.207
1.018
1.045
1.07
1.097
1.134
1.151
1.105
1.178
0.9079
0.827
0.9247
0.8652
1.062
1.018
0.9735
1.053
0.9338
0.9842
0.9979
0.9171
1.013
0.8957
3.094
5.719
6.885
5.829
3.699
5.652
5.481
5.847
5.249
7.312
3.918
5.072
6.677
4.059
3.693
2.667
1.617
2.353
2.057
0.0
0.0
0.05894
0.4135
0.1747
0.1106
0.08211
0.209
0.2193
0.2068
0.3036
0.06561
0.09956
0.05083
0.2159
0.3185
0.2361
0.3899
0.3254
0.04377
0.1072
0.06819
0.2296
0.209
0.0004768
0.0
0.1041
0.1244
0.2071
0.2258
0.3044
0.06666
0.2258
0.2331
0.1883
0.2399
0.2563
0.03052
0.08326
0.03986
0.03614
0.1516
0.1457
0.264
0.0003815
0.0
0.0
0.0
0.0001907
0.0
0.03185
0.2033
0.2975
0.2354
0.03586
0.08774
0.0535
0.1919
0.2911
0.01297
0.0005722
0.1734
0.07782
0.1375
0.1793
0.6058
0.2731
0.1289
0.04501
0.07944
0.037
0.06208
0.1984
0.2735
0.01078
0.3448
0.1669
0.1036
0.03424
0.08144
0.0267
0.03786
0.1635
0.1953
0.2094
0.2312
0.03433
0.2777
0.238
0.3044
0.04539
0.03586
0.06037
0.04148
0.04358
0.2018
0.3227
0.02604
0.004768
0.194
0.4623
0.2708
0.03338
0.05913
0.0555
0.04187
0.1976
0.1797
0.1471
0.3784
0.1484
0.07963
0.04606
0.03424
0.05703
0.201
0.2926
0.001049
0.0
0.0
0.0
0.0
0.01802
0.5524
0.201
0.1259
0.07381
0.1965
0.2918
0.1266
0.3315
0.1904
0.1318
0.2071
0.2766
0.0947
0.4128
0.1331
0.4463
0.2438
0.08707
0.05836
0.2464
0.1896
0.0002861
0.0
0.2445
0.4814
0.5432
0.37
0.1419
0.2625
0.1921
0.1928
0.03138
0.7599
1.039
1.283
1.448
1.46
1.627
1.485
1.212
1.118
1.154
1.164
0.9628
0.7805
0.8438
0.9857
0.9293
0.9674
1.006
0.9933
1.007
0.9567
1.122
1.062
5.463
7.471
9.18
8.337
8.838
8.728
9.387
9.29
5.438
4.895
3.931
2.499
0.2171
1.231
1.137
1.004
1.096
1.17
1.26
1.085
1.183
1.353
1.538
1.286
1.201
1.299
1.488
1.466
1.445
1.534
4.48
9.229
13.13
10.6
10.55
8.276
8.813
6.787
4.523
1.941
0.7088
0.8148
1.437
1.445
1.083
0.9384
0.9903
0.9262
0.9506
1.012
1.141
1.274
1.312
1.195
1.132
1.207
1.355
1.12
1.033
1.3
1.399
2.905
6.506
8.069
9.949
9.961
9.399
9.094
6.299
6.702
5.554
2.725
4.199
1.605
0.827
0.6714
0.8789
0.8682
0.9323
0.8087
0.8789
0.8911
0.946
0.8972
0.7484
0.7797
0.7164
0.7706
0.679
0.795
0.7515
0.7271
0.7858
0.8179
0.9262
0.8362
0.824
0.6279
0.5531
0.6493
0.6004
0.6355
0.7355
0.8224
0.8728
0.6737
0.6653
0.8087
0.7584
0.6462
0.621
0.6454
0.6508
0.7309
0.8514
6.219
7.361
4.889
6.25
5.927
6.506
5.756
6.335
6.787
5.89
5.17
3.967
3.058
2.908
2.701
1.944
1.428
0.2357
0.6676
0.7187
0.7118
0.6828
0.7423
0.8026
0.9232
0.9125
0.7622
0.7385
0.7637
0.6905
0.6828
0.6638
0.6958
0.7286
0.972
0.9888
0.9659
0.8957
0.779
0.7736
0.7111
0.8041
0.824
0.8896
0.75
0.705
0.7828
0.7065
0.7362
0.75
0.6729
0.6378
0.798
4.926
7.129
6.482
5.994
6.97
5.835
6.348
5.334
6.738
3.778
5.957
3.168
3.217
2.881
2.435
1.305
2.072
2.46
0.141
0.3975
0.425
0.5898
1.749
2.988
1.305
1.059
0.5898
0.09365
0.1183
0.02842
0.04482
0.05846
0.4845
0.06418
0.3448
0.4501
0.4654
0.5013
2.57
2.667
1.396
1.187
0.3498
0.08802
0.1112
0.03433
0.05169
0.1453
0.362
0.07267
0.6004
0.7011
0.8087
0.7935
0.8636
0.8453
0.8438
0.6882
0.6218
0.7195
0.6844
0.8514
0.679
0.6989
0.6676
0.6653
0.6859
0.7179
0.7774
0.8011
0.8606
0.8484
0.8194
0.8789
0.8316
0.9399
0.7439
0.8286
0.779
0.9033
0.8118
0.8499
0.8072
0.9415
1.077
1.166
1.273
5.573
8.289
10.45
8.154
8.521
9.216
8.789
8.289
5.768
3.552
2.408
0.7965
1.424
1.314
1.405
1.424
1.474
1.332
1.308
1.276
1.488
1.648
1.387
1.157
0.8209
0.8575
0.9384
0.9857
1.024
1.057
0.8316
0.8865
0.7431
1.109
5.347
5.951
8.313
5.212
5.023
5.066
10.34
8.398
10.79
7.678
4.791
3.369
2.209
1.326
0.001049
0.08268
1.208
0.2934
1.947
0.2834
1.215
0.227
0.296
0.08917
0.1139
0.2735
0.1129
0.573
0.7133
1.201
0.2289
1.608
0.2449
0.3033
0.1465
0.2453
0.2251
0.7797
0.6294
0.6828
0.7439
0.3529
0.1211
0.2308
0.1987
0.7645
0.3468
0.56
0.6874
1.169
1.123
1.163
1.314
1.219
1.204
1.234
1.172
1.067
1.07
1.1
0.9705
0.8713
0.9415
1.176
1.155
1.166
0.9445
0.827
0.7805
1.152
1.167
0.9766
2.338
5.341
10.1
5.347
6.97
5.731
6.738
4.224
6.628
5.719
6.555
4.48
3.485
2.6
1.703
2.536
2.344
0.3864
0.3792
0.4288
0.3643
0.3513
0.08078
0.09031
0.08211
0.182
0.3002
0.3471
0.3899
0.4181
0.3819
0.285
0.2522
0.2201
0.349
0.2449
0.09499
0.09489
0.06733
0.1867
0.2491
0.3448
0.4166
0.3883
0.3025
0.3166
0.2312
0.1328
0.415
0.2632
0.07849
0.0761
0.1286
0.2644
0.1286
0.2815
0.2941
0.001144
0.0
0.0
9.537e-05
0.0
0.0
0.0004768
0.0
9.537e-05
0.0
0.0001907
0.0
9.537e-05
0.0
0.0
0.0
0.0
0.0
0.0
0.005531
0.666
0.1148
0.6584
0.2934
0.04053
0.08364
0.04635
0.05159
0.1652
0.3189
