0.4723
0.3834
0.2575
0.5463
0.2728
0.4204
0.1846
0.2773
0.4639
0.2182
0.386
0.2377
0.185
0.1394
0.0002861
0.0
0.0
0.0
0.0
0.0
0.009727
0.1583
0.1102
0.0
0.19
0.2518
0.4936
0.2247
0.4738
0.6157
0.7286
0.2197
0.4631
0.3895
0.2747
0.4463
0.65
0.2541
0.3548
0.001144
0.0002861
0.0
0.0
0.07153
0.1837
0.2457
0.0
0.1516
0.05226
0.4883
0.2792
0.5402
0.3807
0.3864
0.1968
0.3021
0.1579
0.2708
0.1606
0.6805
0.5074
0.04835
0.07
0.06924
0.04444
0.515
0.2171
0.009632
0.009155
0.766
0.9048
0.6813
0.341
0.3399
0.4921
0.4601
0.444
0.3212
0.3857
0.4066
0.415
0.428
0.3395
0.3616
0.6783
0.9888
1.553
1.34
0.9415
0.8484
0.6981
0.5692
0.6096
0.5569
0.6584
0.8453
1.108
1.169
1.112
0.5066
0.01335
0.01221
0.01345
7.275
6.641
5.835
4.62
5.908
6.262
0.824
0.05417
1.01
0.1411
0.1165
0.04988
0.0536
0.4662
0.251
0.01326
0.01354
1.006
0.6935
0.6004
0.3078
0.3868
0.4776
0.3895
0.338
0.3368
0.3574
0.3609
0.3468
0.388
0.3738
0.3601
0.8392
1.199
1.518
1.463
0.8316
0.9018
0.8453
0.6538
0.7431
0.7179
1.05
1.184
1.3
1.294
0.1677
0.01421
0.00782
1.318
9.326
6.262
5.798
6.335
6.348
2.844
0.06323
0.7301
0.3906
0.08802
0.06227
0.05474
0.4356
0.2319
0.04816
0.02155
0.3159
1.004
0.7767
0.2846
0.2968
0.3887
0.3738
0.3456
0.2972
0.3342
0.3418
0.3746
0.3605
0.3586
0.4379
0.9415
1.907
0.8667
0.8469
1.045
1.198
0.6874
0.6012
0.6645
0.6714
0.7675
1.036
1.126
1.076
0.9506
0.02069
0.01554
0.01421
1.25
8.936
5.682
5.487
6.146
6.519
3.827
0.05646
0.351
0.7378
0.04368
0.05674
0.06886
0.06008
0.5806
0.04206
0.02298
0.0104
1.186
0.5165
0.5638
0.2705
0.3418
0.3464
0.349
0.3429
0.3136
0.354
0.3349
0.3674
0.338
0.3487
0.3548
0.396
1.146
1.459
1.01
1.282
0.6248
0.8652
0.705
0.5058
0.5821
0.5859
0.6004
0.9308
0.9796
1.131
1.091
0.4654
0.01888
0.01249
0.01421
6.836
7.214
5.353
4.224
5.475
5.518
2.875
0.06876
0.3819
0.721
0.06189
0.06218
0.068
0.6172
0.2392
0.01745
0.02222
1.146
0.6134
0.5821
0.2876
0.3521
0.399
0.3418
0.3826
0.3216
0.3426
0.3826
0.3086
0.2827
0.3166
0.2914
0.3437
0.4257
1.265
1.277
0.9552
0.9567
0.9247
0.8865
0.6325
0.4982
0.5394
0.5493
0.6042
0.5821
0.7759
0.8987
0.9796
1.053
0.2415
0.02451
0.02356
0.02089
4.584
6.812
4.584
4.156
4.059
4.633
4.431
0.6279
0.06838
9.537e-05
0.0
0.0003815
0.0001907
0.0009537
0.0001907
9.537e-05
0.0
0.0001907
0.0
0.0003815
0.0001907
0.0
0.0
9.537e-05
0.0005722
0.0003815
0.0
0.0001907
0.0
9.537e-05
0.0001907
0.0
0.0
0.0001907
0.0
0.0
0.0003815
0.0
0.0
0.0
0.0003815
0.0002861
0.0003815
0.0
0.0
0.0001907
0.0002861
0.0001907
0.0
0.0
9.537e-05
0.0
0.0
0.0003815
0.0001907
0.0003815
0.0001907
0.0007629
0.0
0.0002861
0.0001907
0.0003815
0.0001907
0.0001907
0.0
0.0001907
0.0
0.0
0.0
0.0
0.0
0.0001907
0.0
0.0002861
0.0
9.537e-05
0.0
0.0
0.0
9.537e-05
0.0
0.0
0.0
9.537e-05
0.0001907
0.0
0.0
0.0
0.0
0.0
0.0
0.0
0.0
0.0
0.0
0.0
0.0
0.0003815
0.0
0.0
0.0001907
0.0
0.0
0.0001907
0.0003815
0.0005722
0.0
0.0
0.0
0.0
0.0
0.0
0.0
0.0
0.0
0.0001907
0.0001907
0.0002861
0.0
0.001144
0.0
9.537e-05
0.0
0.0
0.0
0.0001907
0.0003815
0.0
0.0
0.0
0.0001907
0.0001907
0.0
0.0
0.0001907
0.0
0.0
0.0
0.0
0.0
0.0
0.0
0.0
0.0
0.009918
0.02518
1.123
0.4692
0.4539
0.6065
0.3784
0.6577
0.7317
0.6912
0.5661
0.3849
0.3906
0.4463
0.399
0.4272
0.4723
0.3513
0.3536
0.8179
1.99
2.112
1.614
0.946
0.576
0.5516
0.6439
0.9186
1.126
1.126
0.8347
0.1549
0.02041
0.01431
0.02966
9.082
7.703
10.14
8.081
1.791
0.003052
9.537e-05
0.0
0.0
0.0
9.537e-05
0.0
0.0
0.0001907
0.0
0.0
0.0001907
0.0003815
0.0
0.0001907
0.0001907
0.0001907
0.0
0.0
0.0
0.0
9.537e-05
0.0
0.0
0.0
0.0
0.0
0.0
0.0
0.0004768
0.0
0.0
0.0
0.0
0.0
0.0
0.0
0.0
0.0
0.0
0.0
0.0
0.0
0.0
0.0
0.01202
1.06
0.4066
0.5753
0.5318
0.3689
0.4456
0.6157
0.6416
0.5768
0.4425
0.3906
0.3265
0.3399
0.3742
0.3563
0.3658
0.3838
0.3944
0.6264
2.313
1.414
2.002
1.497
0.5402
0.5493
0.5943
0.5623
0.9247
0.946
1.027
0.7996
0.1776
0.01411
0.01345
4.626
14.04
9.192
8.386
1.392
0.003529
0.008488
0.4921
0.7996
0.4295
0.5028
0.6248
0.3616
0.5165
0.6165
0.6401
0.4982
0.4288
0.3433
0.3273
0.3666
0.3597
0.3292
0.3139
0.333
0.3349
0.4997
1.849
1.12
1.917
1.443
0.8575
0.573
0.6027
0.6561
0.7675
0.8835
1.096
1.164
0.3681
0.0123
0.01211
1.279
12.04
13.75
9.29
2.417
0.003624
9.537e-05
9.537e-05
0.0
9.537e-05
0.0
0.0
0.0
9.537e-05
0.0
0.0
0.0002861
0.0
0.0
0.0
0.0
0.0
0.0
0.0
0.0
0.0
0.0
0.0
0.0
0.0003815
0.0
0.0
0.0
0.0001907
0.0
0.0
0.0
0.0
0.0
0.0001907
0.0
0.0002861
0.0
9.537e-05
0.0
0.07734
0.0
0.0003815
0.0
0.0
0.0
0.0
0.0
0.03862
0.0004768
0.0
0.0
0.0
0.0
0.0
0.0
0.0
0.0
0.0
0.0
0.0
0.0
9.537e-05
0.0
0.0
0.0
0.0
0.0
0.0
0.0
0.0
0.0
0.005245
1.117
0.4524
0.5722
0.5814
0.3601
0.4585
0.676
0.5951
0.6218
0.4662
0.3559
0.3731
0.322
0.4318
0.4021
0.3895
0.3952
0.386
0.378
0.7996
2.316
2.164
2.173
0.6393
0.6729
0.6905
0.7637
0.9003
1.018
1.105
0.6897
0.1663
0.01745
0.01345
8.105
14.82
10.94
4.944
0.0411
0.003433
0.0
9.537e-05
0.0
0.0
0.0
9.537e-05
0.0
0.0
0.0
0.0
0.0
0.0
0.0
0.0
0.0
0.0
0.0
0.0
0.0
0.0
0.0
0.0
9.537e-05
0.0
0.0
0.0
0.0
0.0
0.0001907
9.537e-05
0.0
0.0
0.0
0.0
0.0
9.537e-05
0.001812
0.0
0.0
0.0
0.0
0.0
9.537e-05
0.0
0.0
0.0
0.0
0.0
0.0
0.0
0.0
0.0
0.0
0.0
0.0
0.0
0.0
0.0
0.0
0.0
0.0
0.0
0.0
0.0
0.0
0.0
0.0
0.0
0.0
0.0
0.0
0.0
0.0
0.0
0.0001907
0.0
0.0
0.0
0.0
0.0
0.0
9.537e-05
0.0
0.0
0.0
0.0
0.0
0.0
0.0
0.0
0.0
0.0
0.0
9.537e-05
0.0
0.0
0.0
0.0
0.0
0.0
0.0
0.0
0.0
