10.73
10.69
10.84
10.89
11.12
11.02
10.55
10.68
10.44
10.23
10.41
10.3
10.53
10.61
10.53
10.69
10.74
10.8
10.3
10.42
10.5
10.72
10.61
10.5
10.5
10.5
10.51
10.4
10.41
10.24
9.912
10.05
10.13
10.42
10.35
10.33
10.46
10.64
10.53
9.924
9.998
10.14
10.5
10.64
10.45
10.35
10.68
10.73
10.72
10.71
10.79
10.88
10.88
10.89
11.06
10.84
10.6
10.88
10.84
10.93
11.1
11.04
10.9
11.07
10.91
11.15
11.08
11.23
11.27
11.13
11.12
11.28
11.45
11.5
11.34
11.47
11.52
15.11
15.97
16.02
15.99
15.94
16.02
15.89
15.19
15.21
15.48
15.55
15.6
15.67
15.55
15.41
14.89
14.77
14.65
14.72
14.31
14.18
14.58
14.58
14.65
14.67
14.97
14.6
13.13
13.01
13.01
13.13
13.23
13.43
13.79
13.79
12.65
11.34
11.33
11.47
0.0
5.072
5.017
6.128
5.658
6.018
6.073
6.36
6.86
6.982
7.251
7.373
7.507
8.521
8.252
7.605
7.422
7.666
7.629
6.677
6.787
6.97
7.153
7.153
7.214
7.605
7.446
7.422
7.349
7.556
7.581
7.556
7.642
7.312
6.982
7.068
7.227
7.446
7.397
7.373
7.227
8.179
8.203
7.263
7.568
8.667
8.276
7.458
7.434
7.495
7.556
7.446
7.593
7.617
7.739
7.568
7.764
7.971
7.642
7.776
7.593
7.397
7.373
7.361
7.422
7.19
7.458
7.593
7.678
7.727
7.544
7.593
7.544
7.568
7.434
7.458
7.544
8.044
9.326
8.032
7.617
7.275
7.349
7.483
7.336
7.373
7.275
7.385
7.385
7.422
8.948
8.093
7.874
7.373
7.056
7.043
7.214
7.166
6.787
6.775
6.995
7.239
7.19
7.397
7.458
6.445
6.494
6.836
6.787
6.775
6.775
6.58
6.714
6.677
6.775
6.897
7.166
7.068
7.043
7.056
7.08
6.909
6.885
6.995
6.97
7.166
7.959
7.239
8.215
7.837
8.179
7.568
7.202
6.848
6.812
7.092
6.775
6.97
6.97
7.861
7.654
7.166
7.166
7.288
7.996
7.166
7.043
6.873
7.08
6.982
7.288
7.3
7.227
7.166
7.166
7.153
7.043
6.97
6.909
6.97
6.97
7.043
7.178
7.166
7.202
7.166
7.886
7.971
7.312
7.214
7.971
7.275
7.043
8.167
7.959
7.166
7.166
7.129
7.373
7.349
7.263
7.068
7.166
7.227
7.166
7.251
7.385
7.031
6.897
6.677
6.689
6.665
6.58
7.068
6.775
6.921
6.97
6.97
6.909
6.775
6.775
7.483
8.582
7.654
6.702
6.677
6.604
6.86
8.301
15.53
15.97
15.99
15.97
15.99
15.99
15.41
15.48
15.33
14.89
14.82
14.82
15.23
15.31
14.48
14.58
14.01
13.99
13.75
13.48
15.41
14.11
13.67
13.72
13.23
13.16
12.67
12.3
12.11
12.17
12.12
12.12
12.21
12.3
12.22
12.11
12.26
12.05
11.91
11.93
12.11
12.11
12.11
11.94
12.15
12.82
12.62
12.49
12.02
12.92
12.22
11.52
11.05
11.05
11.3
11.35
11.15
11.24
11.27
11.39
11.88
11.5
11.16
11.13
11.29
12.16
11.23
11.11
11.23
11.34
11.39
11.57
0.0
3.912
5.42
5.89
6.244
0.0
3.961
4.456
4.858
5.408
5.53
5.859
6.458
7.275
6.921
7.764
8.557
7.52
7.434
7.361
7.056
6.75
6.494
6.934
6.604
6.519
7.117
6.995
7.654
7.104
7.007
7.178
8.215
7.764
6.995
7.495
6.97
6.543
6.738
6.653
6.75
7.312
10.35
9.814
8.081
7.568
7.581
6.604
6.458
6.714
6.812
7.581
7.458
7.349
7.263
7.214
7.153
7.129
6.873
6.396
6.543
7.349
6.702
6.726
7.08
7.043
6.909
7.788
7.239
7.69
6.567
6.641
6.665
6.677
6.75
6.799
6.787
7.043
7.08
6.995
6.396
6.396
6.531
6.604
6.75
6.812
6.628
6.824
6.677
6.848
6.982
6.982
6.848
6.458
6.396
6.409
6.628
6.519
6.665
6.665
6.641
6.665
6.885
7.153
7.031
6.982
6.763
6.482
6.604
6.396
6.396
6.824
7.153
6.738
6.689
6.848
6.824
7.178
6.995
6.458
6.207
6.287
6.335
6.592
6.628
6.726
6.738
6.653
6.824
6.836
6.665
6.799
6.836
6.604
6.726
6.787
6.482
6.335
6.409
6.677
6.616
6.653
6.763
6.75
6.934
6.799
6.873
6.641
6.616
6.592
6.604
6.665
6.641
6.567
6.519
6.848
6.836
6.909
6.665
6.592
6.616
6.519
6.604
6.592
6.592
6.494
6.445
6.506
6.628
6.628
6.628
6.702
6.592
6.494
6.58
6.726
6.726
6.836
6.75
6.47
6.653
6.433
6.519
6.628
6.775
6.909
6.592
6.75
6.653
6.592
8.813
16.06
16.11
16.11
16.11
16.11
16.04
15.97
16.09
15.97
15.89
15.72
15.87
16.02
15.8
15.7
15.45
15.53
15.53
15.62
15.6
15.55
15.62
15.33
15.45
15.48
15.43
15.33
15.33
15.33
15.14
14.55
14.58
14.4
14.04
13.82
13.7
13.38
14.33
14.23
13.45
13.4
13.99
13.65
13.43
13.48
13.26
13.09
13.16
13.18
13.09
13.11
13.38
13.33
13.21
13.26
13.09
13.28
13.06
13.04
13.01
13.23
13.65
13.09
12.72
12.79
12.72
12.77
12.94
12.45
12.41
12.41
12.43
12.43
12.43
12.41
12.41
12.41
11.84
11.36
11.25
11.27
11.29
11.25
11.29
10.97
11.06
11.02
10.93
11.07
10.91
11.38
10.71
10.52
10.51
10.47
10.45
10.29
10.28
10.28
10.28
10.18
10.02
9.888
9.412
8.923
9.058
9.143
9.033
9.167
8.887
8.972
8.691
8.777
8.948
8.899
9.143
9.009
8.997
8.911
9.155
9.058
8.704
8.459
8.508
8.337
8.447
8.691
8.679
8.606
8.337
8.447
8.472
8.496
8.398
8.643
7.959
7.776
7.947
7.178
7.056
7.043
6.787
6.738
6.799
7.043
6.714
6.812
6.885
7.935
7.861
6.921
6.946
6.714
7.056
6.824
6.567
6.506
6.75
6.738
6.702
6.909
6.909
7.007
6.946
7.104
6.836
6.787
6.531
6.604
6.616
