19.63
15.99
0.0
30.91
28.71
22.34
27.78
25.0
20.75
28.42
28.52
12.92
6.75
14.31
0.198
0.1127
0.0268
0.02499
0.02661
0.02499
6.238
15.99
17.99
21.88
25.0
15.75
13.11
19.31
19.73
23.66
17.7
14.14
16.26
12.77
16.72
14.67
22.61
25.83
26.12
5.341
0.7645
24.24
30.08
26.32
28.86
31.2
27.93
31.1
26.95
19.14
15.82
23.71
25.98
20.31
16.21
13.16
29.69
30.57
31.1
31.45
28.81
27.78
27.0
19.48
17.38
30.03
34.08
35.84
35.25
31.74
31.93
24.98
30.18
30.27
16.92
23.02
28.66
26.32
14.33
29.98
34.42
34.03
35.35
31.35
32.62
25.78
16.04
21.85
30.18
33.35
29.35
24.0
25.0
30.03
28.27
18.38
8.911
31.4
34.47
35.21
34.03
26.9
34.72
28.32
21.73
26.51
27.44
13.57
26.03
35.89
35.21
32.28
31.49
36.62
28.32
12.46
33.79
32.76
30.13
32.08
25.05
29.49
25.83
12.4
22.46
22.34
21.75
22.66
4.053
26.37
31.49
32.13
34.67
32.86
11.21
37.89
21.34
14.14
33.84
33.25
35.25
35.01
35.64
31.15
20.12
14.94
17.63
14.79
14.31
14.75
16.26
14.62
15.94
16.53
17.68
18.9
14.65
15.38
15.82
15.82
19.85
15.19
13.48
22.09
23.24
22.88
25.83
29.3
23.97
29.05
29.0
19.26
18.9
17.92
18.19
21.46
27.49
18.63
17.58
16.02
18.07
6.616
0.1768
0.06285
0.02804
0.02537
0.02766
0.02537
0.02737
0.02508
7.849
22.07
27.64
27.69
15.19
16.5
15.5
15.11
19.51
22.36
24.17
19.09
25.15
27.78
24.07
2.386
0.6592
0.0824
0.02832
0.02575
0.02899
0.0267
0.02737
0.02575
0.9689
16.43
19.14
17.07
15.26
18.38
16.28
14.36
15.94
13.94
23.58
26.27
22.63
17.48
27.44
25.29
17.68
0.8514
0.3872
0.02537
0.0267
0.02441
0.02699
0.02441
2.631
14.16
13.28
14.28
14.21
12.84
14.5
15.33
26.51
28.17
16.33
20.43
25.59
27.44
19.07
12.11
0.4494
0.07782
0.02632
0.02413
0.02699
0.02508
0.02737
0.02508
0.02832
23.97
21.88
23.41
12.04
9.192
11.3
12.52
13.77
13.99
11.3
12.52
12.05
13.21
13.84
8.252
0.1774
0.06838
0.0267
0.02441
0.02699
0.02441
0.0267
0.02632
9.68
12.77
14.38
15.82
16.6
19.21
15.92
15.31
14.55
14.55
14.6
10.72
13.62
11.84
16.41
5.347
0.1553
0.05693
0.02632
0.02441
0.02632
0.02375
0.02699
0.0247
0.02737
9.583
12.84
16.41
16.72
22.71
17.02
12.33
16.21
7.153
10.16
10.85
14.18
13.01
13.65
24.44
26.12
23.97
0.8652
0.4837
0.04101
0.02413
0.02604
0.02346
0.02737
0.02413
11.95
14.38
11.98
10.28
9.814
18.87
18.29
16.36
15.31
4.395
8.997
6.616
2.457
9.106
0.1764
0.09375
0.02604
0.02346
0.0267
0.02413
0.02737
0.02413
6.158
15.06
15.36
6.555
16.55
15.94
14.48
34.52
35.5
32.42
30.52
30.81
29.64
28.08
27.88
26.66
23.32
22.39
19.95
18.73
27.44
27.69
27.2
27.34
26.61
26.03
26.71
26.22
18.77
17.68
21.85
21.17
18.58
19.65
20.87
20.75
19.14
18.21
20.51
24.24
20.68
10.57
22.0
19.75
20.78
22.19
23.27
25.44
25.93
25.34
23.46
22.83
22.53
22.78
34.33
31.4
35.74
31.54
28.47
27.29
26.22
25.93
25.0
25.15
24.1
15.75
19.68
20.58
21.26
23.71
25.1
26.27
24.0
25.68
28.27
21.48
12.38
25.54
26.56
26.61
27.54
27.49
26.86
26.95
26.81
25.59
25.63
25.88
25.39
22.95
20.39
25.88
27.0
24.15
24.27
24.0
24.32
25.29
29.88
29.25
15.5
17.29
18.65
20.87
21.19
19.41
19.65
19.24
21.0
19.9
19.04
16.7
15.16
11.0
11.47
18.31
17.68
18.07
22.19
26.71
29.25
28.32
30.42
27.83
32.52
26.27
24.12
23.05
22.36
23.05
23.14
22.51
20.09
19.87
19.09
19.31
20.14
21.09
25.05
23.05
22.95
21.22
15.04
21.7
23.68
23.61
23.49
24.0
24.83
23.1
25.49
26.46
24.78
8.789
20.17
19.51
19.14
22.56
25.15
26.46
26.76
24.54
22.9
19.58
18.12
17.19
17.04
17.75
25.44
28.61
25.24
30.52
30.81
32.76
32.81
29.79
27.39
23.9
21.44
19.19
15.62
19.53
19.56
20.51
22.09
23.49
23.39
24.46
23.1
27.05
25.34
22.88
14.89
26.17
24.0
23.02
25.83
25.0
13.92
20.24
20.41
19.26
19.12
19.17
17.16
17.04
18.19
17.99
16.06
18.38
17.16
16.94
16.97
17.41
16.04
20.39
22.83
18.95
14.5
23.29
23.68
22.34
26.95
20.9
16.38
18.14
18.02
19.41
16.36
19.87
15.48
23.0
27.49
26.17
26.42
27.98
17.94
22.61
20.78
17.36
19.68
28.47
25.24
18.82
16.6
20.68
9.778
16.77
28.42
27.15
26.81
25.73
29.54
33.54
30.57
30.08
27.69
25.34
27.73
28.66
29.39
27.78
28.12
28.37
27.44
25.44
24.88
27.64
27.98
26.86
15.04
23.54
25.2
24.12
23.32
22.34
22.29
19.82
18.51
21.44
28.42
15.92
21.26
27.73
24.93
33.69
29.2
30.42
28.71
26.42
25.49
24.98
24.51
22.8
21.46
20.92
21.17
22.44
22.17
20.78
26.37
26.61
25.24
24.49
24.0
23.17
16.67
26.9
26.95
25.68
25.29
24.41
22.8
22.17
22.22
26.81
18.41
14.23
18.12
18.97
23.27
24.95
26.76
29.54
27.88
24.12
21.7
20.29
20.29
20.75
20.14
19.53
19.78
20.61
21.58
21.88
26.37
28.08
25.2
22.92
22.34
24.22
24.17
23.88
24.51
19.29
23.75
23.27
22.0
20.92
21.24
20.26
19.75
20.53
23.78
19.12
16.46
18.85
7.043
5.585
10.71
16.11
15.65
17.43
25.63
21.61
24.88
18.92
20.8
19.75
23.0
22.02
20.63
14.38
17.16
16.85
17.9
9.717
0.1783
8.228
19.12
18.7
19.65
25.49
24.29
23.95
23.1
22.0
21.88
22.49
20.78
19.65
17.85
16.92
16.75
16.87
17.77
16.46
15.26
15.89
14.62
14.89
15.14
15.01
14.58
15.33
19.09
18.65
16.6
15.43
14.99
19.17
29.64
24.32
15.09
24.9
25.44
25.63
23.58
21.39
22.17
22.24
22.9
21.39
21.14
18.77
0.3151
0.08984
0.03128
6.567
10.91
11.96
12.23
15.72
15.8
24.58
26.03
25.1
14.82
16.16
16.16
13.99
13.43
15.11
14.94
16.89
17.19
17.38
15.6
10.64
0.6874
0.3124
0.02737
0.0247
0.02861
0.02604
0.02737
0.0247
0.02737
0.0247
0.02604
0.0247
0.02737
0.02346
0.02604
0.0247
0.02604
0.02346
0.02861
8.85
14.58
16.82
15.8
14.26
14.6
14.75
15.16
14.48
