9.192
8.655
9.131
8.752
9.082
8.936
8.63
9.534
19.07
20.68
18.73
12.82
12.99
20.8
19.17
7.727
6.738
6.604
6.604
7.959
8.557
8.862
9.888
18.68
20.83
18.43
13.92
18.53
20.83
16.89
17.41
20.83
19.12
14.72
19.8
20.14
17.14
9.705
18.92
20.53
14.58
14.38
17.09
17.87
18.46
18.7
16.26
15.28
11.85
12.3
16.65
17.63
18.12
18.55
17.87
15.58
14.72
9.802
15.72
20.68
14.82
12.13
20.73
18.97
11.61
16.43
17.5
18.09
18.6
17.75
15.33
13.77
8.63
9.033
8.533
8.875
8.74
8.618
8.862
13.23
20.83
19.26
10.44
12.72
16.65
17.5
18.09
18.43
17.58
15.26
13.92
10.96
16.33
17.48
18.04
18.41
17.41
14.79
12.87
9.167
10.01
16.02
17.36
18.02
18.46
16.67
12.94
10.11
9.119
9.265
13.5
16.85
17.72
18.33
18.53
15.72
13.89
10.71
9.607
16.77
20.85
19.21
17.8
10.62
9.753
15.99
17.43
18.14
18.55
17.68
15.06
12.05
8.936
9.485
11.47
16.58
17.7
18.26
18.7
16.72
14.14
11.43
9.497
9.619
9.998
18.09
20.58
18.63
14.55
9.497
9.363
9.216
9.387
9.167
12.52
20.73
19.6
14.89
10.03
16.11
17.41
18.12
18.58
17.8
15.58
14.04
10.11
11.3
20.36
20.46
18.31
13.84
8.899
9.241
9.302
9.265
9.338
10.14
18.09
20.85
19.21
13.48
20.39
20.29
12.24
6.824
6.653
6.604
6.604
7.764
9.167
8.838
8.984
9.119
9.265
11.05
20.41
20.12
15.5
16.87
20.85
19.51
14.82
9.253
14.92
20.85
19.14
10.01
6.763
6.604
6.604
6.604
6.604
8.435
10.63
20.14
20.34
17.99
12.79
18.85
20.7
18.36
12.7
9.106
9.412
8.96
12.57
20.29
20.48
17.11
7.178
6.689
6.604
6.604
6.604
6.604
6.604
7.446
9.253
9.875
18.97
20.83
18.73
12.82
9.021
9.033
9.143
8.96
9.009
9.46
11.23
20.48
19.97
17.6
8.716
6.689
6.604
6.604
6.604
6.604
6.604
9.18
9.497
8.716
13.53
20.78
19.65
16.41
8.887
9.412
8.948
8.704
9.131
8.862
9.033
9.338
9.045
7.239
6.604
6.604
6.604
6.604
6.604
6.604
6.604
9.839
20.12
20.14
17.48
9.717
18.12
20.51
18.43
10.24
10.36
19.53
20.85
18.75
16.16
9.29
11.01
20.43
20.07
9.375
6.848
6.628
6.604
6.604
6.604
6.653
8.728
9.277
9.18
14.92
20.85
19.82
17.16
9.192
15.6
20.78
15.23
9.07
9.509
19.29
20.29
13.7
6.885
6.665
6.604
6.604
6.604
6.604
6.604
6.604
7.715
8.325
8.887
8.887
8.948
8.521
8.63
8.582
8.459
9.131
8.606
8.789
9.131
9.863
19.8
20.53
16.48
7.373
6.812
6.604
6.604
6.604
6.604
7.202
9.253
9.436
9.265
8.777
9.412
9.351
8.936
14.26
16.89
17.63
18.24
18.48
18.75
19.14
19.36
19.51
19.56
19.73
19.75
19.87
19.95
19.95
20.12
20.19
20.31
20.31
20.56
20.7
20.7
18.82
20.61
20.85
20.85
20.85
19.43
17.55
17.24
16.43
10.89
16.75
17.9
18.48
18.85
19.21
19.41
19.53
19.63
19.75
19.92
19.92
20.12
20.19
20.31
20.36
20.56
20.7
20.7
19.04
20.39
20.85
20.63
20.29
18.65
17.63
17.6
13.92
13.33
17.21
18.14
18.58
18.97
19.29
19.53
19.68
19.73
19.82
19.92
20.09
20.21
20.19
20.31
20.34
20.53
20.7
20.7
19.12
20.34
20.85
20.85
20.85
20.7
20.34
20.26
20.14
12.48
15.45
17.5
18.24
18.68
18.97
19.31
19.51
19.7
19.73
19.8
19.92
20.09
20.12
20.31
20.31
20.31
20.58
20.7
20.7
20.7
20.7
19.75
19.14
20.87
20.87
20.87
20.75
20.02
19.9
19.92
18.46
17.63
17.63
16.99
16.77
16.67
14.62
12.04
16.26
17.43
18.04
18.48
18.65
18.95
19.17
19.36
19.46
19.56
19.56
19.68
19.75
19.75
19.92
19.95
19.95
20.0
20.14
20.14
20.17
20.34
20.34
20.34
20.36
20.53
20.7
20.7
20.7
18.19
20.61
20.85
20.87
20.68
20.65
19.85
18.12
17.85
17.77
12.28
15.31
17.33
17.97
18.41
18.68
19.04
19.31
19.51
19.58
19.75
19.73
19.85
19.92
20.04
20.12
20.12
20.29
20.31
20.31
20.41
20.63
20.7
20.68
18.26
20.63
20.85
20.85
20.65
20.68
19.97
18.82
18.53
18.41
17.09
10.97
15.5
16.65
17.16
15.53
13.89
13.48
12.79
18.75
20.24
18.29
10.03
15.33
16.8
15.23
13.75
13.13
17.94
20.24
17.16
12.19
16.85
17.77
18.33
18.63
18.92
19.24
19.43
19.53
19.6
19.73
19.78
19.95
20.12
20.12
20.17
20.31
20.31
20.39
20.51
20.51
20.68
20.7
20.7
20.63
18.07
20.65
20.7
20.87
20.85
20.87
20.87
20.87
19.26
17.5
17.24
17.24
16.87
15.09
12.24
16.46
17.36
17.87
18.31
18.63
18.85
19.14
19.31
19.43
19.56
19.7
19.75
19.85
19.95
19.97
20.14
20.12
20.24
20.31
20.34
20.43
20.56
20.7
20.7
20.7
20.68
18.21
20.46
20.9
20.87
20.87
20.41
20.29
19.92
17.43
17.02
16.75
16.65
12.13
8.972
13.23
16.28
17.55
18.24
18.6
18.92
19.26
19.43
19.51
19.63
19.78
19.75
19.82
19.95
19.95
20.14
20.19
20.31
20.31
20.51
20.51
20.7
20.7
20.7
20.68
18.19
20.7
20.87
20.85
20.21
20.09
19.58
17.55
17.09
17.04
17.04
17.04
17.04
11.41
12.05
9.717
10.94
10.63
16.43
17.63
18.26
18.58
18.87
19.26
19.41
19.56
19.65
19.75
19.85
19.95
20.0
20.17
20.31
20.31
20.34
20.34
20.39
20.51
20.63
20.7
20.7
20.68
18.55
20.75
20.87
20.87
20.85
20.87
20.36
18.75
18.6
18.6
18.6
14.36
12.05
19.56
20.83
20.7
18.92
13.38
10.38
10.99
17.46
20.75
20.85
19.75
17.31
11.0
9.924
9.277
9.998
10.36
9.595
15.04
20.58
20.85
20.63
18.24
11.73
9.436
9.167
9.607
9.924
9.705
9.363
9.18
14.36
20.31
20.85
20.53
18.41
14.99
9.839
7.373
6.799
6.677
6.604
8.044
9.131
9.778
8.777
9.473
9.644
9.717
9.277
9.009
9.338
9.46
10.82
18.8
20.83
20.8
19.19
17.75
12.28
8.582
6.799
6.726
6.604
6.604
6.604
6.604
6.604
6.604
6.604
6.604
6.604
6.604
6.604
6.604
6.604
6.604
6.604
6.604
6.604
6.604
8.582
10.02
9.265
9.949
10.38
9.253
9.741
10.5
9.631
12.39
