0.03672
0.02222
0.03328
0.02728
0.02966
0.02737
0.03052
0.03691
0.02413
0.02651
0.02193
0.0247
0.02937
0.02871
0.02718
0.04377
0.03214
0.03204
0.03157
0.02375
0.02966
0.03023
0.03815
0.02823
0.0268
0.0412
0.03195
0.02775
0.02851
0.02708
0.02327
0.03157
0.02499
0.02851
0.03014
0.02804
0.02489
0.04282
0.02623
0.0267
0.03023
0.02851
0.03595
0.02737
0.03824
0.03233
0.03681
0.03138
0.03614
0.03443
0.033
0.03481
0.03529
0.03233
0.03462
0.03271
0.03977
0.03109
0.04005
0.02546
0.03157
0.03138
0.02604
0.02832
0.02642
0.02785
0.03262
0.02651
0.02947
0.02689
0.02499
0.01984
0.02623
0.02642
0.01984
0.02317
0.02232
0.02832
0.02518
0.0267
0.02546
0.02403
0.02384
0.03929
0.03328
0.0412
0.02356
0.02766
0.02136
0.02728
0.02508
0.02651
0.02584
0.02041
0.02565
0.02546
0.0248
0.0267
0.02737
0.02651
0.02356
0.01945
0.02756
0.0267
0.02832
0.02337
0.02584
0.02213
0.02985
0.02232
0.02384
0.03576
0.01898
0.02422
0.02909
0.02279
0.02117
0.0246
0.01993
0.02584
0.0247
0.02584
0.02317
0.02775
0.03395
0.02213
0.02565
0.02594
0.02728
0.02232
0.02651
0.02518
0.02565
0.02356
0.02642
0.02356
0.02556
0.02937
0.02537
0.02689
0.02604
0.02708
0.02613
0.03042
0.03557
0.02575
0.02565
0.03147
0.03147
0.02661
0.02613
0.02127
0.04549
0.02394
0.02136
0.02642
0.02089
0.02737
0.02327
0.02546
0.02279
0.02289
0.02346
0.02136
0.02594
0.02861
0.03271
0.02422
0.01802
0.02365
0.02699
0.01688
0.02518
0.01936
0.02642
0.02317
0.02174
0.02251
0.02899
0.02089
0.0246
0.02117
0.02184
0.02346
0.02193
0.02069
0.0206
0.02346
0.0206
0.02642
0.02241
0.02108
0.02871
0.02422
0.02642
0.0247
0.02813
0.02232
0.03242
0.02623
0.02079
0.02737
0.02308
0.02432
0.02298
0.02108
0.02851
0.02317
0.0227
0.02785
0.02184
0.03548
0.02565
0.03061
0.02785
0.02098
0.02947
0.02432
0.02518
0.03166
0.02909
0.02623
0.02489
0.02232
0.02079
0.02708
0.0248
0.02499
0.02613
0.0246
0.02165
0.02556
0.02203
0.02613
0.0267
0.03796
0.02537
0.02737
0.02584
0.02098
0.02327
0.0246
0.0247
0.02594
0.02565
0.02728
0.02136
0.02327
0.02298
0.02604
0.02251
0.0247
0.02308
0.02623
0.03109
0.02975
0.02804
0.02699
0.0433
0.03471
0.03614
0.0309
0.02394
0.02356
0.03481
0.0268
0.03347
0.02823
0.03195
0.0227
0.02594
0.02785
0.02584
0.03004
0.0205
0.02441
0.02565
0.02327
0.03462
0.0267
0.0267
0.03004
0.02232
0.02565
0.02689
0.03643
0.02394
0.02613
0.02794
0.02136
0.0247
0.02346
0.02689
0.02565
0.03185
0.02308
0.033
0.02012
0.02842
0.02804
0.02718
0.02842
0.03939
0.02642
0.02089
0.02337
0.02842
0.02766
0.02422
0.01888
0.03071
0.02089
0.03061
0.02327
0.02489
0.04292
0.03433
0.02871
0.02708
0.02728
0.03586
0.02728
0.02756
0.0247
0.03119
0.04206
0.02851
0.02756
0.03185
0.02594
0.0289
0.02775
0.03605
0.02728
0.02728
0.03452
0.02518
0.03872
0.02594
0.03395
0.05255
0.04683
0.04044
0.03719
0.03357
0.04578
0.06704
0.04005
0.03624
0.02661
0.02356
0.02604
0.02718
0.02575
0.02441
0.02966
0.033
0.02537
0.02127
0.03214
0.05465
0.04816
0.02508
0.02623
0.03405
0.03633
0.02851
0.02794
0.03405
0.03853
0.03147
0.0309
0.02432
0.02565
0.02661
0.02356
0.02012
0.02165
0.02995
0.02861
0.01993
0.02308
0.0473
0.02651
0.02508
0.02298
0.03138
0.03548
0.02394
0.02575
0.03338
0.02327
0.02708
0.02699
0.02747
0.02766
0.02394
0.01974
0.02794
0.02871
0.03014
0.0351
0.02623
0.02337
0.02785
0.02623
0.03014
0.0248
0.03195
0.02451
0.02499
0.0349
0.02146
0.02756
0.02136
0.0267
0.02985
0.02756
0.0268
0.02365
0.02384
0.02632
0.01869
0.0433
0.03347
0.04215
0.07877
0.02642
0.03195
0.0246
0.02499
0.03042
0.03738
0.02975
0.04587
0.04692
0.03986
0.0452
0.03395
0.04206
0.03281
0.02832
0.02661
0.02661
0.03052
0.02155
0.02975
0.02356
0.02718
0.03357
0.02642
0.02728
0.02871
0.02241
0.02327
0.02813
0.03662
0.02937
0.02565
0.02995
0.02499
0.03643
0.03414
0.02613
0.02842
0.03433
0.05589
0.03529
0.02718
0.03242
0.02956
0.02937
0.03252
0.02222
0.03424
0.03576
0.03471
0.03757
0.02613
0.02317
0.02947
0.03414
0.0288
0.0268
0.03195
0.0309
0.03605
0.04101
0.03376
0.0246
0.04005
0.03586
0.02756
0.03414
0.01993
0.06504
0.02832
0.03061
0.04053
0.03414
0.04635
0.03042
0.04025
0.03777
0.03138
0.04187
0.02699
0.02699
0.02499
0.03767
0.037
0.0289
0.035
0.02728
0.03195
0.04492
0.02613
0.04139
0.04902
0.03672
0.02604
0.03777
0.04396
0.04005
0.03958
0.02804
0.04492
0.02756
0.0411
0.03395
0.02909
0.02937
0.033
0.03319
0.03271
0.02899
0.04721
0.03014
0.02308
0.03204
0.03996
0.03023
0.02823
0.02775
0.03128
0.02909
0.03042
0.0351
0.02909
0.02689
0.02909
0.03481
0.03119
0.03223
0.02136
0.02537
0.02451
0.02556
0.02584
0.02136
0.02356
0.02661
0.02575
0.03567
0.03424
0.03605
0.02966
0.03071
0.0267
0.03052
0.02937
0.02861
0.03147
0.02174
0.02346
0.0268
0.02136
0.02842
0.02165
0.02213
0.02737
0.02193
0.03052
0.02785
0.02661
0.02308
0.02632
0.02747
0.02127
0.03138
0.05856
0.04625
0.02308
0.0268
0.02155
0.02174
0.02575
0.02527
0.02069
0.03767
0.02193
0.02518
0.02279
0.0248
0.02127
0.02613
0.02689
0.02489
0.02441
0.02632
0.0658
0.02546
0.02565
0.02565
0.02117
0.02689
0.02441
0.02546
0.02604
0.02604
0.02527
0.02909
0.0247
0.04272
0.02832
0.02632
0.02613
0.02575
0.02928
0.02356
0.03033
0.03548
0.02775
0.02546
0.02165
0.02851
0.02289
0.02546
0.02289
0.02451
0.02594
0.02842
0.02203
0.02499
0.03529
0.0349
0.02642
0.02441
0.03872
0.02823
0.035
0.02089
0.02527
0.02804
0.02556
0.03166
0.02384
0.02785
0.02689
0.02756
0.02708
0.02823
0.03862
0.03672
0.02422
0.02737
0.02451
0.02632
0.02356
0.02756
0.02995
0.02546
0.03014
0.02527
0.02527
0.02956
0.0247
0.02737
0.03147
0.02604
0.02813
0.0247
0.02375
0.02451
0.0267
0.01993
0.02489
0.02193
0.02775
0.02108
0.04005
0.02604
0.02146
0.02403
0.02832
0.02384
0.03519
0.04463
0.02584
0.0391
0.04816
0.01993
0.0248
0.02308
0.01965
0.02489
0.02441
0.02785
0.02365
0.02975
0.04396
0.03338
0.03128
0.05827
0.03204
0.03223
0.0308
0.02508
0.0248
0.02012
0.02699
0.02069
0.02642
0.02356
0.02804
0.02232
0.02441
0.03366
0.02728
0.01659
0.02527
