8.521
8.191
5.505
5.121
5.42
5.267
5.573
5.493
4.846
5.341
5.438
4.926
6.567
7.166
7.263
7.971
7.837
5.371
5.347
5.64
5.121
6.653
7.056
7.849
5.566
6.201
6.531
6.665
7.178
7.349
7.532
7.874
8.496
8.789
8.716
8.801
8.398
7.458
8.801
10.58
12.39
11.24
4.626
3.687
3.687
3.687
3.687
3.687
3.687
3.687
3.687
3.687
3.687
3.687
3.687
3.687
3.687
3.687
3.687
3.687
3.687
3.687
3.687
3.687
3.687
3.687
3.687
3.687
3.687
3.687
3.687
3.687
3.687
3.687
3.687
3.687
3.687
3.687
3.687
3.687
3.687
3.687
3.687
3.687
3.687
3.687
3.687
3.687
3.687
3.687
3.687
3.687
3.687
3.687
3.687
3.687
3.687
3.687
3.687
3.687
3.687
3.687
3.687
3.687
3.687
3.687
3.687
3.687
3.687
3.687
3.687
3.687
3.687
3.687
3.687
3.687
3.687
3.687
3.687
3.687
3.687
3.687
3.687
3.687
3.687
3.687
3.687
3.687
3.687
3.687
3.687
3.687
3.687
3.687
3.687
3.687
3.687
3.687
3.687
3.687
3.687
3.687
3.687
3.687
3.687
3.687
3.687
3.687
3.687
3.687
3.687
3.687
3.687
3.687
3.687
3.687
3.687
3.687
3.687
3.687
3.687
3.687
3.687
3.687
3.687
3.687
3.687
3.687
3.687
3.687
3.687
3.687
3.687
3.687
3.687
4.12
6.616
7.373
7.275
8.13
9.656
5.267
4.999
8.972
10.24
11.08
8.154
5.267
5.811
6.238
6.775
6.726
6.726
7.581
8.74
7.361
4.901
5.902
6.726
7.031
7.874
9.192
5.542
5.884
6.494
10.08
10.45
10.36
8.35
9.973
11.07
8.386
5.701
6.824
6.995
7.446
8.423
5.927
5.603
6.036
6.494
7.056
7.434
7.678
8.179
8.313
8.228
8.093
7.605
5.536
4.102
5.066
4.144
4.303
4.504
4.987
4.425
5.072
4.163
5.005
4.395
4.59
4.968
4.12
4.431
5.145
5.603
6.128
6.158
6.519
8.069
7.654
3.918
4.62
5.273
5.621
3.912
4.602
5.42
5.402
4.858
4.669
6.531
6.738
6.689
7.642
9.387
5.084
6.219
6.677
6.714
7.947
8.569
4.913
4.492
4.773
5.457
10.14
10.62
12.18
7.129
4.706
5.017
4.462
5.334
4.48
5.261
5.255
9.509
9.778
11.74
5.28
4.913
5.707
6.445
6.653
8.032
7.471
7.031
7.898
7.886
8.948
5.45
5.365
4.401
5.035
5.811
7.861
8.289
8.337
7.922
4.663
4.73
5.237
4.852
5.2
4.468
6.213
7.556
7.373
7.764
8.032
4.565
5.396
5.121
4.437
5.225
6.146
6.494
7.056
7.776
5.316
4.834
4.694
4.675
4.541
4.785
5.67
4.449
4.041
5.084
7.104
10.57
10.9
9.021
5.109
5.115
9.265
9.363
10.94
7.507
4.559
5.383
6.012
6.726
4.681
5.249
5.774
4.395
5.518
5.267
5.542
7.397
7.703
7.41
8.85
4.95
4.675
6.152
7.458
7.397
7.8
7.227
9.058
9.668
11.32
7.764
9.204
9.9
11.29
7.91
5.084
5.621
7.397
7.776
8.484
7.996
4.626
5.286
4.773
4.364
5.072
4.608
5.072
4.919
4.584
5.054
5.151
9.558
9.68
11.0
5.524
4.663
6.299
6.58
7.129
6.421
7.837
7.898
7.593
8.679
5.023
4.883
6.86
7.898
7.898
8.545
7.861
5.2
4.62
6.287
7.3
7.239
7.922
7.361
5.035
4.926
5.109
4.742
5.347
4.694
5.469
4.919
6.384
6.677
7.69
5.334
4.907
6.122
7.703
7.629
7.922
8.081
5.255
4.639
5.145
4.456
5.139
4.767
4.706
5.157
5.09
6.909
6.689
7.666
9.29
5.103
4.718
5.2
4.401
4.84
4.871
5.219
5.774
6.177
6.848
6.067
5.219
4.718
5.231
4.608
5.524
5.286
4.315
5.273
6.165
6.665
5.292
6.396
6.494
7.788
4.688
6.653
7.996
8.081
9.314
5.872
5.103
4.84
4.431
5.243
4.651
5.005
5.048
4.333
4.828
5.823
6.628
5.359
5.383
4.688
5.255
4.785
5.426
4.492
4.932
5.981
4.871
5.743
3.973
4.956
4.858
4.346
5.334
4.37
5.09
4.279
4.175
6.531
8.069
7.727
8.435
6.47
6.995
7.446
7.666
8.667
6.848
7.996
8.423
8.228
8.521
5.194
7.739
9.46
10.16
5.133
4.675
5.322
4.584
4.81
4.639
5.67
5.554
8.96
11.39
11.99
9.937
5.676
4.559
5.56
5.811
10.5
11.21
11.93
8.154
5.103
5.328
5.139
5.182
4.48
5.414
4.913
4.987
5.322
4.535
4.791
5.688
5.42
8.264
8.557
7.507
8.093
6.897
7.263
10.52
10.74
11.36
5.682
5.756
4.657
5.566
4.419
6.036
5.579
5.621
4.327
4.962
5.408
4.529
5.774
6.036
3.967
4.144
3.918
4.816
4.236
4.919
6.183
8.728
9.058
8.997
8.691
8.496
6.58
8.02
8.215
7.91
7.959
5.048
5.524
6.726
7.129
7.397
7.886
8.679
6.134
5.45
4.681
7.458
7.898
7.898
8.118
8.496
7.727
4.675
5.127
4.608
5.493
4.535
5.481
5.792
10.19
10.64
11.58
7.983
5.219
4.205
4.797
6.372
8.081
8.081
8.521
6.262
5.084
5.212
7.397
7.703
7.947
7.703
4.663
5.316
4.657
4.675
4.767
5.023
5.005
5.823
6.049
6.287
6.58
6.885
7.483
7.8
7.959
8.081
8.582
8.667
8.289
6.799
7.556
9.705
11.34
12.57
8.826
5.06
4.535
5.426
4.553
5.927
6.873
7.446
8.569
6.787
5.231
4.504
4.584
3.4
3.668
5.267
4.504
4.895
5.481
5.957
6.36
6.531
7.19
7.324
7.288
7.91
8.008
8.24
8.264
8.423
7.166
7.166
9.399
11.65
12.52
8.044
5.847
5.981
6.812
6.36
6.641
10.13
10.78
10.22
5.084
4.828
5.347
4.437
5.054
5.762
6.445
6.409
6.494
7.837
9.216
4.474
5.066
5.743
4.535
4.858
5.603
5.896
6.348
6.445
6.348
7.202
8.044
4.779
5.377
4.651
4.797
5.164
4.382
5.377
3.638
3.296
3.381
4.15
3.204
4.462
5.975
6.946
6.946
8.716
6.25
6.207
7.385
7.581
8.191
6.396
3.894
5.06
3.778
4.755
5.743
6.287
3.815
4.98
5.688
6.396
5.005
5.267
4.901
9.058
9.875
11.51
7.007
4.651
3.979
4.968
5.878
6.299
4.559
5.054
4.816
4.437
5.017
5.542
7.434
7.471
8.301
8.508
5.298
4.431
6.567
7.996
8.081
8.032
8.252
5.341
9.729
10.44
11.57
7.678
5.475
4.755
5.566
6.25
8.032
8.154
7.556
8.875
9.045
5.713
4.7
5.359
4.822
5.469
4.199
4.358
5.249
5.89
6.506
5.255
5.341
5.859
10.35
10.63
11.56
9.875
4.614
5.682
