0.01783
0.01888
0.01431
0.01497
0.01593
0.03376
0.01402
0.01497
0.01659
0.01688
0.01497
0.01755
0.02337
0.01335
0.01888
0.01478
0.01965
0.01822
0.01583
0.01955
0.02165
0.01659
0.02041
0.01926
0.01841
0.01898
0.02098
0.02594
0.01583
0.01974
0.01392
0.01898
0.01755
0.04835
0.01822
0.03042
0.0006676
0.0006676
0.01812
0.0289
0.01526
0.01783
0.0206
0.01574
0.01411
0.01326
0.01307
0.01192
0.01163
0.01078
0.01106
0.01431
0.01488
0.0123
0.01192
0.01402
0.01154
0.01364
0.0123
0.01478
0.02079
0.288
0.03881
0.01183
0.04473
0.01307
0.0145
0.01345
0.01583
0.01869
0.02518
0.01373
0.02394
0.01822
0.01574
0.01287
0.01478
0.01659
0.01259
0.01411
0.01335
0.01297
0.01545
0.0001907
0.01364
0.02012
0.008106
0.01488
0.01202
0.0123
0.02499
0.004768
0.002575
0.01526
0.01307
0.01526
0.01364
0.01087
0.01268
0.01345
0.01211
0.0123
0.01287
0.01211
0.01516
0.01335
0.01497
0.01364
0.01469
0.02394
0.02089
0.01364
0.01383
0.01297
0.0145
0.0248
0.02279
0.01402
0.01583
0.01144
0.02079
0.01383
0.0103
0.01736
0.00391
0.01373
0.0144
0.01326
0.01431
0.01459
0.01574
0.01526
0.0165
0.01287
0.01755
0.01678
0.01469
0.01526
0.01469
0.01678
0.01154
0.01497
0.01698
0.01831
0.01841
0.06495
0.01459
0.01431
0.01364
0.01497
0.01278
0.01307
0.01373
0.01364
0.01297
0.01316
0.01831
0.01507
0.02451
0.01507
0.01173
0.01383
0.01488
0.01736
0.01526
0.01564
0.01478
0.0144
0.02003
0.02069
0.01564
0.01583
0.01707
0.008106
0.01497
0.01612
0.0
0.01488
0.02127
0.0002861
0.01621
0.01259
0.01678
0.0005722
0.01545
0.01173
0.0123
0.01535
0.01431
0.01383
0.01392
0.01583
0.04749
0.01659
0.0206
0.01831
0.02041
0.01431
0.02937
0.01726
0.01297
0.01287
0.01516
0.0164
0.01345
0.01593
0.01411
0.01764
0.01373
0.01431
0.01507
0.01698
0.01373
0.01516
0.0144
0.01421
0.01154
0.01717
0.008869
0.01726
0.01078
0.01869
0.04377
0.001144
0.01383
0.01602
0.01726
0.01488
0.01631
0.01698
0.01764
0.01535
0.01183
0.0145
0.01383
0.01516
0.01287
0.0145
0.01354
0.01497
0.01497
0.01478
0.01478
0.01335
0.01602
0.01574
0.01421
0.01364
0.01297
0.01469
0.01516
0.01774
0.02651
0.02794
0.0247
0.04282
0.01764
0.01764
0.0165
0.01545
0.01659
0.01478
0.01507
0.01755
0.01469
0.01745
0.01841
0.01917
0.01373
0.01545
0.01497
0.01383
0.01411
0.01678
0.01431
0.01688
0.01478
0.01545
0.01488
0.01287
0.0123
0.01516
0.01469
0.01564
0.0144
0.0144
0.01726
0.01841
0.01469
0.01402
0.01383
0.01507
0.04311
0.01745
0.02747
0.02146
0.01678
0.01564
0.01526
0.01631
0.01612
0.01574
0.01507
0.01354
0.01755
0.01736
0.01297
0.01841
0.01535
0.01621
0.01335
0.01726
0.0164
0.01736
0.01736
0.01984
0.01783
0.02222
0.01802
0.02403
0.01736
0.01583
0.01717
0.02098
0.0186
0.01831
0.0205
0.03567
0.01917
0.01678
0.01793
0.01488
0.01659
0.01612
0.01307
0.01488
0.0144
0.01507
0.0205
0.01869
0.01554
0.01669
0.01545
0.01411
0.01822
0.02041
0.02766
0.02537
0.01917
0.01612
0.02079
0.01373
0.0165
0.01516
0.01574
0.0145
0.01717
0.02117
0.02546
0.02413
0.0247
0.0164
0.01812
0.01831
0.0186
0.01831
0.01907
0.01736
0.02079
0.02127
0.01888
0.02098
0.0226
0.01898
0.02127
0.02346
0.01945
0.02012
0.02031
0.01907
0.02174
0.0186
0.01526
0.0227
0.02403
0.01841
0.01869
0.01659
0.0186
0.01774
0.0145
0.01431
0.0145
0.01707
0.0186
0.0185
0.01335
0.01488
0.01917
0.01974
0.01736
0.02041
0.0145
0.01888
0.01736
0.01926
0.01469
0.01926
0.01373
0.01431
0.02022
0.02165
0.01669
0.01278
0.01345
0.01154
0.01383
0.01087
0.01192
0.01297
0.0124
0.01488
0.01459
0.01278
0.01326
0.01526
0.01173
0.01268
0.01249
0.01364
0.01297
0.01545
0.01402
0.01268
0.01097
0.0145
0.01583
0.01373
0.01383
0.01307
0.01516
0.01698
0.01478
0.01478
0.01564
0.01812
0.01354
0.01469
0.0145
0.01364
0.01554
0.01659
0.01535
0.0145
0.01326
0.01507
0.01431
0.01335
0.01345
0.01373
0.01307
0.0144
0.0123
0.0123
0.01307
0.01574
0.01326
0.01526
0.01459
0.01783
0.07868
0.02022
0.02499
0.01545
0.01526
0.01221
0.01078
0.01469
0.01345
0.01364
0.01287
0.01307
0.01278
0.01173
0.01316
0.01392
0.01278
0.0123
0.01259
0.01125
0.01116
0.01154
0.01049
0.01631
0.02174
0.0248
0.01564
0.01402
0.01497
0.01469
0.0123
0.0144
0.01545
0.01497
0.01459
0.01287
0.01431
0.01411
0.01326
0.01297
0.01307
0.01497
0.01364
0.01307
0.0124
0.01049
0.01106
0.01097
0.01259
0.0144
0.01354
0.0165
0.01335
0.01535
0.01383
0.01631
0.01345
0.01545
0.0145
0.01955
0.01631
0.01326
0.01287
0.01678
0.01745
0.0145
0.01698
0.0165
0.01793
0.0206
0.01593
0.02022
0.01936
0.02213
0.02565
0.03061
0.01993
0.01755
0.01421
0.01278
0.01469
0.01717
0.01459
0.01945
0.01307
0.01497
0.01469
0.01535
0.01297
0.01669
0.01402
0.01459
0.01783
0.01688
0.01574
0.01526
0.01402
0.01659
0.01497
0.01736
0.01469
0.01621
0.01411
0.0144
0.01431
0.01678
0.01488
0.01802
0.01669
0.01612
0.01421
0.01698
0.01183
0.01316
0.0144
0.01364
0.01574
0.06456
0.01307
0.01297
0.01659
0.01287
0.0144
0.01354
0.01631
0.01974
0.01459
0.01373
0.01507
0.01326
0.01535
0.01516
0.01383
0.01411
0.01211
0.0124
0.01259
0.01364
0.01535
0.01726
0.01507
0.01907
0.01774
0.01583
0.01507
0.01516
0.01431
0.01783
0.01593
0.01192
0.01354
0.01497
0.01354
0.01354
0.01411
0.01535
0.01202
0.01469
0.01364
0.01516
0.01278
0.01287
0.0145
0.01669
0.01507
0.01583
0.01659
0.01698
0.01488
0.01373
0.01583
0.01698
0.01345
0.01297
0.01411
0.01383
0.01335
0.01612
0.01364
0.01431
0.01535
0.01631
0.01421
0.01554
0.01516
0.01621
0.01335
0.01688
0.01411
0.01459
0.01364
0.01469
0.01335
0.01726
0.01898
0.01249
0.01192
0.01135
0.0124
0.01144
0.01144
0.0124
0.0123
0.01583
0.01345
0.01497
0.01259
0.01221
0.01574
0.03548
0.01545
0.01507
0.01431
0.01154
0.01564
0.02995
0.01411
0.01459
0.0164
0.01564
0.01717
0.01392
0.05722
0.01326
0.01211
0.01335
0.01307
0.01526
0.01345
0.01373
0.01125
0.0123
0.01059
0.01316
0.01602
0.03529
0.02527
0.01469
0.01698
0.01516
0.01612
0.01602
0.0124
0.01459
0.01373
0.01583
0.01326
0.01459
0.01469
0.01707
0.01507
0.01335
0.01488
0.01268
0.01373
0.01268
0.01373
0.01354
0.0145
0.01106
0.0145
0.01335
0.01335
0.01383
0.01316
0.01431
0.01831
0.0145
0.0165
0.01431
0.01297
0.01411
0.01307
0.01593
0.01297
0.01726
0.01268
0.01373
0.01173
0.01612
0.01736
0.01421
0.01488
0.01574
0.01268
0.01516
0.01326
0.02098
0.01726
0.01459
0.01793
0.01669
0.01564
0.01535
0.01545
0.0145
0.01612
0.01659
0.01183
0.01402
0.01554
0.02146
0.03204
0.01535
0.01688
0.02022
0.01364
0.01507
0.01345
0.01459
0.01335
0.01392
0.01774
0.0206
0.02842
0.02489
0.02375
0.02508
0.02146
0.02842
0.08421
0.02794
0.02966
0.0206
0.02661
0.02041
0.0247
0.02317
0.0206
0.02127
0.02174
0.02213
0.0206
0.02365
0.02222
0.02184
0.02623
0.02441
0.03204
0.02489
0.02556
0.02441
0.03214
0.02546
0.02556
0.02279
0.03195
0.02737
0.02918
0.0267
0.02956
0.03214
0.02556
0.02937
0.0288
0.02432
0.02728
0.02756
0.02718
0.02975
0.02451
0.02899
0.0267
0.03471
0.02956
0.02966
0.02337
0.0246
0.02842
0.02813
0.02718
0.02842
0.02756
0.02499
0.03023
0.02832
0.02403
0.03033
0.02909
0.02804
0.02832
0.03424
0.03071
0.03662
0.03052
0.0309
0.03548
0.0329
0.03347
0.02785
0.03004
0.05531
0.02556
0.02947
0.03033
0.03386
0.02995
0.03071
0.02413
0.02623
0.02995
0.02804
0.02432
0.02937
0.02365
0.02546
0.02728
0.02661
0.02775
0.02689
0.02422
0.02785
0.02632
0.02651
0.02451
0.03061
0.02146
0.02661
0.02785
0.03033
0.02909
0.03147
0.02851
0.02804
0.02432
