18.19
17.55
12.89
18.82
27.49
31.79
22.22
29.98
27.98
21.36
28.71
25.44
17.85
6.36
0.8179
6.592
0.1146
0.09375
0.02604
9.412
21.61
26.12
27.64
17.26
27.34
27.25
20.85
29.54
28.17
19.41
15.99
19.73
26.42
31.2
17.63
15.01
16.06
13.82
22.29
21.09
25.1
6.396
32.71
34.62
33.74
32.08
34.62
30.08
30.86
23.97
15.7
3.11
20.8
27.64
28.66
14.5
19.02
23.39
29.15
25.78
13.4
20.34
31.25
33.2
32.18
30.32
28.08
33.25
28.42
19.38
14.01
13.01
28.22
34.67
34.33
33.89
30.96
30.81
28.08
20.39
17.31
12.94
16.77
27.1
26.46
18.9
20.9
34.57
34.33
33.45
33.3
31.05
30.71
20.53
17.26
24.44
21.24
26.71
20.87
26.66
28.03
15.89
18.6
16.5
17.43
16.77
17.09
17.19
16.77
8.997
30.57
32.18
33.59
35.3
31.79
33.94
27.39
18.14
18.12
16.53
15.43
16.5
22.9
26.76
29.49
14.53
18.97
18.21
14.99
19.12
17.43
16.77
18.16
13.92
14.82
31.69
33.45
32.57
32.71
28.32
31.35
26.95
18.02
23.95
29.64
27.78
21.44
27.78
26.86
15.36
18.48
17.72
31.93
32.96
32.28
32.96
27.98
28.03
25.83
10.25
31.49
33.01
34.23
33.54
30.66
30.32
25.0
18.19
17.63
17.72
21.07
26.46
25.68
17.36
14.31
15.77
16.43
12.92
14.06
23.73
22.8
25.44
5.383
0.6821
0.1198
0.02604
0.02604
0.03128
0.02604
17.77
27.29
26.51
15.58
12.92
10.83
3.998
20.26
23.05
22.31
15.53
17.9
17.65
17.7
17.82
14.53
11.4
0.2342
0.1303
0.02604
0.03128
0.02604
0.02604
0.02604
14.23
16.04
15.75
18.75
23.39
22.46
25.39
19.9
15.67
17.41
13.38
16.89
17.92
15.58
16.11
22.66
27.49
24.9
1.213
0.5936
0.05207
0.02079
0.03128
9.29
21.12
23.27
24.0
17.33
15.75
16.19
16.58
26.71
29.69
19.9
17.19
16.72
19.82
21.19
21.22
22.09
22.0
27.15
28.37
10.41
0.8957
0.2708
0.03128
1.874
11.76
15.09
14.04
4.895
23.73
28.61
23.27
12.07
12.74
12.89
12.67
13.09
13.04
14.14
15.19
20.48
26.07
17.92
1.073
0.4997
0.05207
0.02604
0.02604
1.813
20.21
24.29
24.93
14.11
6.531
13.01
13.57
15.26
14.04
13.6
14.14
14.89
13.33
13.43
13.35
14.4
15.75
17.11
19.65
19.75
0.8545
0.4425
0.03128
0.02604
3.735
13.72
16.43
15.09
17.09
18.19
20.07
12.62
11.9
16.5
12.87
18.02
21.61
29.2
15.55
13.94
2.921
0.1667
0.04692
0.02604
0.02604
0.02079
0.03128
0.02604
0.03128
10.44
15.21
13.35
16.65
16.7
23.39
19.41
16.06
13.45
14.75
12.57
10.27
18.48
13.21
17.75
17.36
20.04
16.31
0.8286
0.3593
0.02604
0.03128
0.02079
6.824
17.04
14.01
18.29
17.36
23.66
23.93
26.61
23.24
30.47
19.92
18.75
19.87
21.14
16.46
11.74
17.29
14.6
8.972
21.07
21.14
22.14
24.49
25.24
24.37
30.37
31.05
29.98
32.52
33.69
34.86
35.69
32.52
31.01
29.59
32.23
29.0
28.61
28.52
27.98
24.54
31.84
32.71
33.35
30.22
26.07
24.58
23.95
22.95
12.55
18.12
17.68
18.04
17.85
17.75
22.19
28.96
27.64
26.86
31.64
31.74
32.08
30.37
28.27
26.51
25.59
28.47
31.49
31.64
27.88
26.61
26.27
27.39
22.36
28.12
29.35
28.42
27.73
29.1
24.93
23.07
25.29
25.1
17.48
14.31
22.14
33.2
31.2
31.64
30.27
30.66
31.84
30.37
27.1
27.1
28.47
27.44
27.69
26.42
25.88
25.34
24.51
24.19
23.63
22.27
22.66
31.93
19.38
29.2
29.93
32.67
31.2
26.46
23.61
20.53
21.29
21.97
10.25
22.71
25.83
26.76
27.0
32.81
31.98
29.25
26.42
24.46
23.05
24.05
23.83
22.8
21.58
20.78
21.31
21.02
22.68
24.85
26.07
25.44
31.01
28.81
26.07
19.34
18.65
20.75
25.98
26.71
24.24
24.51
24.44
22.24
21.14
21.12
20.73
8.923
19.63
19.26
19.19
22.05
29.1
25.24
22.83
22.73
20.48
19.17
19.9
19.26
18.92
17.7
17.29
20.0
19.12
17.85
17.02
18.53
19.43
20.73
19.38
18.14
16.31
17.82
19.73
20.61
19.34
19.17
18.46
18.43
15.28
15.55
16.06
16.72
17.75
17.87
17.65
16.46
17.19
17.6
17.6
20.09
22.24
23.8
23.05
12.11
17.87
25.93
29.54
21.9
23.93
19.41
4.541
31.35
28.61
30.22
24.51
21.53
22.34
19.07
17.11
29.25
26.17
18.14
19.56
21.7
19.21
21.39
21.51
20.29
11.66
20.63
19.87
18.46
16.8
16.33
16.11
14.06
14.38
18.46
22.56
25.34
21.12
25.24
13.94
18.19
18.19
19.41
19.58
16.89
15.97
17.14
17.65
20.04
21.7
16.65
19.87
24.0
28.22
8.093
4.456
21.26
23.05
24.61
22.39
18.63
15.31
15.11
14.97
15.16
15.45
16.55
17.19
17.75
17.75
18.09
15.28
15.48
15.6
15.23
15.48
15.09
15.26
15.55
15.14
15.67
16.94
16.75
16.04
15.97
15.65
15.6
17.75
21.0
20.61
21.85
21.41
16.72
17.26
20.46
22.71
24.78
24.34
22.36
20.31
22.46
24.07
22.44
21.51
12.11
19.31
19.07
23.05
28.03
27.0
29.49
31.2
28.22
24.49
21.31
19.48
20.07
20.9
20.56
18.82
18.68
17.53
19.02
21.7
20.58
21.04
21.26
19.38
19.75
21.39
20.61
20.14
21.83
20.31
15.92
19.78
21.0
19.17
16.02
16.11
17.04
16.82
14.99
15.82
17.24
18.21
20.24
19.9
15.14
14.06
15.58
14.65
15.55
13.84
18.19
19.21
15.28
15.21
15.21
15.31
15.45
15.38
15.89
15.6
15.6
16.36
15.21
15.77
14.99
15.01
15.55
15.72
15.67
15.31
15.31
15.65
15.23
14.99
15.04
15.28
15.99
15.14
15.26
15.72
16.5
15.04
15.01
14.97
14.94
14.82
14.92
15.33
15.65
15.82
15.09
15.28
15.45
15.67
15.23
15.23
15.36
15.01
15.62
16.55
15.33
15.7
16.65
16.46
16.58
15.77
15.31
13.57
12.35
14.21
7.751
14.77
15.6
16.5
15.67
15.11
11.73
15.04
13.06
14.4
0.2186
0.1249
0.02604
0.02604
8.96
14.26
11.83
14.87
14.01
13.75
13.43
13.43
18.09
20.9
20.63
13.82
17.29
15.48
15.75
15.23
15.14
12.96
0.8179
0.4372
0.04168
0.02604
0.02604
0.02604
0.02604
0.02604
0.03128
0.02079
0.03128
0.02604
0.02604
0.02604
0.02604
0.02604
0.02604
0.03128
0.02604
0.02604
0.03128
13.79
13.67
15.48
14.84
14.28
10.95
16.82
14.53
13.72
12.37
