7.715
7.703
7.69
7.715
7.715
7.715
7.703
7.703
7.715
7.715
7.69
7.69
7.727
7.727
7.715
7.715
7.703
7.678
7.69
7.715
7.703
7.703
7.703
7.69
7.678
7.715
7.715
7.715
7.727
7.727
7.715
7.715
7.703
7.715
7.715
7.727
7.703
7.703
7.849
7.727
7.715
7.715
7.703
7.703
7.69
7.678
7.678
7.69
7.678
7.69
7.715
7.703
7.703
7.715
7.703
7.703
7.703
7.703
7.703
7.69
7.69
7.69
7.703
7.703
7.715
7.703
7.703
7.703
7.703
7.703
7.69
7.69
7.715
7.69
7.678
7.69
7.703
7.703
7.703
7.703
7.703
7.69
7.703
7.715
7.715
7.715
7.703
7.715
7.715
7.715
7.715
7.715
7.69
7.715
7.703
7.703
7.69
7.703
7.69
7.715
7.715
7.715
7.703
7.703
7.69
7.69
7.727
7.703
7.678
7.727
7.69
7.703
7.715
7.703
7.703
7.715
7.703
7.703
7.703
7.703
7.703
7.69
7.69
7.703
7.703
7.703
7.703
7.703
7.703
7.69
7.715
7.69
7.703
7.715
7.715
7.715
7.715
7.715
7.703
7.703
7.703
7.715
7.715
7.703
7.678
7.703
7.715
7.703
7.678
7.703
7.715
7.703
7.703
7.703
7.715
7.69
7.703
7.703
7.715
7.715
7.727
7.727
7.727
7.715
7.727
7.727
7.727
7.727
7.715
7.703
7.727
7.727
7.715
7.703
7.727
7.727
7.727
7.727
7.727
7.727
7.727
7.715
7.715
7.715
7.715
7.715
7.703
7.69
7.69
7.703
7.727
7.727
7.703
7.703
7.69
7.703
7.715
7.715
7.727
7.703
7.703
7.715
7.715
7.715
7.715
7.715
7.69
7.703
7.703
7.69
7.703
7.703
7.703
7.715
7.678
7.678
7.666
7.69
7.69
7.678
7.69
7.69
7.703
7.69
7.678
7.69
7.69
7.678
7.678
7.678
7.678
7.837
7.788
7.703
7.678
7.715
7.703
7.715
7.703
7.715
7.715
7.715
7.715
7.727
7.715
7.69
7.703
7.703
7.715
7.703
7.69
7.678
7.69
7.703
7.715
7.715
7.715
7.715
7.715
7.715
7.703
7.776
7.837
7.715
7.703
7.715
7.703
7.69
7.715
7.715
7.703
7.715
7.715
7.715
7.715
7.703
7.703
7.715
7.69
7.703
7.69
7.715
7.715
7.703
7.703
7.715
7.703
7.727
7.715
7.703
7.69
7.69
7.703
7.703
7.69
7.69
7.69
7.715
7.715
7.703
7.703
7.715
7.715
7.715
7.715
7.69
7.703
7.715
7.715
7.727
7.727
7.715
7.727
7.703
7.715
7.703
7.678
7.69
7.715
7.727
7.727
7.715
7.703
7.703
7.69
7.703
7.703
7.69
7.703
7.703
7.715
7.727
7.715
7.715
7.715
7.727
7.703
7.703
7.69
7.715
7.715
7.715
7.715
7.715
7.715
7.727
7.727
7.715
7.69
7.715
7.715
7.727
7.715
7.703
7.703
7.715
7.727
7.727
7.715
7.727
7.727
7.715
7.715
7.727
7.703
7.69
7.703
7.727
7.715
7.69
7.703
7.715
7.715
7.727
7.727
7.715
7.727
7.703
7.703
7.727
7.727
7.727
7.727
7.727
7.727
7.727
7.727
7.727
7.727
7.727
7.727
7.715
7.715
7.727
7.715
7.727
7.715
7.715
7.727
7.727
7.727
7.727
7.727
7.727
7.727
7.727
7.715
7.727
7.715
7.727
7.727
7.727
7.715
7.703
7.69
7.703
7.727
7.727
7.727
7.727
7.727
7.727
7.727
7.703
7.727
7.715
7.69
7.715
7.703
7.69
7.703
7.69
7.715
7.715
7.727
7.715
7.715
7.703
7.715
7.715
7.715
7.715
7.715
7.715
7.703
7.703
7.703
7.727
7.715
7.703
7.69
7.715
7.727
7.715
7.727
7.727
7.715
7.69
7.727
7.727
7.715
7.69
7.703
7.69
7.727
7.703
7.727
7.727
7.727
7.727
7.727
7.715
7.727
7.727
7.727
7.715
7.715
7.715
7.727
7.727
7.739
7.739
7.727
7.739
7.727
7.739
7.727
7.727
7.727
7.727
7.727
7.727
7.727
7.727
7.727
7.727
7.727
7.715
7.703
7.715
7.727
7.727
7.727
7.715
7.703
7.715
7.715
7.715
7.727
7.727
7.727
7.727
7.715
7.715
7.703
7.69
7.703
7.678
7.703
7.715
7.715
7.678
7.69
7.69
7.715
7.715
7.727
7.703
7.715
7.715
7.727
7.715
7.727
7.727
7.703
7.715
7.727
7.727
7.715
7.727
7.727
7.727
7.739
7.739
7.739
7.727
7.715
7.727
7.715
7.727
7.715
7.69
7.715
7.715
7.727
7.727
7.727
7.715
7.727
7.727
7.727
7.727
7.727
7.739
7.715
7.703
7.715
7.727
7.727
7.727
7.727
7.727
7.727
7.727
7.727
7.727
7.727
7.715
7.727
7.715
7.703
7.69
7.678
7.703
7.703
7.715
7.703
7.703
7.703
7.715
7.715
7.715
7.715
7.715
7.69
7.69
7.678
7.715
7.715
7.727
7.715
7.715
7.715
7.715
7.715
7.715
7.703
7.703
7.678
7.678
7.703
7.69
7.678
7.69
7.69
7.703
7.715
7.715
7.703
7.715
7.715
7.727
7.727
7.715
7.715
7.715
7.715
7.727
7.715
7.727
7.715
7.703
7.715
7.727
7.703
7.727
7.715
7.715
7.715
7.715
7.715
7.678
7.861
7.886
7.874
7.739
7.69
7.69
7.703
7.715
7.715
7.727
7.715
7.727
7.715
7.727
7.703
7.715
7.703
7.678
7.715
7.727
7.727
7.703
7.715
7.703
7.69
7.69
7.715
7.715
7.727
7.715
7.715
7.715
7.715
7.715
7.715
7.715
7.715
7.715
7.727
7.715
7.715
7.715
7.703
7.715
7.715
7.715
7.715
7.715
7.715
7.715
7.69
7.703
7.703
7.727
7.715
7.727
7.715
7.703
7.703
7.703
7.715
7.703
7.715
7.715
7.715
7.727
7.715
7.715
7.715
7.715
7.715
7.727
7.715
7.715
7.715
7.715
7.715
7.703
7.69
7.715
7.703
7.678
7.703
7.703
7.715
7.715
7.703
7.715
7.703
7.69
7.703
7.703
7.69
7.69
7.678
7.715
7.703
7.703
7.703
7.715
7.715
7.715
7.715
7.715
7.727
7.715
7.703
7.703
7.69
7.69
7.703
7.715
7.703
7.69
7.678
7.703
7.703
7.703
7.703
7.69
7.69
7.703
7.703
7.69
7.703
7.69
7.703
7.69
7.69
7.776
7.886
7.898
7.812
7.715
7.703
7.703
7.703
7.703
7.703
7.703
7.715
7.703
7.703
7.715
7.703
7.703
7.69
7.69
7.703
7.678
7.849
7.812
7.678
7.69
7.703
7.703
7.69
7.703
7.69
7.69
7.751
7.886
7.874
7.69
7.69
7.678
7.69
7.715
7.776
7.69
7.703
7.703
7.69
7.715
7.703
7.703
7.703
7.703
7.703
7.715
7.703
7.715
7.703
7.703
7.715
7.69
7.825
7.69
7.715
7.703
7.703
7.715
7.678
7.739
7.69
7.703
7.703
7.715
7.703
7.69
7.678
7.703
7.703
7.703
7.703
7.715
7.69
7.788
7.703
7.703
7.69
7.69
7.69
7.703
7.703
7.715
7.715
7.715
7.715
7.715
7.715
7.727
7.715
7.715
