0.01774
0.0226
0.01869
0.01345
0.01793
0.01774
0.02327
0.01593
0.0186
0.02069
0.0185
0.01707
0.0164
0.0227
0.01974
0.01659
0.01802
0.02422
0.01659
0.01774
0.01802
0.01907
0.01945
0.01087
0.007248
0.0145
0.01106
0.009155
0.01526
0.01545
0.01993
0.02041
0.01841
0.02031
0.02289
0.0577
0.02422
0.0205
0.01431
0.01259
0.01068
0.01116
0.02394
0.01554
0.01469
0.009632
0.008488
0.007153
0.007153
0.01125
0.01688
0.01793
0.01669
0.01345
0.01411
0.01163
0.01373
0.01831
0.02251
0.01392
0.0164
0.01888
0.01392
0.01554
0.01669
0.02136
0.02213
0.02728
0.02022
0.01507
0.0246
0.01402
0.01497
0.0185
0.01907
0.0227
0.01688
0.02108
0.02413
0.02565
0.01192
0.0103
0.01822
0.01383
0.01268
0.0144
0.01841
0.01488
0.02584
0.02861
0.02251
0.01469
0.01755
0.01669
0.02136
0.01812
0.01907
0.02241
0.02642
0.01497
0.02737
0.02985
0.02851
0.03729
0.04196
0.0268
0.02203
0.03004
0.02565
0.03271
0.03233
0.02575
0.04587
0.03662
0.04225
0.03815
0.0371
0.03796
0.02041
0.01802
0.01001
0.01421
0.01736
0.01755
0.01898
0.01774
0.0206
0.01802
0.02327
0.01316
0.01593
0.01593
0.01497
0.01669
0.01793
0.01087
0.008488
0.01163
0.007629
0.0104
0.01011
0.01154
0.01154
0.008583
0.009918
0.01421
0.01278
0.01593
0.01507
0.0247
0.02403
0.0165
0.01945
0.01583
0.01402
0.009346
0.0104
0.02041
0.01469
0.01345
0.01135
0.01335
0.02089
0.01183
0.01163
0.01001
0.00906
0.009155
0.01116
0.02279
0.0164
0.0165
0.01564
0.01726
0.02499
0.02794
0.0248
0.02499
0.02213
0.02165
0.02012
0.02489
0.01898
0.0308
0.02842
0.02079
0.02766
0.02136
0.01974
0.0329
0.01717
0.01841
0.01526
0.02327
0.02146
0.01783
0.01698
0.01631
0.01574
0.03071
0.02193
0.01602
0.0144
0.02489
0.0289
0.03357
0.04148
0.03576
0.03757
0.03595
0.0371
0.03433
0.01793
0.0227
0.03738
0.02613
0.02222
0.02489
0.02022
0.02041
0.03242
0.0227
0.01841
0.01535
0.01183
0.01593
0.01411
0.01259
0.008392
0.01383
0.01297
0.0103
0.01059
0.007915
0.007343
0.01163
0.007629
0.009918
0.008392
0.007343
0.006008
0.0104
0.01383
0.01545
0.02203
0.0226
0.01373
0.01259
0.01526
0.008965
0.0144
0.01059
0.01316
0.03023
0.02089
0.02146
0.02222
0.02413
0.01593
0.01612
0.01297
0.0248
0.02985
0.01516
0.01593
0.02031
0.01488
0.01307
0.01535
0.01326
0.01373
0.02489
0.01221
0.01144
0.006771
0.008392
0.006866
0.006962
0.01125
0.009918
0.01278
0.01316
0.01516
0.01545
0.01154
0.01602
0.01488
0.01068
0.0165
0.01526
0.01345
0.01469
0.0164
0.01812
0.01335
0.01726
0.02556
0.02155
0.01602
0.01335
0.01183
0.01745
0.02108
0.01402
0.01907
0.01955
0.01335
0.01698
0.0205
0.04597
0.04768
0.04425
0.04721
0.03529
0.03366
0.02613
0.01678
0.01917
0.02661
0.02413
0.01984
0.02203
0.01535
0.06285
0.01745
0.0227
0.0288
0.02193
0.02546
0.01192
0.01459
0.01364
0.01354
0.01507
0.01631
0.01278
0.01392
0.01278
0.0124
0.01431
0.01135
0.02022
0.0185
0.01812
0.01669
0.01659
0.01917
0.01717
0.01755
0.01926
0.01888
0.01688
0.005627
0.01192
0.01564
0.02584
0.01802
0.01535
0.01421
0.01822
0.01116
0.01059
0.01173
0.01612
0.01383
0.01678
0.01316
0.01554
0.01888
0.01116
0.01631
0.01945
0.02356
0.01984
0.01974
0.01984
0.01993
0.01507
0.01917
0.03567
0.02632
0.03166
0.03071
0.03462
0.02413
0.03557
0.04416
0.04101
0.02575
0.02203
0.02413
0.02327
0.0308
0.03157
0.03796
0.03719
0.02565
0.01869
0.01898
0.01621
0.01392
0.02165
0.01469
0.01516
0.01688
0.01068
0.01755
0.01917
0.01459
0.01736
0.0227
0.02136
0.02031
0.01917
0.01545
0.01154
0.01154
0.01163
0.009823
0.007629
0.006676
0.008011
0.02909
0.01802
0.01001
0.0123
0.01726
0.0123
0.007725
0.007629
0.007534
0.004959
0.005341
0.005436
0.009537
0.0102
0.01469
0.02127
0.0164
0.0103
0.008869
0.01049
0.01097
0.009727
0.009251
0.01001
0.01545
0.01011
0.09584
0.007439
0.01087
0.01192
0.008678
0.008488
0.005722
0.006962
0.01125
0.009441
0.02079
0.0165
0.01392
0.01554
0.0102
0.01574
0.0185
0.02241
0.02584
0.01869
0.0226
0.03071
0.03347
0.02632
0.02117
0.01831
0.0227
0.02737
0.03004
0.02079
0.02213
0.02031
0.02041
0.01383
0.02565
0.01888
0.01583
0.01898
0.02241
0.01793
0.01955
0.01478
0.0205
0.02337
0.01907
0.02403
0.01907
0.03071
0.05035
0.02947
0.02804
0.03586
0.03729
0.04358
0.02155
0.02165
0.01726
0.01144
0.01745
0.02108
0.02146
0.02279
0.01707
0.02155
0.0164
0.02098
0.01402
0.01631
0.01068
0.008297
0.01221
0.01364
0.007153
0.008392
0.01068
0.01049
0.005341
0.006008
0.008869
0.00782
0.006008
0.01001
0.0103
0.0104
0.0165
0.01621
0.01841
0.008392
0.008297
0.01278
0.01087
0.01011
0.01478
0.01564
0.01955
0.01192
0.01106
0.01354
0.0145
0.01926
0.0165
0.03262
0.01936
0.01926
0.01822
0.01545
0.02031
0.01554
0.01278
0.02146
0.01564
0.01926
0.01373
0.01326
0.01335
0.01965
0.01879
0.02337
0.01602
0.01554
0.01993
0.02146
0.02375
0.0226
0.01726
0.0206
0.02279
0.01888
0.02556
0.02604
0.05045
0.04539
0.04234
0.03119
0.03099
0.05016
0.04787
0.02775
0.03433
0.03052
0.01297
0.03529
0.03357
0.02365
0.02594
0.0227
0.01659
0.02956
0.01945
0.02327
0.02069
0.01249
0.01888
0.01764
0.01936
0.01879
0.01965
0.01383
0.01945
0.01984
0.02432
0.02317
0.03357
0.05245
0.02232
0.02565
0.02298
0.02213
0.0205
0.01802
0.01574
0.01345
0.01049
0.01392
0.01326
0.02661
0.01774
0.01698
0.01373
0.01497
0.02241
0.01535
0.01974
0.02069
0.01669
0.01783
0.01688
0.01392
0.02165
0.01583
0.02031
0.02222
0.01459
0.0145
0.02365
0.01249
0.01335
0.01421
0.01688
0.0227
0.02823
0.02098
0.01698
0.02012
0.01249
0.0123
0.01698
0.01717
0.02317
0.02785
0.01488
0.01154
0.0144
0.02508
0.04606
0.01469
0.0144
0.02766
0.01984
0.01898
0.02327
0.02527
0.01841
0.02165
0.02251
0.02794
0.02165
0.02079
0.0165
0.02069
0.02613
0.03014
0.03099
0.03233
0.035
0.03071
0.02937
0.04501
0.04025
0.04187
0.02174
0.02813
0.02136
0.01841
0.0185
0.01678
0.03252
0.02251
0.009441
0.01268
0.02947
0.02165
0.01602
0.0124
0.009346
0.01659
0.02279
0.01364
0.01345
0.008774
0.01068
0.0144
0.01316
0.008106
0.01163
0.006485
0.0123
0.008202
0.008106
0.009441
0.01163
0.007915
0.0102
0.01326
0.01554
0.01993
0.01621
0.01793
0.01402
0.01945
0.01478
0.01345
0.01469
0.01659
0.0164
0.01869
0.01373
0.01078
0.02089
0.009251
0.0124
0.01554
0.01564
0.006199
0.007248
0.005722
0.005913
0.01354
0.01869
0.01974
0.0205
0.01211
0.008488
0.01278
0.01459
0.03147
0.02279
0.01516
0.01268
0.01926
0.02117
0.03176
0.02499
0.02537
0.02193
0.02003
0.02775
0.03052
0.0267
0.02947
0.02146
0.02079
0.02375
0.01888
0.02031
0.03548
0.02813
0.02451
0.02346
0.0248
0.02298
0.01936
0.01612
0.03281
0.03614
0.03052
0.02909
0.02403
0.01698
0.0144
0.01326
0.01345
0.01478
0.01497
0.01497
0.0248
0.04225
0.03548
0.05322
0.03567
0.01726
0.05674
0.03061
0.0165
0.01774
0.01059
0.006104
0.01345
0.009823
0.007629
0.01001
0.008869
0.00658
0.00782
0.008488
0.004482
0.005913
0.004578
0.005436
0.006485
0.008774
0.01078
0.009632
0.01211
0.01192
0.01659
0.01774
0.01688
0.01459
0.01774
0.01297
0.01431
0.01907
0.02232
0.02213
0.0267
0.01707
0.01764
0.02403
