0.01326
0.2323
0.2682
0.02384
0.07229
0.08612
0.1419
9.537e-05
0.3002
0.0
0.0
0.001144
0.0
0.0
0.0
0.0
0.0
0.0
0.0
9.537e-05
0.0
0.0
0.0
0.0
0.0
0.0
0.0
0.0
0.0
0.0
0.0
0.0
0.0
0.07324
1.691
2.216
1.913
1.917
2.048
5.402
5.524
3.595
0.6241
1.578
2.063
2.219
2.386
2.597
3.821
4.419
3.552
1.987
0.5531
0.206
0.2888
0.1347
1.132
2.054
2.188
2.054
1.871
1.837
5.566
3.418
3.534
0.4539
2.206
1.923
1.871
2.161
3.723
4.883
3.11
1.071
0.4097
0.4768
1.627
1.608
2.094
2.115
2.42
4.73
3.351
2.957
1.724
0.7278
0.2522
1.355
1.999
2.182
1.816
2.698
5.908
3.638
1.706
0.09232
0.1047
0.4242
0.1667
0.1074
0.06924
0.2659
0.2071
0.3677
0.5821
0.2659
0.08907
0.06771
0.2281
0.2174
0.227
1.84
2.249
2.298
1.556
1.941
5.811
2.783
2.496
0.8179
0.28
0.08125
0.06542
0.1408
0.3197
0.4608
0.1022
1.407
1.256
1.755
1.488
1.427
2.509
5.548
3.528
1.84
0.4578
0.04759
1.393
1.932
1.892
2.121
2.301
5.273
3.619
2.74
0.4517
0.0001907
0.7507
2.56
2.151
2.206
1.859
5.457
4.858
2.405
0.3998
0.4181
0.9232
1.35
1.901
2.078
1.843
1.672
5.701
2.386
3.43
1.093
0.6927
0.4852
0.2457
0.1335
0.07668
0.2968
0.152
0.6119
0.531
0.2827
0.0926
0.1135
0.06065
0.2323
0.2205
0.0007629
0.0
0.0
0.0
0.0
0.0
0.0
0.0
0.0
0.01183
0.3662
0.2975
0.1598
0.1333
0.1093
0.3517
0.3647
0.2781
0.1455
0.4547
0.2308
0.1556
0.0001907
0.0
0.0
0.0
0.0
0.0
0.0
0.0
0.0
0.0
0.0
0.0
0.008106
0.3246
0.4242
0.415
0.4311
0.2163
0.1896
0.02632
0.2823
0.2148
0.007343
0.1919
0.4265
0.003147
0.0
0.0
0.0
0.0
0.0
0.0
0.0005722
0.0
0.0
0.0
0.08965
0.2457
0.2934
0.06371
0.08268
0.05579
0.2811
0.211
0.1734
0.2159
0.4715
0.6149
0.473
0.04625
0.0
0.0
0.0
0.0
0.0
0.0
0.0
0.0
0.0
0.0
0.0
0.0
9.537e-05
0.0
0.0
0.0
0.0
0.0
0.7889
0.0906
0.6294
0.1205
0.1637
0.3635
0.02356
0.0001907
0.0
0.0
0.0
0.0
0.0
0.0
0.003052
0.4311
0.6866
0.008678
0.6508
0.1497
0.3452
0.03462
0.5882
0.2354
0.009727
0.1625
0.0004768
0.0
9.537e-05
0.0
0.0
0.0
0.0
0.0
0.0
0.0
0.0
0.0
9.537e-05
0.0
0.0
0.0
0.0
0.0
9.537e-05
0.0
0.0
0.0
0.0
0.0
0.0
0.0
9.537e-05
0.0
0.0
0.0
0.0
0.0
0.0
0.0
0.0
0.0
9.537e-05
0.0
0.0
0.0
0.0
0.0
9.537e-05
0.0
9.537e-05
0.0001907
0.0
0.0
0.0
0.0
0.0
0.0
9.537e-05
0.0
0.0
0.0
0.0
0.0
0.0
0.0
9.537e-05
0.0
0.0
0.0
0.008011
0.4654
0.05217
0.1972
0.444
0.3651
0.4005
0.3944
0.04969
0.1884
0.1345
0.1415
0.2251
0.8713
1.572
1.846
2.02
1.968
1.907
1.84
1.761
1.959
1.974
1.965
2.005
1.993
1.868
1.901
1.926
2.74
7.947
12.05
15.14
11.34
8.337
9.631
7.275
5.017
2.213
0.3643
1.59
1.584
1.913
2.005
1.965
1.892
2.637
2.792
2.838
2.17
2.325
2.673
2.64
2.823
2.881
4.736
9.363
12.84
12.94
10.94
11.13
5.438
4.797
3.625
1.822
0.3616
1.901
2.74
2.991
2.206
1.767
1.709
1.837
2.304
2.417
2.487
2.67
2.173
2.106
2.209
2.661
2.762
2.133
5.688
8.264
4.651
14.09
13.38
9.009
8.582
6.75
4.285
2.075
0.8896
1.974
2.161
2.328
2.701
2.57
2.322
2.737
2.71
2.258
2.487
2.353
2.621
2.924
2.942
2.539
5.145
10.16
13.26
12.52
10.12
9.839
6.14
4.791
2.475
1.466
1.797
2.179
2.179
1.593
1.352
1.721
1.712
1.993
2.435
2.637
2.658
2.258
1.938
2.728
2.582
2.087
4.504
8.887
11.33
14.43
10.46
11.06
7.373
5.701
2.298
0.1965
1.865
1.575
1.553
1.81
1.941
1.767
1.587
1.463
1.709
1.544
1.338
1.358
1.459
1.608
1.63
1.608
1.614
3.68
5.371
7.642
5.109
7.117
8.105
8.618
7.507
4.95
7.251
6.787
6.604
4.846
3.864
1.724
1.222
0.9323
1.535
1.736
1.614
1.776
1.688
2.029
1.965
1.941
1.724
1.767
2.045
1.913
1.807
1.871
1.926
1.926
1.956
1.688
1.73
1.709
1.874
5.792
7.458
5.92
7.397
8.875
10.01
8.594
9.058
5.768
5.17
3.705
2.859
2.194
0.3742
0.7828
1.115
2.67
3.613
1.006
0.425
1.015
1.16
3.577
2.832
0.9644
0.1307
1.018
1.053
2.597
3.29
1.706
1.042
0.914
1.286
3.448
5.56
1.176
1.422
1.495
3.87
3.87
0.5341
0.1591
0.6943
0.2251
0.3769
0.0864
1.361
1.706
1.978
1.773
1.773
1.978
2.292
2.151
2.008
1.993
1.602
1.488
1.463
1.482
1.212
1.259
1.089
1.291
1.216
1.144
1.204
1.065
1.024
1.129
1.089
1.19
1.129
1.239
3.192
6.726
9.192
5.078
9.436
6.921
10.88
6.421
9.497
6.14
5.084
3.229
2.332
1.733
1.013
1.608
1.63
1.984
2.206
1.974
2.155
2.243
2.313
1.996
2.078
2.39
2.621
2.472
2.142
1.999
1.895
2.09
2.2
2.359
6.0
7.385
4.944
3.589
11.71
6.482
7.91
7.031
5.157
7.922
6.531
4.022
4.01
3.168
3.235
0.2998
0.2399
0.1274
0.09079
0.3937
0.1867
1.956
2.557
2.374
2.313
2.158
2.216
2.325
2.6
2.02
2.072
1.706
1.633
1.874
2.527
2.267
2.542
2.487
2.664
3.925
9.827
10.02
9.729
11.3
9.412
8.777
6.409
3.143
1.801
0.7729
0.8423
1.521
0.9644
0.4005
0.2853
0.1688
0.3632
0.4044
0.5455
0.8255
0.7378
0.7256
0.1968
0.5936
1.108
1.581
1.407
1.801
1.95
2.02
1.962
1.627
1.7
1.578
1.929
1.877
1.859
1.761
1.685
1.764
2.103
2.139
2.368
2.649
2.283
2.109
6.128
7.288
3.723
5.579
7.068
9.045
9.668
8.459
9.143
4.34
5.322
2.844
2.164
2.405
0.3506
0.1202
0.07143
0.2766
0.1209
0.3761
0.4311
0.3967
0.2983
0.4105
0.3021
0.003719
9.537e-05
0.0001907
0.0
0.03605
0.4639
0.3441
0.3563
0.3155
0.3204
0.4074
0.3197
0.3311
0.2663
0.1856
0.6134
0.3025
0.3696
0.2914
0.2907
0.1411
0.3109
0.2697
9.537e-05
9.537e-05
0.0
0.0
0.0
0.0
0.0
0.0
0.0005722
0.0
0.0
0.0
0.0
0.0
0.0
9.537e-05
0.0
0.0
0.0
0.0
0.0
0.0003815
0.0
0.3681
0.1806
0.2838
0.4929
0.4532
0.4135
0.4303
