0.02327
0.02689
0.02651
0.02365
0.02556
0.02413
0.02918
0.02518
0.02251
0.02861
0.02193
0.03128
0.0248
0.02632
0.02623
0.03271
0.02737
0.02756
0.02632
0.02775
0.03347
0.02995
0.0288
0.03338
0.03309
0.03119
0.02298
0.02518
0.02527
0.02613
0.0248
0.03157
0.03052
0.0226
0.02384
0.02899
0.0227
0.02174
0.02594
0.02251
0.01755
0.0006676
0.02384
0.0268
0.02918
0.02337
0.02079
0.02594
0.02413
0.03119
0.03443
0.02594
0.02995
0.02518
0.02251
0.02575
0.02413
0.0268
0.035
0.0329
0.02956
0.02365
0.02642
0.02003
0.02394
0.02737
0.0226
0.02356
0.02775
0.0247
0.02365
0.02413
0.02327
0.03691
0.03872
0.0247
0.02518
0.02146
0.02861
0.02413
0.0205
0.02441
0.0248
0.02823
0.03195
0.02069
0.02928
0.02928
0.02861
0.02871
0.02089
0.04301
0.02441
0.02804
0.0351
0.02527
0.02995
0.02584
0.02317
0.0004768
0.02155
0.0412
0.02766
0.02804
0.03042
0.02728
0.03099
0.02422
0.02508
0.02155
0.02813
0.02365
0.02518
0.02775
0.03109
0.02518
0.02518
0.02556
0.02422
0.02155
0.02232
0.01879
0.02556
0.02346
0.02136
0.02337
0.02623
0.02203
0.02136
0.02203
0.02432
0.02413
0.01936
0.0289
0.03204
0.02995
0.02422
0.02651
0.02899
0.03138
0.02298
0.02584
0.02012
0.02022
0.01812
0.02604
0.02613
0.02346
0.02584
0.02422
0.02317
0.01936
0.02737
0.02651
0.0308
0.02928
0.02575
0.0309
0.03204
0.0308
0.02613
0.02871
0.03405
0.02766
0.02432
0.0268
0.03271
0.03138
0.03405
0.03147
0.02995
0.00267
0.03567
0.02918
0.03548
0.02956
0.03119
0.0267
0.02794
0.03271
0.03166
0.02995
0.02489
0.02832
0.03548
0.03214
0.0309
0.03929
0.03071
0.03176
0.03481
0.02871
0.03014
0.03347
0.03834
0.03614
0.02937
0.033
0.03929
0.03872
0.03471
0.02995
0.03233
0.03185
0.05293
0.02928
0.04311
0.03109
0.0268
0.03233
0.02909
0.03462
0.03014
0.03424
0.03195
0.03338
0.02718
0.03052
0.02813
0.035
0.02975
0.02747
0.03128
0.02403
0.03138
0.02699
0.03901
0.02489
0.03109
0.02489
0.03338
0.02384
0.02232
0.0309
0.02489
0.03691
0.02632
0.03834
0.03452
0.02823
0.02632
0.02584
0.03195
0.03119
0.02661
0.02632
0.02956
0.03624
0.03233
0.03738
0.03958
0.0349
0.03614
0.03147
0.02851
0.02527
0.0309
0.03662
0.02985
0.02985
0.02651
0.06971
0.1152
0.02842
0.02766
0.02546
0.0267
0.02975
0.02403
0.03157
0.02851
0.03004
0.02928
0.02947
0.02003
0.02995
0.02623
0.02642
0.0247
0.02699
0.02642
0.033
0.02747
0.03252
0.0308
0.03166
0.02604
0.03529
0.03338
0.02499
0.02499
0.02785
0.02375
0.02956
0.02728
0.02718
0.02108
0.02804
0.02775
0.02413
0.0412
0.02851
0.02813
0.02422
0.02537
0.02413
0.04339
0.02737
0.02565
0.03004
0.02995
0.0371
0.03004
0.02947
0.02432
0.03147
0.03433
0.02928
0.02794
0.03405
0.02451
0.02851
0.02756
0.02556
0.02537
0.02298
0.0247
0.02499
0.02546
0.03119
0.02747
0.0226
0.02804
0.02422
0.02489
0.02756
0.0289
0.02537
0.02785
0.02184
0.02975
0.02317
0.03185
0.02508
0.02518
0.02728
0.02794
0.02956
0.02632
0.02642
0.02451
0.02184
0.03033
0.02975
0.03576
0.02918
0.03662
0.02918
0.03033
0.03204
0.03052
0.02346
0.02832
0.0227
0.02937
0.0205
0.02861
0.02069
0.0268
0.02527
0.02556
0.02851
0.02604
0.02108
0.02432
0.02699
0.02842
0.02766
0.0268
0.03424
0.02422
0.02251
0.01993
0.02317
0.0005722
0.0268
0.01431
0.02642
0.02403
0.02432
0.02527
0.02756
0.02432
0.02422
0.02155
0.03071
0.02069
0.03328
0.02909
0.03033
0.02317
0.02871
0.02766
0.1791
0.02241
0.03119
0.02842
0.02136
0.02308
0.01993
0.02422
0.02346
0.02337
0.01926
0.02728
0.02861
0.0267
0.01993
0.02613
0.03366
0.02298
0.02108
0.01774
0.02232
0.02098
0.02232
0.02213
0.02337
0.02251
0.02661
0.03195
0.0267
0.02947
0.02441
0.02508
0.02222
0.0267
0.02871
0.03281
0.02232
0.02546
0.01984
0.0226
0.01822
0.0227
0.01984
0.02155
0.02222
0.01984
0.02708
0.02232
0.02394
0.02413
0.02165
0.0267
0.02441
0.033
0.02928
0.03061
0.03395
0.03757
0.02565
0.02699
0.02518
0.03185
0.02317
0.03042
0.03328
0.03662
0.03405
0.0288
0.03719
0.02604
0.03023
0.0329
0.02365
0.02546
0.0227
0.02403
0.0247
0.03176
0.02413
0.02413
0.02661
0.02584
0.02928
0.02642
0.03376
0.02718
0.02718
0.03071
0.0308
0.02632
0.02661
0.02251
0.03252
0.0289
0.03633
0.04873
0.02995
0.03214
0.02651
0.03433
0.03033
0.03195
0.03242
0.03166
0.03052
0.04969
0.03958
0.02928
0.03872
0.03061
0.0308
0.03004
0.02623
0.03614
0.03033
0.033
0.02966
0.02604
0.03014
0.0267
0.02718
0.02737
0.03386
0.03042
0.0288
0.02918
0.02947
0.03347
0.03519
0.03271
0.04244
0.04301
0.02985
0.03643
0.03567
0.03014
0.033
0.02956
0.03767
0.03405
0.02956
0.03567
0.03033
0.03214
0.03157
0.03109
0.03262
0.03347
0.02766
0.0268
0.03881
0.03653
0.02995
0.04044
0.03939
0.03519
0.04349
0.03939
0.0329
0.03929
0.03777
0.03834
0.04129
0.03662
0.03586
0.04158
0.04129
0.03309
0.03548
0.04902
0.03834
0.04721
0.04644
0.0433
0.03939
0.0371
0.04234
0.03643
0.04148
0.05026
0.0515
0.03824
0.03719
0.04034
0.03967
0.03595
0.04034
0.04683
0.0392
0.03576
0.03862
0.04225
0.03395
0.04101
0.0411
0.04158
0.04597
0.0391
0.03653
0.033
0.0371
0.04244
0.04148
0.0329
0.04396
0.04625
0.05655
0.03309
0.04034
0.03986
0.03748
0.0329
0.04206
0.03242
0.03672
0.02918
0.04044
0.03462
0.03939
0.03567
0.02975
0.03672
0.04444
0.03281
0.03147
0.02651
0.03443
0.03386
0.03462
0.03147
0.0289
0.03214
0.02995
0.0474
0.04005
0.03262
0.02804
0.02966
0.0247
0.02451
0.0247
0.02661
0.02785
0.03939
0.02823
0.03347
0.06838
0.03023
0.02728
0.03633
0.03557
0.04358
0.03586
0.03462
0.03099
0.03586
0.09174
0.02718
0.07076
0.03262
0.01745
0.05045
0.03939
0.02708
0.02842
0.02871
0.02565
0.03719
0.03109
0.03633
0.02775
0.02909
0.02632
0.03147
0.02747
0.03042
0.02251
0.03366
0.02308
0.02728
0.02928
0.02823
0.02432
0.02384
0.02642
0.03681
0.02384
0.03023
0.02747
0.0246
0.03309
0.02928
0.03109
0.03214
0.02489
0.03119
0.03014
0.03023
0.03071
0.02985
0.0289
0.02537
0.02346
0.03567
0.02384
0.02785
0.03347
0.02661
0.02327
0.02375
0.02928
0.02604
0.02394
0.02384
0.02337
0.02565
0.02975
0.02928
0.02689
0.02699
0.0329
0.02861
0.02918
0.03424
0.03414
0.0392
0.02775
0.03061
0.02527
0.02575
0.02861
0.02737
0.03166
0.03262
0.0206
0.02241
0.02241
0.03347
0.02365
0.02642
0.0267
0.03529
0.0246
0.02813
0.02832
0.02422
0.02222
0.03824
0.0329
0.03576
0.0268
0.03176
0.02708
0.03099
0.02861
0.02861
0.02451
0.02937
0.03338
0.02947
0.02241
0.02947
0.02193
0.02308
0.03071
0.02222
0.02337
0.03338
0.02356
0.02546
0.0268
0.02728
0.02337
0.03023
0.02375
0.02432
0.01974
0.0248
0.02737
0.03138
0.02851
0.02871
0.02298
0.02909
0.02403
0.02403
0.03958
0.04511
0.02556
0.02584
0.0308
0.02928
0.02937
0.03195
0.03471
0.03233
0.03738
0.02527
0.02794
0.02832
0.02775
0.02499
0.02718
0.02975
0.02594
0.03548
0.02747
0.03223
0.02747
0.02947
0.02766
0.0308
0.03309
0.0309
0.02966
0.03071
0.02689
0.02508
0.02937
0.02861
0.04225
0.02708
0.02108
0.0308
0.02356
0.03071
0.0227
0.03328
0.02346
0.03738
0.0391
0.03662
0.03471
0.02747
0.02642
0.02861
0.03366
0.03233
0.03233
0.0309
0.02518
0.02651
0.03347
0.05283
0.01316
0.02909
0.01812
0.02785
0.02756
0.02174
0.0329
0.02308
0.02737
0.02661
0.02394
0.02651
0.02403
0.02737
