5.829
5.829
5.829
5.829
5.829
5.829
5.829
5.829
5.829
5.829
5.829
5.829
5.829
5.829
5.829
5.829
5.829
5.829
5.829
5.829
5.829
5.829
5.829
5.829
5.829
5.829
5.829
5.829
5.829
5.829
5.829
5.829
5.829
7.19
13.7
15.94
16.7
17.31
17.6
17.97
18.04
14.99
14.09
12.16
11.49
8.057
13.72
15.94
16.72
17.24
17.58
17.92
16.72
14.53
12.13
10.58
10.84
15.31
16.36
17.02
17.46
17.85
17.38
14.84
13.35
11.21
9.338
11.45
15.55
16.55
17.24
17.68
17.43
14.79
11.98
9.094
8.911
8.777
8.289
8.472
8.618
8.74
10.41
18.77
20.78
20.07
17.65
13.38
15.89
16.65
17.24
17.55
17.9
17.7
14.75
14.14
12.11
10.16
8.777
8.447
8.447
8.655
8.789
8.606
8.667
8.704
8.765
8.74
8.752
13.4
16.41
17.24
17.82
17.31
14.21
11.67
9.521
9.009
10.17
20.0
19.02
10.12
8.96
8.606
10.55
11.08
20.29
19.65
17.36
14.89
9.192
9.375
9.924
18.9
20.29
14.21
11.47
16.14
17.11
17.7
18.09
16.11
12.84
10.78
9.399
9.485
8.704
9.644
15.43
16.77
17.5
17.85
18.12
15.75
14.26
11.41
9.802
9.29
11.06
19.34
20.83
15.33
12.52
16.26
17.09
17.63
18.12
15.55
15.04
12.18
8.606
13.16
20.63
15.06
6.219
5.994
5.829
5.829
5.829
5.829
5.829
5.829
5.829
5.829
5.829
5.829
5.829
5.829
5.829
5.829
5.829
5.829
5.829
5.829
5.829
5.829
5.829
5.829
5.829
5.829
5.829
5.829
5.829
5.829
5.829
5.829
5.829
5.829
5.829
5.829
5.829
5.829
5.829
5.829
5.829
5.829
5.829
5.829
5.829
5.829
5.829
5.829
5.829
5.829
5.829
5.829
5.829
5.829
5.829
5.829
5.829
5.829
5.829
5.829
5.829
5.829
5.829
5.829
5.829
5.829
5.829
5.829
5.829
5.829
5.829
5.829
5.829
5.829
5.829
5.829
5.829
5.829
5.829
5.829
5.829
5.829
5.829
5.829
5.829
5.829
5.829
5.829
5.829
5.829
5.829
5.829
5.829
5.829
5.829
5.829
5.829
5.829
5.829
5.829
5.829
5.829
5.829
5.829
5.829
5.829
5.829
5.829
5.829
5.829
5.829
5.829
5.829
5.829
5.829
5.829
5.829
5.829
5.829
5.829
5.829
5.829
5.829
5.829
5.829
5.829
5.829
5.829
5.829
5.829
5.829
5.829
5.829
5.829
5.829
5.829
5.829
5.829
5.829
5.829
5.829
5.829
5.829
5.829
5.829
5.829
5.829
5.829
5.829
5.829
5.829
5.829
5.829
5.829
5.829
5.829
5.829
5.829
5.829
5.829
5.829
5.829
5.829
5.829
5.829
5.829
5.829
5.829
5.829
5.829
5.829
5.829
5.829
5.829
5.829
5.829
5.829
5.829
5.829
5.829
5.829
5.829
5.829
5.829
5.829
5.829
5.829
5.829
5.829
6.091
9.631
15.97
17.26
17.85
18.21
18.68
18.9
19.04
19.14
19.29
19.41
19.53
19.7
19.73
19.87
20.12
20.17
20.07
16.5
18.7
20.53
20.31
20.07
19.82
17.82
17.31
14.36
9.998
15.84
16.6
5.542
13.4
16.28
17.11
17.43
17.82
18.16
18.26
18.41
18.55
18.6
18.75
18.9
18.99
19.12
19.12
19.26
19.53
19.41
16.38
17.77
20.34
19.46
19.09
19.04
18.63
18.41
15.04
9.57
15.55
16.65
17.21
17.72
18.07
18.26
18.38
18.55
18.65
18.75
18.95
18.99
19.14
19.19
19.36
19.51
19.51
16.55
17.16
19.51
19.95
20.07
20.07
19.9
18.41
18.16
17.87
9.973
11.87
15.84
16.82
17.33
17.72
18.09
18.31
18.41
18.6
18.75
18.82
18.95
19.02
19.14
19.14
19.38
19.58
19.7
18.48
17.14
19.19
20.83
20.85
20.85
20.29
18.7
18.38
17.31
10.46
12.32
16.11
16.99
17.5
17.92
18.19
18.36
18.41
18.63
18.75
18.8
18.95
19.12
19.12
19.31
19.38
19.58
19.73
19.65
16.77
17.75
20.17
20.26
20.26
20.26
19.31
17.75
17.48
15.92
6.262
9.937
15.65
16.77
17.36
17.75
18.12
18.24
18.43
18.55
18.6
18.75
18.8
18.95
18.95
19.12
19.14
19.14
19.26
19.34
19.34
19.46
19.53
19.68
19.73
19.73
19.7
16.82
17.75
19.02
19.41
19.9
19.9
19.87
19.7
19.7
19.58
19.02
17.31
15.6
15.09
14.65
14.5
8.228
13.45
15.14
15.87
16.28
16.58
16.11
12.84
12.67
13.04
11.8
9.106
14.4
15.92
16.55
16.11
12.74
12.72
10.23
11.19
15.19
15.99
16.46
15.92
12.62
12.62
10.96
9.351
14.6
15.87
16.43
16.19
12.05
12.5
10.58
13.06
18.16
19.07
18.21
14.21
7.935
13.77
16.19
17.16
17.63
17.97
18.41
18.55
18.68
18.85
19.07
19.21
19.24
19.36
19.46
19.73
19.82
19.92
18.29
18.41
20.75
20.75
20.78
20.12
19.02
18.8
11.68
6.47
13.7
16.65
17.41
17.94
18.33
18.53
18.68
18.9
18.97
19.17
19.34
19.43
19.56
19.82
19.92
18.55
18.29
20.65
20.53
20.43
19.8
16.92
16.67
13.6
10.85
16.11
17.19
17.75
18.16
18.38
18.68
18.87
18.95
19.12
19.31
19.34
19.51
19.58
19.82
19.87
16.87
18.99
20.83
20.83
20.7
18.07
16.26
16.06
13.96
9.448
15.7
16.92
17.48
17.94
18.26
18.43
18.55
18.73
18.85
18.95
19.12
19.24
19.34
19.41
19.53
19.68
19.7
19.7
16.97
18.46
19.7
20.85
20.8
20.24
19.85
17.26
16.46
16.46
16.38
13.53
10.52
10.8
9.424
11.62
8.569
11.95
9.082
11.25
10.19
11.83
14.55
18.77
17.19
11.79
8.301
14.58
16.5
17.24
17.5
17.94
18.31
18.36
18.55
18.65
18.75
18.95
18.95
19.09
19.14
19.29
19.34
19.34
19.43
19.7
19.73
19.73
19.73
17.55
18.07
19.24
20.41
20.46
20.34
20.26
20.29
18.9
17.24
16.92
16.85
16.85
12.79
9.924
8.667
15.14
19.51
19.78
18.19
10.4
9.216
9.839
8.752
14.65
16.02
16.63
17.09
17.48
17.6
17.75
18.07
18.21
18.38
18.41
18.58
18.6
18.77
18.77
18.77
18.95
18.95
18.99
19.14
19.31
19.34
19.34
19.34
19.34
19.46
19.6
19.73
19.87
19.92
19.9
17.63
17.9
19.85
20.43
20.68
20.58
20.46
20.34
18.82
14.97
14.89
14.89
14.89
14.92
10.29
5.377
5.249
5.249
5.249
5.249
5.249
5.316
5.249
5.249
5.249
5.249
5.249
5.249
5.249
5.249
5.249
5.249
5.249
5.249
5.249
5.249
5.249
5.249
5.249
5.249
5.249
5.249
5.249
5.249
