4.236
4.242
4.242
4.242
4.242
4.236
4.095
4.065
4.065
4.065
4.059
4.059
4.065
4.065
4.065
4.065
4.065
4.065
4.065
4.065
4.065
4.236
4.089
4.132
4.12
4.132
4.156
4.132
4.26
4.26
4.26
4.26
4.266
4.266
4.266
4.26
4.26
4.254
4.254
4.254
4.254
4.26
4.254
4.26
4.254
4.254
4.254
4.254
4.254
4.254
4.26
4.26
4.26
4.26
4.26
4.26
4.26
4.26
4.26
4.26
4.26
4.26
4.26
4.26
4.26
4.26
4.26
4.26
4.26
4.26
4.26
4.26
4.26
4.26
4.26
4.26
4.26
4.26
4.26
4.26
4.26
4.26
4.26
4.26
4.272
4.437
4.437
4.401
4.266
4.266
4.266
4.26
4.26
4.37
4.419
4.431
4.431
4.431
4.431
4.431
4.437
4.376
4.266
4.437
4.462
4.462
4.462
4.407
4.266
4.266
4.266
4.266
4.266
4.266
4.266
4.266
4.266
4.266
4.266
4.266
4.266
4.266
4.266
4.26
4.266
4.266
4.266
4.266
4.266
4.266
4.266
4.266
4.266
4.266
4.266
4.266
4.266
4.266
4.266
4.266
4.266
4.266
4.266
4.15
4.071
4.071
4.071
4.071
4.169
4.248
4.248
4.248
4.248
4.248
4.242
4.248
4.248
4.248
4.248
4.248
4.15
4.071
4.089
4.169
4.254
4.266
4.266
4.266
4.266
4.266
4.26
4.26
4.26
4.26
4.266
4.266
4.266
4.26
4.26
4.26
4.26
4.266
4.26
4.26
4.26
4.26
4.26
4.175
4.218
4.254
4.26
4.193
4.065
4.193
4.26
4.26
4.26
4.266
4.266
4.26
4.163
4.065
4.065
4.065
4.065
4.065
4.126
4.254
4.254
4.254
4.254
4.254
4.248
4.248
4.254
4.224
4.23
4.23
4.205
4.23
4.23
4.242
4.248
4.248
4.205
4.218
4.248
4.248
4.211
4.065
4.065
4.065
4.089
4.126
4.144
4.254
4.26
4.254
4.254
4.254
4.254
4.254
4.254
4.254
4.254
4.254
4.254
4.254
4.254
4.126
4.065
4.065
4.065
4.065
4.065
4.065
4.065
4.065
4.065
4.065
4.065
4.065
4.059
4.065
4.065
4.059
4.065
4.065
4.065
4.065
4.199
4.242
4.242
4.242
4.242
4.242
4.242
4.242
4.242
4.242
4.242
4.242
4.242
4.242
4.242
4.242
4.242
4.242
4.242
4.242
4.242
4.242
4.242
4.242
4.242
4.242
4.242
4.242
4.242
4.242
4.242
4.242
4.242
4.242
4.242
4.242
4.242
4.242
4.242
4.242
4.242
4.242
4.242
4.242
4.242
4.242
4.242
4.242
4.242
4.242
4.242
4.242
4.242
4.242
4.242
4.242
4.242
4.242
4.242
4.242
4.242
4.242
4.242
4.15
4.065
4.065
4.132
4.242
4.242
4.248
4.254
4.26
4.26
4.26
4.26
4.26
4.26
4.26
4.26
4.083
4.211
4.211
4.065
4.248
4.26
4.26
4.26
4.095
4.065
4.065
4.144
4.065
4.071
4.156
4.26
4.193
4.071
4.266
4.266
4.266
4.266
4.266
4.266
4.266
4.266
4.266
4.266
4.266
4.266
4.266
4.266
4.266
4.266
4.266
4.266
4.266
4.266
4.266
4.266
4.266
4.266
4.266
4.266
4.266
4.266
4.266
4.266
4.266
4.266
4.266
4.266
4.266
4.266
4.266
4.266
4.266
4.266
4.266
4.266
4.266
4.266
4.266
4.266
4.266
4.266
4.266
4.266
4.266
4.266
4.266
4.266
4.266
4.266
4.266
4.266
4.266
4.266
4.266
4.266
4.26
4.26
4.26
4.26
4.26
4.266
4.266
4.266
4.26
4.266
4.266
4.266
4.266
4.266
4.266
4.266
4.266
4.266
4.26
4.266
4.266
4.266
4.266
4.26
4.26
4.26
4.26
4.26
4.26
4.26
4.26
4.26
4.26
4.26
4.193
4.211
4.248
4.181
4.163
4.169
4.065
4.065
4.065
4.071
4.187
4.132
4.138
4.108
4.266
4.26
4.26
4.26
4.242
4.236
4.266
4.26
4.248
4.242
4.193
4.26
4.26
4.26
4.26
4.26
4.26
4.26
4.26
4.26
4.26
4.26
4.26
4.26
4.26
4.26
4.26
4.26
4.26
4.26
4.26
4.095
4.132
4.132
4.187
4.211
4.26
4.163
4.218
4.242
4.083
4.193
4.224
4.26
4.205
4.065
4.065
4.065
4.144
4.26
4.15
4.248
4.26
4.26
4.26
4.26
4.254
4.26
4.26
4.26
4.26
4.26
4.26
4.248
4.065
4.065
4.065
4.059
4.065
4.23
4.065
4.065
4.26
4.266
4.254
4.065
4.065
4.065
4.065
4.065
4.065
4.065
4.065
4.065
4.059
4.059
4.071
4.254
4.254
4.254
4.254
4.26
4.114
4.193
4.114
4.059
4.077
4.065
4.199
4.114
4.065
4.059
4.065
4.114
4.065
4.187
4.254
4.254
4.26
4.254
4.254
4.254
4.254
4.248
4.254
4.254
4.254
4.254
4.254
4.254
4.26
4.254
4.254
4.254
4.254
4.254
4.254
4.254
4.254
4.26
4.254
4.254
4.254
4.254
4.254
4.26
4.26
4.26
4.26
4.254
4.26
4.26
4.26
4.26
4.26
4.26
4.26
4.26
4.26
4.26
4.26
4.26
4.26
4.26
4.26
4.26
4.26
4.26
4.26
4.26
4.26
4.266
4.266
4.266
4.266
4.266
4.26
4.26
4.266
4.266
4.266
4.26
4.266
4.26
4.266
4.266
4.266
4.266
4.266
4.266
4.266
4.266
4.266
4.266
4.266
4.266
4.266
4.266
4.266
4.266
4.266
4.266
4.266
4.266
4.266
4.266
4.266
4.266
4.266
4.266
4.266
4.266
4.266
4.266
4.266
4.266
4.266
4.266
4.266
4.266
4.266
4.266
4.266
4.266
4.266
4.266
4.266
4.266
4.266
4.26
4.266
4.266
4.266
4.266
4.266
4.266
4.266
4.26
4.266
4.266
4.266
4.26
4.266
4.266
4.266
4.266
4.266
4.26
4.266
4.266
4.26
4.26
4.26
4.26
4.26
4.26
4.26
4.266
4.26
4.266
4.26
4.26
4.26
4.26
4.26
4.26
4.26
4.26
4.26
4.26
4.26
4.26
4.175
4.065
4.065
4.065
4.065
4.211
4.108
4.065
4.065
4.065
4.065
4.126
4.211
4.065
4.065
4.193
4.175
4.205
4.23
4.211
4.138
4.26
4.205
4.26
4.26
4.26
4.254
4.254
4.254
4.26
4.26
4.26
4.26
4.26
4.26
4.26
4.26
4.26
4.26
4.26
4.236
4.254
4.254
4.26
4.254
4.26
4.26
4.26
4.26
4.26
4.26
4.26
4.26
4.26
4.26
4.26
4.26
4.26
4.26
4.26
4.26
4.26
4.254
4.26
4.26
4.26
4.26
