28.32
28.37
28.47
28.42
28.52
28.32
28.56
28.47
28.47
28.52
28.37
28.47
28.37
28.76
28.37
28.37
28.37
28.27
28.37
28.27
28.17
28.27
28.12
28.27
28.32
28.66
28.52
28.66
28.71
28.52
28.56
28.37
28.32
28.52
28.47
28.32
28.47
28.52
28.52
28.27
28.76
28.22
28.37
28.56
28.37
28.12
27.93
27.69
27.2
26.46
26.07
26.07
25.49
24.34
24.05
22.92
22.56
22.53
23.46
23.02
23.66
23.54
22.83
21.78
21.88
21.26
21.09
20.7
19.85
18.75
19.34
19.04
19.34
19.19
17.04
14.36
15.01
16.28
17.26
17.09
17.29
15.41
15.06
13.65
12.67
12.37
13.48
13.09
13.31
14.26
12.99
10.99
10.46
9.973
9.741
9.253
9.058
9.412
9.521
8.948
9.241
9.192
9.778
9.436
9.497
8.325
8.887
9.338
10.31
10.53
9.778
8.606
7.959
9.009
8.972
8.435
8.252
7.495
8.923
9.827
10.22
10.24
9.448
8.679
8.704
9.326
8.435
6.799
9.619
9.912
9.363
9.131
9.241
7.715
9.192
9.351
9.302
8.569
8.447
8.728
9.045
9.265
9.57
9.778
9.106
9.851
10.19
10.12
10.89
11.44
9.009
11.45
11.52
11.41
12.04
11.93
11.47
11.93
12.49
12.57
13.09
13.48
14.72
14.75
15.26
15.23
15.23
15.8
16.14
15.6
16.09
16.36
16.5
16.6
17.02
17.02
17.75
19.65
22.05
22.73
22.9
23.34
23.49
22.22
23.49
23.46
25.29
26.95
27.83
27.93
28.76
28.81
29.69
28.03
27.98
27.93
28.08
27.64
27.73
27.69
27.78
27.64
27.54
27.69
27.49
27.44
27.49
27.64
27.29
28.22
28.08
28.17
28.32
28.47
28.66
28.61
28.66
28.76
28.71
28.47
28.66
28.61
28.71
28.12
27.93
28.37
28.17
28.22
27.98
28.12
27.98
27.78
28.47
28.22
28.37
28.32
28.17
28.17
28.12
28.12
28.22
28.08
28.17
28.22
27.78
27.88
27.78
27.69
27.98
27.88
28.03
28.32
28.22
28.27
28.08
27.88
28.03
28.22
28.47
28.37
28.61
28.61
28.56
28.52
29.05
28.61
28.71
28.52
29.35
28.42
28.61
28.71
28.37
28.27
28.56
28.52
28.71
28.37
28.42
28.61
28.81
28.96
29.1
28.76
28.81
28.86
28.86
28.52
28.86
28.91
28.76
28.81
28.81
28.71
28.96
28.76
29.05
28.86
28.86
28.91
28.91
28.96
28.47
28.86
28.76
28.56
28.52
28.61
28.56
28.56
28.61
28.56
28.86
28.71
28.91
28.22
28.56
28.22
28.47
28.96
28.37
28.22
28.17
28.08
28.12
28.52
28.61
28.56
28.42
28.47
28.17
27.1
27.88
27.59
27.44
27.2
26.12
26.32
25.63
25.1
24.17
24.1
23.56
23.36
22.92
22.27
22.02
21.58
20.78
20.17
19.36
18.7
17.33
16.89
16.28
15.84
15.5
14.5
13.7
13.57
13.18
12.84
12.26
11.93
11.73
11.29
11.51
11.44
10.82
10.57
10.93
10.82
11.32
11.69
11.36
11.43
11.68
11.29
10.18
10.02
10.12
10.03
9.875
9.131
8.411
8.167
9.717
10.03
10.11
10.27
10.42
10.51
9.485
8.093
6.128
8.228
8.118
7.91
7.922
7.837
7.874
7.825
8.972
9.766
9.985
9.814
9.619
10.21
10.4
10.44
9.949
8.826
8.972
10.31
10.61
10.78
10.27
8.704
8.936
10.62
10.62
10.86
10.82
10.79
9.497
11.41
10.97
10.83
11.95
10.06
12.24
12.52
12.02
10.23
10.07
12.82
13.48
13.96
13.48
15.26
16.11
16.26
17.11
17.09
17.07
17.87
18.85
19.09
17.7
16.94
18.43
18.9
21.95
22.31
24.78
25.49
26.42
27.39
27.64
27.44
27.73
28.32
28.17
28.42
28.32
28.71
29.0
28.66
28.61
28.12
27.88
28.22
28.66
28.03
27.88
27.98
27.93
27.83
27.73
28.37
28.12
28.32
28.12
27.49
27.93
27.98
27.73
27.64
27.54
27.69
27.59
27.54
27.64
27.69
27.54
27.83
28.03
27.93
28.32
28.47
28.52
28.66
28.52
27.98
27.98
27.69
27.64
27.1
27.69
27.49
27.83
27.59
27.54
27.98
28.08
28.17
28.32
28.12
28.08
28.52
28.17
28.37
28.32
28.32
28.42
28.52
28.61
28.61
28.47
28.61
28.71
28.22
28.56
28.56
28.37
28.61
28.56
28.56
28.66
28.56
28.71
28.76
28.66
28.66
28.42
28.96
28.61
28.76
28.52
28.56
28.71
28.76
28.86
28.86
28.32
28.86
29.0
29.05
28.86
28.86
28.71
28.61
28.86
28.76
28.96
28.71
28.91
28.76
28.76
28.66
28.96
28.66
28.56
28.61
28.52
28.56
28.47
28.76
28.81
28.81
28.96
28.96
28.76
28.66
28.37
28.76
28.42
28.52
28.47
28.37
28.61
28.32
28.42
28.32
28.32
28.37
28.47
28.27
28.42
28.03
28.08
28.03
27.93
28.17
28.03
28.12
28.08
27.98
27.78
27.39
27.05
27.15
26.51
26.12
25.88
25.59
25.29
24.68
23.71
23.14
22.61
21.83
21.19
20.9
20.53
18.95
18.46
16.58
16.09
15.6
16.99
14.75
15.5
15.11
15.06
14.26
13.04
12.55
12.94
12.7
12.21
11.8
11.61
11.3
11.18
11.76
12.08
9.851
9.607
10.55
11.04
10.85
10.58
10.17
10.35
10.6
10.01
10.44
10.12
9.875
9.595
8.789
8.521
7.263
7.446
10.13
9.57
10.17
9.155
8.411
9.302
9.424
8.984
9.058
8.167
7.837
7.861
7.825
8.398
7.642
7.129
7.898
8.484
8.545
8.838
9.241
9.229
9.778
9.973
9.29
9.814
9.888
9.473
9.57
9.741
8.826
9.033
9.009
9.033
9.351
11.08
10.75
10.47
11.18
11.62
12.65
13.31
13.67
13.77
14.31
13.57
13.21
13.38
13.57
13.75
14.06
14.87
14.82
14.7
11.91
16.55
16.38
16.85
16.82
16.16
17.02
17.87
18.19
19.17
20.04
21.26
22.44
23.29
22.9
23.34
25.29
27.0
27.44
28.27
28.12
28.22
28.12
27.69
27.88
28.12
28.08
28.17
28.37
28.42
28.47
28.37
28.61
28.52
28.71
28.61
28.42
28.47
28.47
28.37
28.61
28.12
28.81
28.47
28.42
28.76
28.42
28.17
27.78
27.64
27.64
27.64
27.54
27.64
27.69
27.73
27.59
27.54
27.64
27.59
27.69
27.54
27.59
27.59
27.44
27.49
27.15
27.49
27.39
27.64
27.44
27.49
27.44
27.54
27.59
28.03
27.49
27.54
27.73
27.69
27.78
27.73
27.69
27.98
27.88
27.88
27.64
27.83
27.78
