43.36
43.36
43.26
43.21
43.21
43.21
43.21
43.16
43.16
40.87
18.02
16.67
20.24
19.68
18.82
18.14
15.87
12.22
10.89
10.88
10.89
10.89
10.89
10.89
10.89
10.89
10.89
10.89
10.89
10.89
10.89
10.89
10.89
12.5
13.06
13.31
23.46
24.19
13.48
11.4
10.9
10.89
10.89
11.63
13.11
12.96
13.18
13.16
13.55
13.55
12.94
17.92
30.22
31.2
31.88
31.93
29.69
27.83
25.34
21.85
24.12
41.89
43.07
43.07
43.12
43.12
43.12
43.12
43.12
43.12
43.12
43.12
43.16
43.16
43.31
43.31
43.36
43.36
43.36
43.36
43.41
43.41
43.41
43.41
43.41
43.36
43.36
43.36
39.16
16.85
16.11
19.48
19.9
18.07
17.55
17.58
13.13
12.79
13.28
18.75
26.37
15.19
24.95
30.22
31.59
31.59
30.91
28.76
25.39
24.98
16.85
38.18
42.68
43.07
42.97
42.97
42.97
42.97
42.97
42.97
42.97
42.97
42.97
42.97
43.07
43.12
43.12
42.97
42.92
42.97
42.97
43.02
43.02
43.02
43.02
43.02
42.97
42.92
32.76
16.43
17.02
20.26
19.26
17.97
17.97
14.33
12.6
23.12
29.98
31.49
31.49
30.71
28.32
25.15
22.56
23.02
41.06
43.07
43.02
42.97
42.97
42.97
42.92
42.97
42.92
42.92
43.02
43.02
43.02
43.21
43.26
43.31
43.31
43.31
43.36
43.26
43.21
43.21
43.21
43.21
43.21
43.16
43.21
42.82
24.73
16.43
18.19
20.56
18.38
17.46
17.41
14.87
12.4
19.58
29.88
31.4
31.54
30.91
28.52
25.24
24.46
15.31
21.68
40.82
43.07
43.02
42.97
42.92
42.97
42.97
42.92
42.92
42.97
43.02
43.16
43.12
43.07
43.12
43.12
43.07
42.97
42.97
42.92
42.68
42.63
42.63
42.63
42.63
42.63
42.53
39.89
17.63
15.94
18.6
19.65
18.75
18.9
18.75
14.33
12.6
20.83
29.79
31.1
31.59
31.59
30.27
27.64
25.1
22.17
22.85
40.58
43.07
43.07
42.97
42.97
42.97
42.97
42.97
42.97
42.97
43.02
43.16
43.16
43.07
43.12
43.12
43.16
43.12
43.16
43.21
43.16
43.21
43.21
43.21
43.21
43.21
43.21
43.21
43.21
37.84
16.8
18.07
20.21
19.09
19.12
18.68
13.84
12.04
11.06
10.88
10.89
10.89
10.89
10.89
10.89
10.89
10.89
10.89
10.89
10.89
10.89
10.89
10.89
10.89
10.89
10.89
10.89
10.89
10.89
10.89
10.89
10.89
10.89
10.89
10.89
10.89
10.89
10.89
10.89
10.89
10.89
10.89
10.89
10.89
10.89
10.89
10.89
10.89
10.89
10.89
10.89
10.89
10.89
10.89
10.89
10.89
10.89
10.89
10.89
10.89
10.89
10.89
10.89
10.89
10.89
10.89
10.89
10.89
10.89
10.89
10.89
10.89
10.89
10.89
10.89
10.89
10.89
10.89
10.89
10.89
10.89
10.89
10.89
10.89
10.89
10.89
10.89
10.89
10.89
10.89
10.89
10.89
10.89
10.89
10.89
10.89
10.89
10.89
10.89
10.89
10.89
10.89
10.89
10.89
10.89
10.89
10.89
10.89
10.89
10.89
10.89
10.89
10.89
10.89
10.89
10.89
10.89
10.89
10.89
10.89
10.89
10.89
10.89
10.89
10.89
10.89
10.89
10.89
10.89
10.89
10.89
10.89
10.89
10.89
10.89
10.89
10.89
10.89
10.89
10.89
10.89
10.89
10.89
10.89
10.89
10.89
10.89
10.89
10.89
10.89
11.69
23.9
42.58
43.02
43.12
42.97
42.97
42.97
42.92
42.97
43.12
43.12
43.12
43.12
43.12
43.12
43.12
43.07
43.07
43.12
43.12
43.21
43.21
43.21
43.21
43.21
43.21
43.26
31.64
16.46
20.43
22.05
18.77
12.08
11.29
10.88
10.89
10.89
10.89
10.89
10.89
10.89
10.89
10.89
10.89
11.67
24.93
42.97
43.02
43.12
43.21
43.16
43.16
43.12
43.12
43.16
43.16
43.12
43.12
43.12
43.16
43.12
43.16
43.07
43.12
43.12
43.12
43.12
43.21
43.21
43.21
43.21
43.21
43.26
43.21
43.26
40.62
16.75
19.9
22.05
20.04
13.21
11.54
10.94
10.89
10.89
10.89
11.95
29.3
42.97
43.07
43.12
43.21
43.16
43.16
43.16
43.12
43.16
43.12
43.12
43.12
43.12
43.12
43.12
43.12
43.12
43.31
43.26
43.31
43.36
43.41
43.41
43.41
43.41
43.46
43.41
43.46
42.82
19.02
18.73
20.78
21.9
17.48
11.24
10.88
11.93
27.54
43.12
43.02
43.12
43.16
43.16
43.16
43.12
43.12
43.12
43.12
43.12
43.12
43.12
43.12
43.12
43.07
43.12
43.12
43.16
43.21
43.21
43.21
43.21
43.21
43.21
43.21
36.38
16.58
16.87
22.31
21.46
17.14
11.27
12.96
36.08
42.29
43.02
41.16
40.92
41.26
42.24
42.97
43.16
43.16
43.16
43.16
43.07
43.02
43.07
43.12
43.21
43.16
43.21
43.26
43.26
43.26
43.31
43.26
43.26
43.26
42.87
20.02
15.65
20.65
21.31
17.8
11.29
10.88
10.88
10.89
10.89
10.89
10.89
10.89
10.89
10.89
10.89
10.89
10.89
10.89
10.89
10.89
10.89
10.89
10.89
10.89
10.89
10.89
10.89
10.89
10.89
10.89
10.89
10.89
10.89
10.89
10.89
10.89
10.89
10.89
10.89
10.89
10.89
10.89
10.89
10.89
14.18
38.57
43.02
43.07
43.16
43.16
43.16
43.12
43.12
43.12
43.16
43.12
43.12
43.12
43.12
43.12
43.12
43.07
43.16
43.12
43.16
43.21
43.21
43.21
43.21
43.26
43.26
43.21
43.21
43.31
23.8
15.41
18.7
20.9
22.0
14.48
11.1
10.88
10.89
10.89
10.89
10.89
10.89
10.89
11.62
21.17
41.75
43.07
43.12
43.16
43.21
43.21
43.16
43.12
43.12
43.16
43.16
43.16
43.12
43.16
43.16
43.12
43.16
43.12
43.12
43.12
43.12
43.16
43.16
43.16
43.21
43.21
43.21
43.21
43.21
43.26
43.26
43.26
38.82
16.09
19.46
21.68
21.53
13.48
11.54
10.9
10.89
10.89
10.89
10.89
10.89
10.89
10.89
10.89
10.89
10.89
10.89
10.89
10.89
10.89
10.89
10.89
10.89
10.89
10.89
10.89
10.89
10.89
10.89
10.89
10.89
10.89
10.89
10.89
10.89
10.89
10.89
10.89
10.89
10.89
10.89
10.89
10.89
10.89
10.89
10.89
10.89
10.89
10.89
10.89
10.89
10.89
10.89
10.89
11.12
16.82
42.04
43.07
43.07
43.16
43.16
43.16
43.12
43.07
43.12
43.12
43.12
43.12
43.12
43.12
43.12
43.12
43.07
43.07
43.12
43.12
43.16
43.21
43.21
43.21
43.26
43.21
43.21
43.12
23.19
17.48
21.7
21.48
17.09
11.89
11.13
10.89
10.89
