9.326
9.326
9.326
9.326
9.326
9.326
9.326
9.326
9.326
9.326
9.326
9.326
9.326
9.326
9.326
9.326
9.326
9.326
9.326
9.326
9.326
9.326
9.326
9.326
9.326
9.326
9.326
9.326
9.326
9.326
9.326
9.326
9.326
9.326
9.326
9.326
9.326
9.326
9.326
9.326
9.326
9.326
9.326
9.326
9.326
9.326
9.326
9.326
9.326
9.326
9.326
9.326
9.326
9.326
9.326
9.326
9.326
9.326
9.326
9.326
9.326
9.326
9.326
9.326
9.326
9.326
9.326
9.326
9.326
9.326
9.326
9.326
9.326
9.326
9.326
9.326
9.326
9.326
9.326
9.326
9.326
9.326
9.326
9.326
9.326
9.326
9.326
9.326
9.326
9.326
9.326
9.326
9.326
9.326
9.326
9.326
9.326
9.326
9.326
9.326
9.326
9.326
9.326
9.326
9.326
9.326
9.326
9.326
9.326
9.326
9.326
9.326
9.326
9.326
9.326
9.326
9.326
9.326
9.326
9.338
9.326
9.326
9.326
9.338
9.338
9.326
9.326
9.338
9.326
9.326
9.326
9.326
9.326
9.326
9.326
9.326
9.326
9.326
9.326
9.338
9.326
9.326
9.326
9.326
9.326
9.326
9.326
9.326
9.326
9.326
9.326
9.326
9.326
9.326
9.326
9.326
9.326
9.326
9.326
9.326
9.326
9.326
9.326
9.326
9.326
9.326
9.326
9.326
9.326
9.326
9.326
9.326
9.326
9.326
9.326
9.326
9.326
9.326
9.326
9.326
9.326
9.326
9.326
9.326
9.326
9.326
9.326
9.326
9.326
9.363
9.326
9.326
9.326
9.326
9.326
9.326
9.326
9.326
9.326
9.326
9.326
9.326
9.326
9.326
9.326
9.326
9.326
9.326
9.326
9.326
9.326
9.326
9.326
9.326
9.326
9.326
9.326
9.326
9.326
9.326
9.326
9.326
9.326
9.326
9.326
9.326
9.326
9.326
9.326
9.326
9.326
9.326
9.326
9.326
9.326
9.326
9.326
9.326
9.326
9.326
9.326
9.326
9.326
9.326
9.326
9.326
9.326
9.326
9.326
9.326
9.326
9.326
9.326
9.326
9.326
9.326
9.326
9.326
9.326
9.326
9.326
9.326
9.326
9.326
9.326
9.326
9.326
9.326
9.326
9.326
9.326
9.326
9.326
9.326
9.326
9.326
9.338
9.326
9.326
9.326
9.326
9.326
9.326
9.326
9.326
9.326
9.326
9.326
9.326
9.326
9.326
9.326
9.326
9.326
9.326
9.326
9.326
9.326
9.326
9.326
9.326
9.326
9.326
9.326
9.326
9.326
9.326
9.326
9.326
9.326
9.326
9.326
9.326
9.326
9.326
9.326
9.326
9.326
9.326
9.326
9.326
9.326
9.326
9.326
9.326
9.326
9.326
9.326
9.326
9.326
9.326
9.326
9.326
9.326
9.326
9.326
9.326
9.326
9.326
9.326
9.326
9.326
9.326
9.326
9.326
9.326
9.326
9.326
9.326
9.326
9.326
9.326
9.326
9.326
9.326
9.326
9.326
9.326
9.326
9.326
9.326
9.326
9.326
9.326
9.326
9.326
9.326
9.326
9.326
9.326
9.326
9.326
9.326
9.326
9.326
9.326
9.326
9.326
9.326
9.326
9.326
9.326
9.326
9.326
9.326
9.326
9.326
9.326
9.326
9.326
9.326
9.326
9.326
9.326
9.326
9.326
9.326
9.326
9.326
9.326
9.326
9.326
9.326
9.326
9.326
9.326
9.399
9.424
9.375
9.497
9.351
9.326
9.326
9.326
9.326
9.326
9.326
9.326
9.326
9.338
9.326
9.326
9.375
9.326
9.326
9.326
9.326
9.326
9.326
9.326
9.326
9.326
9.326
9.326
9.326
9.326
9.326
9.326
9.326
9.326
9.326
9.326
9.326
9.326
9.326
9.326
9.326
9.326
9.326
9.326
9.326
9.326
9.326
9.326
9.326
9.326
9.326
9.326
9.326
9.326
9.326
9.326
9.326
9.326
9.326
9.326
9.326
9.326
9.326
9.338
9.326
9.326
9.326
9.326
9.326
9.326
9.326
9.326
9.326
9.326
9.326
9.326
9.326
9.326
9.326
9.326
9.326
9.326
9.326
9.326
9.326
9.326
9.326
9.326
9.326
9.326
9.326
9.326
9.326
9.326
9.326
9.326
9.326
9.326
9.326
9.326
9.326
9.338
9.326
9.326
9.326
9.326
9.326
9.326
9.326
9.326
9.326
9.326
9.326
9.326
9.326
9.326
9.326
9.326
9.326
9.326
9.326
9.326
9.326
9.326
9.338
9.326
9.326
9.326
9.326
9.326
9.326
9.326
9.326
9.326
9.326
9.326
9.326
9.326
9.326
9.326
9.326
9.326
9.326
9.326
9.326
9.326
9.326
9.326
9.326
9.326
9.326
9.326
9.326
9.326
9.326
9.326
9.326
9.326
9.326
9.326
9.326
9.326
9.326
9.326
9.326
9.326
9.326
9.326
9.326
9.326
9.326
9.326
9.326
9.326
9.326
9.326
9.326
9.326
9.326
9.326
9.326
9.326
9.326
9.326
9.326
9.326
9.326
9.326
1.999
8.337
8.923
9.119
9.119
9.119
9.119
9.119
9.119
9.119
9.119
9.119
9.229
9.314
9.314
9.314
9.314
9.314
9.314
9.314
9.314
9.314
9.314
9.314
9.314
9.314
9.314
9.314
9.314
9.314
9.314
9.314
9.314
9.314
9.314
9.314
9.314
9.314
9.314
9.412
9.509
9.509
9.436
9.509
9.509
9.509
9.509
9.509
9.509
9.509
9.509
9.509
9.509
9.509
9.509
9.509
9.509
9.509
9.509
9.509
9.509
9.509
9.509
9.509
9.509
9.509
9.509
9.509
9.509
9.509
9.509
9.509
9.509
9.509
9.509
9.509
9.509
9.509
9.509
9.509
9.509
9.509
9.509
9.509
9.497
9.509
9.509
9.509
9.509
9.509
9.509
9.509
9.509
9.509
9.509
9.509
9.509
9.509
9.509
9.46
9.509
9.351
9.448
9.497
9.338
9.375
9.497
9.509
9.509
9.509
9.509
9.509
9.509
9.509
9.509
9.509
9.509
9.509
9.509
9.509
9.509
9.509
9.509
9.509
9.509
9.509
9.509
9.509
9.509
9.509
9.509
9.509
9.509
9.509
9.509
9.509
9.509
9.509
9.509
9.509
9.509
9.509
9.509
9.509
9.509
9.509
9.509
9.509
9.509
9.509
9.497
9.509
9.509
9.509
9.497
9.509
9.509
9.497
9.497
9.509
9.448
9.338
9.314
9.351
9.351
9.363
9.473
9.509
9.509
9.509
9.509
9.509
9.497
9.497
9.485
9.485
9.473
9.448
9.412
9.448
9.473
9.46
9.473
9.473
9.473
9.436
9.436
9.314
9.314
9.314
9.314
9.314
9.314
9.314
9.314
9.314
9.314
9.314
9.314
9.387
9.387
9.363
9.399
9.448
9.473
9.485
9.485
9.46
9.473
9.497
9.448
9.375
9.338
9.363
9.448
9.509
9.497
9.497
9.497
9.485
9.473
9.485
9.509
9.509
9.509
9.497
9.485
9.497
9.485
9.485
9.497
9.485
9.497
9.485
9.497
9.485
9.497
9.485
9.485
9.485
9.485
