0.0
0.0
0.0
0.0
0.0
9.537e-05
0.0
0.0
0.0
0.0
0.0
0.0
0.0
0.0
0.0
0.0
0.0
0.0
0.0
0.0
9.537e-05
0.0
0.0
0.0003815
0.0
0.0001907
0.0
0.0
0.0
0.0
0.0
0.0
0.0
0.0102
0.7919
1.346
1.451
1.401
1.596
1.488
1.472
2.203
5.078
3.809
3.308
0.7347
0.7629
1.99
1.996
1.859
2.075
2.621
6.232
4.236
1.544
0.3376
0.2308
0.3929
0.3361
0.3246
0.1875
0.3311
0.1047
1.237
1.558
1.694
1.524
1.456
1.697
5.981
3.766
2.603
0.3677
1.501
1.794
1.566
1.654
1.379
1.779
5.084
2.478
3.619
1.393
0.4524
1.228
1.213
1.016
0.9857
1.044
1.639
1.691
5.194
2.185
3.693
1.132
0.1873
0.4181
1.149
1.239
1.685
1.66
1.758
1.505
1.721
1.788
1.44
1.393
1.447
1.385
1.27
1.495
1.494
1.463
1.672
1.44
1.463
1.834
1.917
1.755
1.624
1.62
3.345
8.105
6.799
5.676
8.179
5.573
6.921
5.347
5.072
3.424
2.972
2.002
1.448
0.5997
1.241
1.935
1.843
1.813
1.874
5.365
3.241
3.009
0.5608
0.2911
0.4501
0.5798
0.2857
0.1482
0.1352
0.3929
0.4013
0.1186
0.5051
0.602
0.4745
0.5943
0.3693
0.1272
0.08268
0.2277
0.2396
0.1143
0.6897
1.05
1.161
1.245
0.9399
1.073
1.315
1.48
1.18
4.822
1.889
1.819
2.261
1.102
0.4631
0.0
9.537e-05
0.0
0.0
0.0
0.0
0.0
0.0
0.0
0.0003815
0.0
0.0
0.0
0.0
0.0
0.0001907
0.0001907
0.0001907
0.0
0.0001907
0.0
0.0
0.0
9.537e-05
0.0
0.0
0.0
0.0
0.0
0.0
0.0
0.0
0.0
9.537e-05
0.0001907
0.0003815
0.0
0.0003815
0.0
0.0
0.0
0.0
0.0
0.0
0.0003815
0.0
0.0001907
0.0
0.0
0.0
0.0
0.0
0.0
0.0
0.0
0.0
0.0
0.0
0.0
0.0
0.0001907
0.0
0.0
0.0
0.0
0.0
0.0
0.0
0.0
0.0
0.0
0.0
0.0
0.0
0.0
9.537e-05
0.0
9.537e-05
0.0003815
9.537e-05
0.0
0.0
0.0
0.0
0.0
0.0
0.0001907
0.0
0.0
0.0
0.0
0.0
0.0
0.0
0.0
0.0
0.0
0.0004768
0.0
0.0001907
0.0
0.0
0.0
0.0
0.0
0.0
0.0
0.0
0.0
0.0
9.537e-05
0.0
0.0
0.0
0.0
0.0
0.0
0.0001907
0.0
0.0
0.0
0.0
0.0
0.0
0.0001907
0.0001907
0.0
9.537e-05
0.0001907
0.0
0.0
0.0
0.0001907
0.0002861
9.537e-05
0.0002861
0.0
0.0005722
0.0001907
9.537e-05
0.0
0.0001907
0.0003815
0.0
0.0
0.0
0.0
0.0
0.0
0.0008583
0.0
0.0
0.0
0.0003815
0.0
0.0005722
0.0
0.0002861
0.0001907
9.537e-05
0.0
9.537e-05
0.0
0.0
0.0
0.0001907
0.0
0.0
0.0
0.0
9.537e-05
9.537e-05
9.537e-05
9.537e-05
0.0001907
0.0
0.0
0.0001907
0.0
9.537e-05
0.0
9.537e-05
0.0
0.0
0.0001907
0.004959
0.211
1.355
1.164
1.076
1.169
1.045
0.9689
1.183
1.067
0.8377
0.8133
0.9033
0.7042
0.6866
0.6569
0.7133
0.7057
0.7385
0.8087
0.8179
1.682
1.663
1.614
1.63
1.543
1.468
1.147
1.302
1.074
1.733
1.678
5.634
8.508
7.251
8.813
9.937
6.909
5.609
6.14
5.731
2.972
2.38
1.862
0.4051
1.286
1.543
1.602
1.559
1.302
1.208
1.427
1.273
1.102
1.259
1.201
1.291
1.125
1.064
1.427
1.294
1.277
1.164
1.302
0.9979
1.346
1.669
1.935
1.788
1.602
1.437
1.453
6.409
8.118
4.822
5.646
11.0
4.266
5.792
6.616
8.386
4.059
3.098
1.816
1.317
1.224
1.099
1.553
1.505
1.266
1.291
1.349
1.376
1.421
1.418
1.399
1.167
1.373
1.271
1.231
1.244
1.141
1.131
1.126
1.065
1.37
1.291
1.115
0.9003
1.065
0.9842
1.025
1.271
1.207
1.434
1.482
1.222
1.596
7.861
5.328
5.573
3.406
6.97
8.655
7.69
6.726
7.8
3.802
3.839
3.162
1.865
1.219
0.9705
1.562
1.303
1.405
1.125
1.286
1.233
1.372
1.225
1.559
1.477
1.534
1.439
1.222
1.155
1.12
1.289
1.219
1.402
1.28
1.332
1.636
1.454
1.465
1.227
1.46
1.569
6.085
7.812
4.303
5.499
7.874
6.36
5.511
6.299
5.048
5.402
3.9
2.393
2.094
1.816
0.4402
1.385
1.454
1.849
2.029
1.678
1.773
1.901
1.913
2.155
2.014
1.993
2.094
2.026
1.727
1.651
1.648
1.749
1.886
2.252
2.13
2.414
8.887
9.705
8.252
7.825
8.289
8.618
7.336
3.625
3.613
2.109
1.596
1.384
1.794
5.048
1.599
0.4158
1.192
1.424
5.56
1.849
0.2052
1.056
1.07
3.247
5.06
1.195
0.6165
1.151
3.085
3.925
0.663
0.621
1.054
2.032
4.51
1.54
0.5028
0.1808
0.1522
0.2663
0.5325
1.334
2.478
4.242
1.654
0.1549
1.031
1.306
4.37
2.188
0.8774
0.2609
0.3098
0.7889
1.431
1.477
1.308
1.547
1.99
2.057
1.868
1.926
1.715
1.822
1.685
1.791
1.688
1.602
1.651
1.968
1.981
1.859
2.036
2.548
1.892
6.14
11.74
9.082
9.46
9.314
6.519
7.52
4.468
3.131
1.74
1.305
1.965
2.139
1.999
2.094
2.231
2.301
2.38
2.438
2.527
2.219
1.694
2.026
2.164
2.255
2.435
2.258
2.167
2.032
2.115
9.79
9.131
8.643
7.288
7.91
7.251
7.361
3.925
3.662
1.962
0.4715
1.611
1.63
1.953
1.819
1.788
2.023
2.133
2.252
1.993
2.377
2.197
2.136
2.286
2.084
2.176
2.194
1.99
1.959
2.249
2.835
11.1
8.032
7.568
7.056
7.727
8.533
5.212
4.218
2.185
2.155
0.9033
0.798
1.974
1.297
0.5417
1.81
1.361
0.4951
1.855
0.2628
0.3929
0.1938
0.3914
0.9003
0.9109
0.8774
0.9415
1.089
1.337
0.8957
0.4395
0.3422
0.1513
0.425
1.053
0.9506
0.8194
0.2636
0.7652
0.7545
0.8591
0.621
1.81
1.944
1.201
1.382
1.35
2.319
2.054
1.521
1.553
1.7
1.73
1.801
1.816
1.566
1.317
1.727
1.645
1.259
1.901
1.617
1.675
1.352
1.164
1.21
1.767
2.197
7.886
7.495
6.445
8.472
6.262
7.141
6.299
6.421
3.845
2.734
1.825
1.807
0.3124
0.3311
0.3704
0.3738
0.8255
0.3307
0.3086
0.3502
0.3304
0.0005722
0.0004768
0.0
0.0
0.0
0.0
0.0
0.005531
0.3605
0.3635
0.798
0.4272
0.309
0.4204
0.009632
0.3311
0.0
0.0
0.0
0.0
0.0
0.0
0.0001907
0.0
0.0001907
0.0
9.537e-05
0.0
0.0
0.0
0.0
0.0
0.0
0.0
0.0
0.0
0.0
0.0005722
0.0
0.0
0.0
0.0
0.0
0.0
0.0005722
0.0
0.0
0.0
0.0
0.0
0.0
0.0
0.0
