20.46
17.55
17.55
17.99
18.02
19.38
18.97
21.34
18.26
18.46
17.04
17.87
15.21
16.11
17.7
16.63
18.12
18.68
19.04
18.7
16.77
16.14
18.16
16.26
17.16
22.17
16.94
18.7
19.8
19.09
17.65
17.33
16.7
17.33
16.65
16.77
17.82
20.17
18.41
17.92
17.72
19.21
19.04
15.65
17.43
20.63
17.9
18.85
17.29
17.09
15.01
14.31
16.33
16.58
19.02
17.8
16.02
14.31
17.43
17.36
17.55
17.5
16.67
17.82
20.61
21.61
16.16
16.75
18.36
15.36
16.28
16.8
17.31
15.6
16.41
16.21
16.5
17.33
19.04
19.21
19.12
17.53
16.92
17.63
16.55
17.82
17.07
18.43
19.19
20.14
18.65
19.9
18.95
18.09
19.41
15.77
15.97
17.46
16.58
18.73
17.33
17.8
19.63
17.77
18.31
17.63
19.38
19.21
16.43
15.45
17.43
17.99
17.43
17.19
16.75
17.26
18.55
20.39
21.0
17.43
18.33
18.31
17.5
17.72
16.99
15.36
18.38
20.92
18.53
18.43
19.17
18.29
17.31
18.68
16.94
17.68
17.97
18.21
19.58
18.38
20.68
19.87
21.29
19.24
19.65
17.6
19.87
23.07
18.07
19.65
16.58
17.63
18.51
17.31
16.67
16.43
17.46
19.07
19.38
16.53
17.11
17.82
16.26
18.21
19.17
21.24
16.94
19.29
17.16
18.36
18.04
18.58
17.77
16.77
15.92
17.04
19.7
18.95
18.02
16.77
15.31
14.65
16.67
17.26
20.29
16.7
14.09
14.01
16.19
19.73
21.17
16.87
14.89
14.33
14.36
15.72
15.87
18.9
17.72
17.16
16.8
16.41
17.43
15.72
16.75
15.62
18.95
16.53
18.24
20.43
15.7
15.7
14.87
16.04
15.38
16.33
17.48
17.97
15.84
16.06
16.48
18.36
18.8
14.26
17.63
16.24
16.55
15.33
15.01
17.02
18.21
16.89
17.53
17.31
15.87
16.24
16.26
17.97
17.29
16.43
16.33
17.19
17.8
18.14
19.68
18.29
16.92
17.9
19.75
13.45
16.11
17.53
18.55
20.51
15.21
16.36
16.09
16.21
17.82
17.99
20.75
19.12
18.68
17.14
17.97
17.53
17.55
17.31
16.63
17.24
17.26
17.77
18.65
19.48
20.97
19.41
18.68
16.92
17.94
21.07
18.58
18.26
18.48
15.84
16.31
17.43
17.36
18.7
20.68
20.26
18.36
16.87
14.89
16.75
16.33
16.14
16.63
20.7
18.33
19.14
18.04
21.48
16.38
15.09
16.89
17.48
17.75
17.24
16.48
18.02
16.53
16.67
20.65
21.63
21.85
20.17
20.87
18.33
17.16
15.11
15.7
16.43
16.48
16.46
17.75
17.82
19.04
20.34
22.92
16.94
16.5
15.23
15.8
15.99
19.53
18.07
19.34
18.6
18.41
18.02
17.68
17.85
18.87
18.9
18.77
15.09
13.94
17.02
16.36
17.19
18.14
19.04
19.09
19.7
20.87
19.41
17.55
14.48
15.23
16.14
18.92
20.0
17.53
17.6
18.65
18.46
16.41
18.58
17.48
16.26
17.07
17.72
19.07
17.02
17.55
22.12
16.75
16.43
17.46
17.09
18.51
18.12
16.09
18.7
17.55
19.92
17.07
18.82
17.55
15.31
16.43
17.97
17.68
16.75
17.63
16.16
16.46
16.87
17.6
19.53
17.11
17.55
16.09
16.5
18.21
15.94
15.55
16.19
16.63
18.02
16.04
17.21
16.7
18.09
15.84
15.16
16.77
18.77
18.29
17.55
16.55
14.7
15.48
18.8
20.41
22.73
20.07
19.85
16.5
18.82
17.82
17.04
17.29
17.68
19.6
17.85
17.41
19.6
18.73
18.85
18.65
18.53
18.12
18.29
19.12
21.12
19.65
20.17
17.43
17.72
18.6
18.99
18.02
17.6
20.12
21.39
19.07
16.38
17.58
18.82
18.24
19.09
19.26
20.7
20.17
19.09
14.97
14.89
16.87
18.95
22.19
19.38
18.68
15.7
17.68
18.26
16.31
17.29
18.38
19.53
18.63
21.0
21.92
16.41
13.18
15.7
17.77
18.46
19.97
20.0
20.0
21.8
17.99
20.56
20.43
19.56
18.73
17.94
15.94
17.11
18.14
19.97
18.6
21.56
20.24
20.41
17.5
19.29
19.07
18.07
19.36
21.8
21.22
17.09
17.8
18.02
18.68
18.07
18.41
19.68
22.58
18.97
18.14
18.95
18.6
15.72
16.65
17.46
17.94
18.02
20.31
18.63
16.99
17.11
21.24
18.33
17.92
19.26
19.02
18.8
20.29
21.48
19.85
18.75
18.77
16.63
15.55
19.56
18.09
17.11
16.58
16.38
16.33
17.5
20.26
21.24
21.88
19.53
17.31
18.97
19.58
20.85
17.16
16.38
15.23
18.51
21.41
19.51
20.09
19.43
19.24
19.58
15.36
15.65
19.17
18.04
17.46
19.58
17.38
19.46
19.38
20.17
21.39
22.12
21.09
16.55
17.41
18.38
17.33
18.02
17.85
18.43
19.07
21.39
20.85
21.24
21.53
19.82
18.16
17.97
21.56
20.12
19.43
19.97
20.56
18.55
20.48
22.53
21.29
20.95
19.85
19.29
19.38
18.97
18.68
18.73
19.09
18.09
23.02
21.02
19.78
23.93
19.51
19.65
20.68
21.19
19.78
18.87
19.46
18.29
17.14
19.04
21.14
22.09
23.05
23.05
16.97
17.43
18.82
21.14
20.53
19.95
20.07
18.73
20.21
19.63
20.39
19.78
18.8
18.6
17.43
18.63
22.75
19.78
20.19
20.8
20.97
19.29
18.19
21.07
19.31
20.21
20.0
21.51
17.68
18.09
20.17
20.43
20.46
21.48
20.75
17.21
16.75
16.28
16.75
18.16
20.75
17.99
16.97
17.97
17.26
21.66
20.92
20.58
21.58
18.38
16.33
18.26
19.38
18.65
17.46
19.07
20.9
21.12
18.46
17.63
15.11
18.97
