12.27
20.17
18.16
20.12
21.63
23.54
22.58
18.75
22.49
18.68
20.41
16.14
11.79
10.95
10.11
10.64
10.56
12.65
17.7
12.99
10.72
12.62
11.67
13.45
11.66
18.31
16.04
15.11
15.55
19.12
21.09
25.1
24.1
24.73
22.83
20.95
19.09
17.21
14.28
9.277
10.56
13.31
14.01
11.85
14.92
15.75
13.82
15.21
13.75
15.75
15.45
16.11
14.79
16.94
20.29
21.68
20.53
19.92
18.85
20.26
21.07
19.85
15.33
16.04
16.87
17.7
15.65
16.67
11.34
11.12
15.23
15.99
17.09
18.12
16.46
17.31
20.39
21.78
21.58
23.63
19.26
19.56
18.09
12.34
9.985
11.34
9.68
15.06
15.8
17.53
15.67
13.84
15.06
13.65
13.28
14.84
13.01
16.53
16.09
16.75
16.5
22.02
21.14
23.19
18.65
16.58
16.09
16.53
15.41
18.97
14.31
11.49
11.17
11.35
12.0
10.55
13.31
13.79
13.84
12.79
13.94
21.46
16.41
20.8
26.27
28.03
25.15
17.87
13.4
11.18
11.94
8.936
8.691
14.09
9.119
11.06
10.62
8.594
10.9
10.95
9.351
9.265
11.61
10.82
12.92
19.85
22.22
22.71
24.22
26.32
24.63
20.97
22.56
20.56
20.46
19.92
19.46
23.44
21.19
18.19
17.7
18.36
15.09
16.36
8.228
9.106
10.82
10.61
8.032
8.667
7.288
6.958
7.91
7.483
8.862
7.434
8.35
9.167
10.55
9.9
11.28
13.53
11.94
13.48
16.77
16.94
14.72
17.75
16.02
20.14
16.26
13.94
13.18
14.92
18.07
22.19
19.73
24.51
20.87
20.0
18.6
18.95
20.24
18.43
14.92
18.48
16.97
15.99
13.11
15.16
11.93
10.39
10.16
12.67
12.67
12.52
14.04
20.0
19.17
16.26
17.99
15.62
12.04
11.99
12.99
12.19
11.4
14.7
9.851
11.49
7.922
7.568
8.63
6.714
7.605
7.141
9.619
9.314
11.12
12.67
13.01
14.67
12.74
13.65
16.94
17.99
17.09
14.4
17.99
18.14
16.87
15.53
16.04
15.5
15.87
14.43
12.89
15.65
14.55
11.16
11.15
11.73
14.94
16.67
16.38
18.51
18.58
17.72
17.82
20.46
19.65
22.24
22.02
20.68
15.7
14.89
15.82
15.04
18.09
15.09
14.67
14.67
18.36
16.31
15.33
13.79
15.84
17.68
15.43
16.55
16.94
15.11
16.89
19.7
20.83
20.78
20.19
20.7
20.56
19.46
19.6
18.38
14.21
14.4
16.48
16.43
18.38
15.72
14.75
14.21
14.99
13.57
13.31
22.24
14.53
14.58
14.75
13.62
15.94
21.26
23.14
20.12
14.84
15.94
12.01
16.19
20.9
15.23
17.87
22.22
23.41
21.34
21.07
21.09
20.04
15.84
17.26
16.19
17.58
17.31
18.29
19.43
19.29
20.75
17.97
17.09
17.8
16.38
15.11
14.67
15.48
15.43
12.72
14.99
17.16
15.14
17.85
14.23
13.21
13.87
13.45
15.58
14.01
14.04
16.16
15.11
15.26
16.16
18.02
19.51
16.85
17.77
19.04
16.72
14.65
15.41
17.19
18.26
11.34
15.16
14.11
14.01
12.35
15.09
8.85
18.14
19.73
21.36
13.53
15.87
17.53
21.7
20.07
22.58
24.78
24.02
17.19
19.8
17.77
17.87
15.43
20.07
22.27
16.26
8.228
8.911
7.983
8.899
7.361
10.86
11.34
15.48
16.85
17.19
16.67
14.89
16.11
17.16
16.6
15.55
13.35
14.55
13.18
11.87
11.58
13.5
13.26
11.96
11.21
12.1
9.961
10.73
8.252
8.35
13.4
11.73
14.92
18.43
20.95
21.12
18.75
18.19
16.55
14.55
16.24
18.8
16.02
16.28
16.67
17.16
15.62
14.18
13.89
12.24
6.726
7.593
9.473
12.52
13.75
18.48
21.46
20.0
21.0
15.36
14.67
14.99
18.04
16.72
15.45
17.8
18.19
16.89
17.07
18.31
15.04
13.94
13.77
15.28
19.53
13.75
16.58
14.48
14.48
13.26
17.87
15.82
15.28
19.6
15.75
12.17
14.92
16.19
16.89
17.75
13.21
18.38
17.82
15.28
13.94
15.92
14.89
14.33
19.04
9.021
7.874
7.19
9.46
9.766
14.5
13.4
13.77
14.72
15.38
15.36
12.67
12.37
12.7
11.8
12.39
12.46
12.33
11.71
14.99
12.96
10.69
9.998
8.899
9.387
10.01
13.53
15.19
17.24
18.33
20.34
20.43
20.0
16.82
16.48
17.33
16.89
19.14
21.85
20.87
19.85
17.36
18.24
17.24
18.73
20.53
19.48
17.33
17.14
15.87
17.55
19.38
15.6
19.95
19.85
18.19
16.87
17.92
17.82
17.8
16.63
17.99
19.34
18.04
18.73
19.56
19.34
18.53
19.73
15.99
14.55
16.19
14.87
12.62
17.9
19.82
21.95
22.9
19.07
20.48
19.92
20.75
17.7
15.53
15.23
12.38
14.23
15.36
15.01
16.58
14.45
13.31
14.21
13.89
16.11
12.72
8.289
10.06
9.57
10.52
11.58
13.21
13.48
14.75
17.43
22.27
19.97
21.66
21.88
15.28
20.7
21.61
21.29
20.73
13.72
13.31
14.01
12.94
13.21
16.16
15.94
18.7
19.31
17.29
17.38
21.31
20.43
20.53
19.09
18.77
20.04
14.45
17.41
17.53
17.75
16.31
13.5
13.57
14.53
16.04
15.09
16.8
14.55
17.14
18.36
18.48
18.77
15.53
15.94
14.09
16.19
16.58
13.96
13.31
14.06
12.29
10.9
10.88
17.02
15.41
10.52
8.093
14.94
14.26
12.24
11.6
16.92
15.84
10.06
13.38
16.77
15.72
15.16
12.7
16.19
23.17
22.9
21.56
22.9
22.97
20.48
18.68
22.78
22.92
22.34
21.68
21.85
21.24
23.66
20.09
15.65
15.8
14.84
11.44
14.97
18.48
18.29
19.31
20.43
22.22
22.56
20.56
21.92
21.9
18.55
17.63
14.67
14.33
12.43
12.72
13.84
14.28
10.53
13.35
14.09
14.21
12.12
11.12
14.55
14.67
16.24
17.14
21.39
23.88
21.07
21.34
20.29
19.56
18.77
18.73
19.26
17.33
16.48
17.63
16.92
14.14
15.97
13.26
12.62
14.06
5.933
7.605
13.57
14.84
17.14
17.29
19.04
21.39
18.51
16.94
15.26
12.67
16.53
20.61
21.58
20.65
22.14
22.39
22.36
21.29
24.1
22.27
18.12
19.26
17.21
15.55
15.58
15.75
13.6
14.62
20.61
20.39
21.61
18.73
18.9
22.41
16.28
17.33
22.53
18.31
17.75
18.36
15.75
21.07
14.55
15.04
12.32
13.31
12.62
16.14
19.63
21.92
20.85
20.8
15.6
14.23
23.46
17.14
13.06
10.46
10.42
8.484
11.34
12.49
8.606
8.716
7.922
11.63
9.998
9.607
9.18
11.72
11.24
13.33
16.28
15.87
17.92
17.75
20.0
21.8
21.07
22.17
18.7
16.7
18.58
18.09
21.02
20.9
20.95
14.7
11.5
12.84
20.34
