14.99
18.09
17.19
14.84
18.63
17.87
20.9
26.61
22.97
16.28
14.53
15.75
10.84
11.29
10.5
11.57
11.17
11.46
14.75
13.7
11.18
13.96
14.04
12.87
12.92
18.31
17.09
17.09
18.75
17.46
22.27
26.22
26.81
25.0
24.93
23.95
17.7
19.73
11.46
11.57
10.58
13.31
16.28
11.78
13.26
16.99
14.67
13.94
14.16
15.77
14.72
17.29
15.06
14.67
19.97
23.27
20.8
21.09
18.55
18.75
17.65
21.7
17.97
16.33
20.73
19.46
16.55
17.5
10.57
10.93
13.89
15.97
19.34
21.95
16.94
20.9
19.82
18.58
19.31
22.97
15.6
15.55
16.72
12.4
8.496
10.17
7.556
10.63
14.16
14.21
11.67
15.01
17.97
9.888
11.06
14.82
12.7
19.92
27.15
17.46
14.06
23.46
21.63
18.16
19.34
13.38
15.8
14.16
14.53
17.6
11.8
19.12
15.92
11.76
15.5
20.36
26.12
24.19
25.78
13.6
9.839
14.4
18.63
14.89
16.26
19.09
17.04
11.61
12.46
9.277
10.29
9.802
9.351
13.79
9.033
11.32
10.08
10.1
9.741
10.79
9.338
8.508
9.509
12.33
11.96
17.82
27.34
20.31
20.0
21.9
21.46
19.8
23.1
20.34
19.92
20.21
20.87
23.9
20.41
20.92
19.31
19.34
15.19
16.33
11.5
10.23
10.67
9.924
9.583
13.5
18.55
11.76
11.63
10.85
12.89
12.67
12.04
13.65
11.06
12.55
14.45
14.89
13.89
17.6
20.41
17.94
18.73
19.56
18.85
21.07
19.29
15.92
12.38
14.23
15.38
18.7
19.38
21.73
25.93
20.41
17.41
22.56
19.38
21.68
22.24
19.29
15.04
14.4
18.09
19.43
21.19
11.87
11.41
13.06
15.48
16.28
14.89
24.44
23.22
17.77
19.04
15.8
11.17
11.19
11.39
11.34
12.08
11.19
10.52
12.79
8.643
8.398
10.55
8.142
8.838
8.411
8.899
9.851
11.76
12.94
13.75
16.82
16.65
15.65
19.73
21.26
20.12
17.94
20.17
22.0
18.63
19.58
17.53
19.29
18.53
16.36
15.53
15.75
16.02
12.11
12.39
11.79
15.72
20.7
19.58
21.66
21.22
22.27
19.68
18.77
21.48
20.53
18.85
18.9
16.16
15.87
16.21
16.6
18.85
17.36
17.55
17.41
21.7
20.51
16.77
13.5
19.07
19.63
17.16
20.68
22.19
22.41
17.97
18.75
15.6
19.12
21.58
23.66
20.24
17.87
17.85
19.65
15.26
18.19
17.75
16.77
15.6
15.26
19.95
20.24
13.35
15.26
15.14
17.92
16.63
22.83
14.31
14.48
16.02
19.7
22.85
21.19
18.99
17.72
11.34
18.58
18.14
14.45
16.94
23.66
23.88
21.56
19.09
18.36
21.19
18.12
20.36
21.07
18.68
17.99
16.85
18.46
22.02
21.63
17.8
19.24
19.51
18.87
16.94
19.07
18.04
13.96
16.77
14.62
14.48
15.01
15.21
16.16
13.96
14.21
13.75
17.75
15.99
14.89
16.5
18.16
17.5
18.65
18.09
18.16
16.87
17.26
18.68
16.14
18.02
16.7
18.21
19.51
16.46
18.07
16.16
16.38
15.67
21.34
13.99
18.97
24.44
30.03
15.84
17.99
20.0
18.73
18.92
18.8
21.53
18.16
14.33
14.87
14.01
12.45
11.62
11.56
11.52
9.058
9.399
9.717
10.63
10.91
8.752
16.41
19.6
19.73
16.02
17.75
17.09
15.65
13.53
12.62
13.21
13.09
11.9
12.35
15.87
15.04
14.38
15.72
15.65
13.79
14.06
13.67
11.22
10.45
8.533
8.838
21.95
13.7
13.65
16.5
17.07
20.41
17.02
16.19
17.6
15.97
18.38
19.48
16.7
16.97
15.38
15.62
15.28
15.8
12.67
11.52
5.988
8.606
9.9
11.8
15.31
17.48
18.38
18.07
20.24
17.6
16.26
14.16
17.68
22.83
16.77
18.85
16.63
16.11
14.99
13.77
17.58
18.14
18.33
15.06
14.89
13.55
15.72
14.94
17.87
15.43
16.5
16.14
18.33
16.77
14.7
10.82
14.16
13.79
17.09
21.0
20.58
22.05
23.07
17.48
13.6
15.16
14.89
12.84
21.9
10.93
8.826
9.18
18.26
15.21
15.36
13.31
12.52
17.97
22.9
13.92
10.16
11.23
12.52
11.77
13.06
11.69
10.91
10.97
12.07
13.23
11.15
10.99
10.17
10.96
10.8
15.48
24.73
19.21
16.33
16.55
14.53
16.99
15.23
16.67
18.24
16.99
16.7
17.77
16.72
16.97
19.7
18.02
18.82
18.36
18.75
18.21
18.38
18.46
16.89
16.21
18.31
16.65
18.97
20.24
19.24
17.87
16.8
17.04
14.94
16.72
17.04
17.5
18.33
19.82
19.53
16.8
15.5
18.02
17.36
15.87
14.7
13.6
11.74
14.75
24.24
22.49
18.7
16.72
20.92
21.0
22.36
19.38
19.75
15.72
15.97
17.77
16.41
15.7
15.36
13.5
14.48
12.77
17.77
19.7
14.09
9.375
9.766
12.43
15.87
13.04
10.66
11.98
16.26
24.12
23.34
19.82
18.14
20.87
18.63
16.92
15.48
16.31
16.5
13.79
11.06
15.45
17.38
17.21
16.21
17.41
16.14
17.16
14.23
15.89
20.41
18.75
19.48
19.8
18.36
19.14
13.96
14.55
17.14
16.67
15.65
15.06
15.38
15.04
16.58
15.84
14.89
13.65
15.21
18.48
16.31
18.6
15.38
16.02
16.19
13.62
14.77
13.53
14.92
14.23
10.19
11.6
10.47
16.92
16.58
8.997
9.851
16.33
15.26
13.35
13.31
14.04
13.11
15.82
13.75
17.48
12.94
15.11
13.77
21.78
26.46
24.63
23.56
20.58
20.61
23.07
16.63
20.21
17.94
20.31
17.31
17.72
17.94
22.27
19.7
15.65
15.6
14.48
12.82
16.28
14.99
19.24
19.85
18.7
22.8
22.27
18.65
20.19
18.6
15.11
13.09
14.65
13.09
12.35
13.75
12.84
13.26
12.13
13.89
14.16
13.48
11.44
10.33
13.87
14.67
16.43
16.38
20.12
23.73
21.07
20.02
18.14
20.48
20.48
17.16
18.92
14.84
15.21
15.33
14.75
13.79
16.06
15.53
13.26
12.45
5.951
6.873
12.62
15.04
17.53
18.31
18.02
19.38
17.8
17.04
16.85
13.13
17.11
19.43
20.24
19.24
21.41
22.09
19.97
19.46
19.85
18.26
17.9
14.04
13.79
18.77
15.55
14.62
13.75
14.31
17.58
21.44
23.12
20.75
19.75
17.68
15.82
13.5
16.6
18.36
14.77
15.89
19.02
20.26
13.96
13.06
11.62
11.32
11.72
14.75
21.0
22.88
20.73
22.44
16.89
15.77
24.39
18.16
14.38
10.42
7.788
7.3
9.363
10.34
8.325
7.812
7.886
10.51
8.154
9.546
9.546
13.23
12.02
13.5
17.16
19.07
23.93
17.43
20.53
21.51
20.9
19.87
18.55
17.29
18.07
17.75
21.34
20.29
24.0
14.04
13.75
12.89
20.0
