27.34
27.34
27.54
27.49
27.49
27.54
27.78
27.54
27.54
27.54
27.59
27.64
27.54
27.83
27.49
27.44
27.39
27.59
27.98
27.49
27.15
27.25
27.15
27.25
27.29
27.39
27.34
27.49
27.73
27.88
28.17
27.39
27.25
27.59
27.39
27.25
27.49
27.54
27.69
27.34
27.88
27.54
27.49
27.49
27.73
27.49
26.9
26.9
26.42
25.88
25.1
25.05
24.44
23.63
23.41
22.24
21.73
21.63
22.68
22.34
22.95
22.83
22.29
21.12
21.07
20.58
20.63
20.24
19.46
18.29
18.6
18.58
18.92
18.73
16.6
16.33
14.36
14.77
15.82
16.97
16.67
16.82
16.75
16.89
15.33
14.77
13.53
12.52
12.24
12.99
12.7
13.06
13.48
12.55
12.02
10.18
9.705
9.46
9.143
8.643
8.972
9.229
9.058
9.29
9.241
9.595
9.155
8.997
8.716
8.679
9.009
10.17
10.23
9.509
8.435
7.739
8.801
8.777
8.215
8.154
7.385
8.862
9.607
9.888
10.51
10.39
9.204
9.521
9.668
8.606
7.117
10.03
10.18
9.668
9.436
9.326
7.812
9.375
9.9
9.485
8.704
8.63
8.923
9.29
9.558
9.656
9.827
9.277
9.961
10.47
10.41
10.94
11.96
9.534
12.02
12.06
12.08
12.22
11.78
11.51
11.91
12.4
13.48
13.53
14.38
14.5
14.87
14.84
14.84
15.55
15.7
15.82
16.09
15.75
15.89
16.09
16.36
16.55
17.55
19.29
21.19
22.05
22.58
23.17
23.34
21.9
23.22
23.22
24.8
26.17
26.71
26.71
27.44
27.64
27.69
27.39
27.44
27.25
27.39
27.2
27.25
27.15
27.15
27.15
27.0
26.81
27.0
26.86
27.1
27.15
27.15
27.15
27.39
27.39
27.49
27.44
27.49
27.73
27.78
27.88
27.73
27.64
27.93
27.78
27.83
27.78
27.59
27.78
27.88
27.44
27.44
27.54
27.44
27.39
27.69
27.64
27.73
27.83
27.73
27.69
27.39
27.34
28.03
27.78
27.93
27.88
27.15
27.2
27.34
27.1
27.49
27.49
27.64
27.88
27.64
27.64
27.49
27.34
27.49
27.64
27.49
27.44
27.59
27.59
27.64
27.59
27.54
27.64
28.17
27.54
27.78
27.59
27.59
27.78
27.54
27.78
28.86
28.52
28.56
28.76
28.32
27.73
28.03
29.1
28.12
28.17
27.78
27.83
27.78
27.39
28.03
28.08
27.69
29.05
28.22
28.17
28.42
28.12
28.08
27.93
27.59
27.93
28.08
27.88
27.39
27.78
27.64
27.73
27.59
27.59
27.73
27.73
27.83
27.59
28.12
27.64
27.88
27.83
27.64
27.49
27.83
28.42
28.03
27.88
27.88
27.25
27.69
27.73
27.98
27.78
27.98
28.08
27.49
26.37
27.25
26.81
26.61
26.86
25.63
25.88
25.59
25.54
24.88
24.32
23.68
23.68
23.32
22.34
21.95
21.95
20.87
20.19
19.31
18.58
17.53
16.67
15.5
14.5
13.6
13.55
13.21
12.94
12.13
11.89
11.71
11.52
11.25
11.01
10.86
10.67
10.88
10.82
11.43
12.04
11.71
11.56
11.34
10.35
10.17
10.05
9.9
9.155
8.459
8.24
9.631
10.11
10.08
10.29
10.53
10.58
9.692
8.215
6.14
8.313
8.337
7.971
7.898
7.861
7.935
7.861
8.862
9.766
10.07
9.753
9.644
10.12
10.41
10.47
10.03
8.875
8.923
10.31
10.71
10.89
10.39
8.63
8.801
10.41
10.67
10.97
10.95
10.85
9.424
11.29
10.74
10.6
11.83
10.01
11.68
12.33
12.35
9.973
12.74
13.4
14.26
13.5
15.21
15.75
16.11
16.99
16.92
17.16
18.58
18.82
17.53
16.77
18.9
21.7
22.09
24.78
25.1
26.27
27.2
27.44
27.2
27.29
27.25
27.2
27.44
27.54
27.83
27.93
27.39
27.59
27.29
27.1
27.54
28.12
27.39
27.0
27.05
27.25
27.49
27.05
27.44
27.44
27.69
27.98
27.83
27.69
27.93
27.59
27.73
27.64
27.49
27.39
27.39
27.34
27.25
27.29
27.54
27.83
27.93
27.64
27.73
27.78
28.17
28.27
28.42
28.27
27.88
27.64
27.29
27.88
27.93
28.22
28.03
27.78
28.03
27.54
27.93
27.49
27.73
27.69
28.08
27.64
27.69
27.69
27.69
27.69
28.17
27.98
27.88
27.49
27.88
27.78
27.44
28.22
28.12
28.12
28.03
28.08
28.12
28.17
28.08
28.32
27.88
27.73
27.98
28.42
28.52
27.83
27.88
27.64
28.03
28.12
27.93
27.78
27.78
27.44
28.08
27.93
27.93
27.88
27.88
27.93
27.69
28.03
27.93
28.22
27.88
28.17
27.98
27.98
27.98
28.17
27.78
27.78
27.88
27.59
27.93
27.59
27.59
27.78
27.64
28.22
28.37
28.61
28.37
28.08
28.08
27.88
27.98
27.98
27.93
28.03
27.78
28.03
28.12
27.88
27.64
27.78
27.73
27.73
27.59
27.54
28.08
27.39
27.78
27.34
27.25
27.1
27.2
26.9
26.61
26.56
26.61
25.98
25.63
25.24
25.2
24.66
23.83
23.22
22.61
22.12
21.44
20.61
20.41
20.09
18.51
16.53
16.14
15.75
15.36
16.72
14.58
15.87
15.53
14.79
14.14
12.87
12.52
12.84
12.52
11.4
11.15
11.93
11.79
9.656
10.19
10.84
11.19
10.85
10.39
9.839
9.961
10.22
9.583
9.875
9.692
9.473
9.277
8.508
7.971
6.812
7.056
9.644
9.131
9.595
8.875
8.105
8.948
9.192
8.74
8.777
7.788
7.544
7.751
7.703
8.386
7.751
7.458
7.898
8.154
8.447
8.655
8.899
8.887
9.473
9.546
9.021
9.436
9.521
9.167
9.265
9.412
8.582
8.655
8.594
8.557
9.204
10.78
10.57
10.01
10.64
11.11
12.13
13.09
14.04
13.87
13.87
13.62
13.7
13.45
14.38
14.45
14.55
11.56
15.94
15.8
15.89
16.26
16.11
16.92
17.26
17.55
17.94
18.53
19.29
21.63
22.41
22.0
22.75
24.71
26.37
26.71
27.44
27.39
27.39
27.34
27.54
27.83
27.54
27.44
27.59
27.73
27.88
27.69
27.29
27.49
27.59
27.73
28.52
28.22
28.52
27.88
27.98
27.78
27.59
28.47
27.83
27.54
27.73
27.69
27.64
27.93
28.03
27.93
28.03
27.78
27.78
27.69
27.44
27.83
27.88
28.27
28.12
28.22
28.03
27.78
28.56
28.76
28.86
28.08
27.73
27.73
27.49
27.64
27.88
27.83
28.08
27.88
27.93
27.44
27.59
27.98
27.93
28.12
28.22
28.12
28.66
28.17
28.08
27.88
28.12
28.27
