11.78
14.5
13.43
16.19
16.72
10.74
12.77
12.46
11.25
18.07
22.49
19.12
22.41
24.41
17.29
16.02
3.436
23.12
21.7
24.17
25.98
31.84
15.5
20.36
25.15
24.34
25.24
28.81
26.61
27.1
21.29
24.12
17.58
24.24
11.15
28.52
29.59
24.29
28.32
22.61
18.24
6.0
0.1225
0.0247
0.02604
0.0247
0.02604
0.02346
0.02604
0.02604
0.0247
0.0247
0.0247
0.02346
0.02737
0.02346
0.0247
0.02346
0.02604
0.02346
0.02737
0.0247
0.02604
0.02346
0.02737
0.02346
0.02604
0.0247
0.02604
0.0247
0.0247
0.0247
0.02604
0.02346
0.02604
0.02346
0.0247
0.02737
0.02737
0.0247
0.02737
0.02604
0.02737
0.0247
0.02861
0.02737
0.02995
0.02604
0.02604
0.0247
0.02861
0.0247
0.02737
0.0247
0.02737
0.0247
0.02604
0.02346
0.02737
0.0247
0.02604
0.0247
0.02604
0.0247
0.02737
0.0247
0.02861
0.02604
0.02604
0.0247
0.02737
0.0247
0.0247
0.0247
0.02737
0.0247
0.02604
0.0247
0.02604
0.0247
0.02604
0.0247
0.02737
0.0247
0.02604
0.02346
0.02737
0.02604
0.02861
0.02604
0.02737
0.02604
0.02604
0.02604
0.02604
0.02604
0.02737
0.02604
0.02861
0.02604
0.02604
0.0247
0.02604
0.0247
0.02604
0.0247
0.02604
0.02346
0.02737
0.02346
0.02737
0.02346
0.02737
0.0247
0.02737
0.0247
0.02604
0.0247
0.02604
0.02604
0.02737
0.02604
0.02604
0.0247
0.02861
0.0247
0.02737
0.0247
0.02861
0.0247
0.02737
0.02604
0.02604
0.02604
0.02737
0.06514
10.56
19.6
12.57
5.548
5.878
8.386
8.765
8.984
7.092
25.34
22.66
12.45
23.68
21.46
11.45
20.61
25.29
16.6
8.313
24.68
23.02
29.69
22.85
10.07
29.1
25.83
24.05
21.07
9.521
21.12
25.93
31.2
22.02
7.898
22.39
15.58
8.313
11.19
8.887
11.32
10.88
9.558
14.7
10.97
11.67
10.36
11.51
8.398
8.801
8.484
21.26
16.8
20.07
23.14
18.09
7.361
11.17
28.12
16.82
29.64
22.27
12.79
9.973
23.54
20.8
23.1
23.63
10.44
18.14
12.62
9.692
13.35
15.65
6.702
14.7
26.56
23.39
9.802
14.53
19.9
19.36
14.45
11.96
20.29
26.61
20.95
5.194
7.239
26.81
24.12
31.74
17.58
10.61
23.51
15.45
29.25
20.63
25.05
12.77
17.82
20.85
4.51
3.979
5.42
24.27
14.43
19.14
25.88
18.82
29.25
29.35
28.86
15.16
12.18
29.83
21.97
24.24
20.07
15.94
12.77
10.61
27.34
25.05
26.46
15.45
14.18
19.92
14.77
21.41
20.7
26.07
28.47
25.15
23.58
25.59
16.97
9.448
23.44
20.09
21.19
18.31
25.83
20.46
15.67
28.27
27.0
10.71
16.72
31.25
26.17
25.05
11.02
18.46
27.64
28.22
27.44
16.77
24.61
22.44
30.91
20.97
14.45
22.34
25.49
22.29
14.7
27.2
20.61
12.22
16.11
20.63
20.7
18.21
15.55
19.12
30.37
27.98
29.59
25.98
7.178
22.85
26.42
28.08
19.7
20.04
22.58
14.48
23.17
22.22
10.08
19.56
13.28
14.31
13.92
11.36
14.28
13.43
9.631
16.67
14.5
15.67
28.91
20.46
26.22
23.61
10.68
9.802
29.83
32.47
31.59
16.31
18.14
27.05
18.55
25.1
23.51
16.11
21.09
28.32
33.84
21.63
11.82
18.65
24.9
26.12
23.56
17.16
25.93
22.61
16.87
20.97
19.21
13.92
32.23
27.29
29.05
23.83
11.06
19.85
19.19
18.07
32.57
24.58
26.71
20.58
10.16
28.86
27.78
25.88
25.2
18.51
14.77
20.83
19.78
17.77
27.98
31.2
25.83
7.507
20.85
16.26
17.8
19.68
27.54
31.54
24.71
26.12
23.88
8.203
24.93
29.69
26.71
25.24
19.09
12.24
21.31
19.8
27.1
30.22
29.3
16.48
9.692
21.22
16.82
19.58
27.34
28.27
26.37
23.8
22.27
16.36
11.13
24.46
28.08
27.2
24.88
20.8
12.15
32.23
22.78
27.34
24.73
13.55
7.349
21.51
19.92
18.99
21.53
13.16
8.74
0.0
22.83
12.18
9.106
7.275
13.89
16.58
24.41
24.63
28.61
17.68
10.46
19.21
29.93
24.51
22.44
12.94
25.34
21.53
18.6
20.07
12.37
7.507
26.76
24.15
11.06
22.75
19.38
20.97
8.264
8.508
18.14
28.96
25.68
27.29
20.43
12.43
24.02
24.85
23.75
10.18
19.9
20.41
20.36
19.9
19.56
10.28
25.98
30.03
26.95
25.93
17.36
8.728
28.03
15.65
16.33
19.65
11.36
15.65
21.31
10.97
20.53
14.89
22.83
25.59
23.19
20.68
20.43
13.28
12.23
22.85
12.05
26.27
26.9
22.88
22.63
20.12
9.058
24.56
24.88
25.44
21.0
23.32
22.17
14.38
14.45
22.78
24.49
23.93
21.97
20.48
7.812
22.34
26.32
22.83
24.1
19.31
13.01
7.849
16.41
18.6
18.63
22.53
13.67
20.61
15.97
26.22
21.44
24.32
11.1
22.71
23.19
27.69
25.39
18.04
12.52
18.33
15.26
27.05
26.51
21.53
17.19
11.66
6.738
9.375
11.08
6.311
9.961
9.509
6.555
11.32
17.92
22.17
21.46
25.29
25.88
28.66
16.43
18.58
28.56
24.93
27.39
22.07
12.45
12.74
13.96
13.31
12.6
15.23
12.87
14.38
14.36
12.79
16.8
11.49
14.4
25.54
22.78
24.24
23.46
10.56
16.38
31.93
30.71
31.98
11.15
22.09
24.61
25.83
18.21
20.51
30.71
28.03
25.2
18.51
8.948
20.39
15.23
13.28
26.71
24.58
14.87
22.22
23.27
12.27
23.88
19.8
25.29
19.43
20.65
22.83
26.17
22.66
26.07
22.83
11.3
14.79
26.81
16.65
23.1
18.04
23.83
20.29
25.24
23.63
22.75
22.07
22.97
23.19
21.73
11.08
11.8
21.46
17.29
18.19
20.83
18.21
15.23
22.8
20.95
12.39
0.0
25.1
23.75
22.71
8.447
22.02
16.09
0.6493
19.56
22.56
23.83
16.67
12.5
20.56
19.85
24.73
12.32
14.89
22.85
23.85
15.65
22.09
24.24
23.71
24.76
2.908
13.45
13.77
14.62
12.23
15.87
12.04
11.96
13.45
17.14
25.34
20.68
23.27
7.3
11.63
22.36
6.25
0.02604
7.971
16.99
19.87
18.29
26.37
19.31
10.49
27.93
16.63
11.46
22.34
23.02
21.95
18.87
21.68
20.92
23.39
11.41
20.68
26.17
20.43
24.27
21.61
17.26
8.13
17.11
23.61
15.26
24.58
21.95
19.65
21.14
25.2
29.88
30.47
18.51
9.521
21.53
21.24
22.17
16.28
25.88
23.36
30.08
20.9
23.61
21.44
11.11
22.29
32.42
28.86
25.44
19.43
7.532
19.6
22.22
24.37
18.26
24.05
19.48
23.63
20.87
11.85
11.55
12.13
14.58
13.77
10.57
13.96
15.48
12.99
9.521
13.89
10.35
12.74
16.87
22.95
22.05
23.46
20.51
16.26
8.484
4.578
27.98
26.37
19.68
