20.53
13.45
8.508
8.984
8.289
8.545
8.813
8.374
8.582
8.545
9.607
19.6
20.75
13.7
6.348
6.116
6.024
6.024
6.024
6.628
8.655
8.264
8.459
8.643
18.33
20.48
11.98
8.484
8.594
9.741
20.04
20.34
9.9
8.752
15.19
17.09
17.77
18.36
16.43
13.89
12.05
8.887
14.45
16.77
17.55
18.02
17.29
14.18
11.35
8.435
8.752
11.38
20.73
19.73
8.826
8.752
8.484
9.985
16.11
17.38
17.97
17.8
14.72
11.84
8.801
14.82
16.92
17.7
18.19
15.62
12.11
9.229
9.668
16.02
17.36
18.02
17.19
14.55
9.949
8.472
12.77
16.72
17.65
18.16
16.48
14.62
12.08
9.619
8.35
8.594
14.38
16.24
16.94
17.53
17.94
16.85
14.4
11.38
9.009
8.606
8.398
8.618
8.63
8.875
8.655
11.58
16.26
17.41
18.04
17.04
14.18
9.949
9.351
15.75
17.09
17.8
17.85
14.11
9.998
8.875
8.911
9.778
13.6
20.8
17.07
9.29
9.558
8.472
9.229
11.85
16.55
17.55
18.07
17.33
14.38
11.44
9.021
15.06
17.14
17.85
18.29
15.6
12.79
8.716
9.265
9.302
9.143
8.496
9.07
11.32
20.61
18.68
8.899
9.119
9.082
17.02
20.65
14.09
12.5
16.6
17.65
18.16
16.28
14.11
10.96
8.63
15.65
20.8
16.48
9.094
9.155
8.911
9.192
9.033
10.34
20.31
20.61
12.65
9.143
9.082
8.96
10.17
19.63
20.34
11.91
6.409
6.25
7.581
8.887
8.887
8.948
8.838
13.7
20.36
20.83
18.51
9.216
9.033
9.058
16.36
20.75
19.78
11.61
9.009
9.18
9.473
18.36
20.83
19.65
8.057
6.372
7.434
9.033
9.045
8.765
8.691
9.07
8.96
8.826
10.8
19.43
20.83
19.36
9.131
8.752
13.57
20.8
19.73
8.96
15.99
20.78
15.11
6.555
6.323
6.219
7.471
8.435
8.936
18.16
20.73
14.65
8.887
9.094
8.752
14.04
20.8
20.8
13.11
9.29
18.31
20.7
14.84
9.79
15.11
20.8
15.06
6.616
6.335
6.219
7.642
8.862
8.606
9.058
19.36
20.19
10.16
8.728
8.569
8.643
9.912
19.82
20.26
10.29
8.594
8.691
9.192
8.838
8.374
11.74
20.68
19.53
7.373
6.445
7.434
8.704
8.74
8.716
9.094
18.68
20.26
12.34
9.021
8.765
8.643
8.594
8.691
8.752
9.131
8.936
8.472
8.594
8.02
14.72
20.75
20.51
13.99
6.604
7.983
8.679
8.521
8.752
8.35
8.923
8.606
8.679
8.533
8.557
8.569
8.606
8.716
8.606
8.459
8.911
8.447
8.557
9.509
19.75
20.56
11.29
6.604
6.372
7.678
8.447
8.63
8.337
8.606
8.569
8.362
12.12
20.31
20.61
12.99
8.459
8.411
8.545
8.398
18.58
20.61
13.28
12.04
20.78
20.48
9.106
6.665
6.409
7.69
8.826
8.936
8.972
9.949
19.41
20.41
11.39
8.362
14.99
20.83
20.51
12.72
20.8
17.6
15.7
20.73
14.82
8.899
9.351
16.53
20.8
20.85
19.56
9.68
16.31
17.68
18.33
18.77
19.19
19.41
19.53
19.53
19.68
19.73
19.82
19.92
20.09
20.12
20.14
20.31
20.46
20.48
20.63
18.38
17.46
20.39
20.83
20.83
20.78
18.77
18.02
16.43
10.24
13.87
17.48
18.29
18.7
19.14
19.24
19.46
19.56
19.73
19.92
20.0
20.12
20.19
20.43
20.53
20.7
19.48
17.09
19.8
20.61
20.46
20.36
18.77
17.43
17.09
9.814
15.11
17.48
18.26
18.73
19.19
19.36
19.53
19.7
19.92
19.92
20.07
20.12
20.19
20.26
20.51
20.65
20.21
16.6
18.07
20.29
20.85
20.48
20.43
20.21
18.82
17.9
17.68
13.45
12.3
17.21
18.19
18.6
19.09
19.38
19.51
19.85
19.87
19.97
20.07
20.12
20.19
20.31
20.31
20.48
20.51
20.68
20.7
19.8
16.75
18.6
20.31
20.29
20.09
20.02
19.24
17.58
17.04
11.89
8.545
11.89
17.07
18.14
18.63
19.02
19.29
19.51
19.56
19.73
19.82
20.0
20.14
20.31
20.31
20.48
20.7
20.75
19.24
16.89
18.09
20.19
20.9
18.41
17.26
17.21
17.21
17.19
17.19
17.19
17.04
16.41
15.67
15.5
12.72
7.178
10.3
15.82
17.07
17.7
18.19
18.46
18.68
19.02
19.26
19.36
19.53
19.65
19.75
19.92
19.95
20.12
20.12
20.24
20.31
20.36
20.61
20.7
20.68
17.33
17.21
18.9
20.43
20.58
20.14
20.07
19.68
18.85
18.36
18.21
18.16
17.38
12.52
19.02
19.68
16.48
9.802
14.92
16.21
16.87
16.89
13.38
13.09
11.06
15.7
19.51
19.56
15.77
9.863
14.97
16.38
16.82
13.31
12.72
10.29
11.67
15.72
16.63
16.82
13.38
12.77
12.02
19.53
18.75
10.74
13.96
17.02
14.6
13.11
14.7
20.26
16.36
10.17
16.53
17.85
18.46
18.82
19.29
19.41
19.58
19.78
19.85
20.0
20.09
20.21
20.29
20.36
20.51
20.68
20.68
17.9
18.04
19.51
20.04
20.68
20.68
20.68
20.68
19.14
16.36
16.06
15.89
15.72
11.82
12.67
16.48
17.36
17.94
18.36
18.6
18.95
19.26
19.36
19.53
19.7
19.75
19.92
19.92
20.04
20.12
20.31
20.31
20.39
20.58
20.7
20.7
17.87
18.31
20.24
20.85
20.87
20.58
20.29
20.29
19.75
17.11
15.67
15.28
15.28
13.96
10.61
15.97
17.29
18.14
18.48
18.75
19.09
19.26
19.41
19.56
19.73
19.78
19.92
20.09
20.12
20.14
20.31
20.39
20.53
20.7
20.65
17.53
20.0
20.83
20.48
20.34
20.19
19.02
17.09
16.46
16.46
14.62
10.19
9.802
11.39
12.11
14.65
20.26
19.14
12.35
12.21
17.99
19.8
12.13
18.85
20.34
12.37
9.79
9.607
10.95
20.04
20.02
11.52
9.546
10.12
9.509
9.326
9.717
9.631
9.412
9.485
9.229
9.265
13.67
17.02
17.77
18.29
18.55
19.04
19.21
19.41
19.53
19.58
19.73
19.78
19.92
19.95
20.12
20.12
20.19
20.31
20.53
20.7
19.48
16.72
18.6
20.43
20.83
20.87
20.87
20.78
20.56
17.87
17.24
17.07
14.99
13.16
20.78
20.39
13.18
9.705
12.04
19.95
20.83
20.63
14.38
9.204
9.253
9.277
9.033
10.47
11.29
18.21
20.41
20.51
16.63
9.412
9.351
9.192
8.838
8.997
9.29
8.972
8.948
9.021
9.375
9.814
20.26
20.39
10.75
8.972
9.058
9.937
14.28
20.8
18.75
6.934
6.653
6.409
6.409
6.409
6.409
6.409
6.409
6.409
6.409
6.409
6.409
6.409
6.409
6.409
6.409
9.021
9.68
9.961
16.11
20.73
18.31
10.03
9.79
9.656
9.863
9.167
