9.326
9.521
9.57
9.509
9.656
9.68
9.79
9.143
9.216
9.167
9.314
9.57
9.363
9.387
9.314
9.155
9.155
9.387
9.534
9.644
9.497
9.045
9.106
9.241
9.375
9.607
9.399
9.314
9.363
9.314
9.485
9.534
9.534
9.375
9.497
9.363
9.314
9.473
9.558
9.509
9.546
9.473
9.314
9.412
9.436
9.46
9.607
9.619
9.595
9.839
9.375
9.216
9.338
9.436
9.595
9.729
9.509
9.497
9.814
10.08
10.03
9.729
9.802
9.753
9.814
9.9
10.08
10.08
10.08
9.973
9.717
9.644
9.705
9.888
9.949
15.99
15.94
15.94
15.62
15.36
15.53
15.01
15.11
14.94
15.89
14.67
14.5
14.4
14.26
14.48
14.36
14.45
13.82
13.82
13.4
13.28
13.6
13.11
13.06
13.09
13.04
13.01
12.92
13.33
13.04
13.21
13.21
13.26
13.23
13.48
13.38
13.43
13.65
13.57
13.84
12.92
12.6
12.45
12.22
12.22
12.52
11.89
11.8
11.99
11.84
11.98
12.04
12.19
11.89
11.45
11.62
11.11
11.16
11.23
11.02
11.02
11.06
11.19
10.95
10.41
10.29
10.05
9.985
10.13
10.33
10.14
10.36
10.41
10.31
10.31
9.888
9.851
9.888
9.961
10.1
10.16
10.25
10.02
9.814
9.57
9.705
9.717
9.766
10.06
10.11
10.08
10.07
9.949
10.08
9.998
10.06
10.08
9.827
9.851
9.985
9.839
10.05
10.1
10.25
10.21
10.12
10.21
10.19
9.583
9.753
9.888
9.912
9.888
9.692
9.79
9.875
10.18
9.741
9.79
9.705
9.753
9.705
9.827
9.985
9.912
9.766
9.827
9.692
9.705
10.17
10.08
10.16
9.888
10.46
10.03
10.01
9.888
9.778
9.692
9.851
10.07
10.11
9.9
10.03
9.375
9.338
9.937
9.326
9.631
9.497
9.399
9.436
9.656
9.583
9.595
9.57
9.644
9.619
9.521
9.497
9.631
9.692
9.692
9.741
9.814
9.888
10.02
9.998
10.12
9.814
9.753
9.57
9.705
9.595
9.717
9.888
9.888
9.607
9.314
9.631
9.436
9.595
9.631
9.338
9.546
9.631
9.265
9.351
9.314
9.412
9.583
9.424
9.424
9.68
9.338
9.509
9.558
9.485
9.448
9.302
9.399
9.57
9.18
9.46
9.644
9.448
9.485
9.155
9.277
9.131
9.167
9.436
9.497
9.509
9.717
9.717
9.741
9.705
9.436
9.387
9.375
9.753
9.705
9.583
9.558
9.534
9.949
10.19
10.13
10.27
10.03
9.924
9.888
9.888
9.937
9.949
9.949
10.08
10.08
10.19
10.27
10.29
10.36
10.61
10.61
10.52
10.44
10.27
9.924
9.766
9.888
9.827
10.23
14.99
16.09
16.09
16.09
16.09
16.09
16.09
16.09
15.55
14.06
13.77
14.45
14.48
13.72
13.38
13.26
13.84
13.6
13.7
13.84
13.84
14.09
13.65
13.79
13.87
13.96
12.28
12.19
11.9
11.96
11.72
11.65
11.83
11.9
12.08
12.06
12.11
12.33
12.41
12.41
12.3
12.4
12.02
12.16
11.74
11.58
11.46
11.28
11.34
11.83
11.07
11.11
11.11
11.25
11.35
11.38
11.79
11.36
10.61
10.64
10.85
10.82
10.89
10.91
11.0
11.05
11.07
11.07
11.22
10.86
10.85
10.35
10.27
10.36
10.13
10.22
10.34
10.31
10.36
10.35
10.5
10.84
10.24
9.961
9.949
10.1
10.14
10.19
10.16
10.38
10.07
10.08
10.06
10.05
10.23
10.28
10.35
10.28
10.34
10.19
10.27
10.28
10.42
10.24
10.33
10.23
10.44
9.937
9.79
9.888
10.07
10.19
10.28
10.21
10.22
10.08
10.23
10.18
10.28
10.28
10.41
10.28
10.35
10.29
10.53
10.39
9.998
9.998
9.998
9.973
10.16
10.12
10.45
10.34
10.29
10.34
10.24
10.51
10.35
10.44
10.44
10.3
10.24
10.38
10.21
10.36
10.33
10.21
10.33
10.02
9.802
10.05
10.27
9.741
9.863
9.912
9.729
9.778
9.888
10.05
10.08
10.13
10.25
10.08
10.13
10.17
10.19
10.46
10.31
10.3
10.38
10.6
10.4
10.44
10.16
10.3
10.53
10.16
10.07
9.961
10.18
10.01
9.668
9.583
9.607
9.766
9.607
9.619
9.753
9.973
10.08
9.485
9.607
9.583
9.497
9.595
9.692
9.692
9.778
9.509
9.68
9.814
9.778
9.949
9.888
9.839
9.644
9.583
9.521
9.705
9.888
9.9
9.668
9.558
9.68
9.558
9.924
9.827
9.729
9.888
9.973
10.17
10.31
9.668
9.692
9.753
9.9
10.12
10.01
10.08
10.17
10.13
10.36
10.31
9.875
9.9
9.753
10.01
9.937
9.9
10.16
10.18
10.28
10.39
10.24
10.23
10.28
10.29
10.34
10.3
10.24
10.36
10.33
10.28
10.28
10.58
10.52
10.46
10.42
10.08
10.33
14.6
16.06
16.11
16.11
16.11
16.11
16.06
16.04
16.11
16.09
16.11
15.8
15.11
14.38
14.38
14.53
14.4
14.36
14.38
14.43
14.09
13.6
13.62
13.79
13.82
13.18
12.82
12.92
12.82
12.82
12.82
12.82
12.89
13.01
13.11
13.23
13.13
13.26
13.43
13.45
13.11
13.18
13.23
13.43
13.06
13.01
13.01
12.84
12.87
12.29
12.27
12.05
12.19
12.37
12.29
12.35
12.22
12.24
12.52
12.08
11.77
11.46
11.49
11.62
11.8
12.0
12.15
11.69
11.65
11.65
11.79
12.01
11.29
11.47
11.63
11.5
11.27
11.32
11.33
11.65
11.49
11.51
11.39
11.51
11.13
10.58
10.28
10.47
10.67
10.79
10.71
10.67
10.83
10.51
10.29
10.47
10.57
10.5
10.69
10.73
10.61
10.67
10.61
10.67
10.84
10.95
10.71
10.6
10.69
10.72
10.84
10.86
10.86
11.02
10.62
10.66
10.73
11.02
11.08
11.08
11.12
11.07
10.85
11.0
11.05
10.97
11.05
11.29
10.36
10.08
9.937
10.06
10.17
10.4
10.41
10.34
10.33
10.38
10.34
10.33
10.22
10.35
10.41
10.53
10.69
10.8
10.69
10.61
10.21
10.3
10.28
10.38
10.4
10.46
10.45
10.01
9.937
10.31
10.39
9.875
9.802
9.79
9.814
9.888
9.9
9.949
