0.1919
0.4463
0.2029
0.1245
0.07067
0.09804
0.3429
0.1484
0.4295
0.1772
0.4028
0.1554
0.1101
0.07753
0.1858
0.3418
0.02108
9.537e-05
0.0
0.008678
0.2857
0.2777
0.119
0.131
0.3792
0.1797
0.1478
0.1484
0.2602
0.4295
0.3601
0.2712
0.3315
0.1329
0.08459
0.2373
0.2777
0.206
0.3967
0.04139
0.1001
0.09422
0.2834
0.3452
0.1871
0.4333
0.07343
0.1223
0.1041
0.2167
0.2644
0.2506
0.7797
0.6882
0.6165
0.6889
0.6432
0.7278
0.6638
0.724
0.5981
0.7965
5.53
1.566
2.423
3.577
0.9796
0.2449
0.4745
0.5867
0.634
0.6653
0.6897
0.7599
0.7004
0.9293
5.353
1.602
2.917
1.468
1.085
0.1001
0.1823
0.2792
0.05121
0.1057
0.07391
0.2705
0.3696
0.08163
0.5135
0.5844
0.6119
0.6332
0.7027
0.6302
0.5699
0.6195
0.6462
5.432
1.419
2.823
1.846
1.184
0.3616
0.05484
0.1112
0.07553
0.1698
0.4631
0.03586
0.4967
0.6126
0.6027
0.7828
0.6248
0.6805
0.7179
0.7164
4.62
2.258
1.88
2.75
1.334
0.5226
0.5844
0.2674
0.2094
0.3677
0.3109
0.4227
0.2819
0.1154
0.08354
0.08001
0.3529
0.1637
0.3403
0.7072
0.5707
0.6149
0.6744
0.6348
0.6691
0.7034
0.7057
3.876
2.509
1.764
3.149
1.804
0.1654
0.4364
0.165
0.5516
0.3006
0.07257
0.1093
0.09766
0.1242
0.3345
0.09375
0.4974
0.5371
0.5402
0.5974
0.5402
0.5219
0.5318
0.4944
0.5348
0.5501
5.487
1.489
2.737
2.359
0.7179
0.5165
0.4166
0.388
0.3353
0.2102
0.1595
0.0001907
0.0
0.0
0.0
0.01144
0.3052
0.3319
0.1589
0.2911
0.256
0.2636
0.2827
0.2323
0.1848
0.272
0.3326
0.3666
0.3448
0.2575
0.2182
0.2064
0.1457
0.3193
0.0
9.537e-05
0.0
0.0
0.0
0.01183
0.2144
0.2609
0.2304
0.09584
0.09537
0.1003
0.2625
0.1175
0.3494
0.4097
0.2979
0.3353
0.0596
0.1202
0.07992
0.2396
0.3456
0.4128
0.03338
0.0006676
0.0
0.0
0.0
0.01106
0.2384
0.2293
0.1951
0.4875
0.1896
0.139
0.4356
0.1825
0.1467
0.2289
0.4288
0.2979
0.06056
0.1213
0.08001
0.2254
0.3071
0.3681
0.0
0.0
0.0
0.0008583
0.0
0.004482
0.8209
0.2621
0.2003
0.1242
0.2598
0.09918
0.2262
0.4112
0.05169
0.12
0.08821
0.2975
0.309
0.3113
0.3098
0.05159
0.1154
0.06771
0.1951
0.3105
0.005531
9.537e-05
9.537e-05
0.008869
0.264
0.1965
0.2266
0.6294
0.3036
0.08736
0.09117
0.09747
0.2926
0.1657
0.3395
0.3139
0.05827
0.1095
0.08554
0.2342
0.2686
0.1791
0.0005722
0.0
0.0
0.0
0.0
0.01059
0.1598
0.5043
0.2441
0.2758
0.1173
0.09155
0.1913
0.3799
0.1991
0.4074
0.1377
0.1987
0.3223
0.3868
0.2682
0.4181
0.1848
0.1297
0.0
0.0
0.0
0.0
0.0
0.01059
0.1431
0.6073
0.005054
0.09842
0.3601
0.1398
0.1181
0.4288
0.1331
0.5508
0.1762
0.1413
0.618
0.1949
0.1694
0.2911
0.211
0.08202
0.0008583
0.0
0.0
0.0
0.0
0.009918
0.5188
0.33
0.1379
0.1158
0.3395
0.2777
0.2468
0.2522
0.3613
0.6973
0.7187
0.7645
0.8392
0.9628
0.9766
1.059
1.001
0.9247
0.9918
0.9964
0.8057
0.8011
0.7774
0.8072
0.8453
0.8194
0.7935
0.8804
0.8911
0.914
0.9048
0.8591
0.9293
6.116
7.385
7.336
5.676
9.18
7.8
8.252
6.97
6.726
6.604
5.695
6.409
4.742
2.435
0.2277
0.5188
0.6058
0.621
0.6126
0.7324
0.6645
0.7317
0.5943
0.6447
0.6691
0.6325
0.5699
0.6844
0.679
0.6149
0.6752
0.6752
0.7523
0.6592
0.6386
0.7217
0.7965
0.8377
0.7614
0.7675
0.8041
0.8163
0.7675
0.7515
0.795
2.316
6.299
7.959
3.876
8.936
6.067
9.033
4.791
7.593
6.006
7.776
6.262
4.523
4.248
4.26
2.466
0.4219
0.07362
0.5959
0.7378
0.8667
0.8957
0.8408
0.8286
0.7523
0.8118
0.9598
0.9415
0.9247
1.003
0.8759
0.9918
0.9552
0.9003
0.9506
0.9491
0.8606
0.8179
0.824
0.8636
0.9995
0.9903
0.9323
4.242
4.382
7.715
9.973
9.888
8.984
9.863
7.141
4.303
7.385
5.371
3.662
3.784
2.316
0.2125
0.8942
0.9384
0.9872
1.044
1.024
0.8926
0.8545
0.8606
0.9628
1.053
0.8942
1.218
1.384
1.36
1.846
0.6447
0.8133
0.7507
0.7401
0.8911
0.9613
4.272
7.141
10.9
5.157
11.74
7.385
9.155
6.543
8.057
3.754
4.761
3.046
2.573
2.597
0.1198
0.9018
0.8972
0.9003
0.7576
0.724
0.75
0.7889
0.8621
0.7874
0.8881
0.9567
0.9537
0.9872
1.076
0.9674
0.9552
0.9048
0.9232
0.9033
0.9048
0.9384
1.073
0.8118
0.7904
3.656
7.275
7.703
7.251
12.22
8.435
7.874
9.265
5.737
4.956
3.54
1.947
0.5043
0.8804
4.376
2.579
0.4845
0.8789
0.7874
1.611
6.653
3.986
0.9201
0.8499
3.049
3.973
0.5447
0.6203
0.4845
0.769
4.236
2.512
1.204
0.1635
0.6348
0.708
4.34
1.984
0.9048
0.1902
0.1236
0.09918
0.4311
0.04025
0.5501
0.8148
0.8194
0.8804
0.9705
0.8301
0.8408
0.853
0.8911
0.9735
0.8759
0.9201
0.9033
0.9537
1.048
0.9781
0.9491
0.8087
0.7996
0.853
1.05
1.202
1.099
0.9003
0.8835
7.629
6.189
4.529
4.004
4.468
6.348
8.008
4.669
5.219
6.036
6.262
5.31
3.662
5.304
5.103
3.18
1.038
0.4936
0.602
0.544
0.705
0.721
0.7019
0.6317
0.6981
0.7744
0.8698
0.8423
0.769
0.7668
0.6851
0.5386
0.47
0.5051
0.6485
0.6706
0.605
0.6065
0.5676
0.5676
0.5882
0.5135
0.6981
0.6065
0.5226
0.5859
0.5516
0.515
0.5821
0.618
0.5989
0.5653
5.957
7.812
4.022
5.487
5.621
5.035
8.081
5.64
5.939
3.064
6.049
5.579
3.51
3.51
3.156
3.229
1.73
2.399
1.587
0.2998
2.06
0.6989
0.08821
1.138
0.4227
0.09861
0.3239
0.0638
0.107
0.07496
0.1112
0.3834
0.04263
0.8652
1.083
0.0865
0.3983
0.07133
0.1162
0.07639
0.1238
0.4074
0.7149
0.1026
0.5119
0.621
0.5867
0.6409
0.5432
0.5585
0.5424
0.5211
0.531
0.5806
0.5867
0.6332
0.6081
0.6218
0.7286
0.6516
0.7919
0.6409
0.5844
0.6569
0.6355
0.5867
0.528
0.6996
0.7004
0.6126
0.5821
0.5867
0.5989
0.6302
0.6721
0.6752
0.7614
0.6874
0.679
0.7889
6.519
6.873
4.553
7.397
7.91
9.387
5.554
7.605
5.304
8.801
5.872
4.944
4.517
3.143
1.569
0.4738
0.2613
0.1425
0.09222
0.3082
0.1965
0.6042
0.3086
0.1274
0.1043
0.3067
0.4707
0.6126
0.4829
0.1011
0.1625
0.2285
0.3258
0.001144
0.3849
0.3067
0.5257
0.3212
0.4395
0.1305
0.1236
0.2682
0.3849
0.3208
0.1171
0.1301
0.2533
0.3906
0.7111
0.3426
0.2552
0.3521
0.1085
0.0
0.0
0.0
0.0
0.0
0.0
0.0
0.0
0.0
0.0
0.0
0.0
0.0006676
9.537e-05
0.0
0.0
0.0
9.537e-05
0.0
0.4242
0.6195
0.6874
0.7584
0.3609
0.1057
0.1154
0.08593
0.2789
0.2522
0.6668
