6.836
14.77
12.92
13.26
12.13
13.82
14.4
16.26
16.16
14.94
14.67
12.79
15.14
16.28
15.82
15.89
9.9
0.6012
0.2918
0.02861
0.02604
0.02604
4.413
14.36
16.06
16.04
15.19
14.67
10.67
12.48
12.7
12.94
12.62
12.77
11.07
18.31
17.92
16.97
17.04
16.85
16.48
16.33
16.55
17.38
15.09
15.16
14.84
15.92
17.92
7.715
18.41
16.6
17.85
18.97
19.24
18.65
16.7
16.5
15.21
15.8
15.62
19.48
14.99
9.265
19.21
18.68
17.16
15.94
15.72
15.28
15.04
14.99
14.7
14.94
15.28
16.38
16.26
13.33
14.04
14.75
15.58
15.23
15.48
8.228
18.55
17.29
16.02
17.16
26.07
23.8
22.71
20.75
21.9
20.26
14.6
14.58
12.55
13.28
13.5
13.13
14.4
14.58
18.73
17.5
12.38
15.72
13.89
12.92
17.8
16.28
23.1
24.44
24.17
24.66
24.05
23.97
18.65
14.58
14.28
14.62
17.94
20.04
19.41
22.92
10.96
14.09
15.36
14.94
15.06
20.39
17.87
6.311
19.9
18.04
18.8
21.24
21.14
21.26
19.58
16.26
15.41
19.31
19.85
15.38
18.31
20.8
19.36
16.92
12.39
8.142
18.85
18.8
17.29
16.36
16.16
16.02
15.19
15.16
15.04
14.87
15.48
16.46
15.55
14.92
13.4
13.62
13.77
14.94
14.5
15.36
14.75
15.04
11.11
14.75
13.65
13.4
14.72
12.48
13.5
13.79
12.01
3.796
0.1745
0.0495
0.02861
0.02346
0.02861
0.02346
0.02861
0.02346
0.02604
6.396
12.92
12.4
12.82
13.57
5.688
11.93
13.04
14.04
12.87
12.19
11.61
9.973
9.253
3.864
0.1381
0.05207
0.02861
0.02604
0.02604
0.02604
0.02861
0.02604
0.02604
1.807
15.55
16.89
18.92
19.48
21.8
14.38
13.84
20.41
21.12
22.92
14.26
14.55
14.26
19.29
20.7
22.27
13.23
0.7393
0.3021
0.02604
0.02604
0.02604
0.02604
0.8224
13.45
12.84
15.33
18.26
19.75
21.48
16.16
13.62
16.85
20.53
21.14
22.75
15.01
4.584
0.2552
0.04168
0.02604
0.02079
0.02604
0.02604
0.02604
0.02604
0.02604
0.02079
10.06
16.21
20.63
20.51
15.43
11.12
10.3
16.58
15.43
17.55
17.99
22.05
12.82
20.43
21.29
23.07
5.249
0.547
0.1198
0.02604
0.02604
0.02604
0.02604
7.812
9.229
3.036
8.801
15.65
20.7
21.95
22.83
13.62
9.302
9.875
17.77
22.19
23.73
11.27
0.6409
0.2239
0.02604
0.02079
0.03128
0.02079
0.02604
0.02604
0.02604
0.02079
0.02604
13.57
22.0
23.19
11.9
0.6508
0.2449
0.02079
0.02604
0.02604
0.02604
0.02079
0.02604
0.02604
0.02604
0.02079
0.02604
0.02604
0.02604
0.02604
0.02604
0.02079
0.02604
0.02604
0.02604
0.02604
0.02604
0.02604
0.02604
0.02079
0.02604
0.02604
0.02604
0.02604
0.02604
0.02604
0.02604
0.02604
0.02604
0.02079
0.02604
0.02604
0.02604
0.02079
0.02079
0.02079
0.02604
0.2342
11.56
8.044
0.3021
11.87
15.06
16.77
18.14
20.7
14.43
16.02
17.97
18.99
19.51
12.99
13.26
7.605
21.78
17.55
15.28
14.77
14.5
14.55
14.75
26.51
26.61
24.9
23.68
23.93
27.88
27.83
27.1
27.59
27.98
27.98
27.93
27.49
27.73
27.44
27.44
21.02
25.29
26.51
28.03
27.88
27.93
26.12
24.22
25.34
22.95
12.55
27.73
27.54
27.49
27.64
27.39
26.56
27.05
27.88
27.49
27.69
27.34
27.59
27.44
27.39
27.44
27.93
27.78
27.69
27.73
27.25
20.73
15.97
16.6
17.33
17.29
17.09
16.65
15.89
17.43
22.83
23.73
23.8
23.78
15.5
1.569
17.5
27.78
27.69
27.34
27.34
26.42
26.32
25.68
23.63
24.71
26.71
26.56
26.81
26.95
26.95
26.71
26.46
26.56
25.34
25.29
27.0
27.1
19.43
27.25
27.1
27.39
27.88
26.76
23.83
22.83
22.9
22.53
3.229
27.83
27.64
26.81
27.54
27.29
26.9
27.05
26.95
26.81
26.46
26.81
26.61
26.07
26.61
26.51
23.9
24.93
24.02
24.78
24.68
24.83
24.54
18.26
23.8
25.49
26.07
26.12
26.95
25.59
22.95
23.12
23.41
18.29
12.49
25.44
25.29
24.51
25.44
25.68
25.59
26.46
25.93
24.88
24.63
24.07
23.78
26.76
27.2
25.88
27.29
26.66
27.0
27.0
27.39
27.49
27.29
20.97
25.83
27.93
27.49
27.44
25.83
23.46
23.75
23.97
24.29
10.3
27.15
27.25
27.05
27.0
27.0
26.86
26.22
27.29
27.39
26.17
26.42
26.32
26.17
26.17
27.1
27.1
27.29
27.54
27.39
27.2
26.46
21.14
23.24
27.59
27.39
26.95
26.9
25.29
23.8
23.54
24.27
16.02
26.17
27.44
24.78
26.66
11.67
22.88
26.95
25.29
25.15
26.95
26.61
26.03
26.37
26.42
26.71
27.1
27.05
27.44
27.29
27.29
27.05
27.05
27.34
27.1
27.39
26.76
25.49
19.63
27.29
27.2
27.2
27.1
26.07
24.56
23.68
24.51
16.72
18.77
27.0
27.34
27.2
26.81
25.15
21.36
19.19
17.19
16.63
17.46
17.68
16.16
14.79
14.82
15.19
14.94
14.87
14.84
15.38
15.31
15.31
15.6
15.45
16.97
17.87
18.95
19.24
18.19
22.97
19.85
14.97
20.02
26.76
24.54
21.88
19.92
22.56
25.39
24.54
25.98
12.48
23.54
26.56
26.37
27.0
26.86
26.9
26.56
26.61
24.9
26.07
26.56
26.46
25.63
26.71
26.56
26.66
26.46
26.66
26.61
26.12
25.54
26.37
18.68
28.08
25.83
26.07
25.78
25.88
23.9
23.05
21.24
21.41
14.87
14.72
12.44
17.85
17.21
17.33
21.63
10.14
0.2136
14.06
13.01
15.7
14.11
14.7
14.6
14.79
14.84
20.51
15.09
20.43
17.87
22.07
17.85
20.68
17.68
18.6
18.77
15.62
16.87
17.55
19.31
9.192
24.02
24.71
25.54
24.98
24.51
24.78
25.0
24.54
24.78
24.78
24.76
24.63
24.58
24.22
25.2
25.15
25.15
24.54
24.24
25.44
25.05
25.34
25.49
24.93
18.99
25.2
26.46
25.15
25.54
23.68
24.58
22.95
22.36
22.49
22.07
14.33
16.63
14.31
16.43
17.77
19.07
19.46
19.82
17.38
16.31
12.35
15.67
15.36
17.41
18.95
21.17
22.07
12.65
17.33
24.73
24.61
24.54
24.39
23.83
24.98
23.9
24.15
24.39
24.71
24.24
23.46
23.51
24.15
23.14
23.58
23.07
23.85
22.58
24.19
25.98
26.76
26.42
26.03
21.8
23.07
27.2
27.1
27.0
26.51
24.85
22.41
21.9
20.87
22.53
0.3075
0.09375
0.02604
0.02604
0.02079
0.03128
0.02079
0.02604
0.02604
0.02604
0.02604
0.02604
0.02079
0.02604
0.02604
0.02604
0.02079
0.02604
0.02604
12.23
18.07
16.46
14.58
17.5
17.02
17.8
17.85
