0.1314
0.1574
0.3052
0.267
0.2888
0.07648
0.08907
0.08268
0.3391
0.4288
0.1524
0.1902
0.3609
0.1568
0.0001907
9.537e-05
0.0
0.0
0.0
9.537e-05
0.2979
0.3517
0.05064
0.1102
0.09174
0.2762
0.1717
0.4654
0.05016
0.1217
0.09165
0.3128
0.1556
0.03195
0.1818
0.576
0.6409
0.6432
0.4982
0.4547
0.5074
0.5501
0.634
0.5081
1.395
5.139
1.877
3.156
2.124
1.091
0.1163
0.4822
0.618
0.7225
0.5493
0.618
0.6813
0.7965
0.7576
1.515
4.797
1.63
2.405
2.631
1.187
0.3765
0.2098
0.589
0.5264
0.4875
0.5753
0.4944
0.5486
0.5959
0.6126
0.5577
4.425
2.362
1.294
3.436
1.941
0.3529
0.1026
0.07696
0.07725
0.2716
0.1575
0.2853
0.5989
0.6012
0.5424
0.6569
0.4959
0.6355
0.6065
0.6813
0.766
5.865
1.627
3.116
1.277
1.16
0.5615
0.238
0.1043
0.0658
0.1879
0.3357
0.2182
0.4478
0.1728
0.1282
0.07772
0.2716
0.1373
0.2697
0.6378
0.724
0.6348
0.6065
0.5882
0.5905
0.5974
0.6927
3.973
2.618
1.828
2.646
1.34
0.853
0.06962
0.4585
0.6622
0.1125
0.4143
0.2075
0.5577
0.6393
0.6477
0.6744
0.5806
0.6119
0.5753
0.5768
0.6531
5.524
1.651
2.167
2.652
1.482
0.293
0.4066
0.3475
0.06647
0.1049
0.07782
0.2613
0.1987
0.2476
0.4486
0.5119
0.5409
0.5028
0.5135
0.4967
0.5157
0.4631
0.5386
0.5051
4.303
2.515
1.166
3.424
1.434
1.244
0.2876
0.1919
0.425
0.4303
0.1743
0.115
0.05569
0.1173
0.3448
0.02861
0.0002861
0.0
0.009441
0.2419
0.2132
0.2419
0.3624
0.296
0.09241
0.0699
0.07811
0.2213
0.2113
0.2945
0.2689
0.2563
0.2834
0.2823
0.2079
0.4097
0.09899
0.119
0.07839
0.2289
0.1818
0.0003815
0.005245
0.2209
0.2224
0.3418
0.1028
0.09146
0.07353
0.2197
0.2369
0.2094
0.4761
0.07963
0.2419
0.2087
0.246
0.288
0.03834
0.08793
0.0638
0.2159
0.2441
9.537e-05
0.0004768
0.0
0.005913
0.176
0.3269
0.04177
0.1013
0.07801
0.2083
0.2174
0.1884
0.2914
0.3056
0.05131
0.09212
0.07029
0.2388
0.3113
0.2739
0.5066
0.296
0.1102
0.06952
0.2232
0.2213
0.0003815
0.005913
0.3601
0.5219
0.4547
0.04854
0.1013
0.07162
0.238
0.2316
0.7599
0.2235
0.1156
0.06447
0.1656
0.2823
0.06943
0.3128
0.5417
0.1553
0.0
0.0
0.0
0.0
0.0
0.004292
0.2792
0.3834
0.08192
0.1072
0.07277
0.211
0.2457
0.001526
0.4585
0.2129
0.4402
0.07343
0.1196
0.06256
0.1434
0.3761
0.1335
0.1772
0.0
0.0
0.0
0.0
0.0007629
0.006294
0.1984
0.1499
0.2129
0.3155
0.06113
0.09079
0.06781
0.219
0.2552
0.2087
0.1995
0.1373
0.1236
0.3967
0.136
0.09747
0.05293
0.1463
0.2609
0.1316
9.537e-05
9.537e-05
0.0
0.006008
0.3292
0.2445
0.1244
0.07792
0.1972
0.3067
0.3651
0.1072
0.07677
0.2399
0.2895
0.1141
0.1762
0.1171
0.3662
0.5409
0.06399
0.1127
0.07057
0.2251
0.2377
0.0002861
0.0
0.005627
0.4997
0.6226
0.399
0.1543
0.1158
0.07172
0.2312
0.2403
0.4288
0.4608
0.4402
0.206
0.2163
0.5325
0.2514
0.2762
0.1308
0.0967
0.2911
0.1451
0.4082
0.5966
0.5524
0.6447
0.5585
0.6752
0.7324
0.7034
0.7591
0.7217
0.7492
0.6172
0.6653
0.6813
0.5745
0.6271
0.5577
0.65
0.7736
0.7469
0.8118
0.6287
0.6485
0.6218
0.6958
0.6691
0.5463
0.4807
0.4997
0.5478
0.5539
0.5783
0.499
0.6416
0.6035
0.5531
2.319
6.348
8.093
4.169
5.304
6.25
9.521
4.968
5.743
4.749
6.036
6.702
3.046
3.833
3.54
2.161
2.625
2.496
0.3136
0.6866
0.5997
0.6325
0.5241
0.5249
0.5959
0.6432
0.5531
0.7156
0.6142
0.5692
0.531
0.5493
0.5272
0.5127
0.4845
0.5669
0.5791
0.5455
0.5257
0.5058
0.5173
0.4402
0.4822
0.5394
0.5188
0.486
0.4654
0.5287
0.5623
0.4906
0.5424
0.6233
0.5684
0.5913
0.5913
0.6081
0.5943
0.6111
2.93
5.463
8.459
4.626
3.87
5.145
5.908
3.54
6.628
4.108
5.029
4.7
7.959
4.163
3.461
3.992
1.953
2.744
2.56
0.1005
0.5669
0.6386
0.6149
0.589
0.6554
0.6477
0.6531
0.5722
0.5592
0.5051
0.5455
0.5829
0.5661
0.6508
0.5974
0.6409
0.6111
0.5081
0.5714
0.5989
0.56
0.5852
0.6935
0.6172
0.5463
0.518
0.5295
0.4738
0.528
0.5104
0.4768
0.6508
0.6157
0.6554
0.7027
0.6378
0.6561
6.36
8.545
3.577
4.895
6.036
5.994
6.653
4.98
5.475
6.616
7.434
6.592
3.473
4.651
2.74
2.17
2.292
2.408
0.1013
0.5188
0.5417
0.5997
0.5836
0.515
0.4997
0.6035
0.5653
0.5226
0.5875
0.9079
0.9979
0.9323
1.001
0.9186
0.9247
0.972
0.9216
0.7828
0.8011
0.8728
0.8881
0.9033
0.9476
0.9689
1.024
0.9964
4.15
6.982
9.192
6.409
9.436
7.336
9.18
6.372
8.008
4.761
3.918
3.668
1.959
2.35
0.2014
0.5226
0.6943
3.061
3.473
1.031
0.227
0.5196
0.5692
2.429
3.9
1.155
0.1812
0.4913
0.602
3.015
3.479
1.064
0.09441
0.8636
0.8865
0.8835
1.018
1.044
1.05
0.9277
0.753
0.8179
0.9232
0.9903
1.114
1.022
0.9521
0.7019
0.5447
0.573
0.5836
0.5371
0.5356
0.5524
0.573
0.5562
0.6233
0.5943
0.5669
0.5577
0.5478
1.819
6.299
8.74
8.337
9.277
10.62
7.605
9.827
7.458
5.762
3.845
2.713
0.1884
1.089
1.147
1.228
1.297
1.321
1.175
1.108
0.9674
1.024
1.086
1.247
1.102
0.9033
1.062
1.096
1.018
1.23
1.216
1.012
2.643
5.432
9.204
5.652
3.992
7.959
4.242
5.872
5.194
6.677
4.755
7.263
6.934
5.579
3.772
3.729
0.6493
2.173
0.3334
1.538
0.3086
0.1076
0.1024
0.2022
0.2388
0.2625
2.084
0.2857
2.173
0.3983
1.115
0.795
0.5241
0.296
0.1453
0.2666
0.1362
1.306
0.243
1.044
1.428
0.1896
1.285
1.198
0.2235
1.556
0.4242
1.099
1.265
1.274
1.273
1.089
1.138
1.247
1.242
1.027
1.183
0.9445
0.6775
0.8209
1.035
1.022
0.8011
0.7378
0.8575
0.8713
0.8408
0.7645
3.479
8.264
7.056
7.849
7.825
7.483
7.129
10.41
6.921
4.755
3.619
2.924
2.612
0.2102
0.6973
0.8316
0.6676
0.7484
0.8392
0.6233
0.666
0.708
0.6897
0.7965
0.6821
0.8972
0.9048
0.9552
0.9262
0.8575
0.9705
1.064
1.071
1.137
1.183
1.125
0.9003
1.245
5.261
7.898
10.53
9.668
7.458
9.241
9.473
7.129
6.0
3.705
2.975
0.2998
0.144
0.3292
0.04177
0.4662
0.2541
0.3944
0.2899
0.3334
0.259
0.4547
0.1999
0.5241
0.2941
0.3059
0.4211
0.3685
0.156
0.3227
0.2602
0.1127
0.2392
0.2949
0.0006676
9.537e-05
0.0
0.0
0.0
0.0
0.0
0.0
0.0
0.0
9.537e-05
0.0
0.0
9.537e-05
0.0
0.0
0.0
0.0
0.0
0.01011
0.5402
0.621
0.1089
0.5463
0.6187
0.2747
0.1019
0.1057
0.09222
0.3361
