21.17
20.53
21.53
19.17
21.61
22.61
22.66
19.56
20.36
17.04
20.65
17.7
19.9
17.43
20.09
17.92
23.63
21.53
19.26
15.38
18.9
15.72
15.28
18.8
17.19
16.19
19.63
15.87
18.99
17.7
19.51
15.77
27.64
17.46
17.21
16.77
18.38
16.53
18.99
16.19
18.16
15.92
18.73
16.48
19.68
16.21
19.12
17.43
19.65
15.67
18.77
15.19
20.87
17.04
19.73
19.12
26.71
20.68
23.0
13.99
16.8
12.57
15.58
16.26
12.92
21.51
20.24
15.82
21.09
19.09
16.48
15.67
18.43
17.65
18.19
20.31
11.62
16.43
22.63
12.96
20.21
14.7
15.89
13.43
12.57
17.7
13.26
17.77
13.45
12.0
16.55
15.62
12.1
15.41
13.04
15.89
13.01
16.7
16.53
19.85
18.19
13.77
15.5
12.67
12.79
15.38
12.39
14.89
12.57
13.72
21.88
17.92
13.82
11.9
22.09
14.6
15.23
22.49
15.45
16.89
19.87
14.45
15.06
12.77
23.49
15.58
20.31
16.65
19.24
16.11
15.8
11.98
20.07
13.89
15.26
14.7
15.36
19.24
12.38
15.04
11.9
15.01
12.89
11.83
20.29
17.99
19.43
15.65
25.54
18.8
19.07
17.94
18.53
18.02
16.19
21.24
19.51
16.09
18.29
15.87
18.09
17.46
12.96
15.82
13.48
21.51
15.99
16.65
19.65
16.87
18.21
19.48
13.75
13.33
23.93
21.53
24.12
17.7
20.95
17.8
20.83
16.85
19.82
18.55
16.28
22.78
20.58
17.48
20.12
18.04
21.07
16.92
21.29
19.07
19.7
17.31
16.6
26.95
19.34
20.97
19.73
25.59
22.49
19.34
19.19
23.12
20.31
24.51
20.61
23.73
20.68
23.39
18.36
21.14
19.68
23.0
19.65
23.61
22.46
23.73
24.56
26.07
23.68
25.93
18.95
20.9
17.87
20.75
17.72
21.04
20.48
26.66
24.44
21.9
18.26
22.34
22.78
24.85
21.56
23.66
25.0
25.2
19.09
20.09
18.21
21.53
16.53
20.43
18.07
21.26
23.85
23.12
16.5
17.07
28.66
18.92
17.97
18.73
14.79
15.09
27.64
19.8
15.65
18.36
17.82
18.68
16.85
20.31
16.63
20.78
16.97
16.33
19.78
17.8
20.21
16.92
17.75
14.6
15.6
18.04
18.24
22.44
28.91
19.85
20.65
18.58
20.92
18.36
20.17
18.7
23.12
17.53
21.17
24.44
24.24
17.85
23.61
23.93
23.58
18.46
21.66
19.82
21.29
21.66
21.83
19.97
23.34
20.29
23.93
25.78
26.46
24.56
26.42
23.93
25.73
21.83
25.59
25.54
29.39
26.56
30.13
29.25
30.76
25.54
29.2
24.27
25.73
22.44
28.17
25.78
29.93
27.15
29.39
28.03
28.56
28.08
28.52
25.59
27.83
24.17
26.95
25.29
26.86
23.8
25.78
23.14
25.49
21.53
25.63
22.24
23.95
24.98
24.41
21.8
24.93
22.49
25.0
24.02
24.73
20.04
24.02
22.31
27.44
22.68
26.86
23.14
25.15
21.51
22.39
23.97
26.03
22.46
25.73
20.78
27.44
19.8
22.0
23.0
21.85
20.14
22.02
20.48
26.51
19.34
19.82
17.21
20.04
16.89
20.58
25.98
17.14
20.85
21.07
17.02
22.34
17.72
21.39
20.48
21.09
19.75
21.26
19.34
20.48
19.43
20.29
17.19
19.02
16.94
27.93
22.92
23.32
16.31
17.7
16.19
20.7
19.12
19.73
25.88
16.8
16.09
18.65
16.6
17.16
18.73
17.94
19.56
20.29
25.1
19.14
18.65
20.75
18.29
19.36
23.17
22.09
16.38
18.85
16.48
17.99
17.9
23.54
20.61
22.61
23.8
24.34
20.29
20.29
18.21
21.83
23.8
24.98
23.68
22.31
23.41
23.8
21.24
23.14
21.7
26.51
22.36
23.0
21.83
23.54
22.02
23.32
21.58
23.68
22.44
23.97
21.9
24.0
25.29
27.78
25.29
28.61
29.44
27.59
26.42
28.52
27.05
28.08
24.39
24.56
23.73
23.34
21.26
22.8
26.12
25.24
23.05
22.27
24.56
22.95
22.63
26.51
24.95
23.0
22.29
22.8
21.09
21.63
21.48
22.83
22.9
25.63
22.39
24.19
25.24
24.58
23.85
23.66
22.73
23.46
21.41
22.71
22.61
24.66
21.73
21.68
19.51
22.19
19.95
21.26
21.39
23.34
21.75
23.83
24.49
23.1
24.49
27.25
28.32
25.1
22.51
23.61
25.59
24.39
23.66
28.56
25.88
27.29
26.17
28.76
24.29
26.17
18.58
25.24
24.15
25.68
21.56
24.83
22.36
24.02
21.46
24.95
23.73
23.34
23.46
26.66
20.92
25.88
23.14
25.93
23.46
24.61
22.0
24.68
24.34
24.8
22.71
25.63
21.83
27.2
22.44
25.39
26.03
28.76
24.15
23.44
20.9
23.63
20.17
24.07
22.02
23.9
25.15
26.12
22.24
24.61
25.78
28.76
22.24
24.58
22.14
27.0
26.61
25.24
23.02
25.29
20.09
22.71
19.78
20.29
17.68
20.34
18.43
20.19
20.04
23.61
18.55
20.02
17.29
19.92
18.92
22.75
22.63
25.54
23.1
25.34
22.12
24.24
21.41
23.78
22.73
25.34
20.9
22.9
19.02
23.54
22.0
23.17
21.95
22.24
20.85
25.2
22.05
21.51
19.6
22.29
17.87
21.02
19.21
20.31
17.65
20.7
18.46
23.54
20.87
24.22
18.75
19.24
18.12
20.46
17.31
20.0
18.09
22.8
17.43
20.83
20.65
25.2
22.66
22.05
19.04
20.31
17.68
20.63
19.58
24.83
18.48
19.87
18.24
21.34
16.87
23.02
22.39
21.14
18.29
23.1
19.29
20.83
16.53
19.07
16.94
19.14
16.5
19.92
16.8
19.29
17.29
20.39
17.63
21.48
20.24
20.92
18.07
21.41
19.46
19.7
17.94
21.31
16.92
21.19
18.16
23.54
19.12
21.88
19.73
21.58
19.24
23.1
19.6
21.78
19.53
21.31
15.7
19.12
16.26
19.7
17.02
20.21
22.09
23.19
20.19
24.29
17.02
19.8
16.87
18.77
20.63
23.02
18.63
21.19
17.82
19.85
20.53
21.9
17.58
20.8
17.14
21.7
21.26
23.66
21.46
26.22
21.56
25.24
21.53
24.29
19.78
20.92
17.8
20.53
18.55
20.73
18.24
23.44
18.38
22.78
19.8
21.9
19.07
23.14
21.26
24.98
24.34
24.19
22.27
23.56
19.97
21.48
25.1
24.88
19.56
22.29
19.38
24.29
23.9
21.51
16.06
20.36
20.26
28.12
22.92
26.12
21.09
24.8
22.02
22.49
19.8
22.71
20.58
22.95
23.8
24.41
21.34
23.02
20.36
24.73
20.65
22.61
21.92
26.76
23.56
24.22
19.48
22.44
19.73
23.22
19.51
23.54
24.27
25.54
22.63
26.71
22.46
21.22
18.99
20.8
17.87
20.65
17.8
21.29
16.06
18.9
23.66
20.8
18.07
20.9
16.7
19.78
17.11
19.17
17.9
19.82
19.07
21.97
18.63
21.07
18.33
20.12
18.02
21.24
16.33
21.75
17.82
21.26
18.95
20.7
18.55
20.48
20.07
21.09
18.63
20.31
16.58
21.46
21.83
24.9
20.9
24.15
19.09
20.92
17.7
18.29
21.31
21.97
22.29
21.85
16.58
25.88
25.2
27.05
20.21
19.19
14.45
24.39
16.11
15.21
22.83
16.26
21.61
21.44
20.48
21.19
18.24
22.14
20.07
22.31
18.51
21.85
18.04
21.34
18.31
20.65
19.51
20.02
17.09
19.31
17.7
21.14
18.02
21.97
20.56
