16.89
16.16
8.667
12.22
13.99
14.36
14.82
15.84
15.87
15.53
15.67
14.6
12.67
9.644
0.2136
0.09117
0.02346
0.02604
0.02346
5.609
13.84
15.55
15.48
15.82
15.28
13.38
15.53
18.82
20.24
17.75
12.48
12.89
16.55
13.92
24.98
30.52
23.56
13.04
16.72
24.12
29.1
25.24
22.12
19.43
17.29
14.14
17.58
20.24
22.85
18.38
31.1
29.54
14.01
13.92
12.89
12.6
14.75
7.458
21.95
18.24
16.82
26.12
31.35
34.72
25.2
34.91
25.59
11.33
11.58
16.67
22.58
30.22
23.8
18.24
29.3
35.74
35.79
32.67
25.73
33.45
20.9
17.24
15.58
26.71
26.42
20.19
16.65
29.05
31.05
32.71
31.4
17.24
23.32
22.53
17.24
21.78
24.66
24.8
13.06
14.36
12.5
14.14
14.06
15.28
17.85
20.87
22.73
16.14
18.68
21.44
20.75
12.33
17.02
23.58
26.95
24.63
23.97
23.1
18.41
16.77
16.02
22.41
12.7
13.18
11.52
18.95
19.17
16.8
15.38
15.19
9.509
12.96
14.55
13.94
17.48
20.63
21.9
13.18
2.115
0.341
21.07
17.48
18.58
25.0
23.73
24.1
22.27
18.8
19.31
23.75
13.87
14.53
15.43
18.48
18.85
24.71
14.21
15.48
16.92
17.72
14.99
12.21
20.41
20.0
19.17
20.78
20.04
16.94
15.33
15.11
14.16
18.09
18.02
15.87
7.678
0.1848
10.39
13.96
12.62
12.99
13.57
8.789
0.1511
0.07029
0.02346
0.02346
0.02346
0.02604
0.02079
0.5966
13.6
13.62
13.96
13.53
11.6
19.78
20.51
19.65
12.72
12.79
14.62
15.58
15.36
16.09
15.55
9.546
0.547
0.2342
0.02604
0.02604
0.02604
0.02861
0.02346
4.858
12.94
12.33
16.04
12.77
13.45
11.07
7.556
12.96
14.92
14.6
14.77
15.28
12.02
12.18
13.5
12.37
0.2266
0.1225
0.02861
0.03386
0.02346
0.02861
0.02604
0.1068
13.28
15.62
14.92
14.6
14.99
14.72
10.3
13.13
14.36
14.92
16.85
17.26
15.23
10.56
16.85
15.04
16.63
17.26
17.55
14.45
0.7004
0.4166
0.02861
0.02346
9.351
14.33
12.55
16.02
17.31
17.72
15.26
10.01
13.04
11.78
13.67
12.43
12.77
12.06
12.92
15.28
1.094
0.1303
0.03386
0.02604
0.02604
0.02604
0.02346
4.199
12.46
12.34
14.21
14.18
12.27
10.68
9.314
13.4
13.55
13.55
13.75
13.04
12.65
16.19
12.87
8.289
0.1745
0.07811
0.02079
0.02861
0.02346
0.02604
0.02346
0.02861
8.826
12.35
12.7
16.31
15.21
15.16
15.38
11.21
5.219
9.18
12.3
13.65
14.84
15.8
15.45
15.43
15.84
1.051
0.4166
0.05732
0.02079
0.02604
0.02079
0.02604
0.6248
18.55
16.02
14.5
14.58
12.67
15.11
15.01
15.48
17.14
13.26
15.28
15.67
14.62
14.62
15.06
2.637
0.4532
0.09375
0.02604
0.02604
0.02604
0.02079
0.4585
15.31
15.45
16.38
16.14
15.48
13.16
7.642
20.07
18.51
15.82
15.26
15.45
15.36
15.77
15.21
15.19
15.48
15.41
15.11
15.04
15.36
15.33
15.62
15.7
15.43
15.53
17.99
20.39
25.54
24.93
32.13
32.71
29.1
26.17
22.9
21.92
19.78
17.14
16.6
11.39
4.23
9.79
19.24
17.58
17.31
16.77
14.99
15.21
15.58
15.84
14.7
15.01
16.41
17.29
15.75
15.48
12.29
2.042
15.55
21.56
21.7
21.9
20.43
17.82
17.55
18.65
19.63
19.51
20.41
20.61
19.65
19.17
20.61
20.34
20.73
18.99
15.92
15.99
16.48
15.58
16.89
17.82
16.63
15.23
14.97
15.36
15.55
16.02
15.38
16.55
17.38
17.02
6.641
11.11
14.79
15.87
16.33
17.43
16.26
16.72
17.46
16.24
15.06
15.62
16.06
16.8
17.9
15.01
6.75
8.948
18.14
17.68
16.55
16.92
16.41
15.09
15.8
15.19
15.28
15.62
15.45
15.21
15.55
15.7
15.5
17.5
18.38
17.85
17.99
16.41
16.6
16.5
16.04
15.41
15.16
15.53
15.41
15.5
16.82
16.16
15.26
15.99
15.99
15.26
15.36
15.6
15.53
15.33
8.057
7.947
0.0
0.0
0.317
0.0
0.2304
0.0
0.0
0.1783
0.1684
0.0
0.3429
0.0
0.0
0.8301
0.0
0.0
0.4883
0.0
0.0
2.377
16.72
19.09
17.09
15.23
15.11
15.28
14.94
15.7
16.11
17.09
16.72
16.75
16.6
28.27
23.02
21.92
20.41
21.14
20.21
18.33
34.52
34.23
31.54
31.98
31.45
29.93
27.05
9.509
13.18
19.48
19.58
21.48
20.17
28.71
22.75
18.55
18.65
13.33
13.53
20.24
0.2132
14.72
18.55
17.63
20.61
17.16
14.21
15.38
15.7
17.63
14.79
13.87
17.02
16.36
17.65
13.38
18.95
14.84
10.74
26.12
21.48
22.27
17.46
22.05
10.55
21.14
21.29
25.1
13.35
28.42
17.65
23.63
21.48
18.14
20.46
29.44
7.471
13.77
18.53
18.51
21.48
26.42
25.98
26.86
24.83
23.44
21.19
19.65
18.12
18.65
24.93
31.3
29.39
25.83
23.0
29.25
26.46
26.22
30.86
34.72
34.03
19.31
13.92
19.21
16.04
19.51
20.8
20.02
18.6
19.17
17.53
14.87
14.94
16.28
17.07
16.36
1.993
15.55
23.54
34.96
35.35
34.18
35.5
35.94
33.98
31.2
28.66
27.78
26.56
24.68
24.29
22.09
22.68
24.41
24.24
24.76
24.34
23.44
11.99
13.5
22.24
33.5
34.77
35.89
28.71
19.92
16.14
20.14
15.84
3.064
20.97
18.33
17.53
18.31
20.14
22.56
22.19
23.17
23.05
21.8
19.78
19.14
17.36
17.38
15.72
16.67
18.7
19.04
18.02
16.33
16.19
16.33
17.68
18.38
17.6
17.41
17.38
17.82
18.48
19.68
19.78
17.33
11.99
15.97
18.29
19.85
21.0
18.85
19.9
20.04
21.51
19.41
20.61
17.8
14.14
9.204
13.65
15.6
14.77
15.97
18.55
17.36
15.77
11.76
14.11
14.92
11.94
9.888
15.28
15.36
14.77
15.65
16.26
17.5
16.63
12.94
10.71
14.92
13.77
14.89
14.58
16.26
16.33
16.33
15.6
12.15
13.6
15.6
12.96
14.14
15.01
15.19
15.5
16.36
12.41
13.11
19.26
17.31
15.55
15.53
15.55
15.67
15.58
15.26
15.21
16.21
15.94
15.62
15.45
15.41
15.6
15.45
15.99
17.9
16.8
17.41
15.8
15.33
15.45
15.75
15.28
16.65
16.43
15.62
15.21
15.14
15.33
15.11
15.48
15.62
15.31
15.48
15.53
12.23
11.84
16.6
17.11
15.48
15.8
15.55
16.14
15.8
15.89
16.58
15.01
14.65
15.38
15.33
15.23
13.99
0.3136
0.0638
0.02995
0.02575
0.02346
0.02537
0.02308
0.02508
5.988
12.99
15.84
14.43
13.11
13.28
16.24
14.72
14.48
14.75
