17.14
19.12
19.21
19.26
18.53
19.51
18.12
18.29
18.58
19.17
20.24
18.82
17.36
17.33
18.09
17.41
17.5
19.7
19.17
17.75
18.51
20.61
21.34
21.19
19.92
17.65
15.65
16.67
19.41
20.85
19.53
20.58
16.7
18.09
16.77
17.43
18.33
19.48
17.19
17.75
16.87
16.94
17.07
16.97
21.19
16.99
18.68
16.19
17.55
16.33
17.26
16.97
17.87
18.48
16.82
17.97
19.29
16.14
15.75
15.8
16.14
16.99
17.8
17.9
16.04
17.53
16.16
15.84
17.02
18.09
18.8
17.99
17.36
17.11
15.84
15.45
16.26
18.12
18.68
16.77
15.65
17.6
17.19
17.6
17.36
17.41
17.24
17.94
17.36
16.92
17.24
16.67
18.02
16.02
16.99
17.33
19.12
17.68
17.6
17.55
17.97
16.53
16.77
18.16
16.21
15.94
15.5
16.63
16.97
17.36
19.78
18.14
20.02
18.82
20.31
21.02
16.38
16.28
17.07
16.92
18.31
18.31
17.5
17.87
20.0
18.7
17.58
17.19
15.6
15.14
15.65
15.84
16.58
17.09
16.46
18.21
15.97
16.63
16.67
15.89
15.6
15.6
16.72
17.6
16.87
17.04
18.33
17.7
19.14
16.48
16.33
19.8
16.36
17.33
17.04
19.19
19.92
16.33
16.11
17.36
16.99
18.75
19.63
20.26
21.29
17.48
15.36
16.99
16.33
17.48
17.33
17.8
17.04
17.99
18.7
19.56
18.24
21.29
17.7
20.12
16.58
17.94
18.97
17.53
18.95
20.43
19.82
19.95
19.95
17.04
20.56
20.68
19.43
18.53
17.99
20.61
19.65
19.14
18.65
19.41
18.97
16.77
15.97
16.87
16.65
18.12
19.56
16.85
16.33
16.31
16.04
16.5
16.75
19.65
18.48
18.02
16.65
16.58
17.72
18.48
17.9
18.33
17.14
18.43
17.97
19.73
17.82
17.65
16.89
17.09
15.01
17.41
17.21
17.09
17.14
16.99
15.23
16.28
17.14
21.14
17.16
19.12
18.16
17.26
17.41
15.31
16.48
18.26
18.48
19.04
17.97
17.21
17.33
17.6
17.16
18.24
16.82
17.19
17.19
17.72
15.36
16.11
16.53
18.04
19.41
16.33
18.48
17.02
16.72
16.21
17.04
17.48
18.19
17.14
16.28
17.94
17.63
19.21
17.82
16.09
16.5
17.29
17.63
17.31
17.8
18.12
18.85
18.7
18.36
16.82
17.38
18.38
16.6
17.5
18.63
17.21
15.53
17.46
17.97
17.09
17.41
16.38
16.48
18.97
17.82
17.46
17.29
16.87
18.33
17.72
19.7
20.43
17.16
20.02
16.82
17.75
17.65
16.72
17.04
18.19
17.26
17.92
19.63
18.73
17.33
16.65
17.72
16.67
17.36
17.55
18.48
18.85
20.73
21.8
16.82
15.62
15.43
14.99
17.11
15.94
16.53
16.04
16.55
17.41
15.67
16.33
20.65
17.41
14.94
14.82
15.11
16.55
17.07
15.92
15.99
16.19
16.19
15.99
18.14
18.73
15.53
15.77
15.6
17.04
15.77
17.8
18.14
17.7
16.85
15.94
16.7
15.84
16.75
16.24
16.5
19.04
17.8
17.97
17.5
18.73
18.29
16.02
15.99
16.36
17.85
17.02
17.82
17.63
17.02
17.75
17.65
17.16
16.87
17.26
15.72
16.21
15.7
18.48
18.65
17.87
18.51
17.7
19.09
17.68
19.09
16.82
17.87
16.77
16.5
17.07
19.7
18.26
18.95
17.6
16.85
17.09
17.55
19.78
19.56
20.12
17.09
18.24
17.72
16.48
18.14
18.8
19.9
18.97
19.04
17.07
16.97
16.65
17.24
18.65
18.14
19.56
18.02
16.99
16.11
16.87
18.38
19.38
17.53
19.68
21.31
21.17
16.19
18.51
16.46
15.53
16.72
18.36
18.9
20.65
18.82
17.58
17.77
19.85
18.75
19.65
18.6
17.21
17.8
19.26
19.46
20.97
21.31
16.41
18.26
17.02
15.84
15.75
16.04
15.8
16.72
16.87
17.7
15.04
15.43
16.82
17.75
18.46
19.14
20.19
17.11
18.31
19.95
18.63
17.04
18.43
16.65
17.87
17.55
16.77
17.31
18.07
16.16
17.53
18.58
20.78
18.38
18.46
18.6
17.09
17.5
19.65
19.46
18.85
19.43
18.7
20.58
17.75
15.36
16.11
17.07
18.24
18.51
19.95
17.77
16.63
15.99
16.28
17.43
19.82
19.04
17.14
17.14
17.14
16.24
16.75
17.82
20.48
18.6
15.53
17.63
17.48
18.24
17.75
19.21
18.33
19.56
15.23
16.19
17.92
19.92
17.31
17.53
18.8
20.7
17.48
17.82
18.82
19.85
19.07
19.14
17.5
16.11
15.99
17.07
18.33
19.31
19.17
16.63
16.41
18.92
20.41
20.36
17.09
16.82
16.21
16.99
18.07
18.31
19.85
18.92
19.38
16.26
19.26
15.09
18.41
17.53
19.48
18.65
17.26
17.02
16.19
18.02
18.82
18.77
18.19
20.9
21.17
16.16
15.87
15.89
17.07
16.89
17.02
18.65
21.66
18.16
18.04
18.36
16.04
17.94
18.53
16.04
15.67
16.36
15.65
17.46
17.8
16.77
20.02
17.02
16.77
16.16
16.46
17.29
18.46
16.14
16.33
16.11
20.39
18.97
17.36
16.85
16.92
19.82
16.58
17.21
16.97
19.31
17.48
17.55
18.19
18.46
17.85
18.12
19.41
19.21
16.63
18.31
18.26
18.58
19.12
18.7
20.04
17.85
16.36
17.63
17.65
17.53
18.58
19.21
20.9
19.51
20.0
21.0
20.02
15.75
17.24
17.77
17.48
16.5
18.04
18.9
21.41
19.58
20.68
19.46
17.9
17.6
16.85
16.72
16.6
17.5
18.04
18.8
18.53
18.97
17.9
19.58
18.77
18.38
18.07
18.55
18.46
21.12
18.63
17.55
19.6
18.95
17.82
17.97
17.04
18.29
20.09
19.97
19.48
18.38
18.04
18.85
17.33
18.53
19.29
18.55
20.14
20.09
19.56
19.85
17.77
20.02
19.92
17.53
18.82
18.75
18.97
18.97
21.22
17.21
17.97
19.46
20.04
20.04
21.66
19.34
17.99
19.19
18.65
18.19
17.85
20.34
15.67
17.09
19.31
19.58
17.5
19.48
17.19
17.97
18.85
20.07
20.19
18.41
19.31
19.63
21.56
18.7
18.46
19.46
21.46
20.7
20.63
19.07
19.14
19.12
19.29
19.8
20.39
20.04
19.92
