18.6
18.33
18.46
18.77
16.26
20.19
18.07
18.55
19.36
17.41
17.31
16.85
18.16
18.92
19.43
20.78
20.31
19.65
15.43
15.45
17.94
17.58
19.24
17.48
19.09
21.04
20.14
20.65
21.88
23.27
16.75
16.92
18.77
19.7
19.31
15.89
17.21
19.48
18.97
16.89
19.85
20.17
18.65
18.8
17.87
18.97
18.8
18.31
16.46
18.04
20.51
19.53
21.95
17.19
18.04
19.48
20.12
18.04
17.48
17.46
16.63
18.19
15.53
15.99
15.28
18.12
16.24
17.46
17.09
19.75
17.72
18.7
17.43
17.16
16.33
16.02
14.65
16.6
16.77
17.24
17.97
2.026
0.0
7.581
10.4
12.89
14.09
17.7
15.94
17.29
19.75
20.21
20.34
19.34
18.9
17.53
18.7
18.77
17.26
17.53
16.7
17.92
20.73
18.14
22.17
18.19
18.09
17.82
17.58
18.8
18.77
19.78
21.02
21.39
18.53
19.24
17.21
18.99
17.6
18.51
20.02
22.56
17.6
18.46
18.68
16.72
15.62
17.36
17.24
18.75
20.39
22.68
17.36
16.21
17.65
17.24
18.19
18.85
22.61
21.12
20.68
15.77
15.7
16.24
18.29
18.36
21.02
19.29
17.72
18.04
19.51
19.29
19.19
19.09
20.78
21.8
19.31
20.75
18.63
17.92
18.09
19.31
19.09
20.41
20.19
19.63
19.7
20.29
16.99
16.31
16.89
19.78
20.04
24.34
18.53
20.12
19.73
19.38
18.77
18.7
16.97
16.04
17.07
19.21
21.0
21.61
21.22
18.95
17.53
15.92
17.36
19.38
19.07
17.41
16.65
15.94
18.36
16.65
19.09
18.99
17.9
19.82
14.92
16.99
17.77
17.75
19.58
18.63
17.6
16.46
15.11
17.07
17.24
18.41
18.46
17.82
17.9
17.21
15.53
15.7
19.21
21.34
17.41
15.89
16.09
18.02
18.19
20.26
18.77
17.46
16.53
15.99
16.36
17.77
18.6
20.58
19.58
18.7
16.6
17.31
15.55
18.07
17.94
19.38
18.09
18.51
17.6
16.46
15.7
17.5
20.17
17.87
17.11
17.8
19.14
18.14
16.92
18.12
16.21
19.7
17.94
18.82
17.94
18.43
17.6
17.63
18.16
18.77
19.24
19.6
17.33
18.85
18.7
18.46
19.19
18.92
18.33
15.04
19.21
19.09
20.04
18.07
18.8
17.9
19.24
17.36
16.36
18.26
19.97
17.63
18.14
18.85
18.02
21.46
18.55
18.77
19.38
16.94
17.14
18.19
17.43
19.04
18.58
18.51
17.36
18.51
19.24
19.51
19.34
18.16
17.14
19.43
17.8
16.63
18.29
20.17
17.77
18.8
18.58
20.97
17.55
15.6
16.53
15.65
18.02
19.04
18.85
19.65
16.55
17.29
17.53
18.85
19.65
19.58
16.02
16.41
15.8
16.97
16.85
15.6
15.82
16.65
18.63
19.12
19.63
19.75
20.58
15.06
16.58
15.8
15.45
17.14
19.78
21.41
23.41
19.9
19.48
19.34
20.29
16.92
16.09
15.67
15.84
16.72
16.09
19.07
18.02
17.99
16.89
18.95
17.46
18.19
18.7
19.85
17.58
17.55
19.24
18.02
17.7
17.55
15.45
17.31
16.53
17.11
15.33
16.94
17.92
20.0
21.17
18.48
18.53
18.02
15.72
13.96
15.89
16.6
18.33
19.58
22.75
22.46
17.97
17.26
16.63
20.87
19.95
21.17
17.63
19.51
18.26
17.65
18.9
19.85
20.29
22.0
21.75
20.04
19.17
19.21
18.85
22.46
18.48
18.07
19.8
19.82
20.97
20.97
20.7
17.75
20.34
21.63
19.31
18.09
19.82
21.7
21.7
19.82
18.99
18.53
19.68
19.43
17.72
19.12
22.31
23.29
19.95
17.5
17.02
19.85
19.95
21.41
20.36
17.04
17.43
18.58
20.75
21.17
20.07
15.77
16.75
17.72
19.51
21.8
19.6
18.85
17.09
16.75
15.84
17.87
19.14
20.92
17.75
18.87
18.46
19.48
18.95
18.19
19.31
20.75
18.85
17.24
18.36
17.26
17.48
17.48
18.92
17.94
19.24
19.14
21.44
19.19
17.68
18.58
17.63
18.07
17.55
19.97
19.48
22.27
18.04
17.24
17.04
16.92
19.38
20.34
20.48
19.51
17.21
20.58
19.65
18.63
20.14
18.41
20.36
19.04
18.73
18.16
21.19
20.51
18.19
18.77
22.27
19.17
18.55
17.94
16.63
18.9
17.11
19.29
17.21
21.46
16.53
15.5
17.77
18.95
17.72
19.85
18.12
16.48
15.84
20.43
19.53
19.7
17.75
17.16
17.82
22.0
17.33
16.38
17.99
17.87
15.62
17.58
17.9
18.38
17.72
17.94
17.55
15.84
17.43
20.46
18.65
20.26
18.07
19.68
17.53
19.12
21.26
20.8
20.43
17.02
17.11
17.63
19.56
20.29
22.17
21.26
17.04
16.43
16.99
18.48
20.85
20.63
20.73
18.77
20.97
18.9
16.58
15.21
16.55
17.9
22.58
23.05
19.82
18.99
18.36
16.36
16.75
16.02
19.02
22.73
21.73
16.09
15.5
14.94
15.99
15.38
16.99
18.41
18.31
19.68
20.83
16.41
16.8
17.04
16.75
20.29
17.7
18.7
16.63
16.11
18.43
17.94
16.19
18.8
16.89
17.77
18.92
20.56
21.92
19.43
19.95
17.16
16.02
16.24
15.97
17.92
20.43
22.22
22.56
23.85
14.99
15.58
16.14
18.6
21.31
19.17
19.68
17.43
17.65
18.63
20.04
21.17
20.95
20.24
21.92
15.55
16.48
19.38
19.8
22.22
19.92
18.82
17.07
17.68
19.7
21.07
17.75
18.21
16.7
16.75
17.7
20.8
21.51
19.92
17.68
17.97
19.24
17.26
18.07
19.75
19.63
17.41
18.14
18.07
19.92
19.48
20.68
19.87
18.19
19.14
20.43
20.61
18.87
16.75
18.02
18.51
21.9
21.56
19.68
19.04
16.97
16.67
17.09
19.92
20.0
19.31
19.21
21.12
20.83
19.68
20.26
15.75
15.01
17.92
18.95
18.24
21.73
21.48
22.78
18.95
20.12
20.07
22.88
17.72
19.29
19.75
24.0
19.48
20.04
21.9
21.41
16.89
16.43
18.09
19.58
19.8
19.82
18.65
17.04
