17.14
17.07
18.16
18.07
16.87
19.63
19.73
16.67
17.09
18.77
21.07
19.53
21.09
20.36
17.72
18.36
16.97
16.58
16.7
18.85
20.92
21.44
16.04
17.07
15.19
19.6
24.02
23.51
18.51
16.26
14.06
15.14
18.29
18.77
16.8
16.09
14.28
17.65
17.65
21.7
22.66
22.58
15.55
17.58
20.48
18.55
18.68
15.16
17.24
16.77
20.75
18.14
16.8
17.31
17.9
18.7
17.92
16.24
19.07
18.77
17.43
17.58
16.8
14.89
14.94
20.58
21.07
19.82
18.55
20.19
17.8
17.38
15.94
15.19
16.19
18.87
18.97
18.75
20.04
20.12
19.09
19.7
19.63
19.53
23.51
17.33
15.19
17.85
16.21
16.28
14.36
16.16
15.55
18.16
17.09
17.75
15.72
17.5
16.89
16.02
16.72
18.48
18.77
19.38
20.8
18.29
15.72
14.99
15.6
14.14
15.7
17.7
17.43
14.79
15.53
16.11
17.02
18.02
17.58
14.67
15.53
15.06
17.8
17.99
17.48
14.23
17.8
19.21
18.14
18.77
15.72
15.43
14.82
17.53
19.19
22.9
24.29
23.9
20.0
14.79
16.38
18.19
20.02
19.7
24.0
21.12
18.14
15.67
18.65
15.94
20.26
21.09
21.61
19.78
18.12
18.65
18.12
18.55
20.65
19.14
18.51
17.02
15.84
16.85
19.14
21.63
21.46
17.24
17.99
16.65
15.65
18.7
19.14
17.8
16.11
15.33
18.75
21.04
17.99
15.75
16.21
16.94
18.75
21.73
22.63
19.95
16.24
17.94
18.9
21.22
21.58
22.34
18.46
19.04
19.29
21.34
19.38
21.88
17.07
16.19
18.16
22.58
20.07
15.77
16.97
16.72
15.99
17.33
17.11
13.89
17.43
16.77
21.17
20.85
17.02
18.68
19.46
19.19
17.53
19.24
18.51
17.43
17.63
17.55
18.29
17.11
16.11
16.33
16.36
15.72
16.75
16.77
17.31
14.58
16.63
18.16
21.22
19.24
16.33
14.75
18.07
17.8
17.33
19.04
18.41
16.53
16.14
17.75
17.53
20.29
20.68
15.21
15.87
16.7
16.67
18.09
19.78
19.9
19.14
14.79
17.36
16.19
18.24
23.61
19.04
17.58
15.14
17.82
18.26
18.75
19.46
15.94
17.68
17.8
21.9
21.51
19.95
17.94
17.43
17.36
19.09
19.31
20.0
20.21
17.94
16.87
18.36
17.14
15.89
19.04
21.53
16.33
17.41
16.8
13.45
14.28
15.75
16.11
15.77
16.82
14.72
14.92
18.26
18.19
17.75
18.04
17.82
16.6
15.99
16.6
15.62
15.01
16.92
15.94
15.5
16.97
17.16
16.75
16.82
18.53
19.46
15.72
16.55
18.95
18.29
17.38
14.43
15.31
16.26
17.04
18.48
15.99
16.53
15.48
16.92
16.7
17.16
18.33
18.26
19.48
20.12
19.8
19.7
17.77
16.19
17.82
16.63
15.26
16.24
16.6
15.82
18.07
20.51
18.73
15.94
16.33
15.84
17.82
16.21
17.29
17.82
19.75
20.31
19.92
18.65
17.19
16.75
15.92
16.36
18.33
17.99
18.12
17.68
18.53
17.75
18.26
19.09
18.41
18.07
16.97
16.63
19.51
17.21
17.63
18.36
18.24
18.7
17.41
17.82
17.55
17.46
20.24
20.24
18.51
18.12
17.8
20.48
19.97
19.82
19.24
16.99
18.68
20.31
18.85
17.07
19.87
18.07
14.77
16.36
20.41
20.68
19.63
18.92
16.41
15.55
17.19
18.9
19.92
20.24
20.09
18.95
19.6
17.82
15.09
19.26
17.94
18.9
21.22
21.0
15.65
18.43
16.46
17.43
18.8
19.34
19.87
16.28
15.19
15.21
16.65
17.75
20.7
18.99
17.7
17.09
17.8
18.43
16.75
20.31
18.33
17.8
19.36
16.72
20.8
21.14
19.41
18.97
18.7
16.46
16.77
17.5
19.87
17.8
17.5
17.26
16.24
15.06
17.9
18.55
18.16
17.33
17.11
16.46
17.68
16.77
15.84
17.55
16.24
16.02
18.14
17.9
14.94
15.65
16.33
16.24
18.55
19.07
19.21
21.12
16.89
17.09
16.8
18.77
18.24
18.65
20.61
17.7
18.29
19.7
19.48
18.85
18.33
20.48
19.26
19.46
21.17
20.0
18.16
18.41
18.38
23.07
18.9
18.36
17.82
19.68
19.09
22.05
21.53
19.29
17.38
19.75
20.51
20.21
21.34
19.73
20.26
18.16
19.48
21.48
21.24
21.53
20.78
21.29
21.61
21.95
19.41
19.02
17.8
17.75
16.5
18.07
20.68
21.83
21.88
20.17
20.48
17.82
18.41
17.8
17.6
18.75
16.72
18.82
20.9
19.12
19.31
18.24
19.07
20.85
21.46
20.7
18.99
17.36
18.19
17.82
19.73
20.39
19.85
17.41
17.6
20.12
18.43
19.8
17.46
17.7
20.24
16.77
20.61
15.48
15.77
19.48
18.21
18.41
18.6
21.68
19.21
18.46
19.56
20.68
16.33
18.21
18.58
17.7
17.6
18.12
18.87
19.97
19.9
15.75
17.65
16.77
16.5
15.16
16.41
17.07
17.65
17.29
16.89
17.36
17.5
19.92
19.56
16.85
17.99
19.97
19.82
17.41
17.87
17.75
16.04
17.26
16.99
20.43
19.78
21.09
17.07
17.33
21.22
18.65
20.12
21.63
21.56
18.95
19.48
19.78
19.95
21.88
22.31
21.46
19.56
17.85
19.04
20.48
23.22
20.51
22.46
19.29
18.85
18.51
23.1
20.09
22.88
22.85
19.07
17.07
17.48
17.9
16.55
18.55
17.55
18.46
18.95
18.46
19.34
17.09
17.68
17.68
19.17
20.51
18.43
19.26
17.58
17.72
17.33
17.33
15.75
18.41
20.34
18.24
17.92
18.26
17.21
16.43
16.48
17.94
18.09
18.14
17.7
18.51
18.51
17.26
18.14
16.33
20.58
19.04
21.7
17.55
19.85
18.14
19.58
21.66
21.14
18.19
16.6
16.21
16.58
17.9
22.75
22.68
16.77
