5.713
5.188
4.26
5.212
3.375
4.401
5.743
6.665
6.775
8.289
7.715
6.25
7.397
7.532
8.984
4.7
4.73
8.545
9.119
11.0
5.133
5.182
4.047
4.926
4.608
4.376
4.871
4.803
4.871
6.702
7.41
7.397
8.569
5.67
10.02
10.52
10.34
4.633
4.657
4.364
5.347
6.03
6.213
3.113
3.11
3.11
3.11
3.11
3.11
3.11
3.11
3.11
3.11
3.11
3.11
3.11
3.11
3.11
3.11
3.11
3.11
3.11
3.11
3.11
3.11
3.11
3.11
3.11
3.11
3.11
3.11
3.11
3.11
3.11
3.11
3.11
3.11
3.11
3.11
3.11
3.11
3.11
3.11
3.11
3.11
3.11
3.11
3.11
3.11
3.11
3.11
3.11
3.11
3.11
3.11
3.11
3.11
3.11
3.11
3.11
3.11
3.11
3.11
3.11
3.11
3.11
3.11
3.11
3.11
3.11
3.11
3.11
3.11
3.11
3.11
3.11
3.11
3.11
3.11
3.11
3.11
3.11
3.11
3.11
3.11
3.11
3.11
3.11
3.11
3.11
3.11
3.11
3.11
3.11
3.11
3.11
3.11
3.11
3.11
3.11
3.11
3.11
3.11
3.11
3.11
3.11
3.11
3.11
3.11
3.11
3.11
3.11
3.11
3.11
3.11
3.11
3.11
3.11
3.11
3.11
3.11
3.11
3.11
3.11
3.11
3.11
3.11
3.11
3.11
3.11
3.11
3.11
3.11
3.11
3.11
3.11
3.204
6.885
8.655
8.313
7.739
7.153
6.58
6.018
5.511
4.944
4.266
8.594
9.521
10.22
10.9
4.047
4.84
5.548
5.377
4.675
5.988
6.213
7.031
4.047
4.755
5.389
6.146
6.323
5.975
7.068
8.948
6.763
4.645
5.432
6.097
6.47
6.061
7.349
9.314
4.95
4.822
5.688
6.445
5.957
7.068
8.459
5.627
5.988
6.689
6.421
6.384
7.129
8.789
6.567
4.333
4.443
3.711
4.065
4.291
4.602
4.791
5.023
5.225
5.408
5.499
5.609
5.756
5.804
5.841
5.994
6.0
6.0
6.006
6.104
6.421
9.082
12.11
9.29
4.816
5.725
5.811
6.885
6.433
4.865
4.504
5.029
5.347
7.251
7.3
8.594
6.018
4.962
5.585
5.676
5.676
6.995
5.542
4.352
5.194
6.506
9.058
8.997
4.846
4.48
5.109
4.535
6.909
7.349
7.52
8.521
5.347
4.681
5.634
6.049
6.421
6.592
6.934
7.544
7.764
7.886
8.484
8.606
8.521
8.911
8.264
7.263
7.666
10.22
12.19
12.57
5.743
4.974
4.742
5.06
4.846
6.531
7.288
5.511
5.017
3.729
4.163
4.492
4.742
4.901
5.121
5.334
5.426
5.585
5.676
5.701
6.86
9.473
10.69
4.73
5.328
5.103
6.165
7.068
5.573
5.096
5.646
7.043
7.214
8.35
5.634
9.595
9.521
10.6
4.968
5.31
4.883
6.201
6.689
5.927
4.84
4.883
5.182
4.059
5.347
5.872
4.437
5.371
5.524
9.717
10.42
9.192
4.993
4.333
4.932
8.142
9.265
10.63
5.182
4.541
4.95
3.546
4.065
6.11
5.981
7.141
4.932
5.682
6.03
6.335
6.262
6.897
7.361
7.568
7.52
8.081
8.179
8.289
8.606
8.167
6.592
7.922
10.3
12.24
12.55
8.374
9.729
10.33
9.277
4.828
4.584
4.822
5.145
4.407
5.377
4.492
5.023
4.84
5.084
4.944
6.409
7.153
5.835
5.127
5.688
9.033
10.67
6.75
7.3
7.751
8.447
6.36
5.78
5.89
7.104
5.53
9.497
9.644
10.42
4.681
5.371
6.348
6.47
7.019
8.301
8.276
3.888
5.029
6.03
5.53
5.951
6.287
7.202
4.956
5.28
5.176
5.157
6.592
6.58
7.764
7.483
4.474
5.457
4.437
5.212
5.157
7.532
7.935
7.788
9.009
5.933
7.202
6.982
7.947
7.642
5.066
4.565
4.578
4.382
5.438
6.232
6.219
8.093
9.937
11.32
6.641
4.156
4.437
4.657
4.852
5.261
4.614
3.979
3.754
3.632
4.285
6.104
6.494
7.129
8.215
4.767
4.352
5.133
3.68
4.456
4.999
3.967
4.816
5.017
9.363
9.302
10.46
6.836
4.706
4.565
4.23
5.133
3.693
4.321
4.547
5.298
5.951
6.116
6.897
8.252
8.191
3.381
6.75
7.886
7.397
8.313
5.127
4.871
5.823
6.073
7.043
7.397
6.0
7.898
7.971
8.875
4.523
5.109
4.218
5.176
3.87
4.816
5.737
6.433
4.401
4.968
4.529
4.889
4.724
4.572
7.837
10.1
8.105
5.096
4.395
5.121
4.413
4.608
4.901
5.347
7.458
7.251
7.764
7.324
5.927
7.471
7.507
8.435
5.664
6.506
6.714
6.055
4.895
4.218
5.243
4.553
4.071
4.901
5.176
4.895
4.547
5.133
3.949
5.072
4.449
4.767
7.812
9.985
10.84
5.957
4.932
4.688
4.37
4.767
4.761
4.504
4.773
4.865
4.443
5.334
4.486
4.315
4.572
5.719
6.348
6.238
7.397
6.592
6.97
8.142
7.886
8.826
4.596
7.605
6.848
7.605
9.143
4.944
4.572
5.353
5.829
6.067
6.616
7.068
7.227
7.166
7.629
7.812
7.935
8.423
8.533
7.69
6.36
7.471
9.399
11.83
12.46
6.824
4.895
4.449
4.913
6.519
9.375
10.55
8.289
7.739
9.399
10.67
6.195
4.962
4.694
5.676
6.012
6.628
7.251
7.324
7.666
8.35
8.313
8.716
8.606
7.239
7.336
9.595
11.83
11.84
5.078
4.712
7.227
8.972
9.058
8.423
8.301
4.443
5.005
4.877
4.401
5.219
5.353
7.336
6.982
7.971
6.714
4.077
4.968
5.682
6.396
4.657
4.395
4.321
5.322
4.504
5.084
6.299
9.656
10.34
8.557
5.963
6.219
7.056
5.652
7.336
7.556
7.776
6.653
4.089
5.115
4.175
5.072
5.536
6.018
5.078
5.463
5.988
6.506
6.213
4.663
4.993
5.042
5.975
6.519
6.592
7.947
6.665
3.961
4.95
5.542
4.749
5.066
4.401
4.7
6.14
6.726
7.788
5.133
4.822
3.864
4.803
5.481
4.797
3.296
3.705
5.304
4.517
5.981
7.007
7.043
8.484
5.975
3.296
4.205
5.347
3.229
3.11
3.11
3.229
5.695
3.558
3.912
6.335
6.628
6.934
8.398
6.458
4.895
4.315
6.073
6.775
6.75
7.422
6.689
6.775
9.375
10.56
9.094
6.775
7.104
7.593
9.351
5.035
4.871
4.23
5.139
4.303
5.017
4.529
4.816
4.73
4.852
4.041
5.103
4.639
6.677
7.52
7.458
8.215
5.225
6.47
6.958
5.78
3.479
4.98
4.431
4.425
5.109
6.287
6.763
6.885
7.751
9.717
4.602
4.193
4.242
5.432
6.445
5.31
6.006
7.08
5.243
5.017
4.724
4.407
5.243
4.419
5.273
3.784
4.327
5.322
6.042
6.122
4.913
3.998
4.645
5.701
6.482
5.347
5.872
6.787
6.195
5.017
5.646
