0.02136
0.01879
0.0186
0.01612
0.0165
0.01717
0.02003
0.02184
0.01965
0.01726
0.01936
0.02728
0.01917
0.02089
0.02003
0.02337
0.01965
0.02003
0.01993
0.0205
0.02222
0.0205
0.01535
0.0308
0.02213
0.0186
0.02079
0.01945
0.02146
0.01612
0.01535
0.01698
0.01917
0.02012
0.02193
0.01945
0.02327
0.01736
0.02031
0.02356
0.02098
0.02184
0.02279
0.02689
0.01879
0.02203
0.02289
0.01898
0.01907
0.02203
0.01936
0.03204
0.02127
0.02346
0.02155
0.02146
0.0205
0.02527
0.01993
0.02317
0.01984
0.0206
0.01907
0.0248
0.02184
0.01888
0.02279
0.01783
0.03176
0.01793
0.02308
0.01965
0.01755
0.01965
0.02041
0.01926
0.01726
0.02031
0.01907
0.01726
0.02069
0.01822
0.02279
0.01478
0.01841
0.0248
0.01841
0.02317
0.01535
0.01488
0.01402
0.01755
0.01621
0.01774
0.01659
0.02213
0.02031
0.01669
0.01812
0.02518
0.01554
0.01812
0.01535
0.01574
0.0248
0.01688
0.0164
0.01574
0.02184
0.01621
0.01669
0.01545
0.01717
0.02012
0.0205
0.01841
0.01583
0.0185
0.01917
0.02451
0.02766
0.01497
0.01841
0.01965
0.02232
0.01688
0.01926
0.02127
0.01831
0.02069
0.02041
0.01879
0.01841
0.01822
0.01631
0.0205
0.02184
0.01917
0.03004
0.02565
0.01907
0.02232
0.01888
0.02337
0.01831
0.01907
0.02298
0.02089
0.01974
0.02279
0.02127
0.02422
0.02394
0.02546
0.02403
0.0248
0.02413
0.01898
0.02117
0.02441
0.02813
0.02098
0.02413
0.01974
0.01993
0.01945
0.01812
0.01926
0.02289
0.02804
0.02317
0.01774
0.02403
0.01993
0.02098
0.02251
0.01945
0.04053
0.02165
0.03023
0.0248
0.02089
0.02794
0.02384
0.02375
0.0246
0.02718
0.03939
0.03338
0.02947
0.02003
0.02861
0.04435
0.02213
0.0248
0.02317
0.01841
0.03223
0.02575
0.0248
0.02604
0.01974
0.01974
0.02232
0.01936
0.02317
0.01993
0.02279
0.02232
0.02155
0.02117
0.01707
0.02279
0.01907
0.02289
0.02136
0.02403
0.02966
0.02012
0.02279
0.01774
0.02003
0.02556
0.02108
0.02308
0.0227
0.01936
0.02136
0.02499
0.02213
0.02403
0.02565
0.02747
0.04234
0.02871
0.02642
0.02298
0.02089
0.0248
0.02356
0.01621
0.02451
0.02193
0.02222
0.02432
0.02022
0.02193
0.02003
0.01793
0.02165
0.01678
0.02422
0.0247
0.02012
0.02909
0.02365
0.03633
0.01755
0.0144
0.01593
0.01488
0.01488
0.0145
0.01354
0.01688
0.01316
0.01888
0.01354
0.01774
0.01392
0.01793
0.01841
0.01497
0.01259
0.01717
0.01469
0.01478
0.02098
0.01459
0.02403
0.01736
0.01783
0.0248
0.02193
0.01564
0.01431
0.01736
0.0186
0.02098
0.01421
0.02155
0.02403
0.02146
0.02069
0.01869
0.01469
0.01431
0.01535
0.01755
0.01516
0.01469
0.01993
0.02155
0.01783
0.01869
0.0185
0.02546
0.01755
0.01707
0.01411
0.01535
0.01888
0.02232
0.0145
0.01688
0.0145
0.02823
0.01602
0.01459
0.01431
0.01984
0.02689
0.01173
0.01707
0.02136
0.01516
0.01678
0.02251
0.02241
0.02279
0.02432
0.02661
0.01593
0.01287
0.01326
0.01593
0.01822
0.01612
0.01926
0.0145
0.01631
0.01707
0.01516
0.02842
0.03967
0.02584
0.01478
0.01621
0.01411
0.01802
0.01593
0.01554
0.01364
0.01736
0.01955
0.01373
0.01593
0.01879
0.02108
0.01783
0.01564
0.01554
0.02193
0.01602
0.01888
0.0248
0.02317
0.01812
0.02117
0.01011
0.01535
0.01354
0.02155
0.01707
0.02699
0.01869
0.02546
0.01812
0.01478
0.01621
0.01631
0.02069
0.01917
0.01497
0.01745
0.01726
0.01383
0.02165
0.01345
0.0205
0.0165
0.0144
0.02317
0.01173
0.01764
0.01717
0.02012
0.0164
0.0144
0.01888
0.01631
0.01574
0.01993
0.01745
0.01888
0.01678
0.01955
0.01431
0.01488
0.01888
0.01984
0.01678
0.01583
0.01488
0.02089
0.01831
0.02203
0.01888
0.02136
0.01822
0.02041
0.0206
0.02308
0.01965
0.02165
0.0226
0.02213
0.01593
0.0165
0.02089
0.01431
0.02775
0.02031
0.0164
0.02422
0.01745
0.01774
0.01726
0.02117
0.01936
0.01755
0.01554
0.01755
0.02232
0.01736
0.01993
0.01793
0.01278
0.02623
0.02289
0.02089
0.01917
0.01879
0.01717
0.01383
0.01736
0.01879
0.01888
0.01755
0.01764
0.01793
0.02127
0.01564
0.02308
0.01669
0.0206
0.02012
0.01326
0.02146
0.01526
0.02527
0.01841
0.01612
0.01335
0.01879
0.01631
0.01726
0.01564
0.01516
0.01678
0.01459
0.01707
0.01774
0.02222
0.02041
0.01831
0.01688
0.02155
0.0164
0.01631
0.03548
0.01955
0.01688
0.02604
0.01249
0.01659
0.02823
0.02136
0.02031
0.01965
0.02117
0.01163
0.01602
0.01678
0.01812
0.01287
0.02232
0.01764
0.01774
0.01926
0.02108
0.02222
0.0227
0.0206
0.01354
0.01669
0.01783
0.01659
0.01984
0.01574
0.01831
0.01802
0.02222
0.01345
0.01841
0.01402
0.01535
0.01802
0.01907
0.01755
0.0185
0.01707
0.01726
0.01669
0.01869
0.02584
0.01879
0.0144
0.01669
0.01898
0.01431
0.01841
0.02069
0.01621
0.01659
0.01745
0.01926
0.01669
0.01431
0.01802
0.01736
0.01602
0.0206
0.02232
0.01965
0.01554
0.01383
0.01535
0.01736
0.01516
0.01774
0.02174
0.01574
0.01869
0.01497
0.01688
0.02232
0.01764
0.02356
0.01717
0.01945
0.01984
0.01554
0.01669
0.01516
0.01621
0.0206
0.01488
0.01526
0.01755
0.02203
0.02451
0.01793
0.01431
0.01287
0.02804
0.02356
0.01736
0.01469
0.01497
0.01535
0.01421
0.01459
0.01431
0.01526
0.01545
0.02155
0.02584
0.01764
0.01411
0.01898
0.01612
0.0185
0.01364
0.01726
0.01545
0.0165
0.01764
0.01268
0.02613
0.01793
0.0165
0.01707
0.01726
0.01898
0.02871
0.01755
0.01097
0.01564
0.01726
0.01535
0.0145
0.01917
0.0186
0.01421
0.01926
0.01736
0.01678
0.02098
0.0165
0.01345
0.01574
0.0165
0.01907
0.02432
0.02127
0.01726
0.02003
0.02193
0.0103
0.01698
0.01745
0.01802
0.01841
0.01793
0.01917
0.01984
0.0185
0.01726
0.03328
0.01583
0.01822
0.01459
0.01364
0.01974
0.01822
0.01678
0.01535
0.01431
0.02003
0.01841
0.02174
0.0247
0.02699
0.0205
0.01974
0.01745
0.0165
0.01926
0.0164
0.01678
0.01335
0.01736
0.02432
0.01822
0.01698
0.01955
0.01631
0.01678
0.01593
0.01945
0.01745
0.01469
0.01993
0.01783
0.01383
0.01612
0.01593
0.0185
0.01841
0.02079
0.01764
0.01926
0.01936
0.02661
0.02413
0.02365
0.02222
0.01774
0.01822
0.01745
0.01936
0.02356
0.01678
0.01554
0.02174
0.01669
0.01459
0.02289
0.02155
0.01278
0.0206
0.0185
0.01812
0.01564
0.02413
0.02394
0.01612
0.01278
0.01774
0.02403
0.01698
0.01926
0.01488
0.01593
0.009632
0.01154
0.01278
0.01068
0.01717
0.01459
0.01764
0.01879
0.01125
0.01564
0.01345
0.0205
0.01717
0.01326
0.01593
0.01421
0.01698
0.01612
0.02012
0.01612
0.01965
0.02031
0.01497
0.01726
0.01373
0.01507
0.01345
0.02184
0.01154
0.01612
0.0227
0.02298
0.01945
0.01755
0.01955
0.01698
0.01974
0.01602
