37.01
32.03
16.02
19.56
17.26
14.53
20.63
16.46
20.41
16.92
26.42
35.74
29.0
13.7
0.5989
0.1041
0.02346
0.02861
0.02346
0.02861
14.23
17.58
14.01
19.68
15.21
17.68
27.49
34.52
21.95
14.87
18.51
26.27
35.01
24.63
17.72
3.424
24.68
32.42
28.66
1.247
0.5707
0.04692
0.02346
9.68
14.01
16.26
33.11
35.55
17.11
17.33
31.64
35.45
16.72
16.5
19.92
15.31
20.97
33.4
31.93
17.19
13.77
21.56
36.04
27.88
1.131
0.547
3.571
31.05
35.55
36.13
37.3
34.86
34.03
34.18
32.47
25.93
7.092
39.21
37.21
34.96
34.72
35.25
34.18
34.03
35.55
35.25
31.05
34.08
37.6
37.4
34.72
33.84
33.3
32.86
34.62
34.13
31.05
31.35
30.22
29.0
30.57
31.45
31.59
31.69
30.86
33.35
32.23
32.67
28.56
10.4
9.705
9.387
9.827
9.741
7.874
15.94
12.67
17.46
4.73
3.473
5.103
25.83
35.6
37.16
37.01
36.08
35.64
35.4
32.18
7.19
37.6
39.36
37.79
38.38
36.04
35.55
36.87
35.84
35.69
36.91
36.96
38.13
37.7
36.57
36.08
37.5
37.11
34.47
34.28
33.4
35.55
36.43
35.55
34.81
34.91
36.33
35.84
34.52
15.28
10.4
9.961
10.53
10.33
8.85
17.07
21.36
5.823
4.633
4.041
13.6
36.28
35.21
36.18
35.94
35.35
35.01
34.28
29.69
7.471
36.33
38.09
37.4
36.77
36.13
36.28
36.38
32.91
33.89
36.04
34.42
35.01
37.01
36.82
35.84
34.96
36.23
36.82
33.45
30.37
30.18
33.64
31.74
34.81
33.69
31.45
31.4
29.69
28.96
32.23
25.34
10.73
10.28
10.35
9.778
7.642
15.87
15.45
14.43
4.81
3.9
3.564
4.01
36.43
36.82
37.21
37.55
37.01
36.28
33.59
22.0
18.19
38.67
36.91
37.6
36.47
35.16
36.23
34.52
33.54
33.06
33.69
34.81
35.35
35.25
35.5
34.18
36.72
35.69
34.62
33.5
32.47
32.32
32.71
34.72
33.84
33.94
34.42
34.08
32.42
31.93
17.26
10.86
10.33
10.46
7.3
15.58
14.84
13.92
4.816
4.449
3.735
15.01
34.72
33.25
34.33
35.6
35.74
35.6
35.6
31.93
12.01
43.41
41.85
40.09
38.23
39.06
37.21
35.11
36.72
38.13
39.55
38.92
37.01
34.62
34.96
33.79
35.6
32.71
32.37
36.33
35.94
36.52
36.43
35.01
34.91
34.96
35.16
36.08
30.86
11.08
10.95
10.73
9.937
15.14
11.16
20.31
5.219
4.236
3.296
0.5104
0.2449
0.02604
0.02346
0.02604
0.02346
0.02861
0.02346
0.02861
0.02346
0.02604
0.02346
0.02861
0.02604
0.02861
0.02604
0.02604
0.02604
0.02604
0.02604
0.02604
0.02346
0.02604
0.02346
0.02604
0.02604
0.02604
0.02346
0.02861
0.02346
0.02861
0.02346
0.02604
0.02346
0.02346
0.02346
0.02604
0.02346
0.02604
0.02346
0.02604
0.02346
0.02346
0.02346
0.02861
0.02346
0.02604
0.02346
0.02604
0.02346
0.02604
0.02346
0.02346
0.02346
0.02604
0.02604
0.02604
0.02604
0.02604
0.02346
0.02604
0.02346
0.02861
0.02604
0.02604
0.02346
0.02861
0.02079
0.02861
0.02346
0.02604
0.02346
0.02604
0.02346
0.02604
0.02346
0.02861
0.02346
0.02604
0.02346
0.02861
0.02604
0.02604
0.02604
0.02861
0.02346
0.02861
0.02346
0.02861
0.02346
0.02604
0.02604
0.02604
0.02604
0.02861
0.02604
0.02604
0.02604
0.02604
0.02346
0.02604
0.02346
0.02861
0.02346
0.02604
0.02346
0.02604
0.02346
0.02604
0.02346
0.02861
0.02346
0.03128
0.02346
0.02604
0.02346
0.02861
0.02346
0.02861
0.02346
0.02604
0.02604
0.02861
0.02604
0.02861
0.02604
0.02604
0.02346
0.02861
3.961
30.37
37.3
37.35
37.5
34.81
37.4
37.55
37.26
37.35
37.35
36.52
35.25
37.21
36.38
36.91
36.28
34.91
34.23
34.81
31.93
31.2
31.64
33.15
33.94
32.76
33.35
32.47
32.32
12.33
11.3
11.27
12.67
19.95
18.04
14.16
2.292
0.3647
0.1093
0.02604
0.02604
0.03128
0.02604
0.02604
0.02604
0.02604
0.02604
0.03128
0.02079
0.03128
0.02604
0.02604
0.02604
0.02604
4.126
29.93
37.89
37.99
36.67
34.08
33.45
34.81
35.94
35.16
34.67
34.72
33.4
32.86
34.67
35.3
37.45
36.13
33.54
33.11
32.32
28.08
26.9
29.05
31.93
34.47
30.76
33.98
32.76
36.52
23.68
11.16
10.64
10.45
12.16
19.95
14.14
20.65
3.357
0.4997
0.1719
0.03128
0.02604
0.02604
0.02604
0.03128
0.02604
2.277
20.14
37.16
37.3
37.35
36.91
35.3
36.23
34.81
36.82
37.7
36.67
35.79
34.96
33.15
33.94
35.25
36.28
35.3
33.5
34.96
33.54
31.98
30.42
32.62
33.11
32.76
34.13
32.91
34.47
34.57
15.36
10.34
10.28
10.08
11.58
19.82
14.43
21.04
3.632
0.4791
0.2186
0.03643
0.02604
0.02604
0.02604
0.03128
0.02604
0.02604
0.02604
0.03128
0.02604
0.03128
0.02604
0.02604
0.02604
0.03128
0.02604
0.02604
0.02604
0.02604
0.02604
0.02604
0.02604
0.03128
0.02079
0.03128
0.02604
0.02604
0.02604
0.03128
1.407
0.1511
0.08335
0.02604
0.02604
0.02604
0.02604
0.02604
0.02604
0.02604
0.02604
0.03128
0.02604
0.02604
0.02079
0.03128
0.02079
0.03128
0.02604
0.02604
0.02604
0.02604
0.02604
0.02604
0.02604
0.02604
0.02604
0.02604
0.02604
0.02604
0.02079
0.02604
0.02604
0.02604
0.02604
0.02604
0.02079
0.02604
0.02604
0.02604
0.3281
0.1562
0.1146
0.03128
0.02604
0.02604
0.02604
0.02604
0.3231
0.1459
0.1041
5.518
35.21
36.87
34.42
33.94
32.08
32.76
32.03
30.03
33.25
31.45
31.88
32.42
31.64
32.81
31.45
33.06
30.57
32.28
31.35
30.91
30.22
31.79
30.18
27.54
28.03
29.1
30.42
27.64
27.78
28.27
29.74
28.12
27.69
13.53
9.265
8.74
9.106
9.802
12.02
12.79
15.94
21.7
3.827
0.6981
0.2342
0.03643
0.02604
0.02604
0.02604
0.03128
0.02079
0.03128
0.02604
0.02604
0.02604
0.03128
0.02604
0.02604
0.02604
0.02604
0.03128
0.02604
0.02604
0.03128
0.02604
0.02604
0.02604
0.03128
0.02604
0.02604
0.02604
0.02604
0.02604
0.02604
0.02604
0.03128
0.02079
0.03128
0.02604
0.02604
0.02604
0.02604
0.02604
0.02604
0.02604
0.03128
0.02079
0.03128
0.02604
0.02604
0.02604
0.03128
0.02079
0.03128
0.02604
0.02604
0.02604
0.03128
0.02079
0.03128
0.02079
0.03128
0.02604
0.02604
0.02604
0.02604
0.02604
0.02604
0.02604
0.02604
0.02604
0.03128
0.02604
0.02604
0.02604
0.03128
0.02604
0.02604
0.02604
0.03128
0.02604
0.02604
0.02604
0.02604
0.02604
0.02604
0.02079
0.02604
0.02604
0.02604
0.02604
0.02604
0.02604
0.02604
0.02604
0.03128
0.02079
0.02604
0.02604
0.03128
0.03128
0.02604
0.02604
0.03128
0.02604
0.02604
0.02604
0.02604
0.02604
0.02604
0.02604
0.03128
0.02604
0.02604
0.02604
0.02604
0.02604
0.02604
0.02604
0.03128
0.02604
0.03128
0.02604
0.02604
