1.054
5.573
3.394
0.5684
1.23
1.987
3.522
0.7309
1.913
0.8102
1.503
1.436
0.3578
1.26
0.1987
1.187
0.5646
1.019
1.225
2.081
5.737
1.357
1.34
1.028
0.7935
1.143
4.517
3.918
0.9064
0.8331
1.251
0.2022
0.1068
0.09766
0.09489
0.1106
0.1043
0.103
0.09804
0.1127
0.2079
0.116
0.1007
2.478
5.261
5.737
2.35
0.7309
0.9979
0.0
0.0004768
9.537e-05
0.0
0.0
0.0
0.0
0.0
0.0
0.0
0.0
0.002003
0.0
0.0
0.0
0.0
0.0
0.0
0.0
0.0
0.0
0.0
0.0
0.0
0.0
0.0
0.0
0.0
0.0
0.0
0.0
0.0
0.0
0.0
0.0
0.0
0.0
0.0
9.537e-05
0.0
0.0
9.537e-05
0.0
0.0
0.0
0.0
0.0
0.0
0.0
0.0
0.0
0.0
0.0
0.0
0.0
0.0
0.0
0.0
0.0
0.0
0.0
0.0
0.0
0.0
0.0
0.0
0.0
0.0
0.0
0.0
0.0
0.0
0.0
0.0
0.0
0.0
0.0
0.0
0.0
0.0
0.0
0.0
0.0
0.0
0.0
0.0
0.0
0.0
0.0
0.0
0.0
0.0
0.0
0.0
0.0
0.0
0.0
0.0
0.0
0.0
0.0
0.0
0.0
0.0
0.0
0.0
0.0
0.0
0.0
0.0
0.0
0.0
0.0
0.0
0.0
0.0
0.0
0.0
0.0
0.0
0.0
0.0
0.0
0.0
0.0
0.0
0.002098
0.01192
1.187
0.8484
0.6706
0.02489
0.03204
3.43
5.682
0.7828
1.006
1.418
0.5707
1.254
1.366
2.09
1.437
0.8377
1.259
0.4448
1.192
1.175
1.62
1.547
1.088
2.402
1.047
1.228
1.849
3.217
0.8255
2.298
1.262
2.158
6.152
1.366
0.5661
1.376
0.7904
0.8652
5.084
3.43
0.4242
1.138
1.248
2.243
5.267
3.082
0.4532
1.131
0.5379
0.008965
0.0004768
0.003052
0.002384
0.3983
0.396
0.2956
0.2739
0.09098
0.02413
1.624
5.67
3.027
1.067
1.079
1.746
0.9842
0.7324
2.304
2.188
0.9018
2.383
1.411
2.466
2.032
2.35
0.8179
1.492
2.408
0.9903
1.424
0.1545
1.447
0.647
1.456
1.033
1.425
2.023
3.259
1.096
2.46
0.5989
1.265
0.4761
1.437
0.8743
0.3929
3.894
3.827
0.8896
0.676
1.079
1.404
0.5707
0.7317
0.9109
0.946
0.7965
1.489
4.889
1.212
0.135
0.1898
0.2014
0.1217
0.09785
0.1469
0.1513
0.1705
0.1745
0.1469
2.252
3.632
5.06
1.859
1.024
0.8453
1.317
1.666
0.8316
1.488
2.039
5.359
2.124
0.5875
1.317
0.647
0.528
0.5112
0.4044
3.668
5.573
1.074
1.48
0.6973
1.46
1.408
3.162
5.585
1.346
1.306
1.405
0.5432
0.09403
0.09184
0.1179
0.08936
0.106
0.09937
0.116
0.1238
0.1089
0.08497
0.1419
2.289
2.988
4.932
3.027
0.09365
1.709
1.14
1.459
0.4021
0.4326
0.5211
2.347
5.579
2.191
0.7042
1.285
0.1642
0.1053
0.1141
0.1274
0.1181
0.1245
0.1329
0.1272
0.124
0.1097
0.7492
3.51
4.352
2.664
0.3769
1.529
1.448
5.371
3.079
0.7271
1.102
3.925
4.053
0.4753
0.6035
1.233
1.012
0.4532
0.1026
0.1179
0.1287
0.1238
0.115
0.1379
0.1286
0.1284
0.1026
0.1194
3.467
4.749
3.595
1.028
1.285
1.146
1.146
2.133
5.457
1.44
0.9033
0.7721
4.877
2.359
1.274
1.993
5.695
2.67
0.853
1.106
4.175
3.76
0.6859
3.186
2.005
1.247
2.237
1.349
2.347
5.206
2.222
0.4951
1.503
0.8194
1.407
1.494
0.2113
1.285
0.4929
1.193
0.8011
0.4044
5.359
1.425
0.6943
1.149
1.819
0.9018
1.978
6.11
1.785
0.6058
1.88
0.8118
1.648
5.072
0.7401
1.131
1.262
2.048
4.706
3.516
0.7919
1.021
4.266
3.9
0.7935
0.6882
1.031
1.443
0.8484
1.26
1.237
5.005
0.9659
0.222
1.447
0.1019
0.06962
0.04444
0.7828
0.9857
0.7202
1.056
1.34
0.9171
1.581
5.548
3.156
0.5371
1.237
2.924
2.252
1.514
2.707
0.8072
2.948
2.917
1.151
2.38
0.1377
0.1387
0.12
0.1131
0.1047
0.1118
0.1377
0.1112
0.09956
0.1026
0.119
0.1055
1.305
2.67
4.614
4.779
2.875
0.5714
3.021
2.841
1.076
2.582
1.347
1.163
1.073
3.583
4.187
0.5142
1.624
0.7019
0.6996
2.963
5.939
1.489
0.7195
1.198
1.202
1.855
4.73
3.986
0.6737
1.508
0.5234
0.4951
0.3559
2.707
5.09
0.824
0.3998
0.5035
0.4021
3.101
4.114
1.569
1.334
1.445
0.8377
1.675
5.695
2.49
0.5226
1.273
0.4997
1.703
1.12
1.202
3.79
4.828
0.9766
1.14
1.523
5.042
3.992
0.9354
1.541
4.205
2.551
0.8041
1.395
1.213
0.9399
1.402
1.41
0.9903
4.144
1.758
0.8438
1.456
0.8209
1.709
1.253
5.286
3.625
0.5974
0.766
1.025
1.256
3.876
5.103
0.9598
0.5241
0.3323
0.2663
1.053
2.356
0.9811
0.9689
1.514
1.328
3.87
4.382
0.3574
0.0
0.6027
1.283
5.267
2.536
0.47
1.134
0.8835
1.071
5.005
3.619
0.428
1.112
1.831
3.552
0.9918
2.295
0.5089
1.318
1.343
0.4593
1.414
1.057
0.6516
1.198
3.015
2.298
1.395
2.347
1.109
0.8499
0.9323
0.8057
1.471
2.216
5.554
1.584
0.6287
1.247
0.4288
1.285
1.3
3.03
5.64
1.476
0.853
1.244
0.3174
1.498
0.07086
0.7347
0.8987
3.79
4.547
0.8499
0.5394
1.25
0.9842
0.7164
0.3426
1.663
3.851
1.36
2.28
0.9079
1.43
1.067
0.8163
1.476
1.346
0.4692
1.389
1.219
0.7179
1.378
0.4326
1.611
1.514
0.1316
1.782
0.4692
1.968
3.564
1.372
2.695
1.12
1.633
0.9995
1.378
5.267
4.98
0.5531
0.8286
1.178
1.575
0.8957
0.9201
1.266
0.5943
1.575
0.6378
1.807
0.8347
1.039
1.245
1.437
0.6607
1.051
0.9964
5.084
2.774
0.6203
0.2747
0.3056
0.2781
0.3098
0.2357
0.05989
0.05598
4.791
4.694
0.8621
1.155
0.6126
1.346
1.201
0.5417
0.4021
0.3284
0.2598
0.2331
0.1638
0.06552
2.628
5.817
1.16
0.2167
0.1377
0.1253
0.1099
0.124
0.1476
0.1284
0.1793
0.1377
0.005341
0.7538
1.547
2.176
1.23
1.874
1.758
0.975
2.42
2.399
1.128
2.191
0.7095
1.36
3.156
2.151
1.837
1.846
0.9186
0.6485
0.4143
1.337
0.618
0.8514
3.839
4.584
0.6813
0.1053
0.1144
0.1144
0.1247
0.1043
0.1598
0.1387
0.1514
0.1333
0.1371
2.347
3.137
4.645
2.377
0.9964
0.8423
0.9094
0.3635
1.442
1.381
0.531
1.213
0.6027
1.471
0.5188
1.207
1.196
1.138
1.482
2.029
5.231
2.505
0.6683
1.109
0.5638
1.447
0.9781
0.7271
1.109
3.668
4.626
0.8102
2.405
3.168
1.125
1.91
0.8972
1.396
0.3212
2.332
3.424
0.9766
2.24
0.7729
1.305
1.28
1.077
3.314
