5.194
8.911
9.912
10.44
4.688
5.084
4.95
4.321
4.425
7.751
10.08
8.484
5.023
4.614
4.785
6.824
7.605
8.252
7.996
4.816
4.614
5.261
4.474
4.736
5.585
6.067
6.873
6.238
5.023
4.535
4.651
5.304
4.327
5.048
4.407
4.578
4.926
5.884
6.677
10.69
11.19
9.326
3.326
3.302
3.302
3.302
3.302
3.302
3.302
3.302
3.302
3.302
3.302
3.302
3.302
3.302
3.302
3.302
3.302
3.302
3.302
3.302
3.302
3.302
3.302
3.302
3.302
3.302
3.302
3.302
3.302
3.302
3.302
3.302
3.302
3.302
3.302
3.302
3.302
3.302
3.302
3.302
3.302
3.302
3.302
3.302
3.302
3.302
3.302
3.302
3.302
3.302
3.302
3.302
3.302
3.302
3.302
3.302
3.302
3.302
3.302
3.302
3.302
3.302
3.302
3.302
3.302
3.302
3.302
3.302
3.302
3.302
3.302
3.302
3.302
3.302
3.302
3.302
3.302
3.302
3.302
3.302
3.302
3.302
3.302
3.302
3.302
3.302
3.302
3.302
3.302
3.302
3.302
3.302
3.302
3.302
3.302
3.302
3.302
3.302
3.302
3.302
3.302
3.302
3.302
3.302
3.302
3.302
3.302
3.302
3.302
3.302
3.302
3.302
3.302
3.302
3.302
3.302
3.302
3.302
3.302
3.302
3.302
3.302
3.302
3.302
3.302
3.302
3.302
3.302
3.302
3.302
3.302
3.302
3.302
3.302
3.302
3.644
6.012
6.873
6.396
7.678
9.497
4.181
4.59
5.17
5.731
5.17
5.298
4.462
4.73
5.31
5.75
6.213
6.628
6.934
7.068
6.958
7.08
6.195
7.764
11.05
7.19
4.639
4.834
6.726
6.885
7.629
8.472
4.541
5.396
4.016
4.852
5.695
5.176
5.786
6.677
6.75
8.105
8.85
4.211
5.328
5.914
3.583
5.072
5.902
6.055
7.654
4.572
3.302
3.723
4.828
4.767
5.487
3.845
3.961
4.773
5.408
5.927
6.311
6.152
7.52
9.705
10.47
9.583
5.011
4.419
5.414
6.543
6.458
7.605
8.374
4.675
4.785
4.932
4.218
4.926
5.164
5.121
6.183
7.166
7.251
8.24
8.423
3.882
4.425
5.029
5.469
5.865
6.134
6.195
6.244
7.129
8.545
6.091
9.387
9.521
11.18
4.962
4.553
5.023
4.657
6.396
6.616
6.726
7.385
7.458
7.422
4.834
5.841
3.894
4.437
6.335
6.946
7.043
6.519
6.714
7.837
8.179
6.323
3.937
5.261
4.126
5.646
6.335
7.324
5.505
9.546
10.31
11.44
4.7
5.591
4.181
5.444
5.371
5.237
4.547
4.889
3.4
4.352
5.414
4.504
5.487
4.651
4.51
4.999
4.01
4.645
5.591
6.323
5.731
5.182
4.468
4.645
4.926
4.279
4.071
5.212
3.711
3.375
4.926
5.072
6.079
10.19
9.436
11.5
6.995
5.042
4.974
5.17
4.517
4.211
4.718
5.878
6.75
7.971
9.143
5.353
5.054
4.431
5.524
6.25
9.497
10.61
7.886
4.736
5.17
7.385
9.79
10.95
6.836
5.206
4.694
5.054
4.437
4.541
4.755
5.75
6.421
7.056
8.472
6.47
9.424
9.583
11.33
6.555
5.316
3.967
5.182
4.578
5.078
4.822
5.383
9.497
9.827
11.05
5.682
4.425
5.945
4.547
4.919
4.712
5.579
4.926
8.496
9.753
10.35
5.542
6.58
7.043
8.179
7.532
4.834
6.75
7.129
8.435
7.117
4.834
4.523
4.803
4.761
4.639
5.438
4.663
6.738
6.702
7.91
8.459
5.243
7.678
7.812
8.557
6.567
4.706
5.206
5.414
5.945
7.178
5.499
4.98
4.352
4.199
5.499
6.421
5.896
4.987
4.724
5.536
4.468
5.255
6.097
6.921
6.433
7.324
8.569
7.434
7.446
10.5
11.06
7.141
5.103
4.077
4.834
4.956
4.938
5.475
4.663
4.541
4.907
5.676
3.766
5.17
4.706
7.312
7.581
7.91
7.947
7.214
4.993
7.422
8.496
8.13
6.995
4.639
4.553
5.121
4.327
5.164
6.213
9.717
10.56
7.727
4.846
4.437
5.066
5.212
7.19
7.495
8.777
6.885
5.084
4.553
4.749
5.139
6.335
6.384
7.422
8.02
6.445
4.565
5.084
5.054
5.847
6.128
6.274
7.007
7.214
7.312
7.556
7.898
7.837
8.142
8.618
8.484
7.874
7.056
8.765
10.96
12.52
9.326
4.333
4.694
5.371
6.14
6.207
4.95
4.663
5.414
4.529
4.694
5.231
4.999
6.897
7.239
7.068
4.602
7.263
7.642
8.398
6.287
4.816
5.078
9.509
10.16
9.375
4.761
4.694
5.579
6.091
6.47
6.885
7.373
7.605
8.105
8.337
8.423
8.667
8.533
7.153
8.594
10.86
12.57
8.911
4.156
5.487
4.572
5.524
6.274
6.75
7.104
8.179
8.826
6.335
10.22
9.509
11.32
5.426
5.42
4.218
5.249
5.823
5.005
5.048
5.261
4.901
5.31
4.578
4.376
5.554
6.348
6.848
7.288
8.167
8.496
5.646
7.874
7.861
9.143
5.511
5.499
4.315
5.389
4.657
5.023
5.658
7.605
7.849
9.314
5.554
4.852
5.243
4.022
3.497
4.486
4.51
4.657
4.486
4.987
4.694
5.31
4.944
6.396
6.787
8.508
7.312
4.968
4.852
6.921
6.287
6.958
8.582
8.752
5.585
7.361
7.776
7.91
8.838
5.139
4.938
4.437
4.633
5.585
6.311
7.129
8.435
5.841
5.023
4.004
5.054
4.565
4.572
5.988
7.361
7.727
9.033
5.981
4.541
5.341
6.421
9.595
10.94
7.056
4.919
6.104
7.422
7.983
9.387
4.651
5.469
4.138
4.62
4.541
5.457
5.688
6.171
6.287
7.08
6.995
7.3
7.471
8.008
7.971
7.898
7.202
7.947
10.22
12.38
5.481
5.469
4.492
5.872
6.702
7.129
8.618
7.446
4.944
5.048
6.812
7.227
8.276
7.043
4.987
5.084
5.695
6.873
7.605
8.728
5.493
5.469
4.321
4.742
5.371
5.768
6.201
6.384
6.323
7.08
8.606
9.082
4.547
5.621
5.981
7.397
5.896
5.2
4.895
5.389
4.694
6.323
6.946
6.824
7.812
8.862
4.645
4.779
6.244
7.288
7.947
9.875
4.376
3.302
3.302
3.302
4.285
5.066
5.75
6.097
6.445
6.738
6.348
5.884
8.643
5.56
4.602
5.469
4.12
4.358
4.626
4.712
5.371
5.499
7.324
7.703
8.997
7.544
6.409
6.665
7.544
9.619
5.847
4.987
5.164
6.122
6.445
7.654
5.176
5.518
4.828
6.311
7.373
8.057
8.264
5.298
6.207
7.52
5.499
5.133
4.669
4.785
6.982
7.556
8.508
7.922
4.169
5.444
6.335
5.768
5.17
4.694
4.504
5.151
5.109
7.324
7.751
8.289
8.398
4.84
4.73
5.243
4.633
4.7
5.255
4.626
4.871
5.035
7.739
8.057
8.972
7.739
7.446
9.924
10.82
11.49
6.335
5.09
5.408
