20.85
15.89
9.131
8.923
9.082
8.813
14.77
20.83
15.23
9.351
14.33
20.85
16.02
18.31
20.7
9.949
6.921
6.689
6.653
7.104
9.045
8.691
9.045
8.606
9.021
8.765
8.813
9.033
8.85
8.655
9.131
13.31
20.85
16.53
9.155
9.119
13.53
20.78
14.06
14.28
17.41
18.21
18.75
16.65
13.5
10.29
20.26
19.92
9.155
9.07
10.63
20.53
17.9
9.106
9.143
9.192
15.92
17.7
18.38
18.02
14.6
10.08
11.93
16.92
18.04
18.68
16.7
12.94
9.326
8.679
8.972
8.911
12.16
17.02
18.09
18.6
16.19
12.5
9.705
16.36
17.8
18.43
17.46
13.4
10.16
9.119
9.119
18.68
20.83
11.94
15.99
17.7
18.38
18.02
15.16
12.07
8.789
8.948
9.07
14.16
17.19
18.12
18.63
16.06
11.18
8.74
9.29
17.41
20.83
14.82
17.33
20.8
14.72
13.23
17.16
18.07
18.68
17.04
14.11
10.07
9.558
9.497
9.46
8.997
14.6
17.36
18.19
18.65
16.7
12.89
9.058
9.546
11.17
16.75
17.9
18.41
18.14
15.48
13.67
9.18
15.77
17.63
18.26
18.65
15.77
13.06
9.863
10.45
20.07
20.73
12.45
8.948
9.387
9.18
15.65
17.5
18.21
18.7
16.19
12.74
10.01
13.62
17.31
18.14
18.65
16.28
12.5
8.85
9.058
9.265
9.241
9.399
9.277
8.984
9.924
13.18
20.85
17.92
9.302
9.485
9.656
7.703
6.799
6.799
6.799
6.799
6.799
7.166
9.253
12.49
20.04
20.34
10.49
9.155
9.155
8.789
9.998
20.61
20.14
9.79
8.997
9.106
9.314
8.801
9.009
7.812
6.836
6.653
6.653
6.653
6.653
6.982
9.119
9.155
12.55
20.83
19.78
13.45
20.85
17.99
9.326
9.241
9.094
9.351
15.62
20.85
16.82
9.253
9.546
8.569
6.836
6.836
6.677
6.653
6.653
6.97
8.606
9.143
15.45
20.83
16.58
9.302
9.167
9.119
9.277
10.21
20.17
20.46
12.43
19.75
20.7
13.28
9.79
7.397
6.836
6.665
6.653
6.653
6.653
6.995
9.363
9.241
9.131
9.143
13.82
20.85
16.21
9.692
18.19
20.78
13.96
9.851
8.997
9.033
8.96
8.85
9.167
9.119
6.738
6.653
6.653
6.653
6.653
6.909
8.948
9.29
9.229
9.106
9.131
9.131
9.167
9.167
9.094
9.937
19.63
20.65
11.67
9.033
13.89
20.85
17.16
8.63
6.897
6.787
6.653
6.653
6.653
6.934
9.021
9.473
9.119
9.583
8.948
11.47
19.7
20.8
20.24
11.01
8.96
8.923
8.96
8.936
15.06
20.78
20.83
16.46
7.068
6.836
6.848
6.848
6.848
7.08
8.875
9.595
17.38
20.75
20.31
13.09
9.045
9.265
8.887
15.31
20.73
20.83
16.46
9.326
9.583
8.667
9.277
14.72
20.65
20.8
20.29
8.997
7.019
7.056
8.875
9.363
9.839
9.631
9.412
9.473
16.65
20.73
20.8
20.09
9.351
13.23
20.51
20.85
20.43
11.9
15.11
17.14
17.87
18.46
18.73
19.04
19.36
19.48
19.68
19.82
19.95
20.09
20.17
20.34
20.34
20.36
20.53
20.58
20.73
20.73
20.7
18.12
20.02
20.58
20.9
20.9
20.9
20.31
17.63
16.89
16.89
15.43
12.1
16.5
17.48
17.99
18.43
18.68
18.92
19.29
19.46
19.58
19.7
19.78
19.97
20.09
20.17
20.26
20.36
20.41
20.56
20.61
20.75
20.75
20.7
18.16
20.19
20.68
20.7
20.63
20.04
19.85
18.21
17.04
16.89
16.89
11.74
8.984
13.48
16.89
17.77
18.41
18.73
19.02
19.34
19.51
19.58
19.75
19.9
19.97
20.0
20.17
20.24
20.36
20.36
20.43
20.56
14.89
16.48
17.11
17.63
17.97
18.16
18.38
18.51
18.6
18.75
18.85
18.95
19.04
19.29
19.19
16.41
20.73
19.95
19.48
17.36
16.06
13.62
9.802
15.75
16.8
17.29
17.82
18.02
18.21
18.41
18.53
18.75
18.95
18.95
19.12
19.34
19.51
17.16
19.92
20.83
20.85
20.19
19.12
18.6
11.91
12.33
16.11
16.99
17.41
17.9
18.14
18.36
18.51
18.6
18.75
18.9
18.95
19.02
19.14
19.36
19.38
17.26
19.56
20.87
20.87
20.39
19.38
18.6
11.39
13.53
16.41
17.19
17.72
18.09
18.31
18.51
18.65
18.82
19.04
19.14
19.14
19.31
19.48
19.65
17.26
19.51
20.61
20.83
20.51
19.29
18.97
13.65
12.33
16.14
17.02
17.5
17.99
18.21
18.41
18.55
18.68
18.9
18.95
19.09
19.21
19.41
19.53
19.04
17.75
20.7
20.73
20.61
18.33
17.5
17.07
8.679
10.9
15.58
16.09
12.35
12.32
9.363
13.48
15.72
16.46
14.28
12.77
11.04
10.33
14.94
16.24
14.79
12.74
9.497
7.568
7.788
13.92
15.92
16.72
17.24
17.48
17.9
18.09
18.26
18.38
18.55
18.55
18.7
18.75
18.85
18.95
19.07
19.14
19.14
19.17
19.46
19.53
19.68
17.6
17.55
19.21
20.85
20.85
20.85
20.02
17.21
16.87
16.65
10.1
13.72
15.84
16.58
17.11
17.38
17.72
18.09
18.19
18.36
18.51
18.58
18.75
18.9
18.95
19.09
19.14
19.29
19.34
19.48
19.73
19.73
17.75
18.16
19.19
20.7
20.85
20.85
20.73
17.11
15.67
15.67
12.52
11.43
15.48
16.43
17.07
17.33
17.68
18.02
18.19
18.38
18.48
18.55
18.63
18.75
18.82
18.99
19.14
19.14
19.14
19.34
19.48
19.53
19.73
18.87
16.87
18.51
19.9
20.65
20.68
20.61
20.29
19.17
16.65
16.38
16.19
10.89
11.13
10.55
10.78
16.65
19.07
19.29
17.5
10.08
12.08
9.009
11.56
9.07
11.65
9.094
12.12
9.216
9.302
10.12
8.765
14.97
16.21
16.89
17.31
17.58
17.87
18.16
18.33
18.51
18.55
18.68
18.75
18.95
18.95
18.99
19.14
19.24
19.34
19.34
19.46
19.6
19.73
19.73
17.92
18.24
19.14
20.07
20.85
20.85
20.85
20.87
19.04
17.97
17.63
17.43
14.79
8.35
9.924
16.28
20.58
18.48
9.021
8.899
9.18
9.204
9.314
10.77
10.99
18.26
19.48
17.9
10.24
9.009
9.07
8.569
16.31
20.29
20.31
13.6
9.033
8.911
8.923
8.875
8.826
8.691
9.583
10.5
16.97
19.78
19.92
14.55
8.972
9.021
8.716
10.39
18.53
20.78
19.7
10.07
8.936
8.838
8.582
8.826
9.058
8.838
8.826
8.716
9.607
14.45
19.48
20.34
17.36
5.884
5.64
5.438
5.438
5.438
5.438
5.438
5.438
5.438
5.438
5.438
5.438
5.438
5.438
5.438
8.191
9.705
8.618
14.04
19.95
20.58
14.89
10.36
9.399
17.04
20.34
