17.63
18.16
18.29
18.19
21.29
17.38
18.02
18.31
19.19
18.99
17.41
17.02
15.75
17.02
18.04
18.48
18.26
18.46
20.02
19.43
19.07
16.28
17.29
18.29
16.41
17.63
18.9
19.38
17.68
17.21
17.38
16.65
18.68
18.04
17.26
17.14
15.8
20.36
18.33
18.19
18.6
18.33
18.33
18.87
18.41
18.38
18.43
16.55
17.16
18.31
18.68
19.29
19.24
18.04
16.55
17.75
18.68
17.07
18.33
18.95
18.53
20.12
18.58
16.48
17.63
16.92
17.55
17.63
18.48
15.5
18.75
14.89
15.82
18.19
19.92
19.36
17.6
18.14
17.09
18.24
16.28
17.92
18.14
17.77
19.09
18.75
20.68
18.07
17.58
18.7
18.55
18.63
17.85
17.55
16.7
17.26
16.99
17.63
18.46
19.34
17.82
18.65
19.63
21.09
22.78
21.14
20.14
17.02
15.21
15.09
15.41
16.04
17.7
16.16
16.5
18.58
16.77
15.94
17.09
16.28
19.68
17.63
17.38
18.77
19.19
19.95
19.87
20.61
16.16
14.84
14.89
17.48
11.18
13.4
17.82
14.94
16.16
14.77
15.16
14.89
15.6
16.48
18.12
16.31
17.53
18.46
17.94
18.02
21.0
17.33
17.16
13.72
16.02
17.65
15.43
14.53
15.87
17.41
19.29
16.75
15.14
16.55
18.8
16.97
17.53
16.67
13.53
16.7
19.36
19.34
21.31
22.02
21.61
21.12
19.95
19.73
20.53
19.85
21.41
19.87
22.12
18.43
17.99
18.82
18.53
19.34
22.46
20.95
16.75
16.77
17.14
17.26
17.29
19.75
19.85
18.29
17.36
17.43
18.41
18.14
16.75
18.41
20.19
19.09
19.14
17.09
16.55
16.24
17.04
19.31
18.55
18.46
18.87
17.65
18.16
17.85
18.68
18.55
17.82
17.58
17.53
18.02
19.53
17.9
18.41
17.72
18.12
18.29
19.02
16.85
16.63
15.77
16.5
17.72
17.7
17.09
18.85
17.9
17.63
18.8
16.67
18.75
18.65
16.67
17.5
18.02
17.85
21.04
18.85
18.97
19.53
19.02
17.87
16.99
17.38
17.55
18.58
21.09
21.29
18.73
17.04
17.14
17.55
17.99
18.41
19.09
19.53
18.33
16.75
16.65
18.36
18.26
20.07
21.95
20.29
17.72
16.67
17.55
18.7
19.17
20.51
23.12
22.44
20.7
17.63
18.09
19.17
21.22
16.94
16.94
16.16
16.46
17.29
18.43
18.21
20.48
19.75
16.53
15.67
16.82
15.5
17.02
15.43
17.46
20.0
18.85
20.43
19.73
15.55
16.55
17.46
16.43
18.63
16.02
17.07
17.29
18.95
20.73
20.87
21.75
19.56
18.24
17.16
15.58
16.97
16.5
16.65
17.04
17.75
18.85
20.61
22.22
21.26
19.97
18.85
16.77
15.72
15.99
17.19
15.5
16.63
16.14
18.65
18.51
18.87
20.39
20.31
18.73
17.19
18.16
18.31
16.48
17.33
17.24
18.29
16.89
18.07
17.94
15.99
17.48
17.53
18.65
19.41
19.34
17.48
19.38
19.36
16.85
16.89
20.53
18.99
18.29
18.41
20.21
19.24
16.82
15.72
13.99
16.7
17.21
17.9
19.65
19.29
19.24
18.46
19.68
19.09
19.34
15.77
17.77
17.21
18.38
18.24
18.33
19.9
20.34
20.41
18.77
18.8
20.07
19.78
17.09
17.8
19.34
20.31
23.05
17.85
15.92
17.72
18.38
17.33
20.31
16.28
17.31
16.02
18.95
20.31
21.44
21.02
18.75
15.58
18.53
18.31
18.77
17.77
17.14
17.21
16.67
17.92
21.09
17.92
18.48
17.5
19.65
16.7
17.99
18.33
18.6
20.02
18.26
17.46
17.55
16.55
16.85
18.36
18.97
19.9
20.14
20.58
20.46
20.29
19.07
19.9
20.48
20.12
18.12
18.75
20.17
22.07
19.36
17.07
18.16
19.36
18.97
19.26
19.46
23.1
18.12
18.16
21.19
18.26
19.07
17.21
16.72
18.48
17.72
20.09
20.02
21.78
19.02
19.34
16.48
17.5
16.7
17.9
17.94
18.12
19.56
17.68
17.94
16.72
16.8
17.8
20.34
17.53
18.24
19.68
19.68
17.55
18.85
19.95
20.07
17.38
18.95
17.94
21.7
15.92
19.19
18.48
20.36
19.82
19.24
15.8
17.97
18.77
18.8
19.82
20.14
17.85
19.92
19.58
21.0
18.24
17.87
18.36
18.92
17.6
17.77
21.63
20.09
20.9
18.65
19.75
19.43
22.51
18.29
17.48
17.94
19.6
18.92
18.24
19.48
19.95
18.63
17.75
19.04
17.48
18.58
19.19
23.19
15.84
16.09
15.55
16.63
12.77
14.97
17.04
16.09
20.39
20.56
19.6
20.7
21.61
19.95
17.99
16.77
18.19
19.48
19.09
19.12
18.12
18.92
19.56
19.87
21.12
20.48
19.48
18.63
17.14
17.11
17.26
15.75
16.99
19.53
20.26
22.39
21.19
17.02
15.6
14.48
16.48
17.07
17.07
18.9
18.6
17.31
16.75
16.53
19.43
17.11
18.41
18.19
17.16
17.31
17.75
16.7
16.72
19.17
20.95
18.75
18.55
14.77
16.19
16.94
18.48
17.6
17.8
18.07
19.38
20.95
21.46
21.26
18.19
19.12
19.53
18.97
19.26
18.38
21.24
19.78
18.99
19.19
20.92
22.68
22.07
16.06
16.46
19.36
19.09
18.12
18.99
20.61
20.0
19.43
18.6
19.21
21.19
17.72
19.21
19.31
20.61
19.85
22.56
21.17
19.24
20.39
18.58
18.77
21.8
20.95
20.31
21.04
22.14
18.87
21.34
20.12
16.24
19.04
19.09
17.09
19.17
20.83
23.1
19.14
18.46
15.36
17.97
19.82
20.21
17.68
19.7
23.0
22.31
17.16
18.02
17.24
18.33
17.99
17.7
20.51
21.26
22.05
19.95
18.82
16.5
18.46
19.68
18.68
20.53
18.53
18.24
20.51
20.83
18.55
19.82
18.16
18.8
