0.0102
0.0103
0.01068
0.01087
0.0104
0.01106
0.01078
0.0104
0.01059
0.01097
0.01087
0.01087
0.01068
0.01068
0.01001
0.009918
0.0103
0.01068
0.01059
0.01049
0.0103
0.0104
0.0104
0.01011
0.0104
0.0102
0.01078
0.01049
0.01078
0.01068
0.01049
0.01049
2.716
41.85
48.29
48.93
48.58
28.81
46.68
26.03
32.91
48.88
48.93
48.68
36.47
52.15
23.29
39.16
47.85
48.44
49.51
38.77
46.73
21.85
20.29
16.63
19.73
47.9
32.91
30.22
45.51
22.09
45.02
43.55
38.82
35.6
30.37
18.43
18.73
29.2
21.8
15.99
15.06
17.33
22.02
25.1
20.02
16.55
10.02
18.48
24.76
27.54
27.78
31.1
32.76
31.05
20.61
22.12
20.73
18.09
12.79
19.29
30.08
34.91
33.25
31.1
31.64
22.05
25.0
25.73
14.77
17.85
14.14
15.84
8.972
15.01
14.84
20.41
17.29
19.14
21.53
24.37
24.78
28.71
26.9
25.63
32.76
21.29
14.58
17.75
16.02
14.92
14.77
15.28
15.26
15.09
13.82
19.46
22.17
24.61
24.41
18.6
16.85
16.55
16.82
22.88
27.78
15.92
22.78
28.61
31.98
29.79
27.49
31.93
25.59
32.47
37.45
18.04
18.55
22.09
25.88
17.43
30.42
30.37
21.53
18.63
15.5
16.21
19.48
25.68
28.52
14.65
21.97
26.03
26.07
28.52
31.4
32.62
24.24
16.38
19.56
16.94
16.67
12.26
14.62
13.38
18.6
16.75
17.55
19.68
19.63
20.97
15.19
18.58
18.55
20.87
18.85
14.97
15.28
14.28
13.35
24.37
21.48
21.73
10.24
11.39
5.487
17.82
3.265
31.35
33.54
19.46
11.12
0.3975
0.06037
0.02413
0.0226
0.02403
6.274
19.6
18.51
20.04
16.7
19.12
20.85
16.41
36.08
32.52
18.87
18.7
20.46
34.72
35.3
24.32
36.91
29.3
14.82
0.5966
0.1057
0.02556
0.02365
0.02613
6.158
12.82
2.081
13.33
16.48
18.21
9.436
16.67
15.48
17.29
20.29
16.36
20.12
19.63
20.41
35.16
34.03
22.83
13.4
0.3532
0.08183
0.02594
0.02308
0.02584
8.618
26.37
18.12
21.07
18.8
12.77
36.13
34.72
18.36
20.34
16.33
9.131
18.63
35.99
29.3
14.84
14.06
14.62
14.38
0.1953
0.09155
0.02613
0.02222
0.02441
6.024
15.82
14.45
0.3601
11.84
16.89
18.87
17.33
23.44
15.89
17.16
19.14
20.21
38.57
31.45
14.58
18.73
28.42
30.66
19.26
0.7294
0.3513
0.02394
0.02584
6.189
17.97
15.53
12.7
16.06
18.43
23.12
25.15
15.75
6.36
12.01
15.99
15.11
17.38
30.52
28.27
18.85
17.7
16.09
21.04
28.32
18.16
0.6905
0.3796
6.134
12.84
13.21
15.14
15.04
17.11
16.85
16.97
15.8
14.79
14.62
16.43
16.82
16.77
19.78
13.09
6.433
3.006
18.04
21.34
22.31
18.26
0.7004
0.367
6.14
22.31
30.81
26.76
20.56
27.05
30.62
19.92
15.82
13.92
15.89
11.36
14.14
10.42
15.41
15.06
16.11
14.84
16.72
15.41
15.87
15.36
15.84
17.02
22.07
25.1
25.88
25.98
37.06
38.82
35.69
33.94
33.2
35.3
31.2
28.66
31.74
34.57
31.79
31.1
33.94
35.6
33.5
29.74
3.015
9.741
22.39
21.36
17.65
18.41
14.31
15.53
17.58
21.19
19.75
15.75
15.84
15.19
22.63
16.94
15.36
7.703
5.505
18.24
21.22
30.52
37.55
36.52
35.55
34.18
34.28
36.91
35.89
35.25
32.96
36.38
33.11
33.45
32.57
32.96
31.98
31.2
31.15
34.38
32.52
24.37
3.851
25.44
17.14
16.85
21.92
26.27
20.36
17.26
17.33
17.63
16.16
17.92
16.92
23.54
22.14
19.12
2.634
20.09
23.22
32.37
29.1
30.91
32.86
36.04
33.74
36.43
34.13
35.25
36.52
32.67
27.73
30.76
27.34
30.47
29.35
35.45
31.84
27.64
25.05
27.0
31.54
12.67
12.65
20.34
16.53
14.65
14.21
15.72
24.07
21.07
18.09
17.97
25.83
22.05
16.41
13.77
14.33
15.28
1.95
15.19
35.4
35.25
34.28
32.13
31.54
27.64
27.1
21.68
24.39
36.18
37.74
33.25
30.86
32.42
30.32
28.81
29.88
32.71
31.88
31.05
29.35
26.51
27.25
28.56
6.982
9.412
25.98
16.58
20.21
26.46
22.49
23.54
20.68
17.87
17.24
16.14
11.77
16.63
17.43
15.92
14.79
5.975
14.21
22.58
37.21
39.65
36.96
33.15
35.74
39.31
37.01
32.91
35.3
34.96
35.3
32.71
30.96
29.25
32.91
37.45
36.77
36.28
37.11
36.08
14.38
15.6
22.17
19.41
31.59
28.66
24.24
24.58
27.69
20.9
18.77
15.65
24.32
25.83
6.335
19.24
35.64
35.94
13.7
1.45
15.55
32.03
15.7
31.74
37.79
23.07
20.39
24.88
9.351
43.26
39.16
16.6
26.46
27.39
34.03
34.96
16.72
20.46
38.18
25.83
17.38
31.93
15.99
30.13
35.25
30.47
37.6
22.34
5.646
31.45
39.45
39.21
40.09
36.62
34.23
33.54
33.89
35.06
37.21
37.3
36.91
37.84
35.5
36.67
39.21
38.28
36.72
35.74
37.7
14.45
16.7
22.56
28.61
39.21
27.0
32.42
30.27
27.44
14.01
24.54
23.75
11.01
14.55
27.78
39.31
40.04
42.19
37.11
33.64
31.84
30.57
30.81
31.1
31.74
30.37
28.61
26.22
28.12
27.83
26.76
25.78
22.0
22.24
24.41
24.44
21.56
17.02
15.45
16.6
5.859
17.24
18.46
17.09
18.95
20.73
22.56
17.92
20.92
23.27
19.92
15.8
15.92
15.8
17.99
16.94
15.33
8.984
12.92
18.51
20.24
22.24
23.22
17.14
17.8
17.55
16.65
15.77
17.63
16.43
19.58
13.53
17.16
19.14
20.73
17.58
19.09
19.9
17.8
17.8
16.63
16.63
20.07
19.34
17.36
18.6
20.78
22.73
21.19
21.41
22.41
21.02
18.75
16.55
16.36
18.99
20.75
19.34
23.41
24.49
26.32
24.15
22.68
24.19
24.63
24.9
25.34
26.03
10.08
12.19
15.67
17.31
16.6
21.29
20.43
18.24
17.02
13.77
14.28
13.87
14.21
16.24
15.53
12.29
14.97
11.67
15.33
13.31
1.421
17.21
20.73
20.24
20.53
19.58
19.34
20.92
23.41
21.39
22.66
27.05
26.46
23.85
21.36
18.99
16.75
16.16
17.9
16.09
16.19
17.58
17.5
16.11
15.94
16.26
18.55
16.24
15.82
15.48
15.41
16.06
15.8
15.87
16.31
15.67
16.16
16.72
15.58
17.02
16.77
10.36
2.09
9.656
17.07
14.18
8.948
13.01
15.09
13.77
16.63
17.26
15.62
16.04
16.77
16.46
16.82
14.55
15.84
15.55
15.36
15.06
4.401
13.57
7.593
14.82
17.9
18.16
16.7
17.48
15.62
13.7
17.5
15.09
