6.726
6.995
7.202
7.373
7.544
7.532
7.532
7.52
7.52
7.52
7.532
3.925
3.76
3.992
4.065
4.132
4.26
4.26
4.26
4.26
4.401
4.449
4.449
4.449
4.449
4.51
4.639
4.639
4.639
4.639
4.639
4.639
4.639
4.639
4.779
4.834
4.834
4.834
4.834
4.834
4.834
4.834
4.834
4.834
4.834
4.834
4.834
4.834
4.834
4.834
4.834
4.834
4.901
4.846
4.846
4.846
4.846
4.968
5.029
5.029
5.029
5.029
5.029
5.029
5.029
5.029
5.029
5.029
5.029
5.029
5.029
5.029
5.023
5.029
5.029
5.029
5.029
5.029
5.029
5.029
5.029
5.029
5.029
5.029
5.2
5.225
5.225
5.225
5.225
5.225
5.225
5.225
5.225
5.225
5.225
5.225
5.219
5.219
5.31
5.414
5.414
5.414
5.414
5.414
5.414
5.414
5.414
5.414
5.414
5.414
5.414
5.414
5.414
5.414
5.414
5.414
5.414
5.414
5.414
5.414
5.414
5.414
5.475
5.603
5.603
5.603
5.603
5.603
5.603
5.603
5.603
5.603
5.603
5.603
5.603
5.603
5.603
5.719
5.798
5.798
5.798
5.798
5.798
5.798
5.792
5.798
5.792
5.798
5.798
5.798
5.902
5.988
5.988
5.988
5.988
5.988
5.988
5.988
5.988
5.988
5.988
6.042
6.183
6.183
6.183
6.183
6.183
6.219
6.384
6.384
6.567
6.567
6.567
6.567
6.628
6.787
6.787
6.787
6.787
6.873
6.958
6.958
7.117
7.153
7.3
7.349
7.349
7.349
7.349
7.349
7.397
7.544
7.373
7.361
7.361
7.361
7.361
6.262
3.351
3.662
3.857
3.912
4.053
4.053
4.205
4.248
4.242
4.248
4.297
4.437
4.437
4.437
4.437
4.443
4.443
4.443
4.443
4.614
4.645
4.651
4.651
4.651
4.651
4.651
4.651
4.645
4.651
4.651
4.651
4.81
4.846
4.84
4.846
4.846
4.846
4.846
4.846
4.846
4.84
4.84
4.84
4.84
4.84
4.84
4.919
5.035
5.035
5.035
5.035
5.042
5.035
5.035
5.029
5.029
5.029
5.029
5.029
5.029
5.029
5.048
5.225
5.225
5.225
5.225
5.225
5.225
5.225
5.225
5.316
5.426
5.432
5.621
5.719
5.963
6.195
6.506
6.738
6.982
7.239
7.361
7.361
7.361
7.361
7.361
6.433
3.4
3.87
4.016
4.065
4.065
4.132
4.26
4.26
4.26
4.26
4.26
4.437
4.456
4.456
4.456
4.456
4.456
4.449
4.449
4.59
4.645
4.645
4.645
4.651
4.651
4.651
4.651
4.651
4.651
4.651
4.651
4.706
4.846
4.846
4.846
4.846
4.846
4.846
4.846
4.846
4.846
4.84
4.84
4.84
4.846
4.846
4.846
4.846
4.846
4.84
4.84
4.84
4.84
4.84
4.84
4.84
4.84
4.84
5.035
5.035
5.035
5.035
5.035
5.035
5.035
5.035
5.035
5.035
5.035
5.035
5.035
5.035
5.035
5.035
5.035
5.2
5.231
5.231
5.231
5.231
5.231
5.231
5.231
5.231
5.267
5.426
5.536
5.615
5.615
5.615
5.615
5.615
5.719
5.811
5.811
5.811
5.811
5.811
5.951
6.006
6.006
6.006
6.006
6.134
6.189
6.189
6.189
6.189
6.189
6.189
6.189
6.189
6.189
6.189
6.189
6.189
6.189
6.189
6.189
6.189
6.189
6.195
6.384
6.384
6.384
6.384
6.384
6.384
6.384
6.384
6.384
6.384
6.384
6.384
6.384
6.384
6.384
6.531
6.58
6.58
6.58
6.58
6.58
6.58
6.58
6.58
6.58
6.58
6.58
6.58
6.58
6.58
6.58
6.58
6.58
6.58
6.726
6.958
7.153
7.153
7.153
7.153
7.275
7.349
7.349
7.349
7.349
7.349
7.349
7.349
7.349
7.349
7.349
7.349
7.349
7.349
7.349
7.349
7.349
4.559
3.473
3.735
3.87
3.961
4.065
4.132
4.26
4.26
4.26
4.26
4.407
4.437
4.437
4.437
4.437
4.437
4.431
4.431
4.437
4.602
4.633
4.633
4.626
4.633
4.633
4.626
4.626
4.626
4.626
4.626
4.633
4.633
4.633
4.669
4.828
4.822
4.822
4.822
4.828
4.828
4.822
4.822
4.822
4.822
4.822
4.822
4.828
4.828
4.828
4.828
4.938
5.017
5.017
5.017
5.017
5.023
5.023
5.023
5.023
5.023
5.023
5.023
5.023
5.017
5.017
5.017
5.017
5.017
5.243
5.408
5.408
5.493
5.597
5.719
5.792
5.792
5.817
6.055
6.335
6.372
6.372
6.372
6.47
6.677
6.799
7.056
7.19
7.349
7.336
7.336
7.336
7.336
7.336
7.336
3.302
3.693
3.949
4.047
4.047
4.218
4.242
4.242
4.242
4.242
4.242
4.407
4.437
4.437
4.437
4.437
4.437
4.437
4.437
4.437
4.48
4.633
4.633
4.626
4.626
4.626
4.633
4.633
4.626
4.626
4.626
4.626
4.626
4.626
4.773
4.822
4.822
4.822
4.822
4.822
4.822
4.828
4.828
4.828
4.828
4.828
4.828
4.828
4.828
4.828
4.822
4.822
4.822
4.822
4.822
4.822
4.938
5.017
5.017
5.017
5.072
5.212
5.212
5.389
5.414
5.42
5.42
5.42
5.487
5.615
5.615
5.615
5.615
5.798
5.811
5.811
5.811
5.945
6.006
6.006
6.006
6.006
6.006
6.006
6.006
6.189
6.201
6.201
6.201
6.201
6.201
6.201
6.201
6.201
6.195
6.195
6.201
6.201
6.201
6.384
6.384
6.384
6.543
6.58
6.689
6.763
6.763
6.763
6.763
6.763
6.763
6.763
6.763
6.763
6.763
6.763
6.763
6.763
6.763
6.763
6.763
6.824
6.958
6.958
6.958
6.958
6.958
6.958
6.958
6.958
6.958
6.958
6.958
6.958
6.958
6.958
6.982
7.153
7.153
7.153
7.153
7.153
7.153
7.153
7.153
7.153
7.153
7.288
7.349
7.349
7.349
7.349
7.349
7.349
7.349
7.349
7.349
7.349
7.349
7.349
7.349
7.349
7.349
7.349
7.349
7.349
7.349
7.349
7.349
7.349
4.919
3.613
3.87
3.949
4.053
4.053
4.102
4.248
4.248
4.248
4.248
4.248
4.248
4.248
4.413
4.443
4.437
4.443
4.443
4.443
4.443
4.639
4.639
4.639
4.639
4.639
4.633
4.639
4.633
4.633
4.633
4.633
4.633
4.639
4.669
4.828
4.828
4.828
4.828
4.828
4.828
4.828
4.828
4.828
4.834
4.828
4.828
4.828
4.828
4.828
4.828
4.901
5.023
5.023
5.023
5.023
5.023
5.035
5.035
5.035
5.035
5.035
5.029
5.029
5.029
5.029
5.029
5.029
5.029
5.029
5.029
5.029
5.212
5.231
5.347
5.426
5.42
5.42
5.511
5.603
5.664
5.957
