0.0
6.47
20.46
19.92
15.67
14.62
14.21
14.92
13.65
15.04
8.398
0.06514
0.0
0.0
11.88
21.39
9.875
0.1114
0.0
0.009632
0.0
0.004101
9.537e-05
0.0
0.0
0.004005
0.0
20.36
23.29
23.1
17.29
23.32
23.02
23.1
23.07
23.05
23.22
23.05
23.17
23.19
22.61
20.58
19.14
0.001717
0.002003
9.537e-05
0.001812
0.002766
9.537e-05
0.001717
0.001621
0.002384
16.89
23.05
23.32
23.17
23.39
23.75
23.56
23.51
23.71
23.51
23.63
23.78
23.36
23.8
23.49
23.54
23.54
23.73
23.61
23.32
23.71
23.73
23.73
23.56
23.73
23.63
23.58
23.14
23.07
23.27
23.14
18.51
23.56
23.12
23.39
0.0
23.97
0.3887
0.0
