0.0
0.6714
0.6821
2.414
18.9
17.99
17.11
18.73
17.99
12.65
18.9
17.72
17.55
19.53
19.75
15.84
17.97
18.82
15.33
18.65
18.04
17.94
19.17
18.75
18.7
18.29
18.26
18.16
18.68
19.34
17.97
18.63
18.65
18.02
19.97
19.21
16.7
16.92
17.68
16.63
17.99
17.24
16.82
18.12
18.38
13.94
17.09
14.72
16.82
15.23
16.24
17.11
18.85
18.29
16.94
15.21
16.8
18.21
17.6
17.94
18.87
18.8
18.26
18.63
17.7
15.94
16.24
17.75
17.19
17.41
17.16
16.38
16.26
15.09
13.4
14.43
17.9
17.55
17.21
17.33
16.09
16.28
17.92
13.89
15.53
15.7
13.55
17.7
15.5
16.89
17.04
15.06
15.41
15.41
17.46
18.6
12.65
13.55
14.67
17.31
14.62
17.04
15.28
17.55
16.31
13.84
16.85
15.11
16.48
15.33
16.65
16.38
14.5
17.48
15.92
14.84
16.19
16.16
14.87
17.21
17.09
16.04
11.06
14.18
17.68
18.43
15.38
15.19
15.01
16.24
16.53
18.38
15.7
16.58
18.43
17.38
14.21
14.92
15.16
17.11
15.11
16.55
14.36
15.94
16.53
16.26
13.48
15.67
16.53
17.31
17.94
18.02
17.53
13.43
15.65
18.33
17.24
13.57
15.8
15.01
13.99
16.33
17.04
17.85
16.77
15.67
16.14
13.23
16.58
14.48
17.46
15.43
13.13
17.26
15.97
14.82
14.97
17.24
15.14
17.53
16.6
15.62
15.62
