0.08192
0.07973
0.08383
0.1026
0.06685
0.06733
0.08135
0.0701
0.08211
0.0761
0.06227
0.06132
0.06552
0.0617
0.06409
0.07515
0.07706
0.07439
0.0618
0.0699
0.07677
0.07362
0.07858
0.08745
0.06924
0.09842
0.08192
0.07191
0.07515
0.0762
0.07896
0.06523
0.06437
0.07772
0.06247
0.07391
0.09718
0.07353
0.06905
0.08402
0.07172
0.06247
0.06113
0.06361
0.05713
0.07601
0.0865
0.06533
0.06628
0.05026
0.05159
0.08688
0.06895
0.05836
0.06266
0.06018
0.06342
0.0659
0.05779
0.04511
0.05426
0.0474
0.04377
0.04892
0.05493
0.04206
0.04416
0.04883
0.04845
0.03529
0.03586
0.05741
0.04702
0.05674
0.03958
0.05169
0.0392
0.0371
0.02804
0.03195
0.04368
0.03643
0.03185
0.06351
0.04539
0.03767
0.03958
0.04787
0.03481
0.04435
0.04063
0.05608
0.06189
0.02975
0.0679
0.0309
0.04778
0.03538
0.05112
0.02832
0.03023
0.03157
0.05627
0.09823
0.04463
0.07906
0.03529
0.05035
0.04215
0.04578
0.04616
0.04606
0.05875
0.04215
0.04044
0.03834
0.02661
0.02642
0.04425
0.03195
0.04854
0.03834
0.04787
0.06409
0.04005
0.05817
0.04873
0.0329
0.03242
0.03719
0.02909
0.03176
0.02756
0.03252
0.0432
0.05131
0.06981
0.04272
0.0432
0.04406
0.05159
0.04196
0.04864
0.04959
0.0577
0.04358
0.0371
0.03872
0.04492
0.04883
0.03767
0.04263
0.05131
0.05255
0.05808
0.05884
0.06552
0.0576
0.05293
0.08011
0.06933
0.0638
0.07725
0.07429
0.07906
0.04902
0.04797
0.04673
0.05665
0.06371
0.06866
0.06208
0.04501
0.0679
0.06218
0.06952
0.06781
0.05951
0.07725
0.05445
0.04997
0.05875
0.05665
0.0659
0.06161
0.0494
0.0742
0.05922
0.07505
0.07038
0.05732
0.05655
0.05808
0.05579
0.06857
0.05293
0.06428
0.05693
0.06618
0.07267
0.0741
0.06943
0.06657
0.07973
0.07668
0.06714
0.07734
0.07381
0.07811
0.07
0.07458
0.08297
0.1015
0.08774
0.0803
0.07153
0.08469
0.08793
0.0845
0.08335
0.05951
0.06037
0.06313
0.07553
0.07124
0.08478
0.07172
0.07515
0.06742
0.0865
0.07544
0.0803
0.1011
0.09031
0.09861
0.09251
0.09527
0.1026
0.1163
0.07772
0.07572
0.07439
0.07257
0.07334
0.08059
0.1116
0.08993
0.08249
0.08297
0.09518
0.09155
0.08049
0.08593
0.08173
0.07753
0.07572
0.08049
0.0742
0.06046
0.07048
0.06628
0.07124
0.06752
0.08612
0.07267
0.07381
0.04959
0.06723
0.0659
0.0865
0.05808
0.06523
0.06628
0.08202
0.06275
0.07334
0.05341
0.08183
0.06361
0.08373
0.0638
0.08163
0.05093
0.06819
0.05913
0.07591
0.06676
0.06227
0.06628
0.07811
0.06437
0.07076
0.06351
0.0493
0.05951
0.07248
0.07868
0.06876
0.07401
0.08478
0.08945
0.06838
0.06113
0.0618
0.07935
0.05865
0.0659
0.07811
0.07553
0.0556
0.07343
0.07124
0.08574
0.06113
0.08574
0.06371
0.06418
0.06971
0.06924
0.07801
0.08469
0.07668
0.08955
0.06323
0.06886
0.08898
0.07439
0.09527
0.05703
0.06809
0.07057
0.08402
0.06208
0.07792
0.07448
0.07296
0.07629
0.0659
0.06218
0.0844
0.05836
0.07362
0.05713
0.0659
0.07877
0.0639
0.05989
0.06084
0.05331
0.05255
0.05426
0.04807
0.05207
0.05779
0.05074
0.0493
0.05236
0.04597
0.05541
0.05589
0.0473
0.06676
0.04911
0.04663
0.04139
0.05007
0.03386
0.03366
0.04339
0.04215
0.05217
0.03252
0.05112
0.02699
0.06609
0.06571
0.03157
0.02565
0.04244
0.05178
0.0351
0.05474
0.0371
0.03176
0.03042
0.04129
0.03119
0.0289
0.02975
0.05102
0.06056
0.04692
0.05722
0.03843
0.03719
0.03738
0.03328
0.04435
0.05083
0.05207
0.05112
0.04025
0.03729
0.03633
0.04578
0.05865
0.0432
0.03891
0.05455
0.04654
0.03881
0.05751
0.07038
0.06475
0.04435
0.05798
0.06227
0.04692
0.04711
0.05741
0.04625
0.06285
0.07362
0.06504
0.05665
0.07544
0.06056
0.05474
0.05016
0.05293
0.04787
0.04683
0.05293
0.05302
0.04692
0.06094
0.05455
0.04396
0.03719
0.05589
0.07114
0.05045
0.07162
0.06695
0.0576
0.05646
0.05112
0.05388
0.06351
0.06838
0.05417
0.08011
0.07391
0.08554
0.06847
0.07191
0.08936
0.07706
0.0556
0.09289
0.07038
0.08802
0.09251
0.09346
0.1003
0.1045
0.1163
0.0967
0.09403
0.08469
0.09842
0.07992
0.1122
0.07715
0.1001
0.1005
0.09747
0.1045
0.08106
0.09995
0.1026
0.1114
0.1183
0.107
0.07954
0.07915
0.07753
0.06552
0.09022
0.07515
0.08841
0.09174
0.06971
0.06685
0.08297
0.07353
0.07744
0.08802
0.09737
0.072
0.09956
0.07477
0.09718
0.1194
0.1339
0.09289
0.08059
0.09651
0.08898
0.09289
0.1375
0.09861
0.1001
0.09193
0.07734
0.08097
0.09727
0.09785
0.07267
0.09041
0.06495
0.06742
0.05598
0.06838
0.05684
0.07086
0.07324
0.08678
0.06676
0.08831
0.06332
0.07019
0.05598
0.06742
0.0658
0.08078
0.07229
0.06418
0.06008
0.06361
0.06037
0.07896
0.06599
0.07925
0.05798
0.07629
0.0741
0.08049
0.07448
0.06886
0.07896
0.08898
0.0659
0.07811
0.06475
0.09766
0.06666
0.1019
0.07219
0.07563
0.08583
0.09289
0.0885
0.08316
0.05217
0.07973
0.06065
0.07381
0.06151
0.08192
0.05713
0.07925
0.06437
0.08812
0.07925
0.07229
0.06342
0.08144
0.06552
0.08039
0.06351
0.07868
0.06657
0.07181
0.06952
0.07038
0.09327
0.06685
0.06018
0.05026
0.07896
0.0618
0.08316
0.05875
0.06742
0.05131
0.06924
0.05159
0.06514
0.05798
0.06533
0.05569
0.08354
0.05569
0.08249
0.07877
0.0865
0.08049
0.09661
0.05035
0.07458
0.04864
0.05398
0.05789
0.05827
0.05007
0.06409
0.05035
0.04997
0.04816
0.05503
0.04129
0.04129
0.04454
0.03328
0.04044
0.03157
0.05665
0.04692
0.06495
0.0639
0.06533
0.05169
0.05569
0.06075
0.04015
0.03948
0.05445
0.04101
0.03929
0.05226
0.03986
0.04234
0.06876
0.05665
0.05293
0.02127
0.03796
0.02975
0.0494
0.03777
0.04101
0.02632
0.03395
0.04568
0.06618
0.04177
0.03576
0.04425
0.02604
0.05713
0.03815
0.04864
0.04482
0.05045
0.03958
0.04215
0.03614
0.0247
0.04683
0.04292
0.0658
0.04988
0.03996
0.03328
0.04301
0.05274
0.06094
0.04473
0.04225
0.04892
0.05322
0.05455
0.05016
0.04644
0.04692
0.05312
0.04082
0.04263
0.05322
0.03805
0.05455
0.037
0.05293
0.04129
0.07315
0.06714
0.04101
0.04988
0.06123
0.04368
0.05293
0.0577
0.0555
0.06132
0.05875
0.05198
0.05302
0.04663
0.0514
0.05131
0.04377
0.05598
0.05188
0.04616
0.0432
0.05713
0.05035
0.05608
0.06514
0.05951
0.05751
0.05255
0.06542
0.05274
0.05989
0.06027
0.0741
0.07467
0.08154
0.06323
0.08001
0.06571
0.06647
0.06294
0.0536
0.06781
0.07029
0.06742
0.06552
0.09022
0.09432
0.07133
0.1034
0.07486
0.09823
0.07553
0.08554
0.08163
0.07792
0.07162
0.06914
0.07925
0.07601
0.08926
0.08011
0.1156
0.06924
0.07868
0.08783
0.07954
0.09499
0.06981
0.07715
0.06943
0.07944
0.07839
0.06866
0.08354
0.08917
0.0762
0.07792
0.08907
0.1085
0.08841
0.08717
0.1131
0.07496
0.06485
0.06266
0.07172
0.09623
0.06828
0.06866
0.07887
0.09632
0.07906
0.08478
0.1009
0.09689
0.06552
0.08039
0.06838
0.08068
0.06857
0.08812
0.07429
0.0865
0.0762
0.09842
