0.02537
0.02661
0.0226
0.02079
0.02289
0.02031
0.02222
0.01907
0.02089
0.01965
0.02317
0.02193
0.02127
0.02241
0.01717
0.02165
0.02537
0.01936
0.02174
0.02069
0.02394
0.02079
0.02165
0.02375
0.02842
0.02584
0.02632
0.03014
0.02289
0.01984
0.02432
0.03109
0.02527
0.02337
0.02165
0.02384
0.02699
0.02241
0.01993
0.02718
0.03395
0.03071
0.03014
0.03309
0.03071
0.03309
0.02985
0.02899
0.02775
0.02737
0.02985
0.04139
0.03338
0.0268
0.03691
0.02985
0.02451
0.02251
0.02375
0.02995
0.02718
0.0267
0.02317
0.02146
0.0329
0.01936
0.02871
0.02174
0.02756
0.02117
0.02232
0.02165
0.02012
0.02518
0.02098
0.02041
0.02384
0.01841
0.02813
0.02069
0.0185
0.02213
0.02193
0.02728
0.02193
0.02136
0.02708
0.02851
0.02422
0.0247
0.0289
0.02337
0.02899
0.02775
0.02298
0.02813
0.02623
0.02403
0.02527
0.02518
0.02785
0.02155
0.02337
0.02337
0.02222
0.0268
0.02565
0.02413
0.02842
0.0329
0.02289
0.02403
0.02413
0.02537
0.02909
0.02375
0.0329
0.03815
0.02794
0.03424
0.03014
0.03128
0.02842
0.02003
0.02317
0.02174
0.0288
0.02804
0.0227
0.02222
0.02365
0.02432
0.02985
0.0227
0.02499
0.02108
0.02489
0.02193
0.02213
0.02384
0.03052
0.02241
0.02565
0.02766
0.02785
0.04444
0.02604
0.02308
0.0309
0.02155
0.02098
0.03157
0.0267
0.02384
0.02594
0.02375
0.02737
0.02632
0.0329
0.03605
0.02441
0.02871
0.02642
0.035
0.02804
0.03042
0.02737
0.02995
0.03233
0.02337
0.02708
0.02718
0.02327
0.02699
0.03691
0.02613
0.02375
0.0329
0.02394
0.03271
0.02556
0.03262
0.02794
0.02451
0.02575
0.02451
0.02365
0.02079
0.03576
0.02165
0.02489
0.02356
0.0246
0.02184
0.0246
0.02718
0.02298
0.02623
0.02413
0.0248
0.02079
0.02575
0.03824
0.02174
0.02184
0.02508
0.02537
0.02518
0.02508
0.02708
0.02184
0.02317
0.02928
0.02413
0.02012
0.02346
0.02728
0.02508
0.03195
0.0289
0.03033
0.02728
0.03462
0.02956
0.0288
0.03052
0.02699
0.03252
0.02165
0.02432
0.02089
0.02632
0.02861
0.02079
0.0247
0.02375
0.02155
0.02327
0.02556
0.02594
0.02003
0.03014
0.02489
0.02451
0.02117
0.02232
0.0227
0.02766
0.02651
0.02575
0.02661
0.02241
0.03042
0.02909
0.02699
0.02565
0.02565
0.02451
0.02708
0.02222
0.02909
0.02689
0.02184
0.02241
0.03033
0.02661
0.03328
0.02546
0.0289
0.02832
0.03948
0.02584
0.02842
0.02756
0.03157
0.02899
0.02689
0.03176
0.03576
0.03719
0.02613
0.03567
0.0351
0.03767
0.03176
0.02909
0.0308
0.03757
0.02861
0.02918
0.03424
0.02575
0.03614
0.02565
0.0351
0.02508
0.02995
0.0371
0.02928
0.0349
0.03042
0.02718
0.02651
0.02708
0.02518
0.03157
0.02937
0.03262
0.02851
0.02518
0.02584
0.02918
0.03071
0.02575
0.0267
0.02298
0.02766
0.01869
0.02298
0.02499
0.02499
0.02565
0.02279
0.02394
0.02127
0.02174
0.0205
0.02518
0.0392
0.01945
0.0226
0.02289
0.0186
0.01926
0.02575
0.01965
0.0227
0.01869
0.02356
0.0226
0.02365
0.01936
0.02632
0.01945
0.02079
0.01936
0.02356
0.02174
0.0227
0.0186
0.02146
0.02155
0.02823
0.01955
0.02766
0.02203
0.02375
0.02489
0.04539
0.01984
0.02003
0.02279
0.02251
0.01945
0.04187
0.02317
0.0227
0.02165
0.03395
0.02699
0.0246
0.0248
0.04597
0.02918
0.02251
0.02165
0.02403
0.02394
0.02174
0.02718
0.02241
0.02451
0.02451
0.02394
0.02632
0.03071
0.02079
0.02623
0.02089
0.02575
0.02356
0.02851
0.02489
0.03471
0.02756
0.02375
0.03319
0.02756
0.0268
0.02718
0.02518
0.03414
0.02785
0.03052
0.02699
0.02775
0.02871
0.02832
0.02298
0.02832
0.02193
0.02718
0.02499
0.03481
0.02604
0.03901
0.02909
0.02489
0.02995
0.02575
0.0289
0.02766
0.02203
0.02737
0.02851
0.03386
0.02165
0.02708
0.02651
0.02975
0.02718
0.0289
0.02241
0.02918
0.02041
0.02537
0.02127
0.02899
0.02527
0.02375
0.02403
0.02708
0.01879
0.0288
0.02251
0.02413
0.03452
0.02928
0.01831
0.02432
0.02947
0.02699
0.03157
0.0288
0.02737
0.03214
0.02518
0.0309
0.02518
0.02928
0.03023
0.02718
0.03309
0.03386
0.02737
0.02947
0.0411
0.02794
0.02737
0.0288
0.03004
0.02861
0.03223
0.03309
0.03281
0.02966
0.03662
0.02947
0.03691
0.03366
0.03529
0.04311
0.03557
0.03233
0.02804
0.03557
0.02794
0.03223
0.02861
0.03405
0.03281
0.0392
0.04311
0.03052
0.03843
0.03738
0.03357
0.03347
0.04148
0.02499
0.02623
0.02956
0.0247
0.02832
0.02327
0.02823
0.02947
0.03004
0.02661
0.02069
0.03128
0.02756
0.0247
0.02632
0.03023
0.0349
0.02193
0.02718
0.02832
0.03042
0.02556
0.02556
0.02661
0.02995
0.03395
0.04063
0.02823
0.02985
0.0247
0.02127
0.02489
0.02413
0.02375
0.02804
0.02413
0.02871
0.02594
0.02136
0.02289
0.01945
0.0205
0.02422
0.0371
0.0248
0.01955
0.02193
0.01869
0.02527
0.02174
0.02251
0.01993
0.0185
0.02432
0.0227
0.02451
0.02308
0.03929
0.03109
0.02089
0.02365
0.02766
0.03386
0.02394
0.068
0.02394
0.02413
0.02832
0.02251
0.02384
0.02499
0.02441
0.02308
0.02041
0.02556
0.02241
0.02708
0.02518
0.02422
0.0227
0.02584
0.02527
0.02537
0.02575
0.02203
0.02441
0.02775
0.02956
0.02565
0.02499
0.02737
0.02241
0.03414
0.02699
0.03119
0.02298
0.02499
0.02995
0.02451
0.0267
0.0247
0.02136
0.03538
0.02909
0.0205
0.0267
0.02298
0.02451
0.02346
0.03061
0.0248
0.03071
0.03204
0.02966
0.02279
0.03185
0.02413
0.03099
0.02995
0.02527
0.0309
0.02394
0.02975
0.0308
0.02899
0.0246
0.02527
0.02899
0.02527
0.02918
0.03061
0.03891
0.02956
0.02861
0.03643
0.02651
0.02995
0.03052
0.0248
0.03462
0.02489
0.02985
0.02871
0.0268
0.03119
0.02756
0.02728
0.02661
0.03042
0.0246
0.02356
0.03605
0.02546
0.02956
0.02766
0.02203
0.0246
0.02403
0.02317
0.0226
0.02661
0.02356
0.02642
0.03033
0.02556
0.02356
0.02613
0.02279
0.02089
0.02832
0.02518
0.02565
0.02594
0.02851
0.0227
0.02298
0.02384
0.03004
0.02537
0.1116
0.0844
0.03538
0.0289
0.03071
0.03223
0.02651
0.0351
0.0453
0.02613
0.02899
0.02975
0.0248
0.02604
0.02947
0.02384
0.0268
0.02756
0.0288
0.03052
0.02499
0.02537
