10.83
11.12
11.04
11.07
10.63
10.23
10.22
10.07
9.973
10.13
10.19
9.912
10.01
9.998
9.924
9.961
10.23
9.949
10.08
10.29
10.16
9.888
9.9
10.13
10.35
10.1
9.937
10.06
10.1
10.21
10.47
10.5
10.58
10.46
10.86
10.4
10.28
10.21
10.3
10.16
10.12
10.3
10.53
10.71
10.74
10.53
10.77
10.85
10.85
10.85
10.78
10.75
10.69
10.53
10.28
10.39
10.55
10.63
10.67
10.82
10.79
10.69
10.4
10.42
10.66
10.67
10.83
10.89
10.97
11.58
10.67
10.67
10.9
10.71
10.3
11.08
11.27
11.33
11.24
11.25
11.27
11.29
11.36
11.18
11.06
11.06
11.06
11.25
11.38
11.25
11.12
11.06
11.06
11.06
10.93
10.86
10.86
10.9
11.07
11.24
11.29
11.28
11.32
11.25
10.91
10.86
10.99
10.9
10.99
10.89
10.84
10.85
10.86
10.88
11.01
11.07
11.34
10.41
9.9
10.03
9.851
9.717
9.9
9.9
9.741
9.753
9.692
9.705
9.9
10.27
10.28
10.28
10.28
10.27
10.12
10.33
10.51
10.24
9.497
9.387
9.106
9.302
9.253
9.18
9.375
9.241
9.204
9.155
9.167
9.106
9.021
9.094
9.131
9.155
9.106
9.119
9.253
9.363
9.485
9.57
9.607
9.277
9.253
9.302
9.534
9.802
10.08
10.31
10.35
9.741
9.875
9.875
9.753
9.875
9.912
10.07
10.07
10.1
10.27
10.08
10.08
10.1
10.12
10.33
9.741
9.888
10.03
10.08
10.28
10.11
10.19
10.22
10.25
10.28
10.29
10.36
10.57
10.46
10.35
10.31
9.937
10.16
10.29
9.668
9.619
9.839
9.875
10.06
10.11
10.07
10.05
9.973
10.08
10.17
10.14
10.28
10.28
10.28
10.18
10.22
10.36
10.46
10.47
10.42
10.27
10.18
9.814
9.851
9.912
10.07
10.46
10.49
10.36
10.45
10.52
10.12
10.27
10.28
10.45
10.33
10.1
10.29
10.17
10.05
10.03
10.24
10.17
10.08
10.21
9.949
10.08
10.29
10.47
10.44
10.35
10.36
10.28
10.14
10.28
10.41
10.6
10.47
10.46
10.31
10.49
10.55
10.66
10.82
10.72
10.66
10.17
9.924
9.961
10.13
10.03
10.08
10.06
9.79
9.778
9.839
9.692
9.814
9.619
9.717
9.888
9.937
9.692
9.692
9.729
9.741
9.888
9.79
9.827
9.9
9.961
9.888
9.973
9.912
10.21
10.44
10.58
10.39
10.42
10.5
9.973
9.949
10.08
10.08
10.12
10.28
10.29
10.28
10.31
10.36
10.47
10.5
10.47
10.34
10.28
10.55
10.41
10.08
10.08
10.08
10.08
10.27
10.21
10.08
10.11
10.18
10.38
10.47
10.6
10.67
10.67
10.67
10.66
10.38
9.766
10.17
10.07
10.02
12.79
12.79
12.82
13.01
13.18
13.18
13.28
13.38
13.38
13.38
13.38
13.38
13.38
13.48
13.38
13.43
13.23
12.92
12.79
12.87
12.94
12.82
12.89
12.67
12.74
12.84
13.01
13.23
13.28
13.11
12.62
12.84
12.41
12.33
12.0
11.66
11.72
11.45
11.45
11.63
11.58
11.24
11.01
10.86
10.86
10.86
10.96
11.12
11.12
11.06
11.12
11.25
11.13
10.97
10.88
10.95
11.06
11.06
11.17
11.34
11.44
11.45
11.58
11.72
11.43
10.93
11.06
11.17
11.06
10.86
10.75
10.79
10.84
10.57
10.47
10.64
10.86
11.0
11.01
10.64
10.68
10.67
10.67
10.86
11.06
10.8
10.86
10.89
10.89
10.99
10.93
11.08
11.07
11.52
11.1
11.24
11.05
10.94
10.95
11.06
11.19
11.16
11.4
11.44
11.44
11.21
11.44
11.07
11.34
11.54
11.79
11.15
10.85
10.85
10.86
10.88
10.99
11.07
11.25
11.15
11.15
10.86
10.9
10.91
10.55
10.62
10.67
10.74
10.67
10.79
10.69
10.79
10.86
10.86
10.86
10.86
10.86
10.88
11.06
11.16
11.28
11.29
11.24
11.08
11.01
10.63
10.62
10.68
10.84
10.49
10.5
10.67
10.67
10.78
10.85
10.86
10.96
10.77
10.77
10.6
10.77
10.86
10.69
10.49
10.62
10.68
10.84
10.75
10.89
10.85
10.82
10.72
10.85
10.89
10.99
11.05
10.86
10.91
10.67
10.79
11.02
11.28
11.46
10.82
10.68
10.56
10.52
10.49
10.69
10.89
10.86
10.73
10.69
10.33
10.29
10.28
10.17
10.17
10.34
10.22
10.45
10.5
10.28
10.28
10.3
10.18
10.16
10.1
9.888
9.912
9.9
10.08
10.08
10.27
10.31
10.5
10.34
10.46
10.47
10.46
10.46
10.55
10.53
10.58
10.84
10.89
10.8
11.13
10.62
10.46
10.47
10.49
10.66
10.67
10.73
10.67
10.8
10.72
10.63
10.55
10.69
10.71
10.85
10.91
10.91
11.01
11.28
10.38
10.16
10.28
10.28
10.44
10.38
10.42
10.47
10.66
10.85
10.79
10.58
10.49
10.31
10.46
10.13
10.08
10.44
10.12
10.08
10.08
10.72
11.63
11.73
11.71
11.63
11.63
11.58
11.45
11.45
11.45
11.45
11.65
11.74
12.08
12.18
11.77
11.67
11.63
11.58
11.44
11.5
11.45
11.33
11.4
11.44
11.45
11.25
11.34
11.3
11.24
11.24
11.25
11.27
11.44
11.56
11.44
11.54
11.41
11.34
11.44
11.44
11.29
11.25
11.15
11.24
11.43
11.39
10.96
10.86
10.89
10.88
10.96
10.86
10.86
10.9
10.91
10.8
10.47
10.57
10.67
11.38
11.04
9.534
9.546
9.656
9.851
9.973
10.07
9.692
9.656
9.644
9.766
9.692
9.79
9.9
10.11
10.23
10.08
10.14
10.19
10.42
10.29
10.35
10.35
10.3
10.13
10.05
10.16
10.22
10.36
10.33
10.28
10.28
10.41
10.58
10.67
10.53
10.52
10.64
10.52
9.949
10.08
10.27
10.38
10.62
10.67
10.75
10.41
10.33
10.28
10.42
10.82
10.67
10.67
10.85
10.8
10.51
10.18
10.08
10.08
10.25
10.36
10.5
10.28
10.3
10.47
10.61
10.67
10.83
10.82
10.66
10.5
10.67
10.75
10.58
10.58
10.28
10.34
10.38
10.47
10.66
10.69
10.82
10.28
10.3
