1.041
1.103
1.427
0.2274
1.431
0.6836
1.517
0.4288
0.3582
1.822
3.223
1.025
2.49
1.627
1.984
3.87
0.9262
1.199
0.6325
0.256
0.2754
0.3017
0.2644
0.2876
0.1839
0.1501
0.211
0.28
0.09184
4.022
4.346
4.431
2.676
1.033
0.3185
1.45
0.6599
0.6371
0.6187
0.5325
3.088
4.517
3.241
0.4906
0.0
0.0003815
0.0
0.0002861
0.0
0.00124
0.0
0.0
0.0
0.0
0.0
0.001526
0.0
0.0
0.0
0.0
0.0
0.0
0.0
0.0
0.0
0.0
0.0
0.0
0.0
0.0
9.537e-05
0.0
0.0
0.0
0.0
9.537e-05
0.0
0.0
0.0
0.0001907
0.0
0.0
0.0
0.0
0.0
0.0
0.0
0.0
0.0
0.0
0.0
0.0
0.0
0.0
0.0
0.0
0.0
0.0
0.0
0.0
0.0
0.0
0.0
0.0
0.0
0.0
0.0
0.0
0.0
0.0
0.0
0.0
0.0
0.0
0.0
0.0
0.0
0.0
0.0
0.0
0.0
0.0
9.537e-05
0.0
0.0
0.0
0.0
0.0
0.0
0.0
0.0
0.0
0.0
0.0
0.0
0.0
0.0
0.0
0.0
0.0
0.0
0.0
0.0
0.0
0.0
0.0
0.0
0.0
0.0
0.0
0.0
0.0
0.0
0.0
0.0
0.0
0.0
0.0
0.0
0.0
0.0
0.0
0.0
0.0
0.0
0.0
0.0
0.0
0.0
0.0
0.0
0.0
0.0
0.0
0.0
0.002766
0.005341
0.06075
0.7225
0.1373
0.1968
0.1957
0.2972
0.4402
0.351
0.2777
0.1638
0.1547
0.09651
0.01659
0.6157
3.711
3.802
2.676
0.7767
0.7812
3.467
2.734
0.8392
1.372
0.4547
0.5394
0.5463
0.3841
3.229
4.279
2.255
1.329
0.9872
1.633
2.759
1.225
2.414
1.044
1.089
0.6218
0.7637
0.8423
1.26
0.4166
0.3178
0.3902
0.3845
0.3143
0.2647
0.06618
0.0289
0.08602
3.571
4.34
1.831
0.647
0.5959
0.6042
0.5447
4.047
4.34
1.706
1.791
1.593
4.187
4.108
2.1
1.303
1.059
1.001
0.8911
2.441
3.87
3.9
1.103
1.276
0.5348
1.776
0.8453
1.733
1.974
1.125
1.328
0.06447
3.632
4.62
1.978
0.8072
1.721
1.569
0.4112
1.608
0.3082
0.2377
0.2579
0.2773
0.4684
1.434
1.128
2.026
3.961
4.218
0.6233
1.257
0.6462
1.413
0.6363
1.813
1.117
1.091
1.308
2.38
3.864
1.956
0.2087
1.428
0.5882
1.117
0.7843
1.117
1.155
1.932
2.136
1.41
2.563
0.6912
0.5669
0.7095
0.8453
1.663
4.065
3.674
1.987
0.9003
1.675
3.284
3.76
1.309
1.651
1.054
1.558
1.512
1.085
0.6012
0.01268
0.04177
0.02546
0.03939
0.03538
0.04463
0.04501
0.02842
2.151
2.933
1.411
2.527
1.082
1.712
1.599
1.837
2.612
3.784
4.517
0.634
0.8804
0.5936
0.856
2.216
4.26
0.5409
1.868
0.9354
1.343
1.482
1.421
0.6058
1.022
1.031
1.369
1.549
1.012
0.9293
1.44
0.2346
0.304
0.2926
0.2956
0.2857
0.2541
0.2018
0.2037
0.1842
0.2705
2.908
3.375
3.723
4.187
1.105
1.904
2.457
4.272
3.815
0.6027
1.213
0.5852
1.395
0.798
1.402
1.427
1.892
3.381
4.486
1.761
0.2888
0.227
0.2411
0.2193
0.2094
0.2285
0.2285
0.2403
0.2422
0.235
1.706
4.071
4.23
4.047
0.6927
2.161
2.847
0.9766
2.304
0.946
1.572
1.938
3.04
3.018
4.156
1.28
1.515
1.212
1.195
1.126
1.569
0.9521
1.083
1.486
1.06
0.7248
0.853
1.733
2.539
1.289
2.408
0.4875
0.9659
1.666
4.114
3.119
2.457
1.505
1.299
3.424
3.68
2.637
0.9537
1.479
1.59
0.7721
0.6897
0.9811
1.846
3.043
2.603
4.23
0.9094
1.379
1.152
3.711
4.016
2.463
0.2964
1.434
0.8255
1.95
0.7469
2.109
3.296
1.097
2.371
0.9872
1.498
0.9018
0.7561
0.2407
0.4265
1.225
0.1587
0.08068
0.08278
0.1602
1.54
0.5928
1.324
1.324
1.463
3.973
3.723
2.13
1.761
2.67
3.51
4.004
1.317
2.747
0.882
2.347
0.779
1.089
0.9628
0.8636
0.3109
0.3922
0.4524
1.938
2.335
2.512
3.387
4.102
1.868
1.302
3.839
2.298
1.654
0.5692
0.8331
0.9781
1.733
3.839
2.893
1.767
1.547
1.091
1.175
0.8591
1.599
2.261
3.876
4.175
2.173
1.079
0.7805
2.493
3.149
3.906
1.41
1.347
0.7133
1.788
1.605
1.125
1.317
1.459
0.6973
2.026
2.551
3.784
3.589
2.545
1.468
1.63
3.43
3.4
4.303
0.9171
1.999
2.417
3.687
3.839
2.148
1.454
1.001
1.1
1.257
2.234
3.18
4.138
2.176
3.116
3.741
1.443
1.442
2.036
3.198
3.833
3.098
0.0002861
0.1917
1.36
0.4997
1.418
2.96
3.912
2.197
0.8179
1.234
0.2575
0.6729
1.256
0.5623
1.352
0.5638
1.178
0.7385
0.972
1.28
0.9033
1.247
1.016
1.892
4.181
2.826
0.7294
1.282
1.181
1.143
0.8591
1.268
1.187
0.4539
0.001049
0.7187
1.35
3.217
3.607
2.24
3.082
1.605
2.414
1.178
0.8255
0.9567
1.736
2.969
3.021
3.143
1.097
0.8484
2.731
2.75
0.7034
1.393
1.37
0.8469
1.07
1.433
1.205
0.5173
1.221
0.7248
1.306
3.32
3.76
0.824
2.893
1.497
2.194
0.7713
0.4105
0.8835
0.972
1.056
1.199
2.557
4.205
2.57
1.07
1.234
1.257
1.608
2.728
3.583
3.018
0.6065
1.207
0.2716
0.3834
0.3372
1.233
0.4013
1.241
0.8102
0.708
1.114
1.302
1.208
2.283
3.485
0.5638
1.373
0.4364
1.448
1.086
1.216
1.334
2.182
4.59
3.381
0.7599
1.675
1.797
2.85
0.9689
1.99
1.521
2.527
4.663
4.395
1.022
0.1635
0.1465
0.1881
0.1677
0.1713
0.1913
0.1881
0.1822
0.1797
0.1738
0.2026
2.396
3.986
4.132
2.917
0.8026
0.5661
1.62
1.216
0.0
2.032
1.712
0.8759
2.191
1.033
1.143
1.794
1.553
1.256
2.097
1.027
0.9491
1.326
1.341
0.8057
0.9171
1.138
3.864
4.156
1.035
1.543
1.051
1.332
1.019
0.8331
1.247
1.36
1.395
0.7614
1.399
0.8179
0.9613
0.4128
0.02365
0.03738
0.06199
3.784
2.625
2.634
2.335
1.042
1.21
1.12
1.245
2.716
1.816
1.999
1.941
1.254
1.172
1.022
1.518
0.6279
0.6828
0.6912
0.4967
4.285
4.523
2.139
0.4242
0.5836
0.7782
1.286
1.355
0.9857
0.9354
0.6668
0.9521
1.141
1.009
1.978
0.5836
1.218
0.8118
2.155
1.727
1.764
0.9399
1.294
2.185
1.587
1.862
1.883
2.478
1.302
2.347
1.3
1.141
1.117
1.224
0.6721
0.7576
0.769
2.197
4.041
3.601
0.8484
1.271
1.154
1.782
2.972
0.7828
2.133
1.033
0.9476
0.6744
0.1867
0.1833
0.2037
0.1667
0.1564
0.1785
0.1762
0.1659
0.1892
0.1867
0.1808
2.341
4.645
4.81
2.982
