16.94
21.58
19.68
19.82
23.68
21.44
16.11
20.24
20.92
15.45
14.99
15.53
11.12
11.72
8.777
9.961
11.06
11.54
11.83
10.44
12.08
13.04
12.74
11.41
10.36
14.6
15.75
15.11
16.85
18.82
22.68
26.56
25.54
23.46
23.8
19.43
17.6
21.41
19.04
14.18
12.1
11.94
15.72
12.38
13.92
15.89
13.57
13.5
14.65
19.12
15.23
17.24
16.11
15.77
19.38
24.49
18.58
19.53
20.78
21.66
20.19
19.31
16.94
19.12
18.12
20.78
17.65
15.77
12.72
11.13
13.48
14.26
19.8
20.04
15.04
17.5
17.63
18.36
19.02
19.6
17.04
15.16
16.58
12.3
7.715
9.717
10.33
12.07
16.46
13.79
12.07
12.5
12.13
10.52
13.38
15.31
11.66
18.63
17.75
15.82
15.92
26.51
24.49
25.29
21.04
18.8
19.65
18.43
16.24
19.12
15.55
12.99
15.31
15.97
17.41
18.16
19.29
21.51
21.22
19.68
10.72
15.19
11.95
17.31
20.07
23.02
19.02
15.33
12.07
10.63
10.29
10.8
9.375
13.89
8.801
11.07
10.91
8.972
9.473
10.33
9.473
10.71
11.29
11.58
11.51
20.34
20.78
22.53
22.39
25.29
23.0
20.19
22.49
16.92
17.55
19.34
17.14
21.07
17.09
17.85
18.07
18.75
15.65
16.28
10.84
11.99
10.31
10.95
9.058
11.54
10.85
10.53
12.05
11.82
13.55
11.43
12.19
11.68
11.74
14.65
13.75
14.45
13.62
17.75
14.92
14.6
15.45
19.53
20.7
19.85
19.31
18.09
12.4
16.5
15.36
20.92
25.78
19.19
20.61
21.04
16.33
20.0
17.77
19.04
18.04
18.46
20.7
17.38
16.09
16.38
17.19
13.84
12.41
14.84
14.4
14.43
15.16
19.92
22.95
19.24
20.92
18.12
11.45
10.64
9.985
9.644
11.41
11.33
8.618
13.13
9.595
8.679
9.68
7.397
8.521
8.057
9.033
10.06
11.22
12.39
12.96
16.24
15.04
15.87
18.46
19.82
19.85
17.04
21.8
20.97
19.31
19.95
19.41
17.99
18.58
17.7
14.77
16.06
16.94
13.57
13.6
11.41
14.6
17.9
18.14
23.29
23.9
19.53
19.9
20.24
22.17
19.53
19.6
18.51
16.09
15.62
15.06
16.28
19.58
16.75
16.16
18.82
18.77
17.46
18.09
15.58
15.16
18.14
15.99
21.66
18.04
18.43
16.06
17.97
17.04
19.14
22.31
21.29
19.97
21.26
21.12
18.41
18.07
17.97
21.63
17.65
15.53
13.5
16.77
18.82
15.33
12.19
17.14
20.7
17.02
14.14
14.92
15.48
17.43
18.38
21.73
19.34
17.09
18.41
13.04
19.85
17.41
17.46
22.34
24.17
23.95
22.66
18.97
18.12
16.89
14.97
15.65
15.82
19.48
18.82
18.68
21.29
22.41
21.61
19.7
18.68
19.58
17.33
15.43
15.99
18.14
15.06
14.38
16.58
17.46
17.41
19.75
16.26
16.38
15.62
15.94
15.8
17.68
15.75
16.04
17.63
17.38
18.19
19.38
19.31
17.5
18.21
17.65
17.24
15.14
17.55
17.75
17.5
13.01
12.82
14.94
13.65
13.18
17.72
12.55
17.29
17.26
20.19
16.19
15.31
15.84
19.92
23.8
19.19
20.73
15.7
13.5
18.99
17.36
13.38
12.94
13.38
15.6
30.96
30.62
13.04
11.0
10.56
8.972
11.1
14.36
17.97
17.48
18.07
17.41
16.21
15.31
13.79
12.43
12.92
11.9
13.18
12.82
14.5
13.99
14.23
17.33
14.01
13.18
12.57
12.41
12.52
9.033
9.229
13.72
12.23
15.89
17.85
18.55
21.14
20.48
18.68
19.12
18.92
18.58
20.43
19.63
17.41
18.14
17.46
16.5
17.09
13.6
13.82
7.422
8.484
9.216
13.94
14.67
18.73
19.95
19.26
22.44
15.94
14.94
13.26
15.82
21.04
16.75
17.75
14.99
13.01
15.21
14.99
13.57
13.28
14.79
15.94
12.3
15.82
15.09
15.7
23.36
20.7
12.35
12.27
12.44
10.11
10.69
11.93
15.33
13.67
17.41
19.95
18.6
18.46
22.49
18.51
18.8
18.48
15.04
11.89
19.07
10.47
6.982
8.728
12.84
15.62
15.21
11.65
12.74
13.92
15.75
16.85
14.33
13.13
13.13
12.52
11.23
11.11
10.25
11.06
13.43
12.57
10.96
11.17
10.58
11.02
11.68
15.7
24.46
20.75
17.99
16.6
17.02
18.38
17.6
19.02
20.87
23.02
20.85
22.19
19.02
19.43
19.38
19.36
17.33
18.6
18.48
19.53
20.19
19.92
17.16
17.9
21.02
19.95
22.14
20.87
20.26
18.38
20.31
19.8
17.8
18.33
18.33
21.17
18.73
20.26
19.97
16.55
17.33
17.43
18.36
15.67
16.58
14.53
14.11
14.87
21.44
21.02
20.07
15.14
21.9
17.87
17.75
17.46
20.26
16.89
13.84
13.65
16.43
15.11
14.94
12.17
11.02
13.06
14.36
14.28
16.89
30.32
12.99
11.17
9.875
10.75
11.21
12.16
15.26
15.53
16.94
18.53
20.8
19.63
16.6
24.63
20.46
17.58
15.67
13.04
12.82
13.45
14.87
13.77
14.99
16.36
17.8
18.12
16.89
18.58
19.7
18.73
17.97
17.99
18.16
19.6
15.58
16.33
17.19
21.63
15.8
14.67
14.06
12.65
18.65
27.39
15.6
13.11
16.24
18.51
21.85
22.31
16.6
17.21
15.41
16.82
17.41
16.21
15.09
17.87
11.33
10.95
11.4
21.48
17.46
10.45
8.252
15.01
13.21
11.54
16.36
16.16
12.94
14.4
12.55
20.09
16.65
15.99
13.35
16.7
20.61
24.1
21.61
21.29
24.29
21.7
16.16
24.68
20.61
20.0
22.24
22.61
18.07
17.8
16.31
29.15
20.07
13.87
11.06
14.79
14.16
16.04
17.5
20.65
22.09
18.73
18.02
18.53
17.31
16.04
16.14
18.02
14.55
12.65
12.29
13.99
12.3
10.46
12.39
12.55
13.96
11.41
9.814
13.84
14.99
15.55
15.14
16.94
23.95
21.56
19.97
18.82
20.26
19.56
18.55
20.78
16.99
17.29
16.36
16.04
14.18
15.53
14.38
12.22
12.39
5.621
7.007
12.62
17.72
19.63
17.33
16.85
19.09
19.04
18.16
18.24
14.01
18.53
19.63
20.65
19.48
20.65
23.85
22.07
21.14
20.9
19.46
17.87
17.77
15.67
16.33
16.48
19.34
18.6
17.85
16.16
14.01
16.33
14.04
18.12
20.97
13.48
15.21
24.24
17.63
17.16
16.46
16.11
17.36
22.46
29.98
27.34
12.67
11.94
15.77
21.14
23.66
21.12
18.68
13.82
11.52
20.63
15.26
14.36
9.045
8.203
7.959
10.84
8.887
7.776
8.301
8.374
9.485
8.557
8.972
8.716
9.375
9.705
10.66
14.45
14.6
20.41
18.38
20.02
20.53
18.85
19.46
16.97
16.94
22.53
19.97
21.58
21.41
20.8
17.33
11.73
13.6
18.04
