16.38
16.85
17.04
11.94
14.82
15.65
15.84
16.41
19.7
20.39
14.01
16.06
17.6
20.31
16.36
1.202
0.4829
0.06351
0.02737
3.638
9.485
14.62
14.65
14.7
14.4
11.96
15.28
13.43
15.36
19.58
22.12
19.04
12.55
11.36
20.56
24.22
23.97
25.78
26.17
26.81
26.17
22.73
24.61
21.51
16.28
14.01
14.18
14.4
11.51
19.97
22.53
24.66
25.98
26.71
28.08
24.76
21.78
23.19
21.92
18.07
22.66
20.51
10.16
22.51
32.91
31.2
30.76
30.18
26.22
24.15
25.34
18.16
16.63
21.22
23.19
23.85
23.88
24.19
24.8
20.31
23.24
28.03
12.89
11.84
12.1
13.7
16.8
18.16
20.43
25.34
25.68
25.54
27.59
18.73
21.92
20.43
17.16
13.45
12.72
14.53
15.23
19.65
23.12
20.85
13.96
16.6
15.01
12.87
16.67
16.26
21.56
34.03
37.99
37.06
31.01
24.8
25.68
20.36
13.38
16.19
13.65
18.51
17.46
26.12
31.88
21.34
5.676
38.28
40.43
40.92
38.82
37.4
32.18
24.24
35.69
24.22
10.45
41.02
41.85
42.04
38.13
38.82
22.24
21.61
19.56
21.07
29.93
30.71
14.14
15.16
14.53
15.58
12.92
15.58
14.16
25.83
30.03
21.95
14.97
16.99
18.87
19.92
12.89
14.06
30.37
32.28
32.28
33.4
28.22
34.81
28.17
18.33
19.19
16.89
16.33
10.79
12.62
16.77
14.11
14.45
14.36
10.78
0.2518
0.116
0.02804
0.02537
0.02804
3.156
14.67
14.14
13.16
13.57
14.92
14.14
12.34
13.87
12.24
14.23
13.48
15.33
20.92
29.79
22.61
13.35
18.16
14.79
0.2304
0.1211
0.02804
0.02604
0.02861
2.094
17.11
20.92
28.91
29.69
13.55
18.24
17.75
19.21
22.0
23.46
19.92
13.87
17.04
15.43
14.79
15.26
17.16
6.47
0.1934
0.05732
0.02804
0.02537
0.02861
0.946
18.75
17.38
21.48
24.88
27.83
12.44
16.87
15.87
15.16
17.48
14.89
16.14
17.29
19.31
22.88
26.12
24.02
10.35
0.7393
0.3384
0.02804
0.02604
0.02861
2.371
15.55
12.62
15.23
16.28
20.34
27.39
15.36
14.28
14.53
26.56
27.29
15.43
14.65
13.31
8.472
17.11
25.2
26.32
18.46
1.102
0.5371
0.04883
0.02995
1.602
15.7
17.87
22.78
25.73
22.71
13.5
15.55
24.83
25.49
19.87
13.87
15.89
15.09
16.87
16.48
20.56
22.78
25.05
17.16
0.8835
0.4868
0.03519
0.02804
1.651
15.6
15.19
14.79
12.79
17.48
16.31
20.43
25.68
24.32
13.99
16.06
17.02
18.36
15.43
25.39
27.15
21.75
2.859
0.6416
0.1036
0.02928
0.02604
0.02804
2.02
17.19
15.45
29.3
31.64
13.5
19.09
13.18
21.34
28.91
26.37
16.02
14.04
17.99
17.19
15.19
10.05
18.33
12.65
0.3975
0.1249
0.03061
0.02604
0.02804
1.355
20.19
33.11
28.86
19.17
19.92
17.04
35.4
25.83
14.65
13.38
15.87
19.02
36.47
23.58
13.04
16.02
13.53
13.6
13.6
12.27
34.67
38.92
37.89
38.92
38.57
39.01
40.67
40.77
41.26
40.92
40.87
39.94
39.94
40.28
38.92
31.15
22.58
38.57
39.89
39.94
34.96
31.79
32.67
18.6
26.9
38.77
38.72
38.48
38.62
38.77
39.55
37.7
36.87
37.89
38.72
37.94
37.06
37.99
38.53
38.09
27.29
23.71
35.99
40.43
37.55
31.84
28.66
32.08
20.09
16.38
38.53
37.26
37.6
38.82
36.91
35.01
31.98
30.52
29.0
28.66
28.96
28.86
29.59
35.21
36.82
36.91
36.96
26.86
21.48
39.11
37.89
36.28
33.4
31.79
32.42
19.58
19.21
38.23
37.21
34.47
33.3
32.28
31.45
31.1
30.52
36.72
36.72
33.94
37.89
39.21
38.53
35.5
30.22
28.71
21.73
24.32
31.69
31.64
32.03
31.3
26.22
26.32
32.57
22.05
24.46
37.16
38.13
37.84
37.7
35.89
32.86
28.27
30.62
31.4
32.52
33.25
33.06
32.57
31.2
27.59
26.37
24.37
22.8
21.9
15.99
16.41
31.4
26.32
26.76
25.29
24.07
20.56
24.76
26.37
26.86
11.71
32.76
37.79
36.23
36.57
35.3
36.43
36.57
33.06
31.1
30.91
29.98
27.73
25.78
23.95
22.12
19.65
18.43
20.21
20.02
20.83
20.46
20.58
13.84
18.07
17.65
17.19
19.87
17.77
17.43
17.43
21.0
22.44
20.41
19.95
29.69
14.48
20.14
25.73
32.57
31.59
30.08
28.91
26.56
24.17
23.12
22.12
20.43
20.48
21.75
21.02
19.78
18.26
24.8
27.93
25.39
22.88
21.0
19.6
16.28
15.36
17.53
19.63
20.09
19.07
12.05
15.43
18.87
30.91
30.47
31.25
26.71
24.27
24.93
25.44
22.36
14.18
31.74
31.69
24.78
30.08
3.986
24.46
31.69
30.62
30.76
30.18
30.13
31.93
31.4
30.71
30.86
30.96
31.35
31.25
31.98
31.79
32.42
33.01
32.91
30.22
27.98
21.26
14.7
15.33
17.21
17.53
19.02
20.43
21.85
24.1
21.24
25.24
27.05
27.0
9.399
23.19
24.39
25.54
26.27
26.81
27.69
28.42
29.35
30.08
31.4
31.3
31.25
30.86
30.03
29.69
29.93
29.2
28.03
27.73
28.17
28.52
21.12
19.73
20.53
22.14
26.46
28.76
27.64
19.07
18.7
17.99
22.83
25.59
11.06
22.39
25.0
25.0
26.22
26.9
27.59
26.42
26.9
26.9
27.78
28.71
29.15
27.93
26.76
34.81
33.11
31.15
31.69
30.96
31.98
32.91
22.02
33.4
35.5
35.16
35.16
26.71
28.12
29.88
21.02
19.85
27.54
19.38
31.05
19.19
30.03
21.31
13.99
28.47
31.93
30.08
30.22
29.74
30.22
31.25
32.57
33.11
31.05
29.35
29.88
28.96
33.45
32.23
32.08
33.45
34.13
34.57
23.14
31.59
35.11
34.86
33.45
27.98
23.63
26.66
26.37
19.04
31.1
31.64
14.28
21.19
25.78
30.62
23.58
9.229
28.08
30.08
30.47
32.62
31.05
32.62
32.86
30.52
28.08
27.29
27.98
30.03
31.98
30.76
27.64
30.22
30.96
30.86
31.88
31.15
23.22
15.19
16.97
27.98
32.57
30.81
29.74
27.15
24.1
26.32
22.88
13.57
14.72
12.6
12.67
16.85
26.03
29.1
21.41
12.08
14.58
15.26
29.3
24.41
7.227
17.36
16.36
16.99
16.58
15.89
4.718
12.21
14.6
14.38
20.43
32.13
18.48
16.77
16.21
18.21
18.65
14.58
18.07
20.73
16.21
14.67
15.43
18.04
20.26
30.18
30.03
11.83
0.7965
0.3242
0.03386
0.02604
0.02995
0.02604
0.02861
0.0247
0.02995
0.02604
0.02737
0.02604
0.02861
0.0247
0.02737
0.02604
0.02737
12.52
18.65
18.24
15.09
16.67
17.02
24.61
30.47
10.91
24.88
21.85
