21.58
21.8
22.41
22.66
21.83
22.73
22.31
22.02
22.0
21.95
22.19
21.68
21.41
21.51
22.22
22.19
21.78
21.73
21.83
21.83
22.24
22.49
22.24
22.34
21.92
21.9
22.09
21.85
21.8
22.02
21.73
21.46
21.85
21.58
21.83
21.26
21.24
21.02
21.53
21.73
21.7
21.24
20.7
20.58
20.73
20.63
20.39
19.97
19.24
19.58
19.31
19.68
19.43
19.14
18.82
18.7
18.75
16.85
18.77
18.75
18.09
18.31
18.82
18.87
18.99
18.85
19.14
19.38
18.8
18.63
18.92
19.21
18.99
19.12
19.31
19.17
19.29
19.56
19.97
20.14
20.58
20.07
20.39
20.63
20.8
21.24
21.9
22.07
21.95
22.17
22.58
23.14
23.19
23.71
23.41
23.24
23.32
23.73
23.97
24.44
24.44
24.9
25.05
25.29
25.49
25.39
25.68
26.22
25.98
26.66
26.76
25.88
26.12
25.98
26.27
26.42
26.12
26.27
26.32
27.05
25.93
25.98
26.27
26.22
26.95
26.56
26.51
28.17
28.27
28.37
28.47
28.27
27.0
26.86
27.2
27.34
27.2
27.59
27.59
27.69
28.12
27.83
28.86
28.86
28.42
28.86
29.59
30.13
30.91
30.86
31.15
31.79
32.71
32.86
33.54
33.59
33.06
32.86
34.42
34.77
34.86
34.86
35.06
35.25
35.45
35.6
36.18
36.82
36.52
36.33
36.23
36.18
36.91
37.01
36.72
36.52
37.21
37.94
38.57
38.09
37.11
37.45
37.5
37.6
37.45
37.89
37.3
37.7
37.94
37.79
37.65
37.74
37.01
36.72
37.21
37.7
37.65
37.4
31.64
27.54
26.86
26.66
26.76
26.81
26.42
26.22
26.56
26.86
27.83
36.82
37.35
38.04
37.65
37.55
37.99
37.99
36.87
37.26
37.4
37.79
38.13
37.84
38.13
37.94
37.74
37.74
37.3
37.06
36.08
36.33
36.52
36.47
36.47
36.38
35.94
36.33
36.04
36.23
36.04
36.08
35.6
35.64
35.74
35.84
35.69
35.6
35.5
35.11
35.01
34.96
34.28
34.81
33.4
33.4
33.15
33.01
33.3
32.18
31.3
31.4
30.47
31.1
30.37
29.3
28.32
27.83
27.98
27.98
27.44
28.71
27.44
26.95
26.56
26.46
26.42
25.63
25.24
24.73
24.63
24.58
23.85
24.32
24.12
24.27
23.8
23.63
23.73
23.8
22.49
22.63
23.27
23.51
23.1
23.0
23.41
23.24
23.22
23.17
22.97
22.9
23.34
23.14
23.32
23.39
23.32
23.85
24.8
24.27
24.05
23.49
23.54
23.78
23.44
23.66
23.95
23.8
23.41
23.07
22.75
22.17
22.56
22.75
22.66
22.53
22.8
24.34
24.22
23.75
23.68
23.66
23.68
23.44
23.68
23.07
22.58
22.53
22.0
22.49
22.29
22.36
22.17
22.07
21.88
21.78
21.9
21.7
21.36
21.19
18.99
20.65
20.41
20.43
20.21
19.8
19.58
19.7
19.65
19.14
19.17
19.31
19.29
19.65
19.97
20.36
20.24
20.68
20.43
20.87
21.31
21.68
21.34
21.36
21.61
21.97
23.12
22.85
22.97
23.14
23.22
23.34
23.54
23.95
23.9
24.76
23.8
24.17
24.95
24.95
25.29
25.44
25.54
25.88
25.73
25.63
25.73
25.83
25.78
26.32
26.81
26.76
26.86
26.76
26.76
27.05
26.9
26.81
27.29
27.15
26.66
26.46
26.46
27.2
27.25
27.2
27.0
27.25
27.34
27.44
27.73
27.39
26.61
27.2
27.78
27.69
27.64
27.88
27.59
28.37
29.88
30.08
29.25
28.91
28.91
30.37
30.37
30.08
30.57
31.15
31.49
31.93
32.71
34.03
33.74
33.64
33.01
33.45
33.74
33.35
33.64
33.79
34.33
34.72
35.11
35.3
34.91
34.91
34.91
35.3
35.64
36.38
35.74
36.13
36.18
36.28
36.82
37.26
37.3
37.4
36.67
36.91
37.35
37.4
37.55
37.7
37.79
19.36
26.51
38.87
39.16
37.84
36.82
37.45
36.57
36.82
36.72
37.21
37.89
37.6
37.94
37.35
37.3
37.06
35.89
36.47
37.01
36.96
36.72
38.38
38.28
37.4
37.45
37.16
37.3
37.16
36.57
36.72
37.35
37.79
37.55
37.84
36.28
36.57
37.3
36.57
36.62
36.67
35.74
35.94
35.94
35.64
35.21
35.45
35.3
34.62
35.11
34.52
33.98
34.08
33.79
33.35
33.79
34.23
33.98
33.98
33.74
34.23
34.57
33.74
32.86
32.37
31.25
31.64
31.84
31.4
31.45
31.15
31.49
31.59
30.37
30.22
30.27
29.79
28.66
28.71
28.76
28.37
27.64
27.25
26.22
26.51
26.12
25.49
25.63
25.39
25.24
25.1
24.32
24.78
24.61
23.85
23.24
23.27
23.1
22.92
22.92
22.71
21.78
21.58
21.75
21.56
21.7
21.53
21.75
23.29
23.44
23.56
23.68
23.56
22.02
21.7
22.19
22.12
22.05
23.0
23.02
23.61
23.29
22.68
23.58
23.27
23.1
23.24
22.85
22.36
21.85
22.27
22.02
22.51
22.36
22.24
22.22
22.14
21.58
21.39
21.97
21.73
21.48
22.0
22.41
22.07
21.73
21.39
21.53
21.29
20.65
20.36
20.02
19.75
19.78
20.07
20.09
20.39
20.65
20.34
19.56
18.99
18.26
18.51
19.14
17.65
19.95
20.12
2.109
11.67
21.07
21.0
21.09
21.12
20.97
21.29
21.26
21.88
22.51
23.07
23.32
24.29
24.15
23.36
22.9
22.95
24.61
24.49
24.27
24.17
24.9
25.24
25.59
26.17
25.29
25.49
25.83
25.59
26.56
27.05
27.1
27.39
27.25
27.29
27.78
27.83
27.98
28.27
28.22
28.66
29.2
29.15
29.59
29.25
29.79
29.88
31.01
30.57
29.39
29.3
28.86
28.91
29.64
29.1
29.35
28.27
30.03
30.08
29.39
29.54
30.52
29.83
29.25
28.22
28.66
28.66
28.71
30.22
30.42
30.32
30.52
30.91
30.81
31.84
31.59
30.96
31.84
32.37
33.15
34.38
34.38
33.79
34.62
33.11
33.4
35.16
35.69
35.79
35.99
36.67
37.16
36.96
37.5
37.4
39.45
39.06
38.13
38.33
38.87
37.84
37.35
38.48
38.77
39.01
39.7
39.55
39.89
40.09
40.14
40.04
40.82
39.7
40.14
41.36
41.16
40.53
40.67
40.62
40.87
41.02
40.67
40.53
40.19
39.21
39.5
39.79
40.09
40.04
39.99
39.55
39.4
40.14
39.7
40.09
39.5
38.87
38.92
38.77
39.21
39.36
39.45
39.5
39.84
40.04
40.33
39.75
39.84
39.65
39.16
39.65
39.94
39.89
39.16
38.87
39.16
39.01
38.38
38.23
38.18
36.96
37.89
38.53
38.09
37.7
38.43
37.99
38.57
37.74
37.6
36.96
37.4
36.57
36.47
36.77
36.91
36.77
36.72
36.08
36.28
36.38
37.06
37.4
36.23
35.06
34.62
34.67
34.52
34.28
34.28
34.03
33.59
