0.164
0.1543
0.211
0.1987
0.198
0.3128
0.09766
0.1642
0.4196
0.1455
0.1564
0.2415
0.01183
0.1282
0.0
9.537e-05
0.0
0.0
0.0
9.537e-05
0.0
0.1286
0.3746
0.1417
0.2789
0.2094
0.0001907
0.08841
0.1928
0.1347
0.1316
0.3716
0.2045
0.3006
0.1755
0.246
0.3716
1.685
1.797
1.419
1.566
1.889
5.145
3.491
1.944
0.2743
2.084
2.811
2.118
2.435
4.456
3.32
2.454
0.4143
0.1198
1.404
2.533
2.591
2.563
4.407
3.735
2.576
0.189
1.018
2.161
1.996
1.938
1.828
4.211
3.024
2.219
0.2159
0.5135
2.179
2.118
2.444
2.319
4.388
3.625
1.192
0.3338
0.1583
0.2312
0.1566
0.1322
0.1097
0.6233
1.697
2.072
2.142
2.063
4.529
2.759
1.66
0.3689
0.1213
0.1202
1.126
1.859
2.206
2.161
2.679
5.273
2.679
0.3937
1.457
2.124
1.819
1.917
1.88
5.023
2.78
1.004
1.141
2.151
2.545
2.921
5.371
2.795
1.479
0.3487
0.3689
0.3014
0.3506
0.2064
0.2754
0.198
0.3288
0.6386
0.1858
0.1701
0.412
0.1616
1.984
2.103
2.325
2.109
3.479
3.607
3.418
0.6897
0.4524
0.6721
0.3834
0.3803
0.3845
0.3368
0.5745
0.4578
0.367
0.2033
0.3807
0.3208
0.3284
0.3334
0.2968
0.3242
0.2953
0.2892
1.944
2.429
2.356
2.28
3.931
2.319
2.103
0.317
0.3613
0.5417
0.2747
0.2705
0.3384
0.3914
0.4318
0.2842
0.3197
0.1471
0.6035
0.3223
0.3567
0.28
0.3044
0.2022
0.3513
0.004768
0.001049
0.0
0.01764
0.3471
0.2949
0.3262
0.3307
0.1598
0.1656
0.2327
0.2819
0.2422
0.3498
0.2972
0.2605
0.3777
0.2064
0.1625
0.1562
0.5074
0.1747
0.3624
0.07963
9.537e-05
9.537e-05
0.0
0.006008
0.3067
0.2716
0.4196
0.2449
0.2827
0.5417
0.2605
0.165
0.1419
0.2621
0.01955
0.1673
0.176
0.2712
0.206
0.1814
0.3254
0.06866
0.0001907
0.0
0.0
0.0
0.0
0.005627
0.1972
0.3487
0.351
0.1984
0.1583
0.4189
0.4982
0.1852
0.2666
0.1629
0.01087
0.5676
0.1429
0.3422
0.1331
0.5821
0.4791
0.2876
0.1715
0.2766
0.0001907
9.537e-05
0.0
0.003433
0.3822
0.1287
0.3883
0.6577
0.1066
0.1026
0.1865
0.09117
0.1213
0.1167
0.1219
0.6233
0.1554
0.1276
0.1314
0.201
0.2151
0.1623
0.3132
0.09584
0.0005722
0.0
0.0
0.003815
0.309
0.1635
0.002861
0.227
0.3559
0.2155
0.3487
0.2728
0.1968
0.2823
0.185
0.3277
0.131
0.3242
0.1604
0.4066
0.153
0.293
0.1591
0.0005722
0.0004768
0.0
0.0
0.004196
0.4051
0.1286
0.264
0.1259
0.09995
0.1276
0.1577
0.2163
0.28
0.1743
0.3643
0.3345
0.4021
0.362
0.1379
0.1177
0.1318
0.1141
0.0
0.0
0.0
0.0
0.0
0.001812
0.4684
0.2449
0.1196
0.0988
0.246
0.2342
0.1003
0.1774
0.3338
0.3632
0.3571
0.1186
0.2998
0.235
0.1194
0.3799
0.1278
0.2743
9.537e-05
0.0
0.0
0.0
0.0
0.003338
0.2499
0.5577
0.2991
0.2659
0.264
0.1169
0.1087
0.2541
0.2415
0.09136
0.08755
0.3937
0.2331
0.4395
0.3887
0.2499
0.3407
0.1486
0.2731
0.1299
0.1425
0.362
0.1408
1.34
1.34
1.546
1.923
1.92
2.1
1.92
1.706
1.727
1.785
1.561
1.434
1.469
1.395
1.518
2.051
2.219
2.109
1.611
4.95
9.692
9.802
7.935
6.934
5.78
5.432
3.882
3.943
2.963
1.266
0.7133
2.084
2.078
1.828
1.932
2.243
2.014
2.139
1.782
1.959
2.255
1.776
1.846
1.92
2.206
1.929
2.036
2.402
1.736
2.841
3.247
7.08
8.887
6.653
7.458
6.262
6.226
4.785
3.186
1.212
0.6699
1.828
1.892
1.314
1.868
2.005
1.962
1.346
1.483
1.746
2.011
2.402
1.508
1.512
1.364
1.355
1.512
1.399
1.131
1.172
1.158
1.401
1.112
2.75
6.677
3.552
6.348
7.214
6.079
6.653
4.987
4.803
3.11
3.503
3.821
1.427
0.9155
1.241
1.978
1.642
1.642
1.828
1.794
1.889
1.813
1.399
1.151
1.265
1.266
1.302
1.332
1.556
1.66
2.13
1.904
1.868
2.151
3.296
4.852
6.958
6.036
8.472
7.458
7.41
7.104
5.518
4.688
2.176
0.692
1.317
1.524
1.506
1.624
1.694
1.703
1.411
0.9323
1.408
1.454
1.395
1.295
1.537
1.672
1.682
1.697
1.907
1.727
1.804
2.151
7.825
6.592
5.634
9.583
6.909
6.702
5.432
4.211
3.986
3.412
2.509
0.8514
0.5569
0.7904
1.506
1.605
1.52
1.633
1.785
1.611
1.654
1.599
1.479
1.477
1.694
1.578
1.709
1.868
1.968
2.136
1.77
1.721
1.721
1.804
1.993
1.608
1.329
1.372
2.454
3.125
3.296
7.031
4.968
4.346
5.841
4.974
4.541
4.565
2.911
2.911
3.033
3.064
2.469
2.188
1.163
1.318
1.288
0.2846
1.134
1.514
3.137
1.682
0.1308
1.48
1.486
1.402
1.434
1.543
1.311
1.375
1.636
2.155
1.846
1.569
1.527
1.442
1.228
1.381
1.666
1.669
1.715
2.151
2.325
2.353
2.24
1.466
2.557
2.747
4.346
8.069
9.07
6.104
6.409
6.946
4.535
3.821
3.406
2.139
1.204
0.3643
2.283
2.2
2.493
2.576
1.953
1.889
1.672
1.889
1.807
1.706
2.31
2.301
2.283
2.469
2.264
2.505
2.203
1.852
5.957
7.788
7.922
8.862
8.667
6.494
5.731
3.717
2.625
0.795
2.328
2.267
2.289
1.971
2.158
1.392
1.767
1.99
2.457
2.588
1.904
2.127
2.176
2.274
2.402
2.612
2.438
1.547
4.156
6.494
6.555
5.67
7.08
8.142
7.202
5.664
5.103
2.084
1.39
2.136
0.2964
1.129
0.6599
0.5173
0.3784
0.8224
1.131
0.07143
2.182
0.3349
1.074
0.444
0.8301
1.091
0.3387
1.682
1.874
1.999
1.883
1.855
2.255
2.173
1.999
2.032
1.877
2.341
2.28
2.24
2.252
2.502
2.551
2.634
2.563
2.573
7.874
6.531
6.677
9.204
7.324
6.384
4.547
3.912
1.993
0.6836
0.3132
0.1751
0.3365
0.4128
0.1854
0.388
0.2686
0.4539
0.6958
0.3822
9.537e-05
0.00124
0.6569
0.4974
0.2392
0.547
0.8743
0.5562
0.359
0.1139
0.1778
0.3201
0.2766
0.2441
2.139
1.99
1.944
1.509
1.132
1.767
1.907
1.736
1.782
1.868
2.09
2.167
2.145
2.31
2.075
1.801
1.767
1.486
1.369
1.476
2.643
6.86
5.377
5.707
9.717
8.569
6.677
5.377
4.816
2.335
1.047
9.537e-05
9.537e-05
0.0576
0.4959
0.1633
0.1583
0.3456
0.264
0.2739
0.2708
0.4723
0.1558
0.3319
0.2033
0.6836
0.3448
0.1856
0.3441
0.4204
0.2647
9.537e-05
0.0007629
0.0
0.0
0.0
0.0
0.0
0.0
0.0
0.0
0.0
0.0
0.0
0.0
9.537e-05
0.0
0.0001907
0.0
0.0
0.0
0.03376
0.7721
0.5104
0.6683
0.5959
0.6813
0.1776
0.1366
0.3822
0.1257
0.4745
