18.12
33.11
31.15
25.73
9.241
15.92
19.38
24.17
15.62
27.54
12.89
25.78
24.32
26.86
33.84
30.13
28.76
19.24
21.46
12.23
25.63
17.8
23.95
9.326
7.996
9.143
8.801
8.435
9.167
9.875
10.41
9.07
11.61
7.837
8.74
7.898
18.19
20.63
27.34
25.49
11.44
3.18
0.3998
0.02604
0.02346
0.02604
0.02346
0.02604
0.02604
0.02737
0.0247
0.02737
0.0247
0.02604
0.02604
0.02737
0.0247
0.0247
0.0247
0.02737
0.02604
0.02861
0.02737
0.02604
0.0247
0.0247
0.02737
0.02604
0.0247
0.0247
0.02604
0.02861
0.02604
0.02737
0.02604
0.02737
0.02604
0.02737
0.02604
0.02737
0.02604
0.02995
0.02604
0.02861
0.02604
0.02995
0.02604
0.02861
0.0247
0.02995
0.02737
0.02861
0.02861
0.02995
0.02737
0.02861
0.02604
0.03128
0.02737
0.02861
0.02737
0.02995
0.02861
0.02861
0.02861
0.02995
0.02737
0.02995
0.02737
0.02861
0.02737
0.02737
0.02604
0.02861
0.02737
0.02995
0.02737
0.02861
0.02604
0.02737
0.02604
0.02995
0.02604
0.02861
0.02861
0.02861
0.02861
0.02861
0.02861
0.03128
0.02995
0.03252
0.02604
0.02995
0.02737
0.02861
0.02861
0.02861
0.02861
0.02995
0.02737
0.02861
0.02737
0.02861
0.02737
0.02861
0.02604
0.02995
0.02737
0.02861
0.02604
0.02995
0.02737
0.02995
0.02604
0.03128
0.02861
0.02861
0.02737
0.02995
0.02861
0.02995
0.02861
0.02995
0.02861
0.03252
0.02861
0.03128
0.02737
0.02861
0.02737
0.02995
0.02861
0.03252
0.02861
0.03128
7.422
17.87
8.228
5.542
6.714
6.146
5.853
6.091
7.471
15.36
26.71
16.02
18.55
16.36
14.33
25.88
10.03
11.23
20.63
26.07
7.764
21.17
17.41
12.07
5.542
15.92
29.1
30.91
24.27
13.82
27.1
23.56
28.52
17.85
8.411
10.68
9.619
17.9
29.15
27.98
27.64
20.36
4.352
20.78
16.63
18.9
22.73
3.906
23.97
11.28
0.6058
0.02995
0.02995
15.87
19.85
14.23
24.58
24.88
16.5
22.9
21.24
17.36
27.39
19.6
6.158
18.95
20.68
22.39
17.92
19.58
24.34
18.55
8.765
18.82
16.19
16.36
11.71
29.35
21.68
5.652
21.56
19.68
14.21
15.92
16.92
3.76
10.52
29.05
19.24
9.302
16.14
14.97
7.141
9.619
7.898
9.875
8.179
8.63
7.898
11.0
8.313
9.717
8.643
8.716
23.93
19.24
23.22
16.43
4.614
9.363
24.15
17.11
31.69
29.05
23.41
16.63
15.48
33.01
22.92
18.02
19.7
4.541
25.05
18.41
13.09
25.24
15.33
20.26
12.7
21.41
14.67
16.11
26.95
24.9
24.61
20.41
8.411
1.953
34.91
28.42
21.53
18.36
5.621
19.73
20.73
15.92
21.0
18.92
19.92
11.4
0.0
29.59
25.29
23.27
8.777
25.39
25.1
15.84
15.16
23.56
21.19
23.1
22.53
12.5
23.0
24.22
14.18
6.653
11.22
15.26
12.55
16.94
17.43
22.92
25.24
12.38
20.7
25.49
24.61
24.78
21.14
15.97
31.93
29.93
23.66
4.022
21.34
22.36
27.98
29.0
29.74
27.73
19.7
5.621
24.27
27.69
17.09
29.98
16.5
1.401
10.95
26.86
27.2
29.44
29.74
22.14
12.77
33.69
32.86
24.83
9.851
23.97
27.29
25.34
22.34
10.49
13.48
23.34
23.97
19.63
26.71
15.45
19.21
16.38
21.04
16.09
20.51
28.08
35.21
16.14
16.75
23.36
25.73
8.887
16.31
17.99
17.09
21.63
19.04
16.92
24.37
17.55
13.01
23.83
10.52
15.53
13.21
21.17
12.24
24.61
26.27
27.34
29.2
20.95
6.171
13.57
22.44
24.22
17.77
27.83
19.12
15.11
5.048
16.53
22.85
29.05
28.91
24.58
14.55
21.41
13.45
26.61
18.63
25.68
33.54
30.81
23.17
14.4
22.19
30.57
30.57
21.19
5.53
14.75
20.68
21.14
30.76
21.41
5.524
14.31
14.87
12.08
28.32
16.94
26.12
7.275
14.21
22.27
32.76
33.98
25.34
16.48
5.731
8.362
8.789
9.167
11.34
8.569
8.276
9.412
9.314
8.936
9.558
10.25
8.374
23.41
20.09
23.75
23.61
9.753
1.91
29.64
28.76
26.71
18.36
2.557
12.19
25.29
19.7
22.66
22.71
7.068
7.117
14.58
30.66
27.1
27.1
11.84
8.936
8.337
8.643
9.46
10.94
9.106
9.631
8.411
9.314
8.276
10.02
8.447
8.313
30.18
20.95
24.61
18.97
7.629
7.068
26.42
19.73
23.27
21.14
25.15
28.52
24.41
19.34
19.8
14.97
9.009
23.75
19.56
29.0
16.63
24.19
25.34
26.12
24.73
8.545
20.0
18.19
26.42
31.49
30.42
13.45
18.82
17.77
15.75
24.93
23.34
31.84
33.54
31.88
22.63
3.784
16.33
25.05
18.07
26.17
14.36
35.16
29.79
25.54
17.53
10.62
27.34
29.1
29.54
25.2
20.26
5.743
2.139
19.21
18.73
23.63
12.37
7.031
1.764
16.8
19.97
21.36
15.77
12.32
11.27
8.411
8.032
8.008
11.39
8.057
7.971
7.959
7.898
8.228
14.62
7.898
7.886
8.508
14.16
20.65
19.34
23.71
18.73
8.96
2.615
17.43
30.22
5.548
13.5
17.07
18.9
8.508
19.68
24.34
26.37
15.36
24.68
14.09
10.78
11.83
9.07
23.12
27.15
18.41
19.07
4.877
0.3273
0.1608
11.27
23.9
17.24
30.81
23.34
26.17
14.79
3.036
8.423
10.47
7.874
9.729
7.8
12.06
7.825
7.812
10.45
8.74
7.837
9.229
7.922
15.43
18.9
18.24
21.51
21.29
17.26
5.969
12.77
22.83
10.64
26.61
26.9
29.59
34.57
19.24
18.95
23.05
23.02
23.66
25.29
10.94
8.496
0.0
25.1
20.85
25.68
26.95
26.61
17.85
22.95
28.12
32.18
23.54
5.237
18.09
21.29
23.12
10.36
18.97
21.39
21.14
27.98
31.1
27.54
22.39
7.312
18.51
20.19
11.01
25.49
18.04
24.54
25.0
10.74
21.19
14.26
21.36
14.18
9.29
8.777
10.72
9.778
9.021
11.02
11.34
8.435
8.484
18.65
21.44
25.59
8.582
18.38
17.21
18.31
18.31
11.29
24.78
25.29
14.36
17.75
22.97
21.66
26.46
18.02
9.668
30.37
15.65
28.17
19.95
3.931
33.3
24.9
8.521
12.45
10.56
11.16
17.36
16.67
23.02
19.26
25.83
18.21
10.55
21.04
29.1
35.89
20.43
20.73
26.22
23.58
28.81
20.8
6.775
25.88
14.11
15.01
14.72
11.56
21.88
16.24
12.33
21.51
27.88
24.41
12.77
22.88
24.19
26.86
25.24
23.88
28.56
8.423
21.73
18.12
18.38
25.39
23.73
15.11
23.78
16.11
32.03
30.18
20.31
13.18
9.888
26.76
15.48
21.31
16.75
24.29
19.7
19.14
25.05
27.54
24.76
15.5
15.75
5.487
23.27
21.56
27.39
20.12
29.05
27.78
31.93
22.22
2.271
21.0
30.47
21.17
9.558
17.48
21.97
24.56
