28.37
28.03
29.54
29.59
28.56
28.56
28.52
28.22
28.12
28.61
28.81
28.66
28.37
28.56
28.76
28.81
28.12
28.47
29.3
28.56
28.52
28.37
28.52
28.42
28.03
28.52
28.52
28.32
28.32
28.42
28.56
28.27
27.98
28.37
28.12
28.12
28.17
28.22
28.22
28.71
29.05
28.52
28.22
28.56
28.32
28.12
27.78
27.44
26.95
26.32
25.73
25.68
24.88
24.0
23.46
22.56
21.97
22.09
23.12
22.53
23.54
23.1
22.88
21.75
21.61
21.09
20.87
20.65
19.63
18.7
19.17
18.92
16.67
16.26
14.06
14.67
16.04
16.92
16.75
16.94
16.87
17.04
15.38
14.92
13.43
12.7
12.77
13.4
13.09
13.87
14.06
12.52
11.21
10.79
9.79
9.363
9.07
9.399
9.607
9.375
9.814
9.558
10.07
9.766
9.68
8.716
8.984
9.338
10.47
10.8
9.924
8.777
8.093
9.265
9.131
8.35
8.337
7.544
8.716
9.619
10.28
11.18
10.73
9.57
9.924
10.28
9.021
7.202
10.22
10.62
10.01
9.766
9.998
8.154
9.79
9.924
9.802
9.058
8.777
8.972
9.18
9.595
9.839
10.01
9.619
10.21
10.57
10.45
11.16
11.84
9.375
11.74
11.67
11.34
12.26
12.13
11.74
12.19
12.67
12.82
13.82
13.28
14.38
14.43
15.01
14.75
14.5
14.87
15.84
15.04
15.38
15.5
15.58
15.72
16.14
16.33
17.14
19.04
19.09
22.27
22.22
22.68
22.9
21.56
23.0
23.0
24.66
26.07
26.66
26.71
27.39
27.49
27.59
27.39
27.49
27.29
27.39
27.29
27.25
27.2
27.25
27.05
27.2
26.9
26.9
26.9
26.76
26.9
26.81
27.54
27.98
27.69
27.83
27.78
28.03
28.27
27.93
27.83
27.93
27.78
28.12
27.93
28.03
27.88
27.78
28.17
28.12
28.37
29.1
29.25
29.0
28.86
28.56
28.76
28.96
29.0
29.1
29.25
29.1
28.91
28.52
28.08
28.32
28.47
28.08
27.83
28.27
27.93
28.08
27.69
28.27
28.32
27.93
27.93
27.69
27.54
27.78
28.08
28.08
28.37
28.66
28.56
28.47
28.27
28.37
27.98
28.08
27.78
27.93
27.73
27.73
27.83
27.73
27.88
28.17
28.08
28.52
27.98
27.88
28.22
28.81
28.96
29.05
28.71
29.05
29.39
29.3
28.91
29.35
28.91
28.91
28.81
28.91
28.71
28.91
28.76
28.86
28.86
28.71
28.86
29.05
28.91
28.52
28.71
28.76
28.56
28.71
28.61
27.78
27.64
27.78
27.69
28.32
28.32
28.52
28.32
28.32
27.78
27.93
28.66
27.73
27.69
27.98
27.15
27.69
27.78
27.98
27.59
28.03
28.12
27.73
27.2
28.17
27.44
26.9
27.1
25.93
26.22
26.51
25.78
24.22
24.24
23.68
23.41
23.02
22.73
22.22
21.83
21.0
20.34
19.48
18.75
17.75
17.43
17.16
16.7
16.41
15.89
14.38
13.96
13.67
13.5
13.13
12.67
12.57
11.98
11.13
10.9
10.75
10.95
11.24
11.91
11.98
11.96
12.46
12.07
11.01
10.64
10.61
10.42
9.656
8.838
8.533
10.44
11.32
10.99
10.95
11.17
10.99
10.1
8.752
6.519
8.826
8.801
8.069
8.02
8.081
8.069
8.289
9.485
10.21
10.33
10.45
10.23
10.62
10.88
10.86
9.961
9.119
9.424
10.9
11.44
11.44
10.93
9.131
9.302
11.05
11.25
11.49
11.5
11.38
9.827
11.66
11.12
10.58
12.74
11.05
12.72
13.11
12.6
12.01
10.14
13.06
13.67
14.43
13.65
15.33
16.04
16.36
17.31
17.29
17.46
18.14
17.29
18.07
18.46
18.73
19.02
17.6
15.97
18.36
18.99
21.92
22.51
25.2
25.63
26.61
27.1
27.25
27.25
27.69
27.39
27.34
27.44
27.25
27.93
27.93
27.44
27.44
27.2
26.71
27.0
27.69
27.1
26.86
27.29
28.08
28.52
28.27
28.03
27.1
27.29
27.54
27.2
27.34
28.56
27.78
28.52
28.42
27.93
27.93
27.93
28.37
28.32
27.73
27.98
28.56
27.88
28.12
28.56
28.61
28.61
28.61
29.0
28.81
28.32
27.88
27.59
28.52
28.37
28.37
28.03
28.03
28.22
27.88
28.08
28.17
28.03
28.22
28.76
28.66
28.66
28.42
28.37
28.47
28.52
28.71
28.66
28.42
28.61
28.56
28.22
28.61
28.52
28.52
28.71
28.47
28.03
28.08
27.98
28.03
28.08
28.08
27.98
28.56
28.17
28.61
28.32
27.69
27.83
28.03
28.27
28.22
28.27
28.03
28.66
28.32
28.32
28.37
28.47
28.32
28.17
28.22
28.27
28.37
28.12
28.32
28.12
27.73
27.54
27.88
27.59
27.64
28.17
28.86
27.98
27.78
28.37
28.96
28.76
29.05
29.1
28.91
27.64
27.39
28.42
27.59
28.22
27.88
27.59
28.03
27.73
28.03
28.12
28.42
28.27
28.81
28.47
28.17
27.34
27.25
27.25
27.73
28.56
28.86
28.96
29.0
28.03
27.44
27.29
26.86
27.1
26.32
25.59
25.24
25.05
24.71
23.9
23.34
22.85
22.58
21.75
21.12
20.75
20.56
18.92
18.24
17.7
16.7
16.31
15.84
15.53
17.31
14.79
15.67
15.14
14.99
14.31
12.7
12.57
13.06
12.19
11.33
11.12
12.12
9.717
10.79
11.08
10.74
10.5
9.973
10.03
10.33
9.766
10.03
9.985
10.01
9.644
8.972
8.533
7.275
7.507
10.22
9.595
10.14
9.094
8.398
9.229
9.375
9.033
8.984
8.179
7.947
7.935
7.874
8.533
7.751
7.166
7.922
8.386
8.606
8.911
9.277
9.326
9.863
9.985
9.448
9.802
9.937
9.509
9.521
9.741
8.936
8.997
9.094
8.997
9.448
11.04
10.82
10.38
11.08
11.63
12.45
13.5
13.53
13.72
13.53
13.55
13.35
13.38
13.5
13.84
14.77
14.94
14.82
11.83
16.36
16.11
16.36
16.7
17.16
17.75
18.73
18.75
19.73
21.02
22.07
22.88
22.46
22.95
24.93
26.66
27.15
27.73
28.03
27.69
27.59
28.03
28.03
28.12
27.78
28.08
28.08
28.37
28.08
27.98
28.03
28.27
28.27
28.08
27.98
27.98
28.22
28.08
28.12
27.49
28.22
28.03
28.03
28.27
28.32
28.17
28.32
27.73
27.83
27.78
27.78
27.78
28.12
27.93
28.12
27.69
28.52
28.61
28.42
27.78
27.64
27.78
27.59
27.64
27.34
27.49
27.59
27.59
27.59
27.64
27.59
27.69
27.73
28.08
27.69
27.78
27.83
27.69
27.83
27.88
27.59
28.22
28.03
27.69
27.59
27.73
27.88
