0.0
7.324
42.43
48.0
48.19
48.44
48.49
49.41
49.32
49.8
50.98
51.07
51.37
52.15
52.34
51.66
51.66
52.25
51.46
51.66
51.95
52.05
52.15
51.95
52.64
52.05
52.83
49.32
48.1
47.66
47.22
46.78
47.31
47.8
47.51
48.05
48.14
47.31
48.58
47.8
47.07
47.12
47.56
48.29
48.68
49.12
48.44
48.24
47.85
47.95
47.85
47.51
47.66
47.41
47.85
47.71
47.56
47.66
48.34
47.9
47.66
48.0
48.63
48.19
47.75
48.14
47.75
47.9
47.66
48.63
48.24
48.0
47.9
48.73
48.93
48.05
47.8
47.51
48.1
47.95
47.85
48.14
48.1
47.31
47.12
47.61
47.66
47.07
46.58
46.88
46.68
46.44
47.22
48.58
48.54
48.05
47.61
48.05
49.07
48.73
48.19
48.29
48.19
47.71
47.46
48.78
48.14
47.95
48.1
47.95
48.83
48.44
48.24
48.0
48.05
47.66
48.68
49.32
47.31
47.02
46.78
48.24
48.54
48.58
47.02
46.88
47.12
48.05
47.75
48.1
47.27
46.88
47.61
48.97
48.49
48.39
48.14
47.9
47.61
47.41
48.34
48.24
48.24
47.56
47.17
47.36
47.9
47.61
47.66
47.66
47.9
48.0
47.31
47.85
47.36
47.56
48.05
47.85
47.85
48.19
48.54
47.51
47.17
47.17
47.46
48.54
48.58
47.66
47.12
47.95
44.82
47.9
46.53
46.73
46.97
47.56
47.12
47.36
46.92
47.07
47.27
48.24
47.8
48.1
48.05
48.34
48.19
47.66
47.75
46.92
47.12
47.46
47.71
48.1
47.85
46.88
46.29
47.95
47.85
48.14
48.19
47.36
47.22
48.14
47.9
48.24
47.85
47.36
48.0
48.0
47.36
47.31
47.66
47.71
47.46
47.8
47.9
48.44
47.8
47.22
47.9
47.71
47.07
47.36
47.8
47.17
47.17
46.97
47.51
48.34
48.14
48.19
47.71
47.51
46.83
47.46
48.39
47.75
47.56
47.12
47.22
48.05
47.95
48.1
47.9
48.0
48.19
47.85
47.9
47.02
47.41
46.92
47.8
48.49
48.24
48.05
47.85
47.75
47.61
47.22
47.8
47.17
47.56
47.8
48.34
48.44
48.58
48.05
47.51
48.58
48.58
47.8
48.39
48.49
48.73
48.63
49.02
49.27
48.97
48.63
48.83
47.85
48.24
47.51
47.56
47.9
47.9
47.85
44.43
48.34
47.71
48.1
48.49
48.39
48.78
