14.23
20.0
21.9
17.85
20.09
23.14
23.36
25.44
19.48
21.12
18.43
17.9
10.89
12.6
9.619
11.95
10.52
12.77
17.07
9.656
12.19
14.77
15.62
13.35
13.01
15.8
15.87
14.97
16.33
18.48
24.17
25.29
25.98
26.81
26.9
25.49
21.26
20.07
14.48
8.972
8.704
9.68
14.6
12.99
15.84
16.82
14.7
14.28
14.62
19.14
16.36
18.73
15.92
16.31
18.43
21.85
19.65
20.04
19.53
19.63
18.09
20.48
18.09
18.41
19.51
16.31
16.85
16.48
11.76
11.15
13.84
14.48
20.75
18.65
16.48
18.68
17.65
17.65
18.63
20.75
15.21
14.89
16.48
12.6
9.338
13.09
10.8
10.99
14.89
14.26
11.56
14.67
12.41
10.02
14.28
16.43
14.55
18.8
14.58
15.58
15.58
20.63
21.41
22.53
18.51
17.07
16.85
20.56
14.84
19.12
15.28
15.19
17.07
15.82
17.7
21.73
21.97
24.73
19.78
17.41
11.16
16.53
12.77
15.55
17.48
18.51
17.43
13.65
10.99
10.01
10.33
8.972
10.66
12.55
12.82
9.839
9.253
11.29
10.5
10.88
7.69
7.544
9.912
10.62
9.998
17.31
17.11
19.63
18.97
20.02
23.66
20.12
20.51
19.82
19.73
17.04
19.29
23.0
17.58
18.19
17.46
16.97
13.96
15.62
10.1
12.33
10.82
10.29
10.52
13.87
11.96
13.21
14.43
12.21
14.94
12.24
12.23
12.48
11.82
14.94
14.65
15.21
16.24
18.73
16.99
18.51
19.95
19.43
22.17
18.87
20.53
16.09
13.72
14.97
16.75
20.29
19.07
21.85
24.19
21.26
20.31
19.73
18.16
16.97
16.14
19.04
16.55
16.04
17.9
19.82
18.8
12.79
11.82
13.94
14.75
15.21
17.14
20.75
19.82
17.97
23.27
17.46
13.13
12.77
13.57
13.75
12.01
13.57
11.39
14.21
11.25
10.13
10.51
9.106
10.96
10.56
10.01
10.89
12.39
14.87
15.28
18.07
15.87
18.85
19.8
20.19
20.95
16.55
20.21
20.34
18.02
21.17
19.04
18.9
20.41
16.26
15.6
16.55
14.21
12.89
13.72
11.82
16.85
20.61
18.55
22.12
23.14
21.53
20.31
19.9
22.17
20.29
18.68
18.51
16.58
15.67
15.58
16.43
18.36
15.92
20.04
21.75
18.24
16.58
18.65
13.38
18.9
15.72
15.36
16.65
18.58
19.87
17.75
15.41
18.65
18.82
19.19
18.87
17.33
16.85
16.16
20.21
18.24
18.12
17.82
17.02
15.65
14.38
14.62
15.77
11.69
15.21
15.28
17.31
26.56
27.78
18.6
16.43
15.77
19.7
21.83
16.48
14.06
17.94
12.1
17.77
17.9
17.75
25.15
23.75
25.29
22.61
20.85
18.19
14.79
15.26
16.11
15.97
19.68
22.61
20.85
23.24
23.1
23.73
18.87
19.26
20.41
17.72
17.63
18.26
20.73
16.38
17.14
17.53
20.14
17.09
21.75
17.8
17.75
15.77
13.7
17.21
15.55
14.99
14.79
16.87
16.24
17.43
18.58
19.9
16.41
16.85
18.82
18.46
16.21
16.16
15.28
14.5
14.6
16.11
13.94
15.31
12.65
18.33
10.67
18.82
24.49
23.68
18.68
19.9
20.51
21.88
22.02
19.8
23.1
21.7
16.31
22.85
21.41
17.85
13.53
16.58
20.17
11.5
8.85
11.52
10.22
10.42
9.497
12.87
12.65
16.38
17.16
23.66
21.12
16.04
15.8
14.75
14.97
12.41
11.45
16.04
11.49
12.94
13.35
16.19
15.01
12.44
13.7
12.87
11.12
10.16
8.411
8.984
14.62
13.13
15.92
17.65
20.31
22.19
20.9
20.0
20.41
19.43
19.41
19.65
17.75
17.63
17.72
17.38
16.8
15.36
14.84
12.62
6.506
9.058
10.39
13.4
14.28
17.85
17.5
18.19
19.97
14.89
18.38
13.4
15.36
15.31
15.38
15.75
17.07
19.02
19.29
19.26
15.43
14.09
16.65
17.94
12.08
13.62
17.6
14.89
15.87
12.39
16.16
15.19
16.09
17.53
13.21
12.57
13.92
14.65
16.58
18.99
18.65
17.92
21.39
19.82
14.04
14.79
15.41
17.92
21.85
8.813
8.264
9.961
10.68
14.4
17.31
15.01
14.89
16.67
18.21
15.14
13.89
14.11
11.88
12.89
12.7
11.76
11.23
12.23
12.52
11.71
10.8
11.01
10.28
10.82
11.54
15.11
19.21
17.85
16.99
18.7
19.09
20.41
19.51
19.68
20.36
20.41
18.9
20.53
19.31
18.46
20.83
21.02
18.82
19.97
19.85
20.43
17.31
18.29
16.48
15.89
18.68
19.95
19.56
20.34
19.19
18.8
19.26
16.65
17.8
17.92
17.04
18.31
18.12
19.46
17.7
16.14
17.48
20.0
20.8
19.63
14.79
13.99
12.92
18.65
21.97
20.48
21.88
15.72
19.04
22.71
22.14
23.63
21.9
17.11
12.79
13.79
15.97
14.16
16.8
17.36
12.35
14.7
15.75
21.7
15.58
9.863
9.973
11.1
11.06
10.27
11.82
11.96
15.89
16.82
19.14
20.14
23.51
23.14
19.24
24.29
17.53
15.72
15.01
15.48
14.31
13.38
14.55
13.62
16.16
17.38
18.09
18.55
17.85
18.92
19.63
19.07
20.7
18.58
16.33
18.7
15.19
16.87
19.07
19.87
17.9
12.96
12.39
13.06
15.23
13.65
16.11
14.62
17.94
20.97
20.34
19.92
17.16
17.29
16.77
17.65
17.99
14.21
15.72
14.48
10.28
12.41
13.28
19.07
19.04
10.21
8.838
17.11
15.38
13.38
15.01
15.89
11.47
14.89
15.14
16.19
15.26
12.6
13.06
16.43
19.58
25.05
23.39
20.02
21.83
23.75
20.09
26.17
24.05
24.44
19.68
18.6
21.19
24.46
22.29
15.84
14.72
16.58
13.82
14.82
14.99
19.04
20.8
18.85
21.61
19.17
17.68
17.11
15.09
13.43
12.99
13.7
13.94
12.3
13.21
11.21
12.82
12.35
13.89
13.35
15.38
11.38
9.546
12.57
12.87
15.01
16.8
16.43
24.02
20.65
18.29
18.16
18.7
17.99
18.31
20.26
18.19
17.97
15.7
17.9
15.48
17.38
14.53
11.66
11.45
6.506
6.641
10.88
13.09
16.48
16.14
16.6
19.36
16.94
16.48
15.31
14.14
17.7
20.07
20.51
17.26
20.68
22.8
23.44
23.88
23.95
21.14
15.87
17.6
14.67
16.43
18.77
16.09
15.84
13.33
16.43
15.99
20.8
17.46
17.63
18.14
14.26
14.92
20.85
21.75
17.07
16.55
22.09
18.85
13.6
11.51
11.28
11.3
12.02
19.75
26.07
24.24
19.07
22.53
18.14
15.77
26.17
19.02
13.82
10.58
8.044
8.582
9.033
11.08
9.29
9.192
8.862
10.4
9.802
8.936
9.094
12.01
11.56
13.92
16.7
17.26
18.87
20.17
20.68
22.19
21.97
22.44
20.34
19.09
17.72
19.38
22.17
21.34
21.7
15.7
15.21
13.79
18.65
