8.96
8.801
8.96
9.021
9.045
9.204
14.92
20.73
20.83
20.09
14.33
8.911
8.899
8.508
6.604
6.445
6.409
6.409
6.409
6.409
7.312
8.96
8.96
8.704
10.73
18.95
20.83
20.68
19.31
12.33
9.021
9.631
17.26
20.85
20.85
19.6
9.326
9.094
13.65
16.26
17.04
17.38
17.82
18.12
18.29
18.55
18.77
17.9
15.6
14.55
12.96
11.84
11.0
19.92
20.85
19.8
11.06
14.14
16.36
17.14
17.68
18.04
18.26
18.58
18.04
15.53
14.79
13.89
13.04
8.74
8.691
9.106
15.84
20.83
20.85
19.92
12.82
8.752
8.691
8.826
14.5
20.75
20.83
19.48
16.58
9.363
13.72
20.24
20.85
20.29
17.04
13.18
16.24
17.24
17.92
18.21
18.63
16.8
14.55
12.45
8.887
9.277
9.241
8.887
15.48
20.83
19.36
17.55
9.424
11.07
16.11
17.26
18.04
18.46
17.7
15.41
13.55
10.58
9.302
9.436
10.16
19.43
20.63
17.26
9.607
9.338
9.656
9.68
9.229
9.021
9.277
9.436
9.436
8.801
13.48
16.77
17.6
18.14
18.55
18.75
15.38
15.16
14.58
9.155
9.387
9.229
9.277
9.46
12.72
16.92
17.82
18.36
18.68
16.04
14.65
13.48
9.46
9.229
10.4
15.92
17.14
17.82
18.29
18.68
16.36
15.04
14.45
9.314
9.265
9.485
15.45
20.85
19.48
17.72
10.28
9.448
9.692
17.04
20.85
20.09
11.45
8.862
6.604
6.506
6.409
6.409
6.409
6.409
6.409
6.409
7.397
9.949
19.38
20.46
12.16
8.972
8.984
9.241
9.021
8.704
8.887
9.058
13.48
20.75
19.87
17.21
7.324
6.604
6.421
6.409
6.409
6.409
6.409
6.409
7.654
17.63
20.85
16.75
9.448
9.485
9.045
8.911
8.789
9.119
9.668
17.07
20.8
20.85
18.12
8.777
6.653
6.543
6.409
6.409
6.409
6.409
6.409
6.409
6.812
8.74
8.948
9.106
9.485
9.607
17.99
20.83
20.75
14.99
9.082
14.7
20.8
20.43
14.65
16.65
20.83
19.17
7.886
6.873
6.604
6.604
6.604
6.604
6.604
8.521
8.777
8.813
8.411
8.533
8.85
9.009
9.131
9.216
8.96
9.094
9.167
15.48
20.78
20.85
19.36
8.398
6.653
6.47
6.409
6.409
6.409
6.409
8.496
8.728
9.253
13.13
20.19
20.85
19.41
10.63
8.679
9.326
9.18
9.009
9.18
15.28
20.83
20.41
14.6
7.166
6.665
6.604
6.604
6.604
6.604
6.604
6.604
8.057
8.85
8.85
8.508
8.667
15.41
20.83
19.41
9.729
8.24
8.289
8.691
8.655
8.997
6.921
6.604
6.604
6.604
6.604
6.604
6.604
6.604
6.604
6.604
6.812
8.936
14.97
20.68
20.85
20.19
15.01
11.45
19.78
20.85
20.85
17.38
8.313
8.325
7.849
6.604
6.604
6.604
6.604
6.604
6.604
6.604
6.604
7.312
9.534
9.448
11.21
19.51
20.85
20.83
19.6
12.87
10.58
16.02
17.14
17.68
18.14
18.46
18.58
18.85
19.07
19.34
19.41
19.56
19.56
19.73
19.73
19.87
20.12
20.17
20.31
20.31
20.41
20.51
20.7
20.7
20.7
20.34
17.24
19.46
20.85
20.85
20.85
20.85
20.85
20.87
19.65
18.04
17.82
17.8
16.24
8.472
14.79
16.8
17.55
17.99
18.31
18.58
18.82
19.14
19.34
19.38
19.63
19.73
19.85
20.0
20.12
20.12
20.24
20.31
20.48
20.56
20.68
20.68
20.7
18.07
19.43
20.85
20.7
20.65
20.46
20.31
18.99
18.8
17.9
9.473
15.62
17.43
18.16
18.53
18.97
19.26
19.48
19.58
19.7
19.9
20.02
20.09
20.12
20.19
20.31
20.31
20.41
20.65
20.7
20.68
20.68
19.12
17.31
19.56
20.43
20.83
20.83
20.83
20.83
20.63
18.68
18.12
17.55
14.72
10.02
16.7
17.97
18.53
18.9
19.26
19.53
19.73
19.85
19.92
20.12
20.19
20.31
20.31
20.48
20.56
20.68
20.68
19.82
17.63
19.14
20.83
20.8
20.63
20.51
19.7
19.04
16.99
10.27
12.0
17.19
18.19
18.68
19.07
19.34
19.53
19.73
19.78
19.92
20.12
20.24
20.31
20.31
20.48
20.58
20.7
20.7
20.7
20.7
20.68
17.38
17.97
19.31
20.85
20.85
20.85
20.68
20.48
20.48
20.51
19.7
17.85
17.82
16.97
11.04
13.31
16.7
17.55
18.14
18.53
18.77
19.09
19.36
19.53
19.65
19.73
19.82
19.92
19.92
20.09
20.14
20.31
20.31
20.36
20.51
20.53
20.68
20.7
20.0
16.87
18.07
19.97
20.85
20.75
20.48
20.14
19.21
18.55
17.29
9.131
14.36
16.6
16.26
13.06
12.89
9.778
13.35
16.46
16.65
13.11
13.06
8.96
15.48
17.63
18.41
18.82
19.24
19.51
19.68
19.73
19.92
20.04
20.12
20.12
20.29
20.36
20.51
20.51
20.68
20.7
20.7
18.51
17.65
20.0
20.85
20.83
20.83
19.92
18.48
17.21
15.8
8.533
8.74
10.91
16.19
17.31
17.99
18.36
18.51
18.87
19.19
19.36
19.56
19.56
19.63
19.75
19.75
19.87
19.95
19.95
20.09
20.14
20.14
20.31
20.31
20.31
20.36
20.53
20.7
20.7
20.7
20.73
20.7
20.7
17.9
18.63
20.7
20.85
20.85
20.65
20.48
20.26
16.58
16.04
15.67
12.44
12.52
16.53
17.38
18.21
18.73
19.17
19.41
19.56
19.65
19.73
19.9
20.04
20.14
20.31
20.31
20.39
20.51
20.51
20.65
20.7
20.7
18.58
18.63
20.73
20.87
20.85
20.7
20.34
20.31
20.09
17.77
17.02
16.85
16.85
16.65
14.36
11.38
9.46
12.5
9.631
10.68
11.39
9.57
11.8
10.11
9.888
11.5
12.87
16.09
20.19
18.87
16.63
15.55
13.72
15.99
19.8
18.48
10.82
10.3
9.46
9.79
11.3
15.94
20.8
14.82
10.29
18.36
20.8
14.18
14.4
20.78
18.53
11.72
20.14
20.7
12.99
11.38
9.534
9.07
9.717
9.216
13.84
17.29
18.12
18.55
18.85
19.24
19.46
19.53
19.63
19.73
19.85
19.92
20.07
20.19
20.31
20.31
20.31
20.48
20.63
20.7
20.7
20.61
17.43
19.17
20.85
20.87
20.73
20.68
20.68
20.7
20.48
19.02
15.97
15.67
15.45
10.9
9.302
9.607
9.399
9.192
9.204
7.446
6.604
6.604
6.604
8.093
9.167
9.338
9.46
9.277
9.436
9.924
9.656
17.5
20.85
20.41
14.33
9.558
9.717
17.94
20.85
20.7
15.43
9.863
7.275
6.604
6.604
6.604
6.604
6.604
6.604
6.604
6.604
6.604
6.604
6.604
6.604
6.604
6.604
6.604
6.604
6.604
6.604
6.604
6.604
8.105
9.79
10.31
9.949
10.07
12.82
20.12
20.7
19.95
