0.3048
0.1314
0.3147
0.1423
0.1869
0.2083
0.5539
0.1114
0.09279
0.2167
0.2178
0.2228
0.4997
0.246
0.0
0.0
0.0
0.0
0.0
0.01125
0.618
0.1261
0.1671
0.2949
0.1404
0.2007
0.1991
0.1961
0.5699
0.1192
0.1179
0.3502
0.2491
0.1877
0.1747
0.5127
0.8606
0.9171
0.8179
0.6424
0.8575
5.157
5.255
3.32
0.6584
0.1987
0.189
0.2323
0.885
0.9857
1.326
1.231
1.131
5.713
3.387
3.091
0.7904
0.2338
0.28
0.1169
0.3174
0.8789
0.7278
0.9216
0.9613
0.9506
5.768
4.486
1.913
1.384
0.6561
0.1801
0.2914
0.09556
0.07544
0.3098
0.1192
0.5592
0.8759
0.9979
0.9598
1.045
3.961
4.187
1.727
1.849
1.196
0.7858
0.296
0.7812
0.8011
0.8041
0.7568
0.8469
3.87
3.186
2.786
1.602
0.7507
0.1976
0.1873
0.4425
0.04301
0.7401
0.7263
0.7828
0.7523
0.8133
0.9491
5.884
3.271
2.133
0.6165
0.3761
0.6752
0.8835
0.9018
0.972
0.9842
5.493
2.795
2.185
0.8392
0.4135
0.4814
0.3017
0.09995
0.08011
0.4417
0.04606
0.528
0.8331
0.8713
0.8545
0.9171
0.9308
5.524
4.688
1.773
0.1019
0.8423
0.9598
0.9705
0.9003
3.9
4.37
4.016
0.4776
0.4982
0.2411
0.1202
0.06809
0.2609
0.1957
0.4837
0.2705
0.1034
0.08478
0.3094
0.1083
0.4951
0.5234
0.6409
0.6653
0.6676
0.7584
0.7256
2.591
4.565
2.597
2.783
1.059
0.4074
0.312
0.3281
0.3494
0.3616
0.3807
0.4105
0.2884
0.2888
0.3265
9.537e-05
0.0
0.0
0.0
0.0
0.0
9.537e-05
0.0
0.1839
0.3662
0.1184
0.08678
0.3304
0.2117
0.1181
0.4364
0.1606
0.1347
0.2171
0.2083
0.1987
0.5867
0.1591
0.375
0.05207
9.537e-05
0.0
0.0
9.537e-05
0.0
0.0
0.0
0.2251
0.2708
0.2796
0.06905
0.08354
0.06342
0.3376
0.0639
0.3536
0.2026
0.1055
0.06819
0.3017
0.1305
0.16
0.1572
0.0003815
0.0
9.537e-05
0.0
0.0
0.0
0.0
0.0
0.04234
0.4662
0.1526
0.1793
0.1152
0.3437
0.2323
0.3716
0.2403
0.3868
0.2724
0.07362
0.09737
0.1446
0.3872
0.3922
0.0003815
0.0
0.0
0.0
0.0
0.0
0.0
0.0
0.1358
0.19
0.1348
0.222
0.1858
0.1465
0.6447
0.219
0.6592
0.1381
0.457
0.1303
0.2621
0.3456
0.2537
0.2415
0.0002861
9.537e-05
0.0
0.0
0.0
0.0
0.0
0.01087
0.2167
0.3014
0.4402
0.3361
0.2575
0.5722
0.1759
0.4173
0.5013
0.2098
0.4158
0.2319
0.325
0.5058
0.1572
0.3345
0.1093
9.537e-05
0.0
0.0
0.0001907
0.0
0.0
0.0
0.01116
0.5188
0.1431
0.502
0.2354
0.3418
0.2354
0.1938
0.6104
0.2945
0.3448
0.4677
0.631
0.1945
0.2533
0.2026
0.0001907
0.0
0.0
0.0
0.0
0.0
0.0
0.0
0.0
0.4776
0.2121
0.1038
0.07668
0.2296
0.1854
0.3857
0.6447
0.2377
0.3529
0.1009
0.03653
0.2243
0.2918
0.1612
0.1242
0.2373
0.2102
0.0001907
0.0
0.0
0.0
0.0
0.4478
0.1106
0.08183
0.1289
0.2846
0.4608
0.1837
0.563
0.7156
0.7683
0.7202
0.8453
0.9476
0.8774
0.7034
0.7271
0.647
0.6676
0.5447
0.4982
0.5875
0.7515
1.054
1.117
1.196
1.169
1.199
1.184
1.144
1.987
6.189
11.18
14.11
13.18
15.48
10.67
8.716
5.591
1.95
0.8942
1.009
1.297
1.233
1.172
1.012
0.9842
1.019
1.083
1.125
1.097
1.041
1.186
1.231
1.218
1.222
1.302
5.304
12.39
15.48
16.04
12.55
10.02
5.743
4.865
2.121
0.198
1.089
1.236
1.294
1.105
1.051
1.198
1.28
1.297
1.06
1.094
1.146
1.109
1.253
1.599
1.003
0.7172
0.8286
2.908
4.755
8.606
8.594
8.74
10.31
10.52
7.043
8.838
4.742
4.395
3.253
2.747
1.913
1.21
0.5165
0.6943
0.705
0.769
0.9171
0.8133
0.7225
0.8972
0.8102
0.7904
0.795
0.7812
0.7828
0.856
0.7828
0.7782
0.7431
0.8438
0.8636
0.9216
0.8743
0.9094
0.7629
0.7202
0.8408
0.8881
5.243
6.219
9.692
5.627
8.215
11.22
8.826
10.08
8.569
8.74
5.566
4.181
2.811
2.246
0.19
0.7935
0.8469
0.7553
0.7996
0.8652
0.9064
0.7515
1.12
1.256
0.8255
0.6905
0.6454
0.6676
0.65
0.7744
0.7309
0.7668
0.7935
0.7561
0.827
0.8682
0.6767
0.7088
1.285
5.743
7.227
8.081
6.86
8.582
9.68
9.412
8.74
7.556
6.592
3.387
3.845
3.098
2.844
1.724
0.795
0.4288
0.6851
0.7721
0.7507
0.7454
0.7286
0.6538
0.7195
0.7553
0.7301
0.6599
0.8194
0.8209
0.7339
0.7347
0.7919
0.7919
0.7874
0.7767
0.9003
0.9354
0.9155
0.9369
0.8957
0.9644
5.969
8.435
6.348
6.104
11.18
11.47
11.32
9.595
8.521
8.765
4.285
2.322
2.594
0.1011
0.3227
0.5028
0.4768
0.4875
1.682
5.17
3.76
3.284
0.5096
0.3731
0.5157
0.6203
4.181
2.158
1.163
0.2483
0.1493
0.05245
0.09327
0.4349
0.05789
0.4929
0.6447
2.57
3.705
1.18
0.6477
0.1328
0.1102
0.06914
0.3143
0.09594
0.4448
0.9186
1.025
0.9491
0.9476
0.6989
0.6966
0.7782
0.827
0.8743
0.885
0.7553
0.7668
0.6157
0.6332
0.6371
0.5608
0.518
0.5104
0.4959
0.5066
0.5585
0.7141
0.6516
0.6218
0.5806
0.6462
0.5539
0.5417
0.5737
3.76
7.446
5.701
5.927
4.999
10.82
5.597
8.179
5.664
8.435
6.677
4.224
5.048
3.943
2.817
0.1722
0.6699
0.7919
0.853
0.7629
0.8698
0.8179
0.8759
0.8423
0.7698
0.8591
0.946
0.8911
0.7904
0.6653
0.6363
0.499
0.7469
0.7889
0.7294
0.7034
0.6996
0.6767
0.798
0.7317
0.8072
0.882
2.42
8.362
5.188
10.46
8.838
7.898
7.898
7.959
5.682
5.103
3.687
3.497
1.7
3.174
0.2579
1.999
0.5447
0.035
0.3544
0.08793
0.09489
0.06208
0.1196
0.3117
0.1408
0.3143
1.48
0.214
0.3292
0.07315
0.1091
0.2491
0.4509
0.246
0.1841
0.127
0.23
0.2014
0.7294
0.8133
0.6775
0.6355
0.6874
1.251
1.039
0.3902
0.6165
1.192
1.268
1.273
1.384
1.318
1.241
1.331
1.237
1.175
1.228
1.137
1.039
1.125
1.314
1.329
7.068
10.68
13.01
10.06
10.49
10.4
6.812
4.858
3.094
2.176
0.6042
0.2941
0.47
0.605
0.5173
0.4211
0.4913
0.6828
0.4028
0.4906
0.3323
0.1894
0.2743
0.4669
0.1604
0.3765
0.2708
0.5135
0.1919
0.9735
1.048
1.213
1.231
1.242
0.9399
1.123
1.308
1.273
1.242
1.262
1.228
1.187
1.166
1.212
1.241
5.664
11.33
13.82
12.79
13.84
10.28
6.86
5.377
2.603
1.883
0.2941
0.3048
0.3494
0.8163
0.425
0.4639
0.3105
0.4578
0.3586
0.1812
0.3365
9.537e-05
9.537e-05
0.0001907
0.0
0.0
0.0
0.0
0.0
0.0
0.0
0.0
0.0
0.0002861
0.0
0.0
0.0
0.0
0.0
0.01554
0.4234
0.7042
0.7439
0.6058
0.4456
0.8484
0.8881
0.8575
0.589
