0.1686
0.4189
0.2682
0.2815
0.1663
0.2716
0.1451
0.3159
0.4112
0.07992
0.1511
0.3677
0.1446
0.4318
0.1108
0.1396
0.4051
0.02441
0.0
0.1236
0.1564
0.1387
0.2777
0.2079
0.3162
0.1089
0.1131
0.3105
0.1307
0.4517
0.07944
0.1297
0.4112
0.1333
0.2197
0.2537
0.3063
0.1223
0.112
0.4166
0.3185
1.309
2.057
2.197
2.164
2.289
5.176
2.307
2.585
0.2148
1.018
1.611
1.506
1.691
1.981
2.28
4.889
2.582
1.959
0.267
1.038
1.529
1.862
1.846
1.947
2.011
4.657
2.374
1.984
0.3521
0.3628
0.1263
0.3143
0.238
0.4051
0.3487
0.178
0.2319
0.1099
0.4143
0.47
0.2464
1.28
1.363
1.562
1.703
1.74
4.761
2.673
1.874
0.2449
1.413
2.213
2.106
1.901
2.295
4.639
2.695
1.251
0.1543
0.2289
0.2766
0.2029
2.319
2.621
2.429
4.578
3.778
1.761
0.194
2.066
2.35
2.414
2.46
5.872
2.64
0.5722
0.3502
0.444
0.3265
0.1898
0.4333
0.4509
0.4654
0.7004
0.4013
0.3757
0.4051
0.412
0.882
0.2354
0.3582
0.23
0.4539
1.743
2.502
2.64
2.615
5.823
3.387
1.234
0.4837
0.4288
0.3784
0.4105
0.4128
0.3029
0.3433
0.6119
0.2651
0.1753
0.6195
0.4044
0.09432
1.227
1.556
1.794
1.73
1.804
2.606
4.358
2.606
1.669
0.2399
1.515
1.608
1.66
1.736
1.828
1.791
1.846
1.779
1.981
1.929
2.164
2.029
2.414
2.374
2.518
2.243
2.322
2.57
2.621
7.971
7.727
10.73
7.434
7.275
5.585
4.565
1.797
1.12
0.3803
0.2064
0.3288
0.3387
0.1375
0.4181
0.4448
0.386
0.3307
0.3551
0.341
0.4402
0.1852
0.3551
9.537e-05
0.0004768
0.0
0.0
0.0
0.01125
0.2346
0.6378
0.2491
0.1877
0.2132
0.4051
0.1659
0.1509
0.325
0.09937
0.3635
0.2182
0.3399
0.2785
0.1064
0.07477
0.144
0.3677
0.02098
9.537e-05
0.0
0.0
0.0003815
0.01116
0.256
0.02289
0.6294
0.2155
0.2026
0.1984
0.1949
0.4875
0.2998
0.3403
0.5798
0.2148
0.2132
0.2666
0.3326
0.7034
0.3223
0.1148
0.1505
0.2243
0.2132
0.0002861
0.0
0.01535
0.6851
0.1513
0.1331
0.1041
0.3799
0.2003
0.1522
0.3201
0.2876
0.3067
0.214
0.1217
0.1011
0.3685
0.2052
0.2041
0.4036
0.06475
0.1406
0.06676
0.2651
0.1713
0.0001907
0.01564
0.528
0.3529
0.1526
0.1249
0.4593
0.1337
0.547
0.3799
0.1207
0.0885
0.2342
0.3529
0.3681
0.5501
0.1255
0.09804
0.362
0.2094
0.0007629
0.0
0.0
0.0005722
0.0001907
0.03929
0.28
0.5775
0.1133
0.1385
0.2724
0.2281
0.4311
0.5112
0.04969
0.1324
0.1804
0.3719
0.2239
0.47
0.05226
0.3666
0.3326
0.1968
0.1991
0.3773
0.05264
0.0003815
0.0
0.01211
0.3944
0.2502
0.4517
0.2869
0.1085
0.07477
0.2369
0.2396
0.0005722
0.2296
0.2689
0.1123
0.1041
0.3212
0.4852
0.2838
0.115
0.177
9.537e-05
0.0
0.0
0.0
0.0
0.01507
0.7156
0.2769
0.3139
0.5615
0.1932
0.1196
0.08659
0.2689
0.2113
0.1143
0.9811
1.532
2.292
2.518
2.411
2.255
1.938
1.555
1.329
1.357
0.9903
1.03
1.228
1.901
2.267
2.206
2.386
2.255
2.46
2.158
2.219
3.882
7.703
5.774
7.3
8.105
5.017
6.641
4.736
4.083
1.617
0.3124
1.491
1.611
1.63
1.537
1.492
1.682
1.454
1.468
1.514
1.341
1.341
1.575
1.48
1.324
1.549
1.463
1.486
1.584
2.277
2.255
2.264
2.203
2.017
3.943
6.531
4.547
5.164
8.997
4.98
5.603
6.335
4.718
4.84
3.54
1.831
0.5142
1.66
2.167
2.075
2.17
2.066
1.947
1.959
1.892
1.779
1.92
2.209
1.904
1.831
1.816
1.935
1.962
1.846
1.877
2.304
2.289
6.396
5.212
5.17
3.79
6.616
6.824
5.951
7.068
3.949
4.742
3.406
2.023
0.2239
1.201
1.324
1.55
1.387
1.512
1.584
1.593
1.569
2.35
2.472
2.197
2.066
2.17
2.039
2.103
2.051
1.984
1.852
1.895
2.444
1.871
6.311
4.578
3.006
6.323
6.934
7.019
6.653
6.372
4.895
4.401
2.249
1.006
0.9216
1.32
1.27
1.477
1.813
2.328
2.072
1.743
1.547
2.341
2.075
2.386
2.182
2.069
2.054
1.895
1.758
1.923
2.13
2.072
2.997
6.763
3.748
4.968
4.425
8.484
7.141
7.141
5.298
4.285
2.219
1.369
1.538
2.054
2.087
2.188
1.892
1.956
1.825
1.874
2.692
2.292
2.521
2.036
1.956
1.865
1.889
1.91
2.24
2.209
2.371
4.089
6.812
2.713
7.373
7.19
6.995
6.372
4.559
3.973
2.087
1.241
0.9949
1.085
1.172
1.837
4.419
2.567
0.8759
0.9201
1.549
2.133
4.504
2.353
0.9689
0.4936
1.006
1.012
1.929
3.369
1.524
0.8652
0.2716
0.1461
0.1259
0.4379
0.2701
0.8072
0.8682
1.27
2.948
1.204
0.5737
0.5058
0.1987
0.08831
0.1892
0.2598
0.2449
0.9644
1.169
2.563
2.148
0.6737
0.1165
1.167
1.111
0.9796
1.45
1.834
1.993
1.657
1.923
1.709
1.503
1.498
1.578
1.559
1.587
1.479
1.433
1.346
1.245
1.28
1.341
1.382
1.483
1.396
1.584
1.546
1.761
5.591
5.09
2.396
4.895
4.59
6.458
6.073
5.652
5.652
4.602
3.821
2.048
1.28
0.8759
1.225
1.451
1.55
1.505
1.703
1.736
1.794
1.666
1.682
1.636
1.736
1.399
1.437
1.63
1.332
1.442
1.357
1.37
1.178
1.419
1.346
1.468
1.54
1.596
1.439
1.332
1.578
7.288
4.419
5.31
5.798
7.764
5.603
6.061
4.144
4.205
3.778
1.436
0.8148
1.688
1.27
0.3033
1.244
1.651
0.2968
0.3307
0.1009
0.1156
0.06981
0.1152
0.3464
0.5302
2.2
0.3056
0.975
1.216
1.225
1.288
1.389
1.427
1.418
1.389
1.416
1.62
1.675
1.715
1.904
1.746
1.62
1.442
1.17
1.28
1.129
1.138
1.318
1.257
1.215
1.173
1.169
1.392
1.3
1.378
1.544
6.604
5.011
4.742
5.286
7.654
7.361
6.604
6.049
4.504
3.918
3.107
1.515
0.7996
0.7324
0.8255
0.1184
1.132
1.271
1.23
1.521
1.608
1.552
1.421
1.627
1.424
1.422
1.427
1.37
1.334
1.311
1.338
1.274
1.204
1.184
1.088
1.085
1.213
1.436
1.651
1.859
1.898
2.029
1.782
5.475
5.566
3.656
6.628
7.202
7.593
6.36
5.072
4.645
2.438
1.181
0.01516
0.4784
0.3689
0.1146
0.152
0.4097
0.1219
0.7202
0.4471
0.3716
0.3048
0.1507
0.1375
0.3586
0.4677
0.2995
0.2098
0.5272
0.2831
0.3689
0.2609
0.2808
0.2941
0.1556
0.0
0.0003815
0.0
0.0
0.0
0.0
0.0
0.0
0.0
0.0
0.0
0.0
0.0
9.537e-05
0.0001907
0.0
0.0
0.0
0.0
0.06123
0.6187
0.5135
0.8575
0.3231
0.3006
0.8591
0.7301
0.6447
0.7057
0.01364
