17.8
19.43
17.82
19.73
22.22
20.8
20.7
19.48
17.92
20.19
20.39
20.68
21.04
20.24
19.38
18.92
19.04
21.24
19.8
19.78
18.85
19.7
18.04
21.41
21.51
18.87
20.21
20.73
20.83
19.14
19.29
18.43
18.24
17.48
17.97
16.85
16.97
17.75
19.26
20.29
21.31
24.19
18.9
20.36
20.12
19.17
18.51
18.38
17.43
18.9
18.04
18.02
19.78
19.46
22.39
19.38
17.9
19.95
21.36
19.26
18.12
16.41
16.48
18.8
18.43
19.85
19.14
19.7
18.24
18.51
15.5
16.63
17.58
20.41
21.24
19.41
17.07
16.72
17.33
17.33
16.97
17.19
18.09
18.77
20.39
18.87
17.46
18.68
19.36
18.8
19.63
18.21
17.8
16.82
19.14
19.87
17.55
17.5
16.55
17.53
16.63
17.58
17.63
20.41
18.85
20.41
19.95
18.31
19.63
18.53
16.58
17.19
15.43
15.14
16.77
21.44
19.04
18.73
17.31
17.46
19.97
20.07
21.12
20.41
19.43
20.21
20.43
17.77
17.24
17.04
19.12
18.09
17.8
19.17
20.02
20.68
22.34
20.95
17.14
17.29
17.9
20.43
21.07
19.07
19.31
20.17
19.92
19.04
18.65
20.31
19.56
20.02
22.41
21.58
22.71
21.09
20.58
19.07
20.02
21.26
20.21
20.7
22.88
22.36
19.9
21.14
19.6
18.65
18.95
20.68
22.95
22.24
18.63
17.97
18.7
17.33
17.38
19.17
21.53
18.97
18.19
19.46
18.8
20.43
22.44
19.75
19.75
17.6
18.46
18.8
19.43
18.65
19.36
19.43
17.07
17.38
16.87
16.63
18.02
19.09
17.94
17.07
15.82
17.53
19.29
18.26
18.33
19.02
20.14
17.97
17.85
17.09
18.12
19.19
18.8
19.04
16.31
14.94
15.7
19.41
20.53
20.39
18.68
17.8
16.38
16.43
17.11
19.24
19.65
17.43
17.26
17.72
16.28
17.68
19.75
20.51
17.7
19.29
17.36
16.63
16.63
17.9
17.38
18.51
20.21
21.0
21.41
20.19
17.9
20.36
17.24
17.43
19.63
18.73
16.94
17.99
18.24
17.46
18.68
19.9
20.87
21.31
17.55
18.63
19.51
18.41
17.72
17.87
17.87
16.5
17.72
16.5
18.55
19.78
18.95
17.16
16.04
19.87
20.14
21.46
20.85
18.24
19.73
16.8
16.65
18.58
18.9
17.75
17.16
18.68
18.41
18.87
18.26
17.99
19.29
18.99
19.7
21.26
20.31
20.85
19.29
19.56
17.19
17.9
20.34
19.17
22.14
22.29
18.38
19.17
18.07
19.95
19.29
18.58
19.41
18.53
17.9
18.07
18.36
20.19
18.31
22.19
18.65
21.53
15.77
16.7
19.51
18.87
17.77
19.04
18.8
20.12
19.17
19.75
19.58
19.21
18.33
18.63
15.19
15.87
14.77
14.89
15.75
17.65
17.99
21.63
18.58
16.04
16.94
18.8
17.65
18.53
17.77
17.16
16.97
17.16
16.31
16.72
16.58
17.72
16.8
17.36
18.02
18.65
16.92
18.24
16.24
17.6
18.02
16.72
18.09
18.51
17.02
17.24
16.46
19.92
17.87
19.04
19.19
19.24
15.38
16.11
17.65
18.7
16.53
17.55
19.43
19.14
17.99
15.72
14.31
18.07
17.94
19.8
17.99
18.85
18.65
17.04
17.68
17.6
18.14
17.6
17.6
18.14
18.9
19.78
19.56
17.21
18.77
16.28
18.07
18.92
19.75
19.82
18.46
19.68
18.24
15.82
16.89
19.43
17.65
18.14
19.12
18.36
17.21
18.04
16.36
16.38
20.19
19.95
18.8
18.16
18.48
17.63
19.53
20.46
17.53
18.65
16.65
17.31
18.63
19.46
20.04
20.04
18.97
18.04
17.36
17.41
18.95
18.33
19.04
17.11
18.6
18.8
17.36
17.11
18.12
18.68
19.87
18.04
20.09
20.8
17.21
17.94
17.75
18.02
19.41
15.65
16.8
17.53
18.43
17.82
17.87
17.7
18.53
19.19
20.19
19.48
16.8
17.07
18.36
18.51
18.82
19.85
17.04
18.09
17.19
17.65
18.65
20.34
18.92
20.12
17.02
19.48
18.82
20.85
17.77
17.29
17.29
18.6
17.31
19.21
18.46
20.24
19.82
20.36
21.85
19.29
17.09
16.94
20.02
16.16
16.8
17.11
20.02
18.09
18.46
18.26
18.26
19.56
20.8
20.24
20.19
22.66
19.53
17.55
19.17
18.29
20.39
16.48
17.26
17.68
18.07
20.39
18.63
19.65
19.8
20.9
20.0
17.65
18.95
16.97
18.99
21.88
19.65
22.09
17.82
21.36
19.48
20.58
18.36
19.17
19.95
22.22
22.24
15.23
16.24
17.33
16.41
18.48
18.46
20.73
18.85
21.24
19.8
17.43
16.65
16.7
19.24
19.02
19.09
18.82
20.68
19.51
17.68
16.82
18.19
18.12
20.63
15.6
18.58
19.31
18.7
18.7
17.9
18.58
21.19
19.29
20.07
19.51
19.04
18.75
17.14
18.07
18.04
15.26
16.58
16.43
18.48
20.12
18.12
17.36
17.6
20.31
20.53
17.31
17.6
17.02
16.33
14.43
15.48
18.82
16.77
17.02
19.53
18.43
19.68
19.7
18.99
17.72
19.41
18.24
17.09
19.12
19.26
20.73
19.9
18.19
18.41
19.26
19.63
22.29
17.53
19.38
18.38
20.26
23.61
18.09
17.7
18.21
17.5
18.68
19.24
19.48
19.09
21.14
20.24
20.83
21.36
21.88
19.7
18.07
17.41
17.75
15.67
17.16
19.73
20.61
21.97
22.39
18.07
19.14
19.21
18.38
20.19
20.46
20.21
20.46
19.95
17.41
21.09
21.41
18.53
19.73
20.97
21.29
18.7
20.12
22.27
20.34
19.14
17.58
17.07
18.33
20.92
21.24
19.65
19.9
18.04
17.41
17.75
19.12
20.17
21.68
21.19
16.24
17.94
18.85
18.51
19.75
21.41
20.87
17.26
19.21
19.12
18.6
18.6
19.9
20.48
22.56
18.68
19.04
21.09
20.61
19.65
17.99
21.02
18.36
16.94
17.36
18.36
20.36
19.82
21.07
22.02
20.02
19.48
20.0
17.82
18.26
20.53
21.46
21.51
18.97
19.26
20.0
18.16
20.53
20.7
21.17
22.24
23.12
18.16
17.48
18.41
21.24
21.09
20.46
18.26
19.31
19.36
16.6
17.75
