16.65
16.38
18.16
13.79
15.8
16.33
18.6
19.63
20.09
13.38
14.36
15.23
16.09
16.55
16.21
7.996
0.6462
0.2293
0.02861
10.64
13.28
12.57
13.55
14.43
14.21
13.89
13.11
12.77
14.43
13.33
13.96
15.99
16.7
17.65
16.28
15.5
17.43
18.24
17.19
13.55
12.05
18.29
16.72
16.55
16.55
18.95
20.26
19.87
21.09
18.58
15.67
16.11
17.04
16.16
16.41
12.16
15.7
20.04
18.43
21.29
13.33
10.34
15.5
15.7
19.19
18.16
13.4
16.02
20.0
19.65
20.8
20.97
22.31
22.0
19.36
18.02
18.19
19.21
19.09
12.87
13.79
14.7
14.6
16.09
16.36
15.67
16.38
16.82
10.53
19.21
18.33
21.31
26.66
25.63
23.9
23.56
30.42
27.34
15.92
13.45
14.55
17.02
18.41
14.21
13.87
24.78
24.58
23.05
24.1
26.37
24.9
22.95
27.73
19.46
16.7
26.61
28.76
28.12
29.64
26.07
22.95
25.68
19.75
3.741
29.2
27.88
26.37
24.27
23.41
21.56
14.45
20.34
21.46
21.63
15.04
22.66
23.51
20.78
11.49
14.72
25.34
24.88
27.69
27.54
27.2
25.0
29.88
26.03
15.94
8.728
22.97
25.68
23.78
22.0
20.83
24.41
23.97
15.97
15.72
20.09
22.09
11.4
25.88
24.46
23.66
23.49
22.88
23.07
18.09
18.29
21.68
23.68
15.16
21.85
23.07
21.56
18.85
21.46
20.24
19.97
14.55
14.14
2.814
0.1432
0.04425
0.02604
0.02861
0.02604
0.05207
11.99
15.92
13.4
15.28
6.958
12.06
13.31
19.36
17.75
21.92
13.11
14.65
1.505
14.04
13.01
18.97
19.36
18.99
21.75
12.67
0.8408
0.3777
0.02861
0.6767
14.43
14.28
15.16
17.38
15.43
14.77
16.97
17.38
11.69
13.4
14.16
13.01
13.62
13.53
13.11
18.85
5.652
0.2007
0.06247
0.03128
0.02604
0.03128
0.02604
7.861
13.18
12.92
14.23
14.01
13.77
14.72
12.77
13.55
13.7
15.19
17.63
16.97
19.36
18.8
13.28
12.7
0.2293
12.67
0.1484
0.1041
0.02604
0.02861
0.02861
5.902
15.87
12.49
11.8
18.04
14.6
13.28
11.35
16.94
11.19
17.07
10.71
13.79
12.82
14.75
17.55
20.83
21.29
16.72
0.8652
0.5051
0.04425
0.03128
0.02604
4.23
11.54
14.82
14.48
12.92
13.65
13.11
18.63
22.97
21.36
18.73
14.09
21.92
21.51
19.68
13.75
16.31
9.558
0.2136
0.112
0.02861
0.02861
0.02861
0.02861
0.03128
3.571
15.01
3.662
11.47
13.23
12.62
14.55
14.26
15.26
12.01
15.23
17.14
13.13
12.44
15.7
14.45
2.884
0.177
0.04692
0.02861
0.02604
0.02604
0.02604
0.02861
0.02604
12.12
14.92
11.82
15.23
14.82
15.09
18.77
17.7
2.176
2.728
20.39
25.39
25.54
12.79
11.77
16.94
15.72
20.92
20.07
4.797
0.6355
0.1328
0.03128
10.77
17.41
17.5
26.07
24.39
20.36
11.57
10.53
21.19
22.36
22.0
23.44
23.88
25.1
27.49
29.1
27.1
26.27
22.85
21.12
18.43
17.04
15.41
15.28
15.45
17.14
15.58
17.63
21.31
20.43
19.31
18.77
17.82
18.6
18.31
18.41
21.19
22.07
10.85
17.04
18.04
14.75
21.34
18.02
20.85
14.11
14.77
12.72
16.43
15.45
15.04
15.55
15.75
15.11
7.288
2.93
12.35
21.51
22.51
21.53
27.25
27.59
26.9
26.76
24.24
21.53
20.85
21.56
22.22
23.75
22.53
21.17
23.71
25.44
23.29
20.34
19.17
19.8
20.46
21.8
22.51
22.41
22.22
26.07
16.63
11.57
16.31
23.44
21.66
20.02
20.34
17.11
17.99
22.12
16.04
16.75
23.29
22.09
8.081
7.532
20.48
21.63
20.19
20.29
19.53
23.63
24.05
23.95
22.88
23.32
23.24
22.8
23.39
23.88
22.14
22.07
21.78
21.31
21.75
24.58
24.44
23.34
21.88
21.07
24.34
23.97
22.44
19.63
9.46
13.21
15.01
15.75
17.41
20.34
22.14
24.46
21.34
17.53
24.46
19.48
18.33
17.04
11.29
7.52
21.83
24.58
23.14
21.7
22.51
24.27
22.83
21.63
20.65
20.04
23.24
23.14
21.8
21.34
21.17
22.05
21.46
19.92
19.73
19.85
23.58
24.95
23.71
23.51
22.71
22.0
24.27
23.9
14.04
15.09
19.46
16.46
17.33
18.16
19.58
22.68
22.41
20.51
20.21
17.99
17.16
15.23
11.29
0.354
13.55
20.73
19.19
18.65
20.61
19.17
18.07
17.9
18.75
17.99
18.33
16.87
17.43
18.65
17.43
15.8
16.8
17.6
18.48
20.21
18.97
18.46
16.19
15.62
17.07
16.46
16.31
16.75
15.7
14.94
15.19
15.26
15.45
16.11
16.36
16.24
15.23
14.58
11.3
14.55
21.24
21.14
21.12
20.92
19.31
16.8
15.14
16.31
15.19
16.09
15.53
16.46
15.33
6.909
12.5
17.07
16.33
15.19
16.09
15.6
17.07
20.85
17.41
16.43
16.02
17.53
17.72
7.104
13.67
19.87
18.46
18.73
19.6
18.53
17.33
15.04
15.04
15.21
15.11
14.99
15.16
15.01
14.99
14.99
15.09
15.16
15.04
14.89
15.01
15.16
15.33
15.26
15.6
15.23
15.21
15.72
15.33
15.87
16.7
18.55
17.58
15.92
16.94
17.75
20.19
21.07
19.82
14.84
17.55
18.16
19.53
15.26
21.0
36.08
31.45
30.27
28.66
18.53
11.12
36.67
36.72
33.94
31.69
27.88
30.27
30.57
29.88
31.4
32.57
33.06
31.84
34.62
33.59
33.89
33.89
34.08
31.1
31.4
20.19
29.1
30.66
30.47
31.01
29.93
24.24
24.95
26.86
18.58
13.84
19.92
16.72
13.43
16.99
13.18
16.14
14.31
19.21
17.6
19.09
18.73
17.75
13.43
17.16
11.44
17.02
20.24
20.34
22.22
22.22
23.29
23.17
22.95
24.12
25.29
26.86
25.1
24.05
24.32
22.95
23.24
24.32
23.49
23.54
23.05
23.78
24.49
23.93
23.88
21.53
20.87
20.39
15.75
18.46
17.85
18.63
21.04
20.83
22.24
21.19
16.5
17.5
17.6
19.02
19.12
18.36
6.567
16.53
14.55
16.02
16.85
18.82
19.51
19.34
12.6
14.16
14.48
13.89
13.45
15.89
9.656
20.48
18.63
18.65
19.48
17.21
16.31
16.7
16.16
16.48
15.67
17.16
17.5
17.29
17.31
19.34
17.92
15.99
16.21
16.53
18.16
19.04
18.82
18.92
19.14
20.09
20.17
20.24
18.77
16.82
17.94
17.46
16.06
16.19
17.21
17.29
15.09
19.56
18.95
16.38
17.09
16.53
18.43
18.92
19.73
19.34
18.02
15.89
15.23
16.8
16.09
0.3674
0.0885
0.03128
0.02861
0.02604
0.02861
0.02604
0.02604
0.02604
0.02861
0.02604
15.77
12.87
17.55
14.82
17.29
18.38
16.8
13.92
14.09
13.89
