0.0
0.0
0.0
0.0
0.0
0.0
0.0
9.537e-05
0.0
0.0
0.0
0.0
0.0
0.0
0.0
0.0
9.537e-05
0.0
0.0
0.0
0.0
0.0
9.537e-05
0.0
0.0
0.0
0.0
0.0
0.0
0.0
0.0
0.0
0.0
0.1745
1.685
1.556
1.642
1.466
1.773
1.672
1.77
5.164
1.706
2.286
1.447
0.3319
1.103
1.421
1.66
1.378
1.428
1.227
1.433
1.448
4.926
1.222
2.292
1.291
0.2934
1.158
1.694
1.402
1.657
1.569
1.703
1.469
4.059
2.045
1.651
2.023
0.7149
0.004387
0.0007629
0.383
0.1375
0.4395
0.1024
0.1495
0.144
0.3498
0.2766
0.1776
1.384
1.515
1.19
1.381
1.253
1.373
1.509
3.912
1.941
1.84
1.575
0.3277
1.045
1.466
1.685
1.297
1.523
1.312
1.743
4.694
1.372
2.008
1.096
0.5371
0.4562
0.1303
0.1816
0.2712
0.2773
0.7179
1.575
1.605
1.559
1.534
1.384
1.561
3.918
2.209
2.289
1.227
0.457
0.6439
0.2266
0.1949
0.0865
0.2419
0.4784
0.3654
0.1724
0.127
0.3738
0.1383
0.3681
1.431
1.375
1.654
1.408
1.355
1.624
1.581
4.81
1.324
1.816
1.727
0.7874
0.5211
0.4539
0.08841
0.1062
0.1245
0.354
0.5249
0.3113
0.1286
0.1268
0.2522
0.23
0.7469
1.419
1.627
1.572
1.804
1.825
1.764
4.279
1.295
2.121
0.7332
0.5035
0.1205
0.1333
0.2171
0.3281
0.3883
0.106
0.07744
0.3471
0.06523
0.4387
0.3014
0.1255
0.2514
0.2354
0.0005722
0.0005722
0.0008583
0.0
0.0
0.0
0.0
0.0
0.04292
0.3372
0.4097
0.3578
0.2865
0.3468
0.0
9.537e-05
0.0006676
0.0
0.0
0.0
0.0
0.0
0.0
0.0
0.0
0.0
0.0
0.0
0.0
0.0
0.0
9.537e-05
0.0
0.0003815
0.0
0.0
0.0
0.0
0.4051
0.007629
0.0
0.0002861
0.0
0.0
9.537e-05
0.0
0.0
0.0
0.0
0.0
0.0
0.0
0.0
0.0
0.0
0.0
9.537e-05
0.0
0.0
0.0
0.0
0.0
0.0
0.0
0.0
0.0
0.4005
0.1577
0.1066
0.2998
0.2209
9.537e-05
0.0
9.537e-05
0.0
0.0
0.0
0.0
0.0
0.0
0.0
0.0
0.0
0.0
0.0
0.0
0.0
9.537e-05
0.0
0.0
9.537e-05
0.0
0.0
0.0
0.0
0.0
0.0
0.0
0.0
0.0
0.0
0.0
0.0
0.0
0.3803
0.2476
0.4189
0.01211
0.00391
0.0
0.0
0.0
0.0
0.0
0.0
0.0003815
0.0
0.0
0.0
0.0
0.0
0.0
0.0
0.0
0.0
0.00124
0.0
0.0
0.0
0.0
0.0
9.537e-05
0.0
0.0
0.0
0.0
0.0
0.0004768
0.0
0.0
0.0
0.0
0.0
0.0
0.0
0.0
0.0
0.0
0.0
0.0
0.0
0.0
0.0
0.0
0.0
0.0
0.0
0.0
0.0
0.0
0.0
9.537e-05
9.537e-05
0.0
0.0
0.0
0.0
0.0
0.0
9.537e-05
0.0
9.537e-05
0.0
0.0
0.0
0.0
0.0
0.0
0.02403
0.1606
1.237
1.904
1.929
1.947
1.965
2.267
2.542
2.612
2.512
2.496
2.371
3.119
3.198
3.058
2.759
2.612
2.612
2.948
4.736
7.751
5.408
11.13
9.729
8.179
4.852
2.371
1.694
2.319
3.21
5.292
1.529
0.002098
2.197
3.186
3.192
3.247
3.168
3.03
3.058
3.168
3.369
3.082
3.461
3.296
3.137
3.259
4.706
10.06
6.995
8.96
7.715
6.836
5.243
2.222
0.9781
3.223
3.18
3.43
3.149
3.204
3.302
3.131
3.143
3.055
3.061
3.204
3.265
3.351
3.253
6.824
9.045
9.424
8.496
6.323
4.877
4.144
1.953
0.9445
3.085
3.149
3.052
3.387
3.149
3.091
3.055
3.522
3.552
3.571
3.125
2.985
2.969
3.079
3.064
7.288
3.815
3.076
5.359
6.592
7.593
6.86
6.189
5.011
1.871
1.332
3.055
3.131
3.217
3.192
3.204
3.137
3.131
3.381
3.18
2.893
3.067
3.284
3.534
3.192
8.411
8.813
11.25
10.01
5.859
5.542
2.219
0.8957
3.085
3.65
3.711
3.625
3.589
3.577
3.577
3.638
3.528
3.534
3.186
3.046
3.088
3.363
8.301
7.581
10.39
8.032
8.276
5.518
3.357
1.073
2.115
2.899
3.104
3.479
3.656
3.448
3.296
3.473
3.394
3.51
2.963
2.814
2.682
2.615
2.298
4.065
6.897
2.759
5.499
8.972
7.629
7.166
5.902
4.742
3.607
1.807
0.5836
1.755
1.843
2.011
2.148
2.112
2.103
2.225
2.444
2.56
2.6
2.435
2.319
2.481
2.356
3.143
3.333
3.485
3.497
10.56
6.921
10.72
6.909
5.621
4.694
2.005
0.4219
0.3929
0.1894
1.669
3.662
2.716
0.4227
1.987
3.625
2.399
0.8881
1.95
2.319
5.969
2.301
0.5714
1.981
3.693
2.707
0.5211
1.944
4.34
1.411
0.6477
2.124
4.126
1.028
1.135
2.158
4.327
0.7256
0.02203
0.1831
2.139
3.906
2.301
0.415
0.4158
0.107
1.685
2.823
3.18
0.3204
1.932
2.994
2.893
3.061
3.113
2.975
3.046
3.015
3.192
3.079
2.902
2.637
2.573
2.411
2.216
2.054
5.597
6.036
5.75
9.985
9.875
6.824
4.962
4.224
2.402
1.408
1.192
1.813
2.197
2.756
2.496
2.203
2.893
2.969
2.899
3.116
3.168
3.052
3.006
3.198
3.088
3.015
2.881
8.777
8.679
9.863
9.338
6.726
5.75
3.345
1.712
1.843
2.869
2.814
2.948
2.972
2.957
3.0
2.863
2.405
2.106
1.566
1.703
1.685
1.495
1.627
1.678
1.549
1.761
1.691
2.005
1.657
4.919
6.262
2.206
4.797
4.108
5.511
5.377
5.585
6.091
4.169
3.772
3.723
1.816
1.447
2.762
0.8347
0.56
1.35
0.2686
0.3639
0.1278
0.1711
0.3666
0.1398
1.321
0.399
1.413
0.4242
0.3647
0.3471
0.3132
1.669
0.3769
0.2201
0.4066
0.75
0.4753
0.2007
0.4372
0.8621
0.8438
0.8026
1.213
0.9995
1.042
0.8926
0.853
0.8423
0.8286
0.2205
2.914
3.168
3.003
2.808
3.003
2.954
2.802
2.991
3.061
3.021
3.229
3.302
3.198
3.314
3.265
5.182
9.595
7.886
9.729
8.655
5.804
4.51
1.981
0.8301
0.3521
0.367
0.4929
0.1822
0.4211
0.547
0.4295
0.2228
0.386
1.495
3.07
3.259
3.32
3.326
3.235
3.247
3.049
3.116
3.101
3.259
3.259
3.253
3.387
3.284
4.309
9.009
8.496
10.19
7.312
6.152
4.987
3.107
0.9827
0.01135
0.005436
0.06247
0.3353
0.5928
0.4868
0.3666
0.7347
0.3902
0.5005
0.5226
0.264
0.4021
0.6935
0.2171
0.4005
0.2838
0.2766
0.00782
0.0
0.0
0.0
0.0
0.0
0.0
0.0
0.0
0.0
0.0
0.0
0.0
0.0
0.0
0.0
0.0
0.0
0.0
0.0
0.0
0.0
0.0
9.537e-05
0.0102
0.8499
0.8041
0.4318
0.2232
0.3937
0.5768
