0.02813
0.03166
0.03767
0.03166
0.02708
0.02975
0.035
0.03958
0.02947
0.1162
0.03433
0.02489
0.08106
0.03023
0.02985
0.03414
0.03452
0.0371
0.04454
0.03538
0.03805
0.0
0.03099
0.03824
0.04139
0.02556
0.001049
0.03614
0.1143
0.03662
0.03605
0.03471
0.03538
0.03262
0.03357
0.03567
0.0
0.0006676
0.03481
0.03376
0.04578
0.03653
0.03099
0.03242
0.03681
0.02909
0.03796
0.04673
0.0598
0.02918
0.05083
0.04206
0.04454
0.04587
0.04196
0.04406
0.03319
0.03157
0.04044
0.06142
0.04587
0.2796
0.04082
0.04416
0.03986
0.04091
0.03824
0.04749
0.03843
0.04616
0.03643
0.03977
0.03042
0.03862
0.02966
0.03853
0.02537
0.03586
0.001144
0.04282
0.03519
0.03481
0.03557
0.05159
0.03376
0.04263
0.0371
0.0432
0.0351
0.03328
0.03481
0.02813
0.04816
0.04292
0.04005
0.03824
0.03328
0.03862
0.03147
0.04339
0.03462
0.03138
0.03538
0.03252
0.03643
0.03633
0.0329
0.03757
0.03309
0.02642
0.02871
0.03605
0.03529
0.03071
0.03138
0.02823
0.03815
0.03319
0.03281
0.03681
0.02785
0.04387
0.01993
0.04015
0.03815
0.04148
0.03157
0.03395
0.02575
0.02985
0.02556
0.02842
0.03424
0.03824
0.03014
0.03519
0.02451
0.01917
0.03099
0.02279
0.02928
0.0226
0.02298
0.0205
0.03099
0.03023
0.03042
0.02098
0.02508
0.0246
0.04005
0.0432
0.03405
0.02909
0.05436
0.03691
0.04482
0.001049
0.04272
0.0
0.03357
0.03519
0.04473
0.02775
0.03366
0.02642
0.02327
0.02871
0.02537
0.03214
0.03347
0.03338
0.03519
0.03099
0.03319
0.04864
0.05398
0.05388
0.05932
0.05674
0.05617
0.05512
0.0555
0.06409
0.0555
0.05798
0.06533
0.05617
0.05684
0.07105
0.06504
0.06685
0.06599
0.05999
0.05932
0.06971
0.06065
0.06561
0.06952
0.06857
0.06151
0.06752
0.05789
0.06504
0.05789
0.05999
0.06294
0.06695
0.05198
0.06599
0.06428
0.05264
0.1024
0.05169
0.0536
0.04539
0.0514
0.04644
0.04997
0.05007
0.0453
0.04692
0.03853
0.0864
0.04358
0.04892
0.04768
0.04406
0.04606
0.04282
0.04215
0.04759
0.05417
0.05293
0.05188
0.05188
0.05131
0.0514
0.04568
0.04463
0.05035
0.05064
0.05045
0.05102
0.04873
0.0453
0.04921
0.04311
0.04206
0.04997
0.04377
0.05121
0.0495
0.05922
0.06132
0.06266
0.05722
0.05865
0.05827
0.05493
0.05703
0.05894
0.07811
0.0392
0.04377
0.04435
0.05522
0.05016
0.04635
0.04673
0.04587
0.0411
0.04807
0.04892
0.0433
0.04082
0.04177
0.03881
0.05341
0.04663
0.03757
0.04921
0.04311
0.04539
0.03891
0.03958
0.04311
0.04597
0.05531
0.05102
0.0473
0.04292
0.03901
0.03767
0.03862
0.03834
0.04396
0.03929
0.04072
0.04377
0.04969
0.05026
0.04539
0.04206
0.05226
0.05779
0.04435
0.04787
0.03986
0.04482
0.03881
0.04721
0.03901
0.04177
0.03891
0.037
0.04044
0.04311
0.03853
0.04005
0.0433
0.04425
0.04597
0.04034
0.04635
0.03719
0.0411
0.04244
0.04005
0.04187
0.04282
0.04635
0.04349
0.04501
0.04644
0.04025
0.03548
0.03815
0.03786
0.03204
0.03986
0.03977
0.03433
0.04025
0.03548
0.0349
0.03805
0.03662
0.0351
0.04339
0.03576
0.04044
0.03767
0.03853
0.04063
0.03748
0.03729
0.03576
0.03719
0.03948
0.03567
0.03262
0.03452
0.02604
0.03252
0.04253
0.04368
0.037
0.033
0.02804
0.03042
0.03481
0.03557
0.03338
0.03748
0.04139
0.04396
0.03443
0.03519
0.04053
0.03262
0.0349
0.03653
0.02832
0.03405
0.03004
0.03185
0.02718
0.02604
0.08183
0.02489
0.02642
0.07076
0.03357
0.03252
0.03023
0.02718
0.0206
0.02213
0.02642
0.02537
0.02251
0.02575
0.02403
0.02499
0.02995
0.02565
0.02794
0.02441
0.03386
0.02966
0.02975
0.02871
0.03319
0.03128
0.04244
0.02918
0.03128
0.02823
0.02899
0.02832
0.02813
0.05913
0.04129
0.02785
0.03052
0.03052
0.02537
0.02747
0.03014
0.03452
0.02689
0.0309
0.02975
0.02794
0.02766
0.03204
0.02909
0.02432
0.03433
0.02823
0.03338
0.03414
0.03948
0.03386
0.02775
0.03166
0.03672
0.02995
0.02537
0.02451
0.02365
0.02413
0.02413
0.02604
0.02422
0.02537
0.02651
0.01583
0.02584
0.02899
0.02213
0.02632
0.02604
0.02327
0.02337
0.01917
0.02775
0.02584
0.0246
0.02413
0.02909
0.02832
0.03662
0.0371
0.03748
0.03567
0.04225
0.03891
0.035
0.04215
0.03557
0.03729
0.03834
0.03738
0.03548
0.03872
0.03214
0.03233
0.04387
0.07181
0.03529
0.03595
0.03271
0.03672
0.02813
0.02947
0.02794
0.03481
0.03424
0.04139
0.03967
0.04654
0.04416
0.03967
0.0432
0.05178
0.04263
0.03891
0.04139
0.03633
0.04463
0.04501
0.04206
0.04301
0.04263
0.04177
0.04435
0.03614
0.04911
0.04883
0.0411
0.04654
0.04263
0.04759
0.04444
0.04597
0.05264
0.04206
0.04292
0.04139
0.1013
0.04997
0.04921
0.04473
0.05541
0.04816
0.0452
0.05016
0.06256
0.04482
0.04606
0.04387
0.03986
0.03901
0.0432
0.04139
0.0452
0.03643
0.04473
0.04196
0.04244
0.0411
0.03834
0.03729
0.04129
0.0433
0.04816
0.04263
0.08821
0.04377
0.1003
0.03815
0.03757
0.03595
0.04129
0.03262
0.03061
0.04263
0.0556
0.03548
0.04091
0.03901
0.04292
0.03881
0.04091
0.04683
0.03567
0.2224
0.03328
0.03881
0.0392
0.08383
0.04406
0.03595
0.03433
0.03748
0.04282
0.1026
0.04635
0.04139
0.02985
0.05045
0.04959
0.04053
0.04082
0.04387
0.05016
0.04129
0.04492
0.03881
0.04892
0.05388
0.04587
0.04835
0.04568
0.04148
0.04692
0.04921
0.04044
0.04988
0.05541
0.05093
0.04482
0.04864
0.04206
0.04711
0.04072
0.0432
0.04339
0.04339
0.04148
0.04015
0.1204
0.0351
0.03176
0.03328
0.03843
0.04339
0.02899
0.035
0.03996
0.04148
0.03967
0.03633
0.03614
0.08383
0.04454
0.03929
0.03977
0.04787
0.04063
0.04196
0.03805
0.04292
0.03881
0.03405
0.03605
0.03643
0.03595
0.02747
0.03195
0.02899
0.03958
0.03281
0.03347
0.03805
0.03233
0.03433
0.04148
0.03281
0.02556
0.02861
0.02823
0.03033
0.03748
0.03862
0.03157
0.03395
0.03672
0.03195
0.03633
0.03319
0.02995
0.03157
0.04578
0.03605
0.03033
0.02766
0.03157
0.02928
0.02813
0.04673
0.04349
0.0006676
0.04034
0.04702
0.03462
0.03529
0.02928
0.03271
0.03567
0.02899
0.02718
0.0411
0.03614
0.03519
0.03424
0.0308
0.03405
0.0351
0.0309
0.05636
0.04206
0.02995
0.037
0.03223
0.03204
0.03891
0.02909
0.0371
0.09613
0.02632
0.04501
0.0371
0.04768
0.03643
0.03271
0.04158
0.03347
0.08793
0.07868
0.04015
0.0371
0.03939
0.0432
0.03176
0.03557
0.02861
0.03672
0.03738
0.03319
0.02995
0.03233
0.04044
0.03138
0.03414
0.03433
0.03614
0.03672
0.04282
0.03529
0.03519
0.03996
0.04349
0.03719
0.03176
0.03061
0.02728
0.03395
0.04044
0.03624
0.03729
0.02756
0.02623
0.02699
0.02527
0.02661
0.04263
0.02832
0.02899
0.0267
0.02584
0.03767
0.02804
0.02604
0.02766
0.02537
0.02518
0.0
0.03319
0.02975
0.01783
0.02584
0.02909
0.06142
0.02804
0.03166
0.02575
0.03433
0.02346
0.0309
0.02823
0.03166
0.03395
0.03901
0.03452
0.037
0.03624
0.02937
0.03424
0.02689
0.03395
0.03786
0.02813
0.02861
0.02832
0.02108
0.04282
0.02518
0.02995
0.03271
0.1688
0.03157
0.02918
0.03252
0.03462
0.03376
0.04044
0.03672
0.0433
0.04139
0.06523
0.102
0.04358
0.03929
0.035
0.03529
0.03538
0.037
0.03853
0.03777
0.0391
0.04969
0.05026
0.03796
0.04177
0.04244
0.03958
0.04129
0.03777
0.03757
0.03891
0.04244
0.04473
0.0411
0.04539
0.04349
0.05579
0.03862
0.04778
0.04635
0.04625
0.04225
0.04444
0.03748
0.03901
0.04787
0.03996
0.05522
0.05169
0.04148
0.03948
0.04473
0.03986
0.04368
0.04597
0.03986
0.04301
0.04368
0.1127
0.0433
0.0309
0.04339
0.02689
0.0474
0.04959
0.03939
0.03281
0.03777
0.02928
0.03109
0.03529
0.03443
0.03567
0.04044
0.03681
0.03414
0.033
0.04139
0.04301
0.0349
0.03843
0.033
0.03538
0.03777
0.04187
0.05188
0.02937
0.001621
0.0
0.03014
0.005054
0.03729
0.03119
0.04578
0.03519
0.04015
0.03452
0.03242
0.04511
0.03481
0.03777
0.03948
0.03595
0.03424
0.03777
