9.537e-05
0.0
0.0
0.0
0.0
0.0
0.0
0.0
0.0
0.0
0.0
0.0
0.0
0.0
0.0
0.0
0.0
0.0
0.0
0.0
0.0
0.0
0.0
0.0
0.0
0.0
0.0
0.0
0.0
0.0
0.0
0.0
0.0
0.006771
1.251
2.209
2.252
2.008
1.639
1.572
5.688
3.979
1.932
0.08411
2.142
2.454
2.496
3.473
2.298
3.387
4.15
3.04
1.186
0.2644
1.141
1.965
2.341
2.344
2.261
2.289
5.463
3.601
1.651
0.4051
1.331
2.164
2.057
2.051
1.907
1.794
4.462
1.944
2.072
1.096
0.3952
2.118
2.338
1.822
1.959
2.097
4.016
3.571
2.188
1.636
0.362
0.4829
1.343
1.532
1.865
1.996
1.761
1.959
4.889
1.837
2.313
1.088
0.2937
0.383
0.37
0.378
0.2167
0.4311
0.103
0.1118
0.136
0.2365
0.1987
0.28
0.1228
1.682
1.944
2.383
2.667
4.718
3.067
2.573
0.6882
0.4059
1.248
2.252
2.118
2.219
2.109
5.615
3.491
0.4951
0.5318
0.3662
0.1682
0.3723
0.5562
0.2335
0.4478
0.9109
1.459
2.353
2.46
2.475
3.644
2.966
2.347
0.9964
0.4471
0.2739
0.4204
0.5554
0.2518
0.1238
0.2083
0.2117
0.3521
0.4723
0.08755
0.2941
0.367
0.4677
0.2773
0.07544
0.09804
0.1944
0.2541
0.47
1.538
1.639
1.633
1.843
1.871
2.85
4.187
2.359
1.451
0.6607
0.3559
0.3197
0.06285
0.1278
0.1837
0.1871
0.4181
0.01001
0.2811
0.0
9.537e-05
0.0
0.0
0.0
0.0
9.537e-05
0.0
0.0
0.0
0.0
0.0
0.006962
0.2556
0.3113
0.1312
0.3819
0.1732
0.3029
0.0003815
0.0
0.0
0.0
0.0
0.0
0.0
0.0
9.537e-05
0.0
0.0
0.0
0.0
0.0
0.0
0.0
0.0
0.0
0.0
0.0
0.0
0.0
0.0
0.0
0.0
0.0
0.0
0.0
0.0
0.0
0.0
0.0
0.0
0.0
0.0002861
0.0
0.0
0.0
0.0
0.0
0.0
0.0
0.0004768
0.0
0.0
0.0
0.0
0.0
0.0
0.0
0.0
0.03242
0.4196
0.0
9.537e-05
0.0
0.0
0.0
0.0
0.0001907
0.0001907
0.0
0.0
0.0
0.0
0.0005722
0.0001907
0.0
0.0
0.0
0.0
0.0
0.0
0.0
0.0
0.0
0.0004768
0.0
0.0
0.0
0.0
0.0
0.0
0.0
0.0
0.0
0.0
0.0
0.0
0.007248
0.0
0.2842
0.0002861
0.0
0.0
0.0
0.0
0.0
0.0
0.0
0.0003815
0.0
0.0
0.0
0.0
0.0
0.0
0.0
9.537e-05
0.0
0.0001907
0.0
0.0
0.0001907
0.0
0.0
0.0
0.0
9.537e-05
0.0
9.537e-05
0.0
0.0
0.0
0.0
0.0
0.0
0.0
0.0
0.0
0.0
0.0
0.0
0.0
0.0
0.0
0.0
0.0
0.0
0.0
0.0
0.0
0.0
0.0
0.0
0.0
0.0
0.0
0.0
0.0
0.0
9.537e-05
0.0
0.0
0.0
0.0
9.537e-05
0.0
0.0
0.0
0.0
0.0
0.0
0.005913
0.489
1.306
1.538
1.688
1.947
1.932
1.971
2.118
1.95
1.898
1.99
2.014
1.81
1.801
2.258
2.222
2.271
2.46
3.009
2.811
5.627
9.619
13.38
12.55
10.17
7.104
5.756
3.839
1.587
0.9613
2.542
2.908
2.487
2.203
2.493
2.744
2.759
2.686
1.923
2.225
1.794
2.158
2.231
2.316
2.664
3.979
9.509
11.13
10.83
9.155
9.375
6.104
3.101
1.277
2.57
3.137
2.643
2.853
2.927
3.156
2.972
2.872
3.314
2.695
2.588
3.088
3.241
3.198
3.116
1.578
2.176
6.158
5.255
6.055
6.592
8.325
7.239
7.971
5.603
3.662
4.205
2.649
1.338
1.852
1.218
2.029
1.996
1.575
1.535
1.807
2.075
2.115
1.855
1.672
1.675
1.721
1.999
1.965
1.831
2.075
2.09
1.892
2.188
2.103
2.127
2.066
2.048
1.92
3.76
7.043
7.153
9.045
8.679
9.473
6.091
7.776
4.565
5.017
2.499
2.194
0.515
1.277
1.326
1.465
1.624
1.828
1.996
2.106
2.142
1.791
1.782
1.871
1.965
1.414
1.518
1.535
1.785
1.813
2.133
2.457
2.798
6.348
9.949
12.04
10.63
8.508
8.801
6.11
4.907
2.115
0.6157
2.103
2.332
2.319
2.274
2.197
2.515
2.859
2.759
2.237
1.633
1.636
1.575
1.871
2.118
1.822
1.74
1.648
1.642
1.515
3.18
7.056
6.348
6.335
9.412
6.738
6.482
6.885
4.742
4.291
3.784
2.252
2.438
0.7439
1.688
1.846
1.553
1.627
1.779
1.63
1.791
2.078
2.094
2.213
2.023
1.91
1.923
1.965
1.822
1.855
1.587
1.236
1.831
1.779
1.889
2.048
3.198
7.849
6.946
7.556
10.89
8.435
7.153
6.75
5.06
4.108
2.502
1.816
0.5066
1.302
2.505
3.503
0.5043
0.7042
1.297
3.229
3.253
0.2533
1.155
1.474
4.608
1.929
0.322
0.07792
0.3593
0.168
1.642
2.747
4.694
0.6889
1.17
1.807
4.382
4.498
0.5028
2.524
3.064
3.03
2.985
2.74
2.316
2.563
3.024
3.198
2.701
2.551
2.747
2.93
3.113
3.116
9.583
9.46
10.25
6.75
10.01
6.445
4.633
4.163
1.472
1.314
2.478
2.838
2.762
2.979
3.04
3.009
3.049
3.314
3.119
3.003
2.802
2.695
2.89
3.104
4.535
10.3
12.67
9.46
9.253
6.885
5.353
5.109
2.167
0.7767
2.725
2.631
2.682
2.454
2.078
2.841
3.497
1.63
1.703
1.569
1.712
1.752
2.347
2.441
2.411
1.791
1.611
1.666
1.971
1.889
3.497
6.702
3.87
7.178
8.496
7.556
7.727
6.146
5.292
4.315
4.065
1.779
2.655
0.7278
1.932
0.8194
0.001049
0.4181
0.8911
0.1156
1.152
0.2399
0.1787
0.1265
0.106
0.09842
0.238
0.2399
0.2861
0.1106
0.1095
0.2888
0.1743
1.222
1.353
0.5508
0.2918
0.09995
0.1034
0.2304
0.7568
0.8499
0.7164
0.7332
0.3658
0.9201
0.8286
0.9796
0.006962
0.1858
0.8209
1.16
2.856
1.526
1.688
1.92
1.648
1.53
2.039
1.773
1.685
2.087
1.849
2.304
2.011
1.526
1.639
1.556
1.645
1.642
1.537
1.404
1.466
1.341
1.639
3.833
6.726
6.421
6.921
9.741
7.08
6.091
9.033
3.931
4.303
3.192
1.88
2.615
1.024
0.3525
0.07038
0.08497
0.06428
0.2426
0.4097
0.07334
0.3025
0.2678
0.28
0.2594
0.4959
0.1328
0.1163
0.2365
0.2445
0.1034
9.537e-05
0.0
0.0003815
0.002384
0.2777
0.3345
0.1286
0.2956
0.1394
0.4333
0.235
0.1263
0.2808
0.1307
0.3937
0.2922
0.473
0.3536
0.05236
0.5737
0.1543
0.3258
0.02327
9.537e-05
0.0004768
0.0
0.0
0.0002861
9.537e-05
0.0
0.0
0.0
0.0
0.0
0.0
0.0002861
0.0
0.0002861
0.0
0.0
0.0
0.0
0.0
0.00124
0.0
0.0
0.5058
0.4944
0.399
0.1802
0.2876
0.8652
