26.61
23.29
33.59
26.42
31.1
18.7
15.09
23.61
25.49
15.21
29.25
33.25
32.23
33.06
18.43
12.65
32.57
28.22
31.05
35.01
16.55
28.12
19.04
22.44
26.12
29.25
21.78
27.15
26.61
33.3
32.96
32.62
31.01
10.11
27.25
30.91
30.66
26.61
15.23
22.9
17.75
0.02861
0.02604
0.02861
0.02346
0.02604
0.02604
0.02604
0.02604
0.02604
0.02604
0.02604
0.02604
0.02604
0.02346
0.02861
0.02346
0.02861
0.02604
0.03128
0.02604
0.03128
0.02604
0.02861
0.02346
0.02861
0.02861
0.02861
0.02604
0.02604
0.02346
0.02861
0.02604
0.02604
0.02604
0.02861
0.02346
0.02861
0.02346
0.03128
0.02604
0.02604
0.02604
0.02604
0.02604
0.02604
0.02604
0.02861
0.02346
0.02861
0.02346
0.02861
0.02604
0.02604
0.02861
0.02861
0.02861
0.03386
0.02604
0.03128
0.02604
0.03128
0.02604
0.02861
0.02861
0.02861
0.02861
0.02861
0.02861
0.03128
0.02861
0.03128
0.02604
0.02861
0.02861
0.03128
0.03128
0.03128
0.02861
0.02861
0.02861
0.02861
0.02604
0.02861
0.02861
0.02861
0.02861
0.03128
0.02861
0.03128
0.02604
0.03128
0.02604
0.03128
0.02604
0.03128
0.02861
0.03128
0.02861
0.03128
0.02861
0.03386
0.02604
0.03386
0.03128
0.03386
0.03386
0.03386
0.03128
0.03386
0.03643
0.03643
0.03386
0.0391
0.03386
0.03643
0.03643
0.03386
0.03128
0.03643
0.03386
0.03643
0.03643
0.03386
0.03386
0.03386
0.03386
0.03386
0.03643
0.03386
0.03386
0.02861
0.02604
0.03643
0.02861
7.507
24.95
15.8
2.872
4.456
5.255
6.232
6.482
4.865
5.829
11.58
26.51
20.34
14.55
21.51
14.11
5.273
26.9
26.07
10.94
23.75
25.59
15.21
5.109
1.396
2.289
1.66
3.87
1.219
0.7759
1.697
0.779
0.8957
2.231
2.393
2.515
1.907
0.5753
3.387
0.795
0.09117
1.721
2.356
4.749
3.186
2.298
0.5783
2.829
0.04425
0.04692
0.04168
0.04425
0.04168
0.5882
0.0
23.07
20.73
18.73
22.97
11.12
25.73
27.64
14.33
9.644
27.44
25.83
27.69
23.34
28.32
20.39
11.24
24.56
27.59
21.46
14.06
22.17
20.73
3.638
24.58
27.25
13.21
13.77
21.26
18.77
24.58
29.3
13.04
13.96
13.18
14.36
9.961
9.045
11.01
11.41
13.13
12.57
11.41
15.6
24.44
23.44
26.95
12.74
16.82
17.68
11.55
16.67
16.7
22.78
29.44
10.85
21.83
30.57
33.2
33.35
26.56
13.35
27.05
20.02
31.05
33.69
34.03
30.08
18.65
13.79
20.07
19.38
17.14
23.51
27.88
22.17
29.74
27.59
16.6
31.74
31.45
32.03
17.38
23.39
26.12
15.67
30.37
30.96
35.5
24.39
12.7
9.937
15.26
13.28
14.21
12.7
13.62
13.48
13.53
11.77
13.62
13.65
10.5
9.766
22.27
22.61
27.29
30.13
18.21
3.741
13.21
9.802
9.314
13.4
15.06
11.66
11.88
8.362
10.53
13.13
10.78
13.35
16.16
14.53
26.03
31.1
27.05
22.75
8.081
6.128
22.09
21.78
23.68
28.32
24.49
14.62
24.34
29.83
22.39
16.14
29.74
22.46
28.66
24.78
15.62
33.11
33.25
27.34
21.88
23.63
17.85
29.2
22.63
31.79
32.67
32.52
31.45
8.215
28.52
30.18
31.74
35.69
24.78
18.38
30.22
27.2
25.49
28.56
25.78
14.48
30.57
32.52
31.45
15.89
25.68
25.29
28.52
20.12
24.32
33.59
32.52
25.78
7.971
24.17
23.97
15.89
17.16
16.28
25.39
22.19
12.22
25.68
27.25
20.7
21.12
19.68
10.49
28.71
21.0
23.17
8.936
23.78
32.03
23.02
12.32
15.97
9.57
5.121
6.519
2.487
13.06
29.0
20.39
8.96
22.8
23.8
30.03
25.44
16.09
16.99
28.86
12.05
25.1
16.5
30.47
26.37
29.25
13.01
25.63
20.24
24.93
25.1
24.02
3.125
18.43
15.21
26.07
8.704
13.67
19.12
18.46
4.205
6.641
6.995
21.88
9.875
7.751
9.338
11.1
15.01
14.4
24.39
23.07
27.05
19.53
26.56
20.63
21.53
23.63
23.61
29.05
28.37
32.08
21.97
9.595
8.667
10.58
5.145
19.56
16.65
25.59
15.77
25.2
16.04
33.98
22.75
30.18
27.25
8.826
10.3
12.62
14.84
23.41
16.77
26.81
23.58
18.85
3.406
15.31
27.39
27.88
33.4
22.71
24.95
20.73
25.29
32.71
29.15
27.88
10.29
11.74
27.54
10.38
24.02
27.54
21.36
18.65
7.935
14.84
28.22
15.19
33.59
27.64
20.7
18.53
12.23
13.6
11.58
0.486
22.49
22.73
10.64
20.65
17.94
28.96
34.91
24.68
13.84
18.46
12.89
12.18
3.491
4.004
9.058
24.83
24.73
27.1
20.95
26.22
20.78
21.44
16.26
28.03
11.73
28.91
20.68
14.99
14.06
9.326
4.388
2.136
10.95
27.73
17.9
20.09
12.94
8.838
25.24
18.38
17.7
16.77
23.27
20.43
23.36
17.87
28.32
13.11
22.29
25.2
27.34
18.87
21.0
15.94
15.8
10.71
5.908
7.141
0.972
7.825
14.92
17.8
23.32
27.29
16.87
29.39
36.33
18.65
14.94
20.92
8.765
9.229
13.65
3.32
5.176
8.386
19.92
22.49
11.45
25.1
11.8
23.12
19.6
21.88
23.68
26.95
25.73
14.65
21.7
26.42
18.92
16.06
32.91
33.94
30.13
16.36
34.72
27.54
30.03
20.85
15.21
18.33
21.53
21.66
29.83
30.91
26.71
16.87
31.93
40.97
22.14
27.39
20.39
25.73
33.15
38.87
20.24
18.99
32.67
25.1
22.46
28.91
37.65
31.93
26.22
7.959
30.91
13.99
6.592
33.54
26.9
33.25
24.51
8.569
28.71
24.78
20.58
28.91
27.25
35.5
36.38
36.33
20.48
21.63
17.63
24.34
27.2
26.56
33.4
32.03
25.0
9.253
16.89
29.54
20.17
31.79
27.1
4.242
21.36
29.59
29.93
13.82
30.42
26.86
16.21
25.73
13.65
28.03
18.8
25.24
14.23
28.12
24.02
6.055
31.01
20.9
13.62
12.6
26.22
10.69
35.74
24.78
30.03
21.22
3.961
26.95
15.6
25.54
19.65
27.49
16.7
19.56
27.05
25.44
26.12
23.05
17.5
21.0
18.46
29.0
10.78
0.2129
13.67
27.2
0.0
10.05
9.607
10.13
17.6
14.58
17.43
19.07
27.34
33.59
19.78
31.4
11.16
15.19
21.31
19.58
10.77
13.55
14.89
14.99
10.97
10.95
13.48
11.56
15.62
12.87
12.6
33.94
27.29
26.9
11.0
10.02
25.98
30.42
36.82
31.35
31.59
16.55
15.87
31.45
27.64
32.28
28.61
18.87
14.14
14.09
11.28
9.534
7.605
20.48
23.54
11.39
13.5
16.43
15.99
13.65
15.38
13.31
16.46
12.19
14.48
12.21
11.18
15.19
15.99
19.85
13.23
16.36
11.4
12.48
20.19
14.65
14.16
12.55
2.698
21.78
27.25
19.48
19.51
12.34
22.09
16.5
25.54
20.8
