0.1268
0.1059
0.2819
0.2525
0.2239
0.1745
0.3395
0.02718
0.1335
0.2426
0.3532
0.19
0.1312
0.317
0.01888
9.537e-05
0.0
0.0
0.0
0.0
0.0
0.0
0.0
9.537e-05
0.0
0.0
0.0
0.0
0.0
0.0
0.0
0.00906
0.1842
0.6149
0.7065
0.6699
0.663
0.6439
0.8911
2.322
4.132
2.094
3.265
1.44
0.1427
0.3716
0.1484
0.1076
0.3067
0.285
0.09089
0.09241
0.2758
0.2571
0.1064
0.1291
0.3044
0.2689
0.149
0.2434
0.06151
0.6996
1.038
0.8987
0.9537
3.766
5.243
2.597
0.3357
0.1051
0.359
0.08516
0.47
0.2674
0.2514
0.4761
0.1999
0.3212
0.1545
0.3208
0.1976
0.3265
0.1087
0.1062
0.7385
0.7683
0.9476
0.9567
5.359
3.601
1.672
0.3136
0.3048
0.1404
0.1219
0.3502
0.1541
0.3033
0.1387
0.3487
0.1165
0.4745
0.7507
0.7729
0.7607
0.6775
2.42
4.376
2.67
1.244
0.1793
0.8423
0.9094
0.9827
1.102
6.555
2.853
0.2327
0.6859
0.2796
0.5417
0.4639
0.518
0.3975
0.0412
0.457
0.2537
0.1442
0.486
0.4982
0.547
0.2785
0.3319
0.5058
0.9521
0.9705
1.006
4.852
3.986
1.712
0.721
0.3513
0.3723
0.6218
0.4829
0.2228
0.1812
0.3674
0.3098
0.3555
0.2453
0.1389
0.2899
0.1322
0.3403
0.2945
0.4143
0.2399
0.5783
1.018
0.9262
0.9415
5.255
3.32
2.039
0.3922
0.5959
0.2445
0.1631
0.3433
0.3937
0.4066
0.3357
0.03166
0.0
0.322
0.2735
0.1593
0.2884
0.4295
0.2098
0.1633
0.2792
0.0005722
0.0
0.0001907
0.2628
0.1898
0.3571
0.238
0.3181
0.3052
0.01469
0.3437
0.2529
0.1577
0.3326
0.3174
0.2731
0.2945
0.2289
0.2701
0.3593
0.1577
0.2979
0.341
0.1162
0.1064
0.2899
0.03042
0.3361
0.3838
0.1945
0.2312
0.2071
0.4013
0.3616
0.1842
0.3906
0.3567
0.1896
0.1362
0.3433
0.3242
0.2357
0.2102
0.3506
0.09823
0.1352
0.285
0.01259
9.537e-05
0.0
0.0
0.359
0.2693
0.4189
0.1593
0.2102
0.1995
0.1318
0.2949
0.1249
0.1728
0.4829
0.1585
0.1827
0.1999
0.4227
0.4311
0.3593
0.753
0.2586
0.1673
0.33
0.0001907
9.537e-05
0.0
0.07896
0.4349
0.2045
0.1392
0.1015
0.1347
0.3212
0.16
0.1266
0.2899
0.165
0.1202
0.1343
0.123
0.1137
0.1944
0.119
0.1654
0.1909
0.07858
0.06752
0.2087
0.1881
0.0007629
0.02251
0.1692
0.174
0.2235
0.2724
0.3052
0.4211
0.1766
0.1635
0.3021
0.09737
0.259
0.227
0.6783
0.2052
0.1503
0.3059
0.2262
0.4196
0.2388
0.153
0.2907
0.09937
0.0002861
0.3639
0.178
0.2472
0.3719
0.07715
0.1118
0.2415
0.1564
0.1377
0.4555
0.3181
0.1053
0.09394
0.4311
0.1017
0.4791
0.227
0.222
0.1362
0.3006
0.1087
0.0002861
0.0
0.0
0.1341
0.2361
0.3376
0.1698
0.359
0.1274
0.08278
0.1476
0.1534
0.1596
0.08974
9.537e-05
0.1539
0.3033
0.149
0.1957
0.1587
0.0474
0.1453
0.2697
0.1419
0.3269
0.09594
9.537e-05
0.119
0.1596
0.4807
0.4936
0.5386
0.4539
0.2663
0.2773
0.03891
0.09346
0.06924
0.3548
0.3609
0.4272
0.3746
0.2388
0.2819
0.2308
0.3208
0.1078
0.4066
0.1532
0.2216
0.3048
0.2182
0.7812
0.8545
1.073
1.073
1.115
0.9048
0.9628
0.914
0.943
0.8942
0.8255
0.769
0.827
0.853
0.9552
1.125
1.093
3.314
4.797
12.06
11.35
11.13
7.996
6.274
5.933
4.681
3.735
1.491
0.2113
0.4906
0.6058
0.6104
0.5135
0.5898
1.094
1.161
1.123
1.111
1.018
1.093
0.9705
0.9903
0.9491
0.9705
0.9186
1.099
1.068
2.237
6.036
10.19
10.9
11.15
7.629
7.825
6.213
4.108
1.186
0.6676
1.161
1.009
0.975
0.943
0.9369
0.9491
0.9384
0.9247
0.9827
1.016
0.9827
0.9491
1.03
1.028
1.018
0.9933
4.779
10.14
10.67
10.29
9.607
6.616
8.301
5.933
5.011
1.779
0.441
1.048
0.9964
0.9247
1.033
1.016
0.8972
0.7935
0.9354
0.9232
0.9796
0.9277
1.006
1.041
0.8804
0.8484
0.882
0.8804
5.939
8.032
7.556
5.56
8.472
6.763
5.682
6.372
6.812
5.658
4.095
1.302
0.4379
0.9033
0.8759
0.853
0.705
0.7904
0.7439
0.7286
0.8499
0.9079
1.054
1.048
0.9979
0.9201
0.9109
0.8087
0.9262
0.9064
1.895
4.712
6.86
10.31
8.85
9.253
8.582
5.414
7.068
4.364
4.852
1.39
0.3208
0.8545
1.038
1.001
0.9521
0.9903
0.8255
0.8194
0.7637
0.6386
0.7408
0.8087
0.7607
0.795
1.031
0.8957
1.042
1.016
0.9415
4.742
8.24
7.373
11.61
8.252
7.031
7.996
5.28
5.597
3.424
1.343
0.4494
0.5928
2.237
2.618
2.005
0.7172
0.1221
0.4005
0.4433
0.4707
3.217
4.382
0.8682
0.2377
0.1999
0.3006
0.4585
0.6317
0.8148
3.864
5.627
2.139
0.3498
0.1375
0.2197
0.1825
0.01574
0.3136
0.5981
2.136
4.022
1.587
0.2514
0.1228
0.3429
0.01192
0.5127
0.7088
0.7309
0.7126
0.7744
0.6439
0.7133
0.7332
0.8011
0.9003
0.8072
0.8072
0.824
0.8133
0.6439
0.6264
0.663
0.5501
0.6088
0.6134
0.7523
0.7027
0.7164
5.127
6.946
3.662
3.711
7.617
5.499
6.146
5.383
5.756
4.529
5.768
4.315
4.657
3.894
2.96
1.263
0.0
0.1844
0.6126
0.5798
0.5302
0.5928
0.6271
0.708
0.7431
0.7462
0.7027
0.6973
0.721
0.7362
0.737
1.006
0.9003
0.9247
0.9888
1.01
1.161
1.257
1.14
6.775
11.16
11.0
10.74
7.19
8.496
6.097
4.413
1.974
0.4158
0.8545
0.8987
1.039
1.053
0.9628
0.8209
0.7545
0.7652
0.6256
0.6416
0.5707
0.473
0.4318
0.4219
0.502
0.4021
0.3998
0.4326
0.4059
0.4761
0.4593
0.5318
0.6134
0.7668
1.048
5.682
9.656
8.411
10.68
9.399
7.581
6.616
5.518
2.948
1.187
1.186
1.241
0.08612
0.4501
0.531
0.5577
0.5585
0.5409
0.6226
0.6798
0.5966
0.6294
0.631
0.7774
1.076
1.019
0.9796
1.067
1.033
1.138
1.059
1.027
1.06
1.971
7.483
10.11
10.12
10.89
8.533
7.239
5.945
4.669
1.376
0.8377
0.2518
0.1616
0.3174
0.7744
0.174
0.2552
0.1381
0.1436
0.2701
1.044
0.4318
0.7156
0.6294
0.8102
0.7225
0.4181
0.2232
0.1453
0.2747
0.09289
0.8499
0.3189
0.153
0.3315
0.3689
0.1486
0.1278
0.33
0.4112
0.2705
0.1326
0.2953
0.1127
0.4974
0.9766
0.9277
0.9277
0.9552
0.8453
0.8194
0.7492
0.7706
0.8392
0.8804
0.8286
0.6836
0.8057
0.9445
0.9247
0.943
1.065
1.295
6.885
10.62
9.009
9.692
7.971
7.373
6.323
5.682
3.68
1.291
0.3906
0.2544
0.1644
0.3155
0.296
0.333
0.168
0.2975
0.4448
0.2769
0.2445
0.3189
0.4868
0.2689
0.1486
0.2922
0.07448
0.0007629
9.537e-05
0.0
0.0
0.0
0.0
0.0
0.0
0.0
0.0
9.537e-05
0.0
0.0
0.0
0.006104
0.5638
0.9369
0.5402
0.666
0.2415
0.1064
0.1587
0.33
0.2518
0.1509
0.2827
