0.0
0.001812
0.0
0.0
0.0
0.0
0.0
0.0
0.0
0.0
0.0
0.0
0.0
0.0
0.0
0.0
0.0
9.537e-05
0.0
0.0
0.0
0.0
0.0
0.0
0.0
0.0
0.0
0.0
0.0
0.0
0.0
0.0
0.0
0.01211
0.6905
1.364
1.427
1.328
1.125
0.9552
0.8179
1.122
1.306
7.117
2.444
3.497
2.411
1.077
0.4829
1.195
1.236
1.352
1.309
1.37
1.26
1.572
4.712
3.485
2.451
2.875
1.277
0.144
0.4471
1.369
1.361
1.472
1.515
1.378
1.204
1.575
1.611
1.642
1.813
1.715
1.617
1.978
1.88
1.454
1.538
1.439
1.428
1.581
1.271
1.144
1.053
0.9537
0.9766
1.086
1.321
1.468
2.46
7.007
8.374
3.467
4.761
7.422
7.849
5.573
9.265
7.898
8.899
9.57
5.237
3.369
2.93
3.137
0.2419
0.123
0.1091
0.4593
0.115
1.013
1.587
1.53
1.389
1.491
1.822
4.272
3.705
3.394
3.217
0.8698
0.5188
1.405
1.63
1.543
1.448
1.103
1.027
1.36
6.775
2.383
2.118
2.872
1.509
0.2712
0.1259
0.144
0.375
0.06371
1.018
1.428
1.241
1.294
1.74
1.761
2.591
4.987
2.917
3.741
1.199
0.576
0.602
0.267
1.37
1.517
1.776
1.715
1.552
1.279
6.372
2.57
3.937
1.402
1.094
0.1266
0.573
0.4387
0.1194
0.1087
0.4547
0.3819
0.128
0.0002861
0.0004768
0.0
9.537e-05
0.0
0.0
0.0
0.0002861
0.0
0.0
0.0
0.0
0.0
0.0
0.0
0.0
0.0
0.0
9.537e-05
0.0
0.0
0.0
0.0
9.537e-05
0.0
0.0
9.537e-05
0.0
0.0
0.0
0.0
0.0
0.0
0.0
0.0
0.0
0.0
0.0
0.0
0.0
0.0
0.0
0.0
0.0
0.0
0.0
0.0
0.0
0.0
0.0
0.0
0.0
0.0
0.0
9.537e-05
0.0
0.0
0.0
0.0
0.0
0.0
0.0
0.0
0.0
0.0
0.0
0.0
0.0
9.537e-05
0.0
0.0
0.0
0.0
0.0
0.0
0.0
0.0
0.0
0.0
0.0
0.0
0.0
0.0
0.0
0.0
0.0
9.537e-05
0.0
0.0
0.0
0.0
0.0
0.0
0.0
0.0
0.0
0.0
0.0
0.0
0.0
0.0
0.0
0.0
0.0
0.0
0.0
0.0
0.0
0.0
0.0
0.0
0.0
0.0
0.0
9.537e-05
0.0
0.0
0.0
0.0
0.0
0.0
0.0
0.0
0.0
0.0
9.537e-05
0.0
0.0
0.0
0.0
0.0
0.0
0.0
0.0
0.0
0.0
0.0
0.0
0.0
0.0
0.0
0.0
0.0
0.0
0.0
0.0
0.0
0.0
0.0
0.0
0.0
0.0
9.537e-05
0.0
0.0
0.0
0.0
0.0
0.0
0.0
0.0
0.0
9.537e-05
0.0
0.0
0.0
0.0
0.0
0.0
0.0
0.0
9.537e-05
0.0
0.0
0.0
0.0
0.0
0.0
0.0
0.0
0.0
0.0
0.0
0.0
0.0
0.0
0.0
0.0
0.0
0.0
0.0
0.2716
1.198
1.328
1.498
2.292
2.319
2.615
2.719
2.298
2.368
2.344
2.145
1.816
1.323
1.457
1.788
1.666
2.545
4.498
6.494
14.11
15.45
15.21
11.11
9.412
6.714
4.089
1.428
2.444
0.5501
1.971
2.298
2.045
1.53
1.666
1.917
2.191
1.956
1.227
1.291
1.215
1.259
1.437
1.515
1.66
2.448
2.719
4.553
4.761
10.73
14.01
13.23
12.77
9.46
6.763
5.066
3.143
1.761
1.36
1.26
2.005
2.188
2.301
1.669
1.373
2.011
2.609
2.57
1.974
1.767
1.849
2.06
2.808
2.792
2.826
2.448
3.766
4.712
4.266
9.68
14.55
10.45
9.998
11.79
10.71
8.984
3.296
1.524
1.584
0.8987
2.319
2.301
2.142
1.682
1.59
1.682
2.222
2.063
2.09
2.231
2.173
1.84
1.807
1.5
1.846
2.1
1.694
1.678
3.876
5.994
10.52
11.87
12.46
12.28
10.46
8.63
6.812
4.358
2.798
0.6447
1.767
1.244
1.215
1.376
1.477
1.654
1.868
2.222
2.231
2.087
1.62
2.325
2.325
1.715
1.7
1.584
1.688
4.175
6.665
12.94
14.48
13.09
11.57
8.679
7.007
4.675
4.932
2.109
1.81
1.271
0.6943
1.472
1.733
1.794
1.425
1.413
1.685
2.197
2.069
2.133
2.206
1.602
1.828
2.31
2.362
2.231
1.99
3.369
3.589
6.152
8.667
12.5
11.1
14.38
10.63
9.961
5.365
1.271
1.871
0.6294
1.746
2.02
2.197
2.09
2.188
2.072
1.761
1.849
2.121
2.209
2.298
2.493
2.502
2.649
2.432
2.203
3.918
6.531
11.22
12.82
12.34
12.4
10.18
10.74
7.178
3.21
1.822
1.685
2.655
2.588
2.466
2.032
1.935
1.938
1.99
1.785
1.862
2.014
1.66
2.237
2.039
1.987
1.926
1.917
4.803
6.702
10.46
12.67
11.77
12.23
9.509
8.264
7.166
6.055
3.284
2.847
0.5714
1.216
3.485
4.132
0.5005
1.277
1.981
2.206
2.478
2.512
2.759
2.521
2.594
1.91
1.691
1.852
1.962
2.094
1.855
1.614
1.532
1.389
1.315
1.196
1.181
4.071
7.166
7.996
5.896
9.155
6.689
7.654
6.213
5.811
5.701
7.935
7.642
3.723
4.144
3.168
2.64
2.853
0.3723
1.297
2.441
2.094
2.316
2.377
2.24
2.219
2.377
2.35
2.615
2.1
1.767
1.965
2.164
2.203
2.084
2.103
1.947
1.794
5.853
8.606
5.603
6.946
11.5
12.07
9.888
8.533
8.264
5.17
3.955
3.796
1.509
1.648
0.4524
1.14
1.117
1.427
1.488
2.057
2.301
2.368
2.164
2.151
2.115
2.087
1.901
1.785
1.562
1.489
1.801
1.801
1.978
2.292
2.13
1.859
5.933
7.495
6.824
8.105
12.38
13.04
9.619
9.094
7.349
4.437
2.863
1.511
0.5104
2.454
2.991
2.646
2.777
3.082
2.942
3.064
2.985
2.707
2.744
2.411
2.771
2.682
2.313
2.258
4.73
7.983
12.08
15.58
12.82
9.961
9.375
5.438
3.644
2.722
0.4211
1.07
1.253
2.258
2.502
2.646
2.399
1.691
1.837
1.776
2.032
2.179
2.084
1.614
1.715
2.039
2.185
2.1
2.875
6.653
11.23
12.06
11.36
14.09
10.78
9.9
6.763
3.961
2.859
0.3735
0.425
0.367
0.3395
0.5943
0.1516
0.2644
0.1835
0.3761
0.3826
0.3868
0.3651
0.3357
0.1154
0.2052
0.28
0.4478
0.3117
0.0008583
9.537e-05
0.0
0.0
0.0
0.0
0.0
0.0
0.2663
0.5898
0.3407
0.4524
0.3475
0.4593
0.1869
0.5371
0.0005722
0.0004768
0.0
0.0
9.537e-05
0.0
0.0
0.0
0.0
0.0
0.0
0.0
0.0
0.0
0.0
0.0004768
0.0
0.0
0.0
0.0
9.537e-05
0.0
0.0
0.0
0.0
0.0
9.537e-05
0.0
0.001144
0.0
0.0
0.0
0.0
0.0
0.0
0.0
0.0
