0.0
0.0
0.0
0.0
0.0
0.0
0.0
0.0
0.0
0.0
0.0
0.0
0.0
0.0
0.0
0.0
0.0
0.0
0.0
9.537e-05
0.0
9.537e-05
0.0
0.0
0.0
0.0
0.0
0.0
9.537e-05
0.0
0.0
0.0
0.007534
0.2117
0.6737
0.6577
0.5287
0.6004
0.5348
0.5089
0.4822
0.6126
0.5203
0.5432
3.967
3.961
3.876
2.747
2.026
1.076
0.3845
0.3117
0.301
0.2419
0.1972
0.1984
0.2571
0.5608
0.6508
0.6073
0.5608
0.7133
0.65
0.5211
0.5478
0.5318
3.821
3.87
2.93
3.662
2.094
0.6546
0.3826
0.4143
0.47
0.486
0.6958
0.47
0.5623
0.5989
0.666
0.663
4.541
3.0
4.077
2.637
1.489
1.047
0.4112
0.4608
0.4807
0.6134
0.5928
0.7233
0.6691
0.5608
0.5653
0.6821
6.079
1.639
3.644
2.798
0.9506
0.3487
0.4959
0.5112
0.5661
0.6058
0.5157
0.5798
0.4837
0.5249
0.5142
4.816
2.536
3.815
2.454
0.9018
0.4456
0.222
0.0412
0.06485
0.04673
0.2609
0.06342
0.5661
0.09718
0.4715
0.5997
0.5524
0.5562
0.5829
0.4623
0.5463
0.47
0.4814
0.5859
4.834
2.655
3.497
2.841
1.155
0.4982
0.4776
0.1667
0.3235
0.4303
0.2052
0.4738
0.5142
0.5341
0.5173
0.4051
0.4959
0.4684
0.5417
0.5432
2.591
4.651
2.161
2.832
3.32
1.295
0.6432
0.4265
0.4433
0.3235
0.5516
0.3414
0.2319
0.4631
0.4105
0.5402
0.4631
0.3906
0.4898
0.4509
0.1167
0.08278
0.05035
0.06905
0.3536
0.309
0.05112
0.07029
0.05255
0.06609
0.2712
0.2716
0.3098
0.2556
0.4417
0.2666
0.2472
0.2941
0.1595
0.1961
0.06008
0.0658
0.05655
0.2964
0.2563
0.2014
0.209
0.3204
0.1091
0.06618
0.05722
0.05388
0.2682
0.002003
0.1411
0.1692
0.3696
0.5989
0.6355
0.2934
0.2533
0.1492
0.412
0.141
0.3452
0.3689
0.2277
0.222
0.4807
0.1753
0.1911
0.3559
0.6073
0.2758
0.04168
0.07448
0.07038
0.3075
0.1547
0.116
0.0
0.02737
0.4883
0.09823
0.08278
0.04873
0.1673
0.3197
0.2182
0.04234
0.07648
0.04635
0.2594
0.309
0.4143
0.9277
0.2243
0.2087
0.06914
0.07086
0.07133
0.275
0.2651
0.1854
0.3277
0.3399
0.2338
0.2281
0.1688
0.3132
0.1087
0.1133
0.3937
0.1932
0.1965
0.235
0.2556
0.2094
0.2003
0.3025
0.3281
0.2129
0.07591
0.07982
0.4883
0.06428
0.2686
0.2842
0.2491
0.2174
0.4601
0.4089
0.2487
0.2499
0.06151
0.09117
0.2563
0.2869
0.317
0.2644
0.2312
0.2628
0.2239
0.6447
0.285
0.219
0.04616
0.07763
0.08011
0.5478
0.2541
0.2621
0.05941
0.07648
0.4791
0.2048
0.1945
0.2617
0.05369
0.07524
0.06313
0.4807
0.2636
0.2213
0.05903
0.1089
0.5653
0.2834
0.2403
0.04492
0.164
0.06418
0.5455
0.007725
0.172
0.16
0.4448
0.3784
0.1621
0.2487
0.3117
0.1274
0.07353
0.05045
0.2445
0.5684
0.5066
0.4547
0.05007
0.08211
0.1831
0.4318
0.4654
0.0515
0.07839
0.1099
0.5508
0.0001907
0.1835
0.2373
0.6538
0.2663
0.4646
0.6683
0.6165
0.2075
0.1251
0.1358
0.7828
0.1442
0.4242
0.1417
0.3613
0.05741
0.07477
0.05264
0.5615
0.2541
0.1106
0.396
0.4044
0.5508
0.5516
0.5005
0.4669
0.5173
0.721
0.7217
0.8301
0.676
0.5783
0.6645
0.7362
0.7713
0.7484
0.8255
0.6363
0.5692
0.7004
0.6783
0.6821
0.6706
0.6279
0.5775
0.6126
0.6927
0.6317
0.6943
0.666
0.5623
0.5264
0.5112
0.5806
0.6187
3.131
5.292
4.48
5.78
7.947
4.828
7.19
5.64
6.75
3.442
5.817
6.982
6.714
4.596
6.628
5.377
4.053
4.437
4.852
3.967
3.857
2.161
0.708
0.9628
0.8179
0.885
0.3216
0.6645
0.7072
0.7599
0.7652
0.6447
0.5325
0.6226
0.6554
0.576
0.4539
0.3914
0.3895
0.4257
0.4295
0.528
0.5684
0.5859
0.6226
0.6248
0.5928
0.5081
0.4364
0.4723
0.5455
0.5493
0.5287
0.5188
0.5371
0.5547
0.5295
0.676
0.5722
0.4189
0.4295
0.4379
3.033
4.395
3.888
4.303
4.779
5.499
6.396
5.518
5.389
5.316
4.913
5.42
5.945
5.817
5.737
5.798
5.322
4.175
3.839
4.541
3.558
4.51
3.894
3.845
3.961
3.931
2.243
0.8179
1.311
1.385
0.2106
0.5547
0.6027
0.486
0.5516
0.5486
0.6363
0.7011
0.6172
0.7233
0.7416
0.692
0.7828
0.6912
0.4921
0.547
0.798
0.5234
0.5737
0.3769
0.4288
0.5821
0.647
0.5569
0.4486
0.4341
0.4791
0.5569
0.6668
0.5264
0.4936
0.5859
0.6195
0.7423
1.63
4.138
4.517
4.321
5.707
7.361
6.262
6.219
7.385
6.934
6.799
6.36
7.178
6.274
5.469
4.846
4.303
3.778
2.814
5.029
4.462
3.497
2.222
1.334
1.512
0.1318
0.547
0.6012
0.528
1.033
4.199
2.893
2.191
1.74
1.14
1.3
1.654
0.2441
0.4463
0.4562
0.4456
0.4791
0.5013
3.754
4.016
2.728
2.78
1.758
0.2972
0.3998
0.5318
0.7126
3.851
2.493
1.578
0.1701
0.1598
0.09613
0.2605
0.06075
0.4356
0.4791
0.4837
0.5745
3.656
3.394
1.74
2.258
0.1471
0.1001
0.07019
0.4128
0.08898
0.457
0.7347
0.6989
0.5882
0.5386
0.6607
0.6233
0.6149
0.5638
0.5264
0.4684
0.4608
0.618
0.6599
0.5905
0.6218
0.5043
0.5707
0.5753
0.6836
0.721
0.6859
0.6416
0.5676
0.6081
0.5501
0.5638
0.6798
0.6126
0.7492
0.7622
0.7324
0.5409
0.6996
2.979
5.487
5.414
5.774
6.543
7.715
7.019
7.703
5.554
7.581
5.426
5.792
5.334
6.482
4.755
3.882
3.949
4.169
1.004
1.895
0.3113
0.56
0.6325
0.6989
0.7317
0.795
0.6752
0.7828
0.8255
0.766
0.7843
0.8408
0.827
0.8102
0.753
0.8484
0.8408
0.7935
0.798
0.8057
0.795
0.8057
0.7294
0.8743
0.737
0.6912
0.7874
5.09
5.499
4.346
5.121
6.458
6.433
6.396
7.471
4.291
3.461
4.962
6.262
5.237
3.534
5.17
4.956
6.592
3.967
3.638
4.73
1.427
1.688
1.163
0.6676
0.2865
0.499
0.6172
0.7935
0.6256
0.6386
0.7004
0.7576
0.75
0.7408
0.8408
0.8041
0.8331
0.7454
0.8118
0.7919
0.7965
0.7347
0.7423
0.7523
0.705
0.6538
0.5981
0.634
0.7027
0.7141
0.6577
0.6279
0.7797
4.065
4.614
4.59
4.23
5.56
6.152
6.458
6.75
6.262
6.311
6.799
6.274
5.249
4.828
5.377
4.81
3.412
2.664
4.242
2.618
4.572
4.352
3.442
3.906
3.827
1.372
0.9827
1.289
0.9552
0.4013
0.3792
0.3277
0.3487
0.05302
0.09155
0.3952
0.4814
0.1745
0.5119
0.2258
0.119
0.1415
0.05684
0.1921
0.3044
0.7187
0.3052
0.05007
0.0823
0.07143
0.378
0.3212
0.1518
0.4135
0.4135
0.2281
0.08926
0.07133
0.4852
0.3056
0.2205
0.3128
0.2579
0.08335
0.06285
0.2079
0.2846
0.0002861
9.537e-05
0.0
0.0
9.537e-05
0.0
0.0
0.0
9.537e-05
0.0
0.0
0.0
0.0
0.006008
0.6622
0.1392
0.721
0.2159
0.03805
0.09375
0.05589
0.4631
0.1339
0.7874
0.6554
