8.936
8.838
9.998
19.51
20.8
19.24
15.53
8.96
14.4
20.83
20.0
18.07
9.253
11.68
19.58
20.83
16.94
6.897
6.531
7.532
8.96
8.594
8.862
8.984
10.18
19.85
20.61
19.17
9.937
8.923
13.82
20.83
20.24
16.7
8.972
12.22
20.09
20.46
16.89
13.48
16.21
16.99
17.5
17.97
18.21
18.6
18.75
16.33
15.01
14.55
12.46
11.36
8.728
10.89
18.97
20.85
20.85
19.09
15.8
9.216
8.887
10.3
18.16
20.85
20.85
19.8
11.39
14.92
16.43
17.02
17.41
17.87
18.07
18.36
18.55
18.55
15.77
14.87
13.79
12.4
9.729
16.21
20.85
20.85
20.24
18.99
14.06
16.09
16.77
17.29
17.7
17.99
18.16
18.38
18.58
16.8
15.09
14.65
12.77
10.67
8.74
9.741
17.21
20.85
20.85
19.7
13.55
9.644
16.41
20.83
20.7
15.21
12.17
16.11
16.97
17.48
17.9
18.14
18.53
16.94
15.06
13.48
11.65
9.021
9.412
9.607
9.021
9.827
15.45
16.85
17.46
17.94
18.26
18.6
16.46
14.82
13.6
9.277
14.28
16.99
17.72
18.24
18.53
18.97
19.24
19.38
19.58
19.65
19.75
19.85
20.0
20.12
20.12
20.12
20.26
20.31
20.51
20.63
18.99
16.26
18.53
19.85
20.53
20.85
20.85
20.85
20.87
20.63
18.31
17.26
16.94
16.31
8.972
9.387
9.18
9.57
8.948
9.656
10.28
19.53
20.73
14.26
6.958
6.567
6.409
6.409
6.409
6.409
6.409
7.935
9.021
9.07
9.546
18.46
20.83
18.33
10.97
9.399
8.899
9.302
8.362
16.72
20.83
20.73
18.12
13.53
6.616
6.543
6.409
6.409
6.409
6.409
6.409
8.435
8.643
9.143
8.789
9.07
9.119
12.29
19.78
20.85
16.94
9.351
12.41
20.65
20.43
17.58
9.131
9.204
6.604
6.604
6.482
6.409
6.409
6.409
6.409
7.458
9.119
15.38
20.68
19.9
13.43
19.31
20.78
18.92
15.97
9.839
8.997
9.509
17.85
20.83
19.6
9.949
7.935
6.604
6.519
6.409
6.409
6.409
6.653
9.351
8.704
9.192
9.985
19.29
20.78
18.95
10.38
9.595
9.106
8.862
8.936
8.997
15.14
20.8
20.85
19.6
9.766
6.86
6.47
6.409
6.409
6.409
6.409
8.228
8.899
9.583
9.436
16.67
20.83
20.85
19.46
10.61
8.997
8.972
9.57
9.082
9.46
9.106
9.412
7.153
6.604
6.604
6.604
6.604
6.604
6.592
6.409
6.482
8.691
8.752
8.752
9.167
8.875
8.826
8.923
9.253
9.045
8.667
8.618
11.77
19.56
20.85
20.85
18.73
9.021
6.775
6.604
6.604
6.604
6.604
6.604
6.604
9.277
18.6
20.85
20.85
18.8
8.899
9.338
16.26
20.83
20.85
20.48
13.55
8.484
8.643
9.265
16.02
20.8
20.85
20.8
19.12
7.666
6.934
6.604
7.263
9.79
8.899
9.387
9.192
9.363
16.38
20.83
20.83
20.39
13.99
8.972
8.789
11.12
19.7
20.85
20.29
16.94
9.033
13.89
16.5
17.11
17.6
17.99
18.31
18.38
18.55
18.77
18.95
19.14
19.17
19.36
19.36
19.56
19.56
19.58
19.75
19.75
19.75
19.78
19.95
19.95
19.95
20.0
20.14
20.14
20.14
20.14
20.14
20.31
20.34
20.34
20.34
20.31
20.51
20.56
20.7
20.7
20.68
17.19
17.29
19.17
20.31
20.48
20.48
20.48
20.48
20.48
20.41
20.07
18.55
16.75
16.65
16.46
16.46
12.77
8.508
14.67
16.55
17.19
17.58
18.09
18.38
18.48
18.63
18.92
19.02
19.17
19.19
19.36
19.38
19.56
19.56
19.6
19.75
19.75
19.75
19.9
19.92
19.95
20.12
20.12
20.12
20.12
20.12
20.12
20.21
20.31
20.31
20.36
20.51
20.61
20.7
20.7
20.7
20.31
16.7
18.07
20.19
20.29
20.63
20.48
20.48
20.48
20.48
19.41
17.75
16.85
16.46
15.89
15.48
7.715
8.643
15.06
16.77
17.41
17.92
18.26
18.43
18.87
19.12
19.31
19.41
19.53
19.53
19.7
19.73
19.82
19.95
20.12
20.12
20.12
20.12
20.19
20.31
20.31
20.48
20.58
20.7
20.7
20.7
20.7
18.95
15.89
18.26
20.02
20.68
20.65
20.68
20.68
20.48
20.39
19.85
17.68
16.5
16.31
15.94
15.87
9.57
10.57
15.94
17.02
17.5
17.9
18.21
18.38
18.53
18.77
18.97
19.09
19.24
19.36
19.36
19.51
19.56
19.56
19.68
19.75
19.75
19.92
19.92
19.92
20.07
20.19
20.31
20.31
20.31
20.48
20.58
20.7
20.7
20.7
19.21
17.68
19.12
20.51
20.87
20.87
20.7
20.68
20.53
20.12
19.02
16.14
16.06
16.06
13.04
8.801
14.36
16.14
16.75
15.04
13.01
9.631
13.99
16.33
16.94
14.75
12.89
12.96
10.95
10.89
15.33
16.5
16.97
14.97
13.4
12.89
9.583
12.43
16.58
17.38
17.9
18.29
18.48
18.58
18.75
19.09
19.24
19.31
19.48
19.56
19.56
19.56
19.63
19.75
19.75
19.75
19.9
19.95
19.95
20.14
20.14
20.14
20.19
20.34
20.34
20.34
20.34
20.43
20.58
20.7
20.7
20.7
20.73
19.31
17.55
19.43
20.39
20.68
20.68
20.68
20.68
20.68
20.68
19.8
17.99
17.38
16.67
15.8
8.484
14.14
16.8
17.58
18.02
18.33
18.41
18.58
18.82
19.07
19.17
19.31
19.36
19.46
19.56
19.56
19.58
19.75
19.78
19.85
19.95
19.95
19.95
20.07
20.14
20.14
20.14
20.12
20.29
20.34
20.34
20.34
20.51
20.61
20.7
20.7
20.7
20.7
20.17
17.21
18.77
19.65
20.21
20.87
20.87
20.87
20.87
20.68
20.61
20.51
19.02
17.07
17.04
17.04
17.04
14.65
9.241
15.48
16.99
17.58
18.12
18.38
18.51
18.7
18.97
19.12
19.17
19.29
19.38
19.56
19.56
19.56
19.73
19.75
19.75
19.78
19.95
19.95
20.02
20.14
20.14
20.14
20.17
20.34
20.34
20.34
20.34
20.34
20.41
20.65
20.7
20.7
20.7
20.7
19.92
17.65
19.26
20.21
20.87
20.87
20.87
20.85
20.68
20.48
20.0
18.14
15.92
15.87
15.87
15.87
10.6
9.521
8.997
9.143
9.509
9.192
10.18
9.363
9.399
9.424
9.277
9.326
9.387
9.229
10.38
18.04
20.85
20.85
20.39
12.65
8.301
9.729
9.534
9.216
9.631
9.839
9.412
16.94
20.83
20.85
20.46
12.82
9.583
9.485
11.08
18.85
20.85
20.83
19.82
10.36
6.812
6.604
6.604
6.604
6.604
6.604
6.604
6.604
6.604
6.604
6.604
6.604
6.604
6.604
6.604
6.604
6.604
6.604
6.604
9.326
9.277
9.668
9.119
9.119
9.778
10.72
9.595
13.79
19.92
