18.77
16.7
27.49
28.66
21.26
18.75
16.36
19.38
21.88
25.15
20.21
19.41
17.07
19.78
17.36
19.56
16.65
19.92
20.29
19.56
17.65
22.56
20.61
21.0
19.38
25.49
16.16
18.46
15.58
19.07
15.55
18.85
15.99
19.41
15.84
23.07
15.92
18.04
15.14
19.17
17.94
19.56
15.99
18.53
17.09
19.17
14.79
17.97
15.53
20.0
17.14
20.0
16.63
19.73
17.58
20.56
17.63
19.95
16.92
20.04
17.92
22.34
17.8
17.33
14.26
17.68
14.84
17.82
15.01
18.09
13.92
18.09
14.33
18.09
17.82
19.07
16.7
21.51
20.14
21.36
19.12
17.63
14.82
17.09
13.92
17.33
17.68
15.33
13.23
14.04
23.85
16.09
14.4
17.04
14.79
17.41
14.14
16.89
14.28
14.01
13.67
17.8
14.16
16.92
13.94
21.07
20.04
18.24
15.82
17.43
15.11
17.29
14.45
21.0
14.06
15.45
16.72
15.38
15.77
18.02
18.82
20.46
17.07
19.36
15.84
18.07
15.21
17.63
19.14
13.89
17.04
14.67
19.58
16.53
13.75
18.7
16.16
19.46
15.82
17.41
16.19
19.9
16.24
18.77
16.24
15.11
20.12
16.63
21.92
19.75
20.14
21.83
18.55
18.51
16.19
15.89
18.53
15.7
18.65
15.94
15.97
18.77
16.5
20.34
16.41
20.7
17.92
20.97
18.6
21.07
17.8
21.31
18.58
22.63
19.65
22.63
20.9
23.63
21.56
26.17
22.73
28.42
26.37
26.56
23.29
24.78
21.34
23.54
22.39
23.95
22.24
24.02
21.09
24.15
21.66
25.93
24.37
25.78
22.19
23.68
22.0
26.95
21.73
25.05
21.97
24.29
22.58
25.88
22.46
22.97
20.41
22.63
22.39
23.29
20.02
23.22
20.31
22.63
20.24
23.88
18.41
21.66
19.41
21.9
23.9
22.58
17.48
20.78
20.0
20.85
17.14
21.09
17.85
20.68
17.58
20.95
17.02
22.56
17.63
21.04
18.43
21.85
17.24
21.07
17.46
19.26
16.8
18.99
16.31
19.02
15.97
19.24
18.82
19.7
15.65
18.6
17.38
19.68
19.9
20.04
16.46
19.41
17.94
20.19
17.48
20.0
20.41
24.41
16.85
23.12
16.48
16.26
19.19
16.85
20.73
17.36
19.7
17.94
20.92
17.65
20.34
18.14
23.36
23.02
26.46
22.36
25.15
22.24
25.05
23.8
25.83
23.02
27.2
25.15
27.93
24.15
28.27
26.71
29.49
25.54
28.12
26.95
28.71
25.88
28.71
26.51
28.81
26.17
31.93
24.93
26.03
23.49
26.66
24.8
29.39
24.51
26.81
26.07
28.08
25.24
28.08
25.24
28.96
25.83
28.76
27.1
28.32
26.12
28.81
26.07
26.42
22.46
25.78
23.97
27.44
25.24
26.22
22.66
25.05
22.14
28.03
26.81
29.39
24.41
28.08
24.07
29.49
27.29
26.66
22.83
26.86
26.95
24.85
23.49
26.12
24.63
25.68
21.51
24.29
22.17
23.63
22.66
28.47
23.22
24.05
21.41
24.83
24.78
24.29
21.48
23.9
27.73
23.9
21.7
24.22
22.56
25.39
21.75
24.88
22.24
24.02
19.51
22.73
23.19
22.27
21.44
21.09
19.97
22.14
20.41
21.19
20.21
21.68
20.36
22.39
20.21
23.05
20.09
22.68
20.73
20.09
19.21
20.65
18.63
20.46
18.33
22.27
20.56
20.07
18.97
20.78
19.63
22.68
22.92
22.07
19.9
22.49
20.87
23.29
24.54
25.93
27.54
25.88
20.9
22.44
20.46
23.14
20.85
22.8
22.44
21.53
19.78
21.44
20.83
22.41
22.05
24.0
21.26
22.83
20.02
25.05
21.88
24.0
22.56
23.32
22.83
24.85
23.44
24.17
23.19
25.68
25.98
24.29
22.73
24.9
24.8
29.59
25.34
26.61
24.51
28.56
27.54
28.17
23.88
25.93
24.37
26.81
24.54
25.49
24.88
26.95
24.9
26.61
24.85
25.88
23.75
25.54
24.54
26.22
25.49
28.32
29.83
26.95
26.12
28.86
25.49
27.2
26.22
28.81
26.9
25.63
26.12
26.9
26.56
28.27
25.24
27.25
25.49
27.1
25.63
29.44
29.1
29.25
27.69
30.81
25.54
28.12
25.63
28.32
27.29
27.83
24.71
27.78
26.61
26.95
23.32
24.12
21.53
25.24
23.0
26.27
23.41
25.83
22.78
25.44
23.32
25.73
23.54
25.73
23.71
26.17
23.71
25.98
25.24
26.37
23.51
25.93
26.07
27.44
24.95
27.93
23.8
25.15
22.31
25.24
23.73
25.34
22.34
25.0
23.49
25.24
24.63
25.1
23.1
25.49
22.9
23.9
20.29
23.22
22.02
21.46
16.82
19.65
17.65
19.6
17.41
20.14
17.63
20.0
17.5
19.48
17.63
20.09
18.02
21.83
18.6
20.56
18.9
22.58
22.31
23.71
22.02
24.37
22.95
24.17
24.58
26.12
24.1
23.32
19.04
22.12
19.31
20.34
17.21
20.41
17.85
20.0
17.46
19.63
16.7
19.14
19.36
20.39
17.75
21.73
21.58
21.0
17.72
20.41
18.43
20.34
17.85
19.17
18.38
23.71
20.68
23.95
20.04
23.51
19.26
22.85
19.34
21.46
18.55
21.0
18.63
22.19
18.73
20.7
17.97
20.48
15.84
17.7
16.06
20.48
16.36
18.68
16.09
20.51
21.34
22.85
16.46
21.66
14.97
17.97
15.84
19.53
15.14
18.53
16.19
18.82
19.07
23.58
20.68
25.73
20.95
27.69
21.46
23.61
21.78
21.9
19.02
22.36
19.56
22.53
21.09
22.63
19.95
22.95
19.56
22.88
19.9
23.24
20.26
22.68
19.14
22.83
21.97
25.78
23.0
25.24
21.14
26.03
19.8
22.49
19.41
23.14
19.43
22.51
19.75
21.97
20.12
23.39
19.7
22.36
20.12
21.83
19.51
23.07
20.04
23.29
18.41
21.56
17.6
21.12
17.94
21.04
18.48
20.68
17.92
21.39
19.46
21.0
19.21
22.63
18.21
21.9
22.83
24.95
18.26
19.63
18.55
21.09
19.41
20.41
19.19
19.85
16.72
19.7
18.31
26.51
22.63
29.64
18.26
20.07
18.21
21.0
17.5
21.12
17.92
22.24
18.12
22.39
18.7
17.38
15.33
18.41
16.24
21.78
18.65
21.78
18.82
21.39
19.21
21.7
18.58
23.61
18.95
22.53
20.14
22.95
20.51
22.9
19.53
23.63
21.34
25.24
21.97
24.93
21.19
23.63
20.12
24.22
20.61
24.46
20.85
23.85
21.53
23.71
21.78
25.1
22.63
25.39
21.7
24.78
24.56
29.3
24.15
26.17
22.85
26.27
23.05
26.32
22.97
25.78
23.17
26.81
24.44
27.73
24.39
26.76
25.1
26.46
24.05
26.42
25.1
32.67
23.56
26.51
22.95
25.54
24.1
26.27
25.73
26.07
22.95
26.12
23.05
25.93
22.56
25.83
22.8
25.73
23.61
23.66
20.51
23.51
19.97
24.02
19.43
22.73
16.28
23.32
20.31
23.78
22.22
22.0
18.92
22.53
19.21
22.09
19.63
21.7
18.92
21.7
18.87
22.27
17.07
20.26
17.11
19.43
17.92
19.48
16.75
19.75
15.04
18.38
20.39
16.82
14.36
17.82
26.9
16.85
17.29
20.12
16.63
26.12
23.66
18.36
21.56
