0.02346
0.02604
0.02279
0.02537
0.02279
0.02737
0.02346
0.02604
0.02279
0.02604
0.02346
0.02604
0.02279
0.02413
0.02279
0.02413
0.02279
0.02537
0.02213
0.0247
0.02279
0.0247
0.02213
0.02537
0.0247
0.02537
0.02279
0.02537
0.02279
0.0247
0.02279
0.0247
2.762
26.32
23.9
20.92
21.19
18.16
18.65
22.0
18.29
16.65
16.53
13.94
16.55
17.75
19.95
16.16
16.09
9.18
18.31
23.0
18.33
16.53
16.89
17.07
16.6
20.24
22.12
22.17
14.55
16.31
22.73
18.48
18.26
15.31
16.24
16.67
20.56
24.17
22.12
17.77
16.43
16.31
17.19
19.48
15.55
17.46
18.87
17.31
16.11
13.72
11.9
12.17
16.63
19.97
22.68
21.22
12.77
21.24
18.43
18.38
17.7
18.19
21.68
18.75
17.7
20.46
12.55
13.72
21.68
17.87
16.72
6.97
20.26
17.16
17.33
16.89
17.04
23.29
21.29
16.36
18.95
16.72
16.89
20.41
18.53
17.6
10.75
18.21
15.55
15.82
14.38
19.68
17.02
16.21
16.72
15.77
15.75
17.6
16.41
16.65
18.04
12.52
15.6
16.77
16.82
16.53
15.38
12.82
14.75
15.65
16.5
18.55
20.19
17.07
13.33
18.51
17.41
21.36
16.87
16.48
16.82
17.8
16.14
16.43
17.14
14.33
5.121
14.7
16.72
12.24
16.82
14.72
7.568
13.84
10.5
11.02
8.984
11.1
15.48
12.65
10.85
15.38
8.923
16.6
16.06
15.75
15.53
16.55
13.09
14.97
15.53
16.19
15.89
15.72
15.55
14.53
13.62
14.67
12.08
14.38
15.58
0.415
0.8942
15.33
15.19
15.09
14.82
14.79
11.04
14.72
13.84
10.99
12.72
15.62
15.94
15.19
15.77
15.36
15.53
14.99
11.4
14.97
13.4
12.18
13.09
15.82
16.02
10.45
14.53
17.19
17.75
16.31
15.31
11.95
14.75
15.87
16.21
15.31
15.31
15.41
7.202
0.5928
0.1823
12.72
8.911
14.48
12.94
14.23
13.11
14.16
14.5
15.5
14.11
15.19
16.31
15.48
15.11
12.89
17.31
15.19
11.73
16.85
15.38
15.92
15.19
16.65
7.141
14.14
15.21
14.06
13.77
10.77
15.5
15.45
15.82
15.31
15.41
13.67
13.6
12.82
12.92
14.43
13.82
13.4
14.23
14.36
16.63
16.82
16.04
16.85
15.23
13.77
16.58
17.5
16.28
17.48
18.55
14.58
14.09
15.33
14.5
13.23
13.65
18.31
16.11
18.63
17.7
15.28
7.739
5.774
15.89
16.38
18.48
17.46
16.92
15.72
15.16
13.72
13.43
15.99
9.18
17.82
19.68
19.95
15.89
14.58
7.117
16.21
17.31
16.55
15.99
16.43
12.62
16.38
16.7
16.41
19.19
20.04
7.629
10.33
11.57
17.48
17.68
17.55
16.36
16.19
11.16
17.6
17.68
18.21
20.29
15.77
11.87
13.01
17.53
17.43
18.58
17.09
14.04
17.75
18.26
15.89
15.38
13.18
13.33
16.11
15.6
15.97
11.96
17.31
16.31
16.43
16.43
16.6
15.41
11.82
14.6
18.04
16.85
18.04
14.75
15.65
15.97
18.24
26.66
18.68
16.53
18.63
17.09
16.14
16.19
16.28
16.72
18.63
19.95
19.6
15.72
15.75
15.89
16.99
16.65
16.02
16.36
17.36
16.24
21.29
21.92
18.6
17.7
16.97
16.75
15.87
18.8
16.92
18.8
17.02
16.38
16.19
16.7
16.55
16.14
15.97
16.11
16.33
15.72
16.6
17.53
16.53
16.67
17.55
10.69
1.297
10.58
16.5
10.73
7.19
15.58
7.727
8.02
13.82
3.931
7.239
6.567
3.845
8.484
15.94
11.67
16.06
15.94
16.24
16.02
13.96
4.474
3.729
5.414
5.212
4.535
4.291
6.824
14.23
5.096
0.1848
11.8
16.99
17.24
17.46
16.55
16.02
15.53
16.36
17.63
16.5
17.07
16.24
16.11
16.06
15.84
15.92
15.31
16.36
18.75
17.14
17.11
16.36
15.41
16.14
16.33
17.68
16.92
15.72
16.11
16.58
15.58
16.04
15.77
17.04
15.89
15.21
15.55
16.16
16.14
16.97
15.89
16.19
15.82
15.26
15.87
15.11
16.16
6.799
2.46
11.51
10.12
6.299
9.045
8.289
15.84
5.444
11.51
10.46
11.08
9.717
12.82
14.77
14.06
14.11
17.19
15.75
15.19
12.46
6.421
2.893
6.335
6.519
3.333
5.542
8.154
10.33
3.333
0.4425
0.1303
8.447
16.46
16.6
17.36
16.14
15.84
16.02
18.16
17.5
19.87
20.14
21.92
17.14
15.87
15.99
16.14
15.97
16.43
16.97
16.6
18.02
16.75
16.28
20.07
22.49
20.87
19.36
20.56
17.82
19.14
17.68
15.55
20.02
22.09
22.78
20.24
17.29
18.99
21.9
19.14
17.6
19.51
7.825
5.298
14.14
11.21
15.55
16.09
7.764
15.53
17.43
16.14
13.09
10.53
15.99
10.5
10.78
20.02
18.63
18.53
12.17
11.43
13.79
9.204
4.987
22.05
22.19
19.73
16.75
15.21
24.66
23.9
22.83
13.75
18.85
23.93
19.09
21.46
24.58
27.39
11.58
19.46
20.34
16.82
18.92
18.14
16.6
17.24
18.85
16.43
18.75
20.26
22.09
25.15
23.51
20.48
20.36
18.14
16.85
19.09
21.88
24.19
27.15
27.98
26.95
26.56
24.07
22.22
22.17
25.98
29.74
27.49
29.83
30.57
15.23
4.504
11.93
12.48
12.17
17.02
13.55
10.69
17.26
18.48
23.1
21.66
18.8
19.78
15.77
17.99
15.53
13.5
14.31
10.34
3.018
19.43
23.63
24.56
21.41
23.78
23.71
25.59
22.53
24.22
22.09
21.68
21.78
19.21
24.73
21.46
20.14
17.07
16.77
18.87
16.89
17.36
16.99
16.7
17.33
16.65
17.21
17.02
17.5
20.83
17.63
16.89
16.75
16.58
16.5
16.33
17.02
18.75
17.46
17.16
8.789
5.28
13.99
10.23
11.34
11.73
15.31
10.08
15.62
12.13
15.87
12.62
17.92
15.38
17.38
16.75
17.48
15.28
13.04
10.23
14.55
12.1
0.3098
16.55
15.09
18.21
16.41
17.14
16.92
14.48
14.97
16.63
12.96
16.72
16.63
15.5
14.99
15.11
15.6
14.79
11.1
16.41
15.19
15.53
15.55
15.62
15.11
14.43
15.84
15.11
16.26
15.7
15.41
15.77
14.28
16.46
16.67
15.45
15.82
16.31
15.45
14.84
15.82
15.48
15.16
15.58
16.43
13.23
13.65
14.62
9.509
18.68
19.34
18.7
19.29
18.99
16.28
17.11
16.7
16.24
17.33
16.06
16.6
18.12
16.72
19.24
17.85
21.0
20.46
19.9
20.95
22.63
20.78
18.58
17.87
16.36
16.65
15.92
15.7
15.23
17.41
19.38
16.92
16.16
16.11
17.8
17.36
16.14
15.5
15.97
15.75
15.75
16.21
16.72
13.53
2.386
7.837
12.5
14.36
11.27
15.5
6.372
11.73
14.43
17.41
13.48
7.861
4.688
4.993
