20.41
22.71
23.07
14.18
16.09
18.07
25.2
28.61
14.09
6.409
18.99
28.32
28.81
3.253
0.5157
0.07553
0.02604
0.02346
0.02861
0.02346
0.02861
0.02604
0.02861
12.08
16.85
24.44
27.59
22.44
16.38
13.31
11.8
14.89
9.424
11.3
26.76
33.2
33.15
33.35
32.37
29.49
30.22
18.87
17.75
33.35
32.62
31.4
23.8
23.14
24.27
23.41
19.51
14.09
12.99
26.71
27.59
27.88
27.25
25.54
28.81
33.2
26.46
30.37
27.29
8.276
33.84
31.15
32.47
32.57
28.86
32.23
23.36
11.72
19.51
28.47
32.71
31.93
32.71
30.66
28.22
19.26
11.51
31.88
31.98
32.76
32.32
29.35
30.91
20.63
15.65
23.27
24.0
24.29
24.34
23.41
20.95
24.1
21.85
18.51
12.6
22.12
25.78
25.98
14.04
16.46
15.77
31.59
32.13
32.08
31.88
29.3
28.61
16.94
18.68
27.98
29.93
29.93
30.66
27.2
29.3
23.49
14.6
17.8
26.42
27.0
13.26
14.23
2.362
19.12
25.98
28.71
30.96
32.23
30.96
30.57
14.38
25.98
33.01
33.25
32.76
29.69
31.98
26.17
17.46
16.36
15.45
17.63
14.87
15.16
21.66
22.85
16.31
15.92
14.31
13.21
15.19
15.33
18.41
20.41
22.61
10.28
26.81
24.73
23.8
22.73
22.22
20.78
17.75
19.82
18.87
17.24
12.21
16.75
17.94
24.66
22.46
13.6
16.24
20.31
22.17
17.43
16.92
4.004
0.1692
0.04425
0.02861
0.02346
0.02604
0.02346
0.02604
0.02346
0.02604
0.02346
14.01
13.4
12.87
14.5
11.57
14.11
12.94
23.44
25.63
17.31
16.58
23.41
26.17
23.68
1.331
0.5966
0.06771
0.02604
0.02604
0.02346
0.02861
0.02346
0.02861
0.02604
10.05
12.65
13.26
15.55
16.31
16.58
14.7
10.75
13.38
14.65
15.28
16.14
15.67
15.87
9.998
0.6325
0.2682
0.02604
0.02604
0.02346
0.02861
0.02346
0.02604
0.02346
14.04
18.75
18.09
20.12
12.23
14.62
15.19
15.77
16.87
15.84
15.11
15.21
13.96
14.38
0.1616
0.09899
0.02604
0.02604
0.02604
0.02079
0.02604
0.02604
0.02604
0.02604
0.8331
15.16
18.26
18.31
17.14
12.67
9.192
11.72
11.47
14.5
16.72
23.46
21.61
18.36
0.9109
0.3803
0.04168
0.02079
0.02604
0.02604
0.02604
0.02079
0.02604
3.668
2.567
16.06
18.02
26.51
19.34
6.958
13.5
14.16
16.72
20.73
25.2
6.555
8.276
4.626
0.1198
0.04168
0.02604
0.02604
0.02604
0.02604
0.02604
0.02604
0.02604
0.02604
0.02604
0.02604
0.02604
0.02604
8.337
2.765
0.1093
0.03643
0.02604
0.02079
0.02604
0.02604
0.03128
0.02079
0.02604
0.02604
0.02604
0.02079
0.02604
0.02604
0.02604
0.02604
0.02604
0.02604
0.02604
0.02079
0.02604
0.02604
0.02604
0.02079
0.02604
0.02079
0.02604
0.02079
0.02604
0.02604
0.03128
0.02079
0.02604
0.02604
0.02604
0.02604
0.02604
0.02079
0.02604
0.02079
0.02604
0.02079
9.827
2.246
0.1093
3.088
19.14
17.02
17.46
19.14
20.9
20.51
21.07
23.22
31.2
31.69
29.15
27.0
29.64
32.76
33.3
33.45
34.18
33.89
32.62
28.91
30.32
22.75
33.74
33.84
34.38
33.01
29.79
30.08
27.64
5.389
25.24
27.15
27.05
26.12
25.83
25.98
26.17
24.63
23.02
22.19
21.44
21.24
19.9
26.22
22.53
24.32
32.23
32.62
33.2
33.98
33.54
18.12
27.1
33.98
34.47
34.33
31.4
24.63
20.48
21.17
17.9
32.62
32.42
32.28
32.18
33.59
31.05
33.11
33.84
33.15
30.32
29.3
29.2
29.25
28.76
32.18
33.45
33.59
22.46
31.93
34.28
34.23
34.18
32.28
31.74
30.96
10.73
30.81
32.62
30.81
29.05
33.15
32.81
33.79
34.28
34.03
33.64
32.81
32.23
32.76
32.76
32.91
33.5
31.49
13.53
19.26
18.8
31.88
33.4
32.42
28.76
30.32
29.83
10.97
33.11
31.3
30.76
29.88
32.62
30.96
29.88
29.54
29.05
29.05
28.37
27.64
27.15
27.29
26.9
26.32
29.54
31.3
33.64
22.92
33.4
31.59
31.59
31.88
26.42
22.0
22.12
21.07
9.583
27.15
32.23
33.01
33.3
32.32
32.37
32.23
32.32
33.01
32.18
31.25
29.0
27.25
27.34
27.98
27.98
26.56
24.27
30.81
21.19
33.64
33.98
31.4
31.35
30.96
30.76
31.01
12.52
31.4
33.01
33.06
33.01
31.64
30.86
31.01
31.74
32.08
32.08
31.98
32.28
32.71
32.47
32.13
32.03
31.69
32.32
22.17
31.49
32.86
33.35
33.59
30.86
30.52
30.52
15.72
33.59
32.18
31.84
28.22
31.3
20.73
18.85
31.64
31.15
31.79
32.08
31.84
31.35
31.98
32.08
31.88
28.47
27.93
26.03
26.12
27.05
28.66
31.15
31.15
31.69
30.81
31.01
19.56
30.76
31.64
31.98
32.37
30.27
28.66
29.44
19.73
15.26
19.95
15.92
16.77
23.58
21.51
6.335
20.58
18.97
15.01
15.19
15.21
25.39
24.73
20.17
31.35
33.11
28.61
24.93
21.07
20.36
20.36
20.31
20.97
21.66
22.12
22.14
22.73
22.49
21.48
26.9
28.76
23.22
27.29
29.44
29.39
29.93
29.15
27.2
26.61
26.76
17.09
23.54
29.2
29.74
30.27
29.98
30.03
29.44
30.03
30.37
29.25
29.3
28.52
28.17
28.61
26.37
26.37
24.98
23.41
23.54
26.61
23.58
16.06
25.1
25.54
24.98
27.29
25.78
19.53
18.29
18.04
18.75
15.65
10.88
15.87
19.29
17.65
16.31
18.46
20.31
20.65
20.78
19.34
18.77
19.65
18.8
18.65
18.85
18.99
20.04
21.51
21.75
21.97
22.29
29.64
29.83
28.96
28.27
28.71
28.42
28.37
18.87
27.05
30.52
24.51
26.95
25.78
23.22
21.92
21.85
19.9
13.48
16.89
14.45
15.53
17.77
18.21
13.48
13.53
19.65
22.31
22.78
28.12
27.93
27.73
27.69
25.54
27.93
25.88
24.68
27.93
27.59
27.93
25.54
24.68
27.44
26.12
24.12
22.12
19.21
17.29
15.97
16.14
17.16
14.43
16.48
17.87
20.02
21.36
20.83
17.58
17.04
16.38
17.41
19.6
20.07
21.41
17.48
16.28
16.02
15.48
14.36
15.41
13.09
14.77
15.92
18.26
19.04
16.97
12.22
13.18
13.38
15.53
17.29
19.9
20.92
15.45
6.25
9.021
15.77
20.9
21.12
22.44
15.41
12.3
0.3696
0.09899
0.03128
4.535
12.49
15.97
15.62
10.6
11.1
15.77
16.26
15.65
16.7
23.27
24.9
24.93
15.11
16.82
18.73
17.07
20.43
22.85
23.73
9.766
0.7133
0.2239
0.02604
0.02604
0.03128
0.02079
0.03128
0.02604
0.02604
0.02604
0.03128
0.02079
0.03128
0.02604
0.02604
0.02604
0.03128
0.02604
0.02604
0.02604
6.085
13.55
13.4
14.36
16.63
16.16
17.31
5.426
