0.2033
0.1835
0.3914
0.1661
0.3593
0.2296
0.3525
0.3319
0.2155
0.4211
0.285
0.2144
0.3689
0.2548
0.3613
0.2228
9.537e-05
0.003338
0.0
0.0003815
0.2346
0.4623
0.1547
0.1291
0.1453
0.1553
0.3819
0.4364
0.4478
0.2583
0.1926
0.2197
0.3574
0.1528
0.3159
0.1331
0.156
0.1156
9.537e-05
0.0005722
0.0
0.0
0.0
0.2144
0.2716
0.1823
0.4807
0.1883
0.3429
0.2262
0.3132
0.2316
0.131
0.2743
0.3464
0.2102
0.4517
0.341
0.3384
0.08583
0.8331
0.1266
0.07029
0.04768
0.0699
0.1919
0.2262
0.06208
0.008678
0.01268
0.2926
1.012
0.5348
0.2277
0.3223
0.3826
0.341
0.2712
0.2636
0.2403
0.3445
0.3227
0.2457
0.2625
0.2213
0.198
0.2571
0.6126
0.9186
1.352
0.6142
0.798
1.555
1.082
0.412
0.4349
0.5104
0.528
0.7645
0.9384
0.8484
2.939
0.7629
0.1011
0.05846
0.0104
0.9628
5.933
4.12
4.285
3.448
5.029
2.161
0.05875
0.7164
0.2838
0.06762
0.05188
0.06533
0.2918
0.1488
0.01554
0.008678
0.0556
1.085
0.621
0.2636
0.2277
0.2937
0.3502
0.2522
0.2468
0.2548
0.2308
0.3319
0.2964
0.2831
0.2716
0.2583
0.301
0.5791
1.251
1.198
1.353
1.469
0.8179
0.7172
0.5722
0.573
0.6569
0.7027
0.7736
0.9064
0.8469
0.8057
0.1175
0.01421
0.03815
1.454
6.311
4.541
4.51
3.601
4.047
0.6233
0.07877
0.8133
0.173
0.05693
0.04177
0.07267
0.03948
0.362
0.08373
0.01488
0.02346
1.221
0.6248
0.4097
0.2365
0.2659
0.3036
0.3754
0.3063
0.2651
0.3021
0.285
0.2769
0.3464
0.28
0.304
0.3708
0.9888
1.166
1.003
1.366
1.105
0.9109
0.5684
0.4288
0.6264
0.695
0.5806
0.7935
0.8301
0.8133
0.7828
0.1507
0.007057
0.01049
1.08
4.883
4.224
4.437
3.424
4.785
2.591
0.08011
0.4257
0.4654
0.04568
0.03157
0.06475
0.03548
0.3693
0.1158
0.0102
0.009346
0.8545
0.4784
0.5913
0.2323
0.2754
0.3139
0.3021
0.2815
0.2769
0.2926
0.2594
0.2522
0.2419
0.2506
0.2739
0.2716
0.2708
0.7118
0.8179
1.199
0.7736
0.8926
1.335
1.056
0.4662
0.473
0.592
0.705
0.576
0.7904
0.7034
0.6149
0.6439
0.5966
0.01707
0.01097
0.01497
1.773
6.848
4.266
4.565
3.943
4.352
0.007439
0.05856
0.8316
0.1078
0.07849
0.03767
0.04177
0.2045
0.2934
0.03033
0.01392
0.002956
0.9491
0.5295
0.5241
0.2205
0.2563
0.2995
0.2895
0.2541
0.3368
0.2258
0.2552
0.2464
0.23
0.2411
0.2693
0.2747
0.2701
0.3407
0.9583
1.141
1.065
0.7889
1.253
0.9048
0.5424
0.3853
0.5829
0.473
0.4951
0.6058
0.6477
0.6516
1.025
0.5478
0.1022
0.01965
0.05093
0.7584
2.835
3.564
3.741
3.043
3.937
4.199
2.441
0.05541
0.0001907
9.537e-05
0.0001907
0.001335
0.0
0.0
9.537e-05
0.0
0.0
0.0
0.0
0.0
0.0
0.0
0.0
0.0
0.0
0.0
0.0
0.0001907
0.0
0.0
0.0
0.0
0.0
0.0
0.0
0.0
9.537e-05
0.0
0.0
0.0002861
0.0
0.0
0.0
0.0
0.0
0.0
0.0
0.0
0.0
0.0
0.0
0.0
0.0
0.0
0.0
0.0
0.0
0.0
0.0
0.0
0.0
0.0
9.537e-05
0.0
0.0
0.0
0.0
0.0
0.0
0.0
9.537e-05
0.0
0.0
0.0
0.0
0.0
0.0
0.0
0.0
0.0
9.537e-05
0.0
0.0
0.0
0.0
0.0
0.0
0.0
0.0
0.0
0.0
0.0
0.0
0.0
0.0
0.0
9.537e-05
0.0
0.0
0.0
0.0
0.0
0.0
0.0
0.0
0.0
0.0
0.0
0.0
0.0
9.537e-05
0.0
0.0
0.0
0.0
0.0
0.0
0.0
0.0
0.0
0.0
0.0
0.0
0.0
0.01984
0.6966
0.4539
0.547
0.5226
0.3407
0.2853
0.531
0.6088
0.5684
0.4852
0.3101
0.2998
0.272
0.3315
0.3258
0.3181
0.2968
0.3277
0.3178
0.3624
1.134
1.314
1.831
1.289
0.4868
0.5135
0.4295
0.5356
0.4799
0.5592
0.7317
1.022
0.3525
0.09727
0.01888
0.04578
8.569
10.91
6.543
0.1795
0.0009537
0.002575
0.0
0.0
0.0001907
0.0
9.537e-05
0.0
9.537e-05
0.0
0.0
0.0
0.0
0.0
0.0
0.0
0.01297
0.8942
0.3044
0.547
0.5066
0.3838
0.3475
0.47
0.4677
0.4692
0.3185
0.341
0.275
0.2689
0.2678
0.2987
0.2609
0.312
0.3147
0.2762
0.3223
1.375
1.126
2.023
1.318
0.4684
0.4707
0.4242
0.4898
0.547
0.6126
0.676
0.721
0.5585
0.2258
0.06189
0.009251
2.747
8.447
8.643
6.134
0.1968
0.00391
9.537e-05
0.0
0.001431
0.0
0.03538
0.7904
0.3338
0.4272
0.3757
0.4791
0.3452
0.4875
0.5325
0.5135
0.399
0.3475
0.3464
0.288
0.3017
0.2819
0.2865
0.2979
0.3796
0.2953
0.4555
1.672
1.642
1.352
1.675
0.4585
0.4501
0.4227
0.4135
0.4562
0.8545
0.7225
0.8392
0.3738
0.08039
0.02947
0.07477
2.383
8.191
5.811
6.873
2.188
0.00248
0.004196
9.537e-05
0.0002861
0.0
0.0
0.0
0.0
0.0
0.0
9.537e-05
0.0
0.0
9.537e-05
9.537e-05
0.0
0.0001907
0.0
0.0
0.0
0.0
0.0
0.0
0.0
0.0
0.0
0.001431
0.002384
9.537e-05
0.198
0.0
0.0
0.0002861
0.0
0.0
0.0
0.0
0.0
0.0
0.0
0.0
0.0
0.0
0.0
0.0
0.0
9.537e-05
0.0
0.0
9.537e-05
0.0002861
0.0
0.0
0.0
0.0
0.0
0.0
0.0
0.0
0.0
9.537e-05
0.0
0.0
0.0
0.0
0.0
0.0
0.0
0.0
0.07391
0.0001907
0.0
9.537e-05
0.0
0.0
0.0
0.0
0.06227
0.0
0.0
0.03052
0.9323
0.3456
0.4303
0.4448
0.3311
0.2953
0.4883
0.528
0.5058
0.4028
0.3284
0.2987
0.2918
0.2941
0.2869
0.2319
0.248
0.2464
0.2102
0.2552
0.7637
1.241
1.62
0.6058
1.233
0.5173
0.412
0.4524
0.4967
0.4669
0.6424
0.7027
0.6912
0.7126
0.1713
0.01221
0.01564
3.687
10.75
8.435
2.649
0.002098
0.003624
0.0001907
0.0001907
0.001335
0.0
0.0
0.001049
0.0
0.0
0.0
0.0
0.0
0.0
0.0
0.0
0.0
0.0
9.537e-05
0.0
0.0
0.0
0.0
0.0
0.0
0.0
0.0
0.0
0.0
0.0
0.0
0.0
0.0
0.0
0.0006676
0.0
0.0
0.0
0.0
0.0
0.0
0.0
0.0
0.0
9.537e-05
0.0
0.0
0.0
0.0
0.0
0.0
0.0
0.0
0.0
0.0
0.0
0.001335
0.0
0.0
0.0
0.0
0.0
0.0
0.0
0.0
0.0
0.0
0.0
0.0
0.0
0.0
0.0
9.537e-05
0.0
0.0
0.0
0.0
0.0
9.537e-05
0.0
0.0
0.0
0.0
0.0
0.0
0.0
9.537e-05
0.0
0.0
0.0
0.0
0.0
0.0
0.0
0.0
0.0
0.0
0.0
0.0
0.0
0.0
0.0
0.0
0.0
0.0
0.0
0.0
0.0
0.0
0.0
9.537e-05
0.0
0.0
0.0
0.0001907
0.0
0.0
0.0
0.0
0.0
9.537e-05
0.0
0.0
