15.5
16.31
13.23
13.92
17.48
19.51
18.16
17.21
18.07
13.26
15.92
17.87
18.12
19.17
10.93
0.7812
0.3929
0.02604
0.02861
1.198
15.99
15.58
13.06
15.67
14.89
14.23
14.5
15.65
14.84
14.58
12.74
13.28
15.41
15.23
9.973
4.083
17.36
18.33
17.77
18.24
10.27
13.18
23.51
23.9
22.66
21.97
24.51
24.44
22.68
13.04
24.68
20.26
17.02
10.69
1.442
28.66
26.07
24.49
24.71
26.46
24.24
22.66
15.33
24.07
17.82
17.7
7.825
22.46
23.02
23.83
22.39
21.39
22.95
24.0
18.82
23.19
17.94
14.4
12.84
13.26
15.31
11.84
12.57
12.94
16.65
10.12
14.5
21.31
21.12
20.21
18.65
18.53
20.19
18.07
16.28
13.28
17.6
16.99
13.53
9.607
14.65
15.06
14.14
12.4
17.5
22.31
22.36
20.24
22.95
23.61
23.29
18.6
24.85
19.46
16.53
13.06
16.89
14.21
17.16
15.23
15.97
14.99
14.28
14.94
13.43
15.19
16.21
14.38
14.26
15.14
15.62
18.26
15.55
6.616
0.2708
23.93
24.24
25.59
24.27
26.22
25.88
23.9
21.14
24.07
17.31
13.18
17.36
16.65
3.381
13.96
26.86
28.32
24.76
25.39
25.78
18.87
22.24
25.88
18.58
4.242
0.362
26.17
23.22
25.93
26.22
26.66
25.78
11.78
19.24
22.9
19.48
10.86
14.01
16.38
18.7
19.46
20.53
11.79
17.04
17.09
6.934
9.631
18.92
20.92
19.46
19.26
2.246
9.863
15.01
14.53
13.23
14.84
14.92
14.48
13.38
7.629
18.16
19.24
19.92
13.92
14.77
14.5
14.58
13.89
11.45
13.77
0.2476
0.1249
0.02861
0.02604
0.02861
7.678
14.62
15.06
13.13
14.11
11.1
14.21
14.89
12.29
10.05
11.91
12.82
10.73
16.97
16.14
16.82
17.99
14.72
15.21
18.07
17.65
17.68
18.97
7.214
7.544
12.13
14.99
15.6
16.72
16.28
18.92
12.7
13.13
13.53
14.77
14.18
19.02
13.79
15.58
15.89
12.89
18.65
18.31
19.6
7.251
0.7523
0.2342
0.03128
8.069
13.21
16.58
11.76
16.41
12.99
15.19
20.04
22.78
19.58
14.23
20.24
16.6
20.8
11.72
13.96
13.35
16.97
19.38
21.78
21.12
14.53
0.9369
0.4845
6.543
14.16
13.65
14.04
13.38
15.01
13.96
18.97
19.58
20.53
18.97
16.99
12.79
14.21
15.04
16.21
14.43
13.4
11.87
15.77
18.75
19.41
20.24
6.75
7.812
14.31
12.65
17.16
17.53
16.97
19.34
13.35
11.36
13.45
22.19
23.71
19.92
14.36
14.5
16.24
18.38
19.29
23.66
9.717
0.7919
0.3361
0.02604
0.02861
7.532
12.27
16.41
15.75
14.94
15.43
14.16
12.07
11.77
14.31
12.92
14.92
15.65
21.07
21.61
12.13
13.6
13.4
4.211
0.1953
0.04692
0.02861
0.02346
0.02861
5.536
15.26
17.21
14.43
15.31
15.01
16.24
12.84
10.8
12.52
16.06
17.58
16.43
18.99
8.35
26.22
26.71
25.05
28.17
29.3
27.49
23.56
24.32
25.2
22.75
25.39
24.63
25.54
26.81
25.44
23.46
27.15
26.17
27.29
26.07
25.93
26.81
24.85
25.63
25.54
9.973
11.77
21.97
25.39
25.54
25.98
26.07
21.7
17.24
17.36
16.89
17.82
13.96
11.45
6.409
27.78
27.78
24.71
25.39
24.22
26.81
27.88
27.39
25.78
28.96
25.2
26.95
27.78
25.83
26.12
24.8
26.12
24.07
20.9
22.44
23.12
25.34
23.0
22.44
22.36
16.55
9.106
21.12
23.61
22.44
21.46
21.34
8.276
24.12
21.17
17.75
21.0
21.92
21.44
6.152
22.97
22.34
22.24
24.17
26.27
24.66
24.83
22.95
24.66
25.29
24.19
24.98
26.22
24.9
24.83
20.31
20.9
21.61
20.56
23.0
23.83
21.97
22.51
22.63
21.04
23.0
21.24
21.78
8.63
11.8
20.43
21.97
21.12
22.41
21.36
20.17
20.07
17.09
15.82
16.24
19.48
18.95
13.7
3.168
24.54
23.8
24.24
21.29
22.46
22.58
23.36
21.12
18.55
16.82
15.43
14.92
14.94
15.53
14.43
20.46
25.15
25.44
24.56
24.54
24.71
25.73
24.37
22.85
20.46
20.87
21.97
24.07
24.32
25.63
10.85
4.456
11.82
24.73
27.0
25.1
24.32
17.65
20.58
21.04
18.21
17.38
19.31
18.65
11.39
6.122
25.59
23.34
23.58
24.51
25.44
25.73
25.63
25.88
26.51
27.05
24.63
23.93
24.46
22.8
23.95
25.05
26.12
25.73
25.29
26.56
24.54
24.32
23.39
24.39
23.75
19.12
7.751
8.057
11.5
22.12
25.15
23.27
26.37
26.07
24.49
19.19
17.43
19.07
17.68
14.18
3.241
17.02
21.66
25.49
17.31
19.53
20.41
15.58
19.24
18.68
18.04
15.11
19.17
15.36
14.89
17.7
13.82
15.33
15.8
17.24
19.7
14.11
14.79
17.77
16.7
18.48
13.92
15.6
16.33
17.85
17.21
9.802
25.39
22.46
22.56
24.41
24.85
25.59
22.97
22.8
17.16
14.58
14.6
14.6
14.62
14.89
14.89
14.79
14.82
14.75
14.82
15.26
14.7
14.72
14.75
14.87
14.82
14.79
14.92
14.65
14.75
14.87
14.92
15.16
15.16
15.16
14.82
14.92
15.84
15.87
11.76
11.79
15.7
26.61
24.73
24.83
21.75
20.7
17.14
14.55
19.02
20.8
23.34
14.62
3.131
3.68
27.59
23.36
22.85
24.49
25.0
25.73
25.24
23.12
21.56
24.02
26.81
25.1
22.63
21.97
22.29
25.49
27.78
27.1
23.75
24.0
25.15
22.88
18.48
20.43
21.48
22.8
20.46
4.468
15.77
22.88
23.85
20.31
17.8
17.87
16.36
17.53
17.33
17.94
14.97
14.18
14.67
14.58
11.96
10.27
16.36
12.99
16.7
18.09
23.58
27.73
14.92
22.07
23.78
22.41
16.14
18.92
23.88
19.19
20.68
21.58
23.44
13.77
20.78
17.99
17.48
19.78
20.61
19.36
19.63
9.473
18.19
25.73
24.71
26.66
27.05
28.56
23.56
22.78
24.29
27.29
27.69
27.93
27.88
26.71
25.29
27.44
27.98
28.91
27.54
28.22
28.03
22.51
21.83
24.61
26.17
8.789
11.43
21.88
22.51
21.39
24.05
21.22
19.65
19.29
15.53
13.62
15.7
15.01
17.11
16.8
5.273
12.67
17.58
14.31
19.31
17.09
13.28
13.89
15.87
17.07
18.63
19.68
13.01
14.06
15.31
15.77
16.06
16.99
17.63
13.57
16.16
14.94
15.48
15.84
15.92
15.58
16.43
14.18
15.5
14.33
14.04
17.16
19.48
16.36
16.8
5.835
0.6927
0.198
0.02604
0.02604
0.02604
0.02604
0.02604
0.02604
0.03128
0.02079
0.03128
0.02604
0.02604
19.56
16.67
17.75
18.33
18.19
16.24
16.02
19.14
18.51
16.87
17.53
