0.02069
0.02241
0.02127
0.01888
0.01698
0.03586
0.01917
0.02327
0.02251
0.02317
0.01888
0.02527
0.01841
0.02089
0.01869
0.02384
0.01907
0.02089
0.01678
0.0007629
0.02031
0.001431
0.01984
0.0185
0.01793
0.003719
0.01974
0.0004768
0.0185
0.01879
0.02251
0.01717
0.01898
0.02031
0.01917
0.01783
0.01535
0.02594
0.04272
0.02384
0.02022
0.0145
0.2499
0.02213
0.02203
0.0288
0.01898
0.01965
0.01469
0.01802
0.01993
0.01593
0.01888
0.01993
0.01316
0.02069
0.01841
0.0
0.02012
0.05932
0.02022
0.02661
0.01793
0.02213
0.02689
0.02041
0.01831
0.01869
0.02165
0.0268
0.02584
0.01717
0.01621
0.01364
0.01173
0.01965
0.01297
0.01659
0.01545
0.01478
0.02327
0.01507
0.01707
0.01278
0.05589
0.05102
0.01793
0.01574
0.01802
0.01125
0.01383
0.01554
0.02165
0.0205
0.01822
0.02193
0.0145
0.01583
0.003815
0.0144
0.0145
0.01421
0.01583
0.01402
0.01678
0.01297
0.01755
0.01516
0.02279
0.01593
0.0
0.01554
0.007725
0.01535
0.04749
0.01364
0.01602
0.01402
0.01554
0.01469
0.01774
0.01621
0.02451
0.01602
0.01688
0.0165
0.0144
0.0124
0.01316
0.01411
0.01469
0.02108
0.01202
0.01593
0.0185
0.01135
0.02546
0.01841
0.01707
0.01593
0.0
0.01411
0.02069
0.01469
0.01631
0.01497
0.01631
0.01583
0.01831
0.01364
0.01316
0.01602
0.01974
0.01392
0.01793
0.01965
0.01717
0.01583
0.0
0.01717
0.01545
0.01307
0.02184
0.01621
0.01955
0.0186
0.02003
0.01993
0.01984
0.01459
0.01879
0.007534
0.02155
0.01888
0.01411
0.01917
0.01574
0.01593
0.04072
0.04835
0.03633
0.03738
0.07057
0.02947
0.03862
0.09508
0.03939
0.0433
0.04578
0.04129
0.03929
0.04635
0.04749
0.07982
0.0494
0.04759
0.04263
0.04473
0.04539
0.05512
0.06828
0.04787
0.04311
0.0433
0.04902
0.04721
0.04883
0.03729
0.04206
0.04072
0.04988
0.03958
0.04425
0.04711
0.05379
0.04301
0.04778
0.04969
0.0473
0.04377
0.07162
0.07763
0.04654
0.03824
0.03939
0.05236
0.0742
0.0391
0.04339
0.04482
0.03767
0.04969
0.04282
0.04063
0.04454
0.04597
0.04768
0.04845
0.0411
0.04721
0.04559
0.04644
0.0452
0.03862
0.05169
0.04253
0.04644
0.04654
0.03853
0.04654
0.04168
0.03538
0.03099
0.04263
0.04101
0.03948
0.04654
0.04406
0.04091
0.03538
0.03786
0.04148
0.04282
0.03309
0.03786
0.04416
0.03195
0.04921
0.04482
0.04416
0.0473
0.0453
0.04444
0.04396
0.1026
0.04921
0.04215
0.03538
0.03147
0.0412
0.03071
0.03223
0.03653
0.03614
0.03595
0.04311
0.0412
0.03853
0.04005
0.03347
0.04082
0.09508
0.04053
0.03958
0.03662
0.03624
0.03481
0.03719
0.03452
0.04168
0.04597
0.0392
0.04463
0.04187
0.04845
0.04158
0.03986
0.03538
0.03176
0.03805
0.03481
0.02737
0.03738
0.04339
0.03633
0.03872
0.02832
0.03948
0.03681
0.03471
0.03672
0.03109
0.04168
0.03557
0.04187
0.04187
0.03653
0.03252
0.0309
0.03138
0.03757
0.03862
0.02756
0.03729
0.03328
0.03738
0.0349
0.03204
0.03071
0.02718
0.02575
0.02165
0.02317
0.02975
0.03233
0.04158
0.02766
0.02899
0.05188
0.02928
0.02317
0.02651
0.03719
0.03395
0.03052
0.03614
0.03633
0.03519
0.02747
0.02823
0.03538
0.04225
0.02899
0.02556
0.0227
0.02594
0.02356
0.02384
0.03309
0.02623
0.02451
0.02766
0.02737
0.02346
0.02947
0.02613
0.0391
0.02756
0.03109
0.03405
0.02813
0.02985
0.02937
0.03157
0.03424
0.03023
0.03176
0.0289
0.02356
0.0246
0.01917
0.02203
0.01879
0.0186
0.02146
0.0164
0.01554
0.0164
0.02317
0.02279
0.01831
0.02346
0.01593
0.01297
0.01602
0.01488
0.01602
0.01717
0.01688
0.01621
0.01669
0.01936
0.01459
0.01488
0.02308
0.01945
0.02394
0.02193
0.1238
0.02708
0.02069
0.02079
0.01965
0.01574
0.02651
0.02136
0.0226
0.0309
0.02127
0.01841
0.01831
0.0227
0.02604
0.03128
0.02365
0.01879
0.0186
0.02108
0.0247
0.01869
0.02499
0.02012
0.01802
0.02184
0.01659
0.01535
0.02155
0.01764
0.01965
0.01812
0.01955
0.01507
0.0165
0.0145
0.01631
0.01478
0.009632
0.01259
0.02155
0.01383
0.01259
0.0144
0.01736
0.01526
0.01717
0.01678
0.01793
0.0145
0.007153
0.0309
0.01392
0.01402
0.01402
0.0164
0.01698
0.0226
0.03223
0.03986
0.0309
0.03614
0.03309
0.04644
0.03633
0.04177
0.03805
0.03672
0.04539
0.03204
0.03223
0.02928
0.02794
0.02317
0.02651
0.02728
0.02966
0.02747
0.02794
0.02165
0.0185
0.01764
0.01764
0.02413
0.02165
0.02937
0.03042
0.03958
0.03119
0.03691
0.037
0.03443
0.07296
0.04272
0.037
0.04129
0.04158
0.0452
0.03815
0.03386
0.0391
0.03777
0.04702
0.03757
0.04301
0.03643
0.03395
0.03357
0.03529
0.03958
0.03948
0.04301
0.033
0.04425
0.03271
0.03891
0.0371
0.03614
0.04673
0.05016
0.03796
0.04463
0.03729
0.0349
0.03281
0.04063
0.0412
0.04215
0.03881
0.03719
0.04225
0.03595
0.04034
0.04177
0.03786
0.04025
0.03557
0.03452
0.02813
0.03805
0.03586
0.02918
0.035
0.0412
0.03109
0.0371
0.03366
0.0453
0.03805
0.03595
0.0309
0.03319
0.03166
0.04187
0.04225
0.03986
0.03347
0.04158
0.03834
0.03834
0.0309
0.02823
0.03519
0.03662
0.0329
0.0349
0.03805
0.03738
0.03538
0.03643
0.05407
0.1091
0.03147
0.03805
0.04005
0.03843
0.03805
0.04053
0.03967
0.03643
0.03748
0.0453
0.03538
0.03586
0.02947
0.03719
0.04902
0.03748
0.04072
0.03843
0.04091
0.04568
0.04368
0.04148
0.04425
0.0412
0.0412
0.0392
0.03099
0.03595
0.03757
0.03309
0.02689
0.03109
0.03166
0.035
0.03662
0.03204
0.02995
0.03815
0.03958
0.02623
0.02909
0.01984
0.02184
0.03252
0.03605
0.03967
0.03204
0.0351
0.02928
0.03061
0.0309
0.03347
0.02508
0.0268
0.02756
0.02422
0.02918
0.02823
0.02251
0.02813
0.02575
0.0351
0.03529
0.02222
0.02632
0.02947
0.02947
0.01583
0.01402
0.01364
0.01907
0.02422
0.0165
0.01154
0.01745
0.02069
0.0165
0.01335
0.01469
0.01297
0.02441
0.01602
0.01297
0.01574
0.03729
0.01564
0.01583
0.01564
0.01364
0.0185
0.0165
0.01316
0.01326
0.01087
0.01602
0.01221
0.01621
0.01554
0.01545
0.01154
0.0144
0.01278
0.01163
0.01602
0.01621
0.01116
0.01421
0.01755
0.01764
0.02213
0.02003
0.01469
0.02193
0.01745
0.02089
0.02193
0.01869
0.01516
0.01698
0.01535
0.01507
0.02031
0.02146
0.02079
0.01774
0.02127
0.01526
0.02069
0.02203
0.01707
0.02003
0.01717
0.01945
0.01612
0.01841
0.01726
0.01898
0.02127
0.01955
0.01783
0.02155
0.01831
0.01726
0.07095
0.02003
0.02213
0.08135
0.02337
0.02031
0.02422
0.01459
0.01459
0.01583
0.01612
0.02174
0.01936
0.01898
0.01669
0.01364
0.01583
0.01392
0.0145
0.01564
0.03147
0.03443
0.02537
0.01297
0.01297
0.01793
0.01497
0.01688
0.01898
0.01678
0.06542
0.03424
0.008297
0.01707
0.01879
0.02565
0.02136
0.01717
0.01869
0.01955
0.01411
0.01621
0.02232
0.02193
0.0186
0.01993
0.01707
0.01831
0.01526
0.02632
0.02174
0.0186
0.02251
0.01116
0.01793
0.01907
0.0205
0.01984
0.01974
0.01926
0.01869
0.01755
0.02079
0.02174
0.01802
0.01669
0.02108
0.01907
0.02069
0.01831
0.01831
0.02203
0.01621
0.0144
0.02203
0.01831
0.02146
0.02594
0.0205
0.02203
0.01717
0.02623
0.02699
0.02766
0.02537
0.02346
0.02222
0.02394
0.02279
0.02384
0.0268
0.01841
0.0145
0.01783
0.01717
0.01812
0.02251
0.02861
0.02775
0.02317
0.01965
0.02823
0.03452
0.02413
0.02365
0.02108
0.02222
0.0164
0.01984
0.02241
0.01526
0.02251
0.01917
0.02432
0.01974
0.02298
0.01688
0.02174
0.02031
0.0205
0.01001
0.02327
0.02537
0.02155
0.01984
0.02327
0.02213
0.02422
0.01631
0.02804
0.02079
0.02184
0.01764
0.01678
0.02165
0.01812
0.01907
0.01869
0.01965
0.02251
0.01802
0.01831
0.02127
0.0165
0.01745
0.01993
0.02089
0.01764
0.01783
0.0226
0.01698
0.0248
0.01936
