15.94
29.25
19.78
30.03
18.92
18.43
31.2
33.01
20.41
8.63
16.36
27.34
19.85
29.74
20.21
12.19
22.85
21.07
16.55
31.45
12.27
7.117
8.411
8.411
9.668
8.362
9.119
9.998
8.447
9.778
8.496
8.411
8.838
26.07
22.85
29.54
14.5
3.882
22.8
32.03
32.03
15.67
1.562
0.02604
0.02804
0.02537
0.0267
0.02604
0.02604
0.02604
0.02804
0.02537
0.0267
0.0247
0.02537
0.02537
0.02604
0.02537
0.02537
0.0247
0.02537
0.0247
0.02928
0.02537
0.02604
0.0247
0.02604
0.0267
0.02737
0.02537
0.0267
0.0247
0.0267
0.02537
0.0267
0.02604
0.02861
0.02604
0.02804
0.02604
0.0267
0.02604
0.02804
0.02861
0.0267
0.02804
0.0267
0.02413
0.0267
0.02537
0.03061
0.02995
0.0267
0.02804
0.02804
0.02604
0.02861
0.02604
0.02537
0.02413
0.02928
0.0247
0.02737
0.02737
0.0267
0.02413
0.02928
0.02604
0.03061
0.02537
0.02804
0.0267
0.02737
0.02737
0.02737
0.0267
0.0267
0.02604
0.02737
0.02861
0.02737
0.02861
0.03576
0.03319
0.02804
0.0247
0.02804
0.02995
0.02804
0.03319
0.03061
0.03319
0.03195
0.02928
0.02995
0.02737
0.02737
0.02861
0.02737
0.0267
0.02861
0.02928
0.02995
0.03128
0.02861
0.02604
0.02804
0.02604
0.0267
0.02737
0.03061
0.02928
0.02737
0.02737
0.02804
0.02804
0.02861
0.0267
0.02928
0.0267
0.02737
0.03195
0.02928
0.0247
0.02737
0.02537
0.02861
0.02804
0.02928
0.02928
0.02737
0.02861
0.02995
0.0247
0.02861
0.02861
1.366
7.19
13.67
14.55
13.4
9.924
6.628
34.38
23.93
4.883
14.01
11.95
15.38
14.87
10.64
32.23
24.07
5.542
26.27
9.07
15.58
17.36
16.6
29.39
23.0
4.285
25.73
9.802
10.24
11.8
21.68
31.45
32.91
23.46
18.68
16.19
20.65
14.75
9.875
6.592
0.0
5.737
5.255
6.946
7.312
16.75
24.88
8.63
11.74
18.21
15.04
5.383
0.6065
26.86
24.61
4.565
10.63
8.35
0.0
13.5
12.96
18.38
18.31
15.72
29.15
10.57
4.889
6.75
6.897
4.156
8.325
19.97
23.54
19.14
25.98
20.39
9.595
25.49
10.75
29.69
24.0
3.894
7.495
9.094
9.229
8.435
8.789
8.728
9.485
8.215
9.241
9.387
19.04
23.68
28.32
12.79
2.942
10.05
11.88
12.17
10.67
10.31
8.179
10.8
30.76
11.28
20.04
31.88
29.69
11.49
33.84
29.64
29.44
10.33
11.91
24.44
27.78
23.29
24.8
1.797
14.06
24.61
16.65
25.59
10.06
20.19
19.19
19.41
21.73
22.39
30.62
24.73
5.322
9.57
26.07
23.22
11.33
19.38
29.15
26.86
35.21
16.77
7.861
8.423
9.399
8.362
9.485
8.411
8.252
9.937
8.533
9.167
8.679
10.83
27.1
28.47
24.68
8.423
3.162
14.4
14.92
25.24
17.63
4.077
21.61
25.49
26.81
24.83
4.163
34.03
32.13
27.2
6.921
20.26
14.04
16.97
29.39
32.23
28.42
24.9
3.986
20.34
25.29
21.68
29.88
8.752
11.78
26.12
32.91
30.66
28.08
8.423
15.33
22.05
25.15
18.14
21.34
17.16
16.33
15.38
19.68
18.99
17.48
19.73
29.79
34.57
19.19
4.633
24.9
31.2
31.15
31.69
16.09
7.898
26.76
8.289
7.849
7.849
7.703
8.704
9.277
7.812
7.849
7.642
9.119
7.764
8.313
8.069
25.0
27.93
26.37
12.72
3.43
15.26
17.65
22.02
24.68
32.81
21.17
2.261
22.27
22.61
26.37
31.54
32.81
25.44
12.19
19.09
18.24
14.97
29.39
18.6
6.75
14.31
19.38
23.88
26.9
18.36
28.81
7.715
19.09
25.2
25.49
25.24
29.93
33.4
31.93
15.36
10.41
25.98
19.7
24.83
27.39
20.48
30.52
35.11
32.67
19.78
7.629
30.57
27.29
16.24
8.789
16.46
14.48
16.31
16.7
2.692
32.52
24.34
4.828
18.73
21.02
14.31
18.43
24.27
32.91
30.03
12.79
24.32
30.57
32.96
30.47
12.13
37.6
28.86
26.61
8.704
13.79
24.93
23.97
31.15
29.39
7.471
17.09
16.53
6.763
24.51
20.46
30.08
34.18
17.6
21.19
14.11
21.02
14.48
19.17
29.0
27.54
26.46
26.56
19.8
29.39
30.18
23.93
4.254
18.63
16.33
16.55
20.58
23.71
20.65
20.92
19.63
12.08
24.61
25.73
9.9
20.68
29.3
18.92
13.43
26.66
29.54
12.52
20.97
25.59
31.93
22.83
2.444
4.462
23.9
26.66
16.21
16.75
22.9
14.77
12.26
13.75
28.37
34.23
33.4
14.28
22.14
29.93
34.57
31.4
13.11
19.58
19.09
37.35
33.15
26.22
6.042
31.64
35.4
28.76
8.533
25.0
34.03
32.08
14.62
12.24
21.22
13.62
14.11
14.7
18.26
15.94
27.83
34.57
30.76
10.07
20.19
33.64
30.66
11.99
22.73
15.65
21.39
14.18
19.92
24.46
33.01
35.25
19.65
6.25
7.8
7.837
7.69
9.216
7.91
7.739
9.18
7.788
7.666
9.229
7.812
7.703
9.631
23.95
24.1
24.85
14.97
4.34
14.77
32.28
34.38
20.24
7.043
26.86
24.27
29.0
27.64
21.48
9.802
11.71
23.12
10.19
13.13
13.26
17.97
16.92
23.56
17.43
31.05
21.85
4.956
22.56
21.53
20.53
26.42
13.38
12.74
31.79
16.99
19.51
17.09
8.777
31.01
33.3
23.34
16.06
17.33
19.56
30.76
30.66
13.89
18.36
24.19
24.41
21.73
30.27
19.29
5.78
24.93
28.52
31.4
30.71
13.99
2.872
22.44
26.61
16.85
19.65
14.77
11.39
16.77
20.26
16.65
26.27
20.63
5.908
21.78
11.3
12.6
13.31
12.0
19.56
24.49
9.973
19.51
30.71
35.25
32.47
18.92
1.807
16.46
17.29
21.22
14.48
22.88
31.4
24.51
12.15
21.73
6.763
25.49
13.16
34.86
29.54
24.51
4.077
7.031
24.05
20.61
21.56
29.2
8.484
4.956
9.497
11.91
10.16
4.712
19.29
25.1
12.84
26.66
5.774
19.14
25.63
27.49
24.78
6.03
21.36
13.92
20.07
31.49
18.16
15.87
24.54
25.24
7.019
33.11
29.93
29.2
11.57
25.29
24.44
29.0
30.42
18.99
2.35
0.1184
0.02604
0.02537
2.518
13.38
10.55
14.79
15.8
9.521
1.801
0.05074
0.1837
8.081
30.22
13.96
13.72
25.59
37.26
30.03
29.0
9.741
11.27
26.07
27.98
31.59
30.47
17.29
1.981
21.29
13.79
25.68
32.13
30.47
13.35
25.24
21.63
29.64
29.25
13.82
14.77
25.34
25.44
14.4
22.73
10.51
26.07
23.61
13.92
31.93
31.49
30.18
12.67
8.215
24.34
11.35
27.0
19.63
30.08
34.52
34.13
20.51
2.173
15.53
24.41
37.11
24.88
26.17
15.01
9.07
25.44
26.71
20.34
9.094
26.76
16.58
0.02737
6.006
2.084
0.1848
0.02737
0.0247
0.02604
0.0247
13.23
14.21
33.94
33.98
