5.829
5.829
5.829
5.829
5.829
5.829
5.829
5.829
5.829
5.829
5.829
5.829
5.829
5.829
5.829
5.829
5.829
5.829
5.829
5.829
5.829
5.829
5.829
5.829
5.829
5.829
5.829
5.829
5.829
5.829
5.829
5.829
5.829
6.689
12.52
16.38
17.24
17.7
18.09
17.16
14.62
14.55
13.28
7.007
7.959
10.6
15.94
17.04
17.63
17.99
15.33
14.62
14.26
9.68
14.87
16.58
17.33
17.82
17.29
14.79
13.99
10.44
12.23
16.11
17.14
17.65
18.04
15.97
14.4
13.53
9.705
8.105
16.65
20.58
18.04
12.6
15.09
16.72
17.38
17.94
16.67
14.72
13.5
10.3
9.021
8.276
12.29
20.48
19.82
13.75
14.92
16.5
17.31
17.75
17.36
14.7
13.79
10.36
8.398
13.79
16.48
17.31
17.77
16.43
14.36
12.7
9.033
8.704
8.911
8.691
10.9
15.92
16.99
17.5
17.94
16.09
13.87
11.18
9.058
9.302
9.106
9.668
8.777
14.72
16.5
17.31
17.8
17.11
14.45
13.7
12.52
8.606
8.777
9.155
10.18
15.65
16.82
17.55
18.04
17.58
14.82
13.65
10.97
9.375
14.97
20.61
16.04
9.961
9.167
11.44
16.28
17.26
17.77
18.07
14.79
14.21
12.55
8.936
10.08
19.26
19.97
14.36
14.33
16.6
17.33
17.77
18.14
15.28
15.36
15.06
11.51
13.09
20.63
19.38
11.61
6.219
5.872
5.829
5.829
5.829
5.829
5.829
5.829
5.829
5.829
5.829
5.829
5.829
5.829
5.829
5.829
5.829
5.829
5.829
5.829
5.829
5.829
5.829
5.829
5.829
5.829
5.829
5.829
5.829
5.829
5.829
5.829
5.829
5.829
5.829
5.829
5.829
5.829
5.829
5.829
5.829
5.829
5.829
5.829
5.829
5.829
5.829
5.829
5.829
5.829
5.829
5.829
5.829
5.829
5.829
5.829
5.829
5.829
5.829
5.829
5.829
5.829
5.829
5.829
5.829
5.829
5.829
5.829
5.829
5.829
5.829
5.829
5.829
5.829
5.829
5.829
5.829
5.829
5.829
5.829
5.829
5.829
5.829
5.829
5.829
5.829
5.829
5.829
5.829
5.829
5.829
5.829
5.829
5.829
5.829
5.829
5.829
5.829
5.829
5.829
5.829
5.829
5.829
5.829
5.829
5.829
5.829
5.829
5.829
5.829
5.829
5.829
5.829
5.829
5.829
5.829
5.829
5.829
5.829
5.829
5.829
5.829
5.829
5.829
5.829
5.829
5.829
5.829
5.829
5.829
5.829
5.829
5.829
5.829
5.829
5.829
5.829
5.829
5.829
5.829
5.829
5.829
5.829
5.829
5.829
5.829
5.829
5.829
5.829
5.829
5.829
5.829
5.829
5.829
5.829
5.829
5.829
5.829
5.829
5.829
5.829
5.829
5.829
5.829
5.829
5.829
5.829
5.829
5.829
5.829
5.829
5.829
5.829
5.829
5.829
5.829
5.829
5.829
5.829
5.829
5.829
5.829
5.829
5.829
5.829
5.829
5.829
5.829
5.829
7.959
13.48
16.53
17.46
17.99
18.41
18.75
18.85
18.99
19.09
19.17
19.29
19.36
19.48
19.56
19.56
19.73
19.73
19.9
20.21
20.31
19.41
17.11
18.31
20.14
20.85
20.34
19.87
19.9
19.65
19.24
17.99
9.546
14.62
16.92
17.7
18.12
18.51
18.75
18.92
19.14
19.17
19.34
19.34
19.48
19.56
19.73
19.73
19.82
20.0
20.14
20.26
19.95
17.43
18.97
20.85
20.85
20.85
20.87
20.0
19.07
18.97
17.19
9.875
15.89
17.04
17.8
18.19
18.63
18.85
18.97
19.12
19.17
19.34
19.48
19.56
19.73
19.73
19.87
20.0
20.12
20.24
20.07
17.48
18.58
20.7
20.85
20.85
20.85
20.85
20.21
19.75
19.36
12.67
14.4
16.6
17.33
17.87
18.07
18.53
18.9
19.02
19.12
19.21
19.31
19.46
19.53
19.7
19.7
19.7
19.82
19.92
20.09
20.29
20.26
17.29
17.26
19.29
20.83
20.85
20.85
20.85
20.61
20.51
20.39
19.75
17.97
9.302
15.14
16.99
17.72
18.07
18.46
18.75
18.87
18.97
19.04
19.14
19.21
19.38
19.6
19.73
19.73
19.73
19.9
20.09
20.19
20.17
16.7
16.97
18.36
20.39
20.85
20.85
20.85
20.87
20.9
20.14
18.65
16.85
10.18
16.11
17.21
17.77
18.09
18.58
18.82
19.02
19.14
19.14
19.14
19.34
19.48
19.53
19.65
19.73
19.85
20.02
20.14
20.31
20.24
17.24
17.24
19.63
20.83
20.85
20.85
20.87
20.34
19.43
19.36
17.31
9.009
11.07
16.09
16.7
13.43
13.09
11.21
15.55
16.85
15.6
13.13
12.35
10.86
16.14
16.21
13.06
10.79
12.11
16.24
16.82
14.14
12.96
12.65
9.363
12.13
15.53
16.41
16.82
15.67
12.67
12.84
11.93
9.607
14.77
16.16
16.72
16.53
12.96
12.79
11.99
11.98
18.24
19.53
19.56
17.26
12.39
18.26
19.63
19.56
17.65
11.46
11.27
15.7
16.65
17.16
17.63
17.9
18.09
18.16
18.48
18.7
18.77
18.85
18.97
18.97
18.97
19.04
19.17
19.17
19.21
19.36
19.34
19.41
19.53
19.53
19.73
19.73
19.78
19.92
20.09
20.12
20.12
20.21
18.97
16.11
17.41
18.75
20.63
20.65
20.65
20.65
20.65
20.58
20.39
19.34
19.17
19.14
16.87
9.741
15.33
16.48
17.07
17.55
17.85
18.02
18.19
18.51
18.7
18.77
18.9
18.95
19.14
19.14
19.14
19.14
19.24
19.36
19.36
19.36
19.53
19.56
19.7
19.73
19.73
19.73
19.73
19.73
19.73
19.92
19.95
20.12
20.12
20.12
20.12
20.26
20.29
17.24
16.87
18.6
19.53
19.73
20.29
20.26
20.09
20.09
19.95
19.92
19.6
18.58
17.94
17.82
17.82
17.63
16.72
9.131
14.48
16.48
17.29
17.8
18.04
18.43
18.7
18.8
18.99
19.14
19.19
19.34
19.34
19.34
19.41
19.53
19.6
19.73
19.73
19.73
19.85
19.92
20.09
20.19
20.31
20.31
19.48
16.48
16.89
18.09
19.46
19.68
19.9
19.82
19.51
19.51
19.53
19.21
18.97
18.65
17.36
16.77
15.92
13.43
9.631
9.192
9.033
9.912
8.911
13.92
19.7
20.31
20.09
17.72
11.02
17.24
20.53
20.56
18.99
17.7
14.01
9.106
8.96
9.094
9.119
9.106
9.18
9.131
9.167
9.058
9.351
9.277
6.689
6.024
6.024
6.024
6.024
6.024
6.024
6.024
7.703
9.033
8.643
9.18
12.45
19.8
20.85
20.04
12.1
6.396
6.024
6.024
6.024
6.024
6.024
6.024
6.024
6.024
6.024
6.024
6.024
6.024
6.024
6.024
6.024
6.024
6.024
6.024
6.024
6.024
6.024
6.024
6.024
6.024
6.024
6.024
6.024
6.024
6.024
6.024
6.024
6.024
6.024
6.024
6.024
