0.1905
0.1907
0.1905
0.1898
0.1904
0.1907
0.1904
0.1907
0.1907
0.1905
0.1905
0.1904
0.1904
0.1902
0.19
0.19
0.1907
0.1911
0.19
0.1902
0.19
0.1902
0.1904
0.1902
0.1902
0.19
0.1909
0.193
0.1913
0.1902
0.1902
0.19
0.1907
0.1907
0.1904
0.19
0.1905
0.1904
0.1902
0.1904
0.1902
0.1904
0.1905
0.1902
0.1904
0.1905
0.1902
0.1904
0.1909
0.1907
0.1909
0.1909
0.1909
0.1907
0.1905
0.1904
0.19
0.1904
0.1902
0.1902
0.1904
0.1905
0.19
0.1905
0.1902
0.1905
0.1905
0.1911
0.0
0.0
0.0
0.1934
0.1923
0.1862
0.1863
0.1862
0.1875
0.1863
0.1867
0.1865
0.1883
0.0
0.0
