0.01802
0.02527
0.01698
0.02365
0.02432
0.02327
0.02232
0.02394
0.02337
0.01802
0.02623
0.01707
0.02089
0.01659
0.01688
0.01926
0.01659
0.01583
0.01717
0.01917
0.02346
0.02861
0.02384
0.01106
0.02174
0.02155
0.01974
0.01955
0.01926
0.02489
0.02689
0.02422
0.02499
0.0247
0.01783
0.05589
0.02842
0.02813
0.03433
0.01898
0.01574
0.01831
0.02146
0.02108
0.02022
0.01688
0.01507
0.0206
0.01154
0.01717
0.01545
0.01993
0.01593
0.01574
0.01945
0.02346
0.02203
0.01383
0.02031
0.02241
0.02327
0.01822
0.02098
0.02184
0.02308
0.01678
0.02146
0.02327
0.02298
0.02098
0.01602
0.01564
0.02203
0.02127
0.02251
0.02499
0.02785
0.01764
0.01793
0.02403
0.02098
0.01736
0.02575
0.02556
0.01898
0.02117
0.01554
0.02222
0.02661
0.02766
0.02403
0.02613
0.01926
0.02403
0.02384
0.02518
0.02279
0.02775
0.02556
0.02422
0.02985
0.03099
0.03138
0.03891
0.03738
0.02737
0.03338
0.02384
0.02155
0.02851
0.0248
0.0248
0.0288
0.02594
0.02689
0.02613
0.02871
0.05293
0.02604
0.02546
0.02422
0.02251
0.02127
0.01793
0.02213
0.01907
0.02661
0.02584
0.01612
0.01755
0.01488
0.01621
0.0164
0.02708
0.02165
0.02756
0.01831
0.0186
0.01554
0.01583
0.01402
0.01411
0.01488
0.01812
0.009346
0.01431
0.01926
0.02537
0.02327
0.02584
0.02356
0.01612
0.01602
0.01698
0.01259
0.01154
0.0185
0.01707
0.01822
0.01698
0.01345
0.01249
0.02365
0.01621
0.01364
0.01707
0.01221
0.0144
0.02012
0.01974
0.02575
0.01421
0.02079
0.02174
0.0246
0.0185
0.03281
0.02604
0.0145
0.02651
0.02069
0.02937
0.02232
0.02346
0.0248
0.01698
0.02136
0.02785
0.02537
0.04034
0.033
0.02861
0.06056
0.02155
0.02289
0.02546
0.02518
0.01879
0.02327
0.02565
0.02546
0.01707
0.01736
0.01564
0.01783
0.02346
0.02489
0.02165
0.01812
0.02747
0.02785
0.03548
0.02966
0.03548
0.03481
0.02918
0.02279
0.03805
0.0391
0.03529
0.03214
0.0351
0.06161
0.01907
0.02108
0.01602
0.01764
0.01354
0.01154
0.02298
0.01879
0.01831
0.01183
0.01459
0.01221
0.01564
0.01459
0.01059
0.009441
0.0124
0.01307
0.0205
0.0144
0.0123
0.01545
0.01974
0.01774
0.02184
0.02174
0.01707
0.01516
0.0226
0.03052
0.04101
0.03424
0.02441
0.03023
0.02918
0.01869
0.02012
0.01907
0.01974
0.02604
0.02155
0.01926
0.02041
0.02613
0.01936
0.02165
0.01612
0.01745
0.02689
0.02527
0.02289
0.01326
0.01688
0.01211
0.01125
0.01431
0.01335
0.01526
0.01593
0.01764
0.01793
0.01392
0.0144
0.01659
0.01688
0.01593
0.02298
0.02365
0.02508
0.02203
0.02127
0.02699
0.02251
0.02537
0.02289
0.02098
0.02108
0.01106
0.02041
0.02356
0.01717
0.0246
0.1225
0.0186
0.02069
0.01974
0.03815
0.02098
0.02193
0.0267
0.03605
0.03891
0.0453
0.04053
0.04807
0.03958
0.04292
0.03824
0.03843
0.03576
0.06208
0.02146
0.0289
0.03433
0.02766
0.0309
0.03052
0.02241
0.02174
0.02003
0.01965
0.01879
0.01898
0.01478
0.02174
0.02766
0.01965
0.02384
0.02193
0.02966
0.03014
0.02451
0.0246
0.02432
0.0246
0.01917
0.02184
0.01926
0.01602
0.01793
0.01545
0.02098
0.02232
0.02642
0.02508
0.01411
0.01554
0.01802
0.02556
0.0248
0.01974
0.01793
0.01287
0.01221
0.01602
0.01907
0.01669
0.01268
0.01631
0.01593
0.02565
0.02575
0.04597
0.06685
0.02251
0.02804
0.03271
0.02756
0.03061
0.02966
0.05388
0.02079
0.04673
0.04568
0.05465
0.02871
0.03204
0.03233
0.03071
0.03719
0.03281
0.03319
0.03548
0.0206
0.02375
0.03662
0.02956
0.02022
0.02995
0.03376
0.04282
0.05503
0.05245
0.03719
0.03414
0.02518
0.02785
0.03147
0.03271
0.02575
0.02785
0.02317
0.01411
0.02193
0.02356
0.02079
0.01717
0.01907
0.01745
0.01955
0.02432
0.02098
0.02232
0.0246
0.02127
0.02012
0.02232
0.02213
0.01392
0.01192
0.008965
0.0164
0.01297
0.01678
0.02289
0.02155
0.0247
0.01869
0.02022
0.01602
0.01755
0.01392
0.02584
0.02003
0.01993
0.01936
0.0164
0.01869
0.01793
0.01945
0.009823
0.01278
0.01287
0.01278
0.02184
0.01755
0.01411
0.01698
0.01822
0.02766
0.02279
0.02594
0.02346
0.02813
0.02823
0.0289
0.03614
0.0309
0.01764
0.02613
0.02165
0.02813
0.02499
0.03242
0.02184
0.02689
0.02394
0.02289
0.02117
0.03033
0.0206
0.02489
0.02232
0.01926
0.02213
0.02279
0.02003
0.02346
0.02394
0.02184
0.02909
0.02079
0.02689
0.04606
0.03948
0.02642
0.02718
0.03061
0.01926
0.03004
0.03824
0.04244
0.03824
0.03996
0.04892
0.04292
0.04835
0.04063
0.0308
0.02985
0.0226
0.01526
0.01612
0.01564
0.01612
0.01736
0.01497
0.01507
0.01192
0.01802
0.01755
0.01202
0.01249
0.01154
0.01001
0.0104
0.01535
0.01469
0.0124
0.01307
0.01459
0.01612
0.0205
0.01612
0.01583
0.01307
0.02069
0.02842
0.02785
0.02918
0.02432
0.02003
0.01974
0.02041
0.0205
0.02823
0.02337
0.01421
0.02127
0.01383
0.01431
0.02337
0.01621
0.01669
0.01793
0.02031
0.02031
0.01831
0.01869
0.0185
0.01564
0.01278
0.02108
0.02031
0.01841
0.02546
0.01888
0.02298
0.1743
0.01974
0.0226
0.0268
0.02537
0.02413
0.03042
0.04511
0.04377
0.04053
0.03099
0.04673
0.04692
0.04263
0.03519
0.03805
0.0248
0.02403
0.02804
0.02718
0.02155
0.01926
0.01774
0.02108
0.02661
0.03157
0.03099
0.03319
0.01907
0.02136
0.02251
0.02108
0.02155
0.02708
0.01869
0.01917
0.02718
0.02642
0.02728
0.03223
0.04902
0.03061
0.02813
0.02594
0.02012
0.02308
0.01545
0.01774
0.01917
0.01516
0.01564
0.01402
0.01783
0.02089
0.02232
0.01812
0.02079
0.0248
0.02308
0.02174
0.02193
0.01812
0.02174
0.01373
0.0206
0.01802
0.01774
0.02232
0.01431
0.0227
0.01678
0.01783
0.01574
0.02193
0.02518
0.02623
0.02718
0.02279
0.02565
0.01965
0.01974
0.02165
0.01783
0.01879
0.01593
0.02728
0.02966
0.01888
0.0206
0.02851
0.03729
0.03138
0.02279
0.01478
0.03548
0.02613
0.02356
0.03033
0.03214
0.01822
0.0289
0.0268
0.03204
0.03414
0.0308
0.02489
0.03185
0.02441
0.03119
0.03567
0.04206
0.0349
0.03319
0.03119
0.03748
0.05636
0.03223
0.03147
0.0226
0.02108
0.02975
0.0351
0.04368
0.04559
0.03748
0.01965
0.0205
0.02604
0.01993
0.02098
0.01812
0.02079
0.01783
0.01822
0.01926
0.02022
0.01554
0.01602
0.01822
0.01593
0.01678
0.02193
0.01268
0.01497
0.01831
0.01678
0.0164
0.0145
0.01383
0.01068
0.01755
0.02337
0.02708
0.02394
0.01822
0.01945
0.0227
0.0144
0.01822
0.0144
0.02089
0.01755
0.02327
0.0164
0.01221
0.0186
0.01612
0.01783
0.01583
0.01268
0.01507
0.01211
0.008965
0.01059
0.0247
0.01755
0.01802
0.01621
0.01259
0.02108
0.01554
0.02241
0.02642
0.01965
0.02193
0.01822
0.02384
0.02089
0.02489
0.02813
0.02108
0.02308
0.02546
0.0247
0.02756
0.02203
0.02365
0.01802
0.02565
0.02308
0.02337
0.01955
0.0308
0.02356
0.0227
0.02508
0.02375
0.02737
0.02155
0.02155
0.02604
0.02489
0.01488
0.01783
0.02251
0.02928
0.03223
0.03319
0.03071
0.03014
0.02832
0.0227
0.03424
0.03653
0.03672
0.03948
0.03214
0.02041
0.03891
0.02937
0.02098
0.01564
0.01059
0.01154
0.01221
0.01764
0.01068
0.01469
0.01535
0.01831
0.01383
0.01154
0.01421
0.01259
0.01221
0.009537
0.01431
0.01316
0.0164
0.01574
0.01459
0.01974
0.01678
0.01774
0.01478
0.01202
0.01402
0.02413
0.02356
0.02785
0.01717
0.02441
0.01984
0.02337
0.02031
