0.01783
0.02241
0.02108
0.0185
0.01888
0.02136
0.02146
0.02184
0.01984
0.02241
0.02222
0.01926
0.01783
0.01936
0.02184
0.01936
0.02174
0.01783
0.01774
0.01822
0.02136
0.01879
0.01783
0.02661
0.02193
0.01774
0.01678
0.01993
0.01965
0.01802
0.01755
0.01783
0.01745
0.01955
0.01984
0.01631
0.01678
0.01469
0.0164
0.02165
0.0164
0.02098
0.02089
0.01888
0.01802
0.01497
0.02069
0.0226
0.02279
0.01698
0.02413
0.0205
0.0268
0.02394
0.02394
0.02136
0.01688
0.01774
0.02098
0.01764
0.08411
0.01698
0.01879
0.01755
0.01593
0.01621
0.01869
0.01869
0.01898
0.02155
0.01898
0.02451
0.02022
0.01955
0.01984
0.0186
0.0247
0.02089
0.01945
0.01783
0.01974
0.01793
0.02203
0.02184
0.01898
0.02069
0.01984
0.0165
0.01907
0.02384
0.01936
0.02146
0.0144
0.01755
0.01926
0.01593
0.0227
0.01688
0.0246
0.01774
0.01574
0.02031
0.01965
0.02003
0.02403
0.02069
0.01841
0.01926
0.0144
0.02317
0.0185
0.02489
0.02117
0.0165
0.01717
0.02022
0.01535
0.02003
0.02184
0.01717
0.0186
0.02031
0.02203
0.01698
0.01822
0.01945
0.01917
0.01583
0.02441
0.01774
0.01822
0.01974
0.01965
0.02451
0.02337
0.03157
0.03138
0.01736
0.02069
0.0289
0.01783
0.01831
0.02985
0.01774
0.001144
0.0185
0.02108
0.03138
0.01869
0.02003
0.02155
0.02146
0.01993
0.02022
0.02413
0.01888
0.01955
0.01984
0.02117
0.009632
0.02098
0.04787
0.05102
0.04368
0.04377
0.04778
0.04272
0.04978
0.04845
0.04578
0.04997
0.05646
0.04702
0.04721
0.0432
0.04921
0.04358
0.05274
0.05465
0.06018
0.04568
0.0598
0.0473
0.04444
0.05169
0.04959
0.04625
0.04959
0.04883
0.04663
0.04568
0.04873
0.05646
0.04625
0.04902
0.05074
0.05455
0.05312
0.05093
0.05236
0.05713
0.05436
0.04826
0.05407
0.06142
0.0617
0.05369
0.05264
0.05674
0.05598
0.05264
0.0577
0.0536
0.05732
0.05808
0.04997
0.05589
0.05589
0.06485
0.05808
0.0576
0.05455
0.06142
0.06227
0.05388
0.05589
0.05112
0.0638
0.05951
0.05388
0.04988
0.05569
0.05169
0.04797
0.05016
0.05102
0.07257
0.05417
0.04892
0.05951
0.06027
0.05646
0.05436
0.0453
0.04959
0.04568
0.04778
0.05007
0.06485
0.04959
0.0576
0.05941
0.05398
0.05083
0.05693
0.06199
0.06247
0.05789
0.05798
0.07257
0.06742
0.04759
0.04587
0.05083
0.04139
0.05236
0.03881
0.05102
0.04835
0.04683
0.04807
0.04673
0.04396
0.06018
0.05398
0.05178
0.04625
0.03929
0.03586
0.04139
0.03386
0.03977
0.03862
0.04959
0.04187
0.05283
0.0495
0.04721
0.04301
0.04339
0.03796
0.04826
0.04606
0.05074
0.04063
0.04005
0.04692
0.04635
0.03672
0.0391
0.04396
0.03691
0.03605
0.04272
0.04597
0.04635
0.0432
0.05207
0.04759
0.03643
0.04063
0.03386
0.04826
0.03433
0.04091
0.03576
0.03786
0.03595
0.0411
0.03872
0.033
0.03557
0.03014
0.03242
0.02403
0.02775
0.03147
0.03195
0.03872
0.03338
0.03262
0.03691
0.03204
0.02537
0.03729
0.0349
0.04253
0.03576
0.03395
0.03853
0.03662
0.02756
0.02937
0.03691
0.03767
0.03214
0.0329
0.02861
0.02747
0.02365
0.02899
0.03366
0.02537
0.03233
0.03405
0.0247
0.02317
0.033
0.03061
0.03948
0.03538
0.03023
0.03319
0.03386
0.03176
0.03433
0.03729
0.03099
0.03033
0.03109
0.02995
0.02689
0.02851
0.02422
0.0289
0.02985
0.02556
0.02728
0.0205
0.02871
0.02794
0.02909
0.02537
0.02565
0.03166
0.03099
0.01926
0.0246
0.01936
0.0226
0.02136
0.02251
0.02193
0.02079
0.02441
0.02871
0.0309
0.02995
0.02861
0.03176
0.03471
0.03595
0.0227
0.02737
0.02728
0.02489
0.02632
0.02842
0.02947
0.02518
0.02346
0.02794
0.03376
0.03023
0.02975
0.06666
0.04787
0.02403
0.02651
0.02365
0.02718
0.02146
0.02394
0.02651
0.01974
0.01984
0.02127
0.02098
0.02241
0.03176
0.02489
0.02556
0.02136
0.02327
0.01879
0.01974
0.01774
0.02098
0.02155
0.01888
0.01907
0.01936
0.02432
0.01707
0.0205
0.01869
0.01993
0.02031
0.01764
0.02069
0.01841
0.02155
0.0205
0.02632
0.02651
0.03395
0.04253
0.03958
0.04396
0.04368
0.04272
0.0392
0.0432
0.07315
0.1335
0.1724
0.0
0.0
0.00267
0.005341
0.0004768
0.003719
0.004005
0.002003
0.002861
0.005531
0.01307
0.00782
0.006199
0.007439
0.007248
0.008869
0.008106
0.009346
0.01221
0.01049
0.009441
0.01116
0.009346
0.01278
0.01411
0.02022
0.01945
0.01287
0.124
0.01678
0.01621
0.01373
0.01659
0.01869
0.01955
0.0226
0.0185
0.0165
0.01745
0.0185
0.02098
0.02041
0.02804
0.02575
0.02537
0.02623
0.02241
0.02375
0.02527
0.03347
0.02909
0.02375
0.0308
0.033
0.02356
0.06227
0.03023
0.03614
0.03405
0.03386
0.03939
0.03424
0.03862
0.02956
0.03738
0.02909
0.03624
0.02785
0.03395
0.02966
0.03681
0.03347
0.03004
0.02184
0.0349
0.03548
0.02842
0.04635
0.03595
0.03586
0.04168
0.03166
0.01974
0.03767
0.03633
0.05865
0.03166
0.03061
0.04454
0.04158
0.03614
0.03157
0.04063
0.05493
0.02804
0.04358
0.03347
0.03891
0.04044
0.04473
0.04091
0.02251
0.03452
0.02823
0.03223
0.03843
0.02356
0.03796
0.03681
0.04139
0.03481
0.03386
0.05264
0.04311
0.06485
0.03719
0.05016
0.04444
0.03643
0.05608
0.04644
0.03414
0.04168
0.04797
0.03605
0.03443
0.03138
0.03128
0.04845
0.03996
0.03252
0.05093
0.0371
0.04168
0.0351
0.04454
0.04101
0.05035
0.03929
0.03042
0.03605
0.03872
0.02508
0.03595
0.03843
0.0432
0.0005722
0.03357
0.03214
0.03309
0.03586
0.0349
0.0452
0.05264
0.03901
0.0392
0.03777
0.03834
0.04416
0.03138
0.03166
0.03405
0.03729
0.03281
0.03157
0.0392
0.03376
0.03557
0.0309
0.05474
0.04435
0.03166
0.0
0.03204
0.03433
0.03252
0.03576
0.03109
0.04797
0.03223
0.03338
0.03405
0.03386
0.04063
0.03729
0.04063
0.03443
0.03605
0.03319
0.03653
0.03185
0.03633
0.03548
0.03481
0.03414
0.04292
0.03519
0.02909
0.02899
0.037
0.02108
0.03548
0.03443
0.04292
0.04425
0.03414
0.03052
0.03891
0.03681
0.03166
0.03967
0.04196
0.03757
0.1116
0.0494
0.03376
0.03796
0.04292
0.03614
0.0329
0.02899
0.02651
0.02365
0.03843
0.03796
0.03147
0.03691
0.03347
0.03204
0.01993
0.04063
0.05302
0.03872
0.03033
0.02651
0.04139
0.03042
0.03815
0.03958
0.03719
0.03557
0.03958
0.03529
0.05941
0.07334
0.02851
0.03414
0.02956
0.04168
0.03042
0.06189
0.03586
0.0351
0.03557
0.03881
0.03996
0.03681
0.03757
0.04244
0.03624
0.03605
0.03052
0.03176
0.03681
0.04454
0.01764
0.02489
0.02842
0.033
0.03595
0.05064
0.03376
0.03977
0.0865
0.0247
0.02108
0.03138
0.02728
0.02928
0.03433
0.0246
0.02689
0.03319
0.03061
0.03119
0.03433
0.0351
0.03071
0.02403
0.03872
0.02747
0.03405
0.02909
0.03233
0.03395
0.03643
0.0
0.035
0.05703
0.0885
0.02947
0.03967
0.06094
0.04082
0.03185
0.03281
0.03128
0.035
0.02975
0.04406
0.03757
0.04139
0.03414
0.0371
0.08535
0.03176
0.02823
0.04654
0.03567
0.04253
0.04644
0.04034
0.03738
0.03548
0.04044
0.04129
0.03748
0.04444
0.04129
0.0309
0.127
0.03672
0.03357
0.02651
0.03357
0.04072
0.04072
0.03805
0.04072
0.03471
0.0329
0.04406
0.04082
0.03595
0.02117
0.02623
0.002384
0.05159
0.05016
0.04234
0.04845
0.0495
0.04053
0.03958
0.04025
0.03843
0.03519
0.03452
0.0391
0.04597
0.04015
0.03195
0.03366
0.03862
0.03901
0.05188
0.03967
0.03252
0.03128
0.03614
0.03729
0.03195
0.04025
0.03834
0.03624
0.03519
0.04845
0.03805
0.03433
0.03405
0.03757
0.0309
0.03157
0.03967
0.02832
0.03328
0.02356
0.04139
0.03452
0.03195
0.03281
0.05302
0.05283
0.06981
0.03195
0.03586
0.03147
0.03586
0.03595
0.02995
0.03633
0.03662
0.03233
0.03099
0.03881
0.037
0.03576
0.03395
0.03328
0.03338
0.05226
0.03805
0.03605
0.03071
0.03996
0.03071
0.04082
0.0289
0.03529
0.03424
0.04654
0.03347
0.02832
0.07544
0.03109
0.03958
0.03519
0.03891
0.03538
0.08888
0.005722
0.07668
0.03099
0.04444
0.01287
0.07973
0.01659
0.04168
0.01316
0.03071
0.03414
0.03185
0.04082
0.03471
0.03834
0.05722
0.03309
0.03605
0.03729
0.04654
0.03557
0.02499
0.04416
0.03557
0.04044
0.0494
0.02747
0.03071
0.03014
0.0289
0.03691
0.02909
0.02985
0.02871
0.03147
0.03223
0.03099
0.0288
0.03042
0.02966
0.03271
0.02956
0.02918
0.035
0.0371
0.002575
0.03157
0.02699
0.03033
0.03157
0.02499
0.03195
0.02842
0.03042
0.02317
0.03319
0.01364
0.02565
0.03443
0.05512
0.0289
0.0617
0.08059
