8.948
15.09
8.984
10.13
12.45
8.96
10.08
13.04
10.57
8.105
11.78
10.8
19.53
21.7
28.42
26.07
14.14
6.396
12.82
13.65
17.97
21.61
20.92
20.12
18.29
22.85
18.24
20.0
22.44
22.24
20.56
21.56
21.51
21.58
24.07
28.61
14.7
7.385
34.57
30.08
25.24
16.28
1.736
0.02604
0.02604
0.0267
0.02413
0.0267
0.0247
0.02537
0.02346
0.02537
0.02413
0.02537
0.02346
0.02413
0.02413
0.0247
0.02346
0.0247
0.02413
0.0247
0.02279
0.0247
0.02346
0.0247
0.02413
0.0247
0.0247
0.02537
0.0247
0.02604
0.02537
0.0267
0.02413
0.02537
0.02537
0.0267
0.0267
0.02604
0.0267
0.02861
0.02604
0.0267
0.02537
0.0267
0.02604
0.02604
0.02537
0.0267
0.02604
0.0267
0.02537
0.02737
0.02537
0.0267
0.02604
0.02804
0.02537
0.0267
0.02928
0.02804
0.02537
0.0267
0.0247
0.02604
0.0267
0.0267
0.02537
0.02604
0.02537
0.0267
0.0247
0.0267
0.0247
0.02604
0.0247
0.02537
0.02413
0.02604
0.0247
0.02604
0.02413
0.02604
0.02537
0.02537
0.02346
0.02737
0.0267
0.02737
0.0267
0.02737
0.0267
0.02604
0.02413
0.0267
0.0247
0.0267
0.02537
0.02604
0.02537
0.02604
0.02413
0.02537
0.0247
0.0247
0.02413
0.02537
0.02413
0.0247
0.02346
0.02537
0.0247
0.02604
0.02413
0.0267
0.0247
0.02537
0.0247
0.0267
0.02537
0.02737
0.02537
0.02537
0.0247
0.02604
0.0267
0.0267
0.02604
0.0267
0.0267
0.0267
0.02604
0.02737
0.0247
0.6104
6.335
15.58
17.16
15.7
25.59
12.79
10.11
12.57
12.82
10.45
14.14
13.67
11.44
11.55
14.43
12.79
8.154
0.2052
26.03
24.73
23.22
4.749
6.787
29.0
27.88
25.93
20.09
6.36
23.8
24.88
24.58
8.423
27.25
23.27
28.86
23.05
7.068
25.88
23.36
28.66
22.8
8.008
17.58
18.38
11.85
22.14
8.325
10.01
22.58
22.36
17.75
9.302
0.4456
14.99
20.97
19.85
10.58
29.98
24.68
15.82
15.55
21.17
18.04
30.91
20.75
7.043
20.31
24.22
8.35
9.875
12.82
7.605
9.973
12.96
14.92
5.823
24.1
24.95
7.275
16.19
26.03
20.21
24.0
26.46
23.56
26.71
33.84
23.07
9.387
27.39
28.81
21.73
24.78
19.26
4.425
22.92
21.31
25.88
18.85
22.31
18.7
9.509
21.63
17.36
21.36
5.847
17.53
27.78
15.82
15.09
32.42
31.2
24.44
14.04
17.09
18.38
10.19
23.85
22.61
25.15
21.68
16.48
21.56
27.0
10.99
24.05
31.35
29.15
11.91
24.66
17.48
17.58
16.11
20.21
17.43
21.19
25.0
15.84
18.8
31.4
31.4
25.88
9.924
26.32
27.49
17.21
16.31
25.93
28.37
32.42
29.44
11.94
10.31
23.66
20.92
19.9
22.02
33.59
29.88
28.52
12.45
23.71
11.35
15.87
24.41
22.46
27.05
28.91
12.12
15.67
23.49
20.97
10.41
26.95
12.52
12.34
24.83
20.61
30.57
31.98
33.5
23.58
20.31
33.45
27.88
24.8
5.09
13.82
13.99
15.75
15.43
23.27
32.76
30.22
24.07
12.21
21.17
21.04
30.96
12.84
23.1
16.97
21.68
15.23
18.09
21.56
29.88
14.5
15.65
30.91
27.93
27.29
12.67
15.11
22.63
30.22
11.06
26.07
28.91
33.35
31.93
16.41
19.53
23.02
10.55
11.57
9.424
11.58
9.375
11.08
12.55
10.05
8.447
10.34
13.89
23.32
24.12
25.83
15.58
9.802
14.23
29.05
19.65
31.2
33.2
28.71
26.12
8.997
10.6
14.58
18.97
21.66
24.93
33.11
18.16
22.34
13.35
16.02
9.607
0.0
10.88
15.36
8.984
9.082
14.09
9.351
8.936
10.99
9.753
8.618
29.05
21.29
24.39
15.87
5.933
31.01
31.15
29.3
12.92
27.98
21.09
20.65
20.46
16.92
10.49
30.66
24.58
5.298
12.84
14.14
14.09
27.25
28.32
32.67
22.95
4.395
16.53
14.55
24.46
24.22
20.31
21.39
12.32
6.677
0.0
25.93
30.57
23.58
7.239
20.26
21.46
26.46
19.38
16.43
19.58
16.65
26.56
32.13
32.76
25.88
17.55
31.88
28.03
25.44
7.422
14.16
24.63
31.88
26.32
22.46
11.27
27.78
27.64
33.45
29.35
12.89
15.7
28.96
33.4
22.44
16.85
12.11
15.77
24.61
25.98
11.67
31.88
30.22
29.64
12.65
12.82
0.0
29.1
28.56
19.51
28.32
10.75
17.26
31.35
33.5
23.49
13.89
30.42
23.44
28.76
20.43
9.241
26.03
27.29
30.18
23.39
4.596
23.02
15.99
24.37
13.53
13.94
24.76
28.08
12.49
20.53
28.71
29.64
30.42
15.19
23.56
16.21
25.39
29.79
26.12
9.985
25.29
10.38
32.81
29.64
20.87
12.35
27.15
29.69
28.71
24.98
18.63
7.886
22.88
26.46
18.6
7.605
16.55
13.62
8.167
20.14
17.29
26.03
25.29
16.65
15.01
24.63
21.14
27.64
22.66
15.8
9.631
8.838
11.11
8.936
12.89
11.19
13.21
9.705
9.863
8.203
12.79
9.229
16.48
22.53
22.07
25.73
12.94
5.847
25.1
34.03
31.93
12.21
19.19
13.84
12.89
18.87
23.12
14.87
9.192
7.825
7.666
11.13
10.45
8.618
11.28
10.25
10.35
12.33
8.508
10.57
10.71
21.48
18.73
22.73
23.71
14.99
9.741
11.63
27.0
13.55
14.38
0.0
31.1
32.13
20.9
6.763
2.994
26.95
25.1
24.85
12.02
23.49
21.88
27.88
24.63
24.05
27.59
11.57
32.42
30.81
23.85
12.18
11.06
27.49
28.03
31.59
30.62
16.14
22.02
24.27
27.25
29.05
29.44
27.98
21.75
5.695
22.09
22.63
17.99
22.29
20.26
20.48
23.54
28.71
19.95
2.072
13.01
9.949
9.973
12.96
11.02
10.3
10.38
12.6
10.61
9.326
8.777
18.87
22.71
23.19
19.8
8.582
16.02
26.03
19.34
24.49
26.42
3.326
11.68
15.33
18.04
17.07
19.07
16.97
22.58
27.25
13.21
15.14
21.51
15.48
22.17
15.38
21.83
16.31
22.92
11.0
10.03
7.703
3.748
15.14
17.38
26.66
23.54
24.12
27.83
20.26
23.75
25.98
22.29
21.34
23.9
18.99
1.393
6.665
16.82
21.39
15.48
29.79
21.9
7.19
22.78
25.68
21.75
18.12
32.96
28.27
25.93
9.814
10.33
20.51
23.88
19.24
30.27
23.1
8.447
32.47
29.2
28.91
17.48
9.094
26.07
10.71
30.37
29.69
29.05
21.22
3.43
21.68
23.85
18.04
26.42
23.0
11.84
16.63
24.8
25.34
10.14
14.33
16.7
12.77
20.21
18.8
26.86
30.66
25.39
31.79
23.83
2.872
25.15
12.65
25.68
18.65
19.04
25.83
23.85
13.31
25.98
24.41
27.64
22.19
24.37
20.43
10.93
23.12
27.59
17.58
7.349
25.15
30.42
20.04
19.95
33.2
30.66
26.66
10.73
14.53
22.63
19.38
12.21
