5.835
5.835
5.835
5.835
5.835
5.835
5.835
5.835
5.835
5.835
5.835
5.835
5.835
5.835
5.835
5.835
5.835
5.835
5.835
5.835
5.835
5.835
5.835
5.835
5.835
5.835
5.835
5.835
5.835
5.835
5.835
5.835
5.847
10.52
16.87
18.92
20.07
20.78
20.8
19.63
18.14
15.26
9.558
17.11
19.56
20.68
20.75
18.73
15.84
9.229
8.508
8.716
13.38
17.11
18.51
19.82
20.78
20.83
19.56
18.29
17.94
15.67
10.35
17.43
19.53
20.63
20.75
18.53
17.94
15.77
9.241
9.607
8.923
8.533
9.692
17.43
19.75
20.73
20.56
18.24
16.26
9.68
8.643
8.398
9.595
8.508
13.38
17.6
19.24
20.39
20.8
20.34
18.53
18.21
14.62
9.937
9.351
14.01
18.73
20.36
20.8
18.97
16.67
10.72
15.8
19.19
20.56
20.43
18.33
15.48
10.12
17.31
19.78
20.78
20.02
18.16
16.06
12.23
20.83
19.48
16.6
20.68
20.7
20.12
12.99
9.924
8.984
10.36
17.8
19.85
20.75
20.24
18.26
17.9
13.67
10.02
17.46
19.56
20.7
20.73
18.04
17.58
12.6
10.01
8.716
14.36
20.78
20.04
17.02
11.25
10.46
19.95
20.83
19.53
17.19
10.62
8.838
9.802
8.337
8.667
15.26
17.41
18.63
19.65
20.36
20.75
20.83
20.75
19.26
18.8
18.51
18.14
17.92
13.43
9.705
9.229
9.265
14.75
20.75
20.68
20.31
15.55
6.177
6.018
6.024
6.024
6.024
6.024
8.569
8.984
17.72
20.78
20.75
18.77
11.47
12.84
20.65
20.85
20.53
16.36
9.888
8.972
9.082
8.984
8.972
8.423
6.018
6.024
6.024
6.024
6.024
6.024
8.582
8.984
9.119
8.875
16.99
20.78
20.75
19.53
15.16
9.802
9.009
8.569
14.55
20.78
20.8
20.58
18.85
9.314
6.03
6.03
6.03
6.03
6.03
6.03
8.984
12.12
20.8
16.8
11.39
10.71
10.38
10.02
9.485
9.265
9.277
8.911
9.595
12.02
20.83
20.34
19.46
20.73
20.36
14.89
7.263
6.03
6.03
6.03
9.607
9.448
17.65
20.75
19.53
15.06
10.52
9.375
9.863
9.595
8.997
9.058
10.19
9.924
10.31
20.46
20.83
19.7
20.46
20.83
20.07
13.65
6.104
6.03
8.521
9.131
9.766
8.875
9.839
9.949
9.753
10.42
9.07
9.326
8.752
8.96
8.899
8.606
9.021
19.17
19.46
10.9
6.335
6.122
6.03
6.03
6.03
6.03
6.47
9.058
8.667
8.801
8.838
8.362
8.826
8.459
8.789
9.387
8.752
8.362
8.899
8.362
9.216
8.618
8.313
7.324
6.219
6.226
6.226
6.226
6.226
6.226
6.226
9.033
8.667
8.63
8.887
9.277
8.862
8.264
8.35
8.997
8.325
8.337
17.07
20.46
12.74
13.67
20.83
10.19
6.555
6.262
6.226
6.226
6.226
6.226
6.384
10.73
9.766
9.717
9.961
10.21
9.692
20.48
19.19
20.83
16.46
20.68
18.38
10.85
16.92
20.85
17.99
14.55
19.43
20.65
20.78
20.75
20.75
20.75
20.95
20.95
20.95
20.95
20.95
20.92
20.9
20.78
20.8
20.9
20.95
20.92
20.87
20.68
19.85
19.12
18.6
18.48
18.51
18.48
18.48
18.48
18.43
18.26
17.43
16.94
10.9
17.5
20.02
20.83
20.83
20.8
20.8
20.8
20.83
20.8
20.8
20.78
20.8
20.8
20.83
20.83
20.8
20.83
20.8
20.8
20.8
20.78
0.0
6.738
13.6
15.55
17.26
17.65
17.99
18.09
18.21
18.38
18.38
18.58
18.63
18.75
18.77
18.95
18.95
19.04
19.14
19.31
19.41
19.48
17.99
16.48
18.14
20.09
19.43
18.73
18.73
18.75
18.24
16.53
16.36
16.28
14.99
14.26
16.16
16.89
17.31
17.68
18.02
18.21
18.38
18.48
18.58
18.73
18.82
18.95
19.07
19.14
19.24
19.46
19.53
19.73
19.29
16.85
16.55
16.5
17.99
18.16
18.24
18.36
18.33
18.36
18.36
18.36
18.36
18.14
17.87
17.82
17.82
17.82
17.53
13.53
12.87
15.72
16.55
17.07
17.31
17.63
18.02
18.19
18.36
18.38
18.55
18.55
18.7
18.8
18.97
18.95
18.95
19.14
19.14
19.21
19.41
19.53
19.53
19.41
17.26
17.24
17.31
18.53
20.39
20.65
20.65
20.68
20.65
19.41
19.09
18.99
17.5
15.26
15.89
16.82
17.33
17.8
18.21
18.43
18.55
18.68
18.77
18.77
18.85
18.97
19.02
19.14
19.14
19.31
19.41
19.53
19.7
19.6
18.68
17.82
18.43
20.02
20.07
20.07
20.09
20.0
18.38
18.02
17.87
17.82
17.85
16.31
14.43
15.5
16.16
16.21
14.43
14.33
14.33
14.23
13.99
15.23
15.97
16.14
14.14
13.94
13.94
13.96
14.4
15.7
16.43
16.43
13.99
13.94
13.94
13.94
16.82
18.7
18.92
17.33
16.43
15.94
15.87
16.38
16.99
17.38
17.72
17.97
18.19
18.36
18.38
18.38
18.53
18.58
18.65
18.77
18.77
18.77
18.92
18.97
18.97
19.04
19.17
19.17
19.17
19.17
19.31
19.34
19.34
19.48
19.53
19.68
19.73
19.73
17.99
16.43
17.9
18.85
19.07
19.29
19.31
19.31
19.24
18.14
16.99
16.85
16.85
16.87
16.16
14.77
11.54
10.23
15.06
16.14
16.55
16.94
17.21
17.41
17.5
17.63
17.92
18.12
18.19
18.24
18.38
18.38
18.51
18.58
18.58
18.68
18.77
18.77
18.77
18.97
18.97
18.99
19.17
19.21
19.34
19.34
19.34
19.46
19.63
19.73
19.73
19.73
19.73
17.14
17.68
19.53
20.41
20.48
20.46
20.48
20.48
19.87
17.21
17.04
16.92
16.82
16.38
15.26
9.692
14.77
15.84
16.41
16.7
17.14
17.29
17.55
17.9
18.09
18.24
18.38
18.38
18.55
18.65
18.77
18.77
18.77
18.95
18.97
18.97
19.12
19.14
19.24
19.34
19.34
19.34
19.51
19.63
19.73
19.73
19.8
19.9
17.43
17.75
18.68
19.46
19.9
19.9
19.9
19.9
19.92
19.78
17.97
17.11
16.94
16.8
11.16
9.155
9.741
9.229
8.374
9.387
11.54
10.84
17.55
19.38
19.09
16.09
15.21
8.606
12.17
17.97
19.7
20.04
18.63
16.97
16.26
11.08
9.18
9.045
8.923
8.643
9.302
10.21
14.65
18.9
19.31
18.73
16.06
13.55
9.9
8.923
8.899
9.9
16.67
19.68
20.07
18.99
17.02
15.99
12.1
11.74
18.38
19.78
19.85
18.12
16.92
10.34
5.432
5.438
5.438
5.438
5.438
5.438
5.438
5.438
5.438
5.438
5.438
5.438
5.438
5.438
5.438
5.438
5.438
5.438
8.716
8.728
9.729
8.923
13.99
19.07
19.41
18.95
16.53
16.09
