43.16
43.12
43.21
43.16
43.21
43.21
43.21
43.21
43.21
43.26
43.21
43.21
43.21
43.21
43.12
42.92
25.68
18.12
19.63
19.41
19.17
20.36
20.29
14.92
12.79
13.38
13.26
13.55
20.7
26.51
16.11
13.4
13.28
12.57
13.94
13.16
13.38
13.65
25.34
24.44
13.84
11.87
11.25
12.57
13.35
13.31
13.45
13.09
13.89
24.39
24.41
14.31
13.7
13.31
13.35
13.21
13.6
13.4
13.43
13.18
13.13
13.18
23.14
30.22
31.54
32.08
32.03
31.15
28.86
26.42
25.54
21.02
29.69
41.7
43.07
43.12
43.16
43.16
43.16
43.16
43.16
43.16
43.16
43.16
43.16
43.16
43.16
43.16
43.12
43.12
43.16
43.16
43.16
43.16
43.21
43.21
43.21
43.21
43.21
43.21
43.26
43.21
43.21
43.21
43.26
43.07
41.7
28.81
16.58
18.99
19.73
18.99
20.48
20.36
16.31
12.82
14.31
29.49
30.86
31.79
31.74
31.01
28.37
26.46
25.34
20.36
27.1
40.28
42.97
43.12
42.68
42.38
42.38
42.38
42.38
42.38
42.33
42.38
42.38
42.43
42.38
42.68
43.02
42.72
42.72
42.77
42.77
42.77
42.82
42.77
42.82
42.82
42.82
42.82
42.82
42.82
42.82
42.82
42.72
42.53
41.89
24.56
16.48
18.73
19.68
18.16
19.38
19.31
18.7
14.94
12.74
14.18
29.39
30.47
31.79
31.84
31.79
28.66
27.39
24.95
24.83
20.78
40.04
42.77
43.07
43.36
43.36
43.36
43.36
43.36
43.26
43.16
43.16
43.16
43.16
43.16
43.12
43.12
43.12
43.16
43.16
43.16
43.16
43.21
43.21
43.21
43.21
43.21
43.21
43.26
43.21
43.21
43.21
43.21
43.16
42.09
25.54
16.38
18.6
19.36
18.02
18.14
18.43
18.12
16.67
13.11
12.89
13.94
29.59
30.57
31.84
31.88
31.79
28.61
27.29
25.15
24.9
18.26
38.82
42.24
43.07
43.02
42.58
42.58
42.58
42.58
42.58
42.58
42.58
42.58
42.58
42.77
42.77
42.97
43.07
43.12
43.12
43.16
43.16
43.16
43.21
43.21
43.21
43.21
43.21
43.21
43.21
43.26
43.21
43.21
43.21
43.26
43.07
42.14
31.84
16.67
18.77
20.02
17.46
19.02
18.85
17.94
15.06
12.82
11.52
11.07
11.08
11.08
11.08
11.08
11.08
11.08
11.08
11.08
11.08
11.08
11.08
11.08
11.08
11.08
11.08
11.08
11.08
11.08
11.08
11.08
11.08
11.08
11.08
11.08
11.08
11.08
11.08
11.08
11.08
11.08
11.08
11.08
11.08
11.08
11.08
11.08
11.08
11.08
11.08
11.08
11.08
11.08
11.08
11.08
11.08
11.08
11.08
11.08
11.08
11.08
11.08
11.08
11.08
11.08
11.08
11.08
11.08
11.08
11.08
11.08
11.08
11.08
11.08
11.08
11.08
11.08
11.08
11.08
11.08
11.08
11.08
11.08
11.08
11.08
11.08
11.08
11.08
11.08
11.08
11.08
11.08
11.08
11.08
11.08
11.08
11.08
11.08
11.08
11.08
11.08
11.08
11.08
11.08
11.08
11.08
11.08
11.08
11.08
11.08
11.08
11.08
11.08
11.08
11.08
11.08
11.08
11.08
11.08
11.08
11.08
11.08
11.08
11.08
11.08
11.08
11.08
11.08
11.08
11.08
11.08
11.08
11.08
11.08
11.08
11.08
11.08
11.08
11.08
11.08
11.08
11.08
11.08
11.08
11.08
11.08
11.55
14.97
37.65
43.07
43.07
43.12
43.16
43.21
43.16
43.16
43.12
43.16
43.16
43.16
43.16
43.12
43.12
43.12
43.12
43.12
43.12
43.07
43.12
43.12
43.12
43.16
43.16
43.21
43.21
43.21
43.21
43.26
43.26
43.21
43.31
43.26
43.12
20.8
16.55
18.43
21.58
21.19
14.53
12.11
12.79
28.56
42.72
43.07
43.12
43.16
43.21
43.16
43.16
43.12
43.12
43.16
43.16
43.16
43.12
43.16
43.12
43.12
43.16
43.12
43.12
43.12
43.12
43.16
43.16
43.16
43.21
43.21
43.21
43.26
43.26
43.21
43.26
43.26
43.31
43.07
30.27
19.36
20.83
21.48
17.92
11.77
11.87
19.41
42.19
43.07
43.07
43.16
43.21
43.16
43.16
43.16
43.12
43.16
43.16
43.16
43.12
43.12
43.16
43.16
43.16
43.16
43.12
43.12
43.12
43.16
43.16
43.16
43.21
43.21
43.21
43.21
43.26
43.21
43.21
43.26
43.31
39.65
16.77
18.75
20.43
20.58
19.95
12.89
12.5
25.59
42.77
43.07
43.07
43.16
43.21
43.16
43.16
43.12
43.12
43.16
43.16
43.16
43.12
43.16
43.16
43.12
43.16
43.12
43.07
43.12
43.16
43.16
43.16
43.21
43.21
43.21
43.21
43.26
43.21
43.21
43.26
43.12
43.12
42.38
20.24
20.0
19.48
20.8
17.46
11.74
12.22
24.66
40.87
43.07
43.12
43.16
43.21
43.16
43.16
43.12
43.12
43.16
43.16
43.16
43.12
43.16
43.16
43.12
43.12
43.12
43.02
43.12
43.12
43.16
43.16
43.21
43.21
43.21
43.26
43.26
43.21
43.21
43.26
43.31
25.73
15.72
19.6
21.22
22.56
17.02
12.65
11.62
11.15
11.08
11.08
11.08
11.08
11.08
11.08
11.08
11.08
11.08
11.08
11.08
11.08
11.08
11.08
11.08
11.08
11.08
11.47
14.23
38.18
42.97
43.07
43.12
43.21
43.21
43.16
43.16
43.12
43.16
43.16
43.16
43.12
43.16
43.16
43.16
43.16
43.12
43.07
43.07
43.16
43.16
43.16
43.21
43.21
43.21
43.26
43.26
43.21
43.21
43.21
43.31
42.77
29.35
16.7
22.19
20.75
21.12
12.92
12.21
20.97
42.68
43.07
43.07
43.16
43.21
43.16
43.16
43.02
43.12
43.16
43.16
43.16
43.12
43.16
43.16
43.16
43.12
43.12
43.12
43.07
43.12
43.12
43.12
43.16
43.21
43.21
43.21
43.26
43.26
43.21
43.26
43.26
42.97
29.44
18.82
20.95
23.14
15.7
12.55
12.84
30.52
42.87
43.07
43.12
43.16
43.21
43.16
43.16
43.12
43.12
43.16
43.16
43.16
43.12
43.16
43.16
43.16
43.16
43.12
43.07
43.12
43.16
43.16
43.16
43.21
43.21
43.21
43.21
43.26
43.26
43.21
43.26
43.26
43.31
27.83
16.53
20.24
20.02
19.46
20.21
12.67
11.6
13.82
36.72
43.07
43.07
43.12
43.21
43.16
43.16
43.12
43.12
43.16
43.16
43.12
43.12
43.16
43.12
43.12
43.16
43.12
43.07
43.12
43.12
43.16
43.16
43.21
43.21
43.21
43.21
43.26
43.26
43.21
43.26
43.31
43.31
36.38
17.5
20.65
21.36
21.8
12.48
11.29
11.55
16.04
41.26
43.12
43.21
43.26
43.31
43.31
43.26
43.21
43.26
43.31
43.26
43.26
43.26
43.26
43.26
43.26
43.26
