0.02604
0.02604
0.02604
0.02861
0.02346
0.02861
0.02604
0.02861
0.02346
0.02861
0.02604
0.02861
0.02346
0.02861
0.02604
0.02861
0.02346
0.02861
0.02604
0.02861
0.02604
0.02604
0.02604
0.02604
0.02604
0.02604
0.02346
0.02861
0.02346
0.02861
0.02346
0.02861
0.6248
13.77
29.0
30.52
29.2
30.27
28.22
23.66
15.82
18.04
24.76
21.56
11.07
6.012
21.68
21.07
19.51
20.26
21.29
24.76
29.54
24.8
30.62
27.78
14.5
21.29
32.96
31.4
31.45
30.66
25.15
29.54
29.69
17.38
24.02
31.59
30.22
32.08
33.5
25.15
31.98
22.51
27.25
29.0
18.97
19.73
31.59
32.96
33.25
33.74
21.88
27.2
27.05
19.95
11.8
28.56
31.69
32.57
30.62
30.27
29.49
27.64
17.65
21.12
27.69
29.2
13.65
10.14
27.49
33.2
32.42
33.06
31.69
25.49
28.96
22.88
16.72
16.53
13.94
33.06
34.47
34.38
31.1
28.52
33.74
24.61
27.64
29.39
24.32
18.68
20.46
26.86
29.93
20.31
26.61
24.95
23.88
15.45
17.02
15.8
17.07
6.311
29.0
30.66
31.05
30.91
30.13
25.05
25.49
29.05
19.21
19.43
18.16
19.58
17.6
17.21
18.46
20.26
20.46
18.26
14.97
21.0
18.85
10.78
31.05
30.91
27.29
24.93
30.66
25.24
28.96
24.22
15.06
17.21
17.41
16.38
17.6
15.89
16.97
15.89
17.36
15.94
13.92
14.26
17.9
18.48
17.11
16.14
12.44
9.619
0.2449
0.08335
0.02346
0.02861
0.02346
0.02861
13.89
13.57
14.97
18.14
17.46
18.07
11.57
13.72
12.43
13.53
14.26
13.96
12.96
13.11
13.57
14.14
15.21
15.94
15.87
16.46
2.158
0.5211
0.08335
0.03128
14.55
13.16
13.35
15.41
18.82
18.12
17.09
16.19
11.36
11.33
12.96
9.07
14.75
16.26
16.94
18.46
17.82
13.7
1.167
0.1719
0.03128
0.03128
0.02604
0.03128
13.96
14.04
18.73
19.38
20.24
19.46
14.84
14.11
14.77
14.6
14.87
13.79
17.8
15.6
16.11
15.65
19.82
21.75
22.39
1.23
0.5569
0.06771
0.02604
0.02604
9.082
14.6
17.6
21.26
21.95
17.97
15.41
20.65
21.68
21.78
14.38
19.21
20.73
18.87
15.94
18.85
10.53
4.004
0.1719
0.05207
0.02604
0.03128
0.02604
0.03128
13.92
12.32
13.87
13.09
13.01
11.57
6.519
14.31
11.83
15.16
15.16
15.58
16.6
18.51
12.07
16.82
14.77
15.72
16.5
18.73
7.092
0.6874
0.2083
0.03128
11.3
14.62
15.6
17.11
16.89
16.97
13.04
11.43
16.77
18.73
20.31
21.68
13.26
14.11
18.12
18.65
19.02
18.92
0.9735
0.4639
0.04692
0.03128
0.02079
0.03128
9.839
14.48
15.72
13.55
15.09
12.34
16.58
19.97
24.51
26.27
15.45
15.99
24.71
25.49
21.41
15.48
7.336
8.606
0.177
0.07296
0.03128
0.03128
0.02604
0.03128
12.6
16.14
17.53
15.01
18.75
20.29
24.41
17.11
10.12
20.51
26.22
31.2
33.3
31.84
33.15
29.74
27.49
25.83
30.76
32.08
29.98
29.35
29.59
30.42
27.29
25.73
28.42
27.78
27.34
25.88
26.42
12.06
15.8
16.58
17.5
20.58
21.75
24.88
29.44
26.17
22.53
18.99
22.56
12.62
9.656
29.69
29.74
27.69
26.27
25.98
24.93
24.29
24.02
24.68
25.15
24.51
24.15
24.39
25.63
28.47
27.25
27.49
27.1
26.66
26.32
25.78
25.54
25.34
25.24
15.11
21.0
22.51
22.09
28.96
33.4
31.93
25.05
23.66
25.39
22.51
3.204
30.71
32.57
31.45
29.2
29.88
28.61
29.64
30.81
28.91
29.0
31.3
30.86
30.86
30.86
27.59
27.93
30.37
30.52
30.37
29.3
26.86
23.02
9.802
11.99
28.96
28.37
29.83
28.37
25.93
24.41
23.0
26.42
24.8
4.926
22.41
26.95
27.73
27.83
29.0
28.71
29.79
27.54
27.78
29.49
27.78
29.05
27.83
29.15
25.73
24.61
25.1
24.44
25.2
26.27
27.73
28.66
26.51
25.49
14.89
22.41
24.98
23.58
25.15
26.22
26.37
24.19
24.98
24.83
23.27
6.97
15.09
26.56
25.2
26.46
27.88
27.73
25.0
27.1
25.78
28.17
27.98
25.78
25.05
26.95
28.22
28.42
28.08
27.15
24.68
25.34
29.64
29.2
27.98
26.66
25.83
5.737
13.35
22.58
27.2
27.29
28.81
25.63
25.44
18.53
18.48
18.09
8.423
4.572
16.41
4.791
4.352
28.42
29.74
25.0
26.03
26.81
25.78
26.56
26.12
28.47
29.49
28.27
28.71
27.93
28.22
26.32
26.95
27.0
24.68
26.71
27.05
26.71
28.42
28.91
21.97
14.33
27.29
27.49
25.93
24.66
23.88
25.24
22.31
21.75
21.78
15.72
12.07
5.786
20.46
22.44
23.83
20.14
25.24
15.89
17.26
25.05
25.2
21.97
25.05
20.39
12.6
25.54
26.61
23.75
22.53
21.97
10.21
26.9
25.83
24.39
24.1
24.66
7.678
28.56
29.3
29.35
25.24
24.95
25.05
27.0
29.35
28.42
28.27
28.96
29.15
28.86
29.44
29.79
29.35
29.54
30.57
28.86
30.13
30.62
30.18
15.11
18.8
29.64
31.59
30.86
29.98
26.61
20.78
24.39
23.07
19.36
5.072
23.41
30.62
31.1
32.57
32.32
33.01
33.4
33.54
33.84
32.37
31.4
32.71
30.47
32.08
32.32
33.15
33.5
31.88
33.35
22.34
20.02
34.08
30.03
21.73
25.44
31.54
24.29
26.81
24.24
12.62
3.217
0.06771
17.58
31.15
29.69
25.49
24.85
23.22
22.75
28.76
29.0
29.05
29.64
28.52
27.83
27.49
28.52
26.37
28.91
28.81
28.17
27.44
24.98
22.88
27.73
20.09
14.84
19.75
27.44
26.56
25.83
27.34
25.1
19.48
26.42
25.34
21.31
13.92
21.88
18.9
20.51
24.98
27.05
27.0
15.41
19.07
19.75
18.65
16.82
22.14
23.12
25.59
26.56
16.5
17.72
19.41
15.84
17.9
20.48
22.56
19.7
22.71
16.58
20.83
18.43
17.55
15.26
12.96
14.43
13.96
17.75
14.04
14.72
14.97
17.31
16.26
14.89
14.84
12.87
14.06
7.275
14.87
15.33
14.84
15.36
14.87
15.82
14.09
15.6
14.65
14.77
15.04
15.23
14.89
9.68
13.92
13.11
13.48
12.65
13.55
14.16
14.62
15.14
15.53
17.02
16.06
13.96
13.16
16.65
17.68
17.09
15.04
2.307
11.99
15.23
16.72
14.6
13.6
13.89
21.88
22.73
23.78
16.63
19.38
20.78
25.98
24.9
10.23
22.85
23.46
21.8
10.47
0.7347
0.2708
0.02604
0.03128
0.02604
0.02604
0.02604
0.03128
0.02604
0.03128
0.02604
0.02604
0.02604
0.03128
0.02604
0.03128
0.02079
0.03128
0.02604
5.969
14.92
17.48
12.55
15.5
14.6
15.19
15.6
15.48
15.55
15.75
