14.09
18.8
23.32
10.34
12.35
10.82
13.43
13.72
12.99
13.96
13.26
13.72
13.89
15.48
10.25
11.74
12.01
14.5
14.11
10.19
13.55
13.5
14.58
12.7
11.73
16.36
25.15
21.51
17.99
18.73
22.46
25.93
26.03
26.32
25.29
23.68
22.14
21.97
16.06
11.02
8.459
8.826
10.75
8.667
12.49
10.25
11.51
10.63
11.27
16.7
24.22
14.92
15.19
14.67
18.9
20.12
17.99
16.82
17.48
21.75
21.07
22.68
19.29
18.87
21.19
17.41
15.55
16.7
15.01
10.62
14.31
14.21
15.65
20.24
14.55
17.68
18.73
20.29
22.9
24.1
15.92
15.41
15.8
13.79
8.972
11.28
8.069
12.6
15.75
14.23
12.41
12.77
11.72
12.96
13.82
17.38
13.35
14.94
13.82
15.77
15.75
23.68
24.27
24.0
21.51
21.34
16.99
15.89
18.33
20.34
19.38
13.31
17.41
16.26
18.36
17.04
19.34
24.88
24.19
14.16
9.387
16.06
20.14
16.87
19.09
18.73
14.38
12.52
10.24
9.387
10.6
8.838
10.34
13.75
10.12
10.51
13.77
10.38
9.033
12.22
9.375
10.12
11.19
11.28
15.28
21.36
23.83
20.51
21.29
23.36
21.51
20.34
20.61
20.73
17.26
21.61
20.8
23.17
19.65
17.85
17.53
19.97
15.28
15.48
9.827
11.65
9.912
10.44
8.752
11.96
10.74
11.55
13.57
13.55
14.65
12.84
12.13
12.87
12.79
17.31
13.82
15.45
13.53
21.85
24.17
22.39
24.37
25.1
24.8
24.12
24.17
19.43
16.02
16.36
15.38
12.55
14.89
18.63
17.14
16.53
13.6
16.11
16.99
15.82
14.04
15.53
15.97
14.16
14.82
16.38
16.43
14.38
16.19
17.02
18.14
18.36
15.92
20.46
20.21
17.07
18.92
18.77
12.05
13.21
12.05
12.72
11.87
12.5
9.399
13.06
10.61
9.058
11.05
8.472
9.058
9.631
10.28
11.91
12.99
14.99
15.26
17.11
15.77
16.5
18.63
19.53
19.26
15.82
20.53
19.51
17.14
20.92
23.44
20.48
19.21
13.23
14.75
12.32
13.96
11.99
12.92
10.6
14.65
17.21
17.41
19.85
21.95
21.02
19.19
19.82
21.61
21.02
19.6
19.31
15.06
15.5
15.55
15.89
18.73
16.63
16.33
19.65
17.09
16.85
15.43
15.04
14.99
19.8
18.04
22.19
20.68
21.12
19.31
17.97
17.21
20.58
21.41
24.22
19.8
15.11
16.97
20.48
23.07
19.46
19.12
15.6
18.19
15.87
13.94
18.16
16.02
15.26
14.58
23.29
14.4
14.06
17.09
15.62
17.58
19.41
21.66
21.58
18.9
20.34
14.6
18.85
19.87
18.85
19.12
21.41
21.63
20.78
18.85
20.63
19.12
17.63
18.12
20.19
21.39
24.12
16.36
16.72
18.02
16.85
14.92
14.97
16.55
16.21
15.62
16.85
20.34
16.28
13.4
17.33
16.72
15.19
16.92
14.36
14.45
13.67
15.58
17.63
20.68
18.21
13.33
15.45
13.96
15.62
17.02
18.8
18.46
16.65
17.02
16.11
15.87
16.31
14.28
14.36
15.09
16.21
15.99
12.35
13.26
18.33
10.74
15.58
24.1
22.51
18.31
17.58
18.68
18.85
19.87
22.78
25.05
16.97
15.19
19.43
24.76
16.21
12.67
17.75
20.8
15.26
8.203
8.997
11.83
11.77
7.068
15.5
17.21
14.16
13.62
15.11
14.28
14.67
14.77
15.55
17.02
14.21
10.21
11.41
11.69
12.79
11.95
12.72
13.11
11.77
11.55
12.6
10.47
8.557
8.313
8.716
12.17
11.1
14.58
16.63
17.87
22.29
17.94
17.7
15.58
15.5
15.65
17.7
19.07
16.06
16.55
15.75
15.58
15.65
14.14
11.88
5.664
7.874
9.131
12.39
11.77
17.75
19.6
19.56
20.53
15.11
14.65
14.38
17.7
17.24
17.29
18.19
18.48
15.55
17.94
17.87
14.06
13.62
15.48
17.87
13.82
16.82
15.36
13.4
16.11
12.39
14.26
13.18
15.94
16.89
16.16
14.09
11.4
12.43
15.36
19.46
15.11
19.19
23.02
17.68
13.96
16.21
19.31
13.96
19.34
9.424
6.75
10.4
8.105
11.12
14.09
11.32
12.77
12.18
15.11
14.97
10.99
13.11
12.38
12.5
12.49
9.937
10.17
10.4
11.11
12.72
10.1
9.863
9.399
9.863
10.05
14.09
15.53
17.92
18.9
20.61
20.51
19.73
19.38
17.6
16.67
14.4
16.31
19.02
16.53
15.82
16.77
16.5
15.97
18.12
17.72
18.24
15.58
16.6
14.94
13.62
17.48
17.46
17.53
19.34
17.94
14.92
14.75
15.58
14.77
14.84
15.8
16.28
14.21
18.55
20.46
19.78
18.33
20.29
20.04
18.19
16.87
15.55
12.77
18.16
19.36
19.87
18.63
16.97
18.21
20.83
18.48
16.24
17.07
13.5
10.47
11.07
13.33
11.63
11.72
10.86
9.143
10.94
9.045
9.888
8.582
9.082
9.863
10.3
18.29
13.82
10.5
14.7
17.19
25.44
20.95
21.75
18.8
22.14
19.34
21.68
21.36
20.09
18.9
15.41
14.18
15.55
14.23
13.45
15.06
16.09
16.04
17.14
15.14
17.6
19.75
21.04
19.07
18.77
16.77
16.92
13.21
15.06
16.58
17.16
15.5
14.62
14.53
13.06
15.23
14.77
17.02
14.97
18.53
20.7
19.26
19.6
14.97
15.67
14.09
15.11
15.11
13.67
12.92
12.99
9.473
9.192
12.38
18.24
16.77
10.31
7.678
14.84
12.89
14.28
15.7
15.31
9.375
15.62
11.41
15.21
21.36
18.48
10.36
14.14
19.07
17.11
18.02
17.48
20.24
19.8
19.04
26.32
19.8
23.51
24.46
21.7
22.14
24.29
18.33
13.53
12.72
12.72
12.7
13.96
14.04
17.94
21.0
25.88
24.12
17.87
17.07
16.99
16.5
16.92
14.21
14.16
12.02
11.96
13.89
12.44
14.87
10.62
14.26
12.27
12.21
10.25
9.192
13.23
21.26
12.22
12.6
17.9
19.87
18.82
17.87
18.58
18.16
20.07
17.29
20.48
19.07
18.46
17.04
16.28
14.23
17.85
14.58
12.3
12.12
6.897
7.007
10.85
14.01
15.14
15.09
16.16
19.38
23.71
27.44
25.78
13.53
16.14
17.53
17.68
14.4
15.28
18.46
19.09
18.46
18.55
20.75
17.58
14.99
13.82
12.52
15.94
14.94
15.01
14.79
16.28
17.6
22.02
16.85
17.75
19.19
15.6
14.99
19.04
16.77
13.55
12.89
13.82
13.38
14.33
14.09
13.11
13.6
15.09
21.29
27.78
22.46
19.31
21.29
17.16
15.26
25.83
20.09
13.92
9.692
8.643
8.386
9.631
12.99
8.85
9.094
9.448
10.57
9.961
10.3
9.644
12.1
12.18
13.77
17.14
15.99
20.56
18.53
20.04
21.7
20.04
21.66
20.48
20.53
20.12
20.65
21.83
20.83
21.02
16.31
13.09
14.33
18.8
