0.01545
0.01965
0.0186
0.009632
0.009823
0.01421
0.01364
0.02041
0.01516
0.0186
0.01268
0.01478
0.01593
0.02031
0.01936
0.01783
0.01831
0.01698
0.01478
0.01411
0.02317
0.02546
0.01678
0.009632
0.008678
0.01354
0.01087
0.01087
0.009251
0.009918
0.01936
0.02394
0.02375
0.01984
0.02041
0.05636
0.01402
0.01421
0.01612
0.008011
0.01125
0.009823
0.01965
0.01249
0.01469
0.007915
0.007629
0.00515
0.01326
0.01822
0.01831
0.0165
0.01392
0.01793
0.01745
0.01574
0.0124
0.01249
0.01507
0.01259
0.01421
0.01774
0.01364
0.01116
0.01621
0.01259
0.01888
0.01736
0.01526
0.01545
0.01783
0.01259
0.008011
0.01431
0.01564
0.01192
0.02422
0.01793
0.01669
0.02432
0.01001
0.01202
0.01774
0.01221
0.007725
0.01259
0.02079
0.0165
0.03195
0.02909
0.02155
0.01974
0.01373
0.01678
0.02031
0.0246
0.0186
0.02298
0.02117
0.02155
0.02022
0.03242
0.02012
0.0349
0.03529
0.02165
0.02003
0.0267
0.01888
0.03223
0.0288
0.02794
0.02069
0.01783
0.01955
0.0206
0.0185
0.01831
0.02766
0.01678
0.01259
0.01364
0.01764
0.01192
0.02661
0.01469
0.02365
0.02661
0.02337
0.01554
0.02499
0.01059
0.01516
0.02394
0.01068
0.01316
0.008678
0.01755
0.04654
0.03119
0.01335
0.008869
0.008869
0.0144
0.01249
0.01221
0.01812
0.0123
0.0206
0.02279
0.01955
0.02098
0.01106
0.01192
0.01049
0.006866
0.01202
0.0185
0.01259
0.01431
0.0164
0.01478
0.02251
0.01621
0.0103
0.008488
0.0145
0.01574
0.007534
0.01783
0.01297
0.01373
0.02098
0.03319
0.01993
0.05369
0.02909
0.02375
0.02422
0.02279
0.02489
0.03157
0.02623
0.02308
0.01917
0.02556
0.02661
0.02232
0.02193
0.03233
0.02422
0.02337
0.01574
0.02384
0.01783
0.02289
0.02451
0.02222
0.02661
0.02756
0.02308
0.0124
0.01278
0.01163
0.01364
0.01688
0.01106
0.008106
0.007057
0.01011
0.0124
0.01802
0.01173
0.01297
0.03109
0.02146
0.02127
0.04358
0.04263
0.03786
0.02832
0.02747
0.01383
0.01678
0.01726
0.01707
0.01183
0.008869
0.01135
0.01593
0.0124
0.008774
0.008392
0.005531
0.006485
0.009632
0.007057
0.007343
0.006199
0.006199
0.004292
0.008678
0.0432
0.009823
0.01507
0.02403
0.02003
0.01307
0.01688
0.01392
0.01755
0.01478
0.01793
0.05026
0.03557
0.02146
0.02346
0.01688
0.0164
0.01755
0.01154
0.01678
0.0246
0.0124
0.01602
0.01211
0.02184
0.02203
0.01383
0.01383
0.01745
0.01755
0.01402
0.01125
0.01307
0.0103
0.009537
0.007153
0.0123
0.01154
0.01059
0.01116
0.01707
0.02022
0.02337
0.02375
0.01745
0.01879
0.02403
0.02098
0.03347
0.02832
0.01535
0.01526
0.01392
0.01745
0.01974
0.02842
0.01755
0.01841
0.01745
0.0206
0.02155
0.01993
0.02193
0.01659
0.02222
0.02394
0.01469
0.02546
0.01926
0.01554
0.01602
0.02499
0.02069
0.01869
0.01831
0.01793
0.01783
0.03233
0.03204
0.02289
0.02527
0.06657
0.03872
0.03386
0.02069
0.01564
0.01392
0.01373
0.01307
0.0103
0.01593
0.01411
0.0102
0.00782
0.01001
0.008297
0.009727
0.01249
0.008488
0.01812
0.02565
0.02251
0.01497
0.02298
0.01287
0.01373
0.01316
0.0123
0.0145
0.01335
0.008488
0.0124
0.02508
0.01173
0.01926
0.0186
0.0164
0.01879
0.01125
0.01316
0.01421
0.01574
0.01192
0.01822
0.02165
0.01907
0.02308
0.01755
0.0144
0.01383
0.0103
0.01497
0.0246
0.01383
0.01173
0.01059
0.02136
0.01955
0.02317
0.0185
0.01936
0.04711
0.01144
0.04005
0.05693
0.0577
0.04358
0.03853
0.04339
0.04473
0.03643
0.0474
0.03824
0.04854
0.02518
0.03948
0.04206
0.03719
0.0289
0.02127
0.008869
0.01163
0.008583
0.01345
0.01478
0.01678
0.0164
0.01822
0.01564
0.01774
0.01459
0.01574
0.01278
0.01593
0.0123
0.0103
0.005817
0.01154
0.01078
0.007629
0.0103
0.008106
0.01011
0.007439
0.008583
0.01106
0.007248
0.006008
0.007057
0.007629
0.004673
0.004292
0.008583
0.01125
0.01135
0.01526
0.008297
0.0103
0.007057
0.006676
0.01163
0.0104
0.009346
0.006199
0.01192
0.007153
0.007248
0.01097
0.009918
0.008678
0.009155
0.005913
0.004768
0.005436
0.009823
0.009632
0.01106
0.01297
0.01345
0.01144
0.02117
0.01307
0.01812
0.02193
0.02832
0.02012
0.02327
0.02842
0.03872
0.01783
0.02232
0.01526
0.01602
0.01698
0.02651
0.0186
0.01764
0.02451
0.02193
0.01545
0.02546
0.01698
0.02193
0.02584
0.01755
0.02079
0.01698
0.01783
0.02375
0.01545
0.01984
0.02146
0.0186
0.02203
0.03357
0.02565
0.01059
0.01545
0.01192
0.01459
0.01373
0.01268
0.009823
0.0104
0.01507
0.03119
0.04597
0.03452
0.02613
0.02689
0.03576
0.02241
0.01593
0.01192
0.007153
0.008297
0.01278
0.01287
0.00782
0.009727
0.009441
0.009251
0.01183
0.009251
0.01135
0.01135
0.006962
0.01106
0.01059
0.007153
0.0124
0.01163
0.0103
0.01087
0.01125
0.01144
0.01049
0.01411
0.01898
0.02127
0.01688
0.01812
0.01698
0.01631
0.01917
0.02737
0.03071
0.03262
0.02041
0.0205
0.01688
0.01268
0.01783
0.01411
0.01097
0.0123
0.01831
0.02165
0.01678
0.0186
0.008774
0.009155
0.01087
0.02022
0.01564
0.01879
0.02308
0.02584
0.03204
0.02356
0.02146
0.033
0.03042
0.04101
0.02108
0.02642
0.03471
0.03099
0.03233
0.0185
0.03223
0.03996
0.04673
0.03567
0.033
0.01955
0.01345
0.01898
0.04578
0.01755
0.01249
0.01383
0.01574
0.01192
0.01965
0.01554
0.01831
0.01001
0.01955
0.01554
0.02756
0.03395
0.01402
0.01221
0.02022
0.0349
0.02193
0.02108
0.02003
0.06275
0.02632
0.03109
0.02298
0.01545
0.02327
0.06094
0.01802
0.01459
0.01345
0.01707
0.01736
0.02279
0.02279
0.02241
0.0144
0.0164
0.01211
0.01354
0.01116
0.01965
0.008965
0.01364
0.009346
0.01173
0.01049
0.01211
0.01383
0.009918
0.007534
0.01116
0.009727
0.01535
0.01707
0.0144
0.02317
0.0267
0.02756
0.02899
0.0247
0.01841
0.01411
0.01936
0.01554
0.01068
0.02327
0.0205
0.01173
0.0165
0.01354
0.02556
0.02203
0.009823
0.009155
0.03948
0.03471
0.02337
0.02871
0.03328
0.01898
0.02155
0.02317
0.0247
0.02089
0.02203
0.01135
0.01259
0.01659
0.02604
0.02642
0.02851
0.01755
0.01421
0.02012
0.01574
0.01431
0.01993
0.01431
0.01612
0.01564
0.01984
0.01383
0.01402
0.01259
0.01469
0.0102
0.009918
0.01802
0.01507
0.01097
0.0165
0.0123
0.01965
0.01745
0.01812
0.01545
0.01326
0.01392
0.01888
0.01144
0.01001
0.01125
0.004673
0.009727
0.009632
0.008488
0.01106
0.0104
0.007534
0.006199
0.01173
0.01469
0.01783
0.02117
0.01373
0.01373
0.01621
0.01545
0.0144
0.009632
0.01802
0.01316
0.01802
0.01354
0.01144
0.01268
0.01078
0.0144
0.01278
0.01297
0.008678
0.007629
0.008488
0.006104
0.01678
0.01621
0.01373
0.01688
0.01459
0.008583
0.008392
0.0186
0.0248
0.02136
0.01745
0.01059
0.01783
0.01364
0.02556
0.02174
0.02213
0.02451
0.02279
0.02584
0.0288
0.03166
0.0185
0.02127
0.02289
0.02604
0.02127
0.02337
0.02718
0.02165
0.02575
0.02499
0.02403
0.0226
0.02565
0.01307
0.02031
0.01078
0.01097
0.01001
0.009441
0.01249
0.01469
0.01173
0.01459
0.0145
0.01354
0.0165
0.03128
0.04148
0.04339
0.04539
0.02985
0.0186
0.04616
0.03252
0.01402
0.007153
0.00906
0.005722
0.0104
0.01383
0.006008
0.00639
0.008965
0.01097
0.006771
0.004578
0.006485
0.004673
0.005341
0.008488
0.01049
0.01621
0.008106
0.0206
0.01268
0.01488
0.01974
0.01945
0.0102
0.01278
0.0124
0.01097
0.01631
0.09375
0.01593
0.02041
0.01192
0.02003
0.01936
