6.024
7.361
8.472
8.74
9.058
8.606
6.213
6.195
6.024
6.024
6.024
6.024
6.024
6.024
6.024
6.024
6.024
6.024
6.024
6.024
6.024
6.024
6.024
6.024
6.024
6.024
6.024
6.024
6.024
6.024
6.024
6.024
6.25
9.265
14.72
16.09
16.72
17.19
17.55
17.75
18.04
18.26
16.82
14.75
13.67
12.28
8.459
8.447
12.87
16.33
17.26
17.85
18.19
16.65
14.94
13.23
9.546
8.508
8.618
8.508
8.728
8.447
9.924
15.62
16.99
17.68
18.14
17.14
14.77
13.43
10.21
8.838
15.26
16.97
17.68
18.16
16.75
15.09
13.99
9.79
8.704
8.411
8.557
8.655
8.35
8.643
11.46
15.58
16.58
17.16
17.53
17.77
18.02
18.31
17.8
14.89
14.28
11.83
9.192
9.253
8.997
9.57
15.09
16.36
16.97
17.38
17.65
17.92
18.31
17.02
14.7
13.65
12.01
9.595
13.4
15.84
16.65
17.24
17.68
18.04
18.29
17.11
14.75
14.11
10.75
9.204
9.216
10.06
9.314
15.28
20.39
20.73
20.46
14.06
10.85
15.67
16.75
17.43
17.9
18.16
18.43
18.58
15.97
14.92
13.18
10.74
9.68
8.96
8.875
10.05
9.29
8.777
14.38
20.56
20.85
19.9
10.97
9.241
12.6
15.75
16.48
17.07
17.5
17.8
18.14
18.31
18.31
14.67
14.7
12.67
10.96
7.959
11.39
19.09
20.85
20.41
13.48
9.009
9.021
9.351
8.972
7.776
6.219
6.219
6.219
6.219
6.219
6.244
9.18
8.398
8.887
9.033
12.82
19.87
20.8
20.8
16.63
7.385
9.131
8.838
9.094
9.07
8.911
8.948
8.972
7.568
6.311
6.219
6.219
6.219
6.219
6.232
8.948
9.106
9.021
8.911
8.96
8.875
8.923
9.302
16.87
20.83
20.8
16.85
11.49
19.34
20.83
20.83
19.21
12.32
18.19
20.83
20.29
13.53
6.458
6.287
8.716
8.96
8.899
8.911
8.948
8.911
9.192
9.07
9.058
9.583
17.21
20.83
20.83
19.21
13.75
9.595
13.06
20.24
20.83
19.21
7.043
6.409
6.238
6.226
8.862
8.508
8.594
8.691
14.04
20.41
20.73
19.78
11.49
17.8
20.7
20.78
18.6
9.424
9.766
8.813
8.911
9.558
6.714
6.409
6.262
6.262
6.262
6.262
9.058
9.106
15.94
20.61
20.75
19.41
12.1
9.509
9.229
8.911
9.045
9.326
8.923
9.29
9.241
8.801
8.838
7.507
6.409
6.409
6.409
6.409
6.409
6.409
8.557
8.704
9.082
9.302
16.65
20.83
20.85
18.33
8.777
8.74
8.691
8.667
8.765
8.826
8.496
8.838
8.997
7.715
6.409
6.409
6.409
6.409
6.409
6.409
8.252
8.35
8.667
8.936
8.618
13.75
20.65
20.85
16.87
14.48
20.75
20.85
16.63
8.826
8.337
8.508
8.337
7.397
6.409
6.409
6.409
6.409
6.409
6.409
8.716
9.521
9.192
14.53
20.61
20.7
20.29
14.31
17.43
20.83
20.83
17.31
9.888
8.752
9.546
17.36
20.85
20.83
20.0
9.753
8.875
12.74
16.26
17.04
17.5
17.92
18.19
18.41
18.65
18.9
19.17
19.17
19.26
19.36
19.43
19.56
19.56
19.6
19.73
19.73
19.8
19.92
19.92
20.0
20.12
20.14
20.31
20.46
20.61
20.7
20.7
20.7
18.58
17.46
18.7
20.26
20.85
20.87
20.87
20.87
20.87
20.73
19.75
18.41
18.04
17.53
11.87
11.27
16.14
17.16
17.7
18.16
18.29
18.51
18.73
18.92
19.17
19.24
19.36
19.36
19.56
19.56
19.56
19.75
19.75
19.95
19.95
19.95
19.97
20.12
20.12
20.14
20.31
20.31
20.48
20.51
20.51
20.68
18.55
16.5
18.41
19.65
20.87
20.87
20.87
20.7
20.29
20.21
19.97
19.38
17.99
17.41
17.24
16.7
8.057
12.87
16.46
17.24
17.68
18.14
18.33
18.58
18.95
19.17
19.34
19.36
19.46
19.56
19.6
19.73
19.75
19.75
19.82
19.95
20.12
20.12
20.24
20.39
20.51
20.7
20.68
18.82
17.53
18.12
19.6
19.9
20.87
20.87
20.87
20.78
20.61
20.29
19.38
19.02
17.87
16.63
16.43
13.92
7.092
9.387
15.48
16.92
17.53
17.97
18.26
18.38
18.63
18.85
19.02
19.17
19.29
19.36
19.36
19.41
19.56
19.56
19.65
19.75
19.75
19.92
19.95
19.95
19.95
19.95
20.12
20.12
20.17
20.31
20.41
20.51
20.51
20.58
20.68
17.94
17.29
18.26
20.07
20.43
20.48
20.48
20.48
20.48
20.29
19.95
19.04
18.41
18.41
17.87
8.801
13.99
16.04
16.77
17.02
14.26
12.99
13.06
13.23
19.17
20.21
18.7
12.18
12.35
15.77
16.67
16.7
13.26
13.09
12.96
12.16
18.09
20.02
19.73
17.33
9.692
13.96
15.94
16.65
16.94
14.79
12.37
12.82
10.68
10.62
15.21
16.36
16.92
16.33
12.65
12.87
11.46
15.5
19.87
20.02
15.65
10.28
15.82
16.99
17.58
18.14
18.36
18.51
18.8
18.99
19.17
19.17
19.36
19.36
19.38
19.56
19.56
19.56
19.56
19.65
19.75
19.75
19.78
19.95
19.95
19.95
19.95
20.12
20.12
20.14
20.14
20.31
20.41
20.51
20.51
20.51
20.58
20.7
20.51
16.75
18.31
19.85
19.95
20.09
20.09
20.09
20.09
20.12
19.95
19.92
19.14
18.99
18.33
8.594
12.52
16.41
17.29
17.9
18.29
18.46
18.68
18.92
19.12
19.17
19.34
19.34
19.34
19.43
19.53
19.53
19.56
19.73
19.73
19.87
19.9
19.92
20.09
20.12
20.12
20.12
20.26
20.29
20.46
20.61
20.7
20.68
18.82
16.85
18.33
19.68
20.39
20.63
20.63
20.51
20.46
20.48
20.48
19.78
18.24
18.02
17.9
14.84
9.863
11.98
9.656
9.009
10.13
11.28
18.82
20.85
20.85
16.94
10.64
9.814
10.3
12.0
19.12
20.8
20.0
11.87
10.36
9.998
10.75
17.82
20.78
20.75
18.99
9.338
14.94
16.72
17.41
17.9
18.31
18.48
18.77
19.09
19.19
19.36
19.36
19.53
19.53
19.73
19.73
19.73
19.85
19.92
20.04
20.12
20.12
20.12
20.31
20.46
20.51
20.61
19.36
16.89
18.12
20.53
20.87
20.87
20.87
20.68
20.68
20.63
20.51
20.24
17.68
17.04
16.46
8.484
8.984
12.5
16.99
17.87
18.26
18.58
19.02
19.21
19.34
19.46
19.53
19.7
19.73
19.87
19.92
19.92
20.0
20.12
20.12
20.12
20.12
20.29
20.43
20.51
20.51
20.63
18.97
16.87
18.12
19.53
20.48
20.48
20.48
20.48
20.48
20.48
20.24
19.41
18.43
17.43
16.92
8.533
6.409
6.409
6.409
6.409
7.227
9.912
10.38
9.912
9.546
10.22
9.814
9.753
9.583
10.08
9.9
