0.01783
0.01087
0.01736
0.01326
0.01421
0.01516
0.01822
0.01621
0.01955
0.01717
0.01364
0.01545
0.01278
0.0124
0.01917
0.02165
0.01364
0.01736
0.0165
0.01307
0.01841
0.01144
0.02317
0.01326
0.01373
0.01287
0.01287
0.03157
0.01936
0.01326
0.0124
0.01373
0.01259
0.0186
0.01659
0.01669
0.01764
0.01812
0.01421
0.0124
0.01211
0.01659
0.01421
0.01307
0.01011
0.01717
0.0145
0.01621
0.01602
0.01659
0.01659
0.01841
0.01936
0.01574
0.01659
0.01488
0.01688
0.01898
0.01717
0.01621
0.008774
0.01831
0.01621
0.01612
0.01678
0.02346
0.01411
0.01421
0.01974
0.01545
0.01535
0.01345
0.02241
0.01688
0.01745
0.01659
0.01421
0.01783
0.01392
0.01421
0.01907
0.01612
0.009346
0.01488
0.009727
0.01431
0.01287
0.01497
0.009727
0.01402
0.01049
0.0226
0.01297
0.01106
0.01659
0.01516
0.01154
0.01202
0.009441
0.01097
0.01183
0.0165
0.01335
0.01459
0.01001
0.01764
0.03633
0.01392
0.04349
0.03777
0.01307
0.01087
0.01392
0.0104
0.01745
0.01478
0.02089
0.07591
0.02079
0.01431
0.01497
0.01287
0.01698
0.01497
0.05255
0.01669
0.02995
0.01888
0.01278
0.0246
0.02165
0.01659
0.01631
0.01841
0.01574
0.01583
0.01707
0.0205
0.01478
0.01945
0.02403
0.01554
0.01545
0.01431
0.01535
0.01478
0.01183
0.0308
0.01354
0.01402
0.01698
0.01526
0.01345
0.01278
0.01526
0.01354
0.01459
0.01478
0.01345
0.01564
0.02155
0.02022
0.01173
0.01793
0.01621
0.01278
0.01783
0.0144
0.01488
0.0206
0.01593
0.01507
0.02098
0.01307
0.01431
0.01507
0.01383
0.01278
0.01631
0.01879
0.02918
0.01659
0.01554
0.01326
0.01392
0.01488
0.01507
0.02651
0.01526
0.02184
0.04606
0.0227
0.01888
0.01936
0.02556
0.01593
0.01659
0.01984
0.01383
0.0124
0.01192
0.01793
0.0164
0.01459
0.0145
0.02832
0.01545
0.01841
0.01411
0.01421
0.01678
0.01631
0.01011
0.01583
0.01345
0.01287
0.01869
0.01659
0.02174
0.01497
0.0165
0.0144
0.01373
0.01755
0.01392
0.02728
0.01631
0.01659
0.01688
0.01554
0.0145
0.0145
0.01879
0.03347
0.0205
0.0268
0.02422
0.02508
0.01583
0.0164
0.02003
0.01755
0.01078
0.01574
0.01583
0.01278
0.01326
0.01373
0.01307
0.01364
0.01745
0.01364
0.01774
0.02623
0.02556
0.01307
0.03366
0.01249
0.01211
0.01268
0.01326
0.01326
0.02785
0.01202
0.01163
0.01125
0.01154
0.03071
0.01488
0.02937
0.01202
0.01335
0.02031
0.01917
0.01879
0.0248
0.01335
0.01192
0.01345
0.01087
0.01535
0.01364
0.0124
0.02298
0.03977
0.01211
0.01736
0.01602
0.02422
0.01078
0.01497
0.01335
0.0124
0.01335
0.01211
0.01659
0.01469
0.01898
0.01545
0.0124
0.01154
0.01326
0.01278
0.01268
0.01507
0.01211
0.01268
0.01755
0.01497
0.01354
0.01249
0.008488
0.01059
0.01116
0.01402
0.01249
0.01478
0.01488
0.01278
0.01364
0.01335
0.01287
0.01431
0.01068
0.04339
0.01278
0.01278
0.01554
0.01268
0.01612
0.01574
0.01526
0.01516
0.01459
0.01087
0.01402
0.01516
0.01459
0.01431
0.01116
0.01249
0.01278
0.01488
0.01621
0.01736
0.01431
0.01984
0.01698
0.02899
0.01373
0.01297
0.0104
0.01221
0.01698
0.01593
0.01163
0.01421
0.01593
0.0102
0.01068
0.01192
0.01554
0.01326
0.0164
0.01183
0.008965
0.01907
0.01602
0.01497
0.01364
0.01707
0.03071
0.01287
0.02794
0.02098
0.02422
0.02041
0.01583
0.01907
0.01764
0.01192
0.01354
0.0103
0.01774
0.01545
0.01535
0.0123
0.01097
0.01125
0.0164
0.01478
0.01411
0.01345
0.0186
0.0123
0.01631
0.01364
0.01154
0.01192
0.01068
0.01678
0.01259
0.0123
0.01678
0.01278
0.01345
0.01192
0.0164
0.01268
0.0165
0.01259
0.01278
0.01144
0.01316
0.0104
0.01888
0.03796
0.01459
0.02098
0.0102
0.0145
0.01211
0.01831
0.01488
0.01211
0.01602
0.01411
0.01345
0.01154
0.01879
0.01125
0.01297
0.01698
0.01202
0.01316
0.0144
0.01822
0.01097
0.01726
0.01135
0.02489
0.01278
0.01059
0.01125
0.01602
0.0185
0.0123
0.0267
0.01259
0.01431
0.01497
0.01078
0.01297
0.01154
0.01431
0.01745
0.01316
0.01354
0.0145
0.01345
0.01726
0.01669
0.01316
0.01392
0.01135
0.01621
0.01526
0.01507
0.01717
0.008965
0.01593
0.01612
0.01307
0.0145
0.01736
0.01497
0.01564
0.0124
0.01488
0.01774
0.01268
0.01507
0.01717
0.01497
0.01707
0.01469
0.01879
0.02232
0.01507
0.0102
0.01688
0.0164
0.01593
0.01507
0.01774
0.02022
0.01554
0.01326
0.01278
0.01364
0.01707
0.01783
0.01612
0.01144
0.01602
0.01955
0.01125
0.01516
0.009537
0.01459
0.01097
0.01678
0.01707
0.01612
0.01459
0.01307
0.01183
0.01087
0.008869
0.01488
0.0144
0.01068
0.0164
0.01392
0.009155
0.01717
0.01183
0.01793
0.01144
0.01469
0.01011
0.01068
0.01354
0.01049
0.009441
0.01631
0.0144
0.01431
0.01831
0.01097
0.01507
0.01402
0.01583
0.01373
0.01431
0.01307
0.009823
0.01125
0.01287
0.01135
0.01593
0.0145
0.01335
0.01593
0.01202
0.01192
0.01383
0.01678
0.01364
0.01392
0.01965
0.01287
0.01383
0.0104
0.01688
0.01516
0.01488
0.01574
0.01421
0.01183
0.01564
0.02003
0.01411
0.01173
0.01383
0.01593
0.0102
0.01507
0.01431
0.01431
0.0145
0.01621
0.01307
0.01755
0.01602
0.01192
0.01507
0.02298
0.01249
0.01421
0.01345
0.01535
0.01354
0.01202
0.01755
0.01631
0.01764
0.01745
0.01211
0.01564
0.01211
0.01554
0.01297
0.01297
0.01211
0.01192
0.01469
0.01459
0.0102
0.01326
0.009632
0.01888
0.01841
0.0165
0.0103
0.05798
0.01335
0.01678
0.01507
0.01535
0.02003
0.01364
0.01459
0.01402
0.01469
0.0145
0.009632
0.02298
0.0309
0.03815
0.01392
0.01488
0.01268
0.01411
0.0164
0.01202
0.1446
0.03786
0.01678
0.01621
0.0144
0.01287
0.01955
0.0165
0.01364
0.01478
0.01431
0.01621
0.01812
0.01297
0.01373
0.01421
0.01612
0.01898
0.01564
0.01869
0.01612
0.01459
0.01535
0.01059
0.01268
0.01163
0.01183
0.02251
0.01278
0.01345
0.0186
0.01469
0.01373
0.01659
0.01392
0.01297
0.01221
0.01507
0.01192
0.01497
0.0124
0.01354
0.01783
0.0145
0.01526
0.01955
0.01583
0.01354
0.01564
0.009918
0.01869
0.01497
0.01574
0.01125
0.01669
0.0103
0.01526
0.01383
0.0144
0.01326
0.01268
0.0165
0.01392
0.01259
0.01287
0.01516
0.01631
0.01583
0.01526
0.01335
0.01793
0.01726
0.01249
0.0185
0.01774
0.01554
0.01698
0.01316
0.0186
0.01068
0.01459
0.01059
0.01774
0.01488
0.02203
0.01802
0.01488
0.01411
0.01297
0.01459
0.01354
0.01326
0.01192
0.01564
0.01507
0.01192
0.01621
0.01392
0.009441
0.01459
0.01564
0.01869
0.02174
0.01221
0.02012
0.01926
0.01459
0.01259
0.01488
0.01335
0.01707
0.01297
0.04377
0.01717
0.01411
