28.47
28.81
28.47
28.66
28.52
28.86
29.35
28.96
28.96
0.0
28.42
28.47
28.27
28.61
28.37
28.61
28.42
28.17
28.22
28.17
28.76
28.47
28.22
28.12
28.22
28.12
28.17
28.22
28.08
28.03
28.03
28.47
28.32
28.61
28.47
28.03
27.39
26.81
26.56
26.12
25.73
25.15
24.73
24.29
23.9
23.19
22.51
21.95
21.39
20.73
20.34
20.14
19.75
19.58
19.04
16.99
17.46
17.63
17.5
16.89
16.55
16.53
15.7
15.09
14.87
14.28
13.82
13.43
13.04
11.33
11.05
10.78
10.38
10.05
9.521
9.399
8.997
8.691
8.423
8.228
7.861
7.568
7.397
7.117
6.677
6.458
6.348
6.14
5.908
5.64
5.45
5.164
4.974
4.858
4.657
4.468
4.303
4.156
4.077
3.851
3.815
3.693
3.583
3.497
3.363
3.198
3.104
2.982
2.982
2.747
2.689
2.869
2.75
2.612
2.594
2.563
2.505
2.402
2.31
2.353
2.356
2.301
2.304
2.548
2.609
2.621
2.509
2.597
2.402
2.49
2.612
2.576
2.713
2.728
2.792
2.975
3.131
3.259
3.174
3.204
3.265
3.491
3.601
3.949
3.967
4.077
4.248
4.352
4.468
4.675
4.84
4.999
4.999
5.402
5.829
5.975
5.975
6.299
6.616
7.043
7.153
7.568
8.069
8.936
9.766
9.778
10.05
10.51
11.05
11.63
11.83
11.91
13.38
13.28
13.57
14.14
14.6
14.79
14.99
15.21
15.58
15.65
16.33
16.19
16.14
16.14
16.48
16.97
17.29
17.55
13.77
18.09
18.48
18.82
0.0
19.24
18.9
19.26
20.83
21.26
20.9
21.14
21.19
21.22
21.83
21.44
21.56
21.58
21.78
22.02
21.92
22.12
22.27
22.29
22.63
22.58
22.66
22.61
22.97
23.32
23.27
23.68
23.66
24.98
24.85
25.29
25.34
25.68
26.12
25.78
26.95
27.29
27.64
28.08
28.12
27.93
28.17
27.88
28.47
28.56
28.52
28.08
28.22
28.37
28.27
28.22
29.0
29.3
29.3
29.44
29.44
29.44
29.44
29.49
29.44
29.54
29.54
29.54
28.91
28.66
28.76
28.66
28.37
28.56
28.71
28.61
28.17
28.52
28.22
28.71
28.76
28.66
29.15
29.39
29.2
29.25
29.59
29.2
25.2
0.0
27.49
28.91
29.69
29.64
29.64
28.91
28.61
29.05
28.71
29.1
28.56
29.59
28.81
29.54
29.1
29.64
28.66
29.05
28.71
29.25
28.52
28.96
28.71
28.37
28.47
28.56
28.47
28.27
27.78
28.22
28.42
28.42
28.86
29.74
29.1
28.66
28.66
28.56
28.12
27.83
27.54
27.34
26.51
26.46
25.34
24.73
24.05
23.71
23.24
22.66
22.09
21.58
21.19
20.53
19.82
19.26
18.29
17.7
15.41
14.94
14.31
13.67
13.18
12.57
12.18
11.65
11.0
10.88
10.66
9.912
9.253
8.96
8.582
8.093
7.8
7.642
7.043
6.848
6.995
6.677
6.567
6.122
5.969
5.603
5.389
5.194
4.962
4.706
4.59
4.437
4.285
4.138
4.028
3.833
3.778
3.674
3.491
3.546
3.516
3.503
3.314
3.168
3.079
2.933
2.945
2.808
2.744
2.762
2.682
2.576
2.527
2.451
2.493
2.518
2.548
2.579
2.505
2.542
2.618
2.515
2.472
2.502
2.509
2.512
2.744
2.85
2.975
3.113
3.29
3.485
3.625
3.735
3.894
3.949
4.034
4.205
4.37
4.584
4.724
4.932
5.212
5.261
5.463
5.664
5.499
6.067
5.908
6.396
6.47
6.897
6.885
6.958
7.275
7.483
7.385
7.812
8.496
9.106
9.619
10.34
11.0
11.58
12.06
12.65
13.21
13.55
14.14
14.28
14.87
15.11
15.48
15.65
15.8
16.16
16.58
16.8
16.5
0.0
17.29
17.38
17.53
17.5
17.7
18.6
19.36
19.21
19.63
19.8
20.14
20.12
20.26
20.36
20.56
20.53
21.04
21.31
21.68
21.85
22.02
22.29
22.14
22.39
22.17
22.34
22.61
22.61
23.12
23.12
23.14
23.17
23.24
23.12
22.83
22.97
23.1
22.92
23.0
23.02
23.0
23.07
22.83
23.0
22.85
22.58
22.71
22.39
22.8
22.83
22.95
21.51
20.87
20.95
21.53
22.31
22.44
22.17
21.8
21.7
22.0
22.44
22.58
23.27
23.27
23.93
24.12
24.54
25.34
25.83
25.83
26.37
26.22
26.42
27.05
27.64
27.88
28.27
28.27
28.47
28.37
28.27
28.37
28.47
28.66
29.2
28.76
29.05
29.25
29.83
28.91
29.05
0.0
28.22
29.49
30.08
30.62
29.88
28.32
28.61
29.44
28.86
28.27
29.3
29.69
29.83
29.64
29.59
29.2
28.61
19.21
0.0
0.1877
27.93
28.66
29.0
28.61
28.66
28.66
28.66
28.52
28.61
28.52
28.66
28.71
28.56
28.61
28.47
28.66
28.47
28.37
28.61
28.66
28.81
28.32
28.22
27.78
27.73
27.15
26.71
26.07
25.59
24.98
24.27
23.71
22.9
22.49
22.0
21.46
20.9
20.58
19.92
19.38
18.63
17.9
17.02
16.87
16.31
15.87
15.36
14.7
14.06
13.62
13.04
12.6
12.04
11.62
11.05
10.42
10.03
9.802
9.497
8.838
8.472
8.167
7.922
7.654
7.471
7.251
7.043
6.86
6.421
6.244
5.994
5.859
5.634
5.56
5.249
5.109
5.048
4.846
4.895
4.59
4.462
4.309
4.004
3.973
3.925
3.809
3.644
3.479
3.473
3.345
3.351
3.198
3.116
3.137
3.024
2.905
2.881
2.853
2.823
2.798
2.808
2.734
2.725
2.731
2.597
2.676
2.713
2.692
2.847
2.792
2.756
2.823
2.859
3.259
3.217
3.259
3.534
3.583
3.607
3.723
4.022
4.15
4.108
4.254
4.395
4.657
4.724
4.767
0.0
5.664
6.323
6.372
6.47
6.641
6.677
6.702
6.873
7.153
7.336
7.666
7.812
8.142
8.154
8.423
8.569
9.302
9.888
11.16
11.68
12.55
12.62
14.4
14.77
14.97
15.23
15.45
15.31
15.58
15.38
15.6
16.04
16.48
16.87
17.07
17.75
18.82
18.87
18.53
18.92
18.73
19.43
19.95
20.29
20.39
20.75
21.0
21.19
21.63
21.7
21.9
0.0
21.44
23.0
23.12
22.92
23.0
23.02
23.24
22.97
23.02
23.78
23.93
24.27
24.32
23.46
23.66
23.78
23.9
23.95
24.02
24.44
24.34
24.05
24.27
25.29
25.59
25.59
26.12
26.07
26.03
26.22
25.88
26.32
26.17
27.05
27.25
27.69
28.37
29.0
29.49
29.54
29.44
29.44
29.3
29.25
28.37
29.05
29.1
29.44
29.49
29.3
29.25
29.2
