18.8
15.41
18.73
15.58
20.09
18.8
21.39
15.26
18.53
14.77
17.85
15.6
23.39
19.68
26.12
18.02
18.41
18.41
19.78
16.24
14.75
13.21
15.31
26.56
17.33
15.43
19.63
15.33
21.73
18.85
24.51
19.82
23.63
19.75
20.61
16.04
19.6
15.72
22.07
16.99
20.51
15.14
18.8
15.14
17.87
15.94
15.48
17.14
13.48
20.31
16.06
16.92
14.87
17.33
17.19
15.94
16.65
13.04
27.34
16.09
15.21
18.77
21.24
16.04
18.9
14.92
27.78
25.2
16.36
14.33
15.97
12.92
15.11
20.0
14.99
15.89
18.07
14.97
12.08
16.16
17.87
16.8
15.43
11.12
16.43
12.92
12.02
22.49
15.23
13.72
30.66
16.04
14.89
13.94
17.82
16.97
29.79
19.02
18.43
20.9
28.42
17.11
15.99
11.94
15.58
15.19
17.8
12.17
15.48
15.6
12.13
16.41
12.82
15.7
14.55
20.41
14.01
15.72
13.23
16.53
12.04
16.24
17.33
23.07
18.51
15.23
16.26
12.82
16.09
13.18
13.65
11.98
19.58
15.77
16.19
12.7
18.07
15.33
20.14
16.36
20.97
24.15
17.82
13.28
17.04
13.6
13.75
16.58
13.67
16.89
18.53
13.55
17.02
13.72
16.55
14.79
13.67
19.9
16.16
20.53
17.29
15.31
17.43
15.67
20.07
20.65
17.65
21.41
26.9
18.53
17.55
13.92
14.26
17.53
13.99
14.94
18.75
16.31
19.34
14.43
17.82
14.36
20.19
21.63
20.0
22.14
21.22
18.46
20.39
16.33
20.09
16.5
20.02
17.29
20.53
17.24
20.26
16.97
20.17
15.75
22.92
17.53
15.8
18.21
14.55
17.38
16.85
23.0
17.55
14.31
18.09
15.8
18.48
20.09
20.41
19.82
18.58
15.6
20.9
21.34
16.24
17.41
14.89
19.31
15.58
15.19
19.29
17.75
25.15
19.56
25.39
16.92
20.53
17.99
21.24
18.7
21.51
18.48
21.36
18.04
21.73
18.02
23.73
23.8
24.51
18.77
21.9
18.85
21.61
19.14
22.71
19.9
22.29
18.63
22.14
19.48
22.78
20.07
24.15
23.17
24.19
18.48
22.85
19.41
21.7
19.53
17.11
18.99
26.27
20.19
29.25
17.8
18.14
21.7
18.82
21.24
17.6
20.48
17.48
20.31
17.07
19.17
17.38
19.63
17.75
20.21
16.85
19.58
17.36
20.31
17.58
23.12
18.04
20.12
18.85
20.68
21.39
21.51
19.75
21.29
20.04
24.8
21.22
22.95
17.77
21.66
21.34
19.85
17.11
22.24
19.87
21.51
18.99
22.95
19.75
23.73
21.92
23.17
20.8
23.02
19.26
22.36
19.14
22.83
20.04
23.68
21.04
28.61
26.17
26.86
21.56
24.17
21.04
25.2
22.39
27.59
26.27
28.81
26.86
29.2
25.73
28.81
25.34
27.98
25.49
27.69
24.8
25.68
22.31
29.15
26.07
28.52
25.83
27.83
22.41
25.15
21.61
24.98
22.14
25.88
23.27
26.03
23.05
26.22
23.19
26.17
22.29
24.85
22.9
26.07
23.02
26.32
23.34
26.22
24.29
26.27
25.73
30.13
25.73
26.76
22.85
26.27
22.66
27.88
24.51
26.07
23.46
25.73
22.07
25.44
22.53
25.54
23.51
25.44
22.97
26.22
23.07
23.95
20.73
24.07
22.22
24.27
21.14
25.54
22.24
24.41
19.87
23.24
21.58
23.19
20.65
22.0
21.09
22.44
18.63
20.07
20.02
20.21
17.97
21.04
18.43
21.09
20.41
21.02
19.26
21.73
19.95
20.34
18.29
20.48
18.63
21.95
22.36
22.49
20.9
22.78
21.14
25.88
20.97
22.83
20.21
23.51
18.77
20.51
17.87
20.61
18.53
20.26
20.41
20.87
18.33
19.9
16.48
18.09
16.58
23.17
17.8
17.19
20.02
19.48
18.24
21.63
18.77
20.85
18.63
20.53
18.31
18.04
16.06
18.46
17.31
27.29
23.95
18.14
17.11
20.51
18.36
19.9
18.51
20.75
18.82
22.12
19.78
28.03
25.44
27.39
23.24
24.17
22.63
22.31
20.39
22.44
22.07
21.46
20.09
26.86
21.0
21.68
20.24
22.71
21.19
24.37
23.17
25.98
27.29
29.0
28.27
27.83
29.3
28.91
25.63
27.69
27.73
30.03
24.46
25.05
21.26
23.24
22.46
27.2
25.59
30.13
27.25
26.32
24.93
27.64
26.32
30.37
30.81
25.59
26.22
27.64
25.44
26.27
25.34
27.39
25.49
28.96
25.83
27.88
24.44
28.76
25.98
31.49
26.17
29.05
26.03
29.25
26.51
30.42
28.86
30.47
23.71
27.39
25.05
27.25
27.39
30.32
25.83
26.76
25.05
31.59
27.78
27.93
27.0
28.61
23.0
25.34
21.41
24.29
22.34
25.1
22.95
26.37
23.07
23.95
21.9
25.15
22.44
25.54
23.39
25.73
22.63
24.93
22.36
27.25
22.53
25.88
23.0
26.07
23.14
26.42
23.9
25.24
22.41
25.78
22.14
23.51
23.1
25.49
19.26
22.58
20.34
22.14
20.12
24.34
20.36
21.73
18.92
23.22
20.07
21.7
19.9
22.66
22.17
24.73
23.71
24.93
26.46
27.29
25.98
29.3
25.1
27.64
26.51
29.64
23.54
27.64
23.07
26.37
22.71
27.0
23.51
27.1
24.29
27.34
24.83
27.2
23.17
25.73
23.02
28.17
22.39
25.93
26.95
25.44
22.44
25.34
25.93
27.78
24.24
26.22
23.9
27.73
24.24
26.86
25.63
30.57
26.32
26.76
23.39
27.44
24.66
27.59
24.41
27.73
26.03
27.73
24.76
28.42
24.39
27.69
24.12
27.39
26.61
29.15
23.36
26.03
23.49
26.17
24.73
29.3
21.39
24.15
21.41
24.32
22.09
24.61
20.07
23.41
21.48
23.83
20.43
22.61
20.21
26.9
22.58
27.54
24.32
22.0
19.09
22.27
19.29
22.58
20.46
23.83
18.85
23.07
20.68
23.88
20.29
25.54
21.02
24.66
20.9
25.78
24.32
23.54
20.04
24.12
20.85
23.56
20.83
23.83
20.46
24.41
21.24
24.02
21.24
24.29
21.04
24.44
20.61
24.1
21.22
24.9
21.75
25.0
21.78
27.59
22.12
24.78
21.14
24.54
21.41
26.61
24.58
23.93
22.58
25.1
23.14
23.32
20.02
23.71
20.61
23.22
20.68
23.95
23.44
24.93
20.21
23.12
20.14
24.02
20.53
23.19
20.12
23.54
20.39
23.41
21.24
24.95
20.14
23.22
21.51
26.61
19.82
24.17
19.41
21.09
15.7
19.82
17.63
22.58
19.58
23.05
19.36
23.41
19.58
22.46
20.95
24.66
20.14
24.02
21.36
24.58
20.39
24.32
19.9
23.61
20.14
23.39
19.8
23.71
21.22
23.73
23.95
26.03
24.56
26.27
20.87
21.95
18.73
21.68
17.72
20.78
17.92
21.09
18.36
22.0
17.5
20.9
16.53
19.85
16.92
20.04
15.89
19.78
16.89
21.22
18.07
22.66
19.36
22.17
18.68
21.8
20.53
20.19
17.75
23.85
20.19
22.92
20.21
22.51
19.58
22.07
17.72
21.04
15.87
19.04
15.65
19.73
17.68
20.95
17.99
23.93
18.87
19.31
17.48
20.0
17.29
20.39
20.12
25.05
17.87
24.15
17.48
20.39
16.26
22.31
18.85
22.56
17.41
24.68
20.02
22.0
17.97
22.58
19.09
20.29
16.53
22.61
19.09
23.61
19.8
24.0
18.02
20.51
21.9
20.14
14.48
17.19
13.99
17.5
14.55
18.63
15.75
19.75
16.58
20.65
29.0
17.24
14.58
