21.44
14.67
15.89
16.77
18.68
19.12
18.9
17.04
17.8
17.46
16.82
19.65
19.75
18.46
22.53
17.33
15.48
18.36
18.14
18.48
20.09
20.51
18.8
18.33
18.19
18.73
20.14
20.14
20.43
21.56
16.75
16.87
15.8
19.31
18.16
16.89
16.55
18.02
17.87
19.38
20.41
18.63
16.41
17.02
20.41
20.14
17.26
16.31
15.8
17.97
16.85
15.89
16.67
17.75
17.97
19.12
20.43
19.9
15.21
15.53
16.82
16.46
17.43
19.19
18.48
17.38
18.12
19.75
19.87
17.87
19.53
19.24
17.04
17.53
17.19
17.63
19.53
20.48
17.53
17.38
16.72
17.97
16.97
20.48
15.92
15.87
16.48
14.04
16.5
18.87
18.02
18.51
17.9
18.07
19.51
19.78
20.48
19.78
18.26
19.17
18.29
19.46
18.51
18.29
19.17
18.12
19.95
20.78
22.31
17.65
17.65
17.65
16.24
15.77
18.99
17.65
18.43
18.6
21.36
19.92
18.99
20.7
19.29
21.97
21.19
18.55
18.77
18.41
18.46
17.38
17.7
17.58
19.41
18.09
18.68
19.53
17.99
19.51
18.99
18.77
19.24
20.41
22.63
18.9
15.72
14.99
16.94
17.6
18.8
19.07
20.24
20.36
18.07
18.33
18.65
20.02
20.0
20.97
20.07
17.46
18.63
16.04
16.06
19.29
16.65
16.8
19.26
16.82
17.29
17.72
20.04
20.8
16.94
16.5
16.19
15.62
17.65
17.87
17.26
17.41
18.8
20.24
17.6
16.53
19.46
16.11
16.99
15.5
19.31
17.58
19.56
17.07
18.6
17.43
17.6
17.55
16.16
17.82
14.94
16.8
15.94
17.63
17.19
18.16
19.46
17.21
16.24
15.97
18.41
17.77
16.85
16.99
17.75
16.55
18.85
19.53
17.6
14.53
16.6
17.11
17.07
17.55
18.97
18.26
17.07
15.77
14.43
16.02
16.38
18.73
17.75
19.85
14.99
14.38
16.16
18.75
19.14
17.99
17.7
17.02
16.31
16.77
19.19
20.58
18.19
18.19
17.55
18.53
16.5
17.09
18.87
21.12
19.43
20.48
17.16
17.09
17.24
17.38
17.09
17.63
18.04
19.95
18.26
18.19
20.58
17.02
21.78
18.75
19.36
18.38
18.95
18.09
18.07
18.63
16.97
19.73
20.24
20.17
19.51
16.5
16.85
18.77
17.97
18.21
18.16
18.82
18.7
17.87
19.75
19.53
19.7
17.65
17.8
16.99
17.92
20.09
19.92
19.65
19.09
19.68
18.48
20.0
20.02
20.17
20.31
18.36
18.04
17.16
18.46
18.07
18.43
17.65
18.09
23.24
19.38
17.29
16.89
18.14
19.26
18.9
20.73
20.85
20.41
19.8
16.94
15.89
19.58
17.38
18.68
17.26
18.38
20.21
17.55
17.9
15.01
15.09
16.36
15.67
17.97
17.77
18.8
19.85
22.44
20.21
20.36
16.75
15.87
15.92
16.28
17.09
19.34
17.85
19.48
19.78
20.53
18.7
17.6
16.16
16.6
16.21
17.58
15.92
15.48
16.09
17.33
18.02
19.7
19.21
19.43
19.02
19.6
17.77
18.63
16.89
16.21
16.02
18.73
19.12
17.92
16.67
17.99
19.02
17.29
14.97
14.5
15.55
19.12
20.43
18.53
18.43
18.41
16.87
13.87
14.53
17.46
22.63
24.19
19.6
14.11
15.67
20.09
17.5
19.51
16.02
15.36
16.87
17.6
17.29
16.89
15.01
17.09
16.97
15.41
16.55
18.38
20.09
18.92
17.38
18.77
18.43
16.65
15.09
15.67
16.55
16.67
15.53
18.55
17.16
19.75
16.48
15.84
17.31
18.75
18.38
18.04
17.33
14.84
16.94
20.39
19.87
20.83
21.63
17.55
16.6
17.09
18.14
20.09
20.46
17.41
16.24
18.43
16.36
17.87
19.58
20.29
18.95
22.56
17.41
16.58
17.46
18.48
17.92
16.21
19.21
20.21
20.14
18.75
17.94
17.24
18.43
18.19
18.58
18.51
19.24
18.8
17.24
20.04
18.31
18.75
17.48
17.16
17.5
19.26
17.55
19.63
18.31
17.85
18.51
20.19
19.09
18.21
17.87
18.33
19.09
17.21
18.31
19.65
19.65
22.8
17.29
19.09
17.09
16.58
20.46
20.0
19.65
18.9
17.97
16.14
16.11
18.8
19.21
19.63
19.29
19.58
19.8
17.99
19.56
15.75
17.19
17.33
19.31
20.75
21.88
21.63
15.06
18.85
15.45
20.24
17.82
16.48
17.36
15.92
17.11
17.24
18.7
17.14
19.17
20.97
19.51
17.97
16.55
16.53
16.87
19.02
19.14
17.65
18.31
18.97
18.9
18.38
16.19
18.46
16.85
18.53
17.38
16.53
18.48
18.29
19.51
14.87
15.99
17.75
17.31
18.9
18.63
18.21
18.87
19.63
20.46
20.9
17.82
17.65
16.19
16.02
16.43
18.04
19.24
18.68
17.55
18.85
17.24
18.63
21.02
17.99
17.63
18.04
18.19
18.41
19.53
15.26
16.41
15.14
19.07
18.92
19.12
18.29
18.77
20.58
18.09
15.92
15.92
18.19
16.65
17.55
16.89
18.12
16.31
18.46
17.36
16.89
17.07
16.97
17.72
19.7
18.46
18.07
17.7
17.55
16.46
17.02
19.31
19.75
19.43
18.29
17.82
17.31
16.6
17.65
16.48
17.07
16.82
17.68
20.17
18.77
19.46
16.97
18.58
16.48
17.77
16.11
17.6
17.94
17.36
17.04
17.26
17.11
16.92
18.63
17.48
18.51
19.58
20.73
18.26
16.99
16.21
16.99
19.63
19.12
17.29
18.8
17.19
17.77
18.38
18.46
20.8
22.41
17.6
17.21
17.46
19.82
19.12
20.95
20.61
19.7
19.53
17.87
17.07
18.9
17.16
18.99
18.51
19.12
16.8
18.19
18.65
18.9
22.63
16.75
18.21
17.77
18.04
18.51
19.34
20.46
19.6
19.12
17.75
15.99
17.24
18.09
19.46
21.12
20.53
19.34
17.55
20.31
18.8
19.8
20.75
19.07
17.46
17.48
20.04
18.63
19.26
20.09
21.09
17.68
18.43
17.55
17.9
19.68
18.24
20.73
21.17
19.56
