0.5302
0.6561
0.7401
0.1328
0.1066
0.1135
0.1842
0.1087
0.1165
0.09317
0.1289
0.1017
0.1076
0.09441
1.233
3.522
4.645
3.705
0.9216
1.263
0.8942
0.8728
1.54
1.045
1.996
0.9689
1.028
0.473
1.21
0.4494
1.451
1.074
2.307
5.383
1.62
0.5753
1.086
0.5562
1.131
0.7675
0.5989
0.0
0.0
0.0
0.0
0.0
0.0
0.0001907
0.0
0.0
0.0
0.0
0.001526
0.0
0.0
0.0
0.0
0.0
0.0
0.0
0.0
0.0
0.0
0.0
0.0
0.0
0.0
0.0
0.0
0.0
0.0
0.0
0.0
0.0
0.0
9.537e-05
0.0
0.0
0.0
0.0
0.0
0.0
0.0
0.0
0.0
0.0
0.0
0.0
0.0
0.0
0.0
0.0
0.0
0.0
0.0
0.0
0.0
0.0
0.0
0.0
0.0
0.0
0.0
0.0
0.0
0.0
0.0
0.0
0.0
0.0
0.0
0.0
0.0
0.0
0.0
0.0
0.0
0.0
0.0
0.0
0.0
0.0
0.0
0.0
9.537e-05
0.0
0.0
0.0
0.0
0.0
0.0
0.0
0.0
0.0
0.0
0.0
0.0
0.0
0.0
0.0
0.0
0.0
0.0
0.0
0.0
0.0
0.0
0.0
0.0
9.537e-05
0.0
0.0
0.0
0.0
0.0
0.0
0.0
0.0
0.0
0.0
0.0
0.0
0.0
0.0
0.0
0.0
0.0
0.0
0.0
0.0
0.0
0.0
0.0
0.0
0.0
0.05884
0.1606
0.1312
0.1545
0.1892
0.1297
0.09384
0.09403
0.1442
0.1179
0.07296
0.02432
0.0144
0.0004768
0.002003
0.0005722
0.02012
1.503
5.786
1.718
3.21
2.328
0.9384
2.426
1.242
1.715
5.267
2.39
0.7103
3.113
2.792
0.8575
1.782
0.7484
1.512
5.255
0.8087
1.146
0.6264
0.5241
0.7607
4.95
0.9216
0.8453
0.8667
3.119
4.907
0.9354
0.6134
0.4158
0.4616
0.4257
3.43
4.81
0.6546
2.505
1.822
1.193
0.7652
1.608
1.118
0.7286
0.589
0.03901
4.272
2.658
0.8072
0.4936
0.9735
0.502
1.068
0.09012
0.1566
0.1043
0.1068
0.08125
0.09546
0.139
0.09232
0.1139
0.1326
0.7027
2.35
4.462
2.762
0.415
0.9567
0.1545
0.1024
0.1303
0.08802
0.09098
0.0885
0.08698
0.07639
0.09317
0.0906
0.09699
1.74
2.576
2.621
1.317
0.3242
1.024
1.207
0.8469
1.28
4.675
2.441
0.9964
2.975
1.167
1.187
0.359
1.276
0.1377
1.167
0.5173
0.1284
0.1232
0.1625
0.1444
0.1177
0.1184
0.1101
0.1091
0.1337
0.1026
0.08383
0.1688
2.817
3.253
2.734
1.66
0.1432
1.282
1.216
1.025
1.317
4.749
1.108
1.401
1.118
4.395
4.138
0.8835
1.123
1.993
5.664
2.151
0.3727
0.386
0.9155
0.3513
2.383
0.6905
1.398
0.7721
1.169
4.163
4.657
0.7683
0.2045
0.1459
0.1143
0.1171
0.1112
0.1059
0.1123
0.1017
0.09327
0.1104
0.1026
0.09918
2.713
1.871
3.931
1.422
0.8362
1.349
1.256
0.9079
1.421
1.248
1.152
0.9857
1.392
1.305
0.9048
0.9476
1.338
0.9598
3.198
3.363
0.1846
0.1099
0.1051
0.1154
0.1205
0.1419
0.09537
0.1226
0.1493
0.1284
0.1348
0.1501
0.1522
2.899
1.721
4.016
2.789
1.256
1.514
1.031
3.18
4.828
0.8026
0.8621
0.9583
3.113
3.711
0.5928
0.7858
3.534
3.345
0.5348
1.578
0.5585
1.245
3.375
2.716
1.109
1.779
0.6432
1.015
1.231
0.5287
1.334
1.201
1.212
0.5127
0.3048
0.3639
0.795
2.908
3.601
1.122
2.222
0.3582
1.245
0.5142
1.428
1.34
1.189
0.2655
0.3036
0.2693
1.688
3.882
1.819
1.292
1.328
0.1026
1.125
0.6622
0.9491
0.9369
1.535
0.1114
0.7233
1.024
1.108
1.498
0.5104
0.6813
0.5219
1.437
1.44
5.261
1.498
0.8408
1.74
5.31
0.8286
0.3536
0.3429
0.3616
0.3586
0.0205
1.831
5.768
1.907
0.4601
1.338
0.9781
0.6676
0.0885
0.0885
0.1091
0.09317
0.09995
0.1097
0.1005
0.111
0.09308
0.1045
0.1207
0.0906
0.1009
1.514
2.237
5.243
4.504
1.956
0.47
2.795
3.931
0.972
2.448
0.6783
0.8347
4.767
2.13
0.444
1.324
0.4181
1.212
0.2689
0.1007
0.1019
0.09785
0.1484
0.1501
0.1217
0.1049
0.09804
0.08745
0.1272
0.1062
0.1179
0.1404
0.457
2.219
4.193
4.84
2.872
0.6889
1.353
0.5775
0.9079
1.407
1.328
3.253
3.186
0.5081
1.935
2.579
3.735
0.7133
2.1
1.353
0.8972
4.742
1.485
0.7812
1.328
0.8484
1.733
4.486
0.798
0.7584
0.7133
4.303
4.028
0.7591
0.1665
0.1308
0.1236
0.1156
0.1139
0.1028
0.1286
0.1038
0.112
0.08907
0.1453
0.1131
0.09747
2.808
3.314
2.713
1.846
0.02232
1.648
1.024
2.802
4.968
0.9094
0.8286
1.131
4.749
2.222
0.7042
1.033
2.872
5.139
0.9293
0.6821
1.247
0.3094
1.23
0.5066
1.277
0.4379
0.4318
0.2903
1.657
0.6798
1.056
1.32
1.144
1.482
1.155
0.4356
1.599
1.202
3.784
4.651
0.6554
0.8316
1.045
4.578
3.906
0.5196
1.009
0.8255
0.8667
3.198
3.381
0.338
1.289
0.6187
1.349
4.779
0.9628
0.4204
1.476
0.7683
0.7065
0.08411
0.1003
0.09413
0.09823
0.09222
0.08421
0.1118
0.0946
0.09117
0.09203
0.07591
0.1009
0.09956
0.08545
2.426
4.254
4.688
2.701
0.002384
1.421
0.9521
1.297
1.178
1.115
1.073
2.466
5.164
1.08
0.7919
1.122
0.4951
1.253
0.5211
1.663
0.444
0.4776
0.4143
2.591
5.328
1.987
0.4807
0.5844
0.4837
3.326
5.249
1.926
0.9903
2.164
4.535
1.086
0.1715
0.9003
1.003
1.289
0.3086
1.164
0.5577
1.535
1.733
0.4639
1.305
0.7935
1.091
1.228
0.5875
1.076
0.7332
1.385
1.157
2.139
4.822
2.67
0.1543
0.6493
1.019
0.4707
1.19
1.07
0.4463
0.7919
1.566
4.175
0.605
0.4112
1.193
1.212
0.4097
0.6317
0.8575
1.224
0.02813
0.457
0.6966
1.593
5.231
3.412
0.4044
1.17
0.6561
0.6836
1.183
1.089
0.5531
1.018
1.062
4.626
2.667
0.5424
0.7088
1.067
1.006
0.4623
0.235
0.2174
0.2609
0.2434
0.3338
1.889
4.993
2.106
0.4822
0.3689
1.1
0.0843
0.07677
0.1074
0.1095
0.0885
0.3029
0.4204
0.9323
3.125
4.926
0.7339
0.7317
0.6844
2.243
3.864
0.5707
0.5508
0.8865
0.4341
1.102
0.6393
0.8774
1.007
0.8072
1.886
0.9964
3.937
2.307
0.7118
1.782
0.3674
1.161
0.3666
1.093
0.1654
1.106
0.5249
0.8392
3.497
2.554
0.5806
0.9048
1.956
4.938
2.625
0.5356
1.318
1.009
0.7477
1.239
0.6554
1.241
0.5539
0.9216
1.073
1.277
1.134
1.385
1.289
0.3258
1.242
0.6187
1.051
0.9415
1.212
1.021
4.517
3.552
0.6546
0.7347
1.039
0.4555
1.225
0.5577
0.885
1.117
0.5409
1.245
0.7538
0.8789
0.5966
0.9583
0.0659
0.1144
0.09403
0.1654
0.2052
0.1673
0.1488
