0.02604
0.02861
0.02604
0.02604
0.02604
0.02861
0.02604
0.02861
0.02604
0.02604
0.02861
0.02604
0.02604
0.02604
0.02604
0.02604
0.02604
0.02604
0.02604
0.02861
0.02604
0.02861
0.02346
0.03128
0.02604
0.02861
0.02604
0.02861
0.02604
0.02861
0.02604
0.02604
0.03128
3.079
34.23
36.08
37.16
36.43
33.5
38.09
29.93
10.42
30.71
36.28
36.77
37.45
33.35
38.43
29.3
26.07
32.81
22.31
18.04
37.3
37.26
38.23
37.01
35.11
29.35
19.6
13.7
11.27
35.89
39.11
38.72
36.67
34.38
33.98
26.46
31.98
30.86
16.24
16.58
16.77
15.72
11.46
14.7
15.97
16.6
26.61
31.45
21.34
20.73
31.69
30.76
7.336
33.69
37.21
37.7
37.35
33.64
33.06
20.24
16.46
13.92
16.58
16.89
16.36
18.53
18.21
15.01
15.7
23.17
37.35
36.72
35.35
31.93
34.13
26.22
8.044
33.84
35.74
35.01
34.57
33.94
35.35
23.32
18.73
15.45
19.07
19.9
19.97
18.19
13.04
18.63
30.52
33.4
20.9
27.73
32.91
16.8
16.14
24.32
37.84
35.45
35.45
32.13
33.01
28.42
20.09
15.6
27.0
33.45
31.05
18.58
20.09
18.7
18.29
10.86
35.6
36.47
35.84
36.38
31.45
32.13
22.92
18.12
13.26
29.59
34.42
33.5
33.74
31.49
36.62
28.81
19.46
19.02
20.41
12.22
17.53
19.19
23.51
27.15
28.61
6.311
0.75
0.1381
0.02861
0.02604
0.02861
0.02604
0.02861
0.02604
0.02861
0.02604
0.03128
0.02604
0.02861
0.02604
0.02861
0.02604
0.02861
0.02604
0.02861
0.02861
0.02604
0.02604
0.02861
0.02861
0.02861
0.02604
0.02861
0.02604
0.02861
0.02604
0.03128
0.02604
0.02861
0.02861
0.02861
0.02604
0.03128
0.02861
0.02861
0.03128
0.02861
0.02861
0.03128
0.02861
0.03386
0.02604
0.03128
0.02861
0.03128
0.02861
0.03128
0.02861
0.03128
0.02861
0.03128
0.03128
0.03128
0.02861
0.02861
0.02861
0.03128
0.02604
0.02861
0.02604
0.02861
0.02604
0.02861
0.02861
0.02861
0.02604
0.02861
0.02604
0.02604
0.02861
0.02861
0.02604
0.02861
0.02861
0.02861
0.02861
0.02604
0.02861
0.02861
0.02604
0.02861
0.02604
0.02861
0.02861
0.02861
0.02604
0.02861
0.02861
0.02861
0.02604
0.02861
0.02861
0.02861
0.02604
0.03128
0.02861
0.02861
0.02604
0.02861
0.02604
0.02604
0.02604
0.02861
0.02346
0.02861
0.02604
0.02604
0.02604
0.02604
0.02604
0.02861
0.02346
0.02861
0.02604
0.02861
0.02604
0.03128
0.02604
0.02861
0.02604
0.02861
0.02346
0.02861
0.02604
0.02861
0.02604
0.02604
0.02604
0.02861
0.02346
0.02861
0.02604
0.02861
0.02346
0.02861
0.02604
0.02861
0.02604
0.02604
0.02604
0.02861
0.02346
0.02861
0.02604
0.02861
0.02604
0.02861
0.02346
0.02861
0.02604
0.02861
0.02346
0.02861
0.02604
0.02861
0.02604
0.02861
0.02604
0.02861
0.02604
0.02861
0.02604
0.02861
0.02346
0.02861
0.02604
0.02861
0.02604
0.02861
0.02861
0.02861
0.02604
0.03128
0.02604
0.02861
0.02604
0.02861
0.02604
0.02861
0.02604
0.02861
0.02346
0.02861
0.02604
2.426
9.094
27.25
36.52
39.06
39.4
38.18
38.23
37.84
36.67
34.96
36.82
31.88
36.96
35.11
34.18
32.91
36.13
35.5
25.98
38.28
39.4
38.53
34.42
32.52
31.84
27.83
24.29
35.11
34.96
33.5
37.35
15.8
29.1
38.13
35.45
36.72
34.13
34.42
34.38
34.13
35.55
33.25
33.98
32.62
30.27
33.4
33.06
34.86
33.01
34.18
23.73
30.66
34.72
34.57
36.23
30.96
27.59
24.27
26.42
10.05
33.01
34.38
34.18
34.81
31.59
33.98
34.28
33.15
33.3
31.64
31.64
32.47
32.67
31.4
32.52
33.59
31.54
32.47
24.12
29.74
35.3
34.67
31.3
30.96
26.76
28.91
27.88
12.39
29.0
29.15
31.98
30.22
28.47
31.45
30.22
28.32
25.98
30.42
33.15
32.52
31.64
32.67
32.86
33.2
34.38
33.4
33.35
30.71
21.31
35.3
34.23
31.59
32.67
27.93
27.93
27.1
23.44
13.5
36.57
33.25
34.47
28.76
31.54
34.08
33.45
32.67
33.69
34.77
33.5
35.55
35.45
31.45
33.06
32.67
30.47
29.35
22.41
32.67
32.57
29.93
30.91
30.22
25.15
26.76
27.88
17.92
13.43
33.5
32.42
28.71
33.11
33.3
33.64
32.67
35.01
31.05
32.86
28.32
27.54
27.0
23.54
31.4
30.71
33.25
33.5
31.2
28.96
22.41
29.64
35.64
34.72
32.91
26.66
24.22
27.78
26.22
9.29
30.13
30.76
31.74
27.2
29.74
30.18
29.54
29.49
26.76
32.62
29.59
30.57
30.76
31.05
29.69
27.49
30.27
30.22
30.47
30.13
26.46
23.58
32.13
30.76
30.71
33.69
26.32
26.32
25.2
27.0
12.28
32.47
27.59
25.73
29.25
18.09
27.05
30.52
24.07
26.27
26.61
26.12
29.44
16.09
20.14
30.22
31.4
31.64
30.13
30.47
31.74
32.32
31.59
31.3
30.22
31.1
28.56
27.78
31.64
30.71
31.35
29.79
27.69
30.57
31.88
22.0
32.32
32.96
32.52
32.71
26.71
28.52
27.0
28.08
8.752
29.44
32.57
31.64
33.74
31.2
32.96
33.79
31.84
32.81
30.27
32.18
33.45
32.67
34.33
34.72
31.4
33.79
32.81
32.18
24.68
36.18
36.04
34.72
32.47
26.66
26.9
28.71
22.73
21.68
34.67
31.35
32.57
30.27
35.21
33.74
34.13
34.57
33.74
31.88
31.69
32.81
30.22
29.15
26.61
27.15
27.83
28.86
33.25
23.41
35.64
35.11
34.18
34.13
27.34
27.34
29.44
21.29
18.63
28.86
32.52
33.98
33.69
31.35
32.42
32.57
32.08
31.54
34.52
32.86
31.05
30.71
31.05
31.4
31.35
32.71
28.42
27.15
22.53
25.93
30.57
29.83
29.3
30.66
26.71
25.49
27.2
27.98
15.87
26.22
21.75
23.75
25.29
22.78
28.37
18.9
24.95
20.92
22.14
21.58
21.0
19.68
21.02
3.43
20.02
19.7
20.21
23.97
22.46
18.65
15.77
19.53
20.87
24.39
25.88
29.3
27.29
6.384
28.17
28.03
33.89
34.72
31.93
28.52
32.32
33.4
32.67
29.88
30.91
32.47
32.28
31.49
31.74
29.93
30.37
30.66
30.76
31.4
25.63
28.37
31.64
29.79
31.15
30.96
27.54
27.69
27.98
25.73
17.53
18.41
15.26
17.41
17.92
18.87
16.7
17.02
6.213
28.32
24.24
33.45
30.52
33.89
33.45
32.91
33.4
34.13
32.86
33.54
32.08
31.05
31.3
30.66
30.62
30.91
29.74
26.86
27.78
30.62
20.09
36.87
34.47
37.16
35.64
29.59
32.71
31.05
19.43
29.74
30.86
20.87
29.2
29.88
4.669
0.6981
0.1041
0.02604
0.02604
0.02604
0.03128
0.02079
0.03128
0.02604
0.02604
0.02604
0.02604
0.02604
0.02604
0.02604
0.03128
0.02604
0.02604
0.02604
0.03128
0.02604
0.02604
0.7706
19.12
17.41
20.58
20.63
18.58
