2.884
1.158
2.429
1.358
2.502
5.292
2.063
0.4578
1.045
0.9308
1.178
2.856
3.827
0.8316
2.512
0.8301
1.709
1.59
1.274
0.7935
1.503
0.5959
1.642
1.363
1.34
3.253
5.475
1.611
1.341
2.087
5.621
3.766
0.5959
1.709
0.4578
1.382
1.294
1.633
3.705
4.163
2.57
0.1862
0.0
0.0
0.0
0.0
0.0
0.0
0.0
0.0
0.0
0.0
0.0
0.00248
0.0
0.0
0.0
0.0
0.0
0.0
0.0
0.0
0.0
0.0
0.0
0.0
0.0
0.0
0.0
0.0
0.0
0.0
0.0
0.0
0.0
0.0
0.0
0.0
0.0
9.537e-05
0.0
0.0
0.0
0.0
0.0
0.0
0.0
0.0
0.0
0.0
0.0
0.0
0.0
0.0
0.0
0.0
0.0
0.0
0.0
0.0
0.0
0.0
0.0
0.0
0.0
0.0
0.0
0.0
0.0
0.0
0.0
0.0
0.0
0.0
0.0
0.0
0.0
0.0
0.0
0.0
0.0
0.0
0.0
0.0
0.0
0.0001907
0.0
0.0
9.537e-05
0.0
0.0
0.0
0.0
0.0
0.0
0.0
0.0
0.0
0.0
0.0
0.0
0.0
0.0
0.0
0.0
0.0
0.0
0.0
0.0
0.0
0.0
0.0
9.537e-05
0.0
0.0
0.0
0.0
0.0
0.0
0.0
0.0
9.537e-05
0.0
0.0
0.0
0.0
0.0
0.0
0.0
0.0
0.0
0.0
0.0
0.0
0.0
0.004482
0.1097
0.853
1.036
0.02365
2.188
3.802
4.907
0.9079
0.5615
0.6226
0.441
0.2556
0.03109
0.04454
0.3559
1.295
0.6424
0.5737
0.4608
1.161
1.785
0.178
0.2377
0.2892
0.2674
0.5692
0.946
0.132
0.1575
0.1471
0.1621
0.1293
0.2491
0.1932
0.1438
0.2281
0.3231
2.576
4.663
2.991
1.1
1.501
1.26
0.9613
0.2464
0.2361
0.2823
0.2293
0.882
0.705
9.537e-05
0.0
0.002193
0.1549
0.09241
1.596
0.5714
1.566
0.8118
1.311
1.569
0.7248
1.399
0.8698
1.051
1.498
1.128
1.859
1.752
0.9491
2.74
1.228
1.488
1.044
0.8362
1.031
3.143
4.633
3.143
0.589
1.73
0.4059
1.295
0.9293
0.3529
1.801
1.172
1.154
1.485
1.195
0.6271
0.7202
0.4501
0.04654
1.273
4.797
4.688
1.149
1.617
0.7034
0.172
0.2052
0.2415
0.2316
0.2197
0.2174
0.2399
0.256
0.2514
0.2964
2.609
4.718
4.321
0.9201
1.259
1.468
0.4303
2.008
0.5615
1.483
0.8011
1.486
0.6592
1.491
1.491
0.8209
2.188
2.762
1.161
2.451
1.004
0.5913
0.7759
0.47
4.523
4.218
2.676
0.7317
0.1337
0.141
0.2056
0.2079
0.1247
0.1648
0.1858
0.152
0.1551
0.1566
0.1526
0.1535
2.24
2.112
4.932
3.131
2.216
1.021
1.004
1.648
3.073
1.483
2.408
1.433
0.9018
1.721
1.797
3.918
4.98
0.8438
0.5341
0.5356
0.5943
0.4616
3.741
3.772
3.766
0.8972
1.547
0.5074
0.2724
0.3834
0.5081
1.602
1.347
0.7683
1.968
1.411
3.253
3.333
3.662
1.465
1.103
1.212
0.7423
0.779
0.695
2.478
4.639
4.48
0.975
1.512
0.8926
1.147
1.28
0.7996
0.6393
3.098
4.962
2.386
3.265
1.62
2.597
0.9369
1.62
0.4295
1.828
3.015
1.262
2.136
1.352
1.491
0.8621
1.599
1.169
1.534
1.215
1.079
1.527
1.041
2.774
3.912
0.5402
1.572
0.9171
1.138
1.651
0.7904
0.9842
1.332
0.4578
1.663
1.395
0.8942
5.188
4.742
0.7484
1.024
2.222
2.234
2.621
1.056
2.505
0.6554
1.807
1.645
0.415
0.2003
0.1307
0.1434
0.1728
0.1612
0.1385
0.1396
0.2518
0.1484
0.1736
0.1587
0.1678
2.634
3.925
3.827
3.992
2.795
0.9735
0.9354
1.393
0.7011
1.466
0.5974
0.5745
0.6485
0.8667
4.358
4.712
2.762
0.7263
1.712
1.039
4.242
2.548
0.4066
0.07172
0.8682
1.189
1.144
1.41
1.28
3.558
5.28
1.453
0.3242
0.634
1.067
0.2541
0.3849
1.843
2.225
3.406
1.402
1.306
1.472
3.571
2.328
3.552
0.6462
1.54
1.448
0.4997
0.07858
1.401
0.5951
1.123
1.482
2.02
4.645
2.557
0.7439
2.811
0.6516
0.8713
1.132
0.9598
1.292
1.642
1.337
1.532
2.17
3.284
3.687
2.386
2.191
0.8545
2.087
0.856
1.44
0.1181
0.1448
0.14
0.1387
0.2193
0.1894
0.1566
0.1436
0.127
0.1255
0.1286
0.1711
0.6508
2.225
4.773
5.334
4.547
0.333
1.889
1.184
0.6897
0.9567
1.666
0.9247
1.413
1.157
2.899
3.418
1.271
1.321
0.7393
1.274
0.8728
1.552
0.631
2.078
1.407
4.242
5.255
1.898
0.6157
1.489
1.642
0.6653
1.538
1.331
0.9903
1.627
0.5165
1.486
1.338
1.054
1.492
0.528
1.617
0.5028
1.651
0.8408
1.59
4.468
4.926
1.193
0.8362
1.678
1.041
1.468
3.491
1.256
2.591
1.219
0.9369
1.74
4.956
0.827
1.55
0.502
1.511
0.6104
1.154
2.325
5.652
3.503
1.44
2.197
4.834
4.419
0.4822
0.4669
1.262
3.284
5.603
2.045
1.244
0.9094
1.205
0.9079
1.633
0.7179
0.708
0.7195
5.157
3.754
0.5966
1.572
0.8301
1.291
1.457
1.093
1.344
1.263
0.8774
1.279
1.495
4.602
4.73
0.5836
0.8942
2.264
5.438
0.6302
1.52
1.117
0.8911
0.1631
0.1566
0.1558
0.161
0.1493
0.1545
0.1545
0.1745
0.209
0.1537
1.559
4.175
5.536
4.773
0.7996
0.4967
0.1087
0.2453
0.1495
0.1226
0.1326
0.1307
0.1472
0.1211
0.1493
0.1507
0.1431
2.524
3.522
6.274
4.895
1.245
1.19
1.63
2.612
5.487
2.979
1.892
0.9857
1.712
5.627
1.381
1.614
1.068
3.07
5.005
0.5394
1.514
1.088
0.6447
0.9216
1.103
1.201
1.614
1.602
3.986
4.883
1.587
1.143
1.45
5.194
2.255
1.024
1.199
1.584
0.6813
0.7713
3.839
3.68
0.573
1.451
0.0002861
0.2182
0.5493
1.073
3.052
1.59
2.487
0.8026
1.512
0.9583
0.8408
0.3006
1.193
1.318
0.8347
1.527
0.4921
1.517
1.575
0.6386
0.885
1.201
1.624
0.2647
0.2865
0.2899
0.2651
0.3315
0.1736
0.6859
5.334
4.218
0.5157
1.468
0.1949
0.0
0.1005
0.647
0.592
3.03
4.944
0.7111
1.495
0.8255
0.9842
0.1089
0.7874
1.266
4.59
2.896
3.29
1.373
2.048
1.66
1.271
1.003
1.204
3.326
4.877
3.131
0.7874
1.624
0.5539
1.46
1.605
0.5882
1.782
0.4044
0.946
1.944
5.273
4.559
1.016
1.254
4.23
4.749
1.694
2.969
2.158
1.73
1.749
0.4234
0.4601
0.5737
1.697
4.999
4.144
0.6859
1.651
1.344
2.185
4.626
4.474
1.01
1.569
1.006
1.466
3.571
4.23
3.07
2.283
2.045
1.587
2.341
0.9186
0.8896
1.463
2.292
1.855
3.632
2.853
1.314
0.7225
1.462
1.718
0.6859
1.602
0.4669
1.587
0.6027
1.486
1.39
