23.14
17.36
20.17
16.58
20.07
16.38
20.7
16.63
19.51
16.31
23.19
19.95
26.07
17.55
19.85
16.38
20.09
16.11
21.02
15.31
19.7
15.99
21.07
18.19
15.28
11.82
13.35
24.98
16.19
15.92
20.85
15.16
18.95
14.89
18.77
15.36
14.67
18.8
16.48
19.41
16.24
20.9
22.07
14.97
17.65
15.09
19.07
14.65
20.26
22.41
16.5
21.78
19.14
14.26
20.51
15.28
21.02
15.87
19.78
16.28
20.61
16.63
20.83
17.5
24.9
17.53
19.36
15.8
19.56
17.87
21.48
15.06
19.19
16.65
22.53
16.16
17.19
11.88
15.6
11.52
11.68
18.68
13.13
17.48
13.6
17.77
13.45
11.94
19.65
12.62
17.87
14.23
28.96
16.65
13.79
14.33
16.67
16.92
17.72
21.61
20.07
14.62
19.53
16.43
15.65
19.51
12.5
18.02
15.67
26.07
15.77
13.99
19.02
11.06
15.28
11.68
17.11
16.99
15.14
19.24
17.48
11.06
14.6
10.62
9.619
14.89
11.41
15.14
11.05
16.16
17.04
17.21
11.4
16.04
12.39
15.16
11.33
16.21
17.02
11.8
17.33
5.469
15.75
20.8
15.89
18.31
15.55
18.07
19.56
13.67
14.04
17.31
20.73
12.41
18.09
16.33
17.46
14.7
17.26
14.21
17.7
14.53
17.53
13.62
19.68
13.4
12.62
20.29
18.12
24.66
21.61
23.22
22.0
22.68
23.46
22.46
20.02
25.63
19.8
22.07
17.65
23.9
19.85
24.29
19.9
22.44
20.97
23.1
19.04
21.95
18.31
25.2
22.29
24.02
20.92
24.44
20.78
24.98
23.41
27.0
19.9
23.8
19.56
26.86
23.75
26.56
20.0
23.17
19.29
22.71
20.73
26.95
20.14
24.93
22.39
24.24
21.75
23.97
20.87
26.22
25.2
25.24
22.44
25.29
24.61
30.47
21.04
25.1
26.07
24.49
20.75
26.56
23.22
23.27
18.55
22.9
21.8
23.02
22.29
23.0
22.22
26.46
22.0
21.14
17.14
21.22
18.95
22.27
15.58
21.46
19.63
24.24
22.27
23.22
23.1
23.19
18.8
24.34
20.24
25.39
25.54
27.69
24.05
25.24
19.02
21.34
16.55
23.66
18.14
22.92
23.27
25.24
21.0
25.88
26.61
27.98
20.75
26.22
22.24
30.32
28.22
31.01
24.29
24.32
21.02
24.24
19.82
23.41
22.36
25.59
21.97
25.93
24.07
29.05
25.68
26.86
25.83
31.49
28.03
29.49
26.71
31.54
28.27
31.2
28.76
30.18
27.34
30.42
27.25
30.42
29.49
33.5
30.18
31.93
30.37
29.44
25.83
28.17
26.22
29.0
25.1
28.76
26.46
28.22
28.81
29.15
27.25
31.25
26.86
28.17
24.22
30.13
26.9
30.42
28.86
30.66
26.76
29.64
27.2
30.76
27.88
29.54
24.0
27.59
26.03
31.01
24.24
25.49
23.8
26.22
22.83
26.07
22.78
26.12
22.46
24.68
20.43
23.0
19.97
25.1
25.63
19.26
15.77
24.51
21.12
23.44
19.36
24.88
21.14
23.24
22.68
24.24
19.29
22.51
19.48
20.65
19.09
22.75
20.63
21.97
21.56
24.46
20.83
24.83
20.7
24.32
19.48
20.68
19.58
17.36
16.33
20.68
19.63
21.14
20.31
19.53
15.87
19.68
16.33
29.35
21.83
16.97
17.33
16.82
20.65
17.99
19.73
17.58
20.85
17.33
18.29
17.24
24.78
17.21
16.6
19.14
18.85
17.09
19.97
17.29
18.31
16.04
21.53
18.29
19.19
17.21
20.56
19.75
21.19
22.75
24.19
23.02
21.56
17.7
18.43
16.09
16.94
18.9
17.24
19.34
17.68
23.22
24.07
21.19
22.8
22.09
23.02
22.75
25.15
22.34
22.22
20.8
21.92
22.63
19.87
18.16
20.63
17.87
18.38
19.87
22.75
18.53
17.07
17.82
19.34
20.68
16.67
21.85
18.87
20.63
22.44
19.95
23.88
22.78
23.9
25.39
25.34
21.83
24.76
25.34
24.93
26.46
24.88
22.66
26.17
23.12
24.49
24.44
25.98
23.36
24.83
26.51
26.07
22.49
23.68
22.92
28.91
26.12
25.39
23.85
25.63
24.54
24.51
28.52
28.76
24.58
24.15
22.31
24.32
22.44
24.49
25.1
25.2
23.02
24.22
21.46
27.15
23.17
26.76
23.71
27.0
21.41
26.12
21.68
24.78
21.19
23.85
20.63
24.24
23.34
24.73
21.22
24.41
20.7
23.32
20.09
23.63
20.43
23.66
20.97
27.39
24.98
26.76
22.73
25.63
20.46
24.22
21.24
23.56
21.9
25.29
22.0
24.71
21.0
23.27
19.87
23.24
18.95
21.88
19.34
21.7
18.8
22.61
19.07
21.97
18.48
21.44
21.24
25.54
21.85
24.83
21.53
25.93
22.24
26.71
26.66
27.05
21.39
26.22
24.76
25.24
25.24
27.73
23.97
26.61
21.63
24.76
23.1
24.76
25.78
27.44
26.32
30.42
29.0
31.15
27.64
31.49
26.76
29.44
23.24
27.0
21.48
23.46
21.02
24.58
21.73
24.29
20.46
25.63
20.02
24.71
19.75
24.98
20.19
22.44
19.53
24.24
20.53
20.48
17.53
20.7
20.41
33.59
20.85
19.51
19.68
20.09
19.7
23.54
22.31
22.51
17.02
20.12
18.58
25.15
18.38
24.56
22.12
25.05
21.83
25.15
20.29
22.12
21.19
23.56
20.92
25.0
22.68
23.19
21.39
24.93
24.58
24.49
21.17
24.1
23.75
27.0
21.7
22.51
18.07
21.66
19.29
20.46
17.11
20.04
21.12
24.98
22.0
23.88
20.43
20.29
16.67
23.46
19.31
18.9
15.97
19.78
15.99
20.51
18.9
20.63
17.94
19.65
16.24
21.09
15.94
20.12
15.87
20.19
15.92
21.83
20.56
25.44
17.16
20.29
16.89
23.39
21.0
20.92
14.97
19.29
16.72
22.66
16.82
19.65
17.94
19.31
16.06
20.0
33.11
23.78
22.19
21.07
17.41
22.39
20.61
24.71
19.21
23.34
20.78
21.19
22.24
23.97
19.09
21.7
19.24
22.73
19.34
22.51
17.38
21.97
16.67
20.29
17.26
20.31
17.33
22.83
16.97
20.21
16.85
21.44
19.34
21.31
19.12
21.44
17.72
24.27
17.29
19.9
18.46
22.61
16.04
23.17
19.09
19.46
16.33
18.9
13.55
20.07
19.53
24.44
19.53
19.46
15.94
24.07
19.24
21.46
21.97
26.95
19.85
29.05
26.71
25.15
21.39
25.05
22.46
29.05
27.54
29.25
27.39
26.51
23.63
27.25
23.54
25.34
21.14
28.61
21.19
27.34
26.86
27.54
23.71
27.54
24.22
28.76
24.51
29.79
26.86
25.83
23.83
27.98
26.9
32.08
27.39
27.15
23.0
25.93
22.8
25.2
23.49
28.22
23.22
27.78
22.27
24.05
22.83
26.81
21.8
26.32
23.41
27.69
22.9
26.76
28.76
25.54
20.65
25.0
22.41
23.41
19.04
23.63
19.48
22.9
20.04
24.85
23.95
27.05
20.53
23.0
20.41
24.0
20.68
26.61
21.09
23.58
18.04
23.39
24.19
22.85
19.43
22.29
21.19
26.66
21.83
23.8
20.9
25.0
20.31
22.36
19.6
23.9
20.61
26.56
21.83
24.34
23.14
23.22
20.34
27.64
21.31
24.32
20.56
23.63
21.12
24.85
20.85
24.37
20.8
