0.3376
0.148
0.2075
0.3281
0.1646
0.193
0.186
0.1883
0.3723
0.4074
0.1032
0.09527
0.1987
0.106
0.0002861
0.0003815
0.0
0.0
0.0
0.0
0.1965
0.2625
0.1619
0.322
0.2457
0.2529
0.1699
0.3319
0.1635
0.2117
0.2747
0.1112
0.1148
0.2331
0.2853
0.1633
0.1612
0.1764
1.407
1.764
1.95
2.234
1.947
2.243
4.114
2.881
2.57
0.7286
0.5257
1.984
2.451
1.978
1.932
2.145
1.935
3.235
2.628
1.7
1.672
0.6287
0.2163
0.141
0.6706
1.718
1.459
1.968
1.39
1.488
1.776
2.206
4.291
2.295
2.17
0.4524
0.2518
0.3414
0.4517
0.05322
0.1326
0.1865
0.181
0.1184
0.3769
0.09995
0.1348
0.2605
0.3262
0.05388
0.135
0.2899
0.09012
1.381
2.094
1.846
1.834
1.935
2.167
4.73
2.197
0.885
0.1638
0.0009537
0.1856
0.2106
1.764
1.822
2.365
2.072
1.749
1.572
4.285
2.148
1.877
0.2373
1.868
2.402
2.664
2.505
2.759
4.559
2.551
0.7622
0.4807
0.4456
0.4623
0.1766
0.3445
0.6531
0.4333
0.4425
0.4768
0.4173
0.5707
0.1825
1.038
1.999
2.151
2.051
2.481
4.999
3.217
1.21
0.3796
0.3704
0.5272
0.2495
0.1516
0.2277
0.4028
0.3536
0.4875
0.4028
0.359
2.036
2.6
2.493
2.78
2.35
4.291
2.335
1.332
2.527
1.079
0.3445
2.011
2.249
2.2
2.53
2.576
5.066
2.774
1.968
0.3441
0.6554
0.1432
0.1255
0.222
0.1755
0.4036
0.2438
0.1417
0.2892
0.0005722
0.0
0.0
0.0
0.0
0.0
9.537e-05
0.0
0.009918
0.3292
0.1942
0.0906
0.07238
0.1846
0.2026
0.2354
0.1015
0.2575
0.2895
0.3654
0.2537
0.04816
0.104
0.08326
0.2342
0.1547
9.537e-05
0.0
9.537e-05
0.0
0.0
0.0
0.02098
0.5028
0.1501
0.1471
0.1965
0.28
0.1896
0.08707
0.09336
0.3201
0.2281
0.2403
0.3475
0.1265
0.2296
0.209
9.537e-05
0.0007629
0.0
0.0
0.0
0.0
0.0
0.0
0.01135
0.2487
0.177
0.275
0.2949
0.1015
0.08612
0.2178
0.2117
0.2022
0.2674
0.2716
0.444
0.3998
0.4616
0.4135
0.04396
0.0
0.0
0.0
0.0001907
0.0
0.0
9.537e-05
0.006962
0.1551
0.2922
0.8163
0.1221
0.1219
0.23
0.4028
0.08364
0.1204
0.2335
0.2705
0.2338
0.1453
0.1925
0.1579
0.0002861
9.537e-05
9.537e-05
0.0
0.0003815
0.0
9.537e-05
0.0
0.4807
0.04864
0.5371
0.2888
0.3235
0.3334
0.6081
0.2682
0.214
0.5157
0.2163
0.1059
0.07563
0.2151
0.1781
0.1411
9.537e-05
0.0
0.0
0.0
0.0001907
0.0
0.0
9.537e-05
0.0
0.1598
0.1474
0.1709
0.3334
0.1806
0.09995
0.05455
0.1015
0.2087
0.2098
0.1717
0.03519
0.2182
0.4227
0.1543
0.0005722
0.0
0.0
0.0
0.0
0.0005722
0.0
0.0
0.0
0.009727
0.2987
0.3483
0.1255
0.1341
0.3426
0.4242
0.1045
0.1083
0.3181
0.1143
0.1181
0.2506
0.3479
0.3414
0.08545
0.09785
0.2026
0.2571
0.004196
0.0004768
9.537e-05
0.0
0.01154
0.7385
0.6668
0.3628
0.05455
0.112
0.08917
0.1919
0.2293
0.1303
0.4639
0.1204
0.1953
0.1862
0.2834
0.09489
0.08001
0.1041
0.3105
0.08316
0.9811
1.221
1.019
0.914
1.265
1.059
1.08
0.8606
0.7027
0.6691
0.7553
0.7828
0.943
0.9186
0.9277
0.8804
1.111
1.154
1.285
1.237
1.208
1.286
1.44
1.286
1.096
1.019
0.914
0.8759
0.8743
0.8957
0.9842
0.9689
1.161
1.106
1.329
1.306
1.273
1.3
1.387
5.444
5.292
2.432
4.413
3.821
6.006
6.494
4.944
5.121
6.348
4.224
3.522
2.255
1.535
0.6744
2.408
2.383
2.078
2.155
2.441
2.011
2.344
2.188
2.393
2.161
2.097
2.368
2.338
2.283
2.203
2.826
2.588
2.454
1.785
1.779
2.103
2.725
2.939
3.461
6.97
5.28
3.601
6.934
4.846
5.011
5.457
2.765
4.37
2.072
2.472
2.594
2.625
1.773
0.4753
1.794
0.1158
1.103
1.109
1.645
1.633
1.773
1.898
1.904
2.414
2.405
1.99
1.773
1.541
1.324
1.132
1.505
1.501
1.743
1.682
2.02
1.935
1.54
1.497
1.773
1.326
1.488
1.651
1.743
1.84
1.91
1.959
2.438
7.922
6.226
6.158
8.569
6.445
6.177
4.565
4.242
3.687
3.619
2.591
0.7965
1.045
1.904
1.785
1.791
2.182
2.402
2.139
2.31
2.148
2.029
2.368
2.57
2.576
2.094
1.907
1.825
1.834
1.703
1.584
1.755
2.1
1.938
2.271
6.543
5.499
3.644
3.558
6.592
4.651
5.609
5.322
4.645
3.326
3.717
2.89
1.715
1.337
0.325
1.123
1.276
1.816
3.107
1.555
0.8347
0.1337
0.7393
1.251
1.093
1.144
2.185
2.518
0.9613
0.6248
0.6721
1.367
1.335
2.484
3.186
1.515
0.8041
0.1486
0.09327
0.04129
0.07038
0.2254
0.169
0.2571
0.7439
0.8469
0.7034
0.7874
0.8408
2.066
2.289
1.52
1.184
0.9888
0.1947
0.5569
0.6531
0.6638
0.6798
1.326
2.756
1.306
0.7179
0.4723
0.1743
0.1143
0.06943
0.09394
0.3353
0.00906
0.6424
1.364
1.331
1.328
1.398
1.382
1.549
1.37
1.515
1.335
1.228
1.125
1.262
1.231
1.294
1.617
1.74
1.84
1.932
1.852
1.932
1.749
1.569
1.311
1.454
1.746
1.804
1.724
1.48
1.511
1.648
1.575
1.993
2.155
1.895
3.918
6.006
3.32
4.999
5.054
5.676
4.736
5.774
5.981
4.272
3.68
3.485
1.466
0.8453
1.971
2.298
2.121
1.509
1.53
2.328
2.493
1.907
1.257
1.192
1.437
1.317
1.874
2.151
1.469
1.459
1.46
1.384
1.675
1.233
1.477
1.212
1.19
1.224
1.195
1.205
1.314
1.874
2.158
1.819
4.462
5.304
2.155
4.224
5.17
6.335
6.287
5.408
5.676
3.674
3.882
3.442
1.376
0.9338
1.352
0.1497
0.7004
0.9094
0.2625
1.442
0.09785
1.43
0.1591
0.9979
0.7217
0.9644
0.7095
0.8163
0.2769
0.8286
0.285
0.1444
0.1904
0.173
0.8621
0.1894
1.154
0.386
0.1219
0.1329
0.2079
0.2476
0.2914
0.7965
0.2743
0.1202
0.1049
0.2369
0.1841
0.6943
0.1184
0.8377
0.4471
0.7187
0.4959
0.2289
0.6744
0.6912
0.7515
0.6645
0.08907
1.091
1.562
1.602
1.691
1.262
1.617
1.956
1.546
1.385
1.257
1.205
1.314
1.065
1.231
1.212
1.549
1.703
1.7
1.941
1.987
1.59
1.505
1.367
1.509
1.431
1.414
1.352
1.373
1.437
1.373
1.599
2.286
1.965
3.705
6.946
5.273
5.78
8.447
4.309
7.458
5.328
5.194
3.662
1.498
1.143
0.1032
0.3029
0.4471
0.3349
0.1261
0.05951
0.2037
0.2377
0.3117
0.6935
0.1284
0.1289
0.312
0.0004768
0.0003815
0.0
0.0
9.537e-05
0.0
0.0
0.0
9.537e-05
0.0003815
0.0
9.537e-05
0.0
0.0005722
0.0
0.0
0.0
0.0
0.0
0.0004768
0.5615
0.6363
0.8774
0.03662
0.975
0.6302
0.9155
0.322
0.1417
