0.1678
0.2106
0.3113
0.3296
0.3525
0.3044
0.3155
0.1627
0.386
0.1673
0.3044
0.4601
0.1434
0.4219
0.1087
0.0001907
0.0
0.0
0.0
0.0
0.0
0.0
0.0
0.0
0.1293
0.1282
0.0
0.004482
0.1385
0.3067
0.08669
0.1459
0.2743
0.23
0.1549
1.515
2.264
2.548
2.536
2.438
2.646
6.348
3.265
0.3201
0.1755
0.1423
1.399
2.826
2.548
2.396
2.518
4.755
3.043
2.359
0.7828
0.1625
0.3471
0.1659
0.1467
0.351
0.1633
0.8057
3.107
3.546
3.65
6.128
3.473
0.5882
0.108
0.1114
0.1354
0.5562
0.1122
0.1312
0.4555
0.3605
0.2239
2.325
2.795
2.64
2.704
2.271
5.109
3.079
1.161
0.2888
1.193
2.133
2.414
2.353
2.283
4.541
2.85
2.094
0.9583
0.153
0.1854
0.2373
0.1133
0.128
0.3391
0.1129
1.413
1.59
2.042
2.023
2.371
2.271
5.042
2.304
1.743
0.5836
0.2834
2.261
2.399
2.206
2.258
2.155
5.28
1.749
1.971
0.634
0.3357
2.118
2.197
2.335
2.521
2.444
5.164
2.408
1.144
0.3437
0.4585
0.4295
0.3555
2.362
2.707
2.594
2.658
3.687
3.4
2.38
0.5127
0.3101
1.666
2.866
2.502
2.798
4.401
3.253
2.347
0.08593
0.4768
0.2777
0.3315
0.1919
0.3929
0.2808
1.877
2.411
1.846
2.219
3.241
5.133
2.185
0.6462
0.4623
0.4189
0.489
0.375
0.0679
0.1442
0.1553
0.425
0.3819
0.116
0.1091
0.3422
0.3036
0.1352
0.4303
0.3567
0.0
0.0
0.0
0.0
0.0
0.0002861
9.537e-05
0.0
0.0
0.0
0.007915
0.3403
0.1797
0.2655
0.2777
0.3704
0.3025
0.06466
0.1312
0.2682
0.09537
0.5157
0.1001
0.1286
0.3025
0.0008583
9.537e-05
0.0001907
0.0001907
0.0
0.0
0.0004768
0.0
0.0
0.008583
0.2934
0.288
0.2365
0.1709
0.293
0.1719
0.2094
0.2754
0.243
0.3826
0.04435
0.1163
0.1274
0.317
0.005817
0.0003815
0.0
0.0
0.0001907
0.0001907
0.0
0.0
0.0
0.004387
0.2354
0.2087
0.1904
0.3338
0.3418
0.0988
0.1516
0.3052
0.4791
0.2808
0.1377
0.2605
0.1753
0.001621
0.0
0.0
0.0
9.537e-05
0.0
0.0
0.0
0.0
0.0
0.0
0.005531
0.1225
0.0
0.006008
0.1352
9.537e-05
0.0
0.02499
0.1619
0.1635
0.3391
0.1026
0.1936
0.3464
0.0005722
0.0002861
0.0
0.0
0.0
0.0
0.0002861
0.0
0.149
0.3742
0.108
0.1104
0.3975
0.1274
0.3212
0.2083
0.2647
0.3448
0.05808
0.1314
0.3914
0.03567
9.537e-05
0.0001907
0.0
0.0003815
0.0
0.0002861
0.0
0.0
0.0
9.537e-05
0.0
0.0
0.0
0.0
0.0
0.0
0.0
0.0
0.0
9.537e-05
0.0
0.0
0.0
0.0
0.0
0.0
0.0
0.0
0.0
0.0
0.0
0.0
0.0
0.0001907
0.0
0.0
0.0
0.0
0.0
9.537e-05
0.0
0.0
0.0
0.0
0.0
9.537e-05
0.0
9.537e-05
0.0
0.0
0.0
0.0
0.0
0.0
0.0
0.0
0.0
0.0
0.0
0.0
0.0
0.0
0.008106
1.196
2.145
2.145
2.386
2.652
2.603
2.792
2.487
2.765
2.573
2.795
2.942
2.884
2.893
3.091
3.644
4.01
3.967
10.69
9.924
9.79
7.263
5.676
3.467
1.131
1.956
2.847
5.548
3.772
0.2724
3.235
3.662
4.163
3.918
3.729
3.864
3.833
3.595
3.876
3.766
4.102
3.894
3.979
5.383
9.509
10.39
8.435
7.544
5.09
2.682
0.6683
1.62
1.968
2.246
2.472
2.994
3.101
3.052
2.945
3.04
3.024
2.777
2.881
2.911
2.933
2.853
2.814
2.841
3.055
8.081
2.975
5.383
6.262
7.629
7.251
4.987
5.17
2.277
0.5478
3.473
3.693
3.864
3.864
3.845
3.955
3.864
3.522
3.589
3.638
3.186
3.51
3.949
3.717
9.265
9.558
9.778
8.081
4.303
4.437
2.066
1.239
3.748
3.851
3.839
3.448
3.125
3.125
3.32
3.76
3.662
3.265
3.754
3.455
3.76
6.012
9.509
10.14
9.204
6.97
5.365
2.853
0.8942
2.618
3.006
3.064
3.125
2.966
2.789
2.945
3.058
2.814
2.655
2.753
2.597
2.515
2.475
2.42
2.454
2.228
3.442
7.544
3.394
8.423
10.38
9.253
5.627
4.626
2.463
0.7179
2.802
2.954
3.467
3.644
3.583
3.735
3.674
3.516
3.253
2.924
2.911
2.859
3.253
3.497
3.79
7.239
4.865
5.475
6.763
9.082
7.654
5.066
4.633
3.503
1.74
0.9903
1.77
1.871
1.938
2.286
2.341
2.53
2.42
2.466
2.423
2.551
2.576
2.548
2.444
2.637
2.686
3.125
3.552
3.632
9.753
10.42
10.64
9.143
5.609
4.291
2.313
0.9216
2.307
5.084
2.072
0.6561
2.081
4.865
1.694
0.6279
2.069
4.114
2.756
0.4654
0.3967
0.2228
2.029
4.211
2.225
0.3071
2.118
4.645
1.532
0.3719
0.3803
0.1198
2.478
3.055
2.972
3.455
3.473
3.088
3.296
3.247
3.491
3.418
3.308
3.381
3.412
3.363
2.728
6.946
10.89
11.32
9.766
7.422
5.206
2.753
1.309
1.126
1.782
2.206
2.338
2.618
2.399
2.585
2.594
2.222
1.743
1.389
1.221
1.265
1.212
1.147
1.207
1.17
1.117
1.262
1.253
1.125
1.213
1.189
1.224
1.479
1.624
1.74
1.929
6.36
4.999
3.018
5.762
5.927
8.594
7.214
6.409
5.267
3.522
1.779
1.057
1.7
2.023
2.298
2.515
2.957
2.78
2.917
2.643
2.945
2.841
2.753
2.972
2.878
2.643
2.325
2.261
2.365
2.09
3.632
7.007
3.012
5.005
4.633
7.349
6.836
6.799
4.694
3.204
3.369
2.991
1.138
1.392
1.361
0.3826
0.5707
2.271
0.499
0.8682
2.011
0.3384
2.173
0.7599
0.1528
1.352
0.9674
2.286
0.1915
1.443
0.3338
0.1747
0.3632
0.1719
1.305
1.338
0.486
1.547
1.534
0.5417
1.228
1.59
0.5585
1.169
0.7591
0.7683
0.3345
0.1524
0.3265
0.12
1.059
1.868
1.987
2.051
2.618
3.088
3.217
3.04
3.217
3.229
3.198
2.957
2.734
2.707
3.061
3.098
3.012
6.714
9.314
10.57
8.801
8.411
6.055
4.144
2.17
0.4005
0.2441
0.2636
0.8728
0.3391
0.7217
0.7576
0.7263
0.4341
2.173
3.168
3.162
3.055
2.811
2.487
2.228
2.261
2.136
2.036
1.965
1.868
1.926
1.962
2.011
2.087
2.454
2.618
2.185
4.59
6.47
2.722
5.627
5.798
8.74
4.907
7.19
4.565
4.559
2.789
2.567
1.691
0.5371
0.0206
0.4463
0.2766
0.08507
0.09537
0.4204
0.4669
0.3151
0.2808
0.6416
0.3231
0.7317
0.4135
0.3899
0.441
0.3784
0.4097
0.5531
0.2327
0.3906
0.0001907
0.0001907
0.0
0.0
0.0
0.0
9.537e-05
0.0
0.0
0.0
0.0
0.0
0.0002861
9.537e-05
0.0
0.0
0.0
0.0
0.0
0.0
0.0005722
0.1535
0.415
0.4066
0.4982
0.5493
0.9293
0.3292
0.1696
