4.236
4.236
4.169
4.077
4.059
4.059
4.059
4.218
4.242
4.236
4.236
4.236
4.236
4.236
4.236
4.236
4.242
4.236
4.236
4.236
4.236
4.236
4.236
4.236
4.138
4.059
4.059
4.059
4.059
4.108
4.156
4.059
4.059
4.059
4.077
4.254
4.254
4.254
4.254
4.254
4.248
4.254
4.254
4.254
4.254
4.248
4.248
4.254
4.254
4.254
4.254
4.248
4.248
4.248
4.254
4.254
4.248
4.254
4.254
4.132
4.059
4.059
4.187
4.248
4.248
4.248
4.181
4.059
4.059
4.144
4.254
4.254
4.254
4.254
4.254
4.254
4.254
4.254
4.254
4.254
4.254
4.254
4.254
4.254
4.254
4.254
4.254
4.254
4.254
4.254
4.254
4.254
4.254
4.26
4.26
4.26
4.26
4.26
4.26
4.26
4.26
4.26
4.285
4.449
4.449
4.449
4.449
4.456
4.456
4.456
4.456
4.456
4.449
4.456
4.456
4.449
4.449
4.456
4.449
4.456
4.456
4.456
4.456
4.449
4.449
4.456
4.456
4.456
4.456
4.456
4.456
4.456
4.449
4.449
4.449
4.449
4.449
4.449
4.449
4.449
4.449
4.449
4.449
4.449
4.449
4.449
4.449
4.376
4.254
4.254
4.254
4.352
4.425
4.254
4.254
4.254
4.254
4.254
4.254
4.254
4.254
4.254
4.254
4.254
4.254
4.254
4.254
4.102
4.169
4.138
4.065
4.065
4.065
4.065
4.065
4.169
4.26
4.26
4.26
4.248
4.065
4.065
4.059
4.059
4.059
4.169
4.138
4.059
4.199
4.254
4.254
4.254
4.254
4.254
4.254
4.254
4.254
4.254
4.254
4.254
4.254
4.156
4.211
4.218
4.181
4.163
4.053
4.053
4.053
4.187
4.242
4.242
4.242
4.248
4.248
4.248
4.248
4.248
4.114
4.132
4.102
4.059
4.059
4.065
4.26
4.254
4.254
4.205
4.254
4.248
4.254
4.254
4.254
4.254
4.248
4.248
4.211
4.254
4.089
4.059
4.211
4.15
4.254
4.089
4.224
4.236
4.236
4.169
4.102
4.236
4.236
4.236
4.236
4.236
4.236
4.236
4.236
4.236
4.236
4.236
4.236
4.236
4.236
4.236
4.236
4.236
4.236
4.236
4.236
4.236
4.236
4.095
4.059
4.059
4.059
4.059
4.059
4.059
4.059
4.193
4.059
4.059
4.059
4.059
4.071
4.059
4.163
4.059
4.059
4.059
4.059
4.059
4.059
4.059
4.095
4.242
4.254
4.254
4.254
4.254
4.254
4.254
4.254
4.254
4.254
4.254
4.254
4.254
4.254
4.254
4.254
4.254
4.254
4.254
4.254
4.254
4.254
4.254
4.254
4.254
4.254
4.254
4.254
4.254
4.254
4.254
4.254
4.254
4.254
4.254
4.254
4.254
4.254
4.254
4.254
4.254
4.254
4.254
4.254
4.254
4.254
4.254
4.254
4.254
4.254
4.254
4.254
4.254
4.254
4.254
4.254
4.254
4.254
4.254
4.254
4.254
4.254
4.254
4.254
4.254
4.26
4.254
4.254
4.254
4.26
4.26
4.26
4.26
4.26
4.26
4.26
4.26
4.26
4.26
4.26
4.26
4.26
4.26
4.26
4.26
4.26
4.26
4.26
4.26
4.26
4.26
4.358
4.456
4.456
4.456
4.456
4.456
4.456
4.456
4.456
4.456
4.456
4.456
4.456
4.456
4.456
4.456
4.456
4.456
4.456
4.456
4.431
4.26
4.26
4.26
4.26
4.34
4.456
4.456
4.456
4.456
4.456
4.346
4.26
4.26
4.26
4.309
4.456
4.456
4.456
4.456
4.456
4.456
4.456
4.456
4.456
4.456
4.382
4.26
4.26
4.26
4.26
4.26
4.254
4.254
4.254
4.254
4.254
4.254
4.26
4.26
4.254
4.254
4.26
4.254
4.254
4.254
4.26
4.26
4.254
4.126
4.059
4.114
4.15
4.254
4.224
4.114
4.065
4.059
4.089
4.254
4.254
4.254
4.205
4.156
4.181
4.083
4.065
4.236
4.242
4.187
4.15
4.193
4.218
4.254
4.254
4.254
4.254
4.254
4.254
4.254
4.254
4.254
4.23
4.248
4.248
4.248
4.144
4.059
4.144
4.254
4.193
4.254
4.242
4.254
4.254
4.254
4.211
4.163
4.254
4.248
4.254
4.15
4.108
4.23
4.218
4.059
4.077
4.248
4.254
4.254
4.23
4.156
4.083
4.059
4.059
4.059
4.059
4.065
4.059
4.059
4.059
4.059
4.059
4.059
4.059
4.059
4.059
4.059
4.059
4.059
4.059
4.059
4.059
4.23
4.26
4.254
4.26
4.26
4.254
4.254
4.254
4.138
4.126
4.163
4.138
4.254
4.254
4.254
4.26
4.26
4.254
4.254
4.254
4.254
4.254
4.254
4.254
4.254
4.248
4.254
4.254
4.254
4.254
4.254
4.254
4.254
4.254
4.254
4.254
4.254
4.254
4.254
4.254
4.254
4.254
4.254
4.254
4.254
4.254
4.254
4.254
4.254
4.254
4.254
4.254
4.254
4.254
4.254
4.254
4.254
4.254
4.254
4.254
4.254
4.254
4.254
4.254
4.254
4.254
4.254
4.254
4.254
4.254
4.254
4.254
4.254
4.254
4.254
4.254
4.254
4.254
4.254
4.254
4.254
4.254
4.254
4.254
4.254
4.254
4.254
4.254
4.254
4.254
4.254
4.254
4.26
4.26
4.26
4.26
4.26
4.26
4.26
4.26
4.26
4.26
4.26
4.26
4.26
4.26
4.26
4.26
4.26
4.26
4.26
4.26
4.26
4.26
4.26
4.26
4.26
4.26
4.26
4.26
4.26
4.26
4.26
4.26
4.26
4.26
4.26
4.26
4.26
4.26
4.26
4.26
4.26
4.26
4.26
4.26
4.26
4.26
4.26
4.26
4.26
4.26
4.26
4.26
4.26
4.211
4.065
4.065
4.065
4.065
4.065
4.065
4.065
4.065
4.065
4.156
4.26
4.26
4.26
4.26
4.26
4.26
4.26
4.26
4.132
4.065
4.187
4.26
4.26
4.26
4.26
4.26
4.26
4.26
4.26
4.26
4.26
4.23
4.065
4.065
4.065
4.065
4.071
4.26
4.089
4.12
4.254
4.254
4.254
4.254
4.254
4.26
4.254
4.254
4.254
4.254
4.254
4.254
4.254
4.254
4.26
4.181
4.065
4.065
4.065
4.065
4.065
4.059
4.059
4.059
4.059
4.12
4.199
4.248
4.254
4.254
4.254
4.254
4.254
4.254
4.218
4.095
4.169
4.254
4.199
4.108
4.254
4.254
4.254
4.254
4.254
4.254
4.254
4.254
4.254
4.248
4.126
4.218
4.193
4.169
4.236
4.242
4.242
4.242
4.254
4.254
4.254
4.254
4.254
4.254
4.254
4.254
4.254
4.254
4.254
4.242
4.254
4.248
4.114
4.254
4.254
