4.254
4.254
4.254
4.254
4.254
4.254
4.254
4.254
4.254
4.254
4.254
4.254
4.254
4.254
4.254
4.254
4.254
4.254
4.254
4.254
4.254
4.248
4.254
4.254
4.254
4.254
4.254
4.254
4.254
4.254
4.254
4.254
4.254
4.254
4.254
4.254
4.254
4.254
4.254
4.254
4.254
4.254
4.254
4.254
4.254
4.254
4.254
4.23
4.23
4.254
4.254
4.144
4.059
4.059
4.059
4.059
4.059
4.193
4.26
4.26
4.26
4.26
4.26
4.26
4.254
4.254
4.254
4.254
4.254
4.254
4.254
4.211
4.26
4.26
4.26
4.26
4.26
4.26
4.26
4.26
4.26
4.26
4.26
4.254
4.254
4.26
4.26
4.26
4.26
4.26
4.26
4.26
4.26
4.26
4.26
4.26
4.26
4.26
4.26
4.26
4.26
4.26
4.26
4.26
4.26
4.26
4.26
4.26
4.26
4.26
4.26
4.26
4.26
4.26
4.26
4.26
4.26
4.26
4.26
4.26
4.26
4.26
4.26
4.26
4.26
4.26
4.26
4.26
4.26
4.26
4.26
4.26
4.26
4.26
4.26
4.26
4.26
4.26
4.26
4.26
4.26
4.26
4.26
4.26
4.26
4.26
4.26
4.26
4.26
4.26
4.26
4.26
4.26
4.26
4.26
4.26
4.26
4.26
4.26
4.26
4.26
4.26
4.26
4.26
4.26
4.26
4.26
4.26
4.26
4.26
4.26
4.26
4.26
4.26
4.26
4.26
4.26
4.26
4.26
4.254
4.26
4.26
4.254
4.254
4.236
4.248
4.254
4.254
4.236
4.059
4.059
4.059
4.059
4.065
4.059
4.059
4.059
4.059
4.156
4.26
4.254
4.095
4.065
4.065
4.065
4.187
4.26
4.26
4.26
4.26
4.254
4.254
4.254
4.254
4.254
4.254
4.254
4.095
4.095
4.181
4.26
4.26
4.254
4.236
4.138
4.218
4.26
4.26
4.26
4.26
4.254
4.254
4.254
4.26
4.26
4.126
4.144
4.26
4.26
4.26
4.26
4.254
4.254
4.254
4.254
4.254
4.132
4.059
4.077
4.138
4.26
4.254
4.26
4.254
4.254
4.254
4.138
4.242
4.26
4.156
4.15
4.26
4.26
4.26
4.26
4.254
4.102
4.169
4.26
4.138
4.059
4.163
4.254
4.254
4.254
4.254
4.26
4.254
4.083
4.059
4.059
4.059
4.059
4.059
4.23
4.254
4.254
4.254
4.26
4.254
4.254
4.26
4.26
4.26
4.254
4.254
4.254
4.254
4.254
4.254
4.254
4.254
4.254
4.254
4.254
4.254
4.254
4.254
4.254
4.254
4.254
4.254
4.254
4.254
4.254
4.254
4.254
4.254
4.254
4.248
4.254
4.254
4.254
4.254
4.254
4.254
4.254
4.254
4.254
4.254
4.254
4.254
4.254
4.254
4.254
4.254
4.254
4.254
4.254
4.254
4.254
4.254
4.254
4.254
4.254
4.254
4.254
4.254
4.254
4.254
4.254
4.254
4.254
4.254
4.254
4.254
4.254
4.254
4.254
4.254
4.254
4.26
4.26
4.26
4.26
4.26
4.26
4.26
4.26
4.26
4.26
4.26
4.26
4.26
4.26
4.26
4.26
4.26
4.26
4.26
4.26
4.26
4.26
4.26
4.26
4.26
4.26
4.26
4.26
4.26
4.26
4.26
4.26
4.26
4.26
4.26
4.26
4.26
4.26
4.26
4.26
4.26
4.26
4.26
4.26
4.26
4.26
4.26
4.26
4.26
4.26
4.26
4.26
4.26
4.26
4.26
4.26
4.26
4.26
4.26
4.26
4.26
4.26
4.26
4.26
4.26
4.26
4.26
4.26
4.26
4.26
4.26
4.26
4.26
4.26
4.26
4.26
4.26
4.26
4.26
4.26
4.26
4.26
4.26
4.26
4.26
4.26
4.26
4.26
4.26
4.26
4.26
4.26
4.26
4.254
4.26
4.254
4.211
4.059
4.102
4.163
4.102
4.089
4.218
4.065
4.065
4.218
4.205
4.108
4.059
4.065
4.059
4.248
4.077
4.095
4.102
4.26
4.254
4.26
4.254
4.254
4.254
4.187
4.193
4.065
4.047
4.065
4.169
4.26
4.254
4.26
4.26
4.272
4.254
4.254
4.254
4.254
4.254
4.26
4.254
4.156
4.065
4.242
4.26
4.254
4.254
4.26
4.254
4.175
4.254
4.254
4.254
4.254
4.254
4.065
4.077
4.083
4.102
4.065
4.095
4.26
4.102
4.132
4.26
4.254
4.102
4.059
4.059
4.059
4.059
4.059
4.059
4.236
4.065
4.059
4.065
4.065
4.059
4.114
4.254
4.26
4.26
4.26
4.26
4.248
4.254
4.254
4.254
4.254
4.254
4.254
4.26
4.254
4.254
4.254
4.242
4.059
4.059
4.059
4.059
4.059
4.059
4.181
4.254
4.26
4.254
4.089
4.218
4.15
4.175
4.254
4.169
4.059
4.15
4.065
4.254
4.254
4.254
4.254
4.156
4.059
4.059
4.169
4.242
4.059
4.224
4.26
4.26
4.26
4.26
4.254
4.254
4.254
4.254
4.254
4.254
4.254
4.254
4.254
4.254
4.254
4.254
4.254
4.254
4.254
4.254
4.254
4.254
4.254
4.254
4.254
4.254
4.254
4.254
4.254
4.254
4.254
4.254
4.254
4.254
4.254
4.254
4.254
4.254
4.254
4.254
4.254
4.254
4.254
4.254
4.26
4.254
4.26
4.254
4.26
4.26
4.26
4.26
4.26
4.26
4.26
4.26
4.26
4.26
4.26
4.26
4.26
4.26
4.26
4.26
4.346
4.407
4.26
4.26
4.26
4.26
4.26
4.26
4.26
4.26
4.26
4.26
4.26
4.26
4.26
4.26
4.26
4.26
4.26
4.26
4.26
4.26
4.26
4.26
4.26
4.26
4.26
4.26
4.26
4.26
4.26
4.26
4.26
4.26
4.26
4.26
4.26
4.26
4.26
4.26
4.26
4.26
4.26
4.26
4.26
4.26
4.26
4.26
4.175
4.26
4.26
4.26
4.26
4.26
4.144
4.065
4.065
4.065
4.254
4.26
4.26
4.26
4.26
4.26
4.26
4.26
4.26
4.26
4.26
4.26
4.26
4.26
4.26
4.26
4.26
4.26
4.254
4.254
4.254
4.254
4.205
4.059
4.065
4.065
4.065
4.059
4.071
4.26
4.26
4.26
4.26
4.163
4.26
4.236
4.138
4.059
4.15
4.065
4.065
4.175
4.163
4.108
4.254
4.199
4.065
4.144
4.224
4.175
4.26
4.26
4.211
4.138
4.065
4.26
4.26
4.26
4.26
4.254
4.254
4.254
4.254
4.254
4.254
4.254
4.254
4.254
4.26
4.26
4.254
4.26
4.26
4.254
4.254
4.254
4.254
4.26
4.254
4.254
4.254
4.254
4.248
4.077
4.211
4.26
4.26
4.163
4.199
4.26
4.254
4.254
4.254
4.254
4.254
4.254
