22.51
17.6
20.7
17.82
23.41
20.34
22.58
20.31
24.05
20.53
21.17
18.41
20.87
18.02
22.41
17.97
24.29
17.38
18.92
15.55
19.7
16.21
19.09
18.07
20.39
17.36
19.29
16.89
19.9
16.77
18.41
14.82
23.83
19.56
17.38
16.36
24.22
17.48
18.31
15.41
20.26
16.65
21.95
15.23
15.09
19.19
19.09
14.72
21.8
18.6
14.11
19.51
18.51
17.94
12.6
15.38
14.48
12.08
16.41
13.84
21.73
13.89
17.24
13.01
15.11
17.31
12.23
17.02
12.74
14.58
12.02
15.77
15.87
10.28
11.76
14.38
13.53
14.36
11.18
14.04
14.38
17.92
13.87
16.55
18.55
22.92
20.04
16.63
17.65
18.36
17.31
12.07
13.84
15.45
12.12
14.21
10.67
13.43
13.62
24.22
20.29
16.16
11.87
14.26
11.87
11.84
15.7
16.06
26.9
17.07
15.33
23.24
18.92
16.67
13.33
14.72
13.45
15.04
13.55
16.7
14.65
13.18
14.18
21.22
15.16
13.31
16.67
14.94
14.06
12.92
12.94
16.11
19.02
18.07
18.04
16.58
13.31
16.53
16.7
16.87
26.86
18.82
14.6
16.38
13.35
16.36
14.77
30.66
19.95
16.67
16.87
18.99
18.36
17.33
12.62
18.68
13.55
13.01
17.09
14.75
17.11
15.04
18.87
16.92
16.8
21.14
18.48
20.36
17.21
19.14
16.09
16.31
15.16
19.21
15.23
18.29
15.62
18.51
18.24
23.14
19.97
18.92
16.6
20.09
17.09
19.26
16.72
21.85
22.83
18.65
19.09
21.07
20.34
23.56
18.33
21.8
18.38
20.56
17.33
20.41
18.63
22.31
19.31
21.73
19.58
21.78
18.75
21.8
19.38
20.56
17.9
21.73
18.58
23.8
19.63
21.73
19.48
23.32
19.17
22.22
20.24
23.12
23.58
24.1
18.95
23.02
21.9
23.27
20.21
24.68
25.44
24.27
19.78
23.29
22.09
24.44
24.78
26.51
29.1
29.05
25.68
24.39
22.09
24.34
21.61
23.68
20.58
23.85
21.39
23.24
21.0
23.61
20.61
22.71
21.0
23.93
20.85
23.41
20.61
24.37
20.68
23.32
20.61
23.24
20.83
24.71
21.73
27.34
25.34
26.37
22.29
28.47
23.39
23.54
21.7
26.27
22.88
25.54
22.24
24.15
24.24
23.46
20.09
18.92
18.6
19.34
18.99
26.95
21.83
21.53
18.16
19.26
17.07
20.0
17.68
22.31
20.43
22.95
22.02
24.07
20.26
21.39
18.77
21.14
17.99
21.19
18.6
21.58
19.26
26.17
24.8
24.76
20.8
22.95
21.88
27.29
22.73
25.49
23.66
23.88
21.78
24.85
25.1
26.56
22.68
25.59
24.0
26.61
25.78
29.64
26.71
29.0
26.07
28.42
26.66
27.29
23.02
29.1
22.61
24.0
21.36
24.39
23.46
25.05
21.58
26.46
25.68
27.29
22.31
23.0
21.09
23.19
20.61
22.95
19.6
23.97
24.02
24.44
22.02
23.93
24.0
23.71
20.04
23.14
20.14
22.56
20.24
23.44
20.21
22.75
20.46
22.95
20.14
23.12
20.7
23.12
21.68
22.95
19.73
26.12
23.14
25.15
20.39
23.85
19.68
18.68
16.89
19.09
21.29
17.38
16.75
18.87
16.55
18.6
16.11
17.09
19.21
15.99
18.73
16.43
16.16
18.7
19.17
19.24
18.16
15.33
17.9
19.31
17.31
16.72
19.82
20.02
20.56
18.33
17.58
18.46
18.12
20.0
29.44
20.73
19.95
20.17
19.12
19.26
18.36
17.82
16.67
15.43
16.67
20.17
19.02
20.48
15.75
19.68
16.8
19.51
17.7
18.48
20.75
18.02
15.48
19.9
24.1
20.9
18.48
17.38
21.39
18.24
19.95
17.29
21.61
18.6
16.89
18.7
17.97
17.21
17.82
16.77
18.7
17.19
17.77
19.73
17.24
19.26
17.41
18.46
20.97
16.8
17.58
15.84
17.63
16.09
19.43
16.67
22.09
26.03
19.75
17.9
23.83
22.95
19.6
20.41
18.99
22.92
19.7
21.61
20.39
23.46
19.85
23.68
19.46
20.97
20.14
21.14
19.51
23.0
24.66
22.53
20.24
24.95
23.68
25.63
25.24
27.39
25.05
26.95
24.44
26.22
27.39
25.29
23.58
22.49
20.9
21.97
19.26
20.73
18.46
20.34
20.58
22.46
22.58
22.66
19.56
21.9
21.68
23.8
21.34
22.78
23.44
27.73
25.93
25.2
21.73
26.03
25.68
29.69
26.95
25.54
24.41
28.27
24.71
26.22
25.44
29.3
25.2
28.86
24.78
28.42
28.42
29.15
23.73
27.29
28.37
29.05
25.59
27.1
23.36
25.29
22.83
26.22
23.97
27.2
23.34
24.63
23.1
26.27
23.34
26.03
23.63
24.1
23.9
27.0
27.64
27.34
24.88
23.56
21.24
23.56
21.29
23.32
24.34
23.39
20.02
22.19
20.51
21.56
22.09
22.51
21.78
24.15
20.26
22.05
19.53
21.66
19.87
21.34
18.99
23.68
19.02
21.02
19.53
21.85
19.85
21.44
19.14
21.8
22.19
20.75
18.6
25.15
22.97
24.07
23.95
24.8
21.83
23.27
21.39
24.12
24.07
25.15
23.9
25.24
21.56
23.88
21.22
23.78
21.61
24.9
21.12
23.68
21.68
23.32
21.73
26.51
24.88
23.78
19.6
22.78
19.17
21.8
19.04
21.78
20.12
22.92
18.21
21.19
20.0
22.36
19.19
21.83
19.75
21.09
20.75
23.73
20.53
22.53
19.82
22.73
20.56
24.29
22.83
24.0
19.78
22.0
20.21
26.17
21.9
22.53
19.17
21.75
18.16
20.61
18.26
21.19
19.56
23.22
19.53
21.97
20.26
22.22
22.75
24.49
17.24
19.95
19.21
20.65
18.04
20.63
16.99
19.78
17.97
21.07
18.12
24.76
21.26
23.75
18.14
20.83
21.36
25.1
21.51
20.04
17.09
19.78
16.94
20.09
15.43
30.66
24.24
21.78
20.7
17.99
16.55
21.78
23.02
20.48
16.53
18.9
16.65
19.73
16.24
19.65
16.85
19.43
16.48
18.36
15.84
22.19
18.48
21.39
18.87
21.56
18.46
20.8
18.04
21.17
18.63
20.0
18.09
20.73
18.26
21.51
17.46
20.97
17.24
21.58
17.7
20.21
18.46
20.78
18.6
22.07
19.12
21.83
19.75
21.9
18.6
21.58
19.65
22.29
17.75
21.02
18.9
22.19
18.99
22.46
20.97
24.78
21.17
26.22
21.51
22.53
20.12
23.71
18.51
21.41
20.34
23.41
20.51
23.22
21.44
27.44
18.33
20.04
18.58
23.88
20.78
23.83
20.97
25.15
22.24
25.39
23.34
25.39
22.36
27.2
24.63
26.9
23.54
28.22
24.22
26.95
25.2
28.66
24.32
27.98
25.34
25.63
22.22
24.8
23.56
24.15
21.73
25.2
22.75
26.27
22.78
27.29
25.34
26.76
25.1
27.29
23.58
26.03
25.24
26.51
24.34
28.76
23.93
27.29
25.78
30.66
24.46
27.64
24.17
27.88
24.58
27.25
23.68
25.34
24.61
27.54
24.34
25.24
25.73
28.66
27.05
25.0
22.83
26.95
23.24
25.44
22.12
28.56
26.03
24.73
24.44
30.57
27.39
23.93
20.9
22.41
18.9
25.44
18.8
25.68
24.78
21.26
18.46
21.41
16.67
24.83
20.85
22.41
19.12
21.39
18.14
21.58
18.68
22.66
19.26
23.1
18.65
20.97
18.6
22.68
20.04
21.73
18.95
22.95
22.22
21.78
18.04
19.78
18.16
24.39
18.99
19.73
17.9
20.04
17.14
20.95
18.8
