12.55
20.53
14.79
8.643
9.265
19.41
19.75
14.48
9.827
20.07
20.0
11.32
8.655
8.24
17.82
20.0
9.058
5.908
5.646
7.568
8.594
18.7
19.48
10.66
11.47
20.68
18.7
9.485
8.374
8.459
8.423
8.398
15.97
20.63
17.48
8.472
8.643
8.081
12.79
16.28
17.24
17.75
17.7
15.19
13.5
9.827
12.45
20.63
18.58
9.521
8.411
9.143
19.29
20.04
12.62
8.667
12.79
16.41
17.26
17.8
16.14
14.23
11.58
17.6
20.02
12.87
15.26
16.67
17.33
17.8
16.19
14.77
11.18
8.13
8.264
14.77
16.85
17.55
17.5
14.77
11.89
8.374
10.97
20.61
19.56
14.84
20.83
19.19
14.5
15.72
16.92
17.5
16.65
14.01
11.43
10.73
15.97
17.11
17.75
16.02
13.89
9.351
13.57
16.55
17.38
17.75
14.77
13.65
8.948
8.643
10.89
16.14
17.26
17.87
15.43
13.82
11.24
9.18
8.85
8.813
9.131
12.55
20.0
20.75
12.77
9.07
8.936
9.119
9.29
10.6
16.09
17.14
17.72
17.07
14.77
12.57
8.728
12.11
16.21
17.16
17.63
16.8
14.28
11.76
9.094
8.752
9.009
15.92
20.24
12.99
9.143
15.55
16.82
17.43
17.9
16.46
15.09
13.72
12.37
8.765
14.48
16.09
16.89
17.33
17.77
16.94
14.53
13.28
9.717
8.228
9.18
9.167
10.25
20.19
19.63
14.75
9.644
9.131
9.326
9.253
9.021
16.09
20.29
20.41
18.24
17.94
11.73
5.829
6.299
8.838
9.082
19.34
19.51
16.38
9.143
8.997
18.97
19.78
17.85
9.46
8.85
8.545
8.582
8.862
8.374
7.91
5.969
5.829
5.829
5.829
5.829
5.829
6.995
8.752
8.936
18.29
19.9
17.65
9.424
8.594
8.74
8.655
8.435
9.326
9.119
8.606
9.595
18.46
20.36
13.99
6.714
6.116
5.829
5.829
5.829
5.829
7.605
8.521
8.545
8.789
9.192
8.777
8.899
8.484
8.594
8.667
8.594
9.106
8.74
10.68
20.04
20.51
18.24
10.52
6.049
5.872
5.829
5.829
5.829
5.829
7.385
8.826
9.045
8.24
13.79
20.46
19.07
17.9
12.32
8.667
9.241
18.75
20.46
17.5
11.08
9.424
8.862
7.056
6.018
5.896
5.829
5.829
5.829
5.829
6.995
8.679
8.887
9.375
16.75
20.73
18.38
16.6
9.375
8.826
8.997
8.813
8.362
8.496
8.813
9.68
18.75
20.8
18.41
6.921
6.14
6.024
6.024
6.024
6.024
7.812
8.118
8.691
8.447
9.009
8.459
11.25
20.21
20.36
18.09
13.75
8.911
12.48
20.68
20.21
16.16
15.06
20.8
19.75
12.92
6.519
6.055
6.024
6.024
6.873
8.203
8.447
8.362
14.7
20.73
20.68
18.19
12.21
8.533
17.99
20.73
18.26
11.66
8.435
8.667
8.704
6.085
6.024
6.024
6.024
6.024
6.024
6.024
8.301
9.119
8.276
8.545
9.192
8.557
8.923
8.74
15.11
16.85
17.53
18.02
18.38
18.75
18.92
19.14
19.17
19.34
19.34
19.41
19.53
19.65
19.73
19.73
19.92
19.92
20.0
20.12
20.19
20.31
20.29
17.43
17.48
19.29
20.04
20.26
20.29
20.17
20.09
20.04
17.7
16.26
15.92
14.53
9.216
15.11
16.41
17.02
17.36
17.7
17.97
17.99
18.24
18.58
18.8
18.97
19.17
19.17
19.31
19.36
19.36
19.53
19.56
19.56
19.56
19.58
19.75
19.75
19.75
19.78
19.92
20.04
20.12
20.12
20.04
17.46
19.14
19.7
20.85
20.85
20.46
20.29
20.29
18.31
16.14
15.67
15.62
15.31
15.14
11.96
10.97
15.7
16.7
17.29
17.8
17.99
18.09
18.29
18.73
18.95
19.04
19.14
19.17
19.34
19.34
19.46
19.53
19.56
19.73
19.73
19.82
19.9
20.07
20.14
20.31
20.31
20.31
20.31
18.63
17.04
18.55
20.8
20.8
20.65
20.65
20.65
18.85
18.12
17.9
16.82
10.36
15.48
16.94
17.65
18.07
18.38
18.75
18.95
19.09
19.24
19.31
19.36
19.51
19.56
19.73
19.73
19.78
19.92
20.04
20.19
20.31
19.19
17.46
17.46
19.63
20.75
20.46
20.21
20.04
18.73
17.58
17.24
15.94
11.29
16.31
17.29
17.82
18.12
18.55
18.87
18.99
19.14
19.21
19.34
19.43
19.53
19.6
19.73
19.73
19.8
19.92
20.09
20.24
20.21
19.29
16.85
18.63
20.83
20.7
20.56
20.48
19.97
19.29
19.17
18.21
10.42
15.6
16.72
13.92
13.01
10.8
15.41
16.7
13.84
13.01
10.9
15.28
16.41
17.02
14.62
13.62
13.16
11.36
15.21
16.36
16.99
14.28
13.45
13.04
10.77
15.72
16.77
13.75
13.11
10.52
14.38
16.5
14.6
12.84
10.86
13.38
16.41
15.92
13.11
12.0
15.28
19.68
19.02
16.28
13.13
15.92
16.75
13.92
13.23
13.06
18.51
19.63
17.38
14.89
19.31
18.82
12.62
14.01
16.87
17.65
18.07
18.36
18.65
18.87
19.04
19.26
19.31
19.31
19.38
19.53
19.63
19.73
19.73
19.85
19.9
20.07
20.26
20.21
17.36
20.24
20.83
20.65
20.65
20.39
18.04
17.5
17.02
15.11
11.56
16.41
17.38
17.94
18.19
18.6
18.87
19.04
19.14
19.14
19.34
19.51
19.53
19.73
19.73
19.85
19.92
20.02
20.31
20.31
18.73
17.53
20.41
20.8
20.51
20.46
19.14
17.5
17.43
17.07
10.47
15.84
17.09
17.75
18.07
18.41
18.73
18.95
19.14
19.14
19.34
19.34
19.53
19.56
19.73
19.73
19.85
19.92
20.17
20.31
20.31
19.56
17.38
20.43
20.85
20.7
20.65
20.68
18.46
17.33
16.99
16.65
16.65
16.6
11.78
11.15
9.436
11.54
9.277
15.72
17.04
17.8
18.19
18.55
18.92
19.09
19.29
19.34
19.46
19.53
19.7
19.85
19.92
19.92
19.97
20.29
20.31
20.31
20.31
18.85
19.82
20.53
20.87
20.85
20.85
20.87
20.8
20.65
17.94
17.48
17.24
17.24
17.24
15.36
9.546
9.485
9.265
12.84
19.56
20.39
19.97
17.53
14.87
11.01
10.1
9.436
8.655
9.753
10.5
17.58
20.41
20.26
18.29
17.41
10.73
15.8
20.43
20.65
19.36
17.31
14.87
9.314
9.717
16.97
20.56
20.63
19.17
16.33
9.351
9.131
9.045
9.375
11.17
14.33
19.75
20.26
18.97
12.46
9.351
9.241
9.448
9.302
9.106
8.789
14.55
20.34
20.83
19.63
17.5
15.41
10.9
18.55
20.73
20.53
18.12
8.789
6.207
6.079
6.024
6.024
6.024
6.024
6.024
6.024
6.024
6.024
6.024
6.024
6.024
6.024
6.024
6.024
6.024
6.024
6.146
9.766
9.473
9.619
12.11
19.41
20.39
19.09
17.41
15.26
9.778
