0.0
0.0
9.537e-05
0.0
9.537e-05
0.0
0.0
0.0001907
0.0
0.0
0.0
0.0
0.0
0.0001907
0.0005722
0.0
0.0
0.0
0.0
0.0
0.0
0.0
0.0
0.0
0.0
0.0
0.0
0.0
0.0
0.0
9.537e-05
0.0
0.0
0.02794
0.2823
0.293
0.1842
0.3593
0.01183
9.537e-05
0.0
0.0
0.0
0.006104
0.1205
0.1316
0.2441
0.1305
0.1347
0.115
0.2705
0.1442
0.1305
0.7118
0.2388
0.03462
0.05226
0.04807
0.03958
0.2808
0.149
0.02422
0.01497
0.0205
0.3151
1.433
0.4539
0.2857
0.2388
0.3288
0.3983
0.3609
0.3254
0.2911
0.3159
0.3422
0.3277
0.3029
0.2979
0.304
0.3304
0.3811
0.457
1.118
1.66
1.831
0.8453
1.271
1.764
0.5943
0.4623
0.6668
0.6172
0.5257
0.6424
0.634
0.6264
0.5997
0.2724
0.2899
0.08287
0.008011
2.655
3.21
4.211
3.375
2.39
2.444
1.987
2.963
1.569
0.05875
0.1251
0.8804
0.02241
0.06323
0.03986
0.04702
0.3944
0.05636
0.01936
0.0205
0.02508
0.8881
0.8865
0.5325
0.2163
0.2682
0.2834
0.3502
0.3532
0.2563
0.2747
0.2422
0.3166
0.3685
0.2941
0.2857
0.2762
0.2998
0.3021
0.2659
0.3525
0.47
1.434
2.289
1.514
1.904
0.4372
0.5264
0.7317
0.6775
0.6531
0.7034
0.6874
0.753
0.56
0.3269
0.153
0.01154
0.798
3.259
3.455
4.224
2.06
3.284
2.414
2.283
2.515
1.326
0.04492
0.1486
0.8606
0.01421
0.06647
0.04539
0.04721
0.06704
0.3609
0.08802
0.02518
0.01249
0.8331
0.7187
0.5737
0.3757
0.2537
0.309
0.3517
0.4059
0.3223
0.3139
0.2815
0.3391
0.2918
0.3029
0.322
0.3296
0.3471
0.2865
0.3929
0.4837
1.447
2.417
1.849
2.161
0.5287
0.5867
0.7515
0.6203
0.695
0.6973
0.7339
0.885
0.5623
0.3414
0.0103
0.01392
2.997
2.982
3.857
2.292
3.156
2.109
2.615
2.628
3.058
0.256
0.05388
0.7294
0.1545
0.05016
0.03347
0.0598
0.05121
0.4128
0.2453
0.01144
0.01936
0.547
0.9171
0.5463
0.4707
0.2193
0.2407
0.3426
0.4242
0.3315
0.2628
0.2789
0.2518
0.3094
0.3307
0.3338
0.3159
0.2819
0.3548
0.2651
0.3159
0.3967
0.9537
1.736
2.121
1.605
1.462
0.5173
0.7668
0.679
0.795
0.7721
0.7416
0.9171
0.3777
0.3662
0.02289
0.1308
3.143
3.412
4.395
2.795
2.481
2.075
2.203
2.777
1.767
0.04463
0.001717
0.0002861
0.0
0.0
0.0
0.002384
0.0
0.0
0.0001907
0.0
0.0
0.0
0.0
0.0
0.0
0.0
0.0
0.0
0.0
0.0
9.537e-05
0.0
0.0
0.0
0.0
0.0
0.0
0.0
0.0
0.0
0.0
0.0
0.0
0.0
0.0
0.0
9.537e-05
0.0
0.0
0.0
0.0
9.537e-05
0.0
0.0
0.0
0.0
0.0001907
0.0
0.0
0.0
9.537e-05
0.0
0.0
0.0
0.0001907
0.0
0.0
0.0
0.0
0.0
9.537e-05
0.0
0.0
0.0
0.0
0.0
9.537e-05
0.0
0.0
0.0
0.0
0.0
0.0
0.0
0.0
0.0
0.0001907
0.0
9.537e-05
0.0
0.0
0.0
0.0
0.0001907
0.0
0.0
0.0
0.0
0.0
0.0
0.0
0.0
0.0
0.0
0.0
0.0
0.0
0.0
0.0
0.0
0.0
0.0
0.0
0.0
0.0
0.0
0.0
0.0
0.0
0.0
0.0
0.0
0.0
0.0
0.0
0.0
0.0
0.0
0.0
0.0
0.0
0.0
0.0
0.0
0.0
0.0
0.0
0.0
9.537e-05
0.0
0.0
0.0
0.0
0.0
0.0
0.0
0.0002861
0.0
0.0
0.0
0.0
0.0
0.0
0.0
0.0
0.0
0.0104
0.1549
0.8377
0.5569
0.444
0.5516
0.3746
0.518
0.6439
0.5951
0.5379
0.4341
0.3567
0.3365
0.3235
0.388
0.4028
0.3651
0.3887
0.3468
0.3292
1.184
1.901
2.112
1.569
0.8453
0.4738
0.502
0.5775
0.5974
0.6058
1.125
1.205
0.3647
0.1999
0.01326
0.5173
6.323
7.69
5.444
4.846
0.1896
0.005245
0.0001907
9.537e-05
0.0
9.537e-05
0.01545
1.051
0.6912
0.4562
0.544
0.3574
0.3571
0.007439
0.7965
0.01764
0.7782
0.634
0.386
0.09956
0.3868
0.9537
0.3471
0.4852
0.4097
0.502
0.7317
0.724
0.7301
0.4311
0.589
0.4852
0.3407
0.4074
0.5287
0.5318
1.675
0.4501
0.3464
0.2415
0.2346
0.2312
0.2171
0.2659
0.2605
0.2632
0.2598
0.4364
1.645
1.755
1.749
0.7996
0.4211
0.4433
0.4181
0.573
0.6599
0.6943
0.6721
0.7088
0.01621
0.01421
1.871
8.521
5.341
4.272
5.225
0.1028
0.007248
0.7286
0.2594
0.4044
0.4829
0.2613
0.3654
0.4723
0.4364
0.3868
0.2739
0.288
0.2708
0.2792
0.2609
0.2781
0.2438
0.2911
1.309
1.314
2.057
1.556
0.4906
0.7233
0.5775
0.602
0.6996
0.8942
0.9811
0.1127
0.01068
0.009727
8.655
6.421
5.841
4.73
0.007725
0.01116
0.2239
0.8759
0.3056
0.4204
0.4402
0.2647
0.4105
0.47
0.4257
0.3258
0.2609
0.2502
0.2689
0.2296
0.2342
0.2792
0.2651
0.2899
0.9293
1.666
1.932
1.581
1.801
0.4318
0.4517
0.4547
0.6668
0.8942
0.9338
0.9995
0.02728
0.01335
0.009537
8.704
8.325
6.134
2.539
0.002003
0.0002861
0.0
0.0
0.0
0.0
0.0
0.0
0.01345
0.8621
0.341
0.4379
0.4486
0.272
0.3819
0.5043
0.4456
0.3651
0.2731
0.2598
0.2819
0.285
0.2689
0.2892
0.2567
0.2724
1.37
1.39
1.929
1.149
0.8331
0.6447
0.5905
0.8911
0.8224
0.8698
0.3551
0.259
0.3468
7.312
10.74
5.975
1.074
0.02413
0.01583
0.9949
0.2743
0.3914
0.4417
0.3227
0.425
0.5432
0.5226
0.3548
0.2666
0.2274
0.2495
0.2689
0.2773
0.272
0.2892
0.2766
0.5585
1.752
1.804
2.097
0.486
0.4578
0.4616
0.5363
0.5699
0.8163
0.7759
0.9766
0.01335
0.01135
0.3555
1.584
7.324
6.787
2.271
0.004864
0.0145
0.7965
0.2399
0.3654
0.5051
0.2796
0.3929
0.4654
0.4997
0.4272
0.3868
0.2789
0.2762
0.2861
0.2972
0.2644
0.2934
0.8636
0.5981
1.727
1.74
1.929
0.457
0.4379
0.5463
0.5272
0.7652
0.7507
0.7347
0.6668
0.09212
0.00906
0.9094
10.75
7.458
6.616
0.1682
0.005054
0.01907
0.9445
0.2903
0.3155
0.4257
0.2453
0.3292
0.4616
0.4349
0.3876
0.2785
0.243
0.2338
0.2304
0.256
0.2674
0.2438
0.2373
0.2308
0.2621
1.117
1.614
2.075
1.553
0.362
0.3727
0.4143
0.4608
0.5272
0.6622
0.5829
0.5875
0.6195
0.4555
0.01268
0.01163
0.008774
7.654
6.763
6.592
4.865
0.0007629
0.01402
0.4951
0.5417
0.3544
0.3532
0.441
0.2464
0.3937
0.4601
0.4326
0.3128
0.2769
0.2399
0.2045
0.2251
0.2388
1.07
0.2567
0.2468
0.2419
0.2701
1.437
1.479
1.369
1.477
0.4089
0.4715
0.4425
0.4616
0.7538
0.7904
0.737
0.5966
0.2277
0.01173
2.856
9.351
7.629
4.822
1.459
0.01783
0.7278
0.3113
0.4082
0.489
0.2712
0.3296
0.4288
0.4128
0.3639
0.2922
0.2296
0.194
0.2029
