19.24
16.82
16.94
18.53
19.12
17.68
22.27
19.68
19.21
17.38
19.53
20.04
19.73
17.8
18.73
18.73
20.19
17.33
17.19
18.6
19.7
20.9
19.68
17.8
19.6
19.46
18.29
17.38
19.14
18.6
21.9
18.6
20.51
16.55
17.46
16.5
17.8
19.87
20.02
17.75
17.82
16.99
16.41
19.41
19.85
20.53
18.48
19.7
18.6
19.34
18.21
19.46
17.75
18.85
18.19
16.41
20.8
20.17
18.53
20.53
14.94
17.02
20.92
17.8
17.94
21.04
19.58
17.87
16.38
18.51
16.65
17.58
18.77
18.24
18.92
18.29
18.68
14.92
15.84
16.89
17.09
15.89
17.16
16.8
21.09
17.53
18.53
19.31
20.68
18.43
16.14
15.43
18.24
16.89
15.99
15.8
16.89
17.9
20.61
18.75
17.41
19.53
16.77
17.5
17.99
16.24
16.53
16.65
18.12
18.33
19.65
21.19
20.58
17.14
17.87
18.55
18.31
17.99
17.09
13.94
17.87
20.02
19.95
21.66
18.41
17.97
16.33
17.46
16.63
14.53
15.92
16.94
18.97
17.82
19.31
17.63
13.84
12.5
16.09
17.33
17.41
18.12
17.19
16.75
16.6
15.58
15.65
16.97
21.09
17.82
16.09
15.41
17.68
17.46
22.92
19.82
19.02
16.94
17.16
16.14
17.7
16.58
18.19
18.41
17.04
17.82
17.68
16.26
18.33
16.87
18.87
20.92
17.41
17.09
15.8
17.87
18.55
17.9
18.33
18.19
20.46
18.55
17.29
15.16
18.16
20.9
19.38
19.07
18.58
18.68
17.87
16.53
16.02
16.75
18.87
16.97
17.11
18.21
15.77
18.43
15.09
16.02
15.55
16.92
15.82
19.02
17.72
19.12
17.53
19.09
16.77
18.43
16.46
17.9
17.6
16.75
16.6
16.06
17.9
18.43
21.24
16.48
17.77
13.65
14.31
16.26
18.58
20.41
17.97
15.97
16.11
14.94
17.85
19.17
17.99
17.16
18.6
17.48
14.67
18.87
18.65
16.58
17.46
17.77
17.75
15.36
16.16
19.95
19.29
17.48
16.02
17.68
17.41
18.24
18.87
22.22
17.68
16.16
17.65
19.02
18.9
21.04
20.46
18.75
14.09
15.48
16.28
20.53
18.43
20.0
16.09
16.48
17.21
18.8
18.43
17.8
17.26
15.72
15.84
18.55
19.12
16.97
15.84
16.7
18.68
18.99
18.16
19.43
17.63
15.7
19.07
21.39
19.19
21.22
15.36
14.62
15.77
17.5
20.14
19.58
14.28
15.09
17.26
17.5
18.53
19.31
20.26
20.0
18.6
19.07
16.06
15.72
17.31
17.53
17.97
16.26
18.04
17.92
14.16
14.53
14.65
15.23
18.36
17.09
17.92
16.38
13.53
14.6
17.9
15.36
15.75
16.77
18.26
18.33
17.21
17.8
14.92
14.92
15.67
17.87
17.77
17.87
15.53
17.16
13.92
14.4
14.36
15.84
16.26
17.72
16.33
16.28
14.4
15.65
15.38
16.19
16.5
17.75
16.5
14.4
14.92
16.48
14.26
15.04
17.16
18.53
15.38
13.72
18.7
16.89
16.8
16.38
21.41
19.75
16.97
15.33
14.75
17.38
17.48
18.43
18.19
19.9
22.22
16.09
17.11
17.04
15.94
16.97
18.38
19.12
21.24
21.34
23.51
14.97
16.58
18.48
17.82
20.48
19.17
20.75
19.36
18.92
15.97
17.63
19.36
17.43
20.92
20.85
20.9
19.07
17.11
17.48
20.0
16.87
18.46
19.9
21.48
20.02
19.21
18.75
17.65
17.58
16.11
18.07
21.48
20.31
18.7
17.75
14.7
16.19
18.99
22.27
14.77
15.7
17.46
17.63
20.14
19.36
20.73
15.75
15.58
15.09
17.11
18.77
18.26
20.53
19.24
20.36
14.84
15.04
15.77
18.85
21.83
17.24
18.63
18.46
19.51
16.31
15.5
16.99
19.68
17.85
16.89
16.72
19.21
17.7
18.55
16.43
18.31
20.04
16.89
17.92
19.46
18.53
17.29
17.77
18.85
16.04
14.62
17.33
17.72
18.77
17.36
14.28
14.62
18.07
18.92
18.55
20.09
19.21
21.53
15.77
15.6
16.31
25.63
17.97
20.63
19.38
16.48
16.02
15.75
17.43
19.75
18.19
17.77
15.8
20.95
19.48
17.41
19.09
18.58
19.41
19.17
20.8
19.17
17.46
16.97
16.55
18.65
18.9
20.0
22.17
17.46
18.19
18.09
19.6
20.07
21.07
20.19
18.41
17.53
20.12
19.82
20.56
21.66
19.19
18.65
17.55
20.63
21.97
21.46
18.87
18.24
18.58
20.39
20.46
20.46
19.75
20.19
17.72
18.92
18.68
19.87
20.68
18.9
20.0
20.85
19.17
21.97
15.84
18.51
16.8
18.92
19.38
17.29
18.26
18.65
17.68
15.99
15.77
15.87
16.02
17.72
19.07
17.53
16.8
18.29
17.72
17.85
15.82
15.38
16.6
18.95
17.26
15.72
18.38
16.43
16.5
14.5
17.82
15.01
14.84
17.72
16.92
18.02
16.14
17.7
15.48
16.77
14.09
15.11
17.21
17.92
19.04
16.82
18.51
15.11
16.33
16.09
15.36
14.5
17.43
17.9
19.04
18.53
17.33
17.24
14.75
15.92
15.38
19.04
20.9
20.63
16.85
14.55
14.7
16.06
16.33
17.41
21.9
19.82
16.67
17.11
17.07
16.72
17.29
18.29
20.09
23.46
22.02
18.43
17.55
15.48
18.24
18.33
21.12
22.78
19.43
17.02
16.41
17.99
19.41
22.83
22.75
23.9
16.02
16.26
19.68
19.46
19.26
18.07
17.5
20.46
18.9
19.19
18.51
19.82
19.29
17.33
17.33
18.29
20.14
19.48
18.82
18.09
18.87
17.48
16.41
17.16
20.43
23.24
20.65
16.63
16.31
16.72
17.43
20.34
20.58
19.34
18.82
15.7
16.58
18.82
18.24
16.67
18.63
16.87
18.95
18.41
19.17
21.58
18.09
16.87
17.04
19.95
18.46
17.04
17.8
20.09
20.39
18.8
17.9
21.04
19.29
19.12
20.46
19.48
19.73
15.89
16.67
16.36
17.41
18.07
