14.72
18.36
17.16
19.8
21.31
18.92
20.36
18.63
18.55
15.94
15.45
15.41
13.45
13.21
14.14
15.14
13.48
14.84
14.18
14.04
16.02
15.99
12.65
11.06
10.06
15.31
14.67
15.06
17.02
19.7
19.26
24.27
23.14
23.19
22.0
21.46
16.94
19.36
12.67
10.36
10.44
11.05
16.33
13.55
15.8
15.38
14.09
13.48
12.15
15.19
15.77
16.02
17.68
16.55
20.26
22.58
21.63
20.97
21.07
17.87
19.29
18.7
16.6
15.94
17.16
18.09
18.48
17.14
14.06
12.77
12.89
14.89
18.31
18.82
15.77
18.43
24.66
20.24
20.58
22.53
14.75
17.8
19.65
13.67
10.56
12.26
10.95
11.79
14.09
15.67
13.79
15.41
14.84
14.65
15.21
12.87
13.28
15.48
15.31
16.7
19.63
21.44
22.66
21.63
20.8
17.72
14.18
13.79
14.33
15.89
13.18
14.36
12.87
15.41
14.72
14.06
12.96
16.67
14.5
24.85
25.54
24.98
16.14
19.92
24.39
24.0
21.04
16.77
11.96
11.79
9.729
11.15
9.46
13.33
10.14
12.48
10.96
10.16
11.54
12.29
9.229
10.57
12.32
11.39
14.14
21.14
21.58
22.66
24.17
24.1
24.44
22.56
21.85
16.94
17.07
16.77
17.92
21.68
15.82
16.8
16.24
15.94
16.53
15.62
9.204
9.766
10.1
10.9
10.42
13.79
11.74
12.67
14.21
13.77
17.04
14.31
13.11
14.26
12.79
14.7
16.16
15.92
15.28
18.26
17.02
15.11
17.33
23.17
21.39
19.21
23.49
16.06
13.33
13.4
14.72
19.41
21.78
21.61
23.1
21.17
20.9
19.53
18.31
21.51
17.36
18.99
17.24
16.63
16.89
18.63
17.53
12.48
12.35
15.14
14.75
15.28
15.7
21.97
22.41
17.48
19.7
18.07
13.48
13.65
14.58
14.55
12.5
13.57
10.31
13.18
9.058
9.9
10.29
9.265
10.31
9.949
10.5
11.61
13.45
15.31
15.04
18.29
16.04
16.85
20.73
21.12
19.7
16.72
20.83
19.97
18.63
16.67
19.04
17.65
18.55
16.04
15.77
15.72
14.97
13.04
12.65
11.87
14.79
18.33
17.94
20.53
21.53
22.83
22.02
21.22
19.56
19.12
17.99
17.82
16.46
15.04
15.26
15.45
19.43
16.63
15.87
18.21
18.92
19.63
18.99
17.04
17.68
17.09
17.9
16.38
19.38
17.09
17.53
16.46
17.26
18.41
21.56
23.0
19.26
17.8
20.75
20.53
14.77
15.99
19.17
15.72
18.12
14.67
14.6
17.85
11.84
15.23
19.73
18.75
14.97
13.84
14.26
15.14
17.8
19.85
22.95
18.12
20.07
19.36
14.04
17.9
21.17
21.31
22.39
23.39
21.7
19.78
19.68
17.41
19.24
19.34
18.87
21.02
21.36
18.41
21.34
19.65
19.85
21.85
16.43
18.19
16.43
16.72
17.14
16.65
18.87
18.97
17.65
14.7
18.26
16.16
18.75
15.21
14.4
16.7
13.67
15.48
16.55
14.28
16.09
17.82
17.85
18.68
18.46
18.07
18.09
18.31
19.34
15.5
16.02
19.46
14.75
17.65
12.23
15.75
12.82
13.79
14.55
17.9
11.29
18.48
23.49
21.39
16.89
17.58
19.14
20.29
18.38
20.17
24.51
18.36
19.12
19.95
15.89
15.84
14.4
13.01
15.48
25.88
25.15
23.54
12.12
14.43
9.814
15.16
16.09
21.19
19.14
15.43
15.6
17.63
20.87
19.82
21.14
17.94
14.45
12.77
11.52
13.18
12.16
12.77
16.77
12.82
13.65
12.99
11.62
9.998
8.813
8.289
13.13
12.92
14.55
18.58
18.99
22.68
20.41
19.51
18.33
19.97
17.92
19.02
18.8
17.21
17.53
17.43
17.04
16.87
13.6
13.06
6.653
8.044
9.265
13.62
15.23
18.55
20.65
18.73
22.68
15.58
15.26
14.14
15.41
16.28
15.19
18.09
18.65
16.72
18.09
18.19
15.77
14.04
14.01
12.23
16.72
12.67
14.65
15.43
21.75
17.68
15.87
16.89
13.72
18.26
15.06
12.7
15.45
14.75
17.24
19.7
16.94
18.38
22.49
19.56
13.55
16.6
13.84
16.16
20.65
8.838
7.471
8.752
11.45
14.31
20.53
13.75
12.89
13.04
15.82
14.99
12.33
12.99
12.38
12.0
12.46
11.05
11.57
11.43
12.43
12.41
11.19
11.01
10.47
11.34
11.95
14.28
20.26
23.39
21.07
21.68
18.36
17.7
17.02
20.46
18.63
20.34
22.97
23.54
21.22
20.95
20.0
18.9
18.95
19.65
20.29
20.09
18.29
17.75
16.38
16.94
19.97
20.53
21.41
23.0
19.95
18.02
17.63
19.95
18.9
18.8
19.07
19.85
18.82
19.92
19.04
17.55
17.94
17.24
18.21
16.26
16.41
12.92
11.55
16.43
18.68
20.75
21.83
15.94
22.83
22.36
23.44
19.43
20.09
12.92
13.11
14.18
16.67
13.09
14.4
12.87
14.06
14.31
14.11
11.89
23.83
26.22
25.39
21.24
12.74
13.6
12.6
12.67
15.72
18.14
21.73
19.56
23.54
22.44
17.33
19.85
18.95
21.92
18.99
12.13
13.67
15.01
14.5
14.36
14.48
19.6
18.26
16.87
17.16
17.55
20.48
18.82
19.41
20.95
17.43
19.26
16.89
16.75
16.24
17.38
15.19
15.6
13.96
14.06
14.84
14.28
15.6
14.99
17.41
18.75
18.19
21.44
16.11
16.94
16.5
15.99
15.26
13.94
15.5
13.5
10.5
9.485
12.52
17.77
15.89
9.058
7.898
14.58
15.8
13.18
12.94
14.48
11.41
13.04
11.85
16.19
13.84
15.7
13.72
18.24
21.8
21.44
20.46
20.43
23.54
19.12
14.67
21.83
18.24
23.17
19.24
21.0
19.17
18.43
25.0
26.07
25.39
25.93
25.93
25.54
25.68
25.73
24.58
23.46
24.66
24.0
23.0
22.14
23.8
21.61
19.9
21.14
17.48
16.38
13.99
13.7
13.67
10.78
12.92
12.1
13.72
11.05
10.1
13.79
14.38
15.26
15.06
20.41
24.44
22.05
21.56
20.68
21.9
20.12
18.29
21.12
16.6
15.87
15.28
17.19
12.99
15.62
12.96
12.52
12.16
6.024
7.031
12.15
14.16
16.26
16.65
19.04
21.66
17.63
17.46
15.7
13.21
16.7
18.24
18.85
19.24
20.14
22.46
20.36
20.34
21.58
21.02
16.58
14.06
14.4
17.87
15.19
15.53
13.65
15.55
16.77
16.14
18.16
18.07
18.46
16.43
17.9
17.31
20.39
20.21
19.51
17.63
17.58
19.82
26.51
25.44
22.34
14.21
11.58
12.65
18.02
20.51
19.36
18.73
16.31
13.48
22.17
15.99
11.83
9.961
10.25
9.192
11.4
10.79
9.888
7.935
7.874
9.058
8.484
8.484
10.47
11.93
10.78
12.7
17.11
15.16
18.31
17.31
19.68
23.44
19.34
21.07
19.09
17.38
17.65
17.68
19.97
20.92
20.87
14.92
14.09
13.94
18.43
