14.33
16.53
18.36
20.97
19.09
19.68
18.55
21.04
16.36
17.5
20.48
18.6
16.36
16.65
16.75
19.29
22.19
22.19
21.78
21.7
21.51
18.55
19.68
21.26
17.72
19.85
18.36
19.17
22.75
20.02
19.75
20.73
18.26
18.46
20.78
19.63
20.43
20.24
20.8
18.16
15.84
17.09
18.68
20.48
22.09
21.0
21.26
20.04
20.7
18.41
19.68
20.0
20.34
22.9
14.65
17.72
18.14
17.94
17.85
15.55
18.73
18.55
19.26
16.75
15.21
15.14
17.11
16.38
17.38
19.7
18.14
17.09
16.94
16.63
17.31
18.55
17.6
16.65
16.36
14.77
14.28
15.14
15.94
16.94
17.02
17.14
18.75
19.48
16.75
15.28
15.6
14.77
14.84
16.21
16.21
16.77
18.26
18.26
17.31
16.55
17.6
18.12
19.41
19.6
18.73
18.19
18.31
18.75
18.16
19.75
16.75
17.68
15.94
15.26
18.31
19.53
21.41
19.58
19.48
21.66
19.43
18.31
17.72
15.92
16.97
15.26
16.85
19.92
22.09
21.34
20.14
16.94
16.11
16.53
17.26
16.14
17.75
17.36
18.6
19.38
19.19
19.82
19.21
18.07
19.17
16.41
17.31
19.07
19.07
19.09
19.43
21.19
22.49
20.24
18.85
17.33
15.06
17.07
18.63
21.26
19.21
16.16
15.04
16.7
19.95
22.0
20.48
18.55
18.68
17.8
17.9
19.07
19.51
21.22
17.8
17.75
19.02
19.75
20.78
21.78
19.85
18.51
17.87
18.73
16.94
18.26
20.53
18.68
20.53
20.78
17.9
18.75
16.09
16.75
16.53
15.99
17.68
16.8
19.68
18.12
18.46
18.41
16.75
17.07
20.09
19.48
18.9
18.75
14.6
15.77
16.65
17.19
17.53
19.38
19.24
17.09
16.46
17.11
17.8
16.63
15.92
15.36
17.85
16.99
17.99
14.36
15.99
15.92
15.38
16.65
16.87
18.6
18.41
18.8
17.11
17.77
14.43
16.85
16.94
16.89
16.43
19.09
19.58
19.21
17.36
18.92
20.07
15.6
16.06
18.31
17.07
17.41
17.7
16.5
15.92
16.85
18.85
18.29
17.36
15.65
16.75
17.24
16.09
16.89
19.87
17.38
16.02
17.55
16.8
18.8
15.7
16.58
17.53
17.9
17.8
17.92
17.36
17.97
19.78
18.14
16.48
15.77
16.14
16.02
18.36
18.58
18.43
18.04
18.12
18.55
18.19
19.68
19.8
19.78
19.68
15.8
15.58
16.26
17.26
18.29
19.92
18.41
18.02
18.14
16.94
19.21
18.65
16.28
17.92
18.58
16.99
16.6
17.14
17.68
18.8
17.77
16.97
17.43
17.07
18.6
17.99
18.99
18.53
18.16
20.95
18.68
15.94
18.77
19.17
18.73
16.67
18.85
17.58
16.82
18.6
17.9
19.04
19.14
19.97
17.65
18.75
18.85
18.07
16.82
17.58
17.75
17.85
17.55
16.7
16.92
17.43
18.14
18.92
18.77
18.68
17.87
16.16
16.06
14.79
16.65
20.07
19.34
18.73
18.46
20.61
19.6
15.45
17.48
18.97
16.99
15.41
15.21
16.31
18.16
20.0
19.14
18.77
16.41
17.33
16.26
17.07
20.12
20.51
16.31
16.94
20.73
18.55
17.87
18.92
19.65
19.38
21.17
20.12
19.19
22.73
19.38
18.29
19.26
19.17
17.11
17.85
17.82
19.38
18.02
18.65
20.19
17.43
17.92
18.8
19.12
21.12
16.28
18.31
17.19
17.24
19.17
19.9
20.97
17.72
18.43
18.33
17.58
21.58
19.58
16.5
17.5
18.21
17.65
18.63
16.89
16.5
18.21
19.38
17.36
17.33
18.68
17.33
15.82
16.53
19.21
17.33
19.36
17.24
17.11
16.89
17.9
18.16
16.46
16.21
17.9
20.0
17.9
19.34
18.29
18.51
14.43
15.06
17.55
18.99
19.9
17.99
18.16
18.38
17.55
17.72
17.92
19.02
17.29
16.77
19.58
19.65
17.6
18.31
17.11
17.92
17.68
19.9
20.7
21.46
15.28
16.46
18.6
19.09
19.34
18.63
18.09
19.78
17.9
17.11
18.41
18.95
16.28
17.21
20.68
19.04
16.65
17.33
15.09
15.72
17.87
18.33
18.26
18.75
16.53
16.53
17.38
19.21
17.55
18.43
15.8
16.55
18.82
18.65
18.43
19.43
17.7
17.6
18.26
20.65
20.46
19.12
19.68
18.41
19.8
17.43
16.41
17.8
18.24
18.65
18.29
17.7
19.31
19.04
20.07
19.65
19.07
21.31
17.63
16.38
17.97
18.99
18.29
16.77
18.53
22.49
23.44
22.31
18.07
18.02
16.77
15.23
14.99
16.7
18.73
20.17
19.17
17.5
17.29
15.62
16.6
18.43
16.82
16.7
16.87
18.33
17.43
18.68
18.82
17.02
20.87
16.58
16.5
17.09
16.77
17.04
17.7
18.41
21.02
17.24
18.19
14.89
16.04
17.19
17.16
18.07
19.78
18.19
19.02
19.43
19.31
15.04
16.5
17.46
18.12
20.24
17.82
18.75
19.04
20.26
20.65
19.53
17.99
15.19
15.01
14.55
16.24
20.68
17.58
18.09
21.22
20.53
21.14
18.14
20.39
17.41
16.41
16.63
17.07
15.58
18.58
19.46
19.09
17.94
17.53
17.41
17.43
20.24
18.87
20.68
22.31
17.53
16.6
15.77
19.04
16.36
18.24
19.14
20.07
18.9
17.72
15.87
18.29
20.63
19.07
19.75
17.72
15.19
16.31
19.7
19.34
19.43
18.87
20.0
20.65
20.17
18.36
20.31
18.58
17.55
19.12
18.07
16.89
19.95
20.43
20.14
19.65
20.31
17.5
17.07
18.92
19.43
16.92
19.07
19.53
19.02
20.17
19.82
18.6
20.43
20.53
17.68
18.43
22.49
19.65
22.85
20.51
17.11
19.38
16.33
19.12
23.56
21.36
17.48
17.43
17.9
19.95
23.8
20.46
21.7
20.53
17.16
16.6
15.75
16.99
22.12
23.8
19.6
16.24
16.75
19.09
20.68
20.02
17.65
