15.92
16.53
15.7
15.67
18.36
19.75
22.44
22.78
19.14
19.41
19.29
19.17
21.39
18.14
18.29
15.8
18.43
16.16
17.68
20.8
22.58
17.5
18.29
17.75
15.55
15.89
19.68
17.72
16.94
19.92
17.11
18.73
18.8
20.36
17.8
17.19
16.92
19.97
16.04
16.72
18.99
19.95
18.16
18.82
20.31
18.65
18.38
20.58
21.12
20.04
19.36
18.16
17.94
19.82
22.46
19.7
17.55
18.26
18.65
18.82
18.65
16.97
14.79
15.97
18.77
17.77
19.75
15.92
16.43
16.8
15.58
15.09
16.24
15.84
17.38
16.36
14.48
14.38
14.62
15.33
15.04
13.75
13.84
14.36
16.28
14.58
15.23
14.09
15.41
15.41
15.55
16.09
14.31
14.36
16.38
16.43
16.11
14.62
14.62
16.87
16.36
17.11
15.41
16.43
16.97
14.11
18.87
17.7
14.75
14.28
14.99
15.55
16.11
14.79
14.55
13.67
14.99
18.29
17.8
17.94
16.77
15.36
16.99
19.38
17.46
16.94
16.63
19.04
17.14
17.72
17.99
19.92
17.58
18.04
17.6
17.38
17.58
18.87
20.83
20.26
17.87
20.31
21.48
21.7
21.44
21.56
19.82
18.63
18.51
21.24
18.77
19.19
20.0
17.94
18.46
18.26
15.36
16.33
15.92
18.31
18.38
18.19
16.99
17.36
19.78
18.48
21.73
20.56
16.97
16.99
18.36
16.65
16.36
17.77
15.92
17.41
19.17
17.55
17.9
15.75
17.7
18.36
17.9
18.51
17.04
15.45
16.77
17.63
19.14
15.06
16.36
16.36
18.63
19.68
17.14
15.14
15.45
18.48
18.19
18.87
16.41
14.97
19.82
20.31
15.38
15.77
14.21
16.31
15.62
18.12
16.26
15.62
14.43
17.41
17.68
16.26
15.5
18.75
18.31
14.48
17.85
15.92
14.82
16.6
18.51
15.21
17.14
15.43
17.46
16.97
16.94
15.45
18.26
18.65
17.43
16.09
16.94
16.82
16.82
18.43
17.58
16.41
16.67
16.19
16.19
20.09
16.58
15.97
16.48
15.72
17.11
18.16
18.07
18.09
17.38
17.16
18.07
19.63
17.9
15.04
15.53
16.14
20.07
19.6
16.99
18.19
19.78
19.36
21.26
18.77
19.31
15.97
17.55
17.65
17.09
16.02
16.41
15.6
16.7
15.43
16.53
15.5
19.17
17.63
15.38
13.94
17.68
15.6
19.12
15.72
15.94
15.31
18.31
16.87
17.07
14.97
14.09
13.72
17.65
18.36
17.97
14.97
15.36
14.65
14.38
14.04
16.58
16.58
13.57
13.65
13.77
15.6
15.94
15.87
13.94
14.84
14.36
13.75
14.48
17.19
16.46
15.45
18.41
16.92
14.94
15.21
14.62
14.06
14.94
15.06
14.28
15.55
15.21
16.14
15.8
14.97
15.82
15.04
13.75
16.41
16.11
14.97
16.19
14.6
14.21
15.14
15.23
15.36
15.33
14.36
16.09
17.41
17.04
14.84
16.33
15.16
18.97
17.75
17.41
17.77
15.31
15.67
20.07
15.16
19.19
16.94
17.53
16.6
19.19
17.36
18.19
18.73
18.48
18.12
21.14
17.87
19.48
18.7
19.53
18.43
17.14
20.04
18.04
19.48
20.56
18.8
18.48
21.14
19.04
17.16
17.43
18.65
20.39
20.61
18.92
19.14
20.51
20.73
19.56
18.63
20.02
18.33
20.63
18.38
20.97
19.78
21.78
17.87
19.95
18.87
19.78
17.65
15.87
16.92
18.29
16.89
17.65
15.55
16.67
20.0
18.12
17.85
15.75
16.72
16.41
16.87
18.55
16.21
17.19
15.28
16.8
16.94
21.75
20.26
17.82
16.72
18.33
17.07
17.19
17.53
15.53
19.6
17.02
16.72
16.53
16.97
16.65
18.33
18.41
17.26
18.82
17.29
17.5
17.41
18.48
16.82
19.6
17.21
17.36
17.85
16.7
17.19
19.24
17.6
16.21
15.36
16.14
16.87
19.95
17.21
16.28
16.94
17.43
17.09
20.0
15.87
18.33
17.16
18.31
16.6
19.82
17.58
20.12
17.97
17.46
17.29
19.31
19.92
17.97
15.62
18.02
18.58
18.51
19.92
18.53
15.84
16.48
17.94
20.61
20.85
18.68
19.02
16.33
16.87
21.17
20.39
18.8
16.85
17.7
19.19
20.53
17.09
14.53
19.8
16.82
17.55
18.87
18.29
15.04
15.6
15.55
17.9
20.8
17.9
20.48
16.46
15.48
17.92
16.04
18.02
16.33
18.77
17.11
15.43
13.7
14.65
14.45
18.21
13.99
16.77
14.04
15.01
15.58
15.77
16.58
14.23
15.31
17.58
14.62
15.14
16.8
17.8
13.82
15.14
16.5
16.48
14.33
14.97
18.36
15.87
17.48
16.06
21.46
18.12
18.19
15.26
16.87
14.82
15.31
17.16
14.77
15.89
14.99
16.82
17.5
16.24
17.94
14.62
14.92
15.87
15.82
18.36
16.72
16.75
16.72
16.24
17.55
18.82
16.82
16.06
16.77
16.55
14.33
16.24
16.7
18.16
15.8
15.19
17.14
15.99
17.5
18.6
16.33
16.11
16.43
17.38
16.99
17.26
18.14
19.29
16.99
19.41
17.43
20.21
19.9
18.53
21.07
17.48
19.41
17.41
18.95
21.61
19.6
19.21
19.14
22.95
21.34
18.92
19.48
22.12
21.68
19.78
19.68
20.56
18.9
23.14
20.9
20.56
20.34
21.8
21.19
18.87
19.73
21.46
19.51
19.14
19.7
21.85
20.87
20.39
19.07
18.73
21.26
18.63
18.92
16.94
20.43
17.5
17.5
21.51
18.9
17.7
20.63
19.65
17.04
18.48
20.61
18.95
19.21
16.99
17.65
16.94
18.7
17.58
19.43
19.17
22.49
19.21
19.41
17.31
21.02
20.58
17.9
16.58
18.02
20.41
17.41
18.73
19.95
