5.597
5.597
5.792
5.981
5.981
6.091
6.287
6.567
6.738
6.958
7.141
7.336
7.422
7.532
7.532
7.532
7.532
5.145
3.796
3.967
4.077
4.114
4.254
4.254
4.254
4.254
4.285
4.449
4.449
4.449
4.449
4.449
4.474
4.645
4.645
4.645
4.645
4.645
4.645
4.645
4.645
4.645
4.645
4.645
4.663
4.822
4.822
4.822
4.822
4.822
4.828
4.822
4.822
4.828
4.822
4.822
4.828
4.822
4.822
4.828
4.828
4.828
4.828
4.828
4.828
4.828
4.828
4.828
5.011
5.017
5.017
5.017
5.017
5.017
5.017
5.017
5.011
5.017
5.017
5.011
5.017
5.017
5.017
5.017
5.017
5.017
5.017
5.017
5.017
5.017
5.017
5.017
5.017
5.017
5.017
5.017
5.017
5.017
5.017
5.017
5.017
5.017
5.017
5.017
5.017
5.017
5.017
5.017
5.017
5.017
5.017
5.017
5.017
5.109
5.035
5.035
5.035
5.115
5.212
5.212
5.212
5.212
5.212
5.212
5.212
5.212
5.212
5.212
5.212
5.212
5.212
5.212
5.212
5.212
5.212
5.212
5.212
5.212
5.212
5.212
5.212
5.212
5.212
5.212
5.212
5.212
5.212
5.212
5.212
5.273
5.212
5.212
5.212
5.212
5.212
5.316
5.225
5.225
5.225
5.225
5.225
5.377
5.42
5.42
5.42
5.42
5.42
5.42
5.42
5.42
5.585
5.615
5.804
5.804
5.804
5.804
5.945
6.024
6.195
6.195
6.232
6.384
6.384
6.384
6.384
6.458
6.946
6.97
7.031
7.166
7.251
7.361
7.361
7.361
7.361
7.361
7.361
7.361
7.361
7.361
7.361
7.361
7.361
7.361
5.731
3.296
3.668
3.815
3.87
4.034
4.059
4.138
4.254
4.254
4.254
4.254
4.254
4.346
4.449
4.449
4.449
4.449
4.449
4.449
4.608
4.645
4.645
4.645
4.645
4.639
4.639
4.639
4.639
4.639
4.639
4.639
4.761
4.834
4.834
4.84
4.834
4.834
4.834
4.834
4.84
4.834
4.834
4.834
4.834
4.834
4.834
4.858
5.035
5.035
5.035
5.035
5.029
5.029
5.029
5.029
5.029
5.029
5.029
5.029
5.029
5.029
5.029
5.029
5.029
5.029
5.145
5.225
5.225
5.225
5.316
5.42
5.481
5.725
6.085
6.262
6.75
7.129
7.349
7.349
7.349
7.361
6.012
3.65
3.864
4.028
4.059
4.059
4.059
4.224
4.254
4.254
4.254
4.254
4.254
4.449
4.449
4.449
4.449
4.449
4.449
4.449
4.449
4.486
4.645
4.645
4.645
4.645
4.645
4.645
4.645
4.645
4.645
4.645
4.645
4.645
4.645
4.645
4.645
4.785
4.84
4.84
4.84
4.84
4.84
4.84
4.834
4.84
4.84
4.834
4.84
4.84
4.84
4.84
4.84
4.84
4.84
4.834
4.834
4.834
4.834
4.834
4.834
4.834
4.84
4.84
4.84
4.84
4.84
4.84
4.84
4.84
4.846
5.035
5.035
5.035
5.035
5.035
5.035
5.029
5.029
5.06
5.212
5.212
5.225
5.225
5.225
5.225
5.225
5.225
5.225
5.225
5.225
5.225
5.225
5.28
5.402
5.402
5.402
5.554
5.597
5.597
5.597
5.597
5.597
5.597
5.597
5.597
5.597
5.597
5.597
5.597
5.597
5.597
5.597
5.597
5.597
5.597
5.597
5.597
5.597
5.597
5.597
5.597
5.597
5.597
5.597
5.713
5.792
5.792
5.792
5.792
5.792
5.792
5.792
5.792
5.792
5.792
5.792
5.792
5.792
5.792
5.798
5.988
5.988
5.988
5.988
5.988
5.988
5.988
5.988
5.988
5.988
5.988
5.988
6.146
6.177
6.177
6.335
6.409
6.567
6.604
6.75
6.836
6.946
6.946
6.958
7.08
7.141
7.214
7.336
7.336
7.336
7.349
7.349
7.349
7.349
7.349
7.336
7.336
4.016
3.528
3.754
3.864
3.986
4.059
4.065
4.059
4.199
4.254
4.254
4.254
4.254
4.254
4.279
4.449
4.449
4.449
4.449
4.449
4.449
4.443
4.51
4.645
4.645
4.645
4.639
4.645
4.645
4.639
4.639
4.645
4.645
4.645
4.645
4.639
4.645
4.657
4.84
4.84
4.84
4.84
4.84
4.84
4.84
4.84
4.84
4.84
4.84
4.84
4.84
4.84
4.84
4.84
4.834
4.834
4.84
4.907
5.029
5.029
5.029
5.029
5.029
5.029
5.029
5.029
5.029
5.029
5.023
5.2
5.212
5.212
5.322
5.511
5.591
5.609
5.725
5.804
5.804
5.847
6.0
6.262
6.653
6.775
6.873
6.97
7.202
7.361
7.361
7.361
7.361
7.361
7.361
7.361
5.048
3.735
3.931
4.065
4.065
4.065
4.224
4.26
4.26
4.26
4.26
4.431
4.456
4.456
4.456
4.449
4.449
4.462
4.645
4.651
4.645
4.645
4.651
4.651
4.651
4.645
4.651
4.651
4.651
4.651
4.651
4.651
4.651
4.651
4.681
4.84
4.84
4.84
4.84
4.84
4.84
4.84
4.84
4.84
4.84
4.84
4.84
4.84
4.84
4.84
4.84
4.84
4.84
4.84
4.938
5.035
5.035
5.035
5.035
5.035
5.035
5.035
5.035
5.035
5.096
5.231
5.231
5.231
5.231
5.231
5.231
5.231
5.42
5.42
5.597
5.615
5.615
5.615
5.615
5.615
5.615
5.615
5.615
5.731
5.804
5.804
5.804
5.804
5.811
5.811
5.945
6.006
6.049
6.177
6.177
6.177
6.183
6.183
6.183
6.183
6.183
6.183
6.183
6.183
6.183
6.183
6.183
6.183
6.183
6.207
6.372
6.372
6.372
6.372
6.372
6.372
6.372
6.372
6.372
6.372
6.372
6.372
6.372
6.372
6.372
6.372
6.372
6.372
6.372
6.372
6.482
6.567
6.567
6.567
6.567
6.567
6.567
6.567
6.567
6.567
6.665
6.763
6.763
6.763
6.763
6.763
6.763
6.763
6.885
6.958
6.958
7.104
7.153
7.153
7.202
7.349
7.349
7.349
7.349
7.349
7.349
7.336
7.336
7.349
7.336
7.336
7.336
7.336
7.336
7.336
7.336
7.336
7.336
7.336
7.336
7.349
7.336
7.349
3.369
3.674
3.851
3.925
4.047
4.242
4.242
4.242
4.272
4.437
4.437
4.437
4.431
4.431
4.431
4.431
4.431
4.431
4.608
4.626
4.626
4.626
4.626
4.633
4.626
4.633
4.626
4.626
4.626
4.633
4.7
4.816
4.816
4.816
4.816
4.816
4.816
4.816
4.816
4.816
4.828
4.822
4.834
4.84
4.84
4.938
5.011
5.017
5.017
5.017
5.023
5.023
5.017
5.023
5.023
5.017
5.023
5.017
5.023
5.023
5.017
5.023
5.017
5.054
5.212
5.212
5.212
