0.006294
0.01183
0.009918
0.005436
0.00515
0.00391
0.007248
0.004292
0.003529
0.005245
0.004101
0.007057
0.00391
0.004578
0.004482
0.007248
0.007534
0.006199
0.005913
0.008488
0.007248
0.007153
0.005531
0.008106
0.005436
0.00782
0.00515
0.004005
0.006294
0.00515
0.005341
0.005436
0.006008
0.003338
0.004292
0.008106
0.007153
0.005436
0.00515
0.006962
0.004196
0.007343
0.003147
0.00658
0.004673
0.004578
0.005436
0.004292
0.004292
0.005054
0.00515
0.005436
0.007343
0.002289
0.004673
0.004292
0.006294
0.004578
0.003242
0.004101
0.004959
0.002575
0.003338
0.002766
0.003529
0.005913
0.006485
0.003433
0.004768
0.003147
0.003624
0.004005
0.005817
0.004959
0.007057
0.003147
0.005341
0.004387
0.004387
0.003242
0.002003
0.003529
0.003052
0.004959
0.004482
0.005627
0.008297
0.002861
0.004387
0.003624
0.004482
0.006676
0.00639
0.005817
0.004578
0.005341
0.008965
0.007248
0.005054
0.009918
0.008488
0.005817
0.004196
0.008106
0.005817
0.009823
0.008011
0.006771
0.005722
0.04797
0.005817
0.006676
0.006771
0.004387
0.006008
0.004292
0.008965
0.006771
0.008774
0.1562
0.0556
0.0823
0.08926
0.08297
0.009441
0.00515
0.007725
0.01364
0.004387
0.007439
0.008965
0.007915
0.00515
0.007439
0.005627
0.005627
0.007534
0.009632
0.008774
0.009155
0.006485
0.006866
0.009155
0.005531
0.008106
0.007725
0.007629
0.01078
0.005531
0.006676
0.01192
0.0104
0.004673
0.009251
0.01011
0.01068
0.005817
0.007248
0.005531
0.005627
0.01078
0.0123
0.005436
0.01221
0.009727
0.00639
0.01078
0.008965
0.008678
0.008011
0.005817
0.009823
0.02184
0.06304
0.008488
0.02098
0.01173
0.01564
0.04158
0.01774
0.01106
0.0145
0.00906
0.008965
0.01459
0.008583
0.01392
0.01173
0.009346
0.01297
0.02003
0.04616
0.008488
0.008488
0.01059
0.0103
0.01221
0.01001
0.01259
0.006294
0.01087
0.01822
0.02136
0.005817
0.007153
0.009918
0.01078
0.008583
0.008678
0.008392
0.01583
0.01163
0.01068
0.01183
0.0103
0.01287
0.008011
0.01211
0.009537
0.007915
0.008202
0.008297
0.008965
0.01364
0.01001
0.01001
0.01097
0.007248
0.01135
0.008583
0.0102
0.009727
0.008869
0.00782
0.007153
0.01249
0.009632
0.008488
0.00906
0.01259
0.00658
0.007248
0.01011
0.01001
0.01001
0.01259
0.01144
0.01078
0.006676
0.007915
0.01059
0.009727
0.007915
0.00639
0.007439
0.008583
0.005245
0.007057
0.006485
0.006962
0.007534
0.007915
0.01001
0.007915
0.009727
0.008488
0.008011
0.008202
0.01411
0.01192
0.007725
0.006962
0.00639
0.007153
0.007629
0.00515
0.006104
0.01059
0.007915
0.005436
0.005436
0.006485
0.01001
0.007439
0.007915
0.004768
0.009632
0.007439
0.009537
0.004387
0.008202
0.004387
0.007725
0.003052
0.004196
0.008202
0.004292
0.008678
0.004101
0.00515
0.006199
0.004673
0.004959
0.003624
0.008011
0.003433
0.00391
0.006771
0.005436
0.004292
0.004959
0.005531
0.004101
0.004196
0.004387
0.004673
0.00658
0.005817
0.005054
0.006294
0.005913
0.00639
0.007343
0.006008
0.004864
0.006676
0.006962
0.004959
0.005722
0.0103
0.005627
0.005722
0.00906
0.005722
0.009632
0.007343
0.008774
0.008202
0.007439
0.009441
0.008202
0.006008
0.00639
0.004292
0.01125
0.004101
0.004768
0.002575
0.002003
0.002193
0.003147
0.002956
0.007725
0.002766
0.006866
0.00515
0.005913
0.003338
0.005054
0.003338
0.003719
0.004864
0.007439
0.004005
0.00515
0.003433
0.004292
0.002956
0.004101
0.004482
0.003529
0.002384
0.004196
0.004482
0.003147
0.002766
0.007153
0.003719
0.003338
0.00515
0.004292
0.004196
0.005817
0.004864
0.005436
0.002384
0.004292
0.008011
0.00658
0.008583
0.006485
0.008392
0.006104
0.007629
0.00782
0.006104
0.006866
0.006771
0.006866
0.004387
0.008869
0.006485
0.00267
0.003147
0.002766
0.07553
0.0926
0.0576
0.06123
0.06475
0.0721
0.02403
0.008011
0.006676
0.01745
0.006294
0.01097
0.07868
0.004101
0.002861
0.002956
0.002956
0.003719
0.002384
0.003147
0.002766
0.002289
0.003242
0.00515
0.002766
0.003433
0.002861
0.004292
0.003242
0.003242
0.004578
0.003433
0.003052
0.002956
0.006676
0.01001
0.005054
0.005341
0.005722
0.005245
0.009537
0.01001
0.009441
0.01469
0.01068
0.009727
0.008392
0.01402
0.008106
0.01678
0.009537
0.009727
0.01078
0.007153
0.007343
0.0124
0.01001
0.009632
0.01097
0.01488
0.01183
0.0145
0.01307
0.01078
0.01612
0.009251
0.01125
0.008488
0.01307
0.005913
0.005913
0.008965
0.01335
0.0124
0.007439
0.01059
0.01364
0.009823
0.0104
0.007439
0.01049
0.006104
0.006485
0.009346
0.005817
0.008965
0.009823
0.007915
0.0104
0.008774
0.009155
0.01373
0.01507
0.01497
0.009155
0.01278
0.01354
0.0104
0.009537
0.009251
0.006962
0.006676
0.004387
0.005054
0.004959
0.004578
0.004005
0.006008
0.004959
0.004864
0.004864
0.004768
0.008202
0.004387
0.006866
0.0103
0.008202
0.007248
0.003815
0.004387
0.005817
0.003815
0.004482
0.004959
0.005531
0.004196
0.007153
0.004578
0.00391
0.00391
0.006676
0.006294
0.004864
0.003815
0.003815
0.003815
0.004387
0.003624
0.004768
0.004196
0.007343
0.004196
0.006104
0.003624
0.003242
0.003529
0.003529
0.005722
0.00391
0.003052
0.003338
0.002956
0.003242
0.001049
0.0003815
0.008678
0.00391
0.0005722
0.008106
0.003052
0.003624
0.002861
0.003052
0.002956
0.002861
0.003052
0.003052
0.00267
0.003529
0.003719
0.002193
0.002289
0.002575
0.002766
0.00248
0.003147
0.002575
0.00267
0.00267
0.002861
0.002289
0.002861
0.003052
0.00248
0.001907
0.002289
0.003433
0.002384
0.00248
0.004768
0.00267
0.002766
0.002956
0.00391
0.002384
0.002766
0.002956
0.002289
0.003529
0.002766
0.002384
0.002766
0.002193
0.002766
0.002098
0.002384
0.003624
0.00267
0.002956
0.002861
0.002289
0.002861
0.00267
0.00248
0.003052
0.002766
0.002193
0.00267
0.002289
0.004292
0.002098
0.00248
0.002289
0.00248
0.002098
0.002384
0.002766
0.002098
0.002003
0.002766
0.002003
0.002098
0.01564
0.006771
0.002766
0.003052
0.002098
0.006008
0.003242
0.00267
0.002003
0.00267
0.003052
0.002384
0.002289
0.003529
0.002289
0.003052
0.002861
0.003529
0.01192
0.01202
0.004864
0.004768
0.004387
0.003242
0.005341
0.006104
0.003433
0.006771
0.008774
0.004864
0.004292
0.007725
0.00515
0.004292
0.006008
0.005245
0.002766
0.006008
0.004005
0.007915
0.006771
0.006294
0.002575
0.004959
0.005341
0.005627
0.006485
0.005913
0.003529
0.005627
0.006771
0.005722
0.003815
0.005054
0.004292
0.005913
0.0843
0.09689
0.03605
0.06094
0.06571
0.07792
0.03014
0.004673
0.008297
0.01583
0.005436
0.005627
0.004196
0.005436
0.006485
0.007534
0.00658
0.004959
0.007153
0.006676
0.006104
0.006962
0.004292
0.004959
0.005722
0.006199
0.007248
0.009155
0.00639
0.006008
0.007343
0.008297
0.04683
0.00782
0.007915
0.008488
0.005722
0.007915
0.01078
0.007915
0.01154
0.01106
0.01183
0.008106
0.008392
0.007915
0.01183
0.008583
0.009918
0.01001
0.009441
0.008774
0.01297
0.01125
0.008869
0.008583
0.009346
0.01678
0.01335
0.0164
0.01001
0.01354
0.008106
0.009632
0.007439
0.009155
0.01211
0.01078
0.01059
0.01097
0.01249
0.0102
0.01764
0.008869
0.01383
0.009441
0.01402
0.01011
0.01192
0.01554
0.0123
0.009346
0.01011
0.0103
0.01087
0.01049
0.0165
0.009346
0.01259
0.01383
0.01163
0.01211
0.009251
0.01516
0.0165
0.01516
0.01764
0.0103
0.01783
0.0145
0.01497
0.01087
0.005913
0.008297
0.004292
0.004005
0.007439
0.008297
0.00391
0.007343
0.004482
0.003815
0.003719
0.00515
0.01354
0.00515
0.00391
0.004864
0.005054
0.004196
0.004005
0.004578
0.004196
0.003529
0.004292
0.004005
0.004864
0.004005
0.004387
0.004864
0.005531
0.004482
0.004959
0.004292
0.004864
0.003719
0.003719
0.004196
0.003719
0.003624
0.004101
0.00391
0.00391
