13.72
21.04
15.5
21.39
20.48
20.07
20.39
17.46
14.53
16.53
14.75
13.28
14.23
10.67
9.631
10.71
14.7
11.0
18.99
11.58
11.98
13.55
11.83
12.96
14.21
16.77
21.7
21.85
14.16
17.02
20.39
24.85
24.66
22.58
21.9
22.49
18.7
17.92
13.82
10.9
9.241
10.89
14.53
12.05
15.06
15.23
15.23
15.11
15.62
16.33
13.53
17.48
14.92
19.34
19.51
20.12
21.09
19.75
18.95
22.07
20.78
22.85
17.63
17.33
16.31
15.65
14.38
17.8
11.82
11.88
18.73
19.19
21.83
21.24
15.94
18.09
18.87
20.43
18.77
18.63
13.55
15.5
14.62
11.1
7.739
11.3
9.46
12.05
16.53
17.26
14.58
14.16
11.58
12.13
12.39
13.45
13.11
17.82
14.75
15.31
18.02
21.14
22.09
23.17
20.17
18.75
16.28
14.6
16.82
17.04
16.38
14.01
16.63
14.36
14.79
15.38
13.94
16.43
16.38
16.99
13.06
15.65
12.7
17.14
21.88
23.9
20.21
14.87
13.01
9.79
11.22
9.729
9.644
13.21
10.73
11.8
12.11
9.497
11.56
9.851
9.29
10.97
10.13
10.07
12.87
17.65
20.04
20.29
20.9
23.17
25.1
20.8
22.75
18.02
17.48
19.12
19.34
22.61
19.85
20.26
16.5
18.48
15.55
17.5
10.77
10.44
10.69
11.83
11.17
14.04
13.04
13.13
16.24
14.97
16.97
14.28
13.04
12.49
12.44
14.21
14.16
15.92
13.04
19.95
18.77
15.14
17.07
17.87
19.51
19.97
20.7
16.09
14.53
16.02
13.92
17.29
20.21
25.15
23.32
23.44
21.8
23.36
17.6
19.56
17.75
19.34
15.84
15.48
23.68
21.85
20.58
12.65
11.43
12.49
13.79
13.26
13.23
17.19
16.24
16.21
16.31
16.09
12.29
11.84
14.09
14.21
14.53
13.6
11.85
12.92
9.961
9.521
9.521
9.229
8.997
9.302
9.253
10.46
12.35
14.43
13.92
17.85
15.97
16.55
20.14
20.14
19.41
17.8
21.41
21.17
20.26
18.73
20.65
18.99
18.51
16.19
14.33
15.65
15.82
15.55
13.77
12.45
14.45
18.65
19.02
21.09
22.66
19.7
20.14
20.26
23.73
20.46
21.56
20.09
18.19
17.41
17.36
17.11
18.41
17.21
15.6
18.58
16.89
15.53
16.85
13.43
17.04
17.77
16.67
19.78
21.31
19.95
18.09
20.36
18.68
18.87
19.41
18.68
19.75
20.07
18.12
16.36
16.02
17.43
17.77
17.9
14.36
15.33
19.31
14.67
12.72
13.45
18.24
20.51
13.62
13.65
14.58
13.11
18.92
19.24
19.12
19.21
18.65
20.0
13.87
17.94
19.41
19.58
21.31
23.46
24.37
20.46
21.83
20.19
21.73
21.39
19.9
17.75
23.51
21.68
17.8
18.04
17.7
16.14
14.67
15.55
17.07
17.43
17.36
15.92
16.97
15.41
14.84
16.33
18.48
16.85
20.14
16.41
16.77
14.97
14.38
15.04
16.55
15.45
15.8
18.68
17.82
16.77
18.16
17.65
19.09
18.53
18.48
14.33
15.14
17.55
20.9
18.02
14.6
18.43
18.92
17.65
16.92
18.41
14.06
19.75
21.7
21.19
13.33
14.38
11.58
13.82
17.21
17.09
15.41
14.18
11.44
16.16
12.96
12.7
11.76
12.77
12.11
13.01
12.32
11.6
10.79
12.44
10.69
13.09
24.78
26.12
18.6
17.07
16.67
16.11
17.77
16.14
13.99
14.43
11.51
13.23
13.99
14.53
14.53
15.33
16.58
15.53
13.13
14.97
13.57
12.52
9.29
9.18
12.96
12.5
15.23
16.53
18.65
22.78
20.53
21.31
17.97
18.97
18.92
19.24
18.6
18.19
15.97
16.33
15.7
15.16
12.84
12.55
5.988
8.24
10.3
12.11
13.55
18.41
19.97
18.68
20.61
15.8
18.04
13.31
16.99
22.14
17.46
14.79
13.67
13.28
12.07
14.77
16.36
17.99
14.92
17.38
16.43
14.23
14.62
15.94
14.09
14.14
13.77
13.82
14.99
16.21
11.41
13.99
14.6
12.39
19.87
24.73
17.72
21.0
22.85
19.31
15.33
15.75
16.38
15.36
16.26
9.558
8.85
9.753
10.9
12.38
16.6
14.16
15.04
18.46
19.46
17.55
14.77
14.79
13.62
14.11
14.82
12.12
11.52
11.56
12.52
12.65
12.79
11.88
11.19
12.16
12.11
16.19
21.44
25.39
23.88
19.78
15.94
16.46
16.87
16.67
18.21
18.09
17.82
20.09
19.73
22.29
19.53
18.92
16.6
20.29
20.41
19.24
17.63
19.38
17.72
18.16
18.82
18.29
20.26
22.12
20.97
19.09
18.14
19.07
18.38
17.29
17.6
19.19
17.53
17.72
19.09
21.34
17.85
19.87
17.53
16.06
14.87
12.01
12.89
16.33
18.55
18.92
19.68
15.8
18.77
25.05
21.09
24.88
16.16
17.31
12.74
14.77
14.21
15.23
13.84
11.12
11.9
15.82
20.63
18.33
13.96
9.656
11.12
10.97
13.26
11.8
11.91
13.57
15.06
17.94
19.65
19.8
22.97
24.12
17.09
20.29
19.24
18.87
17.55
13.09
13.89
15.21
15.7
14.94
15.75
16.94
17.99
19.31
25.34
19.73
16.55
14.5
16.36
19.12
14.67
15.99
13.04
14.97
17.5
17.16
15.11
15.36
15.8
14.62
15.72
16.06
17.65
14.97
17.11
22.9
17.77
18.16
15.06
17.65
14.72
16.63
16.36
14.87
14.26
13.92
11.04
8.521
10.12
15.5
15.7
8.997
8.582
14.87
14.11
14.16
14.87
15.72
12.39
12.87
14.67
17.68
16.63
14.36
13.33
16.06
17.04
20.17
20.75
21.51
23.36
22.58
16.11
19.75
21.61
19.34
19.73
26.51
22.8
25.93
17.55
15.67
14.09
13.04
12.45
13.82
15.14
19.24
22.14
24.85
26.56
23.9
20.7
21.07
19.68
14.26
13.38
13.11
13.13
12.87
13.72
14.92
14.23
11.39
13.77
13.45
14.53
12.67
10.73
14.89
15.77
16.53
16.99
19.85
22.92
20.85
19.63
21.34
22.27
22.29
20.48
19.75
19.14
15.67
16.63
15.65
14.58
17.31
15.87
13.06
12.41
5.17
6.506
10.3
18.73
18.68
16.75
16.87
15.26
16.77
15.11
14.16
13.23
16.53
19.07
20.85
18.9
19.48
18.43
19.41
21.34
20.43
18.19
17.46
15.62
14.18
12.79
16.33
17.38
19.56
13.33
15.43
19.75
20.8
17.46
16.77
15.43
14.92
12.5
19.14
20.83
15.6
17.58
20.12
19.63
13.48
13.01
12.6
11.38
12.12
14.55
18.31
20.36
19.53
19.56
15.99
16.65
22.19
16.89
14.23
10.97
8.032
7.581
8.521
9.778
8.154
8.472
7.715
9.814
7.886
8.618
9.326
11.63
11.15
12.27
15.65
13.62
18.02
19.48
21.24
21.39
20.53
23.07
21.02
19.78
18.38
19.26
22.0
21.83
20.9
15.45
13.72
13.38
18.87
