27.78
27.78
27.83
27.59
27.73
27.54
27.73
27.64
27.73
27.69
27.49
27.73
27.59
27.93
27.54
27.59
27.54
27.83
27.49
27.54
27.59
27.59
27.54
27.64
27.54
27.54
27.59
27.88
27.73
27.64
27.78
27.49
27.39
27.64
27.59
27.39
27.54
27.59
27.59
27.2
27.64
27.39
27.34
27.69
27.39
27.15
26.95
26.76
26.17
25.54
25.1
25.05
24.63
23.51
23.12
22.07
21.61
21.63
22.63
22.24
23.02
22.49
22.34
20.92
21.07
20.46
20.34
19.82
19.21
18.07
18.63
18.41
17.55
16.48
16.11
13.75
14.38
15.67
16.58
16.38
16.43
16.28
16.58
15.01
14.55
13.16
12.32
11.96
12.87
12.89
12.48
11.9
10.06
9.57
9.534
8.984
8.667
9.143
9.229
8.984
9.082
9.094
9.534
9.045
9.229
8.154
8.521
9.106
10.34
10.21
9.509
8.301
7.666
8.765
8.643
8.069
7.922
7.239
8.582
9.436
9.802
10.01
9.57
8.508
8.728
9.314
8.435
6.775
9.558
9.912
9.338
9.216
9.045
7.629
9.167
9.351
9.326
8.618
8.447
8.74
9.033
9.326
9.57
9.79
9.119
9.937
10.39
10.16
10.85
11.38
8.984
11.52
11.43
11.44
11.99
11.99
11.45
11.89
12.3
12.44
12.62
12.96
13.09
14.36
14.82
14.99
14.75
15.26
15.67
15.14
15.62
16.11
15.84
15.99
16.48
16.7
17.55
19.53
19.48
21.68
22.66
23.05
23.22
21.97
23.41
23.39
24.85
26.46
27.0
27.0
27.69
27.83
27.98
27.69
27.78
27.64
27.78
27.49
27.59
27.54
27.49
27.49
27.34
27.29
27.25
27.29
27.34
27.34
27.44
28.08
27.98
27.98
27.98
28.17
28.27
28.42
28.81
28.71
28.71
28.42
28.61
28.37
28.32
27.98
27.88
28.17
28.03
27.93
28.22
27.88
27.78
27.78
28.47
28.12
28.17
28.12
28.12
27.98
27.88
28.17
28.61
28.27
28.17
28.32
27.78
27.98
28.03
27.83
28.03
28.37
27.83
28.37
28.17
28.22
27.88
27.83
27.98
28.12
28.76
29.05
28.96
28.86
28.96
28.76
28.71
28.71
28.76
28.27
28.71
28.32
28.86
28.81
28.52
28.17
28.32
28.47
28.81
28.61
28.22
28.42
28.66
29.05
29.25
28.91
29.05
29.2
29.1
28.76
29.0
28.56
28.61
28.66
28.71
28.76
28.96
28.91
28.86
28.66
28.37
29.05
29.05
29.1
28.37
28.47
28.52
28.66
28.76
28.56
28.52
28.61
28.96
29.1
29.05
28.52
28.27
28.27
28.17
28.08
28.91
29.3
28.37
28.03
28.27
28.03
28.47
28.27
28.56
28.03
28.12
28.03
27.83
26.86
28.08
27.2
27.0
27.2
25.93
26.22
25.59
24.93
24.24
24.12
23.9
23.49
22.97
22.24
22.19
21.83
21.0
20.36
19.58
18.68
17.68
17.41
16.97
15.82
15.45
14.55
13.77
13.57
13.4
12.92
12.18
11.88
11.65
11.35
11.19
10.97
10.73
10.52
10.97
10.91
11.3
11.71
11.46
11.71
11.84
11.32
10.23
10.05
10.12
10.06
9.827
9.143
8.398
8.24
9.766
10.03
10.02
10.19
10.47
10.52
9.705
8.398
6.146
8.398
8.289
7.935
8.02
7.996
8.057
7.837
8.972
9.766
10.23
9.875
9.668
10.19
10.34
10.42
10.01
8.887
8.911
10.34
10.73
10.85
10.24
8.838
9.106
10.63
10.73
10.84
11.1
10.82
9.546
11.4
10.96
10.68
12.02
10.03
11.62
12.29
12.32
12.15
10.44
13.11
13.77
14.36
13.7
15.45
16.16
16.19
17.02
17.14
17.26
18.19
18.36
17.09
18.16
18.92
18.99
17.65
16.46
18.51
19.04
22.44
22.63
25.05
25.83
26.95
27.54
27.83
27.59
28.47
28.22
27.78
28.27
27.93
28.22
28.42
28.42
28.27
27.98
27.49
27.78
28.27
27.2
27.25
27.1
27.15
27.2
27.25
28.27
28.03
27.83
27.88
27.64
27.83
28.17
27.69
27.64
27.54
27.73
27.73
27.69
27.98
27.44
27.49
27.88
28.08
27.83
28.17
28.61
28.61
28.61
28.56
28.76
28.42
28.27
28.27
27.54
28.56
27.98
27.93
27.54
27.59
28.08
27.69
27.93
27.93
27.54
28.17
28.27
28.22
27.83
27.54
27.73
27.83
27.78
27.73
27.98
28.37
28.22
28.12
27.69
28.12
28.08
28.37
27.83
27.88
27.88
28.12
28.08
28.08
28.42
28.22
27.93
27.73
28.03
27.83
27.98
28.03
27.88
28.37
28.32
28.08
28.12
27.69
28.12
28.22
28.32
28.17
28.12
28.37
27.93
27.98
27.93
28.12
27.78
28.12
28.12
27.98
28.03
28.42
28.03
27.98
28.08
28.47
28.27
27.93
28.08
28.32
28.03
28.17
28.32
28.03
27.78
27.73
28.47
28.08
28.27
28.47
27.78
28.22
27.88
28.08
27.93
27.78
27.93
27.93
27.73
28.08
27.69
27.64
27.64
27.39
27.73
27.29
27.54
27.69
28.03
27.34
26.76
26.51
26.51
25.98
25.39
25.2
25.1
24.73
24.22
23.29
22.66
22.0
21.39
20.63
20.58
20.21
18.73
18.07
17.68
17.36
16.26
15.99
15.43
16.72
14.75
15.14
14.75
14.77
14.11
12.65
12.32
12.65
12.43
11.79
11.29
11.28
10.94
11.34
11.63
9.583
9.363
10.41
10.79
10.52
10.14
9.802
9.875
10.28
9.631
9.839
9.729
9.46
9.167
8.484
8.228
6.897
7.166
9.9
9.204
9.705
8.862
8.13
9.18
9.192
8.716
8.923
8.191
7.642
7.654
7.471
8.093
7.397
6.873
7.751
8.24
8.325
8.582
8.911
8.948
9.412
9.729
9.192
9.497
9.57
9.18
9.265
9.448
8.752
8.838
8.752
8.704
9.045
10.68
10.4
10.08
10.72
11.22
12.35
13.11
12.84
13.31
13.04
13.21
13.43
13.94
14.33
14.36
14.26
11.45
16.06
15.87
16.46
16.99
16.7
17.41
18.12
18.46
18.68
19.24
20.14
21.78
22.73
23.34
22.97
23.66
25.78
27.29
27.73
28.47
28.71
28.61
28.47
28.61
28.56
28.56
28.47
28.61
28.76
28.76
28.71
28.71
28.81
28.37
28.81
28.47
28.47
28.61
28.76
28.47
28.56
28.22
28.91
28.66
28.27
28.12
28.17
27.98
28.37
28.56
28.52
28.76
28.56
28.71
28.52
28.42
28.27
28.37
29.0
28.81
28.61
28.27
28.22
28.17
28.22
28.17
27.83
28.22
28.12
28.17
28.27
28.42
28.32
28.37
28.42
28.66
28.32
28.37
28.61
28.76
28.86
28.61
28.47
28.81
28.42
28.37
28.32
28.81
28.81
