19.14
17.85
20.24
15.26
17.94
14.36
17.94
16.04
18.73
14.82
18.21
14.79
19.17
15.94
19.09
16.04
19.38
21.85
23.73
14.72
18.85
13.92
16.92
14.23
17.72
14.38
18.02
17.38
17.75
21.09
21.31
32.57
21.34
17.92
18.65
16.38
19.63
14.87
18.53
15.84
16.6
23.07
20.39
15.84
17.99
14.09
17.11
14.55
19.21
15.8
19.09
14.75
17.48
21.0
14.6
18.99
16.72
15.38
19.34
17.6
19.95
16.33
18.6
16.28
20.36
17.41
17.94
15.41
18.16
15.94
18.14
14.87
17.6
14.16
17.68
15.92
17.38
16.09
19.56
30.71
22.8
17.41
22.29
14.58
19.17
15.01
19.07
14.77
29.49
17.48
17.9
13.65
16.36
13.18
17.26
13.33
19.12
13.94
17.02
13.84
14.26
17.14
14.11
16.53
13.33
12.89
16.09
14.01
17.36
14.77
16.77
14.92
17.5
21.39
19.31
18.33
15.21
28.27
21.51
21.26
15.6
23.66
19.26
20.85
19.34
18.19
15.41
18.02
14.26
17.19
22.07
17.68
13.31
12.01
15.77
12.23
15.53
12.92
18.19
13.67
12.12
25.15
14.33
12.4
16.58
15.55
15.84
13.28
17.5
13.06
17.04
13.92
18.73
15.6
16.77
13.62
20.85
13.5
16.26
12.26
15.53
12.96
17.16
13.45
13.09
16.04
16.02
19.78
16.82
19.07
15.28
18.6
14.84
17.75
14.84
13.62
17.48
15.75
19.85
17.9
24.9
20.75
18.68
21.66
18.7
21.58
19.02
22.0
18.16
22.61
17.5
22.09
20.68
23.44
18.75
24.12
20.8
23.41
18.82
20.8
17.87
21.73
18.12
21.58
18.55
21.09
20.24
21.51
21.53
22.14
18.85
21.44
18.51
21.66
20.73
26.61
21.61
23.68
20.07
22.19
21.04
25.05
21.36
24.0
23.54
26.17
24.19
26.12
24.24
25.54
21.75
22.56
20.63
24.39
21.17
23.73
20.7
24.39
23.1
26.03
25.34
28.27
22.78
22.75
18.97
22.29
19.41
21.63
18.55
22.12
19.82
21.58
18.8
22.24
18.99
22.34
20.19
22.36
20.12
22.8
20.34
27.39
22.12
25.24
22.36
24.22
22.83
26.17
22.66
24.73
23.36
24.58
21.78
23.39
22.75
23.34
19.73
22.73
21.63
23.39
21.39
24.63
21.83
26.56
27.25
26.32
23.54
27.1
22.58
26.03
22.41
24.19
19.82
23.14
22.73
28.66
24.8
29.74
22.31
25.73
24.88
26.51
23.19
26.17
23.22
27.15
26.95
26.07
23.85
26.42
23.97
26.51
23.95
26.42
23.71
26.95
25.44
26.9
22.97
24.68
21.83
23.95
21.36
24.15
20.85
24.17
22.41
27.34
22.46
24.63
22.41
24.71
22.19
25.83
20.31
22.66
22.31
27.78
24.49
27.69
26.46
28.32
25.98
26.12
23.95
20.46
18.46
20.8
17.43
19.97
19.56
20.46
17.63
18.99
17.92
16.63
19.9
17.58
19.09
15.77
20.21
16.26
17.92
20.36
15.94
21.39
18.75
19.29
15.43
19.78
22.34
23.12
17.02
20.48
17.02
19.53
16.55
22.14
24.07
17.75
15.55
17.8
17.26
16.99
17.75
16.99
19.58
21.07
17.48
19.26
18.07
20.41
19.6
23.41
17.7
22.17
18.82
18.87
17.85
18.07
16.63
18.75
23.02
20.65
20.68
20.21
17.7
19.92
20.17
21.51
21.29
21.7
18.63
20.56
20.34
25.05
19.8
22.31
18.58
20.29
18.33
21.8
18.97
20.31
18.95
21.02
19.73
21.8
20.34
23.78
20.36
22.29
22.8
22.9
21.26
23.71
21.51
24.49
21.48
24.78
22.78
22.95
22.27
24.34
21.92
25.63
23.93
24.73
22.73
28.52
23.73
23.51
20.87
23.95
21.51
23.36
23.97
25.29
21.58
23.83
22.17
23.22
22.12
22.73
20.09
22.53
20.83
22.92
21.66
26.46
26.76
28.17
23.97
23.36
22.05
24.56
20.61
21.39
21.12
21.92
19.9
22.05
20.09
22.24
19.07
21.44
22.88
21.97
20.9
20.07
18.43
19.9
22.27
23.12
22.53
23.46
22.12
24.15
23.19
24.1
26.22
26.32
27.69
25.93
26.27
28.03
28.86
29.1
29.05
26.81
25.49
28.81
28.37
32.28
26.71
28.22
25.49
28.27
28.61
27.15
23.19
25.54
24.8
27.1
26.95
30.47
27.05
26.9
24.17
28.37
26.95
29.44
25.73
29.0
26.56
29.1
26.27
24.41
22.75
25.05
23.56
25.68
21.36
26.76
22.07
26.61
22.12
25.2
22.68
24.34
21.61
24.95
22.92
23.41
21.73
23.8
22.66
25.68
23.73
29.54
25.2
26.37
23.83
25.59
21.97
24.83
21.26
21.68
21.78
24.07
24.78
24.51
23.14
25.1
20.95
24.05
20.17
20.17
18.77
21.61
18.87
20.73
18.21
21.31
20.65
22.22
21.51
26.86
25.1
24.37
24.78
25.83
22.95
25.54
22.51
25.39
24.32
26.37
20.14
25.73
20.61
23.54
20.53
22.51
19.87
21.53
18.87
21.51
19.56
22.92
18.26
20.53
16.82
26.37
17.94
17.46
22.05
15.04
17.24
20.34
15.21
22.92
18.6
15.89
25.34
22.34
15.38
15.23
17.16
21.56
16.89
18.43
23.61
20.46
23.07
20.73
23.85
20.02
20.41
18.07
20.85
18.24
20.31
16.36
19.36
21.36
30.71
21.9
20.12
18.99
20.17
16.5
17.16
15.97
20.92
13.7
16.8
20.14
16.11
16.31
21.92
21.04
24.1
17.87
19.07
19.26
20.7
17.55
19.48
18.85
21.73
18.33
19.58
20.63
20.9
18.55
21.36
18.38
19.8
16.63
19.6
16.6
19.78
16.06
18.7
15.28
18.36
16.48
18.8
15.72
18.97
17.8
22.9
16.87
19.48
18.63
20.53
21.51
24.15
17.92
18.65
17.68
29.15
28.47
16.6
17.29
19.38
18.31
20.56
16.92
21.44
17.87
24.32
21.12
20.41
16.99
20.21
14.06
17.19
19.48
17.29
19.9
16.82
23.19
21.24
23.95
16.43
19.12
15.65
18.75
15.99
18.8
16.09
19.8
16.87
19.51
16.48
19.41
15.94
19.36
16.72
19.65
15.84
18.8
16.87
19.09
14.92
18.46
17.63
19.87
20.63
27.69
17.68
17.09
19.34
15.26
18.97
19.8
22.24
15.65
18.53
14.01
18.09
23.17
18.75
19.19
18.41
14.11
22.12
19.43
19.31
16.33
18.9
15.41
19.19
20.48
21.8
19.92
19.65
17.55
20.12
17.46
21.26
19.31
23.12
19.87
21.75
19.34
19.7
16.94
20.39
18.63
20.8
17.75
21.83
17.41
20.95
18.43
21.92
22.88
23.44
19.19
24.19
20.17
21.7
19.7
20.78
15.5
19.43
26.56
21.41
29.54
21.17
18.16
21.04
17.9
23.02
17.29
22.61
18.14
20.9
17.87
21.48
16.77
20.43
16.21
17.94
17.53
27.25
17.33
20.7
18.14
21.24
19.21
21.36
17.11
20.75
17.72
21.09
17.58
16.06
22.9
21.92
17.75
21.9
18.73
22.12
19.12
22.61
20.61
23.58
19.43
22.75
21.97
24.27
22.24
25.93
24.63
25.83
21.39
23.95
17.94
26.03
21.63
22.73
20.68
22.29
18.7
22.36
19.51
23.54
20.56
22.92
20.07
22.78
20.14
23.05
20.14
23.02
20.31
23.39
20.17
21.85
19.95
22.27
18.97
22.27
19.53
22.29
20.85
27.15
20.9
22.12
18.77
