6.024
6.024
6.024
6.024
6.024
6.024
6.024
6.024
6.024
6.024
6.024
6.024
6.024
6.024
6.024
6.024
6.024
6.024
6.024
6.024
6.024
6.024
6.024
6.024
6.024
6.024
6.024
6.024
6.024
6.024
6.024
6.024
6.024
7.312
14.23
16.7
17.48
17.99
17.41
14.99
13.55
9.021
14.84
16.67
17.43
17.94
17.24
13.72
10.69
8.569
14.92
16.89
17.58
18.07
15.99
12.72
9.644
8.472
8.691
18.12
20.48
11.22
15.33
16.87
17.6
18.12
15.92
13.94
9.485
8.472
8.569
8.459
8.398
8.655
8.386
11.54
15.92
17.24
17.92
17.11
13.4
10.24
10.97
20.75
15.97
8.826
14.04
16.85
17.65
17.75
15.06
11.56
9.058
8.423
8.752
8.362
8.789
8.813
14.92
17.02
17.75
17.19
12.79
8.679
9.07
15.67
17.16
17.82
16.67
13.57
10.1
12.49
16.6
17.58
18.16
15.62
13.04
8.936
8.85
9.363
8.838
9.277
9.351
15.87
17.31
18.07
17.11
14.99
11.93
9.155
10.94
16.28
17.46
17.97
17.38
14.33
11.17
12.18
16.38
17.38
17.92
17.38
14.67
11.95
9.009
9.338
8.789
13.31
16.26
17.36
17.99
17.7
15.09
13.43
9.546
8.545
9.253
15.62
20.78
13.43
13.72
16.72
17.55
18.02
16.6
13.65
10.63
8.972
8.533
9.131
8.96
9.412
19.17
19.14
6.738
6.36
6.219
6.219
6.219
6.219
6.219
6.219
6.219
6.219
6.219
6.219
6.219
6.219
6.219
6.219
6.219
6.219
6.219
6.219
6.219
6.219
6.219
6.219
6.219
6.219
6.219
6.219
6.219
6.219
6.219
6.219
6.219
6.219
6.219
6.219
6.219
6.219
6.219
6.219
6.219
6.219
6.219
6.219
6.219
6.219
6.219
6.219
6.219
6.219
6.219
6.219
6.219
6.219
6.219
6.219
6.219
6.219
6.219
6.219
6.219
6.219
6.219
6.219
6.219
6.219
6.219
6.219
6.219
6.219
6.219
6.219
6.219
6.219
6.219
6.219
6.219
6.219
6.219
6.219
6.219
6.219
6.219
6.219
6.219
6.219
6.219
6.219
6.219
6.219
6.219
6.219
6.219
6.219
6.219
6.219
6.219
6.219
6.219
6.219
6.219
6.219
6.219
6.219
6.219
6.219
6.219
6.219
6.219
6.219
6.219
6.219
6.219
6.219
6.219
6.219
6.219
6.219
6.219
6.219
6.219
6.219
6.219
6.219
6.219
6.219
6.219
6.219
6.219
6.219
6.219
6.219
6.219
6.219
6.219
6.219
6.219
6.219
6.219
6.219
6.219
6.219
6.219
6.219
6.219
6.219
6.219
6.219
6.219
6.219
6.219
6.219
6.219
6.219
6.219
6.219
6.219
6.219
6.219
6.219
6.219
6.219
6.219
6.219
6.219
6.219
6.219
6.219
6.219
6.219
6.219
6.219
6.219
6.219
6.219
6.219
6.219
6.219
6.219
6.219
6.219
6.219
6.219
6.219
6.219
6.219
6.219
6.219
6.219
6.311
8.96
13.94
16.7
17.38
17.87
18.16
18.6
18.92
18.97
18.99
19.17
19.24
19.36
19.56
19.56
19.75
19.75
19.75
19.92
20.12
20.31
19.17
20.43
20.85
20.58
20.14
17.63
16.11
15.99
10.8
16.65
17.8
18.33
18.85
19.09
19.21
19.41
19.58
19.73
19.82
19.92
20.02
20.29
19.46
18.38
20.85
20.61
20.39
17.5
17.02
11.93
11.13
16.82
17.87
18.41
18.87
19.04
19.31
19.36
19.51
19.65
19.75
19.92
19.97
20.21
20.31
18.73
20.78
20.83
20.8
18.7
17.85
13.04
13.35
17.21
18.07
18.55
18.92
19.12
19.31
19.31
19.51
19.6
19.75
19.87
19.97
20.24
20.41
20.43
18.6
20.09
20.78
20.75
20.7
19.34
17.75
17.21
12.22
14.82
17.24
18.02
18.53
18.95
19.19
19.38
19.63
19.7
19.87
20.04
20.07
20.02
20.21
20.31
20.39
18.6
19.6
20.8
20.68
20.63
18.63
18.26
17.26
10.38
15.99
17.38
18.07
18.46
18.95
19.12
19.31
19.46
19.53
19.73
19.73
19.9
19.92
20.14
20.31
20.41
18.65
19.26
20.8
20.7
20.65
20.24
18.51
17.26
12.26
14.75
17.31
17.99
18.43
18.85
19.07
19.29
19.36
19.53
19.6
19.75
19.9
19.92
20.17
20.31
20.43
18.31
20.53
20.85
20.85
20.7
17.87
17.04
16.99
11.63
15.89
17.43
18.07
18.51
18.87
19.12
19.19
19.38
19.56
19.6
19.73
19.82
19.92
20.07
20.31
20.31
18.55
19.7
20.85
20.36
20.26
19.34
18.58
18.02
11.33
15.26
16.7
15.58
13.62
12.08
11.99
16.75
17.7
18.14
18.6
18.95
19.14
19.26
19.41
19.56
19.63
19.8
19.92
19.92
20.09
20.21
20.31
17.6
18.97
20.78
20.83
20.83
19.31
17.65
17.41
14.21
12.7
16.53
14.14
12.18
10.9
16.19
14.84
12.74
10.84
16.28
16.33
13.5
10.72
12.77
16.99
17.92
18.33
18.77
19.12
19.29
19.43
19.51
19.68
19.82
19.9
19.92
20.09
20.24
20.39
20.51
20.0
18.02
20.12
20.34
20.87
20.87
20.87
20.87
20.83
19.97
18.14
16.7
16.65
16.5
16.46
10.56
15.26
16.65
17.26
17.77
18.09
18.51
18.9
19.14
19.29
19.36
19.43
19.68
19.8
19.92
19.92
20.07
20.31
20.31
19.02
17.82
20.56
20.78
20.63
20.14
16.89
16.43
13.21
13.79
16.97
17.77
18.19
18.63
19.02
19.17
19.26
19.36
19.51
19.7
19.73
19.75
19.92
19.95
20.17
20.29
17.77
20.85
20.85
20.85
20.78
20.17
19.87
19.58
12.0
12.1
9.412
10.02
10.89
11.55
11.89
10.14
11.32
9.424
16.09
17.48
18.04
18.48
18.85
19.09
19.31
19.36
19.56
19.56
19.75
19.9
19.92
19.95
20.12
20.21
20.31
20.41
19.87
18.8
20.58
20.85
20.75
20.68
20.63
18.82
18.77
18.53
10.06
9.314
9.363
9.106
9.985
9.241
8.789
15.7
17.38
18.09
18.43
18.99
19.21
19.36
19.51
19.58
19.78
19.92
19.92
20.09
20.14
20.43
20.51
18.43
19.75
20.85
20.83
20.65
18.29
17.99
17.6
10.53
16.33
17.6
18.21
18.58
18.99
19.21
19.34
19.53
19.63
19.73
19.92
19.92
20.09
20.12
20.29
20.51
20.12
18.38
20.85
20.73
20.26
20.26
18.29
17.8
16.97
9.534
6.219
6.219
6.219
8.179
8.35
8.813
8.948
8.655
8.875
9.192
8.923
7.886
8.74
7.849
6.384
6.219
6.219
6.219
6.219
6.219
6.219
6.219
6.219
6.219
6.219
6.219
6.219
6.219
6.219
6.219
6.219
6.219
6.219
6.219
6.219
6.219
6.219
6.219
6.219
6.219
6.219
6.219
6.219
6.219
6.219
6.219
6.219
6.219
6.219
