0.03109
0.03204
0.01717
0.02308
0.02146
0.01745
0.01688
0.01659
0.02346
0.02146
0.02174
0.01917
0.01926
0.02232
0.01898
0.02308
0.02308
0.02041
0.01812
0.04349
0.02003
0.02642
0.01907
0.1524
0.02108
0.01831
0.02213
0.01831
0.01678
0.02022
0.01955
0.0186
0.01373
0.01869
0.02127
0.02537
0.02527
0.01793
0.0185
0.02146
0.01945
0.02375
0.01574
0.01307
0.02041
0.01907
0.01545
0.01736
0.02213
0.02098
0.02346
0.02518
0.01936
0.0186
0.01659
0.02136
0.02279
0.02375
0.02317
0.02337
0.01431
0.02403
0.01698
0.02012
0.01669
0.01984
0.01955
0.02003
0.02241
0.01688
0.02565
0.02069
0.0
0.02193
0.02575
0.02422
0.02127
0.01621
0.01965
0.03929
0.01736
0.02403
0.0205
0.01917
0.01822
0.007629
0.02213
0.01888
0.01907
0.01745
0.03586
0.0206
0.02441
0.02308
0.02146
0.01755
0.0008583
0.02232
0.02527
0.02241
0.01755
0.01631
0.01869
0.072
0.02317
0.01707
0.0226
0.02499
0.01726
0.01898
0.01564
0.06876
0.02995
0.01869
0.02422
0.02022
0.02022
0.02031
0.02842
0.01307
0.0495
0.02508
0.02127
0.01431
0.01984
0.009823
0.02394
0.02365
0.02327
0.02022
0.0246
0.0267
0.006199
0.06533
0.02556
0.02174
0.02327
0.02165
0.03014
0.02565
0.02127
0.02489
0.02708
0.02365
0.02756
0.02747
0.0246
0.002861
0.02279
0.02193
0.02651
0.02308
0.02127
0.0205
0.02708
0.02308
0.02022
0.02413
0.04768
0.08383
0.04873
0.03004
0.02003
0.02575
0.0
0.02098
0.02527
0.0206
0.02241
0.0247
0.03471
0.03424
0.02222
0.0226
0.0247
0.02022
0.02098
0.02441
0.01955
0.0206
0.02689
0.03433
0.04826
0.05102
0.03843
0.04702
0.03109
0.04587
0.04396
0.04244
0.03738
0.03414
0.04358
0.0351
0.04129
0.03824
0.03605
0.03471
0.03862
0.03538
0.03948
0.04349
0.03834
0.0411
0.05264
0.03319
0.03109
0.03719
0.04053
0.04158
0.03567
0.03586
0.03223
0.03548
0.03462
0.0514
0.03214
0.03128
0.03242
0.03929
0.02956
0.03891
0.03843
0.03538
0.04759
0.04549
0.03653
0.03557
0.035
0.03576
0.03195
0.0329
0.03214
0.0308
0.03633
0.03395
0.06952
0.03662
0.03223
0.02766
0.0371
0.03614
0.03767
0.03119
0.0371
0.03347
0.03605
0.03214
0.03319
0.03071
0.03042
0.03471
0.03242
0.03405
0.03262
0.03014
0.03901
0.03586
0.0289
0.03185
0.03233
0.03319
0.03338
0.03138
0.03414
0.03481
0.03548
0.02909
0.0309
0.03176
0.03033
0.02995
0.03376
0.02975
0.03338
0.03119
0.03395
0.03595
0.03614
0.03624
0.0349
0.03576
0.0371
0.0371
0.03366
0.03309
0.03633
0.03328
0.02985
0.03204
0.03347
0.0309
0.03214
0.03204
0.03471
0.02832
0.03242
0.03014
0.0371
0.03366
0.03519
0.03319
0.03176
0.03223
0.03481
0.03071
0.02775
0.02327
0.02775
0.04282
0.03262
0.03357
0.02365
0.04072
0.03014
0.03347
0.03748
0.03729
0.037
0.03586
0.03119
0.03376
0.0309
0.02928
0.02728
0.02584
0.02947
0.03252
0.02661
0.02871
0.0289
0.03414
0.02832
0.03042
0.02632
0.02861
0.03691
0.02909
0.04082
0.03777
0.03157
0.02661
0.0288
0.03233
0.03166
0.03443
0.03052
0.0351
0.02832
0.037
0.02861
0.03061
0.02546
0.02708
0.02298
0.02546
0.02117
0.02766
0.02489
0.02403
0.02155
0.02556
0.02327
0.02317
0.02146
0.0268
0.02928
0.0288
0.02823
0.0351
0.02718
0.0309
0.02241
0.06571
0.02728
0.02766
0.0268
0.0246
0.02365
0.06828
0.02003
0.02499
0.02737
0.02384
0.02823
0.02689
0.02813
0.02708
0.02575
0.02546
0.02527
0.02317
0.02861
0.02451
0.02432
0.02127
0.02604
0.02975
0.02708
0.03157
0.03443
0.02384
0.02546
0.03443
0.02661
0.02365
0.02413
0.02708
0.02079
0.02031
0.01717
0.01993
0.02041
0.03462
0.02422
0.02203
0.01965
0.08707
0.02346
0.01831
0.01478
0.0246
0.02556
0.02155
0.02012
0.01822
0.02136
0.0246
0.01736
0.02842
0.03157
0.02899
0.02918
0.01936
0.02565
0.02337
0.02546
0.0267
0.02031
0.02356
0.0493
0.004005
0.02232
0.02499
0.02213
0.02213
0.02527
0.02022
0.01965
0.02232
0.01945
0.02203
0.02623
0.0226
0.02441
0.03443
0.02966
0.02174
0.02813
0.0247
0.0247
0.03061
0.03128
0.02928
0.02089
0.02193
0.01917
0.02079
0.01764
0.02508
0.02556
0.02289
0.02699
0.02298
0.0289
0.02661
0.02689
0.01955
0.02079
0.02384
0.02089
0.02279
0.02165
0.02546
0.02899
0.01898
0.02174
0.02031
0.0186
0.01755
0.02213
0.02213
0.02546
0.02775
0.0247
0.0288
0.08469
0.02728
0.02975
0.03309
0.03319
0.03099
0.02432
0.0288
0.02937
0.03338
0.02537
0.02098
0.02518
0.02289
0.02708
0.02489
0.02995
0.01917
0.02518
0.02804
0.02241
0.01907
0.01736
0.02108
0.01717
0.01593
0.02251
0.01936
0.02584
0.02317
0.02327
0.02108
0.02308
0.02546
0.033
0.02623
0.02117
0.0288
0.02756
0.0246
0.02775
0.02661
0.0247
0.02356
0.03166
0.03099
0.03138
0.03023
0.03061
0.03214
0.02394
0.02508
0.02222
0.02594
0.03147
0.02785
0.02794
0.02155
0.02499
0.02108
0.02575
0.02756
0.03271
0.02842
0.02422
0.02422
0.02651
0.02747
0.02079
0.0268
0.02556
0.02823
0.02737
0.02794
0.02346
0.02537
0.02728
0.02623
0.02174
0.02708
0.02127
0.02861
0.02241
0.02117
0.02136
0.02241
0.02098
0.02604
0.02165
0.02346
0.02432
0.02413
0.02699
0.0246
0.02451
0.02947
0.03099
0.02356
0.02384
0.02203
0.02966
0.02632
0.02556
0.02604
0.01974
0.02069
0.02632
0.05932
0.02432
0.02279
0.02546
0.02413
0.02165
0.01945
0.02918
0.02222
0.0247
0.02775
0.03395
0.02289
0.02251
0.02012
0.0267
0.02508
0.03214
0.03605
0.01898
0.01965
0.02108
0.02241
0.02213
0.02651
0.02003
0.02556
0.02394
0.02298
0.02737
0.02928
0.02308
0.02222
0.02041
0.01755
0.02432
0.02069
0.02108
0.02432
0.01841
0.02155
0.02594
0.01993
0.01984
0.02041
0.01774
0.02136
0.02279
0.01793
0.01812
0.02098
0.02499
0.06237
0.01831
0.02851
0.02871
0.04339
0.02718
0.02174
0.02003
0.01802
0.02527
0.02098
0.02213
0.02346
0.03386
0.02346
0.01726
0.02279
0.02756
0.02813
0.03853
0.0246
0.02041
0.02317
0.01669
0.01526
0.01478
0.01879
0.01659
0.01812
0.01354
0.01879
0.0226
0.01411
0.02184
0.01812
0.01869
0.02089
0.01993
0.01764
0.05903
0.01945
0.02251
0.02766
0.01631
0.01812
0.01793
0.01669
0.01459
0.01545
0.01755
0.01917
0.02422
0.0145
0.01583
0.01888
0.02136
0.01869
0.02136
0.01354
0.01888
0.02146
0.02251
0.02127
0.02174
0.01526
0.01745
0.02117
0.02403
0.02699
0.0268
0.01774
0.02098
0.02136
0.01554
0.01926
0.02346
0.01764
0.01888
0.01898
0.01736
0.01926
0.01526
0.02413
0.01764
0.02184
0.02041
0.01707
0.01545
0.01764
0.01888
0.01717
0.02031
0.01774
0.02003
0.02346
0.02279
0.04816
0.02003
0.0246
0.02346
0.02728
0.02184
0.02098
0.02308
0.02069
0.01955
0.0246
0.02289
0.02394
0.02594
0.02546
0.03023
0.03529
0.01669
0.01812
0.01736
0.0205
0.0309
0.02174
0.01459
0.02022
0.01993
0.02079
0.01631
0.03414
0.01926
0.01078
0.01888
0.0246
0.0288
0.08659
0.02546
0.02613
0.02403
0.02766
0.02003
0.02651
0.03271
0.03843
0.02747
0.02909
0.03748
0.0351
0.0412
0.02794
0.02527
0.07372
0.02794
0.03071
0.02937
0.02441
0.02394
0.02871
0.02422
0.02766
0.02241
0.07515
0.02832
0.03662
0.04902
0.03071
0.02623
0.02937
0.03395
0.03529
0.03414
0.02756
0.03061
0.02651
0.02699
0.02909
0.02737
0.03481
0.0268
0.03042
0.02575
0.02785
0.0248
0.02394
0.02756
0.02775
0.02708
0.03033
0.02317
0.02613
0.0329
0.02623
0.02899
0.02356
0.02956
0.0268
0.0226
0.02871
0.02842
0.03214
0.0248
0.03338
0.04158
0.02394
0.02098
0.03128
0.01869
0.02632
0.02537
0.02794
0.02422
0.02651
0.03777
0.03309
0.03929
0.0289
0.0247
0.02575
0.02136
0.02708
0.01917
0.02766
0.02842
0.03042
0.02966
0.0227
0.0205
0.02718
0.02155
0.02623
0.02966
0.03023
0.02995
0.02337
0.02661
0.02937
0.02375
0.02794
0.02441
0.02909
0.02394
0.03023
0.0267
0.03662
0.02947
0.03195
0.02661
0.02861
0.03033
0.02756
0.0246
0.02928
0.02871
0.02832
0.02728
