9.973
10.12
10.45
10.53
10.33
10.08
10.1
10.24
10.28
10.42
10.14
10.12
10.29
10.47
10.47
10.47
10.45
10.41
10.5
10.47
10.49
10.31
10.4
10.96
10.45
10.42
10.29
10.28
10.44
10.61
10.72
10.89
11.01
11.07
10.21
10.33
9.888
9.937
10.12
10.28
10.42
10.41
10.28
10.31
10.5
10.41
10.53
10.84
10.85
10.47
10.44
10.75
10.99
10.77
10.6
10.36
10.57
10.69
10.95
10.96
10.78
10.52
10.4
10.47
10.66
10.78
10.89
11.0
10.84
10.69
10.58
10.69
10.93
10.77
12.41
12.62
12.79
12.65
12.13
12.1
12.23
12.23
12.06
12.05
11.1
11.06
11.5
11.44
11.33
11.25
11.25
11.29
11.47
11.63
11.55
11.45
11.45
11.47
11.47
11.25
11.25
11.32
10.9
11.06
10.68
10.29
10.29
10.42
10.47
10.38
10.56
10.29
10.49
10.47
10.62
10.8
10.34
10.22
9.9
9.9
9.9
10.1
10.25
10.25
10.14
9.875
9.729
10.06
10.24
10.02
9.888
9.998
10.1
9.973
10.08
10.12
10.08
10.24
10.42
10.49
10.33
10.47
10.47
10.5
10.57
10.47
10.47
10.47
10.63
10.74
10.29
10.44
10.6
10.89
10.99
10.74
10.62
10.4
10.52
10.85
10.6
10.77
10.69
10.78
10.51
10.6
10.86
10.67
10.67
10.69
10.86
10.84
10.85
10.88
11.13
11.11
10.96
10.78
10.86
10.96
11.06
11.08
11.25
11.19
10.41
10.35
10.51
10.51
10.51
10.49
10.5
10.63
10.47
10.67
10.82
11.0
10.86
10.95
10.68
10.78
10.86
10.8
10.67
10.71
10.72
9.924
9.9
9.888
10.08
10.17
10.31
10.29
10.28
10.21
10.13
10.22
10.29
10.49
10.47
10.31
10.13
10.05
9.9
9.912
9.705
9.644
10.1
10.5
9.949
9.985
9.985
10.08
9.949
9.741
9.766
9.839
9.827
9.351
9.399
9.509
9.485
9.692
9.949
10.14
9.888
9.827
9.851
10.1
10.4
10.41
10.16
10.08
9.888
9.985
10.49
10.35
11.08
11.01
11.45
10.53
10.5
10.77
10.29
10.28
10.38
10.53
10.96
10.96
10.89
10.42
10.3
11.6
10.86
10.56
10.78
10.86
10.77
10.88
11.01
10.55
10.45
10.35
10.08
10.24
10.13
10.17
10.34
10.66
10.39
10.42
10.4
10.5
10.96
10.84
10.94
11.95
10.82
10.75
10.97
10.46
10.28
10.41
10.62
10.67
10.77
10.75
10.67
10.67
10.33
10.53
10.67
10.67
10.56
10.67
10.88
11.46
10.64
10.58
10.67
10.72
13.23
13.4
13.55
13.38
13.21
13.23
12.84
12.72
12.62
12.62
12.45
12.67
12.43
12.5
12.55
12.41
12.55
12.3
12.43
12.46
12.43
12.57
12.46
12.26
12.39
12.43
12.79
12.37
11.39
10.47
9.778
9.607
9.509
9.631
9.509
9.546
9.705
9.863
9.937
9.778
9.692
9.766
9.9
9.705
9.692
9.57
9.509
9.741
9.778
10.02
9.888
10.16
10.28
10.08
10.24
10.24
10.17
10.11
9.998
10.08
10.19
10.5
10.46
10.52
10.57
10.28
10.23
10.14
10.51
10.49
10.46
10.42
10.47
10.52
10.69
10.89
10.83
10.41
10.51
10.77
10.89
10.38
10.5
10.56
10.28
10.3
10.36
10.22
10.24
10.33
10.57
10.67
10.78
10.85
10.85
10.77
10.69
10.79
10.47
10.53
10.55
10.75
10.85
11.06
11.17
11.15
10.47
10.63
10.63
11.41
11.33
11.44
11.11
10.99
10.86
11.11
11.05
11.21
11.45
11.58
11.67
11.41
10.86
10.96
11.34
11.06
11.06
11.1
11.29
11.12
11.24
11.25
11.25
11.06
11.18
11.25
11.23
11.08
10.67
10.69
10.39
10.56
10.45
10.47
10.55
10.66
10.74
10.93
10.68
10.56
10.39
10.47
10.58
10.74
10.94
10.85
10.67
10.5
10.38
10.61
10.61
10.53
10.73
10.88
10.75
10.78
10.85
10.91
10.91
10.89
10.96
10.97
10.86
10.88
10.86
11.0
11.18
10.77
10.85
10.88
10.86
10.75
10.57
10.78
10.86
11.08
11.06
11.06
11.12
11.18
10.85
10.67
10.79
10.85
11.04
11.06
11.32
11.45
11.25
10.69
10.58
10.38
10.52
10.69
10.95
11.0
10.89
10.9
10.8
10.86
10.93
10.96
11.06
11.08
10.94
10.97
11.08
11.18
10.86
10.86
11.21
11.13
10.97
10.93
11.08
11.02
10.86
10.9
11.06
11.02
10.93
11.25
11.43
11.49
11.45
11.91
12.89
12.77
12.52
12.39
12.29
12.41
12.44
11.76
11.77
12.0
12.08
12.04
12.04
12.11
11.84
12.27
12.43
12.62
12.24
12.04
12.04
12.07
12.04
12.05
12.12
12.12
12.11
11.84
11.96
11.67
11.57
11.4
11.56
11.65
11.65
11.65
11.85
11.43
11.25
11.25
11.25
11.25
11.25
11.25
11.23
11.3
11.06
11.06
11.13
11.36
11.24
11.06
11.24
11.34
11.45
11.45
11.55
11.66
11.93
11.54
11.25
11.44
11.44
11.54
13.5
13.23
11.25
11.25
11.38
11.45
11.54
11.5
11.46
11.25
11.34
11.28
11.25
11.25
11.36
11.38
11.54
11.74
11.55
11.35
11.45
11.45
11.28
11.51
11.83
12.01
11.65
11.36
11.24
10.71
10.79
10.94
10.86
10.88
10.91
11.06
11.22
11.15
11.19
11.25
11.32
11.39
11.36
11.4
11.27
11.41
10.94
10.75
10.86
11.0
11.62
11.79
11.49
10.99
10.86
11.04
11.07
11.54
12.3
11.57
11.35
11.22
11.32
11.36
11.38
11.91
11.94
11.69
11.65
11.62
11.51
11.51
11.65
11.85
11.73
11.65
11.87
11.5
11.56
11.62
11.44
11.54
11.06
11.05
10.94
11.0
10.89
10.88
11.06
11.16
11.13
11.13
10.94
11.08
10.67
10.77
10.53
