20.41
17.48
27.83
36.91
22.63
17.53
26.42
35.94
26.66
17.94
20.24
15.06
20.48
3.418
0.1627
0.04301
0.02737
0.02346
0.02604
0.02346
0.1184
35.25
34.18
18.19
12.6
32.18
34.77
15.6
16.6
14.45
17.14
15.58
9.131
19.24
14.89
16.43
30.08
37.21
14.38
0.8652
0.3075
0.02861
0.02737
8.887
16.31
15.62
9.509
36.18
35.74
36.77
37.35
37.21
36.38
34.33
34.13
19.17
17.58
39.7
37.94
37.45
36.72
35.11
34.77
37.01
36.38
35.35
36.38
36.57
35.55
36.38
36.96
36.82
36.67
37.11
34.96
35.6
35.84
32.03
33.11
34.77
35.6
36.23
31.98
31.79
30.13
20.78
9.46
9.717
10.34
10.27
8.508
14.21
11.57
20.31
4.333
3.918
3.247
18.58
34.86
27.15
15.04
17.55
31.49
37.55
36.67
36.52
36.04
34.86
33.64
24.58
10.53
39.21
37.79
37.94
36.72
36.72
37.5
37.5
37.5
36.96
37.3
37.35
34.67
35.79
36.72
37.21
34.67
31.1
31.2
30.27
30.27
32.18
32.08
32.42
33.06
32.91
33.01
32.96
33.4
34.13
22.92
10.79
10.8
10.69
10.49
6.873
17.46
20.85
5.194
4.437
3.049
4.999
26.37
34.28
35.74
36.33
36.18
35.16
32.28
31.05
8.008
34.67
37.35
37.21
36.43
36.08
34.18
35.16
34.77
33.74
34.23
35.55
36.08
36.18
36.38
36.08
36.87
35.11
35.21
33.25
33.4
34.62
35.55
35.21
35.11
34.38
35.21
35.3
35.3
34.72
14.99
10.79
10.57
10.29
8.679
5.249
15.31
8.533
18.9
4.352
3.198
4.834
28.66
36.57
37.4
37.55
36.38
36.13
33.15
24.0
8.679
38.57
37.35
36.96
37.35
36.82
37.06
36.67
34.67
32.91
33.74
34.18
34.81
35.11
34.28
34.08
34.62
35.16
34.13
32.18
32.42
33.69
32.81
33.11
32.86
32.71
33.11
31.93
31.84
31.54
31.2
12.89
10.28
9.778
9.79
8.35
9.875
13.77
20.12
4.553
4.047
2.982
2.509
3.986
21.26
36.38
35.35
33.84
32.23
29.74
30.27
28.91
30.13
10.24
27.39
37.94
37.55
37.55
37.16
36.96
36.91
35.94
35.94
34.67
33.54
35.6
36.13
34.86
34.81
35.3
34.96
33.89
30.03
28.37
30.52
31.93
31.35
31.3
32.71
32.57
31.15
32.42
33.06
32.42
26.46
10.19
10.23
10.12
10.02
8.826
12.89
11.65
20.56
4.333
4.37
3.204
2.884
2.96
0.6378
0.2369
0.03128
0.02346
0.02861
0.02604
0.02604
0.02346
0.02861
0.02346
0.02861
0.02604
0.02346
0.02346
0.02861
0.02604
0.02861
0.02346
0.02861
0.02346
0.02861
0.02604
0.02604
0.02604
0.02861
0.02346
0.02861
0.02346
0.02604
0.02604
0.02861
0.02346
0.02861
0.02346
0.02604
0.02604
0.02861
0.02861
0.02604
0.02861
0.02861
0.02861
0.02861
0.02604
0.02861
0.02861
0.02861
0.02604
0.02604
0.02346
0.02604
0.02346
0.02861
0.02604
0.02604
0.02604
0.02861
0.02604
0.02861
0.02346
0.02604
0.02346
0.02604
0.02346
0.02861
0.02346
0.02604
0.02346
0.02604
0.02604
0.02861
0.02604
0.02604
0.02604
0.02861
0.02346
0.02861
0.02604
0.02604
0.02346
0.02604
0.02604
0.02604
0.02604
0.02604
0.02604
0.02604
0.02346
0.02604
0.02604
0.02861
0.02346
0.02604
0.02346
0.03128
0.02604
0.02604
0.02604
0.02861
0.02346
0.02861
0.02346
0.02604
0.02346
0.02861
0.02346
0.02604
0.02346
0.02604
0.02604
0.02604
0.02604
0.02604
0.02604
0.02604
0.9979
13.23
39.45
40.28
37.74
35.4
35.16
37.35
35.11
31.1
31.15
31.69
31.93
33.01
33.3
32.91
32.86
33.01
31.98
30.66
32.32
35.55
30.71
28.42
31.3
35.25
35.79
35.55
31.54
30.52
30.91
15.5
10.88
10.58
9.888
10.14
8.813
18.41
17.55
13.31
2.966
0.3384
0.1354
0.02604
1.353
14.72
37.89
36.67
36.08
34.33
33.35
34.33
35.01
36.67
36.72
35.5
35.6
35.35
35.74
36.43
36.08
35.45
34.13
31.64
33.54
32.08
30.52
32.28
33.84
34.28
33.54
32.13
34.03
34.33
27.34
10.67
10.21
10.21
10.31
12.15
16.97
13.65
21.09
3.607
0.9033
1.3
13.31
37.35
38.77
38.57
36.33
35.74
35.6
35.84
37.11
35.84
34.72
35.69
34.86
35.74
36.18
36.87
34.28
35.01
35.64
32.71
24.78
21.92
21.78
21.46
21.58
21.44
22.49
23.07
24.71
26.27
26.56
25.88
24.02
12.6
8.716
9.045
9.106
9.375
16.89
15.67
16.19
3.284
2.6
9.412
26.71
26.22
27.83
27.73
27.44
25.93
25.24
25.88
26.22
26.46
26.51
26.22
24.9
25.78
25.98
25.63
26.42
26.95
26.86
27.2
27.2
26.37
25.63
24.29
25.29
25.78
24.54
25.24
23.12
22.71
23.44
23.58
22.97
22.8
23.36
23.56
24.12
19.53
19.26
15.55
9.253
8.923
9.192
8.63
7.947
7.349
17.04
20.53
3.534
1.367
0.2708
0.06247
0.02346
4.022
23.36
28.56
29.2
28.91
28.47
26.86
24.0
24.44
24.85
27.05
28.03
27.78
27.1
27.39
27.88
26.56
27.15
27.93
26.95
27.69
27.44
27.69
26.71
27.2
27.44
25.39
26.27
23.73
24.98
24.46
24.98
24.85
23.68
24.22
25.63
23.49
20.73
18.26
9.668
9.363
10.42
11.57
12.22
11.32
22.78
3.229
0.3777
0.1902
0.02604
0.4372
10.82
30.37
29.35
29.83
28.47
26.86
27.83
28.37
28.37
26.66
25.78
25.68
27.15
28.37
35.94
37.79
34.96
35.3
35.6
35.55
34.62
35.21
34.72
35.21
34.18
35.21
35.79
36.08
35.6
35.45
35.25
24.05
11.13
10.34
10.19
11.25
11.45
15.23
17.53
14.58
2.158
3.699
28.37
37.65
38.82
37.65
35.3
34.57
36.62
39.26
36.96
37.11
37.26
36.28
36.28
38.09
37.84
38.33
38.48
32.13
27.64
28.08
26.27
26.12
25.15
25.24
25.63
25.44
26.81
27.29
27.0
27.73
17.63
10.23
9.741
9.802
11.15
17.46
16.5
15.06
3.461
0.5569
4.877
27.2
30.47
29.59
26.51
26.07
25.49
26.9
27.29
27.59
26.61
26.22
28.22
27.54
27.83
27.88
26.95
27.2
25.93
25.1
27.59
27.59
25.29
24.98
25.73
26.42
27.25
27.15
25.83
25.2
23.22
22.46
21.8
22.41
23.41
24.02
24.17
19.78
18.77
16.99
12.06
9.546
9.558
10.49
11.06
16.02
19.6
7.129
1.378
5.304
27.64
29.3
30.08
28.22
26.56
25.0
24.71
25.59
26.81
28.27
27.93
28.47
27.49
27.29
26.9
25.59
24.85
25.73
26.37
26.95
26.37
25.88
25.98
26.27
26.42
26.51
25.83
25.49
22.95
23.61
24.1
24.24
24.19
24.8
25.24
25.15
20.48
20.53
12.3
9.558
9.692
9.521
10.18
11.02
14.62
19.48
3.149
