15.77
16.46
15.94
20.48
18.19
22.41
17.87
21.34
19.9
17.53
15.87
16.14
13.48
18.77
18.75
15.53
13.48
17.19
17.55
17.16
8.337
8.459
9.045
10.25
10.29
13.94
18.46
17.43
18.24
16.63
16.31
16.89
22.49
20.07
18.51
18.8
12.39
19.02
11.07
8.716
8.582
11.71
13.62
12.67
16.33
13.72
12.77
14.31
14.01
17.6
15.38
16.77
17.92
18.24
23.12
19.73
16.8
14.94
16.85
18.02
18.7
18.21
15.04
15.77
19.73
18.73
17.97
16.16
14.21
12.49
15.62
17.63
15.5
18.07
16.65
17.09
19.92
18.51
20.8
21.24
15.87
17.53
15.55
12.16
10.38
12.67
9.802
14.09
16.36
16.94
10.6
12.62
12.77
10.1
11.96
12.82
12.38
18.8
14.84
17.16
16.89
20.83
23.9
22.66
27.73
25.39
19.19
19.34
21.78
23.05
21.51
11.63
10.63
10.42
11.04
11.22
12.16
11.44
12.57
13.28
12.89
19.43
13.57
16.11
20.39
23.71
21.75
16.28
15.14
14.38
12.5
11.18
9.521
11.63
11.22
8.765
7.703
8.154
6.995
9.558
8.13
6.995
10.41
10.95
9.851
14.26
13.96
15.8
17.38
18.58
18.41
17.65
16.31
16.85
14.84
17.43
17.58
18.9
16.58
17.7
16.8
18.14
15.94
15.45
11.05
11.25
9.338
9.863
9.277
13.21
11.05
11.63
13.18
12.99
15.87
16.94
17.68
16.82
15.5
18.31
15.41
17.9
16.36
18.43
19.38
20.36
20.26
16.94
14.7
15.26
13.79
13.94
12.04
13.96
12.87
15.53
18.21
22.63
19.53
21.17
17.9
21.56
18.8
17.04
27.34
28.08
26.32
25.2
22.22
22.68
15.87
11.77
11.16
12.35
12.24
13.01
11.8
15.28
13.65
13.31
15.77
16.33
12.84
11.5
12.45
14.45
16.75
11.21
9.656
10.96
7.507
7.898
8.215
6.885
7.849
8.008
8.142
9.106
10.62
11.56
12.01
14.31
16.16
16.65
19.14
21.7
21.68
19.24
18.75
20.07
21.8
21.34
22.61
21.9
19.29
18.53
17.43
16.24
15.04
13.75
14.82
12.65
15.48
18.7
19.19
22.02
22.29
20.34
22.31
21.88
23.24
21.8
17.97
18.63
17.5
16.94
17.09
14.94
17.8
16.04
19.09
21.02
23.75
20.36
20.02
14.28
15.41
16.89
19.04
19.48
23.17
16.6
18.68
18.8
18.29
19.8
20.85
22.09
21.31
18.16
17.63
18.68
19.75
15.97
20.61
17.75
18.12
17.7
19.24
18.55
9.558
11.61
11.55
16.21
16.58
15.75
17.09
17.38
19.68
22.88
22.29
24.85
24.22
23.54
16.58
22.39
20.97
20.24
20.8
18.87
20.14
20.09
18.46
17.41
15.97
16.06
17.21
16.24
15.89
16.67
16.77
19.21
17.85
20.43
20.24
21.31
19.24
20.29
18.85
17.31
17.24
16.26
15.04
17.14
21.14
21.12
20.68
15.38
13.62
15.58
13.38
13.48
17.04
15.33
18.04
19.9
17.29
18.85
21.34
19.02
20.73
19.26
17.19
16.38
13.06
12.74
12.17
13.89
13.35
12.6
12.11
11.84
13.48
17.41
8.069
16.06
20.17
22.36
13.79
15.99
20.7
19.46
18.24
21.19
19.56
24.39
26.66
26.27
25.54
24.95
25.0
25.15
25.44
25.49
18.58
10.84
12.35
10.83
11.15
11.73
12.28
14.21
15.36
14.18
13.62
12.38
13.6
14.18
16.31
17.82
17.7
18.68
18.6
18.02
19.53
18.99
18.07
16.87
15.84
15.33
13.72
11.08
11.43
10.5
15.82
14.36
16.28
18.16
18.21
16.85
14.53
15.31
16.48
13.82
14.97
16.63
16.19
16.06
15.06
15.38
17.29
15.06
12.34
11.47
5.255
6.335
8.191
9.595
12.12
15.09
16.46
15.48
16.87
12.38
15.41
14.62
16.16
15.38
15.16
17.33
17.21
14.48
16.09
15.5
17.19
13.01
12.55
12.74
16.6
14.89
12.87
11.02
20.56
13.92
14.94
17.36
17.63
14.23
12.26
13.35
14.26
16.02
17.02
18.51
17.19
21.68
16.41
13.53
9.119
11.82
9.424
11.07
8.96
9.485
8.118
9.802
11.21
13.77
14.94
14.4
15.58
15.21
16.5
16.16
15.21
16.02
13.65
10.95
13.28
9.399
10.33
9.9
9.851
9.656
7.52
7.129
8.325
7.495
6.726
11.24
11.24
13.06
15.09
15.53
14.79
16.19
18.6
20.21
19.41
15.87
16.67
19.85
17.8
19.43
20.8
19.95
18.26
20.83
19.65
20.85
18.7
17.41
16.85
16.31
17.41
17.82
18.02
19.02
17.94
20.7
19.43
18.77
18.24
18.51
17.87
19.19
18.51
18.26
18.19
18.55
18.29
20.09
19.19
14.7
13.57
15.94
12.65
15.97
20.75
20.14
18.7
19.53
18.82
20.43
20.8
21.78
18.97
18.46
15.97
16.67
15.55
11.76
9.802
9.216
10.4
11.11
9.558
8.545
8.582
9.045
9.534
9.326
11.12
10.4
10.29
14.4
17.7
19.73
21.22
23.17
26.12
23.44
21.22
23.22
28.52
25.44
22.51
14.38
17.21
15.8
15.11
16.58
17.7
15.11
13.7
15.77
16.26
17.5
22.14
18.26
17.97
16.63
16.87
18.65
14.14
16.58
15.72
18.68
16.63
16.06
15.87
14.45
14.94
13.94
14.84
12.94
16.19
21.0
21.24
22.19
20.34
19.21
13.72
13.72
15.5
12.84
13.11
13.67
9.9
8.972
13.35
18.7
15.19
9.521
9.131
16.65
17.75
14.77
17.04
17.46
12.45
15.36
14.45
20.61
21.34
19.04
14.58
18.68
19.87
22.58
25.2
24.07
22.09
25.05
18.82
16.02
16.85
15.62
16.97
15.53
14.28
14.6
12.57
11.84
11.58
12.11
11.33
14.65
17.38
19.43
19.65
19.63
22.51
24.88
23.46
22.31
21.58
20.17
18.8
20.09
17.92
15.55
17.14
15.77
16.33
11.44
12.96
13.4
13.7
12.11
10.25
13.89
15.01
17.29
18.97
19.14
17.65
18.58
19.38
17.97
15.99
17.48
15.28
17.6
15.36
16.28
14.75
13.96
13.4
14.92
14.48
12.82
12.32
5.45
6.824
12.26
15.11
18.48
19.12
19.63
16.8
19.09
18.24
19.26
13.94
15.94
19.95
22.49
20.09
21.14
22.24
21.39
21.78
18.6
18.33
15.8
18.38
18.26
14.36
15.6
19.9
17.11
16.16
17.92
16.28
13.82
15.06
16.82
16.89
14.62
15.84
26.22
24.51
24.76
24.66
17.63
14.26
12.4
8.801
8.594
8.838
9.265
12.87
16.58
20.34
20.29
21.95
18.7
15.65
23.97
15.36
11.93
8.936
7.3
6.873
9.058
8.179
6.958
7.483
6.287
8.142
8.521
6.628
6.665
7.776
7.434
9.558
10.51
10.25
11.82
15.11
14.58
18.36
18.41
20.46
21.78
22.36
22.73
21.58
19.8
19.36
19.31
20.85
20.97
20.73
15.16
14.16
14.33
17.16
