16.75
15.04
9.79
12.84
12.74
13.96
15.43
20.92
16.99
14.94
15.31
13.82
14.5
15.21
12.49
15.92
12.55
14.7
19.53
10.58
10.78
15.04
13.4
13.94
12.74
16.67
16.92
16.63
15.99
21.97
31.35
25.88
17.41
19.12
18.16
17.77
12.46
14.18
10.91
8.057
9.814
12.13
12.33
12.92
15.16
12.74
13.89
14.75
15.04
18.68
15.48
16.99
17.19
19.38
22.05
18.8
16.21
17.19
18.7
19.19
18.68
22.39
18.33
16.82
18.21
15.87
18.02
16.89
14.01
13.01
15.48
18.99
14.75
17.21
14.84
17.6
19.48
19.02
20.97
20.9
13.65
16.72
14.84
11.55
9.338
12.18
10.19
11.93
18.58
20.48
8.862
15.38
17.87
13.04
11.38
12.89
11.34
17.24
16.99
19.58
14.58
23.63
18.14
23.46
25.44
20.78
19.34
22.0
18.43
19.26
18.33
14.82
11.78
12.17
12.4
14.14
10.6
15.45
11.96
12.7
13.75
19.38
22.56
24.68
22.39
20.09
17.24
15.19
13.65
11.11
10.73
9.448
9.436
14.48
9.924
10.56
9.363
9.216
8.264
9.167
9.216
9.375
9.534
11.83
9.888
15.8
16.92
19.14
19.87
22.97
23.36
23.12
20.61
16.94
16.16
15.67
16.7
20.9
16.8
18.43
17.04
16.55
16.36
17.72
10.8
10.35
12.12
12.57
10.27
15.01
13.43
14.36
12.57
14.65
15.77
15.72
17.97
17.75
14.99
18.92
15.62
17.9
16.65
19.9
23.78
18.8
19.12
20.9
16.48
16.09
14.43
15.43
15.6
13.38
17.33
19.29
19.92
24.41
23.63
22.41
18.51
23.63
20.46
18.53
13.18
14.87
13.99
14.14
14.87
15.72
14.43
17.31
13.45
15.72
17.43
16.58
15.62
18.19
18.8
16.94
19.31
17.94
13.45
13.13
13.18
17.99
14.04
10.79
10.9
15.38
12.4
10.45
12.29
8.984
10.01
10.11
9.912
12.28
13.6
15.23
15.06
16.63
17.75
17.8
21.09
19.24
18.16
15.28
18.29
19.8
20.14
18.07
17.92
16.99
15.75
15.36
15.28
15.06
14.18
13.13
13.48
12.33
15.72
17.33
16.77
20.8
18.33
19.38
19.31
19.85
22.12
19.51
18.48
18.68
16.55
15.04
15.21
15.92
17.77
14.67
16.94
20.83
20.14
20.7
19.41
15.94
17.11
17.36
17.99
20.58
19.14
21.22
20.48
21.19
23.02
22.36
22.12
22.49
24.54
21.73
16.58
13.99
15.45
12.72
16.89
13.4
13.82
13.77
14.06
14.65
9.106
14.79
13.35
19.36
22.24
19.07
19.51
19.14
22.95
27.29
30.13
26.37
22.41
23.61
17.6
21.61
19.6
20.19
19.63
19.7
20.8
21.02
21.22
19.12
19.04
18.73
18.26
17.26
17.9
20.68
17.72
18.99
21.51
23.05
19.04
19.8
20.46
18.7
17.04
18.21
20.65
17.65
14.36
16.53
18.46
16.72
18.26
16.46
16.38
15.28
12.34
14.94
18.29
17.5
14.4
16.41
16.31
18.12
22.66
19.56
21.58
17.46
16.41
12.44
12.57
14.89
13.96
14.14
13.4
16.7
13.77
16.24
20.41
20.97
11.4
23.32
26.37
29.49
20.04
20.97
20.68
23.58
24.46
27.98
26.51
17.14
16.04
16.31
16.8
12.1
9.656
13.67
11.3
11.02
12.72
12.94
11.4
12.02
8.838
12.6
15.41
18.36
17.9
17.36
17.36
18.36
18.46
21.29
22.07
21.61
20.0
20.65
20.51
19.68
19.14
19.43
18.58
17.24
17.53
17.16
12.72
12.48
10.83
11.24
22.27
13.84
13.96
15.01
13.33
13.5
13.09
12.65
14.23
15.92
15.36
14.33
15.19
13.55
14.18
13.82
13.5
14.43
12.82
10.82
6.409
7.739
8.826
10.63
12.02
15.06
15.94
16.26
18.09
14.55
19.7
14.97
17.65
14.92
16.94
18.02
18.95
18.53
21.48
16.21
16.14
11.58
15.19
15.58
12.92
13.13
13.94
14.01
19.02
15.14
15.06
17.55
17.43
15.99
10.6
12.52
14.43
18.02
13.77
17.53
18.58
16.72
17.53
10.77
10.66
11.27
11.67
11.12
11.24
10.08
8.862
10.36
13.57
13.23
13.5
12.67
12.92
15.31
14.65
14.04
15.19
14.28
11.67
11.12
14.18
9.607
8.862
11.05
10.08
9.204
9.888
9.229
8.545
10.18
8.496
12.16
14.01
14.45
14.72
16.85
16.5
19.31
20.34
20.36
20.68
18.07
19.85
20.24
21.63
19.43
18.24
21.66
19.8
21.56
21.12
22.36
19.73
17.87
18.29
16.75
18.97
17.53
18.33
16.5
17.82
21.63
17.58
18.9
18.9
15.5
17.65
17.36
16.26
16.89
17.99
18.04
20.26
20.68
19.9
13.6
14.48
13.79
11.98
15.31
17.87
19.85
17.9
13.26
19.04
23.54
20.02
22.36
20.34
17.41
15.89
19.85
14.28
13.7
9.302
10.13
8.618
11.65
10.21
9.546
8.899
8.569
8.826
9.961
11.89
11.27
11.22
14.31
20.24
22.36
22.73
21.39
20.46
20.97
17.63
22.41
21.61
23.14
23.02
13.65
13.18
16.09
17.29
16.11
15.48
14.11
16.02
16.94
14.36
15.58
18.46
17.21
18.92
18.33
16.63
18.46
13.16
14.82
17.07
19.63
15.48
14.28
15.89
14.55
15.45
14.14
16.11
13.82
16.55
20.04
20.21
23.44
20.73
18.33
14.99
15.77
14.14
14.21
15.65
12.99
10.05
9.131
10.11
13.87
15.38
9.863
8.752
14.94
17.55
15.75
14.45
14.79
11.44
15.41
14.06
18.07
19.97
16.24
11.01
16.77
19.48
25.63
24.78
20.48
23.75
23.49
16.89
16.6
14.87
15.21
16.97
14.23
13.96
13.57
14.23
14.11
12.49
13.75
11.24
14.89
16.63
19.34
19.34
18.9
21.95
22.85
23.93
22.8
20.56
22.58
20.07
18.09
16.31
17.41
18.04
14.23
16.75
11.99
13.72
14.6
15.09
12.89
10.83
14.6
14.87
16.92
17.94
19.73
18.29
17.48
20.19
20.36
17.55
15.82
15.7
18.77
15.09
16.65
14.33
13.84
14.18
15.26
13.62
12.41
11.89
5.609
6.934
12.19
14.31
17.9
17.63
19.56
16.8
18.97
18.19
18.33
15.06
14.75
19.78
20.0
20.51
22.19
24.93
24.32
25.2
23.46
24.22
21.02
23.14
17.94
16.63
19.36
18.55
17.43
16.55
19.14
19.24
16.43
15.8
19.6
21.56
17.53
16.14
18.48
14.43
13.33
13.06
13.23
16.53
15.53
14.26
15.31
16.14
15.87
16.82
15.45
26.12
16.65
17.04
13.31
13.48
22.14
14.65
11.19
8.972
9.167
8.447
9.949
9.973
8.276
8.997
9.387
9.094
7.764
8.838
9.412
12.32
12.67
14.87
18.38
17.55
18.75
18.68
21.02
23.12
23.27
20.48
21.56
19.38
18.04
20.8
18.97
21.02
20.09
13.92
14.77
13.33
17.77
