0.3937
0.3647
0.4936
0.4318
0.3269
0.4517
0.2274
0.1438
0.3448
0.03433
0.1875
0.1856
0.2987
0.1226
0.0
9.537e-05
0.0
0.0
0.0
0.0
0.0
0.2823
0.132
0.2205
0.1625
0.1274
0.248
0.1316
0.1305
0.139
0.3056
0.1671
0.3143
0.09632
3.284
3.864
3.729
4.663
4.938
1.825
0.3258
1.959
2.966
3.668
4.205
5.908
2.933
0.3677
0.2964
0.4257
0.3036
0.3071
0.4845
0.2743
0.3582
0.1402
1.393
2.957
3.802
3.741
6.207
2.115
1.636
0.7111
3.339
3.894
3.766
5.859
3.018
0.8118
0.1532
0.1507
0.2079
0.1013
0.3185
1.346
3.68
3.766
3.839
5.865
2.42
0.4875
0.4059
0.4974
0.2636
0.4776
0.0003815
0.4524
3.339
3.796
3.955
5.67
2.89
0.6737
0.1471
0.1635
0.4799
0.2403
1.003
3.857
3.845
3.723
5.377
2.087
0.4402
3.479
3.973
3.925
5.688
2.625
0.7477
1.599
3.845
3.711
3.699
4.956
2.106
0.4196
0.4105
0.2739
0.4143
0.4074
0.3479
0.3475
0.3815
0.4242
0.3952
0.1972
0.4433
0.4044
0.3975
0.4097
1.411
3.711
3.943
4.266
5.164
2.267
0.1419
2.429
3.522
3.754
4.541
3.851
1.53
0.4028
0.3288
0.367
0.3693
0.3574
0.1831
0.2682
0.3071
0.3708
2.09
3.217
3.43
3.784
5.615
2.432
0.4623
1.483
3.644
3.815
3.796
5.029
1.804
0.1352
9.537e-05
0.2857
0.3563
0.4257
0.3002
0.6248
0.3548
0.6363
0.2171
0.4227
0.3376
0.5325
0.4196
0.4326
0.4837
0.0164
9.537e-05
0.0
0.0
0.0
9.537e-05
0.0
0.007153
0.3216
0.4623
0.2579
0.09995
9.537e-05
0.3876
0.5272
0.2769
0.5035
0.4173
0.3746
0.412
0.4395
0.4173
0.3269
0.2853
0.0001907
9.537e-05
0.0
9.537e-05
0.0
0.0
0.0
0.0
0.2808
0.2789
0.1677
0.2468
0.148
0.1616
0.2533
0.1699
0.1644
0.4509
0.1944
0.4166
0.351
0.2888
0.3628
0.0003815
0.0
0.0
0.0
0.0
0.0
9.537e-05
0.0
0.0
0.2064
0.412
0.3284
0.2346
0.2495
0.3849
0.3998
0.156
0.259
0.4654
0.2399
0.4158
0.3845
0.3403
0.3422
9.537e-05
0.0
0.0
0.0
0.0
0.0
0.0
0.0
0.0
0.07048
0.5875
0.2247
0.7141
0.1123
0.0007629
0.0
9.537e-05
0.2216
0.2216
0.1835
0.3132
0.1772
0.1669
0.1495
9.537e-05
0.0
0.0
0.0
0.0
0.0
0.0
0.0
0.1434
0.2804
0.2949
0.3197
0.3517
0.3456
0.2995
0.2365
0.1333
0.1896
0.3399
0.1429
0.6119
0.1276
0.2022
0.1738
0.004578
0.0
0.0
0.0
9.537e-05
0.0
0.0
0.0
9.537e-05
0.00639
0.4463
0.1944
0.127
0.5615
0.1509
0.4547
0.4967
0.1776
0.001907
0.04177
0.06962
0.2724
0.1026
0.08774
9.537e-05
0.0
0.0
0.0
0.0
0.0
0.0
0.0
9.537e-05
0.0
0.003624
0.08621
0.3757
0.008202
0.1362
0.09918
0.0
0.0
0.0
9.537e-05
0.0
0.0
0.0
0.0
0.0
0.0
0.0
0.0
0.0
0.0
0.0
0.0
0.0
0.2823
0.08497
0.0638
0.4723
0.07372
0.8347
2.094
3.027
2.985
3.198
2.85
2.64
2.533
2.301
1.654
1.398
1.323
1.401
1.378
1.422
1.63
1.5
1.993
1.901
1.996
2.023
2.008
2.24
2.023
1.999
6.592
4.077
4.84
4.608
5.493
6.372
4.816
7.178
4.449
4.102
1.282
0.8118
1.376
2.106
2.063
2.069
2.188
1.901
2.06
2.271
2.274
2.295
2.444
2.533
2.74
2.499
2.56
2.332
2.432
3.061
4.095
3.918
3.229
4.327
7.678
7.593
8.008
6.836
5.09
4.053
1.645
0.6584
2.838
2.875
2.744
2.942
2.832
2.997
3.104
3.18
3.333
3.223
2.802
2.71
2.878
3.217
2.972
3.4
2.585
5.725
7.91
11.66
10.12
6.604
5.206
3.302
1.176
0.8789
3.186
3.723
3.589
3.54
3.552
3.436
3.351
3.424
3.442
3.436
3.302
3.308
3.339
3.43
3.424
6.165
7.275
10.27
8.459
7.568
4.584
4.285
1.495
0.457
2.951
3.68
3.632
3.491
3.564
3.442
3.601
3.754
3.748
3.503
3.607
3.815
3.87
4.303
6.274
8.203
9.741
7.129
6.219
4.7
2.518
0.8438
3.104
3.571
3.583
3.583
3.174
2.869
3.125
2.707
3.326
3.052
2.802
3.003
2.933
3.406
3.784
4.218
9.888
7.898
12.48
8.679
5.64
3.589
1.266
0.7027
3.693
3.394
3.339
3.143
3.278
3.122
2.982
2.896
2.786
2.887
2.664
3.043
2.71
2.997
2.786
2.615
3.955
6.714
4.462
7.568
7.471
7.043
5.243
3.375
4.608
3.918
3.564
1.097
1.572
2.689
4.071
0.7751
2.405
3.012
4.98
2.64
0.7187
2.744
3.314
4.761
1.764
1.767
2.64
4.114
4.065
0.8713
1.962
3.674
2.151
1.192
2.808
3.864
0.6577
1.462
3.79
3.668
3.699
3.705
3.802
3.644
3.613
3.882
4.016
3.851
3.815
4.047
4.126
7.629
8.008
12.26
8.447
5.389
3.619
3.18
1.222
1.16
2.805
3.943
0.6897
1.996
3.888
3.973
4.156
3.845
3.302
3.357
3.131
3.113
3.055
3.113
3.043
2.988
3.03
2.747
3.851
6.238
2.545
3.253
5.542
5.756
5.243
5.847
4.407
4.724
3.156
2.814
2.756
2.255
0.9598
0.5409
1.935
2.301
3.693
4.187
4.065
4.242
3.693
3.809
3.937
4.034
3.979
3.839
4.248
4.285
5.365
10.11
10.5
7.556
7.08
5.341
2.783
0.795
3.583
3.992
4.309
4.175
4.205
4.352
4.211
3.992
3.967
4.102
3.979
4.004
4.291
4.34
9.497
9.668
10.18
6.482
5.005
3.021
0.9964
2.768
0.9369
2.292
0.8347
2.158
1.398
0.8759
0.9033
1.14
2.53
0.5005
1.175
0.0
0.0
1.382
0.4265
0.2491
0.4143
1.1
0.3906
0.2613
0.4158
1.221
1.277
0.3845
1.057
1.34
1.439
0.4173
0.2258
0.4539
1.439
0.3742
1.305
0.2808
0.2632
0.3361
0.7439
0.7378
0.8484
0.676
0.8713
0.769
3.052
3.821
3.87
3.784
3.931
3.748
4.315
4.144
4.175
3.381
3.412
3.516
3.485
3.4
4.327
7.104
9.558
10.67
7.922
5.023
3.815
2.896
0.9262
0.7217
0.2331
0.4578
0.415
0.3784
0.2834
0.6706
0.6287
0.5516
0.5333
0.3937
0.3117
0.1482
0.2888
0.3212
0.3262
0.3326
0.07019
0.128
0.251
0.2308
0.3109
0.3632
1.935
1.941
2.167
2.051
2.158
2.1
2.38
2.274
2.194
2.386
2.365
2.347
2.487
2.292
2.167
2.078
2.008
2.206
1.935
1.791
1.993
1.779
1.797
3.54
9.766
10.51
8.289
5.762
4.51
3.265
1.43
0.3296
0.4044
0.5547
0.3113
0.33
0.2876
9.537e-05
9.537e-05
0.0
0.0
0.0
0.0
0.0
0.0
0.0
0.0
9.537e-05
0.0
0.0
0.0
0.0
0.0
0.0
0.0
0.0
0.0
0.0
0.2377
0.3628
0.4379
0.6775
0.5554
0.7347
0.6744
0.3059
0.3883
