17.58
18.58
20.75
20.14
22.05
17.31
16.6
17.65
18.07
15.82
17.55
18.73
20.46
19.38
19.87
21.17
20.68
21.92
20.21
17.48
16.75
19.48
18.04
19.14
18.04
19.53
21.12
22.29
21.39
21.31
21.75
18.77
18.55
18.26
18.63
19.21
19.9
21.34
16.75
18.19
19.14
21.12
21.14
20.8
19.68
22.78
16.75
19.68
19.04
19.41
19.17
19.38
18.55
20.53
21.04
21.44
20.68
19.04
17.8
20.8
18.12
17.43
17.04
17.97
18.04
21.24
17.65
18.38
18.75
17.99
17.16
18.53
18.21
18.68
18.7
20.17
19.95
20.09
18.9
18.68
18.53
20.21
23.34
18.99
16.41
17.48
18.68
20.7
14.89
12.6
12.62
13.94
14.77
14.82
16.36
16.92
16.53
16.5
15.75
16.26
17.5
15.87
14.48
12.89
13.67
15.33
14.14
15.94
16.28
16.99
18.19
20.53
19.26
18.48
16.38
18.63
18.19
16.24
14.38
18.07
16.85
15.84
16.75
17.63
15.11
15.99
16.06
17.29
17.82
13.77
15.19
17.31
17.21
17.21
19.24
16.75
17.85
21.56
17.14
17.72
15.38
16.06
15.82
15.53
16.77
18.55
18.19
18.24
15.7
14.89
16.92
17.21
17.46
18.33
18.38
18.51
19.21
20.12
17.26
16.94
16.02
17.63
18.31
17.38
19.14
18.68
18.16
16.65
17.48
18.77
16.6
16.97
18.48
16.04
16.02
17.33
18.19
19.19
18.77
17.92
18.51
15.43
17.63
19.17
17.02
17.11
17.29
16.16
17.75
16.63
16.99
17.92
18.41
16.72
15.62
16.16
15.21
16.28
17.11
18.14
15.16
16.58
14.99
14.5
17.02
14.89
18.14
21.09
19.07
19.02
18.87
18.21
18.73
18.48
17.7
17.75
16.8
16.11
15.72
16.33
19.43
18.92
18.16
17.65
20.21
19.9
16.24
17.24
16.7
17.72
18.95
18.02
20.04
18.97
18.07
15.75
19.14
17.36
18.09
18.04
18.26
18.68
20.68
18.21
15.97
18.04
18.75
17.41
17.75
18.33
18.24
18.04
15.84
16.7
15.84
20.7
21.39
18.04
15.87
15.45
18.48
18.85
18.65
19.51
19.31
18.7
18.38
19.65
21.78
21.53
20.17
22.02
18.73
17.48
17.72
20.61
20.53
18.9
21.44
23.02
22.44
15.84
17.14
18.36
17.19
18.73
18.73
19.24
17.6
19.17
16.19
16.11
18.09
17.55
18.95
20.04
21.8
18.97
18.12
19.17
17.8
15.67
17.21
20.26
16.75
18.38
17.65
19.04
20.8
21.14
17.87
17.94
18.02
15.89
15.7
16.87
17.75
19.43
21.7
19.68
17.58
16.63
13.84
15.31
15.77
16.36
17.55
20.09
20.87
19.07
19.24
18.46
16.02
14.21
15.48
18.36
17.72
17.11
17.6
17.63
21.04
20.12
20.12
20.58
18.58
18.99
20.14
20.07
17.43
18.51
19.19
20.43
22.53
22.92
18.43
18.92
18.97
18.36
15.36
15.41
16.58
18.58
20.0
19.46
19.04
19.07
17.6
17.11
16.99
15.23
18.02
18.31
19.65
18.31
20.75
15.65
17.16
18.16
19.02
16.65
16.77
15.53
18.36
19.19
20.51
17.14
18.07
19.04
20.17
18.75
17.36
16.58
15.26
17.65
18.07
17.97
18.43
19.09
22.07
22.05
21.36
17.33
16.67
15.23
15.36
19.19
19.97
20.04
20.39
21.14
15.92
16.26
19.73
18.21
18.26
18.99
17.11
17.31
17.97
19.41
19.53
20.0
16.43
16.43
16.63
17.55
20.0
20.53
16.89
17.16
15.65
16.28
20.34
18.85
18.02
18.7
17.63
17.94
16.77
17.9
17.5
17.11
18.24
18.51
17.99
17.7
17.36
17.77
19.65
17.75
16.46
16.89
15.8
18.38
20.9
19.19
19.29
19.65
19.9
18.73
20.46
17.11
16.02
15.09
16.31
18.51
17.6
18.95
18.51
20.02
17.99
16.55
15.87
15.04
16.7
19.38
17.92
16.55
18.16
18.87
21.9
18.36
17.6
19.31
16.11
16.53
17.14
16.92
18.16
17.97
16.31
18.48
20.0
22.05
21.26
17.7
15.5
16.65
15.62
18.31
19.29
20.8
21.7
19.87
17.31
18.33
16.99
19.9
20.41
21.34
18.48
19.82
21.09
22.09
18.58
18.04
17.43
16.8
20.41
22.05
22.27
22.22
20.48
14.77
15.11
16.89
17.77
19.95
17.53
19.92
18.33
16.82
15.45
15.21
18.65
19.65
17.99
19.6
20.24
20.46
16.21
19.21
18.77
18.14
18.12
19.34
20.17
19.87
18.07
16.26
16.38
18.65
18.14
18.43
19.56
17.92
19.04
19.17
18.8
19.31
18.46
19.02
19.75
19.19
16.09
16.92
16.89
16.19
15.75
17.75
18.9
19.21
20.29
21.56
21.04
16.55
16.7
19.12
18.7
18.24
20.12
21.19
22.24
21.88
20.9
19.73
19.14
18.75
18.48
19.51
20.34
19.29
18.51
18.38
19.56
18.68
21.12
19.85
17.99
19.12
19.04
19.78
20.02
21.17
21.34
18.51
17.43
18.26
21.29
20.12
22.44
18.53
17.04
15.28
17.75
17.48
16.85
18.48
19.51
20.68
22.07
21.07
22.02
19.38
20.56
18.55
19.53
16.38
17.55
18.12
17.14
17.75
17.77
19.31
19.51
19.85
19.58
19.82
20.09
18.82
18.16
19.34
17.65
17.33
18.38
17.33
19.58
16.82
18.14
20.61
18.82
18.8
19.04
19.09
20.04
22.39
19.46
19.6
20.34
20.04
19.95
18.97
16.28
17.9
20.12
18.31
18.6
17.85
22.31
20.02
19.51
21.9
20.56
17.11
18.6
19.56
18.97
16.33
17.16
18.75
21.17
20.36
20.63
20.29
20.41
20.73
18.09
17.9
18.09
20.14
18.12
19.09
19.17
18.36
16.8
16.99
18.6
20.68
21.31
20.21
21.29
19.04
16.67
15.87
18.21
19.02
21.26
20.43
21.51
20.53
20.36
18.16
19.97
17.21
17.97
19.8
18.65
18.48
18.68
18.33
19.48
19.19
19.97
20.48
22.68
18.24
16.63
17.68
18.19
17.24
18.07
21.51
22.12
21.73
20.31
19.38
20.48
19.8
19.6
19.58
21.07
19.02
19.38
19.41
18.12
20.34
20.75
17.53
18.75
18.33
18.55
20.41
18.58
16.8
18.38
18.38
19.95
