10.95
11.07
11.1
11.13
11.12
11.27
11.28
11.47
11.41
11.41
11.45
11.45
11.08
11.05
11.34
11.22
11.27
11.19
11.51
11.5
11.43
11.27
11.18
11.12
11.36
11.45
11.61
11.76
11.65
11.46
11.65
11.66
11.66
11.5
11.78
11.65
11.6
11.8
11.9
11.87
11.69
11.78
12.04
11.82
11.77
11.54
11.38
11.47
11.4
11.71
11.77
11.49
11.61
11.61
11.88
11.67
11.22
11.15
11.22
11.44
11.36
11.15
10.82
11.4
11.34
11.27
11.47
11.66
11.5
11.47
11.34
11.45
11.65
11.34
11.46
11.36
11.35
15.75
15.48
15.38
15.58
15.72
15.58
15.62
15.19
14.36
13.79
13.87
14.18
13.11
13.11
13.06
12.79
12.55
12.62
12.62
12.29
13.35
13.16
13.96
12.87
12.49
12.84
13.6
12.84
12.82
12.94
12.46
12.55
11.99
12.0
11.74
11.88
11.98
11.89
12.05
12.05
12.07
12.23
12.23
12.46
12.74
12.24
12.24
12.24
12.07
12.11
12.06
12.24
12.3
12.38
12.27
12.43
12.52
12.72
12.65
12.35
12.37
12.55
13.33
13.26
12.92
13.09
12.62
12.4
12.34
12.55
12.52
12.62
12.94
12.77
12.7
12.79
13.04
12.99
13.11
13.16
13.04
12.84
12.89
13.13
13.4
13.35
13.21
13.7
12.96
12.65
12.6
12.3
12.46
12.41
12.4
12.55
12.62
12.5
12.5
12.62
12.62
12.15
11.88
11.99
11.77
11.87
12.05
11.5
11.66
11.51
11.49
11.69
11.88
11.85
12.01
11.93
11.93
11.74
11.94
11.73
11.65
11.56
11.72
12.04
11.99
12.02
11.82
11.82
11.91
12.43
12.34
11.71
11.95
11.63
11.98
11.33
11.44
11.33
11.33
11.6
11.11
10.83
10.89
11.11
11.47
11.19
10.39
10.55
10.39
10.55
10.62
10.96
11.41
11.19
11.52
11.18
10.67
10.36
10.69
10.36
10.13
10.25
10.71
10.8
10.88
10.88
10.9
10.71
10.75
10.55
10.77
11.43
11.05
10.69
10.91
10.93
11.07
11.04
11.13
11.02
10.96
11.18
11.15
11.13
11.43
11.36
11.28
11.36
11.57
11.57
11.62
11.54
11.71
11.61
11.67
11.93
11.88
11.67
11.8
11.63
11.76
11.84
11.9
12.08
12.05
12.23
12.05
11.96
12.08
11.93
12.05
12.05
12.12
12.1
12.22
12.37
12.23
12.13
12.27
12.27
12.27
11.91
12.06
12.05
12.07
12.05
11.94
11.78
12.13
12.12
12.39
12.52
12.33
11.28
10.89
11.05
11.32
11.15
11.41
11.39
11.61
11.52
11.46
11.35
11.28
11.43
11.6
11.66
11.85
11.91
11.43
11.52
11.3
11.28
12.92
13.96
14.04
14.01
14.7
14.6
14.4
15.04
14.53
13.84
13.4
12.37
12.24
11.72
11.54
11.5
11.72
11.02
11.07
11.01
10.55
10.69
10.69
10.79
10.77
10.61
10.89
10.89
10.88
10.89
10.94
10.78
10.68
10.69
10.73
10.13
10.3
10.36
10.18
9.839
9.79
9.778
9.802
9.583
9.753
9.802
9.668
9.705
9.717
9.802
9.937
10.06
9.998
9.912
9.949
10.1
10.08
9.924
10.18
10.3
10.35
10.33
10.35
10.5
10.58
10.67
10.68
10.68
10.68
10.83
10.77
10.95
11.67
11.67
11.58
11.5
11.54
11.77
12.01
11.93
12.0
11.85
12.0
11.94
12.01
12.08
12.05
12.62
12.5
12.48
12.44
12.39
12.19
12.1
11.91
12.05
12.26
12.23
12.23
12.28
12.32
12.34
12.26
12.32
12.34
12.21
11.8
11.63
12.0
12.29
12.24
11.6
11.58
11.51
11.72
12.06
12.37
12.23
12.28
12.24
12.26
11.99
12.28
12.04
12.08
12.11
12.1
12.28
12.3
12.28
12.41
12.52
12.62
12.52
12.45
12.55
12.7
12.79
12.79
12.5
12.72
12.26
12.1
11.98
12.06
11.91
11.54
11.47
11.66
11.73
11.84
12.02
11.82
11.66
11.99
11.94
12.24
12.55
12.08
11.62
11.91
12.21
11.94
11.33
11.07
11.3
11.36
11.17
11.17
11.68
11.69
11.46
11.38
12.01
11.21
11.02
11.07
11.01
11.05
11.12
11.07
11.07
11.24
11.79
11.78
11.5
11.54
11.8
11.57
11.72
11.98
12.27
12.05
12.05
12.12
12.01
11.85
12.01
12.15
11.85
12.38
12.24
12.29
12.35
12.26
12.33
12.62
12.41
12.62
12.65
12.62
12.92
12.92
12.65
12.92
12.02
12.18
12.27
12.24
12.41
12.45
12.62
12.65
12.84
12.87
12.52
11.72
11.76
11.76
11.66
11.54
11.35
11.56
12.02
12.23
12.26
12.41
12.44
12.12
11.94
12.13
11.87
12.04
11.99
11.95
12.22
12.57
12.82
12.94
12.82
12.99
13.13
13.38
13.7
12.84
12.77
12.24
11.98
11.99
12.07
11.85
11.85
11.78
11.49
11.56
11.6
11.76
11.77
11.78
11.38
11.4
11.58
11.46
11.57
11.46
11.63
11.77
11.54
11.46
11.71
11.01
10.53
10.3
10.3
9.949
10.07
10.11
10.17
10.3
10.33
10.05
10.02
10.19
10.3
10.22
10.4
10.38
10.29
10.19
9.937
9.912
10.08
10.11
10.18
10.49
10.71
10.78
10.69
10.75
11.0
11.02
11.18
11.46
11.6
11.38
11.27
11.28
11.3
11.36
11.5
11.78
11.88
11.85
11.8
11.85
11.95
12.05
12.05
12.11
12.01
11.89
12.29
12.43
12.24
12.33
12.5
12.32
12.33
11.76
11.89
12.16
12.65
12.49
12.43
12.28
12.24
12.4
12.44
12.5
12.7
11.74
11.67
11.85
11.85
12.02
12.12
11.91
12.01
11.85
11.76
11.98
11.94
11.94
12.23
12.28
12.11
12.07
11.96
12.32
12.05
12.12
12.04
12.15
12.05
12.04
12.12
12.24
12.28
12.34
12.34
12.46
12.72
12.6
12.43
12.43
12.49
12.89
12.18
12.43
12.24
11.89
11.54
11.54
11.57
11.84
11.96
11.33
11.45
11.45
11.61
11.67
11.62
11.56
11.73
11.46
11.67
11.66
11.94
