0.04759
0.03662
0.03242
0.04015
0.03347
0.02918
0.03538
0.03309
0.02785
0.03099
0.02937
0.03157
0.03624
0.03061
0.03595
0.0308
0.03719
0.03262
0.02642
0.03595
0.0351
0.03767
0.0308
0.02651
0.03366
0.03138
0.03271
0.03366
0.04206
0.03834
0.03233
0.03738
0.03538
0.03195
0.02918
0.0329
0.03014
0.02871
0.03204
0.03443
0.03529
0.02584
0.03071
0.03614
0.02661
0.03223
0.02937
0.1184
0.03004
0.04225
0.0411
0.04301
0.02375
0.04807
0.04339
0.03881
0.04473
0.03796
0.05331
0.035
0.04025
0.03815
0.03681
0.03805
0.03614
0.02794
0.0248
0.03462
0.02909
0.02995
0.02947
0.03357
0.001335
0.03891
0.03147
0.03557
0.02232
0.03147
0.02832
0.03147
0.02594
0.03052
0.04921
0.04444
0.03233
0.04139
0.03338
0.05045
0.04959
0.06199
0.04587
0.05503
0.03691
0.0515
0.05188
0.06113
0.03929
0.04635
0.04187
0.04253
0.03242
0.03586
0.04015
0.04959
0.03157
0.03471
0.03128
0.03691
0.02937
0.04263
0.3536
0.03071
0.03605
0.03691
0.05255
0.03548
0.03977
0.02823
0.02928
0.03557
0.03462
0.03719
0.07286
0.08173
0.03862
0.04044
0.04158
0.03958
0.03176
0.04025
0.03195
0.04292
0.03366
0.04721
0.03757
0.03548
0.0433
0.03443
0.02995
0.04644
0.04196
0.05398
0.04082
0.04368
0.03834
0.0453
0.04482
0.03862
0.03939
0.04578
0.06447
0.04492
0.03901
0.02842
0.035
0.04425
0.02918
0.03328
0.04091
0.03233
0.03939
0.03653
0.03119
0.02995
0.0371
0.03653
0.03786
0.03471
0.03891
0.02861
0.03109
0.03633
0.03538
0.035
0.03252
0.0
0.02756
0.03242
0.04072
0.03109
0.0411
0.0267
0.03414
0.04911
0.05465
0.04654
0.03242
0.03767
0.04387
0.03901
0.03843
0.03967
0.0309
0.03405
0.02785
0.04158
0.04053
0.04501
0.03462
0.03662
0.03662
0.0006676
0.002384
0.03567
0.03738
0.04787
0.0
0.03386
0.0411
0.03815
0.09975
0.06332
0.05522
0.02499
0.03338
0.0
0.04416
0.0308
0.02975
0.03748
0.03519
0.04053
0.04168
0.03891
0.03624
0.04206
0.03262
0.03424
0.03376
0.04015
0.04225
0.04044
0.03815
0.03872
0.04425
0.04358
0.0411
0.03538
0.04187
0.04158
0.04425
0.0473
0.05074
0.04873
0.04911
0.04902
0.05064
0.04253
0.1337
0.04587
0.04425
0.03843
0.04196
0.04387
0.002384
0.03967
0.04177
0.0412
0.03605
0.0495
0.04549
0.03557
0.03901
0.04759
0.03681
0.04349
0.03471
0.04778
0.05312
0.04606
0.0515
0.03948
0.03939
0.04444
0.04435
0.03862
0.03929
0.04654
0.02995
0.0392
0.04158
0.06428
0.04473
0.06008
0.05045
0.04349
0.04654
0.04578
0.05102
0.0555
0.07725
0.05312
0.037
0.04072
0.05159
0.03786
0.03805
0.04473
0.04187
0.0453
0.04025
0.05054
0.05264
0.03805
0.03786
0.04292
0.04559
0.04759
0.04768
0.04034
0.03147
0.03786
0.03738
0.03519
0.0391
0.04063
0.03881
0.04263
0.03967
0.04559
0.04158
0.06132
0.03672
0.03519
0.04053
0.03405
0.03052
0.03643
0.03614
0.0371
0.03586
0.03519
0.03729
0.03786
0.02823
0.0349
0.03357
0.04034
0.03614
0.03157
0.0432
0.03557
0.03595
0.03738
0.03805
0.07858
0.03738
0.03452
0.03414
0.03719
0.03901
0.03166
0.03519
0.03595
0.03462
0.03595
0.03405
0.03595
0.03452
0.035
0.03767
0.03328
0.03471
0.03786
0.0474
0.03071
0.03347
0.03576
0.03424
0.0515
0.07887
0.03948
0.1287
0.02804
0.03271
0.03414
0.03357
0.03853
0.03538
0.0289
0.0349
0.02966
0.0308
0.04187
0.04215
0.04358
0.112
0.0782
0.03281
0.04025
0.04225
0.03834
0.03033
0.03004
0.03176
0.02546
0.02213
0.03433
0.02756
0.02413
0.02251
0.02794
0.0288
0.02575
0.02651
0.0308
0.02356
0.0247
0.02642
0.03014
0.02832
0.03128
0.02851
0.04034
0.03767
0.03405
0.02928
0.02232
0.02975
0.02947
0.02613
0.02594
0.02584
0.06609
0.04015
0.03195
0.04969
0.0329
0.04072
0.03309
0.03033
0.03567
0.02537
0.02632
0.03328
0.02851
0.02975
0.02718
0.0289
0.0309
0.03452
0.03033
0.03271
0.02851
0.03414
0.02899
0.02584
0.03195
0.03061
0.02327
0.03061
0.03452
0.03405
0.03433
0.05226
0.03223
0.04501
0.03366
0.03147
0.0289
0.02718
0.02995
0.03386
0.02909
0.04873
0.03815
0.03519
0.03853
0.033
0.03605
0.03452
0.03386
0.02899
0.03357
0.03672
0.02766
0.02394
0.02537
0.02966
0.02651
0.04292
0.02937
0.03376
0.03328
0.02832
0.03357
0.03929
0.03586
0.03185
0.0308
0.04072
0.03605
0.03386
0.03338
0.02842
0.0309
0.02909
0.02527
0.02642
0.03023
0.02508
0.0248
0.03376
0.03443
0.03872
0.03319
0.03595
0.02899
0.03195
0.03242
0.03977
0.03147
0.03128
0.0371
0.03548
0.03519
0.02995
0.03786
0.02785
0.0309
0.03986
0.02699
0.03633
0.03414
0.0351
0.1677
0.03204
0.03662
0.02842
0.02747
0.0268
0.0289
0.02708
0.03014
0.033
0.03014
0.03452
0.03395
0.03166
0.0288
0.03481
0.03691
0.02594
0.03366
0.02747
0.02861
0.03262
0.03004
0.02356
0.02766
0.02251
0.03328
0.02403
0.02804
0.02594
0.02861
0.02213
0.02575
0.02241
0.02737
0.0289
0.0248
0.02327
0.02432
0.03147
0.02804
0.02575
0.02518
0.02689
0.02699
0.02737
0.02909
0.02575
0.02575
0.02699
0.03014
0.02785
0.02861
0.02871
0.03166
0.02499
0.02689
0.02623
0.02718
0.02928
0.02432
0.03147
0.0309
0.02832
0.03242
0.02928
0.02985
0.02804
0.03576
0.03891
0.03242
0.02909
0.02737
0.02279
0.02832
0.0247
0.03014
0.02556
0.02441
0.03433
0.03414
0.03262
0.0289
0.03014
0.03166
0.03138
0.02947
0.02604
0.03052
0.02661
0.03099
0.03023
0.03195
0.03157
0.03109
0.03014
0.02804
0.0267
0.03166
0.03643
0.04139
0.03681
0.03147
0.02937
0.02832
0.03366
0.02584
0.02718
0.02699
0.03061
0.02689
0.02708
0.04206
0.02842
0.02346
0.02632
0.03614
0.02546
0.02804
0.03099
0.02871
0.03004
0.02365
0.035
0.02613
0.02975
0.02604
0.02556
0.0246
0.03223
0.02718
0.02403
0.02403
0.02337
0.03242
0.02451
0.03405
0.03328
0.02928
0.02813
0.03061
0.03805
0.02642
0.03042
0.04368
0.0351
0.03319
0.03567
0.03386
0.04196
0.03424
0.03023
0.02499
0.03157
0.03538
0.03099
0.03176
0.04377
0.04587
0.1019
0.03519
0.04063
0.0412
0.03195
0.03395
0.03347
0.05035
0.03262
0.04005
0.03614
0.03824
0.03481
0.03128
0.0351
0.02956
0.02556
0.03252
0.03967
0.03986
0.03138
0.03395
0.02995
0.03538
0.03605
0.03891
0.03166
0.03347
0.03119
0.02737
0.03414
0.02842
0.03786
0.03691
0.037
0.04272
0.03366
0.04177
0.03757
0.04148
0.04473
0.0432
0.04902
0.04244
0.03633
0.035
0.03691
0.04692
0.04063
0.03834
0.03624
0.0412
0.02804
0.03901
0.04263
0.04501
0.04292
0.03691
0.03824
0.04416
0.04616
0.05455
0.05302
0.03786
0.03538
0.03309
0.02918
0.03929
0.03538
0.03538
0.04301
0.03338
0.04368
0.04625
0.04253
0.04482
0.04816
0.04463
0.07515
0.08698
0.05207
0.0411
0.08955
0.06733
0.037
0.0474
0.04025
0.04807
0.0452
0.04244
0.0351
0.05503
0.03967
0.0247
0.03366
0.04272
0.04349
0.04721
0.03967
0.05636
0.04673
0.05465
0.04768
0.04091
0.04177
0.03757
0.04063
0.05388
0.04807
0.05035
0.04444
0.05684
0.04396
0.04244
0.04377
0.0536
0.03691
0.04406
0.04683
0.04234
0.04005
0.03595
0.03805
0.0411
0.04673
0.04492
0.05159
0.04282
0.04873
0.03586
0.04005
0.04435
0.04539
0.04568
0.04272
0.0453
0.04282
0.04244
0.05236
0.04053
0.0493
0.05274
0.0514
0.0494
0.04644
0.04787
0.04072
0.05608
0.05646
0.06008
0.04253
0.04139
0.0474
0.03443
0.04263
0.0495
0.03929
0.05026
0.03729
0.04969
0.04921
0.05007
0.04454
0.05198
0.04425
0.04187
0.04349
0.0535
0.04768
0.04435
0.04129
0.04225
0.04654
0.04988
0.04921
0.05655
0.04883
0.05322
0.03967
0.04654
0.04559
0.04654
0.03061
0.05188
0.04883
0.08116
0.06304
0.04435
0.05226
0.04416
0.04263
0.0555
0.04387
0.04759
0.03757
0.05016
0.04244
0.04187
0.0309
0.04883
0.03614
0.04425
0.04234
0.0349
0.04978
0.07973
0.03405
0.04339
0.03881
0.04063
0.0349
0.03586
0.03834
0.03557
0.03614
0.0371
