19.04
18.21
17.43
18.04
18.75
20.78
16.5
16.85
18.07
19.07
16.97
19.31
22.22
20.65
17.29
20.09
19.07
15.09
18.75
18.38
18.16
19.07
21.17
23.54
22.83
17.43
15.28
19.17
18.63
20.61
20.58
21.41
18.55
18.95
20.7
18.63
18.36
17.04
19.14
18.07
19.8
20.14
18.48
18.09
18.97
20.29
18.7
21.7
19.65
16.65
17.31
19.41
20.65
21.92
20.12
21.61
17.87
19.73
17.5
17.33
18.68
18.31
18.16
19.21
16.82
18.6
21.9
21.0
21.56
18.04
15.75
16.6
15.28
17.11
15.36
19.21
18.04
17.07
16.14
18.63
16.41
17.14
20.58
20.87
20.41
18.95
17.75
15.48
16.02
16.97
17.16
18.09
17.02
16.21
16.85
17.68
17.99
19.19
20.02
16.48
16.11
16.24
19.65
18.55
18.21
18.58
18.75
17.07
19.21
20.7
18.58
19.46
16.33
16.16
16.82
16.09
18.21
18.95
18.46
17.38
17.11
17.53
19.43
19.07
15.72
14.38
16.92
17.58
17.33
17.48
16.77
19.12
18.24
18.92
20.07
19.75
17.65
14.53
16.65
18.31
20.75
15.5
16.02
16.04
18.82
18.92
17.99
20.7
19.43
17.9
20.7
19.07
15.62
17.14
19.31
16.99
17.55
20.14
17.31
19.78
19.53
19.58
20.63
19.87
16.82
15.8
19.65
16.8
17.38
20.97
20.29
16.87
19.26
17.63
17.63
17.53
17.09
16.85
16.16
15.94
15.72
16.72
17.85
17.31
18.43
17.02
14.62
15.92
19.7
20.0
17.8
18.6
21.51
18.04
18.51
16.55
19.31
18.65
17.97
17.53
17.02
17.63
19.09
18.31
18.07
18.14
18.26
18.53
18.12
17.8
16.41
18.73
18.58
14.99
17.68
19.41
20.07
20.48
21.0
22.83
13.94
17.16
15.89
16.11
18.07
17.92
18.33
18.07
18.9
16.94
17.53
14.33
17.36
18.75
18.73
16.06
17.46
16.6
14.87
15.65
16.6
17.53
19.17
15.84
16.31
17.99
19.53
17.04
19.75
17.26
18.14
16.43
18.77
16.94
18.63
16.09
18.99
20.36
18.53
19.58
17.14
15.82
16.46
18.48
21.31
20.17
17.63
18.33
15.01
16.16
19.51
20.07
21.02
18.65
16.97
18.73
21.73
18.21
17.65
16.38
18.75
18.75
18.24
18.97
17.02
19.75
18.36
19.6
17.94
17.92
21.07
17.38
18.63
18.82
16.82
17.19
18.82
20.48
19.65
20.48
20.51
19.38
20.0
15.53
16.72
19.43
19.38
19.21
18.58
18.53
18.77
18.43
18.12
19.56
18.12
18.82
19.41
20.61
23.63
21.97
20.31
19.7
17.63
16.41
17.58
17.36
17.04
17.33
19.68
19.17
20.07
19.38
21.56
19.58
19.63
17.36
16.55
18.73
19.14
17.97
18.02
15.84
19.21
18.41
17.94
19.95
19.31
19.12
20.31
21.14
21.36
19.82
17.11
16.8
17.41
16.77
16.94
18.09
18.38
19.02
21.58
20.41
18.6
18.33
14.79
16.6
16.94
18.9
17.53
21.12
19.36
20.17
20.39
20.97
17.68
18.75
18.82
19.82
19.41
20.53
21.39
21.07
17.36
16.89
19.56
21.09
22.66
19.34
17.85
19.09
16.53
18.33
17.55
21.0
18.02
20.87
18.36
19.12
18.82
18.97
19.73
16.43
17.94
18.46
19.24
17.8
18.82
19.36
17.9
17.7
17.65
19.46
18.7
19.04
18.41
20.0
18.73
20.7
18.53
15.33
17.41
20.0
21.22
19.09
20.07
18.12
17.36
18.87
16.87
19.29
20.12
17.82
16.16
20.34
15.19
16.38
19.73
18.8
17.87
18.65
16.43
16.72
15.31
19.78
18.29
15.8
16.99
17.9
19.38
18.82
18.29
16.26
18.07
17.94
17.85
21.34
17.9
18.38
15.97
15.92
17.43
16.94
17.99
19.7
22.02
19.78
17.65
18.77
18.43
20.43
23.39
16.65
17.9
15.58
19.53
16.7
17.68
20.24
16.92
17.48
16.46
18.12
16.7
16.11
16.92
16.09
18.04
17.63
17.26
15.14
18.14
16.33
20.12
18.36
16.14
16.21
16.43
17.82
19.51
21.19
16.77
20.58
20.41
18.36
19.02
21.12
22.14
19.43
18.97
17.31
20.63
20.02
19.68
20.04
20.95
22.09
20.65
18.92
20.48
20.73
18.95
17.94
16.63
18.07
19.14
20.26
21.75
19.82
20.53
19.9
20.83
18.31
19.56
21.46
20.48
18.29
19.51
17.55
19.26
19.65
3.015
38.43
18.26
16.09
19.63
18.73
18.21
20.26
19.36
20.39
22.0
20.34
21.12
20.48
20.73
18.92
22.46
16.41
16.33
16.02
17.5
19.48
19.09
17.07
16.8
16.87
17.26
17.63
19.38
18.04
17.63
17.43
20.68
19.68
18.73
17.9
18.33
18.04
17.09
16.5
17.55
16.75
16.92
18.46
19.21
18.38
16.33
14.84
19.19
20.21
18.85
19.73
22.27
18.21
17.97
17.63
17.6
16.26
16.63
15.09
15.55
17.41
19.48
17.77
18.6
18.43
16.38
18.09
17.04
15.92
17.29
17.46
18.04
19.97
19.73
19.9
20.09
17.58
18.77
18.43
19.36
18.41
23.29
19.97
19.95
17.6
17.43
19.02
18.58
20.43
20.31
22.17
20.41
19.14
16.94
17.8
18.46
19.31
21.17
20.04
19.8
17.53
19.21
19.97
21.8
23.73
19.51
19.04
19.56
18.8
18.26
17.99
21.19
21.44
20.12
19.04
19.04
16.7
18.21
19.97
21.31
22.51
18.55
16.21
17.33
19.09
17.94
19.26
22.63
21.97
19.46
20.39
18.21
17.02
19.14
17.9
18.82
20.61
17.75
19.6
21.34
17.48
16.99
16.36
20.95
19.58
18.99
18.55
18.65
17.97
17.68
18.33
20.75
21.0
19.92
17.7
20.75
18.9
17.72
17.48
20.12
20.14
18.43
17.68
18.85
19.53
18.31
16.16
18.58
17.14
17.97
16.63
18.31
