0.01097
0.02079
0.01173
0.01221
0.01411
0.01469
0.01402
0.0145
0.0124
0.01125
0.01316
0.01106
0.01383
0.01202
0.01698
0.04721
0.01745
0.01116
0.01259
0.0144
0.01574
0.01478
0.01392
0.006771
0.005817
0.008297
0.01059
0.01001
0.01183
0.01116
0.01316
0.01297
0.01602
0.01364
0.01373
0.03824
0.01583
0.01621
0.01545
0.009346
0.008202
0.009346
0.01593
0.01554
0.01173
0.009727
0.00658
0.005436
0.009918
0.01621
0.007248
0.009823
0.01011
0.01287
0.01841
0.01345
0.01593
0.0144
0.01469
0.01421
0.009537
0.01268
0.01364
0.01087
0.01202
0.01287
0.0145
0.01574
0.01936
0.01383
0.0145
0.01316
0.009823
0.01202
0.0123
0.0165
0.01488
0.01659
0.01554
0.01869
0.01059
0.008965
0.01316
0.01469
0.01278
0.01297
0.0102
0.01402
0.01688
0.01621
0.01955
0.01135
0.01411
0.06123
0.01173
0.01745
0.01535
0.01688
0.01993
0.01402
0.01469
0.01812
0.02317
0.01974
0.02356
0.02098
0.01612
0.02079
0.01526
0.02117
0.01745
0.0144
0.02346
0.01154
0.01192
0.0145
0.01678
0.0144
0.01917
0.01078
0.01192
0.01345
0.01411
0.01688
0.0165
0.01612
0.01936
0.01497
0.01736
0.01316
0.01192
0.00906
0.02003
0.01507
0.01392
0.01764
0.01583
0.01431
0.01183
0.01087
0.01402
0.01183
0.05226
0.01726
0.01059
0.01154
0.0123
0.01392
0.01402
0.01678
0.02012
0.06666
0.01459
0.01049
0.008583
0.009727
0.01116
0.01354
0.01059
0.01011
0.01459
0.01154
0.01268
0.01421
0.01011
0.0103
0.01669
0.01125
0.009823
0.01307
0.01993
0.01116
0.0124
0.01049
0.01554
0.01631
0.0206
0.02184
0.01364
0.01545
0.01459
0.01907
0.01602
0.01974
0.01459
0.01841
0.02184
0.01783
0.01898
0.02241
0.01631
0.01717
0.01554
0.01373
0.0145
0.01402
0.0144
0.01974
0.02041
0.02012
0.02213
0.01717
0.01392
0.01621
0.01011
0.01154
0.01202
0.01154
0.009727
0.01259
0.01354
0.01001
0.01001
0.01345
0.02031
0.01812
0.01383
0.02518
0.02756
0.02413
0.1133
0.02985
0.0227
0.02174
0.01879
0.01984
0.02432
0.01469
0.01011
0.01354
0.01116
0.008011
0.009155
0.01001
0.007629
0.006771
0.006962
0.005722
0.008583
0.008488
0.005913
0.01011
0.01049
0.008392
0.01411
0.0144
0.01192
0.01097
0.01469
0.01593
0.01373
0.01125
0.01354
0.02499
0.01783
0.01593
0.02375
0.01993
0.0144
0.01316
0.01097
0.01307
0.01373
0.01116
0.01087
0.01249
0.01106
0.009346
0.01287
0.01469
0.0145
0.01268
0.009727
0.008774
0.008583
0.01316
0.009441
0.005722
0.01144
0.01049
0.01192
0.008774
0.01278
0.02279
0.02108
0.04311
0.01698
0.04797
0.01116
0.01593
0.01554
0.01097
0.01049
0.01383
0.01249
0.02108
0.01764
0.01993
0.0206
0.01841
0.05579
0.01478
0.01631
0.06523
0.04845
0.01621
0.0205
0.03242
0.01545
0.03185
0.02661
0.01669
0.01411
0.01278
0.01183
0.0144
0.01554
0.01678
0.01221
0.01974
0.01688
0.01993
0.01822
0.04091
0.0164
0.01926
0.02184
0.02146
0.01278
0.01469
0.01183
0.01402
0.01469
0.01221
0.01764
0.01144
0.008678
0.01078
0.01554
0.01373
0.01211
0.01373
0.0123
0.01965
0.01526
0.01125
0.01421
0.02556
0.01287
0.01631
0.01192
0.01049
0.01411
0.0103
0.01545
0.01545
0.01793
0.01707
0.01345
0.01507
0.01402
0.0145
0.01135
0.01097
0.01574
0.01297
0.01383
0.01268
0.01936
0.01736
0.01154
0.01135
0.01001
0.01087
0.01574
0.01268
0.01202
0.01736
0.01907
0.01478
0.01822
0.01516
0.02232
0.02642
0.02089
0.0206
0.02823
0.02956
0.01564
0.01554
0.01574
0.02041
0.02289
0.0246
0.02689
0.02613
0.01307
0.01345
0.01879
0.0124
0.009537
0.01469
0.01316
0.0104
0.009155
0.01211
0.01059
0.01383
0.01106
0.01469
0.02289
0.01202
0.02213
0.01383
0.01526
0.01507
0.00906
0.009441
0.007343
0.01135
0.008583
0.0104
0.01202
0.01497
0.01135
0.009346
0.00782
0.01631
0.007439
0.009441
0.007439
0.009441
0.008011
0.006866
0.008583
0.009727
0.009155
0.01135
0.0104
0.01154
0.0102
0.01297
0.01278
0.009823
0.008488
0.01383
0.009727
0.008488
0.008106
0.008678
0.009727
0.01268
0.009727
0.008965
0.004292
0.007439
0.0104
0.008583
0.009346
0.008011
0.01135
0.01335
0.009918
0.01316
0.0144
0.01602
0.01602
0.0124
0.01554
0.02594
0.0246
0.01564
0.01459
0.01154
0.01488
0.01822
0.01688
0.01469
0.01307
0.01316
0.01278
0.0165
0.01879
0.0165
0.0144
0.0144
0.01774
0.01822
0.01402
0.01497
0.01631
0.0164
0.01249
0.0145
0.01612
0.01707
0.02394
0.01459
0.01125
0.01116
0.009823
0.01163
0.01059
0.01068
0.007248
0.01297
0.01326
0.01411
0.0165
0.0164
0.01698
0.01526
0.01764
0.01593
0.01307
0.009441
0.008583
0.008965
0.01078
0.009918
0.009823
0.009537
0.008488
0.01116
0.006771
0.01173
0.004768
0.009346
0.01068
0.01183
0.0104
0.008965
0.01097
0.01249
0.01106
0.009727
0.01211
0.01087
0.008202
0.01287
0.01163
0.01459
0.01268
0.01211
0.009632
0.01192
0.01249
0.01278
0.01831
0.02098
0.01602
0.01345
0.01078
0.00906
0.01345
0.0102
0.0103
0.01249
0.01497
0.01202
0.01316
0.01278
0.0104
0.01192
0.01097
0.01116
0.01698
0.01678
0.02565
0.01383
0.0144
0.01574
0.01316
0.01669
0.01831
0.01364
0.01564
0.01669
0.02613
0.02909
0.0227
0.01965
0.02308
0.03042
0.03281
0.02108
0.02232
0.01535
0.01421
0.02651
0.01593
0.01802
0.01173
0.008774
0.01154
0.01097
0.0104
0.009918
0.009727
0.009823
0.009823
0.009727
0.01078
0.008011
0.01068
0.01144
0.01373
0.02041
0.02031
0.01678
0.01631
0.03567
0.02003
0.01888
0.01421
0.01011
0.01373
0.01278
0.01221
0.0123
0.01059
0.01125
0.01011
0.01144
0.01554
0.0145
0.01364
0.009346
0.01335
0.01364
0.01364
0.01431
0.0144
0.01049
0.009632
0.00906
0.01345
0.01326
0.01411
0.008488
0.009918
0.00906
0.01183
0.009441
0.01364
0.01011
0.01698
0.01278
0.01392
0.01993
0.01554
0.0145
0.009251
0.0103
0.01106
0.01087
0.01593
0.01822
0.01116
0.008202
0.008011
0.01621
0.01822
0.008774
0.01173
0.02546
0.01726
0.01364
0.01698
0.02375
0.01659
0.0164
0.01383
0.01936
0.01345
0.01698
0.01135
0.01678
0.01764
0.02413
0.02308
0.0226
0.0206
0.0164
0.01602
0.0164
0.0145
0.01593
0.01326
0.01287
0.01087
0.01621
0.009918
0.01097
0.01364
0.0206
0.0102
0.0104
0.01307
0.01125
0.01163
0.01144
0.01392
0.01497
0.01659
0.01335
0.008106
0.01335
0.007057
0.008774
0.01001
0.007534
0.01125
0.009441
0.009441
0.00782
0.01259
0.008202
0.007343
0.01097
0.005245
0.007915
0.01163
0.01135
0.01049
0.01249
0.008011
0.008106
0.008869
0.01125
0.01068
0.01268
0.01154
0.01049
0.01116
0.009346
0.01068
0.008583
0.01154
0.01059
0.007439
0.008011
0.007439
0.005913
0.007534
0.01097
0.01116
0.01249
0.008965
0.01335
0.007725
0.01202
0.01526
0.01993
0.01717
0.01345
0.01364
0.01497
0.01221
0.01678
0.01373
0.01669
0.01726
0.01869
0.01898
0.01783
0.01974
0.01898
0.01421
0.01717
0.01888
0.01583
0.01936
0.02022
0.01907
0.02079
0.01793
0.01793
0.01831
0.01345
0.01144
0.01459
0.01087
0.01011
0.008488
0.01144
0.01135
0.01135
0.01001
0.01068
0.009823
0.01106
0.01345
0.02279
0.02975
0.02947
0.03252
0.0268
0.01688
0.04253
0.0248
0.01135
0.009918
0.008869
0.00782
0.007534
0.01068
0.006866
0.01011
0.007343
0.01173
0.005627
0.006962
0.004482
0.005913
0.007248
0.006199
0.01049
0.01087
0.01154
0.01354
0.01307
0.01097
0.01707
0.01202
0.008965
0.01259
0.01183
0.01392
0.01841
0.01173
0.01202
0.01736
0.01259
0.01173
0.01202
