5.829
5.829
5.829
5.829
5.829
5.829
5.829
5.829
5.829
5.829
5.829
5.829
5.829
5.829
5.829
5.829
5.829
5.829
5.829
5.829
5.829
5.829
5.829
5.829
5.829
5.829
5.829
5.829
5.829
5.829
5.829
5.829
5.829
7.385
14.01
16.31
17.14
17.6
17.99
17.36
15.06
13.84
13.57
8.301
14.33
16.28
17.02
17.53
17.92
16.63
14.43
12.07
9.644
12.08
15.94
16.87
17.36
17.82
17.02
14.6
12.32
10.11
10.38
15.5
16.63
17.29
17.65
17.92
14.94
13.38
11.99
8.325
16.46
20.8
17.72
13.62
13.87
16.21
16.94
17.41
17.9
15.8
13.48
12.35
8.643
11.32
20.7
20.83
19.26
11.52
14.45
16.24
17.09
17.5
17.92
15.67
13.87
12.04
9.29
9.436
18.87
20.61
17.46
12.43
15.58
16.5
17.19
17.48
17.85
15.8
14.18
12.92
8.948
14.28
16.28
17.11
17.6
17.94
15.21
13.92
11.38
9.106
8.911
9.094
9.277
9.204
9.729
17.87
20.46
19.09
14.65
9.546
13.62
20.04
19.31
13.06
11.15
15.72
16.72
17.36
17.72
17.63
15.04
13.43
10.71
8.997
9.18
15.28
20.46
18.65
14.16
15.31
16.5
17.19
17.63
17.94
15.87
14.21
13.26
9.143
13.99
16.31
17.11
17.53
17.9
16.97
14.94
13.55
11.34
8.862
8.984
8.887
7.935
8.423
7.019
5.902
5.829
5.829
5.829
5.829
5.829
5.829
5.829
5.829
5.829
5.829
5.829
5.829
5.829
5.829
5.829
5.829
5.829
5.829
5.829
5.829
5.829
5.829
5.829
5.829
5.829
5.829
5.829
5.829
5.829
5.829
5.829
5.829
5.829
5.829
5.829
5.829
5.829
5.829
5.829
5.829
5.829
5.829
5.829
5.829
5.829
5.829
5.829
5.829
5.829
5.829
5.829
5.829
5.829
5.829
5.829
5.829
5.829
5.829
5.829
5.829
5.829
5.829
5.829
5.829
5.829
5.829
5.829
5.829
5.829
5.829
5.829
5.829
5.829
5.829
5.829
5.829
5.829
5.829
5.829
5.829
5.829
5.829
5.829
5.829
5.829
5.829
5.829
5.829
5.829
5.829
5.829
5.829
5.829
5.829
5.829
5.829
5.829
5.829
5.829
5.829
5.829
5.829
5.829
5.829
5.829
5.829
5.829
5.829
5.829
5.829
5.829
5.829
5.829
5.829
5.829
5.829
5.829
5.829
5.829
5.829
5.829
5.829
5.829
5.829
5.829
5.829
5.829
5.829
5.829
5.829
5.829
5.829
5.829
5.829
5.829
5.829
5.829
5.829
5.829
5.829
5.829
5.829
5.829
5.829
5.829
5.829
5.829
5.829
5.829
5.829
5.829
5.829
5.829
5.829
5.829
5.829
5.829
5.829
5.829
5.829
5.829
5.829
5.829
5.829
5.829
5.829
5.829
5.829
5.829
5.829
5.829
5.829
5.829
5.829
5.829
5.829
5.829
5.829
5.829
5.829
5.829
5.829
5.829
5.829
5.829
5.829
5.829
6.128
9.253
8.545
7.886
8.154
8.398
8.154
8.167
8.972
8.63
15.01
20.43
20.85
19.21
14.77
14.14
16.46
17.11
17.65
17.97
18.26
18.58
18.75
18.95
18.95
19.14
19.14
19.34
19.41
19.53
19.53
19.58
19.73
19.73
20.0
20.12
20.12
17.11
17.43
20.56
20.85
20.85
20.85
20.87
20.43
19.14
18.36
17.43
12.7
9.216
15.58
16.94
17.63
17.94
18.38
18.63
18.82
18.97
19.07
19.14
19.19
19.41
19.46
19.56
19.53
19.73
19.73
19.95
20.12
20.12
17.75
17.07
16.99
18.14
20.39
20.85
20.65
20.56
20.43
20.02
19.63
18.53
17.19
16.97
9.241
14.92
16.87
17.68
18.02
18.24
18.53
18.73
18.87
18.97
19.12
19.24
19.31
19.41
19.51
19.53
19.7
19.7
19.82
19.95
20.07
20.24
19.17
16.89
18.85
19.87
19.19
18.7
18.73
18.75
18.14
17.24
17.02
15.01
10.47
16.02
17.07
17.72
17.97
18.33
18.63
18.77
18.87
18.97
19.14
19.26
19.34
19.38
19.53
19.53
19.68
19.75
19.92
20.04
20.17
20.24
17.07
18.77
20.85
20.58
20.12
20.09
19.48
17.9
17.24
17.24
16.6
9.644
14.84
16.72
17.46
17.9
18.24
18.51
18.73
18.9
18.97
19.14
19.14
19.31
19.36
19.53
19.53
19.7
19.73
19.92
20.09
20.12
20.12
19.21
16.53
19.48
20.41
19.36
19.31
19.12
18.14
16.36
16.21
16.09
13.48
12.01
16.06
16.92
17.43
17.72
17.92
18.14
18.46
18.75
18.95
19.09
19.24
19.51
19.53
19.68
19.73
19.9
20.12
20.14
17.8
17.24
20.19
20.36
19.87
19.85
18.77
18.38
16.6
9.985
16.14
15.06
12.57
9.436
16.11
17.36
17.9
18.33
18.75
18.95
19.07
19.19
19.34
19.51
19.63
19.73
19.78
20.0
20.09
19.82
16.36
18.04
20.68
20.65
20.65
20.61
20.51
18.58
16.33
13.92
7.629
12.38
16.75
17.65
18.07
18.46
18.75
18.92
19.02
19.14
19.24
19.34
19.46
19.53
19.53
19.73
19.73
19.9
20.02
20.12
20.12
20.12
19.21
16.7
18.14
20.21
20.87
20.87
20.83
20.09
19.63
18.85
17.5
16.16
14.72
14.48
13.26
9.656
10.61
15.77
16.8
17.43
17.77
17.99
18.38
18.63
18.77
18.97
18.97
19.12
19.17
19.29
19.36
19.51
19.58
19.73
19.73
19.8
19.92
20.09
20.12
20.14
20.12
17.21
17.7
19.19
20.09
20.09
19.95
19.29
18.75
18.75
18.58
18.43
15.14
14.31
14.31
14.26
8.472
12.38
9.314
13.18
12.22
9.68
12.96
12.34
9.485
13.53
11.71
9.448
12.04
9.082
11.21
11.32
17.82
20.31
13.23
11.05
10.28
9.448
10.44
12.7
19.14
19.7
11.43
10.73
9.924
9.985
15.89
20.04
12.39
17.41
20.09
11.27
13.5
16.97
17.82
18.26
18.65
18.92
19.02
19.19
19.34
19.41
19.6
19.73
19.8
20.02
20.09
19.68
16.8
18.55
20.85
20.85
20.85
20.39
18.19
17.63
17.21
10.16
8.618
8.911
9.106
9.143
9.229
9.656
8.997
7.69
11.16
8.936
11.96
11.84
17.92
20.26
19.9
17.16
16.87
12.24
9.082
9.424
9.57
8.826
9.412
8.972
8.643
12.11
18.7
20.21
20.24
18.26
17.46
13.13
8.826
9.229
9.033
8.618
6.03
6.024
6.024
6.024
6.024
7.947
8.411
9.326
13.38
20.56
20.07
17.11
14.45
8.948
8.826
9.033
8.398
8.313
17.41
20.43
18.41
14.26
16.24
20.46
19.95
17.75
13.33
6.067
6.024
6.024
6.024
6.024
6.024
6.024
6.024
6.024
6.024
6.024
6.024
6.024
6.024
6.024
6.024
6.024
6.024
6.024
6.024
6.024
7.947
7.043
6.079
8.899
8.337
