0.2678
0.285
0.1677
0.5226
0.1154
0.1043
0.1801
0.23
0.4822
0.1131
0.09346
0.3254
0.3307
0.1875
0.0001907
9.537e-05
0.0
0.0001907
0.0
0.0001907
0.0
0.0
9.537e-05
0.0
0.2167
0.2216
0.375
0.09756
0.2163
0.0005722
9.537e-05
0.1234
0.3403
0.173
0.4211
0.4082
0.47
2.524
2.536
2.121
2.512
6.982
4.358
3.729
0.5402
0.2872
0.3338
0.3239
0.1526
0.3113
0.09155
1.376
1.572
1.596
1.489
1.776
1.904
3.992
6.506
3.583
0.5295
0.1842
0.3292
0.1003
2.002
2.881
2.466
2.567
5.829
4.242
2.853
0.3117
0.2808
0.2884
0.1822
0.5058
0.3487
0.1862
0.2995
1.151
2.615
2.576
2.231
2.158
6.628
3.876
2.051
0.8728
2.463
2.698
2.621
5.444
5.45
3.024
0.7668
0.2232
0.4639
0.2945
0.4227
0.1822
0.3338
0.3292
0.5608
0.2388
0.3674
0.1715
0.3647
0.09136
1.959
2.484
2.875
2.985
7.495
4.608
0.8789
9.537e-05
0.2235
2.838
3.223
2.875
3.036
5.426
5.615
2.646
0.9338
0.6371
0.4646
0.515
0.7019
0.1526
0.7797
1.115
0.3632
0.3559
0.4059
0.1326
0.8835
2.13
2.441
2.551
2.359
6.97
4.108
1.782
0.5844
0.6706
0.2346
0.1604
0.4135
0.1265
1.158
1.352
0.9949
1.703
1.971
2.213
6.726
4.315
2.194
0.3212
1.724
1.929
1.962
1.627
3.088
6.177
3.619
1.221
0.4608
0.3643
0.4646
0.5127
0.4128
0.4227
0.3086
0.4311
0.3628
0.5829
0.2068
0.1791
0.4013
0.4105
0.0002861
0.0
0.0
0.0
0.0
0.008965
0.4776
0.3807
0.267
0.4089
0.3468
0.4616
0.499
0.1476
0.2621
0.1228
0.1062
0.3651
0.2552
0.1957
0.1207
0.3319
0.28
0.1745
0.0
0.0
0.0
0.0
0.0
0.01211
0.4608
0.8224
0.6607
0.1442
0.288
0.3864
0.264
0.127
0.3712
0.3975
0.1707
0.3132
0.1827
0.2399
0.2094
0.5852
0.156
0.2861
0.173
0.0002861
9.537e-05
9.537e-05
0.0
0.0164
0.3109
0.3983
0.1741
0.3326
0.2457
0.7202
0.5127
0.3277
0.8865
0.2327
0.1326
0.4585
0.3906
0.3937
0.7805
0.6126
0.3685
0.174
0.3342
9.537e-05
0.0005722
9.537e-05
0.0
0.009155
0.2384
0.4486
0.2098
0.2903
0.2785
0.8224
0.1657
0.123
1.01
0.6851
0.02222
0.1677
0.1892
0.209
0.272
0.7378
0.1837
0.4105
0.07696
9.537e-05
0.0
0.0
0.0
0.01431
0.3654
0.3799
0.05512
1.402
0.1837
0.4425
0.4745
0.3628
0.3639
0.3399
0.1823
0.3521
0.2132
0.4196
0.1493
0.4448
0.2171
0.1881
0.0
0.0
0.0
0.0
0.0001907
0.005627
0.2953
0.3727
0.1575
0.3349
0.1736
0.5249
0.3395
0.182
0.4669
0.6424
0.2415
0.2834
0.1734
0.5615
0.2098
0.1289
0.5615
0.1358
0.3468
0.1141
9.537e-05
0.0002861
0.0
0.0
0.2396
0.8163
0.1566
0.3212
0.2182
0.1522
0.6866
0.1526
0.3269
0.2796
0.8148
0.1991
0.1633
0.1059
0.4875
0.5257
0.2949
0.3223
0.2087
0.4166
0.0906
9.537e-05
0.0
0.0
0.3777
0.7828
0.8408
0.0
0.1947
0.1186
0.4166
0.1884
0.2811
0.2052
0.515
0.2426
0.001717
0.0001907
0.1362
0.5791
0.3868
0.1623
0.3555
0.4791
0.1259
0.1087
0.3193
0.1158
1.88
2.377
2.429
2.57
2.771
2.493
2.438
2.274
2.722
2.786
2.31
2.231
2.261
2.548
2.576
2.905
2.765
3.198
5.505
11.16
12.21
13.11
10.83
7.642
7.922
6.104
4.871
2.148
1.617
1.27
2.753
2.515
2.06
2.222
2.637
2.502
2.689
2.573
2.475
2.609
2.274
2.216
2.548
2.652
2.38
2.496
2.444
5.341
8.716
8.325
12.11
10.5
7.874
8.667
6.421
5.017
2.585
1.807
1.54
2.637
2.341
2.557
2.408
2.85
2.38
2.448
2.13
2.353
2.414
2.487
2.258
2.057
1.984
2.28
2.701
2.798
2.454
4.089
7.056
9.534
13.11
9.619
10.18
9.131
6.482
6.036
4.327
1.752
0.9018
2.332
2.609
2.197
2.347
2.512
2.359
2.17
2.145
2.277
1.92
1.95
2.231
2.261
2.344
2.191
2.151
1.834
1.889
2.905
5.219
8.35
10.18
12.4
11.02
8.789
8.728
7.52
4.828
2.042
0.882
1.74
2.267
2.002
2.258
1.95
2.097
1.904
1.791
1.801
1.755
1.764
1.758
1.801
1.804
2.097
2.231
2.075
2.371
2.243
5.334
8.655
9.973
14.7
10.83
11.25
7.959
7.422
5.505
2.972
1.855
0.9491
1.938
1.782
1.715
1.831
1.895
1.843
2.17
2.087
2.472
2.307
2.203
2.191
2.032
1.981
1.965
2.069
2.325
2.432
2.536
7.544
10.45
11.4
11.35
9.29
9.558
8.264
5.09
3.925
1.831
0.47
2.219
2.209
2.295
2.283
2.216
1.926
2.255
2.188
2.136
2.396
2.472
2.435
2.469
2.362
2.347
2.264
2.228
2.197
5.811
9.204
10.55
12.38
10.35
9.619
9.29
6.958
4.944
3.4
1.486
1.091
0.2316
0.3403
0.0004768
1.106
2.133
2.036
1.807
1.981
2.261
2.2
2.304
1.84
2.014
2.026
2.097
2.176
2.533
2.396
2.539
2.771
2.753
9.656
11.34
11.73
10.45
9.216
10.49
6.323
4.858
3.0
1.018
1.465
2.493
2.631
2.646
2.484
2.814
2.756
2.869
2.576
2.957
2.884
2.402
2.31
2.423
2.725
2.661
2.1
5.64
7.849
9.155
10.6
15.01
11.17
8.179
7.52
5.328
2.197
1.37
2.1
2.567
2.213
2.328
2.203
2.032
2.664
2.673
2.405
2.881
2.631
2.548
2.524
2.368
2.634
2.975
2.759
6.628
11.0
9.351
13.43
9.741
10.41
6.677
5.518
3.516
1.877
0.9903
2.136
2.649
2.332
2.762
2.49
2.975
2.637
2.686
2.551
2.734
2.243
2.344
2.225
2.188
2.106
2.542
2.283
3.589
8.948
6.396
8.752
7.349
7.544
6.36
4.907
6.555
6.085
3.375
6.061
4.34
3.455
0.4585
1.636
1.81
2.341
2.283
2.191
2.533
2.371
2.313
2.237
2.359
2.258
2.167
2.036
2.344
2.264
1.935
1.935
2.066
2.127
2.09
2.072
4.779
9.705
8.557
10.1
9.949
9.326
8.862
5.511
5.908
4.413
3.412
0.9689
0.3632
1.1
1.749
1.907
2.032
1.981
2.124
2.078
1.807
1.816
1.682
1.831
1.59
1.495
1.752
1.503
1.466
1.471
2.267
1.917
1.743
1.755
2.075
2.078
1.898
3.381
7.727
7.812
9.912
10.38
9.216
10.18
5.817
7.275
4.199
3.741
2.826
3.149
1.843
0.2815
0.3296
0.227
0.2117
0.1648
0.2739
0.1205
0.5127
0.4616
0.0761
0.666
0.2277
0.1186
0.07477
0.07734
0.2781
0.3502
0.2247
0.0988
0.09956
0.2422
0.2617
0.5226
0.3975
0.4089
0.003433
0.0
0.0
0.0
0.0
0.0004768
0.0006676
0.0
0.0
0.0
0.0
0.0
0.0
0.0
0.0
0.001812
0.0003815
0.0
0.0
0.007248
0.8942
0.7744
0.2754
0.1549
0.111
0.08898
0.2541
0.1581
0.0001907
0.1221
