0.02279
0.02308
0.02136
0.02327
0.02537
0.01888
0.0248
0.02251
0.02317
0.02384
0.04196
0.03042
0.02184
0.03023
0.0247
0.04168
0.02966
0.02146
0.02165
0.0004768
0.02546
0.02422
0.02651
0.02823
0.02441
0.02155
0.02337
0.03014
0.08554
0.01907
0.02193
0.02317
0.02384
0.03424
0.02441
0.0205
0.02346
0.02403
0.01259
0.01984
0.02604
0.02537
0.05808
0.02613
0.05951
0.02403
0.02708
0.0351
0.03729
0.037
0.03023
0.04168
0.03452
0.02441
0.02489
0.02613
0.03281
0.03109
0.03338
0.02251
0.02527
0.02365
0.02308
0.02804
0.02432
0.02184
0.03414
0.02041
0.03738
0.02337
0.02871
0.01869
0.02174
0.02756
0.03166
0.02842
0.02851
0.02766
0.02098
0.02365
0.02289
0.02527
0.02394
0.03119
0.02279
0.02565
0.03481
0.04768
0.02403
0.02623
0.03138
0.02069
0.02413
0.02699
0.02356
0.02737
0.03119
0.0494
0.02518
0.03252
0.02127
0.0005722
0.06104
0.02689
0.02298
0.02747
0.04339
0.02651
0.006676
0.01335
0.03061
0.03309
0.0309
0.033
0.02155
0.01841
0.02766
0.03386
0.02613
0.02604
0.02604
0.01945
0.02604
0.02871
0.02804
0.0206
0.02775
0.02375
0.02203
0.02728
0.0248
0.02537
0.01907
0.03004
0.02661
0.02193
0.02289
0.02766
0.0246
0.02241
0.01326
0.02689
0.002575
0.05713
0.02174
0.02012
0.02775
0.001335
0.02241
0.02184
0.02232
0.02279
0.02661
0.02918
0.03366
0.02956
0.03023
0.02985
0.0452
0.04168
0.04005
0.02146
0.02289
0.0186
0.02871
0.0248
0.02518
0.02642
0.02737
0.08621
0.02499
0.02213
0.03061
0.04358
0.03014
0.07086
0.02737
0.04797
0.04511
0.03681
0.0
0.03176
0.04797
0.03729
0.04387
0.04854
0.03843
0.04396
0.03414
0.0351
0.04692
0.04416
0.03242
0.04158
0.03548
0.04158
0.04673
0.0618
0.0493
0.04444
0.04072
0.04311
0.03223
0.05064
0.04044
0.04702
0.04501
0.01221
0.0432
0.05493
0.05703
0.08783
0.04244
0.0535
0.04473
0.04082
0.04663
0.03939
0.04482
0.05026
0.04025
0.01116
0.05531
0.04692
0.02737
0.04482
0.0495
0.04244
0.04997
0.1867
0.04492
0.04787
0.0453
0.04063
0.04978
0.04177
0.05178
0.04826
0.04196
0.04644
0.04234
0.04711
0.04692
0.05474
0.05083
0.0473
0.05188
0.05188
0.04873
0.05207
0.0474
0.04702
0.04969
0.04816
0.04377
0.04816
0.04416
0.04501
0.04749
0.04721
0.03986
0.05074
0.04511
0.04292
0.04206
0.04616
0.03862
0.04158
0.04425
0.0514
0.05312
0.04187
0.04358
0.04673
0.04692
0.04883
0.05455
0.03996
0.04768
0.04377
0.05369
0.04988
0.05817
0.05083
0.05417
0.1425
0.04873
0.04902
0.04282
0.04492
0.0473
0.0453
0.06456
0.05608
0.07372
0.05188
0.05445
0.0577
0.04444
0.04959
0.04883
0.05436
0.05331
0.05083
0.04959
0.04311
0.03986
0.05178
0.03796
0.04339
0.05274
0.04702
0.0453
0.05093
0.04091
0.04873
0.03939
0.0474
0.04358
0.04902
0.04349
0.05217
0.0432
0.05407
0.04129
0.0514
0.04568
0.07296
0.04377
0.0536
0.04177
0.04673
0.04387
0.04396
0.0494
0.04282
0.04082
0.03948
0.0433
0.04368
0.04511
0.04683
0.03901
0.0392
0.03986
0.04797
0.04425
0.05131
0.06142
0.06018
0.03471
0.03557
0.08726
0.04473
0.03605
0.03033
0.04158
0.03052
0.04034
0.0329
0.04177
0.04501
0.04425
0.03681
0.05598
0.05217
0.03462
0.03958
0.02956
0.03557
0.03204
0.03271
0.03328
0.03309
0.02909
0.02851
0.03195
0.033
0.03767
0.02928
0.03233
0.03538
0.03576
0.0349
0.02909
0.03538
0.03643
0.03481
0.03242
0.03643
0.02518
0.03366
0.0392
0.03176
0.0453
0.03262
0.03071
0.03653
0.02699
0.02489
0.02966
0.02394
0.03119
0.02337
0.02985
0.02289
0.02222
0.02728
0.03109
0.02604
0.02403
0.02527
0.05131
0.02804
0.02298
0.03195
0.03309
0.02823
0.03223
0.02785
0.02813
0.03061
0.03023
0.03366
0.03233
0.037
0.03004
0.02508
0.0308
0.02441
0.03357
0.03748
0.02737
0.03176
0.03548
0.02375
0.02871
0.03004
0.02785
0.03414
0.03176
0.03929
0.03605
0.0412
0.03424
0.03138
0.02728
0.03023
0.03386
0.03042
0.02947
0.03204
0.02632
0.02766
0.02842
0.02699
0.03357
0.03605
0.04578
0.06704
0.02432
0.03119
0.02451
0.02375
0.0329
0.03185
0.02413
0.02899
0.02508
0.02747
0.02718
0.02832
0.02995
0.02174
0.02432
0.02661
0.02613
0.01869
0.02022
0.02623
0.03262
0.0351
0.03157
0.04101
0.03777
0.04101
0.05131
0.04606
0.03939
0.05226
0.03691
0.04148
0.02966
0.04616
0.02937
0.03824
0.03071
0.0371
0.02251
0.03643
0.02546
0.02193
0.02899
0.02756
0.02279
0.033
0.02823
0.02871
0.03786
0.03281
0.0349
0.03271
0.03719
0.0351
0.04015
0.03586
0.04244
0.03872
0.0329
0.04721
0.04454
0.04196
0.04263
0.03643
0.03996
0.04292
0.03967
0.04244
0.03958
0.03891
0.033
0.03681
0.04091
0.04501
0.04492
0.03023
0.05665
0.04549
0.03967
0.04616
0.04215
0.04854
0.05379
0.03462
0.04606
0.04234
0.04396
0.04406
0.04196
0.04883
0.04187
0.04969
0.05112
0.09155
0.04463
0.04549
0.04158
0.04387
0.03977
0.03738
0.03481
0.03777
0.03405
0.03996
0.04101
0.03929
0.04158
0.0411
0.03586
0.03901
0.03681
0.0493
0.03309
0.03757
0.04358
0.03538
0.04082
0.05121
0.03948
0.03767
0.04387
0.03681
0.03967
0.05169
0.03338
0.03624
0.04053
0.04263
0.03643
0.04005
0.04234
0.04301
0.04177
0.04539
0.0473
0.04311
0.03958
0.04597
0.05703
0.0535
0.06466
0.0823
0.04129
0.04435
0.0453
0.04015
0.04282
0.04063
0.04416
0.03233
0.04158
0.04044
0.04301
0.05026
0.05569
0.04501
0.03624
0.04282
0.04435
0.04168
0.04272
0.04559
0.04272
0.04129
0.03891
0.04473
0.03681
0.03319
0.03309
0.04301
0.035
0.0412
0.04969
0.04206
0.04416
0.03109
0.03681
0.037
0.02832
0.03586
0.03452
0.103
0.06056
0.03405
0.04854
0.0309
0.03548
0.02766
0.03347
0.04749
0.03624
0.04406
0.07458
0.02918
0.04807
0.05102
0.03281
0.06208
0.04063
0.03824
0.03128
0.03853
0.02928
0.03595
0.02794
0.02613
0.02937
0.02527
0.03471
0.03195
0.02642
0.04902
0.02699
0.03338
0.03052
0.03452
0.02775
0.02699
0.03452
0.02947
0.03443
0.03033
0.02756
0.02432
0.03119
0.02851
0.02699
0.03166
0.02899
0.02556
0.1211
0.02747
0.02651
0.02823
0.02413
0.02851
0.03204
0.02871
0.02584
0.02594
0.03271
0.03166
0.02871
0.03567
0.02422
0.03271
0.03214
0.033
0.03347
0.02899
0.03433
0.03223
0.02899
0.0288
0.05932
0.03347
0.03624
0.03214
0.02937
0.037
0.03176
0.02737
0.03004
0.03605
0.02823
0.02556
0.02785
0.02871
0.02604
0.02728
0.1524
0.03185
0.02632
0.03071
0.02899
0.03242
0.03443
0.03204
0.02565
0.02804
0.02851
0.0288
0.03977
0.02413
0.03281
0.02785
0.02632
0.02403
0.02975
0.03042
0.02775
0.03033
0.03128
0.02689
0.02527
0.03414
0.03481
0.02413
0.03014
0.02832
0.0351
0.03319
0.03605
0.02241
0.02632
0.01869
0.02861
0.07086
0.1125
0.02136
0.02108
0.02184
0.06704
0.02041
0.02499
0.02699
0.02327
0.02241
0.02842
0.02337
0.01974
0.02546
0.02766
0.02356
0.02728
0.0206
0.02146
0.02518
0.02766
0.02909
0.02995
0.02069
0.02718
0.02203
0.0226
0.0267
0.02565
0.01955
0.02375
0.02356
0.02031
0.0246
0.02031
0.02356
0.03147
0.0246
0.02918
0.03004
0.0
0.0
0.005245
0.009727
0.007439
0.005722
0.008583
0.008392
0.006485
0.006008
0.01125
0.007725
0.006008
0.006962
0.009727
0.008774
0.01173
0.007725
0.009346
0.006485
0.01068
0.02251
0.01345
0.009537
0.01173
0.01316
0.01659
0.01612
0.01755
0.01554
0.01383
0.01383
0.01974
0.01602
0.02203
0.02117
0.02451
0.01869
0.01431
0.00906
0.03252
0.01431
0.01898
0.01659
0.01659
0.01602
0.01411
0.01812
0.01574
0.02518
0.0186
0.0185
0.00906
0.03538
0.02899
0.03386
0.04263
0.04225
0.04101
0.02756
0.03996
0.02613
0.03729
0.03262
0.02804
0.03033
0.033
0.03033
0.01106
0.01745
0.05541
0.02441
0.03691
0.03042
0.03567
0.03185
0.0247
0.03481
0.02451
0.03729
0.02232
0.03414
0.03004
0.03195
0.02384
0.03128
0.04349
0.127
0.03309
0.02804
