4.572
1.77
0.03881
9.537e-05
0.0
0.0
0.0
0.0
0.0
0.0
0.0
0.0
0.0
0.0
0.0
0.0
0.0
9.537e-05
0.0
0.0
0.0
0.0
0.0
0.0
0.0
9.537e-05
0.0
0.0
0.0
0.0
0.0
0.0
0.0
0.1728
0.1095
0.285
0.2663
0.1102
0.0
0.0001907
0.0
9.537e-05
0.0
0.003815
0.1139
0.2209
0.1289
0.4173
0.1904
0.4585
0.2701
0.351
0.1463
0.3571
0.206
0.4463
0.2491
0.3529
0.1802
0.1236
0.08669
0.8865
0.03786
0.05283
0.06113
0.04787
0.3853
0.02432
0.009251
0.002384
1.024
0.5531
0.4311
0.2151
0.2338
0.2476
0.2605
0.2396
0.209
0.2483
0.2281
0.2247
0.2331
0.238
0.2651
0.5005
0.9201
1.36
0.8423
0.3883
0.6004
1.228
1.03
0.3296
0.3632
0.3307
0.317
0.3426
0.4776
0.4982
0.5424
0.7889
0.8011
0.705
0.116
0.008678
0.01793
4.236
5.56
3.809
3.29
4.028
3.247
0.001049
0.1448
0.7271
0.02155
0.04425
0.03519
0.03767
0.2739
0.3059
0.01621
0.01068
0.1219
1.031
0.5463
0.3395
0.2136
0.2762
0.2789
0.2861
0.2575
0.2842
0.2708
0.2728
0.2552
0.2716
0.2441
0.2907
0.4913
1.163
1.178
1.378
1.457
0.8438
0.6149
0.5348
0.5684
0.5264
0.8942
0.8652
0.9491
0.943
0.3895
0.008011
0.00782
3.229
4.81
3.577
3.339
4.364
4.059
0.001621
0.1387
0.7454
0.04158
0.05083
0.05674
0.03662
0.3819
0.351
0.01326
0.01144
0.5005
0.7362
0.6058
0.1623
0.1747
0.2472
0.264
0.2003
0.2106
0.1972
0.2033
0.1785
0.2003
0.1892
0.2285
0.2258
0.2323
0.251
0.2441
0.2617
0.4715
0.8331
1.273
0.9918
0.5585
1.111
1.341
0.4456
0.4227
0.4097
0.4791
0.4265
0.6348
0.6042
0.7584
0.8621
0.5905
0.1076
0.02565
0.6561
4.187
4.913
4.187
3.632
3.522
1.488
0.0453
0.7027
0.1663
0.06475
0.05074
0.0577
0.05121
0.3517
0.05398
0.01802
0.008678
0.779
0.6409
0.3712
0.2014
0.2575
0.251
0.2354
0.1961
0.1814
0.2403
0.2178
0.209
0.2136
0.2239
0.2396
0.2411
0.3162
1.009
1.231
0.8194
0.9232
1.37
0.5646
0.7561
0.4143
0.489
0.5646
0.8301
0.8713
0.8072
0.7698
0.6477
0.1432
0.008869
0.008678
3.937
5.432
3.839
3.235
4.358
2.191
0.05436
0.2033
0.6432
0.02222
0.04721
0.04578
0.03977
0.2701
0.2708
0.01202
0.01183
0.824
0.6187
0.47
0.2346
0.3201
0.3342
0.3452
0.3288
0.2556
0.3036
0.2758
0.2426
0.2506
0.2468
0.2296
0.2811
0.8926
1.175
1.462
1.035
1.599
0.6042
0.6683
0.5463
0.621
0.6363
1.006
0.9064
0.9277
0.972
0.02356
0.0144
0.6966
5.951
4.047
3.448
4.205
3.79
0.0001907
0.03586
0.0001907
0.0
0.0
0.0
0.0
0.0
0.0
0.0
0.0
0.0
0.0
0.0
0.0
0.0
0.0
0.0
0.0
0.0
0.0
0.0
9.537e-05
0.0
0.0
0.0
0.0
0.0
0.0
9.537e-05
0.0
0.0
0.0
0.0
0.0
0.0
0.0
0.0
9.537e-05
0.0
9.537e-05
0.0
0.0
0.0
0.0
0.0
9.537e-05
0.0
0.0
0.0
0.0
0.0
9.537e-05
0.0
0.0
0.0
0.0
0.0
9.537e-05
0.0
9.537e-05
0.0
0.0
0.0
0.0
0.0
0.0
0.0
0.0
0.0
0.0
0.0
0.0
0.0
0.0
0.0
0.0006676
0.0
9.537e-05
0.0
0.0
0.0
0.0
0.0
9.537e-05
0.0
0.0
0.0
0.0
0.0
0.0
0.0
0.0
0.0
0.0
0.0
0.01278
0.1318
0.9323
0.4219
0.4311
0.544
0.4463
0.7248
0.6477
0.441
0.4059
0.3277
0.3719
0.3582
0.3704
0.3815
0.3521
1.263
2.115
2.301
0.6523
0.4715
0.6073
0.666
1.021
1.062
1.154
0.2007
0.0102
2.164
10.02
7.507
1.675
0.01059
0.779
0.3914
0.502
0.499
0.4242
0.5341
0.6508
0.6477
0.4761
0.354
0.3033
0.367
0.3674
0.3311
0.3586
0.3605
0.3563
1.447
1.718
1.956
1.381
0.6554
0.6462
0.6653
0.824
0.9857
0.8652
0.1949
0.009346
5.756
9.9
5.847
0.04053
0.01812
0.6264
0.5257
0.3731
0.4013
0.441
0.3017
0.5249
0.5653
0.5615
0.3403
0.285
0.2838
0.3376
0.2853
0.2636
0.2781
0.2705
0.2754
0.7164
1.413
2.051
1.749
0.5066
0.5035
0.6134
0.6271
0.7133
0.8682
0.6615
0.2068
0.006008
1.974
10.51
7.739
2.277
0.01345
0.1322
0.8347
0.3357
0.4112
0.4936
0.3056
0.5142
0.56
0.5325
0.3891
0.288
0.2804
0.3742
0.3422
0.3029
0.3185
0.3506
0.5547
1.834
1.62
1.883
0.486
0.5325
0.5737
0.5913
0.9262
0.9583
0.8026
0.1583
0.006962
1.749
11.24
8.167
2.805
0.004387
0.01822
0.9033
0.2914
0.4845
0.4463
0.3372
0.457
0.56
0.5569
0.412
0.3624
0.3044
0.3048
0.2907
0.2834
0.2995
0.3086
0.3292
0.8606
1.605
2.145
1.617
0.5241
0.4829
0.5539
0.6279
0.9949
0.9735
0.7965
0.116
0.01411
2.002
10.41
7.703
4.694
0.003052
0.01564
0.6172
0.5699
0.4829
0.547
0.3696
0.4234
0.6248
0.5997
0.4379
0.3544
0.3071
0.3132
0.3548
0.3197
0.2651
0.288
0.2823
0.6142
1.91
1.974
1.779
0.5211
0.5165
0.602
0.6363
0.9064
0.9521
0.6775
0.068
0.007248
5.365
10.75
7.324
0.19
0.003338
0.0001907
9.537e-05
0.0
0.0006676
0.0
9.537e-05
0.0
0.0
0.01602
0.3738
0.8057
0.4349
0.5196
0.3605
0.4555
0.5936
0.5554
0.4364
0.3643
0.3105
0.3262
0.3174
0.3025
0.3174
0.3368
0.3731
1.492
2.078
2.31
0.5333
0.5821
0.7233
0.7607
1.085
1.068
0.9781
0.2964
0.01469
3.204
9.57
7.996
1.697
0.01659
0.7545
0.4494
0.5089
0.4715
0.4021
0.4799
0.6142
0.6073
0.4662
0.2975
0.309
0.2964
0.3231
0.2907
0.3338
0.3189
0.4089
1.285
1.746
2.225
1.469
0.5226
0.5455
0.5577
0.6592
0.9323
0.8545
0.6584
0.1011
0.007915
3.778
10.27
7.886
1.642
0.003242
0.0495
0.9125
0.3792
0.386
0.4723
0.3231
0.5211
0.5142
0.5035
0.3532
0.2769
0.2605
0.3147
0.2697
0.2651
0.3021
0.3021
0.4219
1.5
1.566
2.023
1.199
0.4944
0.5524
0.5402
0.7362
0.885
0.8896
0.7919
0.007343
0.00782
1.427
7.312
6.665
7.104
0.6866
0.004196
0.0002861
0.0
0.0
0.0
0.0
0.0
0.0
0.0001907
0.0
9.537e-05
0.0
0.0
9.537e-05
0.0
0.01678
0.9445
0.4097
0.3788
0.5089
0.3277
0.4761
0.6004
0.5585
0.4288
0.2983
0.293
0.3174
0.33
0.2804
0.3044
0.3132
0.4524
1.694
1.938
1.804
0.8057
0.4662
0.5714
0.5989
0.8194
0.9354
1.086
0.2567
0.006962
0.007915
5.487
9.583
7.654
0.4974
0.00248
0.01497
0.8942
0.3586
0.4791
0.444
0.3899
0.5592
0.5913
0.6042
0.4036
0.2995
0.3262
0.3033
0.3284
0.2884
0.3128
0.3254
0.5394
1.956
1.773
2.023
0.5569
0.5669
0.6523
0.7889
0.9903
1.074
0.914
0.008583
0.00906
5.011
9.351
6.873
0.7439
0.006676
0.0007629
0.0
0.01678
0.5928
0.4982
0.3773
0.4631
0.2594
