9.668
18.46
20.8
18.33
11.49
10.97
19.58
20.8
18.51
15.53
8.838
8.813
13.16
19.95
20.78
17.38
7.007
6.567
6.409
6.409
6.445
8.496
8.618
8.667
8.984
15.77
20.75
19.34
14.99
8.862
9.216
17.68
20.83
19.29
14.28
20.24
20.48
18.48
13.77
16.26
17.07
17.65
18.07
18.36
18.65
17.07
15.26
13.94
10.06
8.899
10.99
19.82
20.83
18.77
17.46
9.692
8.521
9.058
8.582
8.74
8.972
8.691
10.95
15.94
17.11
17.65
17.97
18.38
18.58
16.8
14.38
12.57
9.961
8.582
9.033
8.972
8.948
9.229
9.558
15.58
16.99
17.7
18.07
18.36
18.55
15.48
14.18
12.45
11.39
8.191
14.23
16.53
17.33
17.85
18.21
18.51
17.07
14.62
12.26
10.18
8.826
9.094
9.253
8.923
8.984
9.229
12.18
19.58
20.83
18.92
15.8
13.33
16.58
17.53
18.04
18.43
17.94
15.6
14.65
10.74
9.314
9.9
12.96
19.97
20.48
17.43
9.692
13.67
16.67
17.43
17.92
18.09
18.48
17.65
15.01
13.84
13.18
12.89
8.899
8.679
14.67
16.55
17.29
17.9
18.09
18.51
16.8
14.65
12.48
11.04
9.302
8.997
9.546
9.192
9.485
9.558
8.789
14.23
16.58
17.33
17.87
18.19
18.53
17.8
15.28
14.43
13.04
10.82
9.375
9.497
17.16
20.68
19.78
17.92
13.67
9.534
9.106
9.167
9.253
9.021
9.07
7.336
6.604
6.482
6.409
6.409
6.409
6.409
6.409
6.409
6.506
8.96
8.875
8.545
10.25
8.984
8.997
8.813
8.765
9.094
8.801
14.4
20.83
19.78
13.45
8.936
6.604
6.604
6.421
6.409
6.409
6.409
6.409
6.409
6.531
12.67
20.65
19.68
17.41
11.99
18.26
20.83
19.6
18.04
12.46
8.984
8.911
8.789
9.241
7.227
6.604
6.604
6.604
6.604
6.604
6.604
6.604
6.604
6.604
8.521
8.789
8.801
9.424
8.862
8.789
16.5
20.83
14.36
9.131
9.705
19.38
20.26
11.77
7.422
6.604
6.604
6.604
6.604
6.604
6.604
6.604
6.604
6.604
7.8
8.484
8.972
8.997
7.959
10.8
20.56
16.26
9.314
9.253
14.77
20.8
16.14
9.375
7.764
6.604
6.604
6.604
6.604
6.604
6.604
6.604
6.604
8.557
8.752
8.545
9.033
9.119
9.46
8.936
8.704
8.899
8.875
16.48
20.8
17.8
10.83
19.7
20.07
8.081
6.763
6.604
6.604
6.604
6.604
6.604
6.604
6.604
7.08
8.923
8.521
8.496
9.314
8.728
8.728
8.936
8.459
8.264
8.057
8.606
15.99
20.83
19.6
16.75
6.86
6.604
6.604
6.604
6.604
6.604
6.604
6.604
6.604
10.13
19.75
20.83
19.68
18.41
8.997
6.604
7.837
6.665
6.604
6.604
6.604
7.727
8.191
6.604
6.604
6.604
6.604
6.604
6.604
6.604
6.604
6.958
10.02
9.998
18.26
20.83
16.14
12.11
17.04
17.99
18.46
18.87
19.21
19.46
19.68
19.85
19.92
20.0
20.12
20.12
20.19
20.31
20.31
20.31
20.34
20.68
20.7
20.7
20.7
19.87
17.43
19.53
20.83
20.85
20.85
20.85
20.83
19.92
17.53
15.16
7.849
11.99
17.16
18.16
18.68
19.02
19.34
19.43
19.6
19.73
19.87
19.92
20.09
20.19
20.31
20.39
20.56
20.7
20.7
18.36
17.77
20.39
20.83
20.83
20.85
20.41
19.12
17.82
14.09
10.6
16.92
17.99
18.53
18.97
19.36
19.56
19.78
19.92
20.0
20.12
20.31
20.31
20.48
20.68
20.73
19.24
16.5
18.68
20.85
20.85
20.85
20.7
20.56
19.73
18.21
17.82
17.26
12.84
8.887
15.43
17.21
18.07
18.53
18.92
19.26
19.43
19.65
19.78
20.0
20.12
20.29
20.31
20.51
20.61
20.7
20.7
20.02
17.16
18.43
20.63
20.85
20.68
20.58
20.31
20.34
19.04
17.65
8.899
11.94
16.53
17.63
18.31
18.65
19.02
19.38
19.56
19.73
19.95
20.12
20.21
20.31
20.31
20.41
20.51
20.61
20.7
20.14
18.29
17.85
19.53
20.87
20.87
20.78
20.68
20.63
20.29
19.6
18.68
18.58
18.09
16.82
12.65
8.728
15.16
17.46
18.38
18.75
19.17
19.48
19.6
19.73
19.87
20.09
20.12
20.31
20.31
20.46
20.51
20.68
20.7
20.7
19.21
18.12
20.17
20.87
20.87
20.87
20.9
20.87
20.87
20.87
20.41
19.51
19.17
16.8
13.06
16.67
16.26
14.11
11.96
13.06
16.72
14.62
13.18
12.21
15.8
20.17
18.07
15.6
15.75
16.89
16.85
14.7
14.06
10.67
15.92
17.11
14.65
13.53
13.01
8.936
9.253
13.7
16.85
15.5
12.87
10.64
12.55
16.65
16.48
13.43
12.28
10.18
15.97
16.94
13.53
13.04
12.6
20.07
19.09
10.29
15.11
16.43
13.43
10.27
12.62
16.72
15.01
12.7
11.67
8.923
15.21
17.65
18.48
18.97
19.41
19.7
19.9
20.04
20.12
20.26
20.31
20.46
20.58
20.7
20.7
20.7
19.46
18.36
20.43
20.8
20.61
20.46
19.97
18.68
16.65
8.508
15.33
17.68
18.41
18.77
19.31
19.6
19.78
19.92
20.02
20.21
20.29
20.41
20.51
20.61
20.7
20.73
20.02
18.29
20.09
20.85
20.85
20.41
20.17
19.21
18.43
13.28
12.57
17.26
18.24
18.63
19.17
19.48
19.68
19.82
19.97
20.12
20.17
20.31
20.41
20.51
20.61
20.7
20.7
20.63
17.97
18.7
20.85
20.85
20.85
20.7
20.0
19.02
18.58
18.6
14.18
12.38
9.509
12.49
9.668
13.4
12.48
9.766
13.72
12.55
10.11
11.52
9.924
11.34
10.72
10.41
11.19
12.55
12.34
18.65
20.36
18.65
14.16
12.15
11.52
9.436
9.473
9.644
9.583
9.717
10.11
9.033
9.131
10.66
9.644
12.72
20.7
16.82
9.998
9.802
9.741
9.705
11.56
16.8
17.87
18.51
18.85
19.29
19.48
19.65
19.73
19.9
20.12
20.24
20.31
20.48
20.51
20.65
20.7
20.21
17.5
19.34
20.85
20.61
20.24
20.0
18.77
18.38
18.26
8.923
9.375
9.546
9.558
9.351
15.84
17.82
18.55
19.09
19.41
19.65
19.78
20.04
20.12
20.17
20.29
20.43
20.48
20.61
20.78
20.83
20.14
18.7
20.09
20.85
20.73
20.65
20.68
20.43
19.38
17.53
10.22
9.07
9.094
9.399
8.887
18.02
20.39
12.96
9.46
8.911
9.302
9.375
19.21
20.31
12.79
11.91
20.7
19.36
8.435
6.86
6.604
6.604
6.604
6.604
6.604
6.604
6.604
6.604
6.604
6.604
6.604
6.604
6.604
6.604
6.604
6.604
6.604
6.604
6.604
7.617
10.03
10.3
9.729
17.16
20.75
19.36
11.33
9.741
