13.75
16.58
16.77
20.8
17.9
16.65
21.78
25.39
19.17
19.46
16.28
14.06
13.94
17.16
10.78
14.06
17.33
15.06
16.58
12.26
15.87
11.16
10.83
11.44
12.18
13.11
15.09
16.04
18.99
20.53
26.61
21.04
17.75
18.07
19.85
19.09
15.28
14.99
9.973
10.29
10.72
13.04
12.99
12.37
13.55
12.82
13.13
14.43
14.26
19.36
16.6
17.21
18.6
17.02
22.92
20.0
17.38
17.92
19.85
18.21
19.21
21.73
19.12
20.43
19.75
19.14
19.95
17.07
13.21
10.79
16.28
18.7
18.19
17.92
17.07
25.2
20.48
18.87
18.55
17.21
12.34
16.77
16.53
12.27
10.46
12.12
9.546
13.4
17.43
17.31
14.04
13.79
12.21
12.52
12.07
13.31
12.96
15.65
16.11
16.21
16.06
19.9
20.34
21.29
21.92
18.09
16.46
16.6
19.09
20.41
17.87
16.28
17.09
15.84
15.55
17.63
12.77
12.7
13.79
13.48
12.33
17.26
14.14
17.97
24.83
25.29
21.83
18.82
17.77
14.53
13.31
10.91
9.668
12.15
10.61
11.78
12.62
9.912
9.143
9.399
8.215
10.18
11.36
11.57
10.96
15.58
18.26
17.97
17.29
19.75
17.53
17.75
17.46
17.58
16.41
15.99
17.11
19.51
17.41
18.36
16.55
18.58
16.26
15.99
10.03
11.12
11.51
12.35
11.67
14.33
12.0
12.1
13.7
13.89
16.6
15.97
17.29
15.84
15.99
16.46
15.65
18.29
19.65
21.56
19.34
24.24
20.31
19.09
16.87
17.5
18.92
16.06
13.79
14.65
14.65
15.01
21.9
24.98
22.78
26.95
22.95
25.29
23.88
18.77
14.23
14.6
13.5
13.01
17.75
14.97
15.21
14.4
15.53
15.01
18.02
16.99
17.19
16.09
19.41
16.82
16.92
12.96
11.15
11.88
12.96
15.97
16.04
10.86
10.69
13.65
9.924
9.363
11.46
9.399
9.802
9.607
11.25
11.99
13.57
14.58
15.06
17.21
17.99
18.73
21.31
21.88
19.34
18.77
17.87
20.07
21.63
17.8
18.48
18.21
16.6
17.94
15.67
15.26
14.09
13.62
13.72
14.5
14.33
18.9
18.99
22.92
21.0
20.83
23.1
22.53
24.12
22.39
21.53
20.83
19.78
16.24
17.92
16.8
17.36
16.43
19.26
19.95
15.43
18.07
20.43
15.99
16.75
17.85
17.97
18.19
20.02
16.8
17.29
17.43
18.16
19.48
21.48
22.58
19.9
19.46
17.14
20.12
15.04
16.43
17.09
16.5
15.28
16.6
18.97
16.6
9.18
10.91
11.65
17.29
16.16
17.24
17.48
20.14
20.56
26.27
29.39
25.68
20.24
22.95
15.99
20.73
18.85
19.09
21.0
21.07
20.8
20.21
19.85
17.29
17.77
15.16
15.89
13.96
18.36
19.7
20.92
19.36
19.9
21.97
23.14
22.73
21.63
15.43
16.94
17.38
19.8
15.92
16.77
19.29
19.78
22.12
21.75
17.19
18.36
17.9
14.99
12.6
15.82
14.77
17.65
17.55
17.87
15.48
19.12
17.87
17.55
17.33
19.41
15.26
11.88
14.36
19.24
14.6
14.48
16.53
15.21
16.97
15.06
17.87
11.61
20.14
22.46
20.0
14.94
16.94
18.41
21.61
18.48
22.58
24.0
21.88
13.96
12.79
14.28
11.39
11.69
13.31
12.48
11.54
10.53
12.33
9.705
10.35
11.04
15.77
21.61
21.48
16.53
19.17
18.58
16.89
17.24
18.21
16.58
18.55
15.89
18.24
18.29
18.38
17.82
17.55
18.48
17.77
17.94
17.55
12.96
10.93
9.924
10.63
14.99
14.99
17.24
19.09
18.36
16.06
15.11
15.04
15.75
16.92
16.04
15.89
16.7
15.62
14.87
15.58
14.99
14.58
13.45
13.31
6.128
8.203
8.875
11.25
14.14
16.94
17.72
16.46
18.12
14.67
18.33
16.99
16.65
15.14
16.97
18.19
18.85
18.53
15.92
15.58
15.62
17.58
14.43
17.31
14.99
13.04
12.27
13.18
15.45
16.72
14.16
16.58
16.6
15.97
12.65
15.99
15.41
14.87
17.02
22.44
18.53
20.85
14.84
11.13
10.72
9.656
10.94
11.21
10.5
10.78
8.215
10.91
12.16
15.48
17.04
15.6
16.16
18.02
20.97
19.02
15.87
16.53
14.16
13.38
14.89
12.05
12.06
10.46
13.21
12.67
10.84
11.3
10.97
10.89
11.36
16.38
24.58
18.73
15.58
18.33
15.5
16.28
18.51
20.78
21.26
18.41
18.68
19.82
20.34
20.61
21.41
21.02
19.58
21.02
21.51
20.34
17.46
15.7
16.46
16.75
18.38
15.77
17.38
20.34
20.95
21.88
21.07
21.88
20.95
17.65
19.51
18.95
18.48
20.41
18.21
16.33
18.14
19.95
19.21
15.41
13.09
16.43
14.36
16.33
16.67
18.31
18.48
17.41
20.48
25.73
24.58
22.36
21.7
19.8
14.62
14.79
19.63
13.16
9.167
9.082
10.33
11.82
10.79
11.21
8.911
9.229
9.766
11.9
12.15
19.78
12.62
12.49
15.72
19.29
24.54
28.37
21.61
24.27
17.75
21.12
16.33
15.31
18.07
13.31
13.99
15.26
15.04
14.55
15.6
14.4
16.28
17.72
17.36
19.43
20.9
22.44
20.87
19.82
19.34
20.87
14.53
16.46
19.63
19.58
16.55
16.04
13.92
17.14
17.41
15.41
14.97
13.53
17.75
24.19
20.48
19.63
18.09
19.09
13.79
14.87
18.36
15.89
15.14
13.48
12.52
7.886
9.216
16.24
14.01
10.39
8.484
15.21
14.72
13.43
14.43
16.5
13.99
16.16
13.84
18.75
16.31
14.26
13.23
16.48
18.8
19.63
22.9
24.19
27.1
26.32
19.92
15.6
16.5
16.04
17.43
13.89
12.94
15.19
12.04
13.79
13.7
13.92
12.96
17.82
17.92
21.78
22.85
21.7
25.49
25.98
25.63
27.93
22.19
19.51
19.97
19.46
19.09
19.43
17.68
14.4
14.7
13.55
15.41
16.28
15.94
12.92
11.49
14.23
15.09
18.36
18.51
18.9
16.53
18.77
17.29
20.85
15.7
15.67
15.84
17.65
15.6
14.67
14.92
16.36
14.45
15.77
14.33
13.65
12.82
5.658
7.495
11.29
13.35
18.77
18.21
19.75
16.16
18.7
19.24
18.51
14.87
17.63
19.34
19.92
20.09
23.71
24.46
24.63
20.36
17.5
16.55
15.33
17.63
18.65
15.14
16.72
17.24
16.77
17.31
17.09
20.21
18.75
21.31
18.46
16.43
14.89
10.07
15.89
13.33
13.65
12.72
13.09
13.57
14.18
14.38
13.96
13.5
14.62
17.5
19.8
24.71
24.76
21.61
18.58
17.33
25.44
17.53
15.16
10.23
8.472
8.411
11.34
11.15
9.18
9.619
9.766
10.93
9.29
9.802
9.631
11.91
12.72
14.99
18.51
16.65
19.31
18.8
22.22
22.44
21.56
22.9
20.68
18.92
17.24
19.63
20.92
20.41
19.53
14.21
12.33
11.93
21.44
