0.0494
0.01554
0.01431
0.01669
0.05903
0.06084
0.01478
0.01545
0.01621
0.06351
0.05178
0.02022
0.01421
0.01421
0.05913
0.07505
0.01488
0.01926
0.01621
0.0638
0.09766
0.08526
0.08936
0.08926
0.07286
0.04282
0.01392
0.01907
0.01411
0.0803
0.04911
0.01688
0.01564
0.0206
0.0845
0.07191
0.01631
0.01745
0.0145
0.0886
0.06924
0.05054
0.01297
0.01926
0.08802
0.05102
0.01478
0.01383
0.02356
0.08211
0.05236
0.01373
0.01278
0.03576
0.07696
0.07839
0.01602
0.01659
0.04292
0.08345
0.01554
0.01936
0.01421
0.0391
0.08059
0.04797
0.01678
0.01593
0.04225
0.08411
0.07095
0.01907
0.01488
0.0453
0.08173
0.04349
0.02108
0.01822
0.04883
0.08383
0.08011
0.01755
0.01469
0.05026
0.07362
0.07
0.0164
0.01593
0.05522
0.07286
0.02089
0.01535
0.01268
0.05569
0.0699
0.04139
0.01364
0.01535
0.06227
0.07763
0.0392
0.01287
0.01078
0.06609
0.07248
0.01936
0.01526
0.01192
0.0679
0.05035
0.01125
0.0145
0.01965
0.07429
0.06685
0.02794
0.01354
0.02909
0.0741
0.04711
0.01163
0.01345
0.03643
0.07238
0.01383
0.01593
0.01497
0.05589
0.06742
0.01259
0.01316
0.01402
0.05312
0.0309
0.0144
0.01268
0.01907
0.07277
0.02642
0.01593
0.01297
0.03004
0.0577
0.01736
0.01564
0.01516
0.04358
0.04635
0.01469
0.01488
0.0144
0.06018
0.02317
0.01516
0.01478
0.02232
0.06914
0.01478
0.01326
0.01888
0.03738
0.07458
0.01497
0.01326
0.01431
0.05751
0.04053
0.01392
0.01411
0.01764
0.07229
0.01431
0.01373
0.01373
0.04559
0.05636
0.01392
0.01745
0.01717
0.0824
0.02775
0.01812
0.01688
0.04559
0.05045
0.01888
0.01535
0.0206
0.07505
0.02508
0.01554
0.01726
0.04406
0.04759
0.01307
0.02298
0.01402
0.08259
0.04206
0.01497
0.01774
0.05283
0.06151
0.01545
0.01516
0.01049
0.0761
0.02108
0.004959
0.01736
0.04492
0.05665
0.01602
0.01669
0.01726
0.07668
0.02785
0.01621
0.01345
0.03901
0.07172
0.01755
0.01669
0.01898
0.07343
0.03948
0.01221
0.01631
0.03233
0.07544
0.01574
0.01669
0.01402
0.06533
0.03834
0.01745
0.01774
0.03262
0.0742
0.01917
0.01564
0.01822
0.05894
0.04025
0.01316
0.01478
0.02546
0.07448
0.01554
0.01831
0.01192
0.05188
0.04768
0.01659
0.01984
0.02155
0.07963
0.02327
0.0144
0.01411
0.04339
0.05379
0.01631
0.01593
0.0164
0.08183
0.02899
0.02022
0.01812
0.04463
0.08764
0.02451
0.01907
0.01497
0.06866
0.04873
0.01326
0.01631
0.02623
0.06924
0.0144
0.01526
0.01345
0.04463
0.0679
0.01593
0.01669
0.01383
0.05312
0.03719
0.01698
0.01678
0.01335
0.07057
0.01698
0.02031
0.01392
0.02651
0.07782
0.03452
0.0145
0.01783
0.03548
0.05531
0.01545
0.01593
0.01421
0.03881
0.04759
0.01574
0.01411
0.01535
0.0432
0.02375
0.01774
0.02346
0.01707
0.05636
0.02441
0.01822
0.01574
0.02041
0.07696
0.01888
0.0123
0.02394
0.04702
0.07792
0.03767
0.03681
0.037
0.04911
0.04435
0.01783
0.01392
0.01841
0.04902
0.01755
0.01726
0.01583
0.01774
0.05302
0.01335
0.01812
0.01564
0.0268
0.04311
0.01621
0.01459
0.01583
0.01383
0.0577
0.01526
0.01707
0.01488
0.01535
0.06495
0.01755
0.01163
0.01774
0.01421
0.05627
0.02661
0.01593
0.01612
0.01698
0.0495
0.02918
0.0145
0.01564
0.01373
0.04921
0.02785
0.01307
0.01125
0.01793
0.04892
0.03529
0.01602
0.01583
0.0205
0.04911
0.02403
0.01383
0.01497
0.01793
0.04921
0.0267
0.01478
0.01268
0.01707
0.05999
0.01945
0.01373
0.01364
0.01869
0.05522
0.01783
0.01326
0.01745
0.02737
0.06037
0.01574
0.01583
0.01507
0.035
0.04416
0.01574
0.01192
0.01469
0.04139
0.04416
0.01335
0.01297
0.01488
0.0515
0.02489
0.01383
0.01698
0.01335
0.06342
0.01507
0.01516
0.01535
0.0186
0.06742
0.01345
0.01678
0.01459
0.02613
0.05083
0.01211
0.01564
0.01745
0.03567
0.05617
0.01278
0.01631
0.01841
0.05102
0.05035
0.01402
0.01469
0.01945
0.06514
0.02298
0.01945
0.01822
0.01841
0.02394
0.01602
0.01802
0.01535
0.04272
0.05922
0.0164
0.01526
0.01173
0.05331
0.0351
0.01726
0.01459
0.01612
0.07486
0.01287
0.01841
0.01669
0.04034
0.05312
0.0185
0.01392
0.008011
0.07086
0.02928
0.01574
0.01526
0.03052
0.06218
0.01879
0.01698
0.01383
0.0639
0.03061
0.01392
0.01478
0.03281
0.07191
0.01316
0.01497
0.01755
0.05941
0.05598
0.01488
0.0185
0.02327
0.0802
0.01698
0.01402
0.01707
0.05751
0.06886
0.0185
0.01469
0.01602
0.0782
0.01879
0.01783
0.01736
0.0433
0.05608
0.0144
0.01183
0.009823
0.04549
0.01936
0.01564
0.01211
0.03328
0.05722
0.007629
0.008583
0.01287
0.06342
0.07877
0.07019
0.0144
0.02842
0.02232
0.01144
0.01669
0.01221
0.05751
0.03614
0.01392
0.01535
0.01888
0.07162
0.01421
0.01249
0.01736
0.04387
0.08307
0.07372
0.01955
0.01841
0.08173
0.03138
0.0164
0.01488
0.03519
0.07591
0.0145
0.01221
0.01822
0.05941
0.06704
0.01583
0.01535
0.01612
0.08993
0.03815
0.0165
0.01707
0.03948
0.0844
0.01621
0.0145
0.01507
0.06781
0.05522
0.01364
0.01831
0.006294
0.08659
0.04692
0.01831
0.01612
0.0246
0.08116
0.02289
0.01583
0.01345
0.03128
0.06342
0.01297
0.01335
0.01373
0.03653
0.05703
0.0267
0.01116
0.01469
0.03681
0.0411
0.01574
0.01612
0.01612
0.0432
0.04206
0.01383
0.01364
0.01678
0.05627
0.05569
0.01421
0.01936
0.01554
0.0783
0.07372
0.0165
0.01726
0.01841
0.07181
0.02403
0.01688
0.01678
0.01936
0.08898
0.02337
0.02193
0.01736
0.02165
0.06723
0.01841
0.01507
0.0186
0.03233
0.07229
0.01841
0.01631
0.01526
0.04206
0.05112
0.0165
0.01221
0.01774
0.04272
0.04616
0.01717
0.01917
0.01907
0.03757
0.03328
0.01621
0.01936
0.01726
0.05436
0.04139
0.02127
0.02079
0.0185
0.05846
0.03691
0.01974
0.01755
0.01869
0.06037
0.03929
0.01402
0.01535
0.01411
0.05751
0.04072
0.02241
0.01497
0.01993
0.05913
0.04282
0.01392
0.01745
0.01392
0.06952
0.04578
0.01602
0.01478
0.01812
0.06723
0.02785
0.01574
0.01974
0.01631
0.09317
0.06123
0.01574
0.01326
0.02995
0.08631
0.02451
0.01593
0.01564
0.03633
0.07362
0.0144
0.01583
0.01202
0.05817
0.06466
0.01678
0.01488
0.01755
0.07296
0.08583
0.01516
0.01612
0.01411
0.08163
0.03757
0.01554
0.01259
0.03576
0.08831
0.06647
0.01554
0.01478
0.05198
0.09413
0.09508
0.01736
0.01593
0.09375
0.1013
0.01688
0.01526
0.0145
0.0865
0.04816
0.01564
0.01898
0.03748
0.0844
0.01507
0.01688
0.01621
0.06208
0.0927
0.06561
0.01764
0.01974
0.0906
0.09336
0.06723
0.01955
0.03643
0.0885
0.02699
0.02069
0.01431
0.07124
0.0927
0.03891
0.01516
0.01822
0.1009
0.0453
0.01841
0.01984
0.06008
0.1198
0.03881
0.01707
0.01268
0.1139
0.08574
0.02022
0.01755
0.0598
0.1249
0.04168
0.01965
0.0206
0.1024
0.06065
0.02136
0.01831
0.06084
0.1055
0.01764
0.0185
0.0144
0.1083
0.09212
0.01945
0.01774
0.06065
0.1129
0.03195
0.01659
0.0185
0.09785
0.05922
0.01421
0.02184
0.05064
0.12
0.05436
0.02193
0.01802
0.05655
0.03166
0.01945
0.01888
0.01574
0.02451
0.01984
0.01755
0.01755
0.07486
0.1165
0.04015
0.01879
0.02327
0.08783
0.01545
0.01717
0.01783
0.05665
0.05655
0.01497
0.01345
0.01993
0.05951
0.02213
0.01535
0.01965
0.03653
0.07601
0.01297
0.01688
0.01783
0.07257
0.04663
0.02136
0.01659
0.02556
0.08993
0.01907
