11.78
29.35
26.61
19.53
28.76
8.228
26.27
25.83
27.0
27.1
7.397
15.77
28.08
29.15
29.3
30.96
13.75
25.1
21.22
19.82
8.264
8.276
9.216
9.802
8.301
8.948
9.741
8.789
8.362
8.899
19.9
22.41
26.03
21.26
5.493
7.654
22.97
21.39
19.02
27.49
5.573
0.02213
0.02251
0.02117
0.02413
0.02308
0.02308
0.02146
0.02279
0.02079
0.02146
0.02375
0.02279
0.02279
0.02213
0.0205
0.02184
0.02117
0.02251
0.0205
0.02117
0.0205
0.02375
0.02079
0.02184
0.02079
0.02213
0.0205
0.02279
0.02375
0.02604
0.02604
0.02632
0.02213
0.02308
0.02146
0.02308
0.02213
0.02413
0.02308
0.02308
0.02146
0.02213
0.02213
0.02279
0.02117
0.02251
0.02146
0.02279
0.02308
0.02346
0.02213
0.02346
0.02279
0.02375
0.02279
0.02346
0.02308
0.02375
0.02279
0.02375
0.02251
0.02375
0.02279
0.02375
0.02251
0.02375
0.02308
0.02441
0.02346
0.02508
0.02441
0.02537
0.02413
0.02537
0.02441
0.02537
0.02346
0.0247
0.02375
0.0247
0.02375
0.02441
0.02346
0.02441
0.02346
0.02413
0.0247
0.02632
0.02537
0.02632
0.02441
0.02346
0.02279
0.02413
0.02375
0.02537
0.02441
0.02413
0.02279
0.0247
0.02375
0.02508
0.02346
0.02441
0.02346
0.02375
0.02308
0.02251
0.02251
0.02308
0.02279
0.02413
0.02413
0.02508
0.0247
0.0247
0.02251
0.02346
0.02146
0.02441
0.02346
0.0247
0.02308
0.02346
0.02279
0.02375
0.02413
0.02508
0.02251
0.02308
0.02279
0.02441
0.02308
0.02441
0.02308
1.541
9.167
16.58
15.5
10.96
7.568
5.67
29.39
16.65
24.39
15.92
22.46
20.02
9.387
31.01
24.76
6.934
22.78
26.95
29.64
12.23
15.41
19.51
17.02
27.54
20.95
4.688
12.39
10.52
17.21
25.59
24.76
23.1
14.7
31.3
29.88
20.65
5.103
19.85
13.11
11.76
13.45
17.77
10.07
28.56
20.19
3.394
6.323
24.41
11.58
6.982
29.54
18.38
4.199
13.13
17.5
11.07
23.27
21.51
25.73
17.16
4.681
21.31
11.36
19.82
16.82
3.534
8.228
7.629
7.422
6.506
10.25
14.99
10.94
15.01
25.78
9.448
20.8
13.94
17.33
22.12
19.09
16.16
2.325
22.31
24.02
7.324
3.839
10.11
8.252
16.31
22.39
18.14
13.06
10.84
6.921
14.7
23.78
4.364
21.53
12.82
21.17
17.16
4.01
0.2007
13.31
28.03
14.31
2.39
25.2
19.65
26.12
9.705
26.76
31.2
26.42
24.95
18.38
6.75
16.21
21.39
14.53
7.849
8.911
8.643
7.959
8.85
7.849
7.886
7.715
8.813
8.313
7.776
12.89
23.32
19.8
22.71
14.26
4.529
11.25
23.58
21.73
11.49
0.6584
18.14
20.0
8.154
10.24
8.569
9.851
9.644
8.716
9.424
9.998
8.459
22.07
21.58
23.8
15.87
3.522
32.52
26.76
26.17
13.04
13.84
21.17
9.46
13.06
10.73
13.35
19.21
26.42
23.9
29.64
35.55
28.47
14.14
6.885
31.05
30.08
25.73
7.434
22.53
12.21
17.31
18.43
25.68
12.38
26.51
24.07
32.03
32.76
27.49
16.09
17.19
29.88
29.1
22.75
3.674
37.99
30.76
25.88
5.188
16.16
24.17
30.91
6.421
11.89
23.93
14.82
20.48
3.192
1.672
17.8
19.31
8.252
8.679
8.826
9.302
9.9
8.301
8.374
9.277
8.545
8.24
11.3
25.73
22.85
26.03
9.204
2.197
26.32
20.9
27.44
16.87
11.34
9.363
13.45
15.89
31.93
31.49
24.71
12.67
19.92
36.18
25.49
17.99
9.033
32.03
36.33
15.23
21.07
25.15
26.32
5.145
20.04
13.43
16.26
20.87
22.0
13.77
30.66
23.8
5.737
12.82
18.75
18.51
25.0
28.03
20.97
20.24
15.99
21.85
25.98
21.04
23.36
24.98
22.44
28.71
34.28
29.49
23.12
5.67
6.396
8.264
9.753
8.459
9.241
8.63
8.997
9.119
8.862
9.216
8.142
29.1
22.22
25.15
10.97
2.908
14.23
16.87
21.22
22.97
27.73
19.9
20.9
19.85
8.643
29.2
16.19
12.65
23.0
27.44
8.984
27.15
15.16
8.728
0.0
4.62
4.846
13.7
19.21
20.0
27.34
16.28
20.8
18.21
12.77
29.98
14.11
14.21
21.58
20.04
22.46
16.53
22.58
10.08
23.61
10.88
6.653
7.715
14.04
23.8
19.14
24.22
23.8
11.28
26.76
18.31
26.56
26.22
23.05
25.05
11.41
9.57
20.12
26.66
19.92
10.36
17.43
20.97
24.34
22.51
23.61
24.41
9.595
33.89
30.42
25.0
9.155
16.55
16.21
17.24
28.76
33.25
27.44
25.39
5.017
19.24
25.24
25.68
18.24
29.39
24.15
9.155
35.55
30.96
23.83
8.264
13.84
25.78
21.19
20.61
25.29
7.91
27.64
4.443
12.37
26.46
28.81
24.9
25.73
13.09
17.26
26.42
35.64
15.31
21.41
12.99
23.8
21.04
25.54
9.338
26.37
20.24
23.41
25.2
16.82
9.68
0.0
16.72
32.96
34.86
16.21
17.24
18.36
14.55
18.07
10.51
34.86
30.91
23.9
9.302
26.22
27.64
28.27
16.43
11.23
26.12
26.07
21.61
25.1
26.86
24.56
13.43
26.76
29.2
27.73
15.45
4.23
31.79
24.02
26.03
15.97
8.447
17.72
17.43
22.19
9.692
30.86
22.63
6.244
21.97
34.28
29.59
9.692
22.27
13.67
21.73
13.87
25.24
30.27
37.11
20.04
29.39
32.71
28.56
10.35
15.43
28.22
22.8
18.04
22.63
29.39
11.76
13.43
18.87
21.48
23.07
24.02
18.85
23.0
26.66
13.23
34.03
30.66
23.0
7.043
22.24
12.55
25.78
17.24
13.31
11.49
8.203
19.41
8.496
8.618
8.533
8.691
12.99
18.51
9.937
8.728
30.76
31.84
23.0
12.7
24.41
18.55
30.18
18.65
15.36
27.44
22.97
25.15
12.01
5.353
12.99
8.997
9.9
3.979
18.51
19.95
17.97
27.93
20.26
18.68
0.0226
18.97
24.46
23.17
23.39
22.31
6.873
22.29
18.92
26.56
23.85
5.951
7.471
27.29
22.02
23.29
18.43
12.29
28.08
8.801
22.73
11.66
21.88
20.65
10.97
5.206
0.0
24.02
26.71
23.36
8.154
20.46
13.38
0.1301
0.02193
0.02193
0.02146
0.02184
0.02222
28.08
32.23
25.0
20.26
13.28
24.41
28.27
28.66
10.05
12.46
7.019
0.0
16.75
11.52
24.85
30.91
27.73
27.25
24.58
6.506
13.67
23.32
26.61
27.98
30.62
28.66
18.33
1.758
25.68
26.61
30.62
30.76
21.14
5.408
27.64
19.73
20.19
26.9
22.0
20.48
29.93
21.7
29.25
23.71
3.723
19.7
22.88
26.76
8.972
8.313
8.667
9.778
8.337
9.656
8.301
9.509
8.557
8.337
8.582
22.29
21.04
23.97
20.85
4.822
21.0
13.33
26.9
26.22
29.69
19.68
2.216
21.63
32.86
32.71
29.15
24.41
5.164
21.51
27.39
31.59
21.44
3.345
20.26
