0.01898
0.01488
0.01507
0.01116
0.01497
0.008583
0.05541
0.01421
0.01707
0.01278
0.01221
0.009727
0.01059
0.01116
0.008965
0.01402
0.01106
0.01507
0.008869
0.01135
0.01116
0.01879
0.01268
0.008678
0.008583
0.01278
0.01307
0.01049
0.01535
0.01297
0.01917
0.01659
0.01841
0.01755
0.01354
0.04196
0.01736
0.02012
0.0165
0.01068
0.01106
0.01259
0.01574
0.01354
0.01535
0.01612
0.01097
0.01211
0.0124
0.01307
0.009823
0.01221
0.0103
0.01631
0.01192
0.01612
0.01583
0.01593
0.01507
0.01421
0.01211
0.01793
0.01163
0.01249
0.01373
0.01287
0.0165
0.01764
0.01173
0.01144
0.01602
0.01497
0.01316
0.01831
0.01469
0.01631
0.01831
0.01459
0.01669
0.02069
0.01192
0.01459
0.01564
0.01316
0.01001
0.01106
0.007725
0.01106
0.01526
0.01507
0.01554
0.01249
0.01001
0.01297
0.01259
0.01707
0.01259
0.01593
0.01736
0.01621
0.05131
0.02308
0.02327
0.01965
0.01888
0.01173
0.01469
0.01535
0.01364
0.01717
0.01392
0.01431
0.01345
0.01554
0.01316
0.01554
0.0164
0.02432
0.02298
0.01879
0.01183
0.01593
0.0103
0.01278
0.02365
0.05474
0.01373
0.01335
0.02241
0.01154
0.01478
0.008202
0.0123
0.01268
0.01087
0.01068
0.01078
0.008202
0.01173
0.009346
0.009918
0.009346
0.008297
0.01202
0.00782
0.009346
0.009537
0.01249
0.01755
0.01831
0.01783
0.01059
0.01192
0.009537
0.0124
0.008774
0.01183
0.01535
0.01535
0.009918
0.01106
0.01125
0.01211
0.01249
0.009632
0.007057
0.01154
0.005913
0.007343
0.01192
0.01335
0.01259
0.01335
0.01583
0.01698
0.03176
0.04053
0.01411
0.01297
0.01116
0.01402
0.01373
0.01354
0.01431
0.01707
0.01593
0.02241
0.01774
0.02251
0.02251
0.01841
0.0165
0.01287
0.01392
0.01354
0.01593
0.01297
0.01917
0.01488
0.01764
0.01678
0.01554
0.0124
0.01068
0.01211
0.01822
0.01459
0.009823
0.0103
0.04387
0.01469
0.008678
0.008011
0.01087
0.01879
0.01564
0.01488
0.02689
0.02909
0.0226
0.02613
0.02146
0.01831
0.0103
0.01163
0.01431
0.01163
0.0104
0.009537
0.01135
0.008011
0.009155
0.007915
0.007057
0.007534
0.00906
0.006962
0.007439
0.00639
0.007915
0.007915
0.01078
0.009823
0.008583
0.009823
0.01249
0.01211
0.01173
0.01383
0.01192
0.01087
0.0103
0.009727
0.02365
0.02079
0.01621
0.01812
0.01755
0.01478
0.01841
0.01087
0.0145
0.01621
0.01326
0.01364
0.01497
0.01945
0.01631
0.01154
0.01478
0.01278
0.0123
0.01001
0.008297
0.01011
0.006771
0.01173
0.008965
0.01078
0.008106
0.0102
0.0145
0.0104
0.01326
0.008965
0.01173
0.01173
0.01316
0.01497
0.01326
0.01307
0.01173
0.01259
0.01154
0.0145
0.01736
0.01583
0.01469
0.01335
0.01125
0.05131
0.01764
0.0123
0.01154
0.04416
0.01316
0.01373
0.01297
0.01612
0.03605
0.01822
0.02842
0.03281
0.02232
0.01488
0.01116
0.01173
0.01516
0.01135
0.01507
0.01888
0.01411
0.009346
0.037
0.01497
0.0145
0.02127
0.01574
0.01984
0.01326
0.01354
0.01459
0.01678
0.01431
0.01421
0.01278
0.01478
0.0102
0.01755
0.01392
0.01621
0.01411
0.01316
0.01564
0.01459
0.01135
0.01602
0.01278
0.01202
0.01192
0.01373
0.01049
0.01116
0.01373
0.01268
0.01631
0.0102
0.009727
0.01135
0.009727
0.01087
0.01173
0.01574
0.01249
0.01087
0.01602
0.01211
0.01888
0.01698
0.01411
0.009346
0.009155
0.01173
0.01583
0.01621
0.01726
0.01049
0.01268
0.01488
0.01621
0.0186
0.01554
0.01736
0.02699
0.01659
0.0268
0.03138
0.03653
0.01564
0.02022
0.02565
0.02127
0.02346
0.02594
0.03033
0.03262
0.02184
0.02155
0.01802
0.01907
0.03691
0.01802
0.02031
0.02003
0.0144
0.01421
0.01411
0.01459
0.01049
0.01717
0.01354
0.01173
0.01087
0.01287
0.009823
0.01144
0.01221
0.01431
0.01612
0.01535
0.01612
0.007915
0.01078
0.01154
0.01307
0.01593
0.01345
0.01602
0.00782
0.009251
0.0104
0.00906
0.008011
0.006485
0.008202
0.0102
0.01078
0.01545
0.01307
0.01822
0.01068
0.01497
0.01335
0.01373
0.00906
0.01497
0.01402
0.009441
0.01326
0.009155
0.009155
0.009346
0.01488
0.005436
0.004387
0.006676
0.008965
0.007343
0.0145
0.008488
0.008869
0.01354
0.02222
0.01307
0.01621
0.02012
0.01802
0.01268
0.01268
0.02165
0.01955
0.01745
0.01678
0.02165
0.01936
0.01965
0.01764
0.01392
0.01287
0.0123
0.01497
0.01287
0.01898
0.01373
0.01392
0.01793
0.01888
0.01736
0.01574
0.0144
0.01297
0.01574
0.01602
0.02117
0.0165
0.02222
0.02556
0.01879
0.009918
0.01354
0.01516
0.01316
0.01307
0.01326
0.008202
0.008392
0.01602
0.01879
0.02422
0.01831
0.01802
0.02089
0.03033
0.02041
0.009632
0.01278
0.01106
0.009346
0.01488
0.01392
0.007629
0.007915
0.009441
0.01059
0.0103
0.006771
0.008774
0.01154
0.005722
0.008011
0.01087
0.01173
0.01183
0.01297
0.0164
0.01202
0.01116
0.01078
0.01221
0.009823
0.008869
0.01545
0.01259
0.01545
0.01402
0.01421
0.0164
0.01774
0.01688
0.01936
0.01612
0.01431
0.01268
0.01354
0.01297
0.01059
0.01488
0.01564
0.01087
0.009918
0.01163
0.009727
0.008678
0.009632
0.008106
0.01192
0.0165
0.0123
0.0165
0.01955
0.02012
0.01211
0.01278
0.01116
0.01621
0.02127
0.0164
0.01926
0.03242
0.0288
0.0247
0.01898
0.02813
0.02842
0.02756
0.02012
0.0205
0.01287
0.01202
0.0205
0.01678
0.01602
0.01259
0.01192
0.01192
0.01707
0.01507
0.01898
0.01497
0.02537
0.0124
0.01507
0.01078
0.01097
0.01192
0.01287
0.01068
0.01707
0.01497
0.01898
0.01755
0.04272
0.01822
0.0165
0.01373
0.01383
0.01678
0.008774
0.01373
0.01163
0.009346
0.008297
0.01221
0.01297
0.01059
0.01192
0.01993
0.01602
0.01535
0.01583
0.01707
0.01144
0.01192
0.009251
0.01087
0.01507
0.01326
0.01621
0.0145
0.006866
0.01078
0.009918
0.008869
0.01278
0.01535
0.01278
0.0164
0.02165
0.01326
0.01469
0.01392
0.01135
0.01411
0.01278
0.02146
0.01297
0.02069
0.02165
0.01373
0.01154
0.01469
0.02174
0.02384
0.01059
0.01144
0.02432
0.02003
0.01106
0.01497
0.0186
0.01211
0.01574
0.01535
0.02127
0.01688
0.01574
0.01421
0.0186
0.01726
0.0185
0.02317
0.02232
0.02556
0.02346
0.01869
0.02394
0.01945
0.01469
0.01612
0.01583
0.01488
0.02098
0.0144
0.01354
0.01097
0.01345
0.01373
0.01135
0.01221
0.01421
0.0164
0.02041
0.01593
0.01421
0.01106
0.01564
0.01106
0.01326
0.008488
0.01001
0.01307
0.008392
0.01125
0.01316
0.01316
0.008392
0.009632
0.01116
0.008488
0.009346
0.008965
0.01163
0.01364
0.01249
0.01287
0.01478
0.02079
0.01545
0.01125
0.01516
0.0124
0.01917
0.01326
0.01593
0.01764
0.01106
0.01335
0.0144
0.01135
0.01326
0.01307
0.01068
0.009727
0.005054
0.007153
0.01268
0.01125
0.009632
0.01144
0.01144
0.01421
0.01984
0.02022
0.02413
0.0144
0.01278
0.01001
0.01278
0.01297
0.01755
0.01764
0.01764
0.01783
0.01717
0.02117
0.0165
0.0164
0.01898
0.01736
0.01621
0.01926
0.01545
0.01535
0.01535
0.0145
0.01574
0.01278
0.01488
0.01469
0.01192
0.01011
0.01173
0.01297
0.009823
0.009632
0.009823
0.01078
0.01249
0.01459
0.01307
0.01135
0.01268
0.01087
0.0206
0.02279
0.02594
0.02651
0.02213
0.01278
0.03128
0.02203
0.01106
0.008297
0.007343
0.007057
0.007534
0.01049
0.008965
0.008011
0.008202
0.007343
0.008583
0.006866
0.005627
0.007534
0.007057
0.00639
0.009251
0.009441
0.008774
0.0102
0.0145
0.01364
0.01278
0.01659
0.007343
0.01087
0.01354
0.01221
0.01793
0.01478
0.01297
0.01602
0.01106
0.0104
0.01221
