6.219
6.219
6.219
6.219
6.219
6.219
6.219
6.219
6.219
6.219
6.219
6.219
6.219
6.219
6.219
6.219
6.219
6.219
6.219
6.219
6.219
6.219
6.219
6.219
6.219
6.219
6.219
6.219
6.219
6.219
6.219
6.219
6.219
8.13
13.82
16.53
17.33
17.85
18.26
18.38
15.21
14.14
12.5
9.851
8.801
14.58
20.8
18.9
17.43
10.07
11.06
20.24
19.75
14.97
8.618
8.545
9.546
15.5
16.85
17.65
17.99
18.31
16.24
13.7
11.82
9.375
15.38
16.82
17.48
17.85
17.77
14.82
12.1
9.583
8.447
8.545
11.69
16.11
17.02
17.58
17.94
17.07
14.11
11.72
8.032
9.082
17.5
20.8
18.75
14.23
15.82
16.89
17.53
17.97
17.38
14.79
12.1
9.949
11.78
16.14
17.19
17.8
18.16
15.21
11.29
8.411
14.94
20.8
18.7
9.778
11.29
20.36
18.97
10.51
15.75
16.94
17.72
18.19
16.75
13.87
9.973
8.948
8.85
8.984
9.167
9.753
18.8
20.73
16.28
11.41
18.97
20.63
19.21
11.04
11.51
15.97
16.99
17.72
18.14
18.36
15.36
13.94
12.62
9.119
9.18
9.265
8.923
9.436
9.143
9.155
9.485
9.302
9.216
9.424
18.38
20.73
17.8
11.29
10.89
15.62
16.87
17.55
17.92
18.29
17.24
15.04
13.5
11.79
9.46
9.216
8.716
9.644
8.63
9.436
8.655
8.508
7.703
9.204
8.838
16.04
20.75
20.0
17.41
8.337
6.287
6.219
6.219
6.219
6.219
6.219
6.219
6.219
6.384
8.569
16.77
20.75
20.51
18.07
14.75
7.8
8.215
6.287
6.219
6.372
8.167
6.219
6.219
6.219
6.219
6.219
6.219
6.219
6.219
6.219
6.219
6.219
6.219
6.219
6.219
6.219
8.411
8.447
8.252
8.496
6.287
7.922
7.056
6.219
6.219
6.219
6.219
6.219
6.219
6.219
6.219
6.219
6.219
6.219
6.219
6.219
6.219
6.219
8.215
6.86
6.219
6.219
6.219
6.219
6.219
6.219
6.799
9.009
11.8
20.43
19.85
10.28
6.482
6.25
6.219
6.219
6.219
6.219
6.219
6.219
6.219
6.219
6.219
6.219
6.219
6.219
6.219
6.219
6.219
6.219
6.219
6.238
8.447
8.411
6.299
6.219
6.219
6.219
6.219
6.219
6.219
6.219
6.219
6.219
6.372
9.216
8.704
17.8
20.7
18.46
7.312
6.372
6.219
6.219
6.219
6.219
6.219
6.219
6.219
6.219
6.219
6.219
6.219
6.219
6.219
6.219
6.219
6.219
6.219
6.219
6.219
6.219
6.219
6.219
6.219
6.219
6.219
6.219
6.219
6.219
6.219
6.219
6.219
6.219
6.219
6.219
6.219
6.219
6.219
6.219
6.219
6.219
6.219
6.219
6.219
6.219
6.219
6.219
6.219
6.219
6.219
6.219
6.219
6.219
6.219
6.219
6.219
6.219
6.219
6.219
6.219
6.219
6.219
6.219
6.219
6.219
6.219
6.219
6.219
7.007
12.01
16.04
16.82
17.26
17.58
17.94
18.19
18.26
18.53
18.77
18.9
19.04
19.17
19.34
19.43
19.53
19.73
19.75
19.87
19.92
19.92
20.07
20.26
20.41
20.51
19.9
16.5
18.33
20.65
20.61
19.97
19.82
19.53
19.17
16.99
15.48
8.606
14.92
16.99
17.7
18.14
18.41
18.87
19.02
19.17
19.34
19.46
19.68
19.73
19.78
19.92
20.02
20.12
20.17
20.36
20.51
20.51
19.21
17.14
19.6
20.85
20.85
20.83
20.68
20.46
18.33
17.82
17.07
11.45
11.43
16.38
17.36
17.97
18.38
18.85
19.07
19.24
19.41
19.53
19.63
19.73
19.73
19.9
20.0
20.12
20.12
20.19
20.43
20.53
20.68
20.68
18.99
17.38
19.85
20.85
20.65
20.46
20.46
20.17
18.75
18.04
17.85
13.48
9.68
16.21
17.5
18.14
18.41
18.77
19.12
19.17
19.31
19.41
19.56
19.6
19.73
19.78
19.92
19.92
20.12
20.12
20.21
20.31
20.46
20.51
20.02
16.85
18.82
20.85
20.85
20.7
20.31
19.75
17.6
17.24
16.89
12.5
11.25
16.48
17.5
18.09
18.36
18.77
18.95
19.12
19.26
19.34
19.51
19.63
19.73
19.85
19.92
20.04
20.12
20.12
20.31
20.51
20.51
18.75
16.82
19.43
20.26
20.09
19.7
19.58
18.33
16.67
15.84
15.38
14.01
8.057
14.4
16.85
17.7
18.14
18.41
18.87
19.14
19.26
19.36
19.56
19.6
19.63
19.75
19.87
19.92
20.0
20.02
20.12
20.29
20.46
20.51
18.87
17.85
20.48
20.85
20.58
20.31
20.14
18.55
18.09
17.63
14.21
9.119
15.33
16.8
14.5
13.23
10.28
15.06
16.43
17.14
14.94
13.16
13.43
9.79
14.28
16.6
15.87
13.16
12.4
15.23
19.97
19.04
11.18
14.04
16.58
15.36
13.11
11.04
11.84
16.06
16.97
15.11
13.18
11.69
11.72
16.14
16.77
13.94
12.94
10.49
11.84
16.58
17.55
18.16
18.48
18.87
19.12
19.26
19.48
19.53
19.56
19.73
19.73
19.87
20.0
20.12
20.12
20.31
20.36
20.51
20.21
16.99
19.75
20.85
20.65
20.65
20.04
17.94
17.8
17.38
12.29
14.01
16.94
17.72
18.26
18.51
18.85
19.14
19.31
19.41
19.53
19.63
19.73
19.85
19.92
20.09
20.12
20.34
20.48
20.48
19.02
17.16
19.82
20.85
20.48
20.0
19.65
18.12
17.8
17.68
11.29
15.87
17.16
17.87
18.29
18.7
19.07
19.17
19.34
19.48
19.53
19.65
19.73
19.92
19.97
20.12
20.12
20.39
20.48
20.41
17.16
20.09
20.85
20.63
20.65
19.65
18.29
18.16
14.94
12.17
10.9
10.61
9.9
9.509
10.83
10.01
16.11
17.38
18.07
18.38
18.87
19.09
19.31
19.43
19.53
19.65
19.73
19.9
20.0
20.12
20.17
20.48
20.51
20.34
18.97
20.48
20.85
20.26
20.26
20.17
19.63
19.38
18.12
11.66
9.875
17.6
20.63
13.48
9.619
12.15
16.87
17.75
18.14
18.46
18.92
19.17
19.34
19.51
19.53
19.73
19.73
19.8
19.92
20.07
20.12
20.21
20.31
20.51
20.43
17.09
19.41
20.85
20.85
20.85
20.73
18.75
17.48
16.99
12.49
9.082
9.119
12.55
16.97
17.87
18.29
18.48
18.95
19.12
19.31
19.36
19.53
19.58
19.73
19.73
19.9
20.07
20.09
20.09
20.24
20.48
20.48
20.51
19.04
17.46
19.75
20.83
20.83
20.73
20.63
19.36
18.26
17.9
12.41
9.106
9.119
8.789
8.74
8.899
8.923
7.776
6.409
6.409
6.409
6.409
6.409
6.409
6.409
6.409
6.409
6.409
6.409
6.409
6.409
6.409
6.409
6.409
6.409
6.409
6.409
6.409
6.409
6.409
6.409
7.043
9.045
9.265
9.216
9.143
9.424
9.216
