1.5
1.353
1.506
0.6989
1.164
0.6638
1.804
1.192
2.258
4.462
1.782
2.368
1.347
1.237
0.5821
1.614
4.138
2.448
1.59
2.338
1.559
3.326
4.047
0.7736
1.39
1.84
4.901
2.145
0.5615
1.076
1.222
1.279
1.599
0.7439
0.7072
1.263
5.823
2.139
0.7774
1.663
0.5989
0.0
0.0
0.0008583
0.0
0.0
0.0
0.0
0.0
0.0
0.0
0.0
0.001144
0.0
0.0
0.0
0.0
0.0
0.0
0.0
0.0
0.0
0.0
0.0
0.0
0.0
0.0
0.0
9.537e-05
0.0
0.0
0.0
0.0
0.0
0.0
0.0
0.0
0.0
0.0
0.0
0.0
9.537e-05
0.0
0.0
0.0
0.0
0.0
0.0
0.0
0.0
0.0
0.0
0.0
0.0
0.0
0.0
0.0
0.0
0.0
0.0
0.0
0.0
0.0
0.0
0.0
0.0
0.0
0.0
0.0
0.0
0.0
0.0
0.0
0.0
0.0
0.0
0.0
0.0
0.0
0.0
0.0
0.0
0.0
0.0
0.0
0.0
0.0
0.0
0.0
0.0
0.0
0.0
0.0
0.0
0.0
0.0
0.0
0.0
9.537e-05
0.0
0.0
0.0
0.0
0.0
0.0
0.0
0.0
0.0
0.0
0.0
0.0
0.0
0.0
0.0
0.0
0.0
0.0
0.0
0.0
0.0
0.0
0.0001907
0.0
0.0
0.0
0.0
0.0
0.0
0.0
0.0
0.0
0.0
0.0
0.0
0.0
0.00124
0.2506
1.184
1.617
0.1814
0.1965
0.2567
0.1894
0.2331
0.1558
0.2361
0.2384
0.1575
3.149
5.017
1.227
0.3704
0.4616
0.5356
2.896
4.327
1.233
3.766
1.326
2.188
1.529
1.456
1.733
5.048
3.699
0.5798
1.396
1.581
5.145
2.859
0.5615
1.363
0.7568
0.7629
0.7423
0.3532
2.466
5.396
2.472
0.7965
0.1331
0.1299
0.148
0.1596
0.1883
0.1589
0.2098
0.1408
0.1324
0.1406
0.1451
0.1503
0.1242
0.07458
2.286
3.387
2.75
2.82
1.752
0.8606
1.247
0.9003
1.112
4.352
3.735
0.4189
0.4639
0.4066
0.4921
0.6226
0.1219
0.05617
0.05436
1.233
0.6271
1.205
1.068
0.7828
0.2167
0.2914
1.465
0.5486
1.302
0.5997
0.7172
2.963
3.998
0.4944
1.508
0.7027
1.633
0.5043
1.521
0.679
1.633
0.6889
1.379
0.8163
1.253
0.7385
1.294
0.1333
0.1486
0.2457
0.2296
0.1648
0.1539
0.1324
0.1921
0.1503
0.174
2.524
3.29
4.48
3.296
1.114
1.361
2.621
5.2
2.319
0.5104
1.102
0.5814
0.9171
1.14
1.497
0.7904
1.511
1.527
4.7
1.669
0.5821
2.896
3.998
0.6668
2.448
1.18
1.462
1.402
2.875
5.261
1.149
1.013
1.418
3.833
5.542
1.311
0.7072
0.5913
0.7347
2.087
5.048
3.564
0.6416
1.828
0.7538
1.06
0.6035
1.302
0.2594
1.08
0.676
1.46
0.6721
1.341
0.6676
1.599
1.483
3.357
4.388
0.9033
0.647
1.297
0.5676
1.733
1.44
3.912
4.938
0.7996
0.7088
1.274
1.021
1.131
1.405
0.515
1.492
1.028
1.54
1.932
4.791
2.985
0.7339
1.23
1.073
5.176
1.445
0.6142
1.302
0.1404
0.1612
0.1486
0.1656
0.144
0.1585
0.1678
0.1747
0.149
0.1623
0.176
2.417
3.461
4.315
3.091
0.3082
1.192
1.414
1.262
1.228
1.385
1.089
3.07
5.627
1.392
0.7385
1.581
0.856
1.305
0.7187
0.7774
1.849
4.999
3.772
0.6294
1.703
2.386
4.95
4.877
0.6454
0.1387
0.05636
0.1623
0.1596
0.1322
0.1356
0.1896
0.1459
0.1188
0.1497
0.1352
0.152
0.1356
0.5272
2.243
4.974
4.706
4.102
0.412
1.727
1.463
3.571
4.932
2.438
1.117
1.697
5.103
2.176
0.6592
1.43
0.6325
0.6653
0.4707
4.651
4.224
0.5882
1.242
0.6355
0.1623
1.157
0.798
1.5
1.645
3.644
4.175
1.727
0.9995
1.494
4.169
2.676
0.6508
1.7
0.1797
0.1858
0.8041
1.53
0.5447
1.55
1.202
0.8957
1.572
4.199
2.045
1.761
1.859
1.477
1.334
3.442
3.027
1.012
2.6
0.7011
0.06189
0.1852
1.489
0.9995
0.9949
3.168
5.084
1.935
1.367
1.071
1.03
1.445
2.869
4.932
2.502
0.7782
1.033
0.9476
1.889
1.749
1.984
0.7965
1.442
2.02
1.07
1.352
0.6821
0.9567
1.012
1.233
0.4745
0.6943
1.534
3.979
3.156
0.589
1.617
0.3403
0.3101
0.2808
1.242
1.016
1.448
0.9979
1.529
4.114
4.895
1.118
0.6523
1.682
1.012
1.678
1.215
1.448
0.5547
1.636
1.474
0.8423
1.63
3.302
2.591
1.384
2.31
1.051
0.75
0.8987
2.545
4.352
4.022
0.8469
1.262
0.6416
1.479
0.8591
1.712
1.482
3.802
5.054
1.242
0.769
1.187
1.614
1.207
1.718
1.596
1.569
0.7622
1.73
0.544
1.44
1.524
2.435
5.139
3.998
0.6485
3.284
1.746
1.62
0.9583
1.515
0.7919
1.688
1.312
1.552
2.859
2.563
2.747
3.192
3.073
3.043
1.572
2.386
0.1396
0.1781
0.2201
0.2022
0.1595
0.1682
0.1596
0.1715
0.1423
0.1459
0.1865
0.1732
0.1867
0.165
2.621
3.436
4.688
4.706
2.231
0.6447
1.265
1.663
1.678
0.7027
1.895
1.675
3.461
4.999
3.143
0.6912
1.35
0.3372
0.181
0.2213
0.1642
0.1642
0.2087
0.1841
0.206
0.2247
0.1701
0.1961
0.1442
0.1591
3.223
3.882
3.931
2.6
0.4234
1.624
1.297
5.157
2.261
0.7385
1.497
0.6378
1.517
0.1991
0.1913
0.177
0.1734
0.1839
0.1923
0.1717
0.177
0.1677
0.1551
0.1673
0.5577
3.491
4.639
4.425
1.509
1.035
0.6195
1.527
1.273
0.6554
1.486
1.303
0.6958
1.051
2.307
0.5699
1.347
0.8087
1.36
1.44
0.1617
3.098
2.103
1.341
2.182
0.9048
1.52
1.07
1.14
3.363
5.078
1.715
1.089
1.418
3.973
4.803
0.972
0.5714
0.1921
1.079
1.547
4.633
1.672
0.5844
1.379
0.8453
0.8636
3.625
3.546
0.5936
1.291
0.6317
2.975
2.405
0.8667
2.383
1.524
1.012
1.407
1.302
3.369
4.865
0.9171
0.75
1.309
0.3582
0.1377
0.1421
0.1564
0.1535
0.1554
0.1438
0.156
0.1617
1.213
2.139
2.933
0.8804
0.9155
9.537e-05
0.1589
1.19
0.4639
0.1167
0.1932
0.2346
0.2609
0.3559
1.947
0.7378
1.299
1.251
1.294
1.373
2.005
4.871
3.485
0.5676
1.056
2.002
4.089
0.5516
1.407
2.206
4.669
2.878
0.4433
0.9079
1.068
1.53
0.3487
1.317
0.8728
1.724
1.128
0.9155
0.824
2.972
3.497
0.7828
2.649
0.943
1.404
1.059
0.6943
0.3002
0.2346
0.2083
1.521
0.4593
1.324
0.2502
1.422
1.118
1.337
0.9598
1.357
0.7965
1.163
1.526
3.894
2.078
1.682
2.274
1.241
3.018
4.547
0.5585
1.041
0.975
0.7713
0.7622
4.413
4.797
0.9079
0.6065
1.483
2.368
1.895
1.849
1.012
1.332
3.467
4.254
1.549
0.8682
