0.0
0.2483
0.3136
0.4173
0.6721
0.6996
0.5898
0.5898
0.6187
0.5859
0.5783
0.6264
0.6004
0.6699
0.6393
0.6821
0.6142
0.7507
0.695
0.6142
0.5989
0.6691
0.6805
0.5783
0.753
0.7637
0.6622
0.6058
0.602
0.621
0.6096
0.6752
0.7301
0.6729
0.5783
0.5783
0.6248
0.6042
0.6432
0.5783
0.6279
0.6241
0.6264
0.6355
0.6531
0.6744
0.7462
0.6317
0.6538
0.6462
0.6439
0.8041
0.798
0.6104
0.6432
0.65
0.7294
0.7698
0.7668
0.7698
0.7622
0.6683
0.7523
0.6088
0.6195
0.6439
0.7088
0.6668
0.676
0.6836
0.6767
0.7706
0.7698
0.6516
0.7042
0.7721
0.724
0.7721
0.666
0.7126
0.6767
0.5913
0.6035
0.5775
0.5905
0.6668
0.6042
0.7385
0.7607
0.7256
0.7202
0.6836
0.7072
0.7172
0.6989
0.7607
0.7317
0.6668
0.7729
0.7736
0.8347
0.7713
0.7576
0.7591
0.7187
0.7523
0.885
0.9583
0.7591
0.7713
0.7698
0.7248
0.695
0.7042
0.6165
0.8453
0.7706
0.721
0.7324
0.6676
0.7683
0.798
0.7706
0.7698
0.7469
0.7393
0.7683
0.7065
0.7217
0.7408
0.7706
0.7698
0.7706
0.7706
0.8011
0.7919
0.7706
0.7523
0.8484
0.8804
0.8926
0.7706
0.7706
0.7271
0.7706
0.7492
0.7706
0.7248
0.7156
0.7362
0.7278
0.6172
0.6111
0.7149
0.766
0.7713
0.7706
0.7706
0.7698
0.7706
0.7706
0.7706
0.7706
0.8026
0.8392
0.7713
0.7706
0.7706
0.7713
0.7675
0.7828
0.8682
0.7713
0.7172
0.6622
0.7263
0.7622
0.7706
0.7828
0.7622
0.7484
0.8514
0.798
