28.37
29.88
11.23
24.05
32.57
20.43
15.11
26.76
29.25
16.21
23.93
20.78
21.63
16.02
27.88
30.08
26.51
24.78
11.05
28.22
30.52
30.27
29.98
19.97
10.08
25.68
9.985
28.17
12.94
10.8
9.656
10.89
13.55
8.276
10.17
8.313
11.32
11.04
10.99
16.75
22.78
24.15
21.85
8.191
0.8804
0.02737
0.02604
0.02737
0.02213
0.0247
0.02213
0.02604
0.02346
0.0247
0.02346
0.0247
0.02346
0.02604
0.02213
0.02604
0.0247
0.02604
0.0247
0.0247
0.02346
0.0247
0.02346
0.0247
0.02346
0.02604
0.02346
0.02604
0.0247
0.02604
0.02346
0.02604
0.02346
0.0247
0.02346
0.0247
0.02346
0.0247
0.02346
0.0247
0.0247
0.0247
0.02346
0.02346
0.02346
0.0247
0.02346
0.0247
0.0247
0.02604
0.0247
0.02604
0.02346
0.02604
0.02346
0.02604
0.0247
0.0247
0.0247
0.0247
0.0247
0.0247
0.0247
0.02604
0.0247
0.0247
0.0247
0.0247
0.02346
0.02604
0.0247
0.02604
0.02604
0.02737
0.02346
0.0247
0.0247
0.0247
0.02346
0.02604
0.02346
0.02737
0.0247
0.02861
0.02604
0.02737
0.0247
0.02604
0.0247
0.0247
0.0247
0.0247
0.02346
0.02604
0.0247
0.0247
0.0247
0.0247
0.02346
0.02604
0.02346
0.0247
0.02346
0.02346
0.02346
0.0247
0.02346
0.0247
0.0247
0.0247
0.02604
0.02604
0.0247
0.02737
0.0247
0.0247
0.02604
0.02604
0.0247
0.02737
0.0247
0.02604
0.02604
0.02737
0.02604
0.02737
0.02604
0.02604
0.0247
0.02737
0.0247
1.105
4.706
9.094
11.23
10.5
11.47
11.63
12.06
13.89
11.51
10.9
11.23
9.119
21.48
25.05
25.1
9.485
15.87
14.55
21.51
34.81
17.11
12.96
30.22
26.12
24.85
10.41
15.06
19.95
21.26
26.46
24.95
6.506
23.14
12.55
26.42
33.64
27.34
16.02
25.1
37.35
9.46
20.17
21.7
35.4
19.51
8.459
8.606
10.13
9.924
7.739
19.38
0.02737
0.02346
21.53
20.36
7.434
2.008
28.86
22.66
16.09
5.389
12.17
8.972
17.14
18.6
25.2
26.42
18.38
22.83
20.51
18.51
14.62
25.34
20.07
26.03
27.73
19.48
26.03
26.17
24.95
15.58
2.606
13.01
11.11
23.9
36.28
18.99
16.6
26.27
29.3
21.85
2.744
23.78
23.41
13.62
12.67
20.41
19.63
11.94
18.41
28.71
15.84
16.48
20.51
12.62
27.93
19.6
24.27
25.54
20.48
18.82
19.78
15.97
24.12
25.88
7.446
27.59
27.88
28.03
28.42
28.66
6.885
20.0
24.95
28.08
15.89
8.435
9.351
10.01
7.837
9.314
9.387
11.43
8.13
9.814
10.8
8.093
11.11
10.62
16.75
24.1
28.37
26.61
12.74
6.567
11.44
28.17
27.59
13.23
21.95
25.44
25.63
17.75
22.0
26.46
29.98
31.98
11.96
25.05
22.8
16.43
16.92
2.222
16.8
25.1
18.68
24.24
26.27
20.87
28.91
18.58
7.959
33.64
27.29
30.03
10.47
35.06
29.39
29.69
11.82
9.216
28.37
24.12
29.39
26.27
25.2
7.007
22.29
25.73
16.94
29.15
15.94
18.26
23.9
34.18
32.32
26.9
7.532
10.28
14.45
24.54
33.98
31.45
25.1
11.71
30.08
30.37
16.38
18.24
31.84
30.81
24.61
9.717
26.71
29.0
28.76
11.51
14.75
27.88
28.56
13.65
14.65
25.88
20.65
26.95
30.13
26.17
27.69
18.43
8.716
33.35
29.83
24.83
15.28
15.55
13.11
10.4
14.87
13.67
21.44
22.0
21.0
14.7
27.39
19.73
23.22
33.69
30.66
25.24
12.27
17.21
26.76
34.67
29.79
23.9
14.82
5.872
10.39
7.837
7.825
9.68
11.07
9.045
7.776
13.31
9.277
7.776
10.58
7.947
8.35
26.22
21.34
26.37
22.8
7.874
3.925
25.24
22.92
24.22
24.34
13.96
27.05
29.64
30.71
13.16
17.94
20.34
13.77
3.845
19.12
14.72
33.06
27.25
28.52
15.5
7.251
10.67
21.95
24.1
22.12
16.82
23.12
31.25
31.49
28.27
20.34
31.45
33.69
22.66
14.11
24.8
20.68
21.39
2.051
2.988
4.352
3.339
7.947
13.87
27.98
29.83
27.44
23.46
8.643
28.91
24.1
22.92
24.39
10.69
17.43
31.05
33.94
18.8
14.31
16.36
25.24
21.7
24.95
20.56
31.49
24.56
20.85
21.17
9.424
32.08
27.78
15.01
9.521
15.48
18.41
22.85
19.56
26.81
15.8
29.64
26.81
20.26
19.56
20.7
12.45
26.9
21.29
27.59
25.1
15.43
22.97
11.93
27.73
24.93
33.5
28.52
27.15
7.812
21.73
32.96
27.29
25.0
6.836
33.06
34.52
27.44
11.23
6.787
11.1
9.924
10.36
11.44
8.875
12.99
11.46
12.72
8.386
9.473
8.96
26.81
21.41
19.19
14.77
5.414
33.84
34.33
26.12
12.6
17.99
18.09
17.68
26.51
24.9
10.61
26.22
25.05
20.29
21.51
28.86
35.3
15.48
15.31
27.44
40.28
23.88
22.12
16.58
9.326
27.98
21.17
32.08
22.95
14.5
26.32
26.37
23.66
27.49
8.118
24.98
30.13
30.71
31.1
22.58
7.788
30.52
33.94
26.76
14.01
17.58
30.47
26.71
24.34
8.691
23.46
23.17
16.43
28.86
21.83
13.55
30.71
35.4
20.43
16.24
33.06
25.88
23.54
13.01
18.77
18.97
19.92
30.47
25.39
27.39
15.55
14.04
21.12
25.78
21.22
28.52
17.77
17.38
22.31
19.31
27.64
32.28
9.851
28.81
11.82
8.423
8.862
9.509
19.46
12.02
9.375
8.386
12.04
9.595
13.5
12.15
18.41
22.19
21.29
25.15
11.91
4.755
27.44
21.92
25.49
27.2
24.12
28.32
26.46
9.949
15.33
20.09
27.39
10.44
27.25
31.01
35.45
30.91
7.214
21.85
27.49
28.17
26.66
11.33
21.7
26.12
29.15
35.89
31.45
29.54
12.79
4.865
28.37
21.46
28.03
26.81
10.17
28.12
21.29
16.99
16.55
22.49
19.9
18.55
16.53
28.12
22.41
4.541
18.38
16.63
15.6
26.51
28.71
12.06
28.81
33.94
25.88
21.14
19.19
15.75
26.37
28.91
21.78
26.95
24.24
15.55
27.59
21.39
18.58
23.9
21.85
13.18
25.83
0.3803
0.02604
0.02604
4.852
11.23
0.0
17.63
22.09
8.032
30.08
25.34
5.127
18.38
27.83
26.07
27.49
9.937
11.08
32.42
30.47
26.9
10.83
17.82
22.8
5.591
3.326
18.31
21.17
22.24
19.41
22.29
13.96
23.32
14.58
24.17
22.44
30.13
14.97
17.6
26.46
20.78
20.0
9.106
7.861
12.0
8.728
8.911
8.691
14.11
7.849
10.47
11.3
8.594
10.23
8.264
26.37
22.92
24.8
23.12
6.653
5.908
35.06
35.35
26.07
18.29
10.01
34.77
31.98
19.36
19.48
17.09
8.911
15.53
18.55
20.63
27.2
28.86
15.21
34.77
25.34
15.33
22.92
22.05
12.41
30.22
21.26
11.16
29.39
31.01
