0.02251
0.02394
0.02117
0.01984
0.0247
0.02747
0.02604
0.0186
0.02308
0.02365
0.0205
0.02232
0.01926
0.02155
0.02289
0.02527
0.02089
0.02604
0.02222
0.01898
0.05655
0.01249
0.0226
0.01745
0.02651
0.01345
0.02565
0.02108
0.02422
0.02251
0.02718
0.02165
0.02375
0.02689
0.02089
0.01965
0.02022
0.02222
0.02375
0.01965
0.02193
0.01879
0.02165
0.02146
0.02012
0.01574
0.0639
0.02375
0.02232
0.02556
0.02213
0.02146
0.02842
0.02041
0.02508
0.02098
0.0248
0.0205
0.02337
0.02747
0.02518
0.02308
0.02909
0.02642
0.02413
0.1501
0.05589
0.02842
0.02155
0.01965
0.02003
0.01936
0.02203
0.02556
0.01764
0.02995
0.02413
0.02184
0.03519
0.01698
0.02699
0.02584
0.01974
0.00248
0.02079
0.0226
0.01688
0.01259
0.0267
0.02384
0.009251
0.02165
0.01497
0.02155
0.01945
0.0248
0.02594
0.07477
0.01936
0.02937
0.00515
0.02594
0.02108
0.02165
0.01898
0.04425
0.01907
0.02108
0.0206
0.02394
0.02289
0.02766
0.01945
0.01965
0.02022
0.02241
0.02193
0.02127
0.02108
0.02041
0.01764
0.01745
0.02308
0.02117
0.0267
0.04368
0.01907
0.01945
0.02251
0.01993
0.01211
0.01955
0.02251
0.01917
0.0205
0.01898
0.02384
0.02489
0.02813
0.02232
0.03147
0.02213
0.02222
0.02012
0.02022
0.0185
0.01736
0.0206
0.0186
0.02022
0.01945
0.02003
0.0205
0.01783
0.02003
0.01736
0.01898
0.02623
0.02117
0.02842
0.02346
0.02251
0.02079
0.02193
0.02079
0.03748
0.02184
0.02422
0.06666
0.02203
0.02222
0.02108
0.02642
0.02003
0.01965
0.01869
0.01812
0.02356
0.02089
0.02222
0.02022
0.01945
0.03614
0.04082
0.07095
0.1242
0.03462
0.03948
0.03395
0.03223
0.04063
0.03614
0.03643
0.0351
0.03576
0.03614
0.03557
0.03901
0.03366
0.03414
0.04721
0.03605
0.03548
0.04025
0.03996
0.04139
0.03805
0.04282
0.04463
0.03948
0.0432
0.03138
0.05217
0.04454
0.03529
0.04139
0.03967
0.03567
0.0
0.04377
0.03757
0.03901
0.03853
0.03939
0.04177
0.04778
0.03958
0.03796
0.03653
0.04511
0.02146
0.04234
0.03633
0.04292
0.04587
0.04015
0.03462
0.04473
0.04187
0.035
0.0391
0.03748
0.04616
0.0432
0.04034
0.04539
0.03519
0.04139
0.03767
0.03614
0.04568
0.04272
0.04349
0.04139
0.03939
0.04539
0.0452
0.0391
0.04625
0.04253
0.04749
0.03986
0.04082
0.03881
0.03624
0.05026
0.03176
0.03586
0.04444
0.04253
0.001907
0.03834
0.03872
0.04435
0.04845
0.0432
0.03948
0.04168
0.03767
0.03309
0.0392
0.03901
0.03605
0.03786
0.04139
0.03252
0.03586
0.04044
0.03881
0.03424
0.04263
0.04416
0.0412
0.03881
0.0433
0.04683
0.04177
0.009537
0.03948
0.03777
0.04673
0.04139
0.04749
0.05617
0.03891
0.03147
0.03462
0.03538
0.03452
0.04187
0.03939
0.04158
0.03767
0.03786
0.03281
0.04549
0.04225
0.04272
0.03977
0.03891
0.03529
0.03338
0.03567
0.03605
0.03395
0.04053
0.03958
0.05045
0.04787
0.04969
0.03939
0.0392
0.03996
0.03939
0.03996
0.03996
0.03986
0.0453
0.04234
0.04416
0.04292
0.03757
0.04387
0.03567
0.04177
0.03567
0.037
0.03605
0.03376
0.1087
0.07534
0.0392
0.03786
0.03099
0.03576
0.03557
0.03061
0.03061
0.03576
0.03357
0.03939
0.0329
0.03233
0.03643
0.03262
0.02851
0.03042
0.03138
0.03338
0.03624
0.02937
0.03338
0.03023
0.03319
0.03834
0.03099
0.03386
0.03443
0.0391
0.03395
0.03099
0.0371
0.03376
0.03138
0.03595
0.03242
0.03262
0.03824
0.03176
0.02995
0.03214
0.02441
0.03042
0.03414
0.02537
0.033
0.03319
0.02699
0.02909
0.02909
0.02956
0.03071
0.03014
0.03681
0.033
0.02699
0.03471
0.02661
0.03338
0.03481
0.0329
0.02432
0.02489
0.02813
0.02346
0.0247
0.0535
0.1129
0.02203
0.02003
0.02117
0.02651
0.02384
0.02413
0.02728
0.02317
0.0226
0.02184
0.0246
0.02232
0.02403
0.02251
0.02432
0.0205
0.02451
0.02222
0.02537
0.0246
0.02737
0.02804
0.02489
0.02899
0.02661
0.0267
0.02604
0.02308
0.02708
0.0246
0.02623
0.02327
0.02184
0.02651
0.02508
0.02422
0.02451
0.07963
0.02346
0.02489
0.02995
0.02441
0.02337
0.02584
0.02537
0.02871
0.02508
0.02518
0.02718
0.02222
0.0226
0.02337
0.02556
0.03958
0.03843
0.02337
0.02661
0.02451
0.02747
0.02832
0.02222
0.02203
0.02995
0.02289
0.02584
0.03071
0.02241
0.02851
0.02556
0.02384
0.02918
0.02089
0.02327
0.01993
0.02756
0.02489
0.02069
0.02537
0.02317
0.0205
0.02289
0.02394
0.02403
0.02985
0.03138
0.03462
0.03557
0.03805
0.03862
0.04072
0.04292
0.0351
0.03614
0.02947
0.0309
0.03767
0.02632
0.02728
0.02756
0.02298
0.02899
0.02995
0.02737
0.03614
0.03719
0.02813
0.02613
0.02499
0.0268
0.0309
0.03252
0.03281
0.03214
0.033
0.02842
0.03214
0.03891
0.03023
0.03271
0.0329
0.03748
0.03424
0.03424
0.04187
0.03347
0.03719
0.03614
0.03529
0.03614
0.03414
0.03843
0.03605
0.03767
0.03843
0.03386
0.03443
0.03824
0.03633
0.04873
0.03662
0.08202
0.02871
0.03824
0.04101
0.03815
0.03796
0.035
0.0351
0.03548
0.033
0.03128
0.03376
0.03805
0.03214
0.03109
0.03347
0.03252
0.03853
0.03548
0.03347
0.02775
0.03128
0.03099
0.03166
0.02899
0.02956
0.03223
0.03662
0.03223
0.03748
0.03281
0.03328
0.03519
0.03319
0.03719
0.03319
0.03147
0.03328
0.03347
0.03796
0.04034
0.09842
0.03033
0.03452
0.03204
0.0247
0.03166
0.03614
0.0309
0.02403
0.03443
0.02956
0.03309
0.02851
0.03281
0.03633
0.03452
0.03004
0.03328
0.03786
0.03681
0.03242
0.03786
0.03605
0.03195
0.03643
0.07315
0.03662
0.03119
0.02985
0.03071
0.03014
0.035
0.037
0.03204
0.04063
0.03519
0.03271
0.035
0.0351
0.033
0.03681
0.03357
0.03757
0.03366
0.03471
0.1204
0.02718
0.02718
0.03033
0.03071
0.04301
0.02823
0.03252
0.02928
0.03138
0.03185
0.02337
0.0288
0.02861
0.0351
0.02804
0.0288
0.02909
0.03233
0.0309
0.02747
0.03052
0.03328
0.02651
0.02871
0.02956
0.02203
0.02975
0.02422
0.02708
0.03185
0.03176
0.02928
0.02384
0.02804
0.02213
0.06342
0.1263
0.02232
0.01965
0.01764
0.01755
0.02327
0.02337
0.02003
0.01898
0.0206
0.01955
0.0226
0.01955
0.01841
0.03462
0.02508
0.02451
0.02279
0.01755
0.01631
0.01974
0.02193
0.02117
0.01965
0.02089
0.01574
0.02031
0.02031
0.01602
0.01774
0.0227
0.01841
0.01822
0.02213
0.01974
0.02136
0.02155
0.01717
0.02041
0.02079
0.02232
0.0226
0.0205
0.02289
0.02041
0.02155
0.0206
0.02098
0.02317
0.01888
0.02241
0.01984
0.01945
0.0164
0.02289
0.02041
0.01945
0.01659
0.02632
0.0226
0.01984
0.01535
0.01926
0.01898
0.02289
0.02861
0.01783
0.01822
0.02174
0.02203
0.02289
0.01678
0.01965
0.01869
0.0164
0.1787
0.02165
0.02508
0.02079
0.01783
0.01602
0.01812
0.01993
0.02079
0.01879
0.01554
0.01764
0.01955
0.01621
0.01812
0.01926
0.01812
0.02031
0.01736
0.02222
0.01707
0.01564
0.02098
0.02146
0.01469
0.01373
0.01841
0.02403
0.0226
0.01965
0.01535
0.0205
0.02098
0.01755
0.01745
0.02241
0.01898
0.02546
0.0186
0.02165
0.01678
0.02708
0.02155
0.01955
0.02108
0.01755
0.01993
0.02079
0.02079
0.02308
0.02537
0.02184
0.0227
0.02203
0.02193
0.01917
0.01879
0.02317
0.0226
0.02117
0.0246
0.02193
0.0226
0.02022
0.02069
0.01926
0.01984
0.02384
0.02127
0.02604
0.01869
0.02308
0.02422
0.03023
0.02604
0.02928
0.02556
0.02985
0.02832
0.03071
0.03176
0.0247
0.02708
0.03586
0.02756
0.02775
0.02632
0.03223
0.03052
0.03023
0.02851
0.02861
0.02785
0.02451
0.02728
0.02565
0.02613
0.02909
0.02775
0.03986
0.03166
0.02384
0.02823
0.02813
0.02623
0.02832
0.03157
0.03729
0.03099
0.06609
0.03338
0.02851
0.02089
0.03119
0.02966
0.03529
0.02413
0.06332
0.03176
0.02899
0.02851
0.03424
0.09804
0.03471
0.02842
0.02642
0.02918
0.03414
0.03347
0.03061
0.03109
0.02747
0.03862
0.03071
0.02699
0.02537
0.02298
0.02584
0.02346
0.04368
0.04272
0.02413
0.1089
0.03185
0.02699
0.02108
0.02213
