0.02604
0.02604
0.02604
0.02346
0.02346
0.02604
0.02604
0.02346
0.02604
0.02346
0.02604
0.02346
0.02604
0.02346
0.02604
0.02346
0.02604
0.02346
0.02604
0.02604
0.02604
0.02346
0.02861
0.02346
0.02604
0.02346
0.02604
0.02346
0.02604
0.02346
0.02604
0.02346
0.02604
3.156
39.99
41.5
41.21
40.58
36.47
33.45
18.09
20.51
39.06
39.99
40.14
35.21
36.91
30.81
16.43
37.26
40.43
40.38
37.11
38.67
29.0
3.375
14.82
38.28
41.5
41.75
36.13
35.74
27.1
13.09
19.19
19.24
21.73
22.58
21.63
20.34
22.02
19.92
20.29
21.9
17.82
12.34
21.17
22.29
24.15
25.2
24.61
23.75
21.9
21.02
23.19
17.07
16.97
20.51
21.75
22.92
24.56
25.83
24.29
19.63
16.02
17.5
18.02
11.87
18.43
18.97
20.12
20.56
21.53
22.17
21.51
20.41
19.7
17.33
18.46
13.01
15.6
16.8
20.39
20.34
13.48
13.55
21.12
21.51
23.17
24.95
26.61
26.9
25.98
24.05
18.8
16.16
12.87
15.31
13.5
11.38
16.89
22.49
25.29
28.42
28.03
30.03
29.88
31.54
14.5
17.65
24.24
26.17
27.15
26.51
27.1
22.95
23.19
21.61
14.36
14.53
11.4
17.99
20.51
22.88
23.49
23.54
21.51
22.36
20.7
23.63
23.34
10.03
9.29
22.58
22.92
23.22
27.1
27.78
24.05
22.12
22.29
20.07
0.3124
0.1562
0.02861
0.02346
0.02604
0.02604
0.02604
0.02346
0.02861
0.02346
0.02861
0.02604
0.02604
0.02346
0.02604
0.02346
0.02604
0.02604
0.02604
0.02346
0.02604
0.02346
0.02604
0.02604
0.02604
0.02604
0.02604
0.02604
0.02604
0.02604
0.02604
0.02604
0.02604
0.02346
0.02604
0.02604
0.02604
0.02604
0.02604
0.02604
0.02604
0.02346
0.02861
0.02346
0.02604
0.02604
0.02604
0.02604
0.02604
0.02346
0.02861
0.02346
0.02604
0.02346
0.02861
0.02346
0.02604
0.02604
0.02604
0.02604
0.02861
0.02346
0.02861
0.02346
0.02604
0.02604
0.02604
0.02604
0.02604
0.02604
0.02604
0.02604
0.02604
0.02346
0.02861
0.02346
0.02861
0.02346
0.02861
0.02346
0.02604
0.02604
0.02604
0.02604
0.02604
0.02346
0.02604
0.02604
0.02604
0.02604
0.02604
0.02604
0.02604
0.02604
0.02604
0.02346
0.02861
0.02346
0.02861
0.02346
0.02861
0.02604
0.02604
0.02604
0.02604
0.02604
0.02604
0.02079
0.02604
0.02346
0.02604
0.02604
0.02604
0.02604
0.02861
0.02604
0.02604
0.02604
0.02861
0.02346
0.02861
0.02604
0.02861
0.02604
0.02861
0.02346
0.02861
0.02604
0.02604
0.02604
0.02861
0.02604
0.02861
0.02346
0.02861
0.02604
0.02861
0.02604
0.02604
0.02604
0.02861
0.02346
0.02861
0.02604
0.02604
0.02346
0.02604
0.02346
0.02346
0.02346
0.02604
0.02079
0.02604
0.02079
0.02604
0.02346
0.02346
0.02346
0.02604
0.02604
0.02604
0.02604
0.02604
0.02079
0.02604
0.02604
0.02604
0.02604
0.02346
0.02346
0.02604
0.02346
0.02861
0.02604
0.02604
0.02346
0.02604
0.02604
0.02604
0.02346
0.02604
0.02079
0.02604
0.02346
0.02604
0.02346
0.02604
0.02079
0.02604
0.02604
0.02604
0.4166
20.61
32.37
24.8
14.89
21.8
22.29
40.33
41.46
40.77
42.04
41.46
41.26
41.55
41.55
38.28
36.72
34.38
32.62
31.49
29.0
16.36
17.26
17.55
18.73
18.77
16.55
16.72
16.97
19.17
18.33
19.43
20.29
24.68
12.84
19.04
21.09
21.07
21.02
18.63
15.8
16.85
18.53
16.38
16.11
16.06
15.67
15.41
16.72
17.87
17.75
17.85
20.41
18.51
18.75
18.9
17.82
19.02
20.78
21.36
22.17
21.97
20.26
18.53
20.87
20.63
17.82
16.94
19.29
21.22
22.51
29.64
37.94
31.05
28.91
27.64
11.83
23.34
24.93
26.51
25.88
25.29
25.44
25.59
26.22
28.71
28.17
28.12
28.37
27.69
28.81
28.47
27.88
28.42
28.76
27.49
28.03
27.64
22.41
34.47
39.31
40.38
38.43
32.76
33.89
24.17
27.39
38.62
38.43
37.99
37.94
36.47
37.11
37.55
37.99
38.57
38.67
39.06
38.04
37.65
37.89
32.08
31.54
37.26
36.77
37.89
32.13
30.62
30.86
17.07
29.3
37.35
36.38
36.77
36.91
36.72
36.08
36.04
36.38
35.69
36.47
37.35
37.3
36.87
36.33
36.96
29.1
31.84
37.65
36.91
35.94
30.86
30.57
32.28
17.26
32.71
37.06
33.98
29.49
27.88
25.78
25.63
25.15
25.39
27.15
28.52
27.73
28.47
30.22
31.64
31.64
31.93
31.45
31.49
31.2
21.14
15.89
17.87
20.39
22.63
26.03
27.73
28.32
28.03
27.0
25.68
15.45
22.88
24.83
25.59
25.24
21.73
23.49
25.05
14.55
24.51
27.59
26.61
23.97
22.85
22.12
14.04
23.14
34.13
37.45
34.28
37.65
18.51
38.53
37.35
30.27
37.45
21.44
36.08
38.57
34.86
39.4
24.66
24.15
37.74
37.01
36.23
36.38
36.23
35.84
34.86
34.18
32.96
34.18
35.4
35.4
36.04
35.74
35.99
36.28
26.37
38.28
40.92
41.21
35.74
31.15
32.71
20.43
17.68
39.11
38.48
37.3
36.23
37.89
39.06
39.36
38.33
38.13
38.62
37.65
35.01
38.13
38.96
36.38
36.33
41.5
42.58
38.48
31.2
34.13
22.58
24.49
39.45
38.87
39.31
38.72
38.96
39.16
39.26
38.33
38.53
38.38
37.99
37.01
38.43
39.16
31.59
39.26
42.38
42.14
36.04
33.74
29.0
14.75
32.91
39.11
38.33
37.45
38.67
38.77
37.7
38.09
38.96
39.01
38.82
38.62
38.92
38.53
38.38
26.66
20.7
24.51
25.39
28.76
29.59
27.88
26.51
25.49
23.19
14.72
18.14
22.27
36.33
33.98
32.37
30.18
26.61
25.24
25.1
24.61
24.29
24.0
22.51
20.63
21.0
20.65
20.14
30.66
31.25
31.15
29.35
29.0
28.12
24.8
29.98
28.76
27.93
27.25
25.78
27.64
27.88
28.42
13.53
24.9
28.91
29.0
30.66
29.88
30.86
31.49
31.79
30.37
29.79
29.35
27.93
32.03
31.3
32.52
31.45
30.57
28.52
26.71
25.44
21.07
32.08
33.79
33.54
32.81
31.4
30.37
30.71
22.97
24.05
21.58
17.19
21.07
21.56
20.83
22.63
15.45
21.0
21.17
23.49
30.62
31.74
20.41
20.83
18.99
24.9
32.13
29.0
10.21
26.76
34.38
36.23
35.21
33.11
32.86
34.81
34.28
35.06
34.86
33.79
32.28
34.33
35.4
35.5
33.3
34.28
30.18
33.35
38.43
36.43
36.18
31.49
31.1
29.79
14.04
0.1459
0.05732
0.02604
0.02079
8.899
17.68
20.26
31.25
30.27
15.38
15.31
12.01
2.829
0.1093
0.04692
0.02079
0.02604
0.02079
0.02604
0.02604
0.02604
0.02079
0.03128
0.02079
0.02604
0.02604
0.02604
0.03128
0.02604
0.02079
0.03128
0.02079
0.02604
0.02604
0.02604
0.02604
0.02604
0.02079
0.02604
0.02604
0.02604
0.02079
0.03128
0.02079
0.03128
0.02604
0.02604
0.02604
0.02604
0.02604
