0.0
0.0
0.0
0.0
0.0
0.0
0.0
9.537e-05
0.0
0.0
0.0
0.0
0.0
0.0
0.0
0.0
0.0
0.0
0.0
0.0
0.0002861
0.0
0.0
0.0
0.0
0.0
0.0
0.0
9.537e-05
0.0
0.0
0.0
0.00391
0.1623
2.09
2.335
2.344
2.377
2.689
5.719
3.394
0.9827
0.7065
2.301
2.689
2.216
2.396
5.688
2.765
2.301
0.2724
1.974
2.42
2.689
2.606
4.834
3.79
2.798
0.3269
0.05455
9.537e-05
1.009
2.356
2.579
2.307
2.664
5.505
2.56
1.338
0.3063
0.1846
0.2964
0.4761
0.1112
1.071
2.222
2.426
2.213
2.429
5.066
3.113
1.05
0.5623
2.283
2.277
2.396
2.286
5.164
3.204
1.276
0.4898
2.13
2.194
2.118
2.231
5.029
2.695
0.8774
0.1419
1.08
2.151
2.087
2.347
2.435
5.121
2.347
0.293
1.381
2.289
2.353
2.209
3.943
3.699
2.011
0.2552
1.74
2.206
1.978
2.206
3.601
3.967
2.689
0.7683
0.4395
0.5981
0.2094
0.1759
0.3807
0.3185
0.4784
0.1381
0.2766
0.1896
0.5882
1.009
2.652
2.6
2.725
2.573
2.725
2.524
2.844
2.908
2.969
2.792
2.93
2.563
2.658
2.585
2.704
3.122
8.435
5.005
5.884
8.118
6.433
5.176
4.315
2.377
0.8408
1.773
2.469
2.441
2.603
2.811
2.664
2.548
2.652
2.597
2.39
2.451
2.182
2.38
2.167
2.307
2.353
2.197
2.075
8.313
5.389
8.02
5.768
7.104
4.681
4.102
3.955
1.611
0.6294
0.05093
0.444
0.2186
0.3326
0.2975
0.1083
0.2972
0.3571
0.2876
0.3407
0.1263
0.1867
0.2159
0.3345
0.3391
0.547
0.2392
0.1944
0.0
0.0
0.0
0.0
0.0
0.0
0.2213
0.3513
0.3105
0.4662
0.222
0.1186
0.1173
0.2972
0.227
0.4082
0.4959
0.5089
0.2934
0.1383
0.296
0.3841
0.3857
0.346
0.1844
0.2735
0.0008583
9.537e-05
0.0
0.0
0.1581
0.1699
0.3613
0.2068
0.2022
0.3101
0.3296
0.4265
0.3448
0.4868
0.6218
0.3605
0.4189
0.2037
0.4745
0.6294
0.1484
0.3132
0.06437
0.0001907
0.0
9.537e-05
0.0
0.0
0.4021
0.1259
0.3811
0.8057
0.6424
0.1627
0.3384
0.1368
0.1368
0.1604
0.4265
0.2102
0.3155
0.1825
0.65
0.1553
0.2884
0.2026
0.0001907
0.0
0.0
0.0
0.0
0.0
0.1896
0.2522
0.3738
0.2125
0.4501
0.5096
0.4799
0.2567
0.1476
0.1631
0.3452
0.2102
0.1514
0.2472
0.1919
0.1965
0.2693
0.4753
0.0
0.0
0.0
0.0
0.0
0.0
0.006199
0.1789
0.309
0.1562
0.4662
0.2438
0.4333
0.3101
0.2682
0.4021
0.4074
0.2628
0.1816
0.227
0.3475
0.3929
0.3765
0.0845
0.0001907
0.0
0.0
0.0001907
0.0
0.0
0.0
0.1545
0.4333
0.1007
0.1066
0.1486
0.2544
0.1259
0.2316
0.156
0.1781
0.1034
0.2029
0.1221
0.4868
0.3426
0.1131
0.07753
0.2872
0.09069
0.0
9.537e-05
0.0
9.537e-05
0.08259
0.3345
0.3937
0.5081
0.4501
0.1795
0.3716
0.3204
0.2499
0.3887
0.1429
0.5127
0.412
0.186
0.3269
0.2567
0.3654
0.3803
0.1257
0.1539
0.3532
1.096
2.878
3.143
3.18
3.119
3.094
3.204
3.247
3.302
3.174
3.018
3.192
3.198
3.308
3.079
8.215
7.385
7.849
6.885
5.487
4.407
2.271
0.5646
2.853
3.04
3.052
2.939
2.975
2.762
3.149
3.079
3.162
3.098
3.217
3.284
2.972
2.661
2.734
5.817
7.153
6.494
9.131
6.873
4.846
3.345
1.286
0.8423
2.408
2.823
2.945
2.975
2.969
2.661
2.856
2.771
3.064
3.0
2.878
2.725
2.927
2.731
2.615
2.817
2.914
8.63
6.775
8.447
6.604
5.829
3.741
3.094
1.59
0.3159
1.544
1.944
1.648
1.654
1.654
1.828
1.855
2.097
1.926
1.871
1.926
1.962
2.051
2.002
2.133
2.338
2.283
2.014
1.917
1.987
2.008
2.307
7.239
2.951
3.369
5.481
5.89
6.396
5.286
4.114
3.326
3.156
1.289
0.4509
1.523
1.627
1.755
1.45
1.575
1.7
1.569
1.691
1.682
1.605
1.614
1.63
1.524
1.663
1.454
1.439
1.414
1.384
1.41
1.454
1.508
1.724
1.88
1.746
1.834
5.951
5.109
3.748
5.481
6.616
5.487
4.834
6.311
4.254
3.833
3.235
1.242
1.129
1.077
1.195
1.44
1.186
1.578
1.834
1.63
1.788
1.813
1.816
2.084
2.087
2.048
2.118
1.941
1.782
1.855
1.669
1.561
1.411
1.633
1.724
1.694
1.431
1.32
1.137
5.402
5.145
2.316
5.316
5.011
6.677
5.975
5.475
5.389
3.503
3.656
2.49
1.718
0.28
0.975
0.885
1.201
2.847
2.078
1.176
0.5203
0.5493
0.9628
1.041
2.509
2.023
0.9491
0.647
0.1444
0.1162
0.09642
0.3174
0.05426
0.9674
1.337
1.569
1.559
1.402
1.454
1.453
1.534
1.654
1.447
1.523
1.904
1.935
1.648
1.749
1.828
1.901
1.923
1.779
1.938
1.642
1.862
1.941
2.039
1.779
2.295
7.129
4.224
4.846
6.287
6.86
5.658
5.829
3.723
3.906
3.333
1.428
1.724
0.008774
1.006
1.48
1.474
1.617
1.859
1.736
1.807
1.862
1.855
1.88
1.871
1.92
2.029
1.956
2.054
1.971
1.892
1.74
1.901
2.042
1.999
1.993
3.949
6.653
2.362
6.042
6.616
6.909
5.304
5.194
3.979
3.229
1.424
0.4547
1.324
1.334
1.477
1.657
1.596
1.703
1.837
1.767
1.7
1.55
1.614
1.559
1.476
1.447
1.54
1.672
1.537
1.486
1.602
1.541
1.361
1.599
1.485
1.624
1.527
1.575
6.653
3.619
2.231
4.675
4.791
5.719
5.786
4.413
4.034
3.345
3.265
2.985
2.255
1.883
0.4478
2.267
0.4585
0.5882
2.002
0.4745
0.168
1.057
0.8972
1.068
1.064
0.9796
1.022
0.9857
0.9811
0.9323
1.028
1.111
1.073
1.14
1.488
1.236
1.552
1.3
1.424
1.663
1.402
1.479
1.448
1.544
1.518
1.526
1.46
1.297
1.46
1.596
1.602
1.439
5.493
5.42
3.186
4.016
4.254
5.835
5.402
4.443
6.409
4.303
2.954
2.887
2.57
0.7568
1.651
0.7698
0.6554
0.1081
0.6874
0.3803
0.1995
0.1261
0.1469
0.2575
0.4219
0.3223
0.1068
0.1219
0.2041
0.2094
0.4707
0.1049
0.5547
0.1879
0.3231
0.3059
0.3128
0.2731
1.511
1.611
1.633
1.782
1.837
1.834
1.877
1.883
1.822
1.758
1.819
1.688
1.828
1.74
1.691
1.746
1.688
1.736
1.663
1.599
1.645
1.501
1.639
3.741
6.677
2.646
5.493
6.628
6.726
6.726
5.554
4.352
3.857
1.566
0.7759
0.01984
0.0
0.0
0.0
0.0
0.0
0.0
0.0
0.0
0.0
0.0
0.0
0.0
0.0
0.0
0.0
0.0
0.0
0.0
0.0
0.02136
1.021
0.5753
0.3193
0.4105
0.7996
0.7317
0.06418
0.9644
0.3204
0.05388
