19.56
17.5
9.18
9.033
9.216
9.045
8.997
9.924
17.63
20.85
20.85
19.04
11.94
11.05
18.73
20.85
20.83
18.43
7.202
6.592
8.276
8.667
8.643
13.26
20.26
20.85
19.75
13.01
10.28
18.51
20.85
20.21
12.06
9.07
8.875
9.46
15.33
16.72
17.33
17.8
18.12
18.26
18.53
18.73
18.95
16.46
15.26
13.01
12.6
10.03
9.021
9.497
16.87
20.83
20.83
19.68
12.89
15.43
16.67
17.24
17.77
18.14
18.46
18.7
18.65
15.62
15.09
14.65
13.06
10.36
8.936
8.606
8.728
8.887
8.875
8.887
9.07
8.96
8.813
9.167
9.338
9.961
15.48
16.7
17.31
17.75
18.07
18.26
18.6
18.58
15.36
14.45
12.3
10.66
8.765
8.838
11.49
19.78
20.83
17.75
9.167
9.338
9.058
9.094
9.119
9.412
11.01
15.8
16.82
17.38
17.9
18.21
18.55
18.68
15.53
14.31
12.01
10.08
9.607
11.21
19.51
20.85
19.95
16.28
9.277
13.99
16.46
17.19
17.7
17.99
18.21
18.51
18.68
18.16
15.48
14.53
12.45
10.52
10.82
15.75
16.85
17.36
17.94
18.21
18.53
17.38
15.28
13.62
12.28
9.448
15.26
16.65
17.33
17.87
18.09
18.31
18.7
17.82
15.43
15.04
12.82
10.45
8.752
14.75
16.75
17.43
17.9
18.29
18.43
18.63
19.02
19.17
19.26
19.34
19.48
19.53
19.7
19.73
19.9
19.92
19.92
19.97
20.12
20.12
20.21
20.31
20.39
20.58
20.7
20.7
18.07
17.58
18.82
20.21
20.46
20.46
20.21
19.68
19.48
19.31
18.75
17.16
16.65
16.36
13.53
8.838
6.628
6.604
6.604
6.604
6.604
6.604
6.604
6.604
7.849
16.33
20.83
20.34
14.4
9.033
8.789
13.79
20.41
20.85
20.0
17.46
9.802
9.106
8.972
7.166
6.604
6.604
6.604
6.604
6.604
6.604
6.604
6.604
7.202
9.204
9.204
13.11
19.78
20.85
20.83
18.46
9.778
9.167
8.96
9.106
9.521
9.668
10.25
9.363
6.677
6.604
6.604
6.604
6.604
6.604
6.604
6.604
6.653
8.899
12.62
20.36
20.83
17.43
9.619
9.155
8.911
12.55
20.39
20.83
19.51
11.01
9.167
9.058
6.86
6.604
6.604
6.604
6.604
6.604
6.604
6.604
8.655
8.826
9.363
9.375
13.35
20.04
20.85
19.8
15.6
9.277
9.167
14.18
20.31
20.85
20.29
13.99
6.799
6.604
6.604
6.604
6.604
6.604
6.604
6.604
6.604
8.655
8.716
9.302
11.39
19.46
20.85
20.41
15.43
16.48
20.85
20.75
14.01
8.948
9.131
8.008
6.604
6.604
6.604
6.604
6.604
6.604
6.604
6.604
6.604
7.031
8.704
8.472
8.337
8.582
14.6
20.63
20.85
20.46
14.18
7.996
11.22
20.14
20.83
20.7
19.34
9.705
6.934
6.604
6.604
6.604
6.604
6.604
7.385
9.644
10.9
18.77
20.85
20.63
17.68
8.972
8.813
9.167
8.643
8.801
8.643
8.667
8.789
8.826
8.899
10.34
18.75
20.83
20.83
19.04
11.76
15.84
17.24
17.94
18.41
18.65
19.04
19.31
19.51
19.6
19.73
19.78
19.92
19.92
20.09
20.12
20.26
20.31
20.31
20.39
20.51
20.51
20.7
20.7
20.7
20.7
20.7
18.82
16.94
18.65
20.09
20.85
20.85
20.87
20.87
20.87
20.87
20.29
18.24
17.99
17.58
15.06
7.959
12.6
16.43
17.29
17.82
18.29
18.51
18.58
18.77
18.97
19.17
19.29
19.36
19.48
19.56
19.56
19.73
19.75
19.9
20.0
20.19
20.31
20.31
20.39
20.58
20.75
20.7
19.63
18.04
18.55
20.34
20.87
20.75
20.63
20.65
20.07
18.77
18.19
13.11
13.06
17.24
18.14
18.63
19.04
19.46
19.56
19.73
19.9
19.9
20.04
20.09
20.26
20.31
20.46
20.56
20.68
20.7
20.7
19.68
17.7
19.12
20.7
20.85
20.87
20.87
20.87
20.75
20.29
19.19
18.02
18.02
18.02
17.87
9.778
12.32
16.43
17.31
17.75
18.19
18.43
18.6
18.75
19.04
19.38
19.56
19.73
19.75
19.92
19.95
20.02
20.24
20.36
20.51
20.51
20.53
20.7
20.7
20.7
20.73
18.73
17.46
18.53
20.46
20.87
20.87
20.41
20.29
20.31
20.04
18.24
17.82
17.82
17.31
16.8
9.949
13.57
16.65
17.46
18.09
18.53
18.77
19.02
19.31
19.36
19.51
19.58
19.75
19.75
19.92
19.95
20.07
20.14
20.14
20.19
20.31
20.31
20.41
20.53
20.7
20.7
20.7
17.58
17.31
19.09
20.07
20.65
20.75
20.83
20.46
20.09
19.53
19.36
19.21
11.25
13.45
16.43
16.55
13.28
11.84
10.66
16.11
16.48
13.01
12.27
9.326
15.33
16.92
13.99
12.94
9.436
13.94
16.77
15.77
13.06
11.65
10.06
15.19
17.11
13.99
12.96
9.985
13.13
16.82
14.84
13.04
9.326
15.87
17.72
18.53
18.97
19.38
19.56
19.68
19.82
19.87
20.0
20.09
20.19
20.31
20.31
20.48
20.51
20.7
20.7
18.82
17.65
20.31
20.83
20.83
20.85
19.87
18.75
18.43
15.58
8.911
8.923
13.28
17.38
18.26
18.7
19.24
19.51
19.7
19.73
19.9
20.09
20.19
20.24
20.39
20.51
20.63
20.7
20.46
17.29
18.02
20.63
20.85
20.85
20.87
20.36
19.21
18.75
10.63
15.58
17.85
18.48
18.87
19.34
19.56
19.68
19.92
19.95
20.12
20.21
20.36
20.48
20.48
20.56
20.78
20.8
18.16
18.85
20.83
20.85
20.85
20.85
20.26
18.97
18.87
18.51
9.851
11.04
11.13
10.05
9.863
12.06
9.729
11.69
10.1
10.93
11.58
9.302
12.3
9.338
11.85
9.644
16.28
17.7
18.38
18.68
19.14
19.51
19.6
19.73
19.87
20.04
20.12
20.14
20.31
20.31
20.48
20.68
20.7
20.26
17.31
19.78
20.87
20.85
20.85
20.85
20.87
20.0
19.29
19.17
14.33
10.68
9.29
9.692
9.619
9.265
14.04
20.78
19.65
12.08
10.72
12.15
20.68
20.61
13.57
10.31
9.131
10.17
8.997
9.521
10.11
10.39
17.14
20.8
20.83
16.48
9.753
9.778
9.534
16.06
20.75
20.85
18.38
9.253
9.827
9.131
9.094
9.436
9.509
9.448
9.302
9.509
9.277
8.984
10.36
11.58
16.94
20.41
20.78
19.78
11.82
7.849
9.473
9.412
9.558
9.326
9.265
8.728
9.277
14.55
20.75
19.95
11.29
16.31
20.85
19.92
12.45
9.546
9.668
6.921
6.604
6.604
6.604
6.604
6.604
6.604
6.604
6.604
6.604
6.604
6.604
6.604
6.604
6.604
6.604
6.604
6.604
6.604
6.604
6.604
6.604
8.582
9.509
10.31
9.912
9.802
10.06
10.29
9.338
9.839
