20.85
21.36
21.02
21.58
21.26
19.85
21.58
21.14
19.21
20.36
21.26
21.97
21.92
21.78
22.24
21.88
21.95
21.24
21.36
21.75
21.85
21.61
21.48
21.7
21.7
21.39
21.46
20.85
20.92
21.14
16.82
4.865
0.0
13.28
21.73
21.12
20.41
21.22
21.51
21.78
21.51
21.68
21.29
21.46
19.12
21.56
21.61
21.46
21.56
21.22
21.51
21.26
21.51
21.48
21.68
21.58
21.83
15.97
21.61
21.56
21.78
21.53
21.56
21.85
21.7
21.73
21.78
21.48
18.51
21.58
9.961
0.1999
0.0
0.0
0.1816
7.751
22.97
22.71
22.66
22.49
22.58
22.22
22.56
11.25
0.08783
0.0
