14.7
15.11
18.16
18.36
16.87
13.31
14.62
13.99
15.19
3.284
0.2213
13.23
14.04
4.535
0.1537
0.05465
0.02604
0.02861
0.02346
0.02861
2.631
15.58
13.57
13.96
15.21
17.46
18.36
17.82
12.79
16.21
13.31
11.49
12.26
11.6
14.4
16.11
15.7
16.48
16.53
10.08
16.8
15.55
15.41
15.6
15.5
16.24
16.48
15.84
16.41
16.36
15.23
15.77
16.11
15.72
16.87
12.94
13.23
18.75
18.33
19.14
16.6
16.09
15.92
15.62
15.62
15.87
15.41
16.38
17.26
18.31
16.43
14.04
12.82
15.21
13.16
13.11
14.45
10.84
18.12
19.34
17.58
16.09
15.33
15.67
15.5
15.36
15.06
15.26
16.58
16.46
17.19
21.24
13.33
14.43
15.26
15.89
15.87
16.16
10.17
0.6485
5.328
11.43
20.7
21.73
20.61
20.14
20.02
17.65
16.75
16.31
17.19
18.65
24.39
10.13
19.63
17.75
17.02
16.24
16.48
18.87
18.36
17.72
15.84
20.12
20.34
17.24
15.48
15.89
15.04
15.16
15.09
5.804
19.09
16.82
15.5
16.33
15.7
17.55
18.16
16.33
18.51
15.67
19.12
19.31
16.94
17.26
15.58
16.99
16.26
15.77
12.44
14.82
9.436
20.0
16.89
16.82
16.26
15.72
15.38
15.62
15.53
15.55
15.36
16.65
16.11
16.19
17.58
8.911
13.92
14.4
14.45
15.19
16.5
18.46
16.58
15.11
13.45
15.01
15.97
17.8
16.67
17.04
4.456
0.5157
0.1041
0.02604
0.02604
0.02604
0.02346
0.02861
5.237
17.82
16.6
15.87
15.65
11.3
14.87
14.53
20.95
20.56
19.07
15.43
17.38
15.72
15.38
16.14
5.591
0.5836
0.1484
0.02861
0.02604
0.02861
0.02604
0.02861
0.8621
14.26
14.23
14.72
12.06
14.55
16.14
14.94
15.33
15.16
14.97
13.11
13.77
13.67
13.84
12.89
0.211
0.112
0.02604
0.02861
0.02861
0.03128
0.02604
0.03128
2.515
17.31
21.07
24.39
16.24
14.62
18.36
18.12
20.39
22.66
13.77
14.82
17.75
13.99
16.55
7.495
6.287
6.506
0.1484
0.05989
0.02604
0.02861
0.02604
0.02861
0.02604
13.53
12.57
16.82
17.65
28.61
24.61
12.62
16.31
23.49
26.61
15.87
14.18
12.19
16.38
12.82
0.2007
0.1093
0.02861
0.02861
0.02604
0.02861
0.02604
0.03128
14.82
18.85
20.83
23.0
14.18
15.48
21.29
21.63
21.09
13.06
12.94
21.14
24.61
21.41
15.82
23.0
26.42
24.37
1.224
0.6042
0.05732
0.02861
0.02604
0.02861
0.02604
8.35
12.92
13.94
12.46
10.82
11.11
10.9
16.19
22.68
24.95
16.38
12.43
17.48
18.85
22.17
25.59
7.312
0.7347
0.164
0.02604
0.02604
0.02346
0.02861
0.02346
0.02604
12.45
16.85
18.29
19.31
18.26
12.37
12.96
9.436
9.375
0.1692
0.08593
0.02861
12.57
18.95
17.7
17.41
18.85
2.719
0.5234
0.09117
0.02604
0.02604
5.591
17.26
16.21
20.8
22.41
19.78
10.33
18.85
19.41
21.63
23.54
25.78
29.44
31.54
31.01
29.54
27.83
27.54
27.29
26.76
26.51
27.1
26.17
25.83
25.88
25.88
25.93
26.07
26.37
25.0
22.22
8.899
16.14
16.92
17.16
19.21
31.59
40.04
29.1
27.44
23.17
25.0
4.395
29.25
34.81
33.25
31.59
31.05
33.3
34.47
36.08
37.94
39.65
38.82
35.94
34.42
36.91
34.47
35.94
37.99
35.55
17.04
35.25
35.89
33.89
38.13
31.93
30.71
30.27
6.86
23.07
39.31
40.58
40.77
37.84
36.77
37.99
39.06
40.82
41.02
39.7
38.96
38.48
38.18
36.62
37.79
22.41
26.81
34.62
32.13
33.2
36.28
31.05
28.52
21.75
3.528
31.74
39.5
39.16
34.13
31.4
30.57
31.54
32.18
33.11
37.26
37.45
33.94
39.5
38.48
39.55
39.06
37.6
22.88
17.36
34.47
38.87
37.79
34.91
27.64
32.08
25.49
4.065
34.81
40.28
39.89
38.87
35.4
31.45
33.15
34.38
35.45
37.45
35.11
35.45
34.18
35.16
39.99
39.79
37.21
18.7
26.61
36.52
36.13
35.74
32.03
29.0
28.81
21.8
3.394
27.54
33.69
34.42
35.11
35.99
39.16
37.84
36.23
34.08
37.35
35.25
34.18
35.25
38.48
38.04
34.52
36.82
27.34
13.43
33.11
34.03
33.4
32.03
24.76
21.44
27.29
24.39
16.02
5.31
35.79
39.5
38.77
37.35
35.6
35.21
34.18
30.81
32.23
31.74
32.76
32.52
36.04
33.74
37.01
36.96
34.28
31.69
20.43
38.18
36.77
33.4
33.01
24.85
27.49
27.59
13.6
17.6
32.47
35.5
27.98
35.16
28.71
17.46
38.09
32.32
36.87
11.08
30.13
33.64
26.46
31.15
23.19
35.35
27.2
35.4
14.11
30.76
37.06
36.43
36.52
38.28
38.13
37.21
37.5
34.67
35.25
34.96
32.57
35.01
35.84
38.38
39.45
39.45
13.23
13.16
26.9
36.23
33.64
33.5
32.37
28.42
32.13
17.07
3.302
30.37
40.23
39.55
40.38
39.11
40.62
37.35
37.21
36.72
35.74
36.91
39.65
39.6
39.36
38.38
40.87
21.58
39.31
41.7
41.89
33.84
29.2
30.18
21.75
3.601
36.33
37.65
36.77
38.48
39.26
38.77
39.89
37.5
34.03
33.94
33.59
36.23
38.72
40.82
40.58
41.02
25.83
22.8
37.99
41.31
40.62
26.27
29.15
27.73
17.48
3.54
35.5
39.89
40.04
38.09
36.72
36.57
39.21
39.75
40.58
39.99
35.6
34.08
33.54
34.52
35.06
37.84
33.35
20.26
41.06
40.87
41.75
31.69
32.08
32.03
11.98
20.78
19.29
27.98
13.77
28.17
23.41
23.68
29.15
25.49
24.88
20.92
25.24
28.37
17.53
34.72
36.43
35.45
34.42
37.3
36.28
36.62
35.01
32.62
30.27
31.01
29.93
39.99
41.06
40.62
41.02
32.96
22.63
42.38
41.06
41.31
32.03
28.66
28.47
16.33
22.63
22.02
24.63
35.16
35.35
19.38
24.37
21.56
30.66
18.63
21.85
25.34
23.61
22.53
21.88
18.14
23.29
17.21
17.53
20.0
21.44
22.97
28.71
33.06
25.49
20.73
21.83
21.39
20.8
17.55
19.7
22.36
32.96
34.13
16.31
24.07
32.71
36.38
17.7
27.05
40.87
40.92
38.67
37.94
35.45
34.23
33.59
34.33
35.45
31.01
35.74
37.65
39.11
38.62
38.48
39.16
23.9
36.28
37.26
33.89
31.79
27.98
30.22
32.42
14.48
18.82
14.97
23.32
31.3
30.52
17.55
15.94
19.51
22.36
29.1
28.47
16.14
11.45
4.907
0.1303
0.1198
0.02079
0.03128
0.02604
0.02604
0.02604
0.03128
0.02079
0.03128
0.02604
0.02604
0.02604
0.02604
0.02604
0.02604
0.02604
0.02604
0.02604
0.02604
0.02604
15.92
34.38
32.71
19.02
8.643
22.02
20.87
17.8
23.68
