5.829
5.829
5.829
5.829
5.829
5.829
5.829
5.829
5.829
5.829
5.829
5.829
5.829
5.829
5.829
5.829
5.829
5.829
5.829
5.829
5.829
5.829
5.829
5.829
5.829
5.829
5.829
5.829
5.829
5.829
5.829
5.829
6.183
9.644
15.43
16.82
17.41
17.92
17.21
15.16
14.67
14.33
8.704
14.82
16.48
17.33
17.82
18.12
15.53
14.89
13.82
8.923
8.716
8.594
8.728
10.9
20.36
19.46
12.57
8.911
8.789
8.472
11.36
16.02
17.09
17.7
18.09
15.82
14.67
14.06
9.192
8.813
8.813
8.789
15.26
16.75
17.46
17.94
17.02
15.09
14.62
10.18
8.704
8.643
14.72
16.38
17.09
17.58
17.92
15.8
14.53
13.89
9.619
13.62
20.7
19.56
17.92
10.38
8.63
12.87
16.26
17.11
17.63
17.26
15.04
14.87
10.34
13.96
16.24
17.14
17.75
17.97
15.31
14.48
13.57
10.61
15.77
16.94
17.55
17.92
14.99
14.23
13.96
9.607
9.07
9.216
9.106
8.63
8.997
9.106
9.009
9.143
9.253
9.265
9.082
15.19
16.6
17.33
17.75
18.14
16.06
14.65
14.45
11.08
14.18
16.48
17.29
17.77
18.09
15.36
14.33
13.96
10.07
14.33
15.99
16.94
17.46
17.85
18.09
14.67
14.26
13.62
10.18
14.23
16.43
17.21
17.7
17.94
18.29
18.53
18.63
18.8
18.95
18.95
19.04
19.14
19.34
19.34
19.51
19.53
19.53
19.53
19.68
19.73
19.87
20.12
20.12
17.9
16.48
18.36
20.78
20.85
20.87
20.87
20.87
20.87
20.9
20.75
19.19
18.6
18.6
18.55
12.79
8.606
8.838
8.911
15.41
20.34
20.7
19.36
17.97
17.31
14.53
9.119
9.021
9.058
8.496
9.204
11.36
19.46
20.75
18.58
17.43
12.12
8.923
8.789
8.606
8.569
8.655
7.3
6.018
5.884
5.829
5.829
5.829
6.726
8.752
12.57
20.07
20.61
17.8
16.38
9.534
11.85
19.87
20.48
18.31
17.65
12.24
9.082
9.399
17.24
20.8
19.07
14.31
6.018
5.835
5.829
5.829
6.824
8.704
8.765
8.215
8.374
9.216
9.241
8.35
8.545
14.58
20.78
19.09
16.63
9.595
8.582
8.716
8.655
9.045
8.289
6.018
6.024
5.841
5.829
5.829
6.75
8.667
8.74
9.473
8.984
9.143
9.521
18.43
20.73
18.38
12.99
8.85
10.96
19.6
20.7
17.36
13.87
8.997
8.655
6.226
6.024
6.024
6.024
6.024
6.885
8.691
8.325
8.386
8.569
8.545
11.84
20.48
19.46
16.48
8.875
8.594
8.35
8.618
8.24
8.557
9.216
17.99
20.8
18.51
13.55
6.274
6.024
6.024
6.86
8.826
14.92
20.43
20.85
20.34
18.21
14.65
14.43
20.7
19.34
17.33
10.58
8.093
14.09
20.73
20.85
19.36
13.48
6.207
6.024
6.024
6.024
6.024
7.19
9.094
8.826
9.302
9.058
9.009
8.325
8.386
8.545
8.423
11.4
20.46
19.82
17.97
9.155
10.9
16.26
17.24
17.75
17.99
18.21
18.43
18.85
18.97
18.97
18.97
19.14
19.29
19.41
19.53
19.65
19.73
19.78
19.92
19.95
20.24
20.31
20.31
19.09
16.89
19.02
20.14
20.65
20.46
20.29
20.29
20.31
20.29
18.87
18.41
18.41
18.31
18.02
14.62
11.65
15.94
16.85
17.36
17.77
17.99
18.14
18.48
18.65
18.77
18.92
18.97
19.14
19.17
19.21
19.36
19.36
19.36
19.51
19.56
19.65
19.73
19.73
19.78
19.92
19.92
20.09
20.26
20.29
20.04
16.92
17.48
20.14
20.85
20.85
20.85
20.87
20.51
19.73
19.56
19.36
11.87
14.43
16.5
17.11
17.6
17.9
18.12
18.21
18.55
18.73
18.85
18.97
19.14
19.17
19.34
19.36
19.53
19.53
19.65
19.73
19.73
19.85
19.92
19.92
19.92
19.92
20.0
20.29
20.31
20.31
20.31
20.31
17.63
17.19
18.43
20.17
20.48
20.48
20.48
20.48
20.48
20.31
20.17
19.65
18.58
18.41
18.41
18.19
17.63
13.21
11.67
15.8
16.72
17.21
17.65
17.92
18.12
18.46
18.75
18.95
19.07
19.17
19.31
19.43
19.53
19.73
19.73
19.73
19.92
19.92
19.92
20.02
20.29
20.31
20.31
19.34
16.94
17.82
20.09
20.83
20.85
20.85
20.87
20.78
20.7
19.8
18.97
18.19
14.67
12.48
16.55
17.55
17.92
18.21
18.6
18.92
19.07
19.17
19.29
19.34
19.43
19.53
19.63
19.73
19.78
19.92
19.92
20.09
20.31
20.31
20.31
17.97
17.63
19.95
20.43
20.26
20.29
20.29
20.12
19.63
19.38
19.12
11.99
14.94
16.67
14.33
13.13
10.57
13.53
16.43
16.94
13.43
13.09
10.52
13.77
16.46
15.26
13.13
11.3
12.5
16.31
16.02
13.18
12.77
10.88
15.84
16.77
13.84
12.89
10.23
14.99
16.65
13.99
12.77
9.448
14.14
16.89
17.6
18.12
18.41
18.85
18.99
19.17
19.34
19.36
19.53
19.56
19.73
19.85
19.92
19.92
20.09
20.24
20.31
20.29
17.16
17.11
19.53
20.85
20.85
20.85
20.87
20.07
19.63
18.9
13.94
13.65
16.99
17.8
18.16
18.53
18.99
19.14
19.24
19.34
19.46
19.6
19.73
19.8
19.92
20.02
20.17
20.31
20.39
18.43
17.63
20.51
20.65
20.65
20.63
19.97
19.36
19.29
17.48
12.01
16.67
17.7
18.12
18.41
18.73
18.97
19.14
19.26
19.34
19.51
19.6
19.78
19.8
19.87
19.92
20.04
20.26
20.29
20.26
17.31
18.41
20.85
20.85
20.85
20.78
20.58
20.02
19.04
18.8
18.8
12.6
10.6
12.65
12.67
11.01
11.78
18.53
19.46
16.5
10.6
15.14
16.7
17.46
17.92
18.19
18.38
18.7
19.14
19.31
19.38
19.53
19.53
19.73
19.73
19.8
19.92
19.92
20.09
20.19
20.41
20.43
19.9
17.07
18.82
20.85
20.85
20.85
20.87
20.87
20.46
19.17
18.99
18.97
17.6
9.229
9.705
10.28
9.338
8.826
8.826
9.619
9.595
12.62
20.02
20.34
18.02
11.27
9.167
10.07
9.521
17.21
20.41
20.29
17.41
14.6
10.16
10.06
11.62
17.46
19.68
17.8
11.58
9.131
9.106
9.106
9.167
9.216
11.32
19.8
20.83
19.41
15.94
14.09
20.21
20.7
18.73
13.06
14.87
20.17
19.48
17.09
10.16
9.448
9.705
18.38
20.85
19.48
17.58
12.13
9.668
8.704
9.082
8.276
9.058
8.777
9.29
13.35
20.48
20.63
18.8
13.75
6.531
6.213
6.219
6.219
6.219
6.219
6.219
6.219
6.219
6.219
6.219
6.219
6.219
6.219
6.219
6.219
6.219
9.619
9.082
9.497
10.17
8.606
10.67
9.094
9.326
10.49
9.692
9.143
