8.948
11.12
18.63
20.73
20.63
18.75
14.48
8.691
8.435
8.752
8.911
9.253
16.92
20.73
20.85
14.09
6.519
6.335
6.219
6.219
8.496
8.484
10.85
18.53
20.8
20.78
18.65
16.55
12.74
19.68
20.8
20.68
18.7
18.33
15.11
15.8
16.53
16.99
17.43
17.8
18.02
18.29
18.26
15.65
14.72
14.36
14.18
8.862
10.22
18.26
20.73
20.75
19.41
18.21
14.28
9.534
16.87
20.78
20.8
18.65
15.38
10.49
8.826
14.36
15.99
16.7
17.11
17.58
17.8
17.92
18.26
18.38
17.11
14.94
14.38
13.84
13.57
10.68
12.96
20.19
20.8
20.73
19.63
19.58
19.56
19.56
19.56
19.46
19.36
19.36
19.36
19.36
19.36
18.68
17.48
16.65
16.28
15.89
13.5
10.83
17.31
20.65
20.83
20.07
18.38
15.55
15.41
20.02
20.78
20.53
18.02
17.85
17.82
17.82
17.82
17.82
17.85
17.99
18.21
18.38
17.75
16.97
16.7
15.36
11.94
9.033
9.412
9.9
9.265
8.74
10.16
9.656
8.972
9.375
10.95
15.82
16.72
17.14
17.55
17.82
18.02
18.26
18.38
17.09
14.99
14.36
13.96
11.32
8.862
9.814
9.497
15.01
20.26
20.7
20.0
18.21
18.19
11.84
13.92
19.8
20.7
20.61
18.48
17.85
14.23
9.351
9.082
9.448
9.705
9.155
14.53
20.04
20.75
20.43
18.65
18.6
13.45
13.99
19.8
20.78
20.63
18.53
17.82
13.18
6.738
6.36
6.36
6.641
9.021
9.094
10.93
18.73
20.8
20.61
15.09
9.412
8.74
8.582
9.338
8.826
9.326
8.85
14.23
20.14
20.83
20.68
18.36
14.38
6.494
6.409
6.409
6.628
9.082
9.363
9.07
9.07
13.21
19.82
20.75
20.75
19.9
19.63
16.19
9.155
9.131
9.106
9.07
8.923
9.387
11.5
18.68
20.75
20.73
19.58
18.6
11.13
8.936
9.058
9.106
9.07
9.302
8.972
9.082
9.68
17.5
20.8
19.95
17.07
10.29
9.058
9.9
9.314
9.29
9.839
6.543
6.506
6.409
6.409
6.409
6.653
8.801
8.74
9.46
11.08
18.29
20.75
20.8
18.92
15.21
9.839
11.21
17.38
20.63
20.7
20.07
18.29
18.36
12.39
15.92
20.65
20.8
20.39
18.48
16.24
9.473
9.656
16.26
20.61
20.8
19.82
17.92
17.85
11.34
9.424
15.38
20.46
20.8
20.75
18.51
18.16
13.45
9.387
6.543
6.555
6.421
6.409
6.409
6.58
8.74
12.57
19.75
20.85
20.85
16.7
8.813
9.351
10.93
20.26
20.8
15.01
8.716
8.777
8.936
8.691
8.704
7.959
6.604
6.506
6.409
6.409
6.409
6.58
8.899
8.752
8.704
8.655
8.533
8.337
8.667
8.911
8.398
8.862
15.77
20.8
20.85
20.29
12.48
20.19
20.83
19.92
8.154
6.946
6.458
6.409
6.409
6.543
8.948
9.949
9.57
9.521
10.38
20.46
17.04
8.936
9.619
15.58
17.07
17.75
18.31
18.55
18.97
19.19
19.34
19.43
19.56
19.73
19.8
19.9
20.02
20.14
20.41
20.51
18.53
19.87
20.85
20.85
20.85
20.02
18.21
17.97
16.04
13.45
16.63
15.84
14.16
10.83
13.96
17.38
18.24
18.8
19.19
19.36
19.56
19.73
19.92
20.04
20.12
20.24
20.46
20.68
18.43
20.73
20.85
20.85
20.04
18.53
18.21
14.31
13.77
16.65
17.33
17.9
18.26
18.55
18.9
19.14
19.38
19.56
19.56
19.73
19.73
19.9
19.92
20.02
20.19
20.26
20.51
20.53
19.9
19.43
20.83
20.85
20.85
20.85
19.82
17.77
17.53
17.41
14.92
12.5
16.04
16.99
17.43
17.87
18.21
18.41
18.63
18.92
19.12
19.34
19.34
19.53
19.53
19.53
19.65
19.73
19.73
19.9
19.97
20.09
20.09
20.09
20.14
20.26
20.31
20.34
20.51
20.51
20.51
20.7
19.85
19.24
20.87
20.85
20.85
20.87
20.87
20.87
20.87
19.95
18.43
18.24
18.21
18.21
18.19
11.71
15.36
16.94
17.6
18.09
18.36
18.51
18.77
18.97
19.12
19.17
19.29
19.46
19.56
19.56
19.56
19.56
19.68
19.75
19.9
19.95
20.09
20.12
20.12
20.12
20.17
20.31
20.36
20.51
20.51
20.51
20.51
20.51
20.68
18.65
20.46
20.9
20.9
20.87
20.87
20.87
20.87
20.87
20.83
19.51
18.68
18.6
18.6
18.6
18.6
13.18
14.65
16.75
17.46
17.97
18.31
18.48
18.82
19.07
19.21
19.36
19.53
19.56
19.63
19.75
19.75
19.75
19.87
19.95
19.95
20.02
20.12
20.12
20.24
20.36
20.51
20.51
20.51
18.33
18.68
20.9
20.87
20.7
20.68
20.68
20.68
20.65
20.36
19.82
19.75
19.43
14.01
13.5
16.33
16.5
14.7
14.55
13.99
18.29
19.97
19.29
17.58
17.5
19.75
20.12
18.65
17.14
17.04
16.99
15.8
15.09
10.38
16.02
17.41
18.07
18.46
18.7
19.12
19.31
19.43
19.58
19.73
19.85
19.92
20.04
20.12
20.14
20.31
20.31
20.39
20.53
20.65
20.7
18.77
20.19
20.87
20.87
20.87
20.75
20.68
20.68
20.36
18.63
18.41
18.41
18.41
12.29
11.93
17.14
18.16
18.63
19.09
19.38
19.53
19.7
19.82
20.07
20.12
20.31
20.46
20.68
19.73
19.48
20.83
20.8
20.75
20.14
20.04
13.65
15.48
17.75
18.41
18.92
19.26
19.38
19.53
19.7
19.73
19.73
19.9
19.92
19.92
19.92
20.12
20.09
20.26
20.29
20.46
20.68
20.68
19.43
19.43
20.85
20.85
20.85
20.83
20.85
20.07
19.56
19.56
19.56
19.58
14.28
11.58
9.961
9.717
11.4
9.705
11.05
11.01
9.998
11.44
10.03
10.95
11.6
16.72
17.8
18.36
18.63
19.02
19.29
19.34
19.53
19.7
19.82
19.92
19.95
20.12
20.12
20.29
20.31
20.48
20.68
20.68
20.46
18.7
20.73
20.85
20.85
20.75
20.12
18.55
18.41
18.41
11.79
10.06
16.92
20.43
12.04
9.265
13.7
20.83
14.06
9.875
9.485
9.57
9.18
16.02
20.68
14.23
19.24
19.78
10.79
16.7
17.92
18.48
19.02
19.29
19.53
19.6
19.78
19.95
20.12
20.29
20.31
20.56
20.68
19.14
20.17
20.83
20.83
20.39
18.99
18.68
13.28
9.07
9.106
18.16
20.26
8.472
6.763
6.604
8.752
9.399
8.887
16.26
20.58
12.84
9.399
9.045
9.143
9.326
8.936
8.655
9.387
8.765
9.155
8.887
9.119
9.033
10.01
6.714
6.604
6.604
6.604
6.604
6.604
6.604
6.604
6.604
6.604
6.604
6.604
6.604
6.604
6.604
6.604
6.604
6.604
6.604
8.057
9.509
9.595
9.363
9.729
9.351
10.18
9.668
9.924
9.338
9.766
