0.7111
0.5569
0.2911
0.7713
0.4303
0.4829
0.4997
0.7088
0.5257
0.4204
0.5211
0.4326
0.5127
0.5196
0.5699
0.4456
0.4692
0.4898
0.4059
0.4623
0.4936
0.5829
0.4562
0.7668
0.592
0.4822
0.5646
0.3746
0.4333
0.4128
0.5936
0.4684
0.5554
0.4639
0.5577
0.4364
0.5165
0.4379
0.602
0.5257
0.5997
0.3811
0.2529
0.4974
0.4921
0.7225
0.7156
0.5142
0.5104
0.9048
1.013
0.7698
0.6737
0.5959
0.5249
0.7843
0.7561
0.6203
0.6927
0.8698
0.6493
0.5119
0.8453
0.6348
0.5112
0.6691
0.5287
0.6012
0.6134
0.65
0.6172
0.6241
0.5066
0.293
0.7812
0.621
0.2998
