17.29
17.8
20.41
18.02
18.19
18.38
17.63
16.41
16.09
16.24
18.43
16.38
17.02
17.11
17.5
17.09
17.97
16.31
18.68
17.75
18.68
16.89
16.38
16.53
17.26
18.7
16.33
16.24
16.33
17.41
16.89
18.33
16.77
16.55
16.63
19.12
16.94
16.65
17.48
18.97
17.63
18.19
17.65
17.7
16.48
17.43
17.26
17.6
17.24
17.38
17.68
19.92
17.41
19.12
17.82
17.53
18.09
17.29
16.36
16.53
16.33
17.65
14.53
15.31
16.04
18.24
18.07
20.41
20.02
19.87
20.73
18.31
17.85
18.6
19.31
17.99
17.19
16.09
16.14
17.92
17.19
18.33
16.85
18.43
18.65
16.72
18.14
18.36
17.82
18.36
18.29
16.85
17.6
17.97
18.87
16.58
18.41
17.53
16.36
16.38
17.94
15.58
16.53
16.6
15.97
17.72
16.77
17.33
16.65
18.65
19.7
18.8
16.38
15.94
17.24
17.58
15.38
15.6
16.28
16.7
17.38
17.33
17.7
18.31
18.95
18.33
19.46
17.38
20.12
20.26
19.26
18.07
16.7
16.97
18.38
14.28
14.75
15.65
16.85
18.48
17.33
17.16
16.67
16.46
18.12
17.31
18.8
16.67
18.87
18.12
18.8
18.97
20.7
19.09
19.51
18.68
18.36
19.7
17.36
17.31
16.87
19.26
16.5
17.29
17.21
19.38
18.87
17.6
16.72
18.33
17.92
17.65
17.68
19.02
18.43
17.26
15.67
15.99
16.5
17.53
18.26
19.56
21.14
20.41
16.89
18.6
16.26
16.65
16.38
17.19
17.11
18.36
18.7
18.68
19.17
17.7
17.48
17.65
18.48
19.31
17.65
17.68
18.16
17.72
18.82
20.0
17.63
17.53
16.72
19.19
19.26
16.09
16.6
17.58
17.65
20.34
21.17
17.82
17.7
17.82
18.48
17.33
16.58
17.9
18.92
19.75
18.9
19.87
20.51
20.48
18.43
16.87
17.58
16.99
17.85
16.11
17.36
18.85
18.21
19.24
21.22
19.19
17.19
16.75
18.55
18.53
17.97
17.8
18.51
18.24
17.46
18.46
19.43
19.02
18.14
20.17
18.51
17.99
16.5
17.7
18.16
20.75
18.82
18.82
18.99
17.82
16.89
17.55
17.99
18.14
16.14
15.62
15.33
17.29
16.94
17.46
16.7
18.51
19.29
20.8
17.8
17.9
14.28
15.72
18.09
21.26
18.77
17.65
17.8
17.55
16.75
17.26
17.02
15.62
18.58
17.26
17.24
18.07
18.68
17.77
19.07
18.63
18.75
17.58
17.31
16.67
16.65
15.89
17.02
16.19
16.85
16.33
19.97
18.97
18.77
17.5
19.51
18.85
18.77
17.6
17.02
17.24
16.16
16.65
18.43
17.04
19.7
17.21
18.09
18.29
18.7
16.94
16.99
16.89
22.36
17.02
16.8
17.9
15.89
16.75
16.99
17.7
19.26
16.94
17.31
15.97
16.14
17.58
19.73
18.19
17.6
17.68
18.38
16.92
18.31
16.02
16.16
16.94
18.73
17.41
17.82
17.6
15.67
15.8
16.72
18.19
17.94
17.29
17.16
17.82
17.5
16.8
16.14
18.26
17.75
16.16
18.43
16.75
16.6
16.06
16.02
16.33
16.26
16.48
16.75
16.8
17.26
18.14
19.41
17.7
18.65
18.87
20.53
16.21
18.21
16.99
18.55
17.38
20.09
16.04
16.48
16.46
16.72
19.14
19.53
20.02
18.46
18.09
15.94
16.99
17.68
18.21
18.33
18.68
18.31
20.07
21.53
20.41
20.09
18.24
19.26
18.12
17.38
16.65
16.31
18.77
17.5
18.63
19.21
20.85
19.17
19.09
18.8
19.02
18.04
17.75
17.09
16.72
16.24
18.04
18.6
18.24
17.36
18.46
20.36
19.92
17.94
18.43
18.58
20.53
18.51
19.29
18.12
18.41
18.38
18.24
18.92
20.02
17.68
16.21
19.95
18.07
20.48
19.43
18.48
17.94
17.7
17.97
18.82
19.43
19.24
17.46
18.48
19.51
18.26
18.63
18.75
19.95
19.87
17.6
17.16
18.58
17.53
18.07
17.99
17.8
18.04
18.97
17.99
19.38
19.7
19.63
18.21
20.58
18.51
20.83
18.97
18.38
17.58
18.09
18.73
18.92
19.8
21.39
21.44
17.92
16.55
19.56
17.94
17.65
18.65
19.53
18.95
19.02
18.55
19.12
19.82
19.17
16.48
17.94
17.8
18.12
17.46
18.77
19.82
22.34
21.48
18.82
17.92
17.33
16.5
15.84
19.14
19.97
18.97
18.53
20.92
20.09
19.17
18.29
18.19
19.26
19.31
17.6
18.92
19.36
19.53
18.77
18.7
19.65
17.92
17.99
20.87
19.29
17.5
16.46
16.6
18.24
19.21
20.34
20.19
19.87
18.82
19.14
19.7
19.26
19.68
17.75
17.63
19.46
19.09
19.17
19.82
18.48
17.07
17.9
19.53
19.09
19.26
20.12
19.78
19.38
18.95
18.14
18.46
19.58
20.46
18.77
18.07
18.95
19.09
19.48
20.12
16.65
17.26
17.85
18.87
18.48
17.7
18.82
21.36
22.46
18.19
17.48
17.75
17.38
18.9
20.8
17.26
18.19
18.53
15.38
16.41
16.6
17.26
18.02
17.87
17.5
18.02
17.04
16.7
16.92
16.82
18.55
16.53
17.36
17.31
17.65
18.7
17.72
17.02
17.72
17.82
17.43
18.38
18.33
17.82
18.77
19.14
20.65
17.43
17.41
16.53
20.36
17.85
16.6
19.29
18.21
18.8
18.16
16.97
17.33
17.72
19.17
19.58
20.63
19.82
18.29
18.14
16.99
20.36
17.77
17.46
17.43
18.26
18.9
19.24
17.85
19.12
19.21
19.34
21.02
21.61
21.31
21.58
21.19
19.26
18.8
19.31
19.82
20.14
20.36
19.82
20.04
21.24
20.24
20.63
18.09
18.65
20.26
19.92
19.12
19.56
23.85
20.14
18.07
18.12
18.77
18.68
19.24
18.68
18.65
18.43
18.51
18.19
19.12
18.12
20.78
20.9
20.26
16.8
18.68
17.7
18.12
18.77
18.58
19.12
19.02
19.31
16.77
19.7
18.16
19.29
19.53
19.31
17.82
18.26
19.02
20.65
18.92
19.07
18.8
20.19
21.56
19.46
19.26
20.34
19.34
17.43
17.38
18.14
17.92
17.7
18.92
17.02
17.33
18.51
19.41
20.75
21.09
19.75
21.14
20.0
18.99
18.65
18.14
17.85
