0.0
0.0
0.0
0.0
0.0
0.0
0.0
0.0
0.0
0.0
0.0
0.0
9.537e-05
0.0
0.0
0.0
0.0
0.0
0.0
0.0
9.537e-05
0.0
0.0
0.0
0.0
0.0
0.0
0.0
9.537e-05
0.0
0.0
0.0
0.0
0.008297
0.6111
1.474
1.323
1.886
1.581
1.743
1.527
1.645
3.122
2.838
1.617
2.045
1.385
0.4395
1.025
1.303
1.578
1.477
1.691
1.663
1.862
2.969
3.192
2.194
1.807
0.75
0.1402
0.1286
0.7065
1.457
1.19
1.408
1.541
1.483
1.645
1.608
4.694
1.453
2.454
1.343
0.5585
0.2125
0.1276
0.243
0.2895
1.007
1.224
1.503
1.323
1.3
1.581
1.489
1.562
4.529
1.34
2.393
1.036
0.499
1.846
1.935
1.917
1.971
2.02
4.529
2.173
1.395
0.2617
1.855
1.971
1.956
1.956
2.072
5.054
2.637
0.9109
0.3471
0.6996
2.02
1.947
2.377
2.164
4.126
2.316
2.499
0.6073
0.3853
0.4585
0.4982
0.5226
0.5196
0.5066
0.2701
0.6119
0.7568
0.4791
0.4005
0.5135
0.4631
0.6065
0.2419
0.4784
0.3559
2.182
2.695
2.603
2.386
5.353
2.615
0.8774
0.5684
0.4013
0.2941
0.4707
0.6569
0.23
1.25
1.886
2.258
2.158
2.127
5.023
1.917
2.301
0.7011
0.6462
1.495
2.216
2.625
2.515
5.505
2.673
0.9506
0.6111
0.396
0.2892
0.5417
0.5394
0.2087
0.375
0.04244
9.537e-05
0.0
0.0001907
0.0003815
0.0
0.0
0.0
0.0
0.0008583
0.0001907
0.0
0.0
0.0
0.0
0.0
0.0
0.0
0.0001907
0.0
0.0
0.0
0.0
0.0
0.0
0.0
0.0
0.0
0.0
9.537e-05
0.0
0.0
0.0
0.0
0.0
0.0
0.0
0.0
0.0
0.0
0.0
0.0
0.0
9.537e-05
0.0
0.0
0.0
0.0
0.0
0.0
0.0
0.0
0.0
0.0
0.0
0.0
0.0
0.0
0.0
0.0
0.0
0.0
0.0
9.537e-05
0.0
0.0
0.0
0.0
0.0
0.0
0.0
0.0
0.0
0.0
0.0
0.0
0.0
9.537e-05
9.537e-05
0.0
0.0
0.0
0.0
0.0
0.0
0.0
0.0
0.0
0.0
0.0
0.0
0.0
0.0
0.0
0.0
0.0
0.0
0.0
0.0
0.0
0.0
0.0
0.0
0.0
0.0
9.537e-05
0.0
0.0
0.0
0.0
0.0
0.0
0.0
0.0
0.0
9.537e-05
0.0
0.0
0.0
0.0
0.0
0.0
0.0
0.0
0.0
0.0
0.0
0.0
0.0
0.0
0.0
0.0
0.0
0.0
0.0
0.0
0.0
0.0
0.0
0.0
0.0
9.537e-05
0.0
0.0
0.0
0.0
0.0
0.0
0.0
0.0
0.0
0.0
0.0
0.0
0.0
0.0
0.0
0.0
0.0
0.0
0.0
9.537e-05
0.0
0.0
0.0
0.0
0.0
0.0
0.0
0.0
0.0
9.537e-05
0.0
0.0
0.0
0.0
0.0
0.0001907
0.0
0.0
0.0
0.0
0.0
0.0
0.0
0.0
0.0
0.0
0.0
0.0
0.01497
0.3677
2.072
2.124
2.014
1.889
1.999
2.142
2.267
2.432
2.774
2.948
2.679
2.765
2.594
2.417
2.518
2.615
2.869
2.698
2.795
6.311
4.663
5.408
6.726
7.031
5.64
5.487
4.614
2.606
0.9186
1.057
1.378
1.715
1.721
1.852
2.121
1.941
2.048
1.971
2.124
2.881
2.573
2.972
2.716
2.975
3.058
3.131
2.899
3.345
2.847
8.484
6.445
7.483
7.922
6.232
5.121
4.102
1.369
1.205
2.887
2.719
2.811
2.502
2.979
2.6
2.75
2.444
2.383
2.417
2.277
2.133
2.164
2.332
2.179
1.959
2.042
2.979
6.396
5.56
6.689
8.008
6.616
6.714
5.31
3.845
1.248
1.935
2.826
2.826
2.771
2.353
2.521
2.371
2.808
2.744
2.557
2.744
2.551
2.234
2.194
2.628
2.795
3.076
3.162
8.228
6.104
6.836
6.97
6.555
4.761
4.272
2.048
1.022
1.562
2.42
2.417
2.661
2.426
2.289
1.962
1.724
1.929
1.755
1.558
1.715
1.678
1.314
1.614
1.917
1.898
1.733
1.682
1.724
1.773
1.663
1.614
2.835
7.812
5.536
4.614
6.299
7.3
5.121
6.372
4.48
3.54
1.785
0.3254
1.84
1.825
1.685
1.666
1.971
1.987
2.225
2.518
2.087
1.801
1.846
1.62
1.379
1.433
1.816
2.496
2.048
1.837
1.672
1.813
1.66
1.651
1.436
1.503
4.865
5.341
2.2
4.456
2.631
3.516
4.999
5.084
4.321
4.321
4.822
2.869
3.098
2.774
2.997
1.089
1.433
0.6371
1.999
2.084
3.894
3.967
1.05
0.6157
1.929
3.278
2.817
0.2724
0.008011
0.9857
1.947
3.79
1.703
0.3632
1.323
1.657
3.931
1.207
0.6981
1.743
1.868
3.748
3.851
1.18
0.5257
1.532
2.664
2.737
1.166
0.6332
0.1442
0.09441
0.09012
0.3239
0.1074
0.5959
0.9674
0.9933
0.9537
2.292
2.475
1.077
0.7225
0.1648
0.8728
1.051
1.089
1.181
2.917
1.422
0.6767
0.3254
1.221
1.364
1.242
1.292
1.309
1.219
1.279
1.439
1.138
1.355
1.311
1.25
1.201
1.282
1.398
1.477
1.483
1.482
1.669
1.407
1.344
1.457
1.367
1.218
1.231
1.222
1.343
1.614
1.259
1.089
1.207
1.251
1.376
1.361
1.244
1.042
1.346
6.506
3.888
4.639
4.022
6.482
6.873
5.737
5.621
3.613
3.162
2.338
0.8102
1.283
1.071
1.155
1.407
1.425
1.445
1.483
1.299
1.242
1.401
1.244
1.337
1.515
1.306
1.318
1.291
1.126
1.166
1.318
1.492
1.321
1.047
1.122
0.9979
1.108
1.21
1.465
1.273
1.172
1.123
1.096
1.184
1.244
1.093
1.205
1.048
1.106
6.122
4.266
2.106
4.547
4.315
5.731
4.858
4.053
4.498
3.851
4.102
3.137
3.049
2.597
2.521
1.654
0.2033
1.587
0.2441
0.8926
0.1755
0.2964
0.06342
0.09518
0.08097
0.2495
0.1451
0.8499
0.1291
0.9918
0.6592
0.4753
0.9995
1.445
1.578
1.547
1.495
1.538
1.419
1.263
1.395
1.164
1.277
1.167
1.237
1.143
1.181
1.103
1.064
1.089
1.129
1.115
1.074
1.111
1.21
1.06
1.006
1.175
0.9827
1.176
1.076
1.137
1.085
1.102
1.134
1.17
1.105
1.097
1.161
5.884
4.926
7.104
7.727
6.543
5.133
4.376
2.914
2.945
2.71
2.625
1.115
1.727
0.2941
0.2796
0.3609
0.04721
0.09899
0.07811
0.2342
0.2045
0.0002861
9.537e-05
0.0
0.0
0.0
0.0
0.1709
0.3307
0.1116
0.08049
0.193
0.2525
0.4089
0.293
0.3513
9.537e-05
0.0
9.537e-05
0.0
0.0
0.0
0.0
0.0
0.0
0.0
9.537e-05
0.0
0.0
0.0
0.0
0.0
0.0
0.0
0.0
0.0
0.0
9.537e-05
0.0
0.0
0.0
0.0
0.0
0.0
0.0
0.0
0.0
0.0
0.0
0.0
0.0
0.0
0.0
