23.29
21.51
21.34
19.46
23.17
17.24
20.65
18.38
20.61
16.38
20.02
16.85
19.95
17.36
19.92
17.14
19.82
17.04
19.6
16.48
20.24
18.31
20.31
17.09
20.48
17.6
21.12
18.21
21.53
17.09
20.31
17.77
20.12
21.85
24.19
17.7
21.41
17.43
24.41
21.8
22.22
17.46
20.34
17.16
20.97
21.53
21.09
16.89
20.65
17.11
21.12
18.43
23.75
17.21
20.04
16.58
25.63
17.97
19.34
16.77
20.63
16.55
18.26
15.19
21.73
15.48
18.02
17.72
20.31
12.87
15.97
13.65
12.65
22.12
14.21
15.16
13.16
15.55
12.65
15.58
12.4
15.84
15.41
17.21
12.37
15.45
17.53
13.75
17.16
13.01
15.5
12.12
13.33
15.92
12.52
16.55
12.62
15.67
12.15
14.97
22.0
12.6
12.21
17.55
13.43
16.63
13.18
13.65
21.31
14.62
12.96
13.01
16.77
19.09
13.57
16.11
12.99
16.31
14.18
12.62
16.55
18.75
13.43
19.36
12.99
17.75
13.06
18.33
16.46
17.41
16.11
15.8
22.44
15.01
16.6
14.16
13.01
17.72
15.43
18.6
14.62
22.22
19.58
17.33
19.51
17.21
19.36
17.75
17.53
13.77
17.33
25.05
14.53
16.8
13.7
16.89
14.75
17.11
13.87
24.44
21.22
16.63
20.17
15.94
20.87
16.46
20.14
19.19
20.58
18.95
22.12
18.7
24.44
23.68
25.73
21.12
26.46
19.68
23.02
19.34
22.97
21.36
27.93
20.14
22.19
18.97
22.27
18.92
22.8
21.39
24.85
20.87
25.0
21.29
23.71
18.6
23.02
22.83
25.24
21.02
23.93
25.88
29.83
23.95
26.46
22.95
27.1
24.15
25.59
19.48
22.39
18.43
21.24
18.73
22.27
18.73
23.24
19.38
22.31
24.61
24.95
21.75
22.73
18.73
20.78
17.94
26.81
21.09
20.21
25.49
22.39
27.25
22.29
21.75
17.26
20.97
20.8
27.34
20.92
21.36
18.82
23.49
18.07
20.97
18.92
23.54
17.77
20.48
18.7
21.34
20.41
25.05
19.48
25.54
20.04
24.98
22.92
26.56
20.48
24.19
22.61
28.12
21.29
22.88
16.97
20.65
19.02
21.46
23.61
24.54
19.95
23.71
20.65
26.71
22.09
22.95
23.22
25.88
23.97
24.76
20.36
23.02
19.75
22.71
22.17
24.95
21.12
27.54
21.78
29.69
26.12
26.56
22.51
25.68
22.49
25.88
26.86
29.35
26.9
26.07
22.88
26.03
24.63
27.78
23.19
24.73
22.12
25.88
23.22
24.93
22.39
25.0
22.02
25.2
21.22
24.51
21.44
25.24
22.14
27.64
22.27
25.15
23.24
25.49
20.73
24.76
23.51
26.42
25.83
28.22
22.36
24.88
20.48
23.95
22.31
27.83
24.51
28.71
20.83
24.71
20.43
23.07
22.19
25.2
20.34
23.93
19.34
22.78
20.04
23.17
20.56
24.12
21.02
22.53
17.92
21.02
17.21
21.95
18.29
21.56
21.44
28.27
25.2
26.17
14.97
19.53
18.87
21.39
19.07
28.76
18.95
17.5
15.99
18.8
16.33
17.94
16.94
18.65
15.41
17.92
20.14
20.48
20.68
21.0
19.04
18.51
16.65
16.43
15.62
27.69
19.12
19.43
16.85
20.26
19.48
19.97
17.72
20.63
21.56
25.05
21.04
22.88
21.46
24.56
25.78
28.03
26.61
27.2
25.1
25.98
25.73
27.0
24.17
25.93
24.54
25.39
22.88
28.08
26.27
22.78
18.87
20.68
22.44
23.05
18.65
21.29
19.75
20.7
18.87
21.02
20.07
22.07
22.31
24.19
23.27
23.02
20.8
24.66
23.22
25.39
21.68
25.88
20.87
23.36
20.58
22.68
24.88
26.66
20.61
24.15
23.93
22.41
20.8
23.63
21.75
24.83
23.51
25.88
22.14
23.19
22.34
28.96
25.83
24.85
20.48
23.05
25.05
26.56
21.39
25.93
24.19
23.07
24.66
22.66
20.29
22.12
21.19
22.31
20.53
21.63
20.46
21.04
19.75
22.07
20.85
23.05
20.41
21.46
23.22
25.29
22.22
22.9
23.97
26.37
21.19
22.39
20.41
22.44
20.75
25.88
24.49
29.1
21.24
23.54
20.46
24.02
21.36
24.19
21.19
24.19
22.14
23.8
21.36
26.86
26.03
26.9
22.24
25.24
24.19
25.68
23.12
26.32
23.34
25.98
24.58
28.32
25.05
28.17
25.68
26.42
24.1
28.08
24.41
27.34
25.05
29.15
27.93
30.18
23.9
26.51
21.44
24.49
22.46
26.03
21.19
24.15
21.04
24.15
22.19
24.37
21.34
24.83
23.95
24.49
21.04
23.85
20.48
23.66
21.04
26.17
22.36
24.24
23.51
24.98
22.14
24.71
22.17
24.93
24.15
30.76
26.32
24.63
24.0
27.54
25.83
29.25
28.91
31.4
28.47
34.03
30.08
34.18
30.57
34.86
34.13
34.38
27.69
30.37
27.25
29.83
26.12
29.3
26.32
29.1
26.42
29.44
26.46
29.39
26.51
30.22
26.71
29.49
26.46
29.44
24.78
27.93
24.71
27.54
24.61
25.68
23.58
26.66
24.1
26.9
24.1
27.49
23.66
27.25
23.71
28.71
24.76
27.49
25.15
27.88
23.97
27.34
24.78
28.32
23.36
26.56
23.36
27.34
23.71
27.83
24.07
25.88
24.66
28.27
23.54
27.88
22.58
26.22
22.29
26.37
22.51
28.81
22.97
23.58
21.66
24.51
23.93
26.03
21.19
26.12
21.75
23.07
23.88
26.9
21.31
26.9
21.24
21.61
19.14
21.78
18.68
22.78
18.41
19.8
16.31
19.31
16.28
18.97
15.65
19.51
16.26
19.17
15.97
23.32
20.48
21.46
17.38
20.51
18.29
21.63
16.89
20.34
16.16
20.41
17.43
22.58
16.82
20.87
17.68
21.51
17.63
21.34
17.26
20.97
16.99
20.83
17.41
21.8
18.19
22.58
20.26
23.14
20.46
23.49
21.36
27.49
18.77
21.97
18.07
23.24
18.31
21.83
17.58
21.41
19.73
22.09
18.41
21.66
18.97
21.68
18.58
23.88
18.65
23.9
21.63
24.39
18.92
22.31
20.48
23.61
20.39
23.41
20.19
24.27
18.6
21.48
20.14
23.05
20.36
23.36
20.87
24.9
20.58
25.73
25.88
30.86
27.69
30.96
24.15
26.66
22.85
26.22
22.71
27.69
23.8
25.63
23.39
24.9
22.44
23.85
21.61
26.46
19.65
23.07
20.48
23.22
20.95
27.05
20.24
23.46
19.78
22.22
20.21
21.63
19.75
21.88
19.97
24.51
22.92
27.2
24.1
27.64
22.34
25.83
22.85
24.51
22.19
26.61
22.19
26.07
23.12
27.64
25.54
27.54
24.9
27.29
27.1
26.76
26.46
25.88
24.27
25.78
25.24
29.83
26.07
28.32
22.49
29.15
24.78
27.83
24.58
26.86
23.39
26.61
23.75
27.49
25.29
28.03
29.05
27.49
27.0
30.52
19.43
28.03
24.05
26.56
21.8
29.54
21.24
22.17
20.61
27.39
21.8
24.68
19.75
23.17
20.8
23.34
19.12
22.78
19.58
22.05
18.8
21.14
18.77
22.27
19.58
23.83
20.92
22.88
20.73
24.85
21.61
23.85
19.78
