13.09
15.26
16.97
17.65
19.12
16.8
19.19
17.43
16.87
17.97
18.9
13.57
13.94
15.7
11.65
12.67
12.72
12.74
16.11
29.39
42.92
31.15
13.21
12.48
10.06
11.34
14.23
16.04
13.67
13.45
15.72
16.87
19.34
20.46
18.09
17.24
15.72
18.97
11.74
8.325
10.57
10.82
12.21
10.88
14.06
14.16
12.57
12.29
12.46
16.72
14.53
17.46
16.97
16.99
21.36
23.93
20.04
22.92
21.46
21.78
20.34
23.51
18.9
17.6
17.21
17.48
16.43
16.38
12.89
11.73
11.83
15.31
16.87
19.56
17.9
18.14
20.43
19.82
22.05
22.66
18.85
16.58
17.33
13.57
8.923
11.68
8.154
11.56
13.94
15.11
10.67
12.08
12.82
13.01
15.14
13.94
11.6
16.65
15.28
15.84
20.7
23.78
22.75
24.24
19.85
17.43
16.09
16.87
14.5
17.5
17.21
19.24
21.26
16.77
14.33
17.65
19.26
24.15
23.36
17.82
9.961
15.55
11.95
15.99
17.87
20.09
18.12
12.62
11.36
10.19
9.985
8.63
10.31
12.92
8.789
11.35
9.729
9.424
9.521
9.875
10.49
10.07
9.607
12.08
10.13
17.94
18.48
18.38
21.19
23.73
22.71
22.17
19.17
17.07
17.29
16.31
17.94
20.9
17.11
16.16
15.14
16.38
15.11
14.97
9.79
8.521
9.998
10.21
9.094
14.04
12.38
13.87
15.38
12.27
14.31
11.43
11.88
12.96
12.74
15.36
15.11
16.09
13.87
17.85
15.45
17.09
17.6
24.49
22.31
21.53
16.87
16.21
12.22
17.55
15.58
17.48
18.29
20.9
19.6
21.22
16.48
17.9
16.89
17.21
17.29
15.89
15.72
14.99
15.62
15.8
18.82
13.94
12.27
13.65
14.7
15.14
16.31
20.41
20.7
17.97
20.97
18.9
13.18
14.18
16.36
14.94
11.77
11.51
8.276
12.99
10.35
7.739
9.18
7.556
8.752
7.898
9.009
9.741
11.79
14.04
15.5
16.5
16.46
17.29
20.02
17.6
18.48
16.92
18.29
20.07
17.94
20.56
21.46
20.04
17.43
16.31
15.16
14.5
15.58
14.06
12.41
10.72
14.26
18.65
17.48
21.24
24.78
21.68
22.46
18.46
18.51
17.33
17.6
17.85
15.77
16.09
15.45
14.89
18.36
16.02
15.99
17.16
18.29
18.24
17.97
16.46
17.04
18.02
17.41
21.34
18.19
17.82
15.65
15.6
15.67
18.65
20.95
19.87
19.78
20.07
18.31
20.61
20.9
17.87
18.75
14.4
15.31
13.7
15.72
14.5
11.36
15.31
13.77
29.05
39.6
39.75
22.17
17.04
16.19
15.28
14.87
22.29
19.07
18.14
12.96
17.9
18.48
24.41
22.56
21.95
24.41
21.53
20.09
17.58
17.63
15.38
18.46
17.36
19.9
22.49
19.14
19.85
22.19
20.07
17.09
16.53
17.31
15.7
17.7
16.7
18.8
16.28
16.06
18.16
16.77
17.46
17.14
15.19
15.23
13.26
12.87
16.14
15.62
16.09
16.06
15.06
14.18
14.97
16.24
18.73
16.11
19.63
20.21
15.41
16.02
22.97
19.6
17.99
16.33
15.04
17.21
13.65
16.43
19.73
13.06
16.75
20.85
22.36
16.04
17.21
19.75
22.9
22.0
22.92
20.78
16.48
17.19
21.14
16.14
14.31
15.26
15.01
15.19
12.24
10.25
12.05
10.35
9.387
9.07
14.28
15.21
18.07
20.19
18.65
18.8
14.43
14.58
16.92
15.62
12.15
13.4
13.38
13.11
15.84
13.92
15.33
15.33
13.38
12.11
11.8
11.84
8.887
8.484
8.887
13.57
13.09
15.6
19.24
20.68
21.61
20.92
18.75
18.73
18.43
18.33
20.02
18.95
19.7
18.21
17.65
14.79
13.94
13.57
12.62
6.726
7.739
8.862
12.84
13.84
18.63
20.63
19.82
19.43
13.94
15.89
13.7
16.33
18.07
16.04
17.92
18.51
17.38
16.99
19.04
14.48
15.01
17.19
14.09
12.74
13.99
15.14
12.27
14.31
13.23
15.7
16.85
16.89
16.6
13.57
14.92
10.67
13.11
18.29
23.32
15.77
15.94
21.36
19.04
17.85
14.67
15.84
14.28
18.04
37.4
23.56
16.24
9.473
11.91
13.89
12.28
12.18
12.43
13.45
15.01
10.97
14.45
12.04
11.32
12.67
10.74
11.19
9.863
11.83
11.22
10.08
9.839
9.644
10.6
11.57
15.01
19.24
22.02
23.02
24.22
18.41
21.07
20.31
22.0
21.22
21.19
20.73
19.43
14.92
15.77
17.6
18.7
17.43
16.7
18.75
20.97
17.5
18.38
15.01
14.75
18.53
19.53
22.0
17.6
16.85
17.33
17.77
18.85
16.38
17.75
19.14
18.55
18.55
18.07
18.7
17.11
16.72
18.7
14.43
16.24
13.84
12.6
15.31
17.63
19.9
19.73
17.99
16.14
20.65
21.68
23.36
20.24
17.29
13.7
12.57
16.14
14.11
14.43
10.11
14.09
13.55
12.74
18.29
19.48
9.07
9.302
9.631
10.71
10.95
11.24
11.8
11.51
16.33
19.63
19.87
21.85
23.9
23.05
19.53
19.87
19.9
16.94
17.53
12.87
11.99
14.11
13.94
14.5
14.84
16.77
16.04
18.29
16.02
17.04
18.43
18.46
19.02
19.24
16.77
18.51
14.11
16.28
16.19
17.85
15.14
14.23
15.28
13.72
14.84
14.38
16.16
14.6
17.46
20.09
18.24
19.12
15.45
15.92
15.26
15.94
16.38
15.94
15.16
15.41
10.6
9.521
10.35
19.21
16.06
10.89
9.961
14.06
16.99
13.6
14.48
16.26
11.16
13.84
14.43
15.8
14.92
21.83
11.51
16.82
20.68
24.34
21.95
19.65
21.12
18.51
14.75
25.93
19.17
20.95
23.49
21.0
22.12
32.18
19.21
14.04
13.33
13.65
11.46
14.62
15.14
17.63
18.7
19.17
22.09
22.0
21.92
21.12
17.9
14.75
12.52
14.4
13.89
13.33
13.18
14.06
12.94
9.973
13.82
14.5
13.35
11.23
10.47
13.94
12.94
14.43
15.97
19.65
24.27
21.9
20.26
19.7
19.92
21.12
19.65
20.29
18.51
17.68
17.41
17.46
14.23
16.24
12.08
11.71
12.3
5.249
6.543
12.65
16.14
16.77
18.07
20.14
20.34
19.29
17.55
16.65
13.87
16.85
18.85
19.97
18.29
23.68
21.04
21.04
20.24
19.09
21.7
15.06
13.35
17.97
14.67
18.68
16.02
17.75
16.89
16.82
18.95
25.44
18.55
17.29
20.41
16.46
15.14
16.65
18.09
15.7
16.11
20.29
24.19
13.75
13.35
10.94
11.01
11.56
16.11
18.85
18.9
19.75
22.83
16.65
15.38
23.78
20.56
14.38
8.667
7.361
7.153
8.264
10.07
8.13
7.068
6.458
7.678
7.593
7.007
7.593
9.485
10.16
7.202
7.227
7.178
7.727
9.143
9.412
9.937
11.5
14.77
13.6
17.8
18.58
19.97
23.63
20.41
23.07
20.19
18.75
19.26
19.14
21.63
20.39
19.14
14.87
13.01
13.53
21.61
