6.219
6.219
6.219
6.219
6.219
6.219
6.219
6.219
6.219
6.219
6.219
6.219
6.219
6.219
6.219
6.219
6.219
6.219
6.219
6.219
6.219
6.219
6.219
6.219
6.219
6.219
6.219
6.219
6.219
6.219
6.219
6.219
6.219
8.63
14.75
16.67
17.41
17.87
18.26
18.31
16.06
15.43
14.33
10.3
15.89
17.09
17.77
18.16
18.46
16.94
15.43
14.65
8.691
11.32
16.14
17.14
17.8
18.21
18.19
16.26
15.11
12.49
12.19
16.38
17.31
17.87
18.29
17.87
15.82
15.14
10.8
14.09
16.7
17.55
18.02
18.41
17.55
17.02
13.5
16.58
20.85
19.04
10.94
17.46
20.83
16.48
12.62
16.43
17.31
17.9
18.31
16.72
15.04
12.89
9.021
17.09
20.85
15.6
9.314
8.948
8.643
9.058
8.85
14.11
16.72
17.48
17.92
18.33
17.11
14.23
13.33
8.74
11.0
16.16
17.24
17.85
18.21
17.82
14.97
13.18
10.4
9.265
13.5
16.55
17.41
17.92
18.36
17.48
14.89
14.18
9.436
13.01
20.34
19.6
14.06
13.5
16.38
17.26
17.85
18.16
18.48
16.02
14.65
13.35
11.12
19.78
20.36
17.58
11.52
9.253
9.204
9.387
8.899
9.521
9.106
9.167
9.131
9.265
12.02
16.28
17.14
17.77
18.09
18.51
16.72
14.84
14.36
10.96
9.143
9.082
8.875
9.155
15.84
20.73
19.31
13.01
8.85
9.216
8.557
9.094
15.36
20.7
18.82
9.351
6.555
6.409
6.409
6.409
6.409
6.409
6.409
6.409
6.458
7.739
8.972
9.241
17.77
20.83
18.8
16.38
8.96
8.179
9.033
9.277
18.26
20.68
15.65
7.129
6.58
6.409
6.409
6.409
6.409
6.409
6.409
6.409
6.409
6.409
8.289
8.569
11.52
20.51
19.68
17.77
9.619
8.826
14.48
20.73
19.58
17.38
8.191
6.421
6.409
6.409
6.409
6.409
6.409
6.409
6.409
6.409
6.409
7.385
7.422
8.386
8.447
8.02
7.971
8.63
8.374
8.484
8.459
17.9
20.8
18.51
7.446
6.506
6.409
6.409
6.409
6.409
6.409
6.409
6.409
6.409
6.409
6.409
6.409
6.409
6.409
6.409
6.409
6.409
6.409
8.362
8.301
8.386
8.728
8.923
6.409
6.409
6.409
6.409
6.409
6.409
6.409
6.409
6.409
6.421
8.826
8.911
8.63
11.46
20.29
19.53
13.48
12.48
20.68
19.43
12.57
6.616
6.409
6.409
6.409
6.409
6.409
6.409
6.409
6.409
6.409
6.409
6.409
6.409
6.409
6.409
6.409
6.409
6.409
6.409
6.409
6.409
6.409
6.409
6.409
6.409
6.409
6.409
6.409
6.409
6.409
6.409
6.409
6.409
6.409
6.409
6.409
6.409
6.409
6.409
6.409
6.409
6.409
6.409
6.409
6.409
6.409
6.409
6.409
6.409
6.409
6.409
6.409
6.409
6.409
6.409
6.409
6.409
6.409
6.409
6.409
6.409
6.409
6.409
6.409
7.239
12.92
16.53
17.48
18.09
18.38
18.73
19.04
19.19
19.36
19.36
19.53
19.68
19.75
19.82
19.95
20.04
20.14
20.14
20.14
20.43
20.53
20.53
19.21
20.85
20.85
20.68
19.87
19.58
17.94
17.24
17.11
12.0
14.94
17.09
17.87
18.31
18.6
18.9
19.17
19.29
19.36
19.38
19.56
19.73
19.75
19.82
19.95
19.95
20.02
20.14
20.31
20.53
20.53
19.51
20.09
20.87
20.87
20.85
20.83
20.14
18.97
18.97
18.99
13.57
13.43
16.82
17.72
18.29
18.48
18.85
19.09
19.21
19.38
19.56
19.56
19.68
19.75
19.8
19.95
19.95
20.09
20.14
20.14
20.26
20.43
20.53
20.53
19.19
20.85
20.87
20.87
20.85
20.85
20.85
19.6
19.04
18.26
18.02
10.23
15.23
17.14
17.87
18.29
18.51
18.9
19.14
19.31
19.43
19.53
19.56
19.6
19.75
19.8
19.95
19.97
20.02
20.14
20.14
20.34
20.53
20.53
20.53
19.12
17.75
18.8
20.48
20.78
20.85
20.87
20.34
19.75
19.73
19.31
11.18
15.84
17.07
17.7
18.19
18.43
18.63
18.95
19.17
19.29
19.36
19.51
19.58
19.75
19.75
19.9
19.95
19.95
20.04
20.14
20.14
20.34
20.53
20.53
19.26
20.68
20.87
20.85
20.85
20.87
20.17
19.26
18.09
18.02
16.06
12.1
16.6
17.65
18.16
18.33
18.7
18.99
19.17
19.34
19.36
19.48
19.56
19.73
19.75
19.92
19.95
20.12
20.14
20.14
20.31
20.53
20.53
20.53
20.0
20.04
20.87
20.87
20.85
20.8
20.17
19.63
19.46
19.38
13.45
14.87
16.21
16.89
16.14
15.28
15.23
12.19
14.79
16.24
17.07
15.5
13.77
13.55
11.52
14.94
16.48
14.99
13.04
11.23
13.09
16.38
16.19
13.38
13.01
12.43
16.16
16.7
13.33
12.48
10.85
15.92
16.65
13.23
12.07
11.56
16.04
16.77
13.45
12.84
9.314
15.53
17.41
18.12
18.53
18.85
19.21
19.41
19.58
19.7
19.85
19.95
20.09
20.14
20.14
20.34
20.36
20.53
20.61
20.7
20.73
19.75
20.43
20.87
20.85
20.85
20.75
20.14
18.82
18.63
12.77
14.43
17.09
17.9
18.36
18.68
19.09
19.26
19.38
19.53
19.6
19.75
19.87
19.95
20.0
20.14
20.14
20.31
20.51
20.53
20.48
18.85
20.53
20.85
20.85
20.87
20.61
19.68
19.51
19.21
15.21
13.82
16.94
17.72
18.29
18.58
18.92
19.21
19.36
19.46
19.56
19.6
19.75
19.75
19.95
19.95
20.07
20.17
20.34
20.34
20.51
20.56
20.0
19.95
20.87
20.85
20.85
20.87
20.29
18.92
18.02
18.02
11.84
10.01
11.02
10.25
9.57
11.46
12.05
16.02
19.73
18.41
13.75
14.72
19.68
18.14
13.21
14.48
19.6
18.43
12.65
16.7
20.61
18.8
11.9
17.53
20.61
17.7
13.23
10.23
9.192
9.387
12.21
16.65
17.55
18.14
18.51
18.65
18.92
19.14
19.26
19.41
19.56
19.56
19.75
19.75
19.9
20.09
20.14
20.14
20.14
20.29
20.43
20.53
20.61
19.07
20.87
20.87
20.85
20.85
20.73
19.31
19.17
19.19
18.8
9.68
9.485
8.96
9.192
13.87
16.94
17.8
18.36
18.53
18.85
19.17
19.36
19.36
19.56
19.58
19.75
19.75
19.87
19.95
20.07
20.14
20.14
20.34
20.46
20.58
20.73
20.36
19.56
20.87
20.87
20.85
20.8
20.34
19.04
18.99
18.82
14.87
9.021
8.618
8.765
9.07
9.57
8.643
8.533
8.398
9.058
6.433
6.409
6.409
6.409
6.409
6.409
6.409
6.409
6.409
6.409
6.409
6.409
6.409
6.409
6.409
6.409
6.409
6.409
6.409
6.409
6.409
6.409
6.409
8.276
9.485
13.89
20.53
19.38
17.63
12.67
