0.3178
0.4028
0.5264
1.364
2.478
1.515
1.451
0.621
0.531
0.7401
0.5066
0.6149
0.6966
0.6981
0.7126
0.6287
0.3361
0.1192
0.007725
1.614
3.131
4.053
3.061
3.461
2.13
3.149
2.084
0.01745
0.2876
0.1881
0.3826
0.033
0.1383
0.1631
0.2613
0.309
0.3567
0.1957
0.3208
0.001049
0.0001907
0.0
0.0
0.02584
0.1526
0.256
0.1331
0.1398
0.238
0.211
0.2533
0.1858
0.3174
0.1879
0.3582
0.2453
0.1553
0.1268
0.2895
0.1196
0.2392
0.3414
0.177
0.4242
0.06456
1.041
0.02155
0.05941
0.03538
0.0493
0.3414
0.2769
0.02947
0.01669
0.1717
1.242
0.5524
0.4875
0.259
0.2647
0.3365
0.3368
0.2876
0.2728
0.2426
0.3426
0.4196
0.399
0.3082
0.2537
0.3044
0.3021
0.2636
0.2426
0.3139
0.3696
0.9323
1.311
1.706
1.361
0.5791
1.065
0.6241
0.5974
0.5562
0.6485
0.631
0.6279
0.4974
0.28
0.3376
0.2594
0.9079
3.351
2.719
3.717
3.241
2.914
2.112
3.049
0.002384
0.02489
0.8987
0.1259
0.0658
0.03366
0.06046
0.03204
0.4425
0.2361
0.01354
0.008583
0.4318
1.312
1.572
0.6012
0.219
0.2724
0.341
0.4128
0.3189
0.3258
0.3029
0.3643
0.3418
0.3265
0.338
0.3391
0.3433
0.3597
0.4684
1.262
1.883
1.572
0.7202
1.08
0.5852
0.7744
0.6172
0.7423
0.7614
0.7477
0.9232
0.6828
0.3204
0.008583
0.008011
1.431
3.223
3.754
2.362
2.795
2.478
3.235
2.13
0.02623
0.3296
0.6081
0.03357
0.04549
0.06628
0.03853
0.4211
0.1734
0.02499
0.01059
0.2998
1.109
0.5623
0.457
0.2197
0.28
0.3254
0.2937
0.2926
0.3159
0.2632
0.3719
0.3124
0.2949
0.2968
0.3269
0.2499
0.3006
0.3929
0.8041
1.761
1.044
1.645
0.4875
1.01
0.798
0.6104
0.8942
0.7294
0.7706
0.7469
0.972
0.3731
0.3609
0.1055
0.007915
2.155
2.75
3.577
3.082
2.441
2.661
2.103
2.911
0.002766
0.04368
0.9064
0.1165
0.06351
0.03843
0.05264
0.03309
0.4013
0.1755
0.02174
0.0164
0.2056
1.294
0.4807
0.4501
0.209
0.2327
0.3273
0.3326
0.2968
0.3029
0.2872
0.3433
0.3063
0.3139
0.2937
0.293
0.2781
0.2499
0.2655
0.3792
0.7706
1.602
2.063
1.244
1.173
0.5478
0.7271
0.6546
0.6958
0.6798
0.7133
0.7301
0.8224
0.3899
0.2163
0.006676
1.16
2.927
3.351
3.174
2.359
2.197
2.768
2.838
0.4959
0.02594
0.0003815
0.0
0.0
0.0
0.0
0.0
9.537e-05
0.0002861
0.0
9.537e-05
9.537e-05
0.0
0.0
0.0
0.0001907
9.537e-05
0.0
0.0
0.0003815
0.0
0.0
0.0
0.0
0.0
9.537e-05
0.0
0.0
0.0
0.0
9.537e-05
9.537e-05
0.0
0.0
0.0
9.537e-05
9.537e-05
0.0
0.0
9.537e-05
0.0001907
0.0
0.0
9.537e-05
0.0
9.537e-05
0.0
0.0
0.0
0.0001907
0.0
0.0
0.0
9.537e-05
0.0
9.537e-05
0.0
0.0
0.0
0.0
9.537e-05
9.537e-05
0.0001907
0.0001907
9.537e-05
0.0
0.0
9.537e-05
0.0
0.0
0.0
0.0
0.0
9.537e-05
0.0
0.0
0.0
0.0001907
0.0001907
9.537e-05
0.0
0.0
0.0002861
0.0008583
0.0
0.0001907
0.0001907
9.537e-05
0.0
9.537e-05
0.0
9.537e-05
0.0001907
0.0
0.0
0.0001907
0.0
0.0
0.0
0.0001907
0.0001907
0.0
0.0
0.0001907
0.0
0.0
0.0
0.0
0.0001907
0.0
0.0
0.0001907
0.0
0.0001907
0.0
0.0
0.0
0.0
0.0
0.0
0.0002861
0.0
0.0
9.537e-05
0.0
0.0
0.0
0.0
0.0
0.0
0.01383
0.6355
0.8179
0.367
0.5592
0.3613
0.3761
0.6241
0.7248
0.7675
0.502
0.3368
0.3315
0.3719
0.3944
0.33
0.3395
0.3803
0.3426
0.3735
0.8545
1.901
2.417
1.198
1.213
0.4799
0.499
0.544
0.6157
0.6012
0.8713
1.086
0.4776
0.1915
0.008678
0.007439
5.609
7.385
5.481
3.479
0.02975
0.009727
0.006104
1.262
0.3616
0.3929
0.5135
0.3517
0.4982
0.6638
0.6531
0.5997
0.4608
0.3513
0.3384
0.3204
0.3426
0.3418
0.3437
0.3574
0.37
0.3815
0.5249
2.124
2.411
1.678
1.193
0.5379
0.4974
0.5661
0.5798
0.5989
0.7904
1.122
0.3593
0.2007
0.009537
1.007
3.387
7.3
5.17
5.035
0.6851
0.01163
0.441
0.8713
0.367
0.5493
0.3922
0.3544
0.5829
0.6607
0.621
0.4822
0.3471
0.3716
0.3284
0.3384
0.3559
0.3456
0.3525
0.3288
0.3311
0.3437
1.561
1.804
2.029
1.521
0.5013
0.547
0.5348
0.6676
0.6073
0.7416
0.9186
0.7156
0.3231
0.05293
0.007439
2.145
6.519
6.812
5.42
1.317
0.003529
0.008869
0.3246
1.001
0.3914
0.4494
0.4982
0.3635
0.56
0.631
0.6317
0.486
0.4539
0.3582
0.3326
0.3265
0.3613
0.378
0.3345
0.3944
0.3315
0.3513
0.9262
1.91
2.094
1.093
1.414
0.592
0.5661
0.6668
0.708
0.7652
1.062
0.7675
0.3391
0.008392
0.009346
4.193
6.531
5.347
5.017
1.343
0.005627
0.01831
0.8133
0.7004
0.3304
0.4662
0.3307
0.3769
0.6081
0.65
0.6409
0.4745
0.3342
0.3201
0.3033
0.3536
0.3757
0.375
0.3632
0.3529
0.3391
0.3742
1.672
2.451
2.585
1.491
0.5424
0.6035
0.6187
0.7278
0.6172
0.8224
1.154
0.359
0.1791
0.01307
1.822
6.213
7.556
5.444
1.617
0.003052
9.537e-05
9.537e-05
0.0
9.537e-05
0.0
9.537e-05
0.007629
0.1141
1.193
0.3616
0.3864
0.528
0.3639
0.5623
0.6294
0.7088
0.5028
0.4395
0.3922
0.3506
0.3403
0.3326
0.3632
0.3475
0.3902
0.3922
0.4257
2.026
1.926
1.694
1.44
0.5768
0.5386
0.6363
0.6836
0.6943
1.1
0.9888
0.3853
0.07782
0.01135
2.847
6.238
6.714
5.42
1.414
0.009251
0.08755
1.067
0.4677
0.4944
0.4593
0.3239
0.4189
0.6844
0.7027
0.6485
0.4997
0.3624
0.3609
0.3471
0.3723
0.3513
0.3464
0.3532
0.3445
0.3338
1.337
1.981
2.243
1.706
0.6546
0.518
0.5699
0.6676
0.6523
0.7996
1.012
0.7889
0.3059
0.00639
0.01297
3.973
6.628
5.56
6.134
0.4982
0.00391
0.009727
0.7782
0.7706
0.576
0.6012
0.3944
0.5806
0.7744
0.705
0.5905
0.4417
0.3235
0.3262
0.375
0.3731
0.3609
0.3819
0.3853
0.3807
0.425
1.678
1.84
2.017
1.718
0.5241
0.5539
0.6004
0.7324
0.766
1.022
0.9613
0.3529
0.1621
0.009632
2.298
6.482
6.897
5.225
1.947
0.0004768
0.003433
9.537e-05
0.0
0.009251
0.4845
0.8469
0.2499
0.3021
0.4715
0.3113
0.3944
0.589
0.602
0.6569
0.5234
0.3334
0.3338
0.259
0.2979
0.3078
0.3147
0.3048
0.3361
0.2708
0.3201
0.4013
1.736
1.66
1.987
1.434
0.663
0.4936
0.5234
0.576
0.5562
0.6203
0.8194
1.097
0.3609
0.2419
0.006485
0.006104
5.334
6.995
5.75
5.017
0.1089
0.004673
0.007057
0.05627
1.062
0.4723
0.3395
0.5005
0.3078
0.3792
0.6172
0.6828
0.6218
0.4723
0.354
0.3433
0.3345
0.3506
0.3494
0.3216
0.3586
0.3601
0.3689
0.4395
1.611
1.981
2.2
1.376
0.5463
0.5585
0.4997
0.5714
0.5455
0.6203
0.9277
0.7576
0.2796
