2.063
1.215
2.023
1.419
0.592
1.387
1.118
2.029
5.499
2.942
0.605
1.103
3.314
6.024
1.515
0.8698
0.9857
4.144
4.065
0.7553
1.186
2.399
5.286
0.8957
1.469
0.3632
0.5043
0.3487
0.1398
5.017
3.778
0.4608
1.328
1.131
2.826
5.414
1.093
0.7721
1.399
0.4333
0.4875
0.4761
1.158
5.652
3.009
0.5653
0.0
0.0
0.0
0.0
0.0
0.0001907
0.0
0.0
0.0
0.0
0.0
0.001907
9.537e-05
0.0
0.0001907
0.0
0.0
0.0
0.0
0.0
0.0
0.0
0.0
0.0
0.0
0.0
9.537e-05
0.0
0.0
0.0
0.0
0.0
0.0
0.0
0.0
0.0
0.0
0.0
0.0
0.0
0.0
0.0
0.0
0.0
0.0
0.0
0.0
0.0
0.0
0.0
0.0
0.0
0.0
0.0
0.0
0.0
0.0
0.0
0.0
0.0
0.0
0.0
0.0
0.0
0.0
0.0
0.0
0.0
0.0
0.0
0.0
0.0
0.0
0.0
0.0
0.0
0.0
0.0
0.0001907
0.0
0.0
0.0
0.0
0.0
0.0
0.0
0.0
0.0
0.0
0.0
0.0
0.0
0.0
0.0
0.0
0.0
0.0
0.0
0.0
0.0
0.0
0.0
0.0
0.0
0.0
0.0
0.0
9.537e-05
0.0
0.0
0.0
0.0
0.0
0.0
0.0
0.0
0.0
0.0
0.0
0.0
0.0
0.0
0.0001907
0.0
0.0
0.0
0.0
0.0
0.0
0.004292
0.1375
0.288
0.3185
0.3559
0.2544
4.266
3.104
0.9155
0.6889
0.3483
0.1045
0.9827
4.529
5.164
0.5836
0.7492
0.7431
3.204
6.201
0.9308
0.6264
0.4578
0.7393
5.487
1.344
0.5722
1.324
0.3452
3.308
1.578
1.987
1.562
1.26
3.4
4.645
0.7965
0.9079
0.8133
0.6805
0.172
1.018
4.584
4.23
1.547
1.225
0.5989
0.6004
0.47
0.4829
0.8148
5.908
3.906
0.5196
0.2476
0.219
0.2357
0.2731
0.2647
0.3307
0.2216
2.283
4.572
4.224
1.447
2.38
1.849
1.575
2.396
0.8026
1.515
1.685
0.65
1.791
1.357
1.019
0.3017
0.2438
0.3368
0.3727
0.2342
0.1957
0.07029
2.072
5.261
3.314
0.4936
0.4967
1.054
2.597
1.724
0.4738
0.9811
2.328
0.9079
1.329
0.6844
1.575
0.5615
0.4448
0.3658
3.18
5.518
1.247
0.6569
1.578
0.6348
1.541
5.029
1.183
0.8209
1.381
1.477
0.7538
1.52
1.361
1.62
2.374
5.035
2.753
1.027
1.099
2.951
4.315
3.394
0.6416
1.556
0.7401
1.715
2.365
2.069
2.014
2.298
1.491
1.389
4.407
5.573
0.6073
1.363
2.011
4.626
3.564
2.213
2.948
1.26
2.209
0.6638
0.2785
0.359
1.073
0.6126
1.466
0.8408
1.55
1.318
5.237
1.654
0.5493
1.657
1.314
0.8301
1.143
0.5569
1.489
0.2937
1.611
0.7256
1.094
0.4372
1.363
1.221
1.109
4.437
5.511
1.125
0.7713
1.228
1.483
0.5394
1.482
1.245
2.603
1.92
1.712
0.5836
1.141
0.9506
1.187
1.302
0.6012
1.242
0.6378
1.401
0.3834
1.636
0.8011
4.364
2.408
1.181
1.993
5.823
2.93
0.5722
1.208
3.162
2.414
1.454
1.834
1.494
4.248
5.188
1.114
0.7439
1.328
1.056
0.8362
1.384
0.3159
1.477
1.315
0.7195
1.041
0.4501
1.587
0.6996
2.213
3.033
0.676
1.236
2.054
0.9277
2.298
2.219
1.463
1.027
0.4204
0.7179
0.2926
1.331
0.6958
0.6493
0.9445
0.08745
0.09785
0.103
0.1354
0.1041
0.1146
0.1377
0.1474
0.1219
0.1537
0.1131
0.1156
0.1314
1.648
2.704
5.719
4.84
2.017
1.071
0.9369
1.36
1.387
0.4784
1.273
0.4448
1.555
0.6424
1.715
1.204
1.369
0.8087
1.131
1.602
0.9018
1.105
1.602
0.1127
0.1133
0.1417
0.1314
0.1413
0.1493
0.1448
0.1375
0.1181
0.1669
0.1383
1.057
2.249
4.559
3.174
1.413
1.025
1.306
0.8621
5.237
4.187
0.4913
2.966
1.932
1.34
2.606
0.8743
1.401
1.266
0.2876
1.178
1.1
0.8743
1.779
2.972
1.703
1.537
1.892
0.6088
1.16
0.7088
1.346
1.109
2.475
5.005
1.843
0.544
0.4166
1.552
1.208
1.323
1.213
5.005
3.986
0.8545
0.6172
2.005
1.205
3.967
3.375
2.716
1.944
2.344
1.785
1.736
1.593
1.224
0.8438
1.375
0.4501
1.443
1.443
0.6577
1.462
1.122
0.753
1.236
0.4646
1.941
3.07
1.538
2.115
1.37
1.265
0.4677
0.317
0.3132
0.9399
1.199
1.651
4.749
4.742
0.3716
0.9583
2.432
5.762
0.4936
1.523
1.743
3.03
1.083
2.408
1.07
0.9155
0.7515
1.807
1.009
4.132
2.527
0.5829
1.245
0.3407
1.231
1.302
2.2
0.6248
1.816
0.7179
1.505
1.003
1.862
4.767
3.821
1.813
3.455
0.9369
2.441
0.9384
1.344
1.08
0.8698
1.308
0.5508
1.344
1.471
0.9521
0.1095
0.1329
0.1028
0.1514
0.1198
0.2831
0.132
0.1215
0.1162
0.1104
0.1245
2.881
2.664
3.302
2.1
0.06781
1.462
0.0
0.2018
0.563
0.6142
1.025
5.408
2.628
1.07
1.004
1.376
0.5806
0.5844
1.682
3.711
4.254
1.54
3.534
1.216
1.947
1.63
1.431
2.966
4.871
2.063
0.7614
1.318
0.7484
2.634
3.073
1.326
1.962
1.328
1.402
0.5058
1.245
0.7355
1.398
2.167
2.444
1.038
2.005
0.9796
1.453
1.021
1.953
5.194
2.045
0.7301
0.5005
2.487
2.829
1.384
2.487
0.4463
1.706
1.224
1.862
3.302
3.967
0.8072
0.8163
1.791
3.589
3.839
2.814
0.8636
1.41
0.679
1.212
0.4738
1.344
1.006
0.8072
0.6599
1.166
0.4143
1.451
0.9811
0.9735
1.462
0.4128
1.521
1.056
1.146
1.28
3.973
4.285
2.2
0.5219
1.404
0.621
1.27
0.6126
0.8026
1.128
0.853
3.546
3.821
0.425
1.035
0.8942
1.425
0.5524
0.9979
0.9079
1.172
1.244
0.5562
1.294
0.8667
1.077
3.882
5.127
1.018
0.9659
0.8759
2.847
5.298
1.254
0.6004
1.295
0.6332
1.175
0.6187
0.4532
1.712
1.086
2.423
6.067
1.846
0.6859
0.1888
0.2235
0.1944
0.222
0.3548
1.624
0.5989
1.508
0.4715
1.447
0.07343
0.0
0.0
0.04301
0.144
0.3319
0.5112
0.5234
0.7187
1.323
0.09995
0.09308
0.08287
0.1333
0.09975
0.1356
0.1062
0.1003
0.09508
0.1249
0.108
0.1369
0.9186
2.197
4.62
4.443
1.938
0.4974
1.41
1.189
0.5554
0.5005
0.4745
0.3002
4.48
5.042
0.856
1.181
0.5997
1.297
0.5501
1.299
0.5424
1.256
0.4326
1.231
0.6172
1.178
2.304
5.255
3.613
0.5959
1.065
3.448
4.108
0.5371
1.207
3.241
5.737
1.546
0.8102
1.508
0.5394
1.666
0.4723
1.859
3.607
1.874
2.011
1.932
1.282
1.28
1.083
2.795
5.396
2.002
0.5745
1.019
0.8194
1.651
1.17
3.308
5.768
0.9445
1.434
1.755
5.176
6.018
0.4486
