0.795
1.302
3.558
3.104
0.9979
2.634
1.379
2.829
3.784
1.511
1.813
0.6294
1.578
1.482
2.39
4.645
4.236
0.2502
1.151
1.175
1.736
0.7645
1.067
0.6363
1.492
1.321
0.9109
1.785
1.384
2.206
4.578
4.095
0.4524
1.251
1.617
2.31
4.559
4.382
0.5203
3.4
3.796
0.8224
2.737
0.1364
0.0
0.0
0.0
0.0001907
0.0
0.0
0.0
0.0
0.0
0.0
0.0
0.001812
0.0002861
0.0
0.0
0.0
0.0
0.0
0.0
0.0
0.0
0.0
0.0
0.0
0.0
0.0
0.0
0.0
0.0
0.0
0.0
0.0
0.0001907
0.0
0.0
0.0
0.0
0.0
0.0
0.0
0.0
0.0
0.0
0.0
0.0
0.0
0.0
0.0
0.0
0.0
0.0
0.0
0.0
0.0
0.0
0.0
0.0
0.0
0.0
0.0
0.0
0.0
0.0
0.0
0.0
0.0
0.0
0.0
0.0
0.0
0.0
0.0
0.0002861
0.0
0.0
0.0
0.0
0.0
0.0
0.0
0.0
0.0
0.0
0.0
0.0
0.0
0.0
0.0
0.0
0.0
0.0
0.0
0.0
0.0
0.0
0.0
0.0
0.0
0.0
0.0
0.0
0.0
0.0
0.0
0.0
0.0
0.0
0.0
0.0
0.0
0.0
0.0
0.0
0.0
0.0
0.0
0.0
0.0
0.0
0.0
0.0001907
0.0
0.0
0.0
0.0
0.0
0.0
0.0
0.0
0.0
0.0
0.002575
0.02346
1.53
0.576
0.02022
0.03719
0.03901
0.03986
0.03233
0.03471
0.02861
0.09918
1.135
0.6531
0.6966
1.831
4.651
2.319
0.589
1.146
2.124
4.883
3.571
0.4692
0.1537
0.1348
0.1513
0.1638
0.1251
0.1322
0.1604
0.1335
0.1492
0.1507
0.4616
2.029
3.723
4.376
1.263
0.9262
1.024
0.6042
1.627
4.083
3.839
0.37
1.125
0.8362
0.02375
0.0598
0.0
0.0
0.0
0.5066
1.492
0.4875
1.318
1.317
0.7652
1.067
1.938
4.12
4.12
0.5417
0.9094
0.7301
0.5836
1.241
0.5516
0.5257
0.2907
0.04253
2.618
4.297
0.3418
1.328
0.6699
1.288
0.8667
0.9521
0.9552
0.6081
0.9811
1.234
0.9613
1.289
0.528
0.486
0.5142
2.066
4.84
2.283
0.695
1.234
0.6432
0.4944
0.2827
1.825
4.425
1.047
1.036
1.106
1.413
0.4631
1.399
0.6058
1.355
1.009
1.427
0.7339
1.52
1.518
0.9781
1.331
1.416
1.462
1.474
1.384
1.381
2.441
4.407
2.777
0.8652
1.532
4.01
4.248
1.06
0.9171
1.996
1.518
3.406
4.303
1.816
3.088
3.595
0.9048
2.341
1.512
1.518
0.354
0.2178
0.1965
0.1833
0.2144
0.2651
0.2144
0.1865
0.2022
0.1839
0.1608
0.198
1.657
1.88
4.431
3.149
1.678
0.8148
0.7721
1.341
0.9979
1.288
4.071
4.901
1.84
0.3487
0.5325
0.7011
0.7652
2.637
4.761
3.735
0.7637
1.308
1.694
1.497
2.527
4.053
3.577
0.341
1.447
1.462
2.048
1.276
2.457
4.053
0.8057
0.6851
0.8911
0.7591
1.73
4.48
4.382
1.172
1.343
0.8499
1.332
2.026
4.492
4.218
0.6721
1.147
1.524
1.593
2.896
4.401
3.247
1.614
2.402
4.108
4.297
1.064
1.584
0.827
1.242
1.395
1.755
0.8408
1.495
1.712
2.56
4.333
4.059
1.196
0.5173
0.4669
0.6561
0.856
4.144
3.625
1.096
1.495
3.65
1.813
1.636
2.701
0.592
1.331
1.036
1.443
0.7164
1.431
0.2163
0.1902
0.2743
0.1936
0.1965
0.227
0.1875
0.2083
0.2342
0.2037
0.2201
0.2136
0.4112
2.689
2.402
4.657
4.694
3.516
0.631
1.694
1.816
0.4318
1.369
0.5013
1.187
0.7217
1.485
2.216
4.333
3.284
0.8698
1.489
3.693
4.059
1.277
1.219
1.306
3.052
4.578
2.707
1.581
2.252
4.62
2.853
0.6592
1.385
0.6531
1.413
4.504
4.425
0.9384
1.559
1.335
1.859
4.089
4.285
0.5524
1.385
0.7545
1.724
1.273
1.314
1.938
4.022
3.9
0.9171
1.089
0.5058
2.307
3.528
1.575
2.539
1.385
0.251
1.163
0.08307
0.0946
0.2354
1.276
0.544
1.443
0.634
0.5989
0.531
3.906
4.224
1.923
1.923
1.288
2.731
2.335
2.493
1.14
2.454
1.05
1.308
2.17
3.735
4.407
1.253
0.1688
0.6111
1.445
0.9857
1.831
1.425
1.376
1.743
1.199
1.387
0.3143
0.1656
0.1879
0.1589
0.1385
0.2041
0.2941
0.2567
0.2457
0.2296
0.2533
1.407
2.313
4.681
3.375
1.306
2.075
3.76
1.057
2.209
0.5669
2.652
4.12
1.227
2.435
0.7561
0.396
0.5562
1.329
1.369
1.956
3.625
0.8011
2.563
1.033
1.212
0.6012
1.602
1.244
0.6065
1.344
0.3765
1.335
1.379
1.123
2.96
1.947
2.454
2.359
2.127
3.168
3.638
2.646
0.6302
1.18
0.4814
1.959
1.344
1.843
3.998
3.235
3.29
1.001
1.215
3.381
2.063
1.721
2.155
1.34
2.576
4.297
2.032
0.8041
1.181
0.7889
1.154
0.6058
1.448
0.8041
1.663
0.0
0.6508
1.366
4.37
1.691
1.372
1.941
4.236
2.997
0.6966
0.3422
0.4677
1.266
1.222
1.471
0.7271
1.509
1.675
0.6638
1.587
1.483
3.073
2.319
1.233
2.557
0.3757
0.3624
0.7576
1.43
0.7286
0.7332
1.17
3.394
1.926
1.715
1.932
1.445
2.243
4.462
4.071
0.8728
1.384
0.882
1.164
1.834
4.285
4.456
0.5127
1.283
0.7759
0.1474
0.1488
0.1492
0.1282
0.1575
0.1753
0.1389
0.1085
0.1657
0.1291
0.1177
0.1238
1.941
2.512
4.657
4.016
1.337
1.311
1.486
3.076
4.413
2.35
0.9781
1.041
1.344
0.8423
1.407
1.309
1.907
3.241
1.112
2.307
0.8698
1.407
1.114
0.9216
1.358
2.811
2.38
1.587
2.408
1.033
2.097
3.662
0.7645
1.044
0.8972
0.8865
0.7698
3.894
4.535
0.6554
0.795
1.263
1.411
1.398
2.716
4.321
1.956
0.8957
1.262
0.4898
1.321
0.4143
1.332
1.479
3.247
1.105
2.487
0.7416
1.152
0.6729
0.9842
1.064
0.4234
0.3857
0.3708
0.4181
0.08297
4.224
4.901
1.256
0.8743
1.299
1.254
0.6287
1.404
0.2621
0.1699
0.2071
0.1579
0.1701
0.161
0.1671
0.1759
0.1621
0.7828
1.599
1.95
1.593
1.346
2.304
0.7622
1.492
0.9155
0.8224
0.2308
1.395
0.425
1.318
0.4654
2.023
3.32
1.399
1.688
1.904
4.242
1.633
2.219
1.303
1.34
0.6462
0.9583
0.5104
1.138
0.5196
1.205
1.03
2.548
4.498
1.132
1.367
0.8636
1.779
1.131
0.9079
1.859
0.914
1.212
1.422
0.5737
1.941
4.132
1.357
2.176
1.445
1.283
0.6256
1.611
1.483
2.649
4.462
2.557
0.9583
1.279
4.083
2.185
1.112
1.225
3.247
4.51
2.652
0.7141
1.401
0.4654
1.479
1.144
0.8194
0.5539
0.5554
0.5684
2.347
4.065
3.314
1.271
1.1
2.423
3.778
0.6859
2.573
