0.06399
0.06371
0.06351
0.06247
0.06905
0.08326
0.07048
0.07515
0.08192
0.06104
0.06771
0.06752
0.0659
0.08078
0.06294
0.09069
0.06199
0.06008
0.06218
0.06361
0.07486
0.0701
0.07439
0.06027
0.07019
0.05856
0.07191
0.06599
0.06742
0.06771
0.0701
0.06571
0.07057
0.07496
0.06285
0.05655
0.06895
0.06132
0.07401
0.07639
0.05474
0.07734
0.08678
0.06752
0.08574
0.06943
0.06905
0.05989
0.06533
0.0638
0.06752
0.06037
0.06952
0.06447
0.0638
0.06533
0.05217
0.06018
0.06227
0.0514
0.04873
0.04826
0.07296
0.05531
0.05045
0.06456
0.05732
0.06161
0.05121
0.05703
0.06018
0.0493
0.06094
0.05598
0.05751
0.07391
0.06123
0.06123
0.04606
0.05636
0.06428
0.0598
0.0597
0.05884
0.0555
0.05169
0.06342
0.06275
0.07772
0.05627
0.03624
0.07792
0.04025
0.06495
0.04396
0.072
0.05026
0.06104
0.04234
0.05131
0.1123
0.05579
0.1022
0.06084
0.04692
0.05112
0.05751
0.04826
0.04721
0.04272
0.05579
0.04463
0.04797
0.04272
0.03891
0.0412
0.04206
0.04034
0.05226
0.05598
0.09537
0.07381
0.0742
0.0659
0.1104
0.1085
0.1488
0.06332
0.06409
0.04892
0.07591
0.05941
0.05102
0.05598
0.06323
0.06323
0.04435
0.0474
0.0494
0.04654
0.0493
0.0514
0.0473
0.05236
0.04463
0.05903
0.04463
0.04683
0.04606
0.05045
0.05655
0.05054
0.06313
0.05646
0.04959
0.06504
0.05684
0.05541
0.06495
0.06323
0.05608
0.06819
0.05512
0.05283
0.08106
0.05732
0.06094
0.05426
0.06247
0.0596
0.07114
0.05341
0.05713
0.05665
0.05541
0.07162
0.06857
0.07839
0.05856
0.07334
0.06046
0.06809
0.07334
0.07601
0.06418
0.08297
0.0968
0.08726
0.0843
0.06971
0.0742
0.09918
0.1242
0.07401
0.07906
0.0845
0.1183
0.1331
0.1217
0.1331
0.1165
0.1179
0.1472
0.1436
0.1675
0.0988
0.144
0.1392
0.178
0.1453
0.09489
0.06762
0.1215
0.1209
0.1184
0.135
0.1099
0.1301
0.1617
0.1842
0.1411
0.112
0.09956
0.1738
0.1158
0.1219
0.07191
0.09413
0.09346
0.128
0.1295
0.1375
0.1242
0.1223
0.09289
0.107
0.115
0.08564
0.1032
0.1307
0.1181
0.09394
0.1034
0.09842
0.1015
0.111
0.1369
0.1335
0.08631
0.09298
0.1028
0.1612
0.09804
0.09165
0.06351
0.07782
0.06962
0.08116
0.0679
0.08764
0.09527
0.08307
0.06514
0.07057
0.06638
0.08144
0.07772
0.07296
0.0761
0.07858
0.07763
0.08221
0.08183
0.1146
0.07677
0.06685
0.07677
0.09499
0.1131
0.1108
0.06695
0.09975
0.05608
0.08173
0.06895
0.0679
0.1024
0.1011
0.0824
0.08335
0.07076
0.05798
0.1072
0.06685
0.06838
0.07505
0.07486
0.09508
0.07477
0.07801
0.07629
0.08469
0.1047
0.1001
0.07143
0.06924
0.07544
0.07124
0.06676
0.06447
0.06571
0.07982
0.05608
0.06266
0.0598
0.06771
0.06895
0.0783
0.06609
0.07467
0.08707
0.08354
0.06113
0.08478
0.06981
0.07877
0.08326
0.07362
0.07677
0.06809
0.08049
0.07515
0.08316
0.07191
0.06723
0.06285
0.08621
0.06018
0.05369
0.06704
0.0659
0.06247
0.06647
0.06838
0.06752
0.0639
0.08354
0.06151
0.06742
0.05217
0.05503
0.05684
0.04911
0.05436
0.05426
0.06247
0.08564
0.05932
0.09727
0.08516
0.08793
0.06409
0.06065
0.05493
0.0515
0.05493
0.04835
0.05512
0.04845
0.05779
0.06094
0.05341
0.04082
0.03624
0.05884
0.0412
0.04368
0.0515
0.03643
0.04482
0.06752
0.04463
0.1019
0.05617
0.05264
0.06657
0.0514
0.05922
0.06094
0.05083
0.05636
0.04597
0.06428
0.04597
0.06037
0.04997
0.0494
0.05083
0.06046
0.04597
0.0658
0.0576
0.05388
0.04864
0.04492
0.05693
0.07048
0.05398
0.05283
0.04902
0.05846
0.04482
0.05856
0.06971
0.05035
0.05226
0.05856
0.06075
0.06018
0.04969
0.04911
0.05531
0.06351
0.0596
0.04892
0.06247
0.07019
0.07801
0.06456
0.06161
0.05369
0.06151
0.0865
0.09508
0.05693
0.07324
0.068
0.06495
0.06332
0.0659
0.06847
0.05989
0.06571
0.06523
0.05617
0.06943
0.05693
0.0659
0.06399
0.068
0.07105
0.07944
0.06533
0.08106
0.06266
0.08135
0.08516
0.08144
0.06933
0.08001
0.07267
0.07429
0.08144
0.08497
0.1106
0.1024
0.08154
0.08335
0.0948
0.1026
0.1095
0.1013
0.102
0.1005
0.1158
0.08688
0.08936
0.07811
0.08612
0.09594
0.1051
0.08049
0.1167
0.09451
0.1085
0.1053
0.08965
0.1232
0.1244
0.1368
0.104
0.1108
0.08507
0.09956
0.1133
0.09289
0.08993
0.1032
0.09432
0.09136
0.1043
0.1095
0.09861
0.0905
0.09403
0.09766
0.08078
0.1158
0.1087
0.09861
0.09451
0.0843
0.06714
0.09127
0.09127
0.07019
0.1015
0.08659
0.09146
0.08039
0.07887
0.07944
0.07334
0.0824
0.08106
0.07296
0.07343
0.07782
0.08612
0.07324
0.09651
0.09098
0.07391
0.08373
0.07763
0.07515
0.09642
0.07715
0.09279
0.06447
0.0659
0.07296
0.07515
0.07687
0.07391
0.07725
0.06418
0.09441
0.07029
0.07629
0.07782
0.06781
0.0803
0.06924
0.07877
0.06313
0.0823
0.09089
0.09642
0.0823
0.08774
0.07515
0.07238
0.08497
0.0783
0.06857
0.1368
0.07734
0.06104
0.08068
0.09375
0.09279
0.0721
0.06018
0.07296
0.07591
0.07238
0.0823
0.07067
0.07086
0.09556
0.06495
0.0802
0.06933
0.07792
0.06313
0.07448
0.07105
0.07038
0.07286
0.08898
0.06657
0.07477
0.07315
0.07257
0.06886
0.07429
0.08326
0.103
0.07448
0.07591
0.08307
0.07753
0.07248
0.0596
0.06714
0.07019
0.07105
0.08364
0.0783
0.07248
0.08545
0.06409
0.07076
0.09146
0.09356
0.08736
0.09394
0.07029
0.07544
0.06533
0.07572
0.06418
0.05388
0.0638
0.06504
0.05665
0.05016
0.05293
0.07057
0.05674
0.07076
0.06285
0.06828
0.07
0.04902
0.06161
0.07229
0.06676
0.06018
0.05541
0.04845
0.05827
0.05693
0.05074
0.05865
0.05436
0.09193
0.04778
0.05741
0.0432
0.0721
0.04816
0.08154
0.06371
0.06065
0.07277
0.08535
0.05188
0.06123
0.07296
0.03986
0.06428
0.05293
0.08392
0.05388
0.06447
0.06056
0.08221
0.06886
0.06056
0.05455
0.05083
0.05455
0.05741
0.04511
0.0493
0.05417
0.08698
0.05569
0.0555
0.04854
0.05293
0.05388
0.05093
0.05074
0.0453
0.06323
0.05331
0.05789
0.04597
0.05417
0.0659
0.0495
0.0432
0.05617
0.05684
0.0597
0.07467
0.05941
0.04597
0.06647
0.07095
0.06466
0.06676
0.07668
0.0596
0.06933
0.06409
0.05331
0.06371
0.05169
0.05741
0.05627
0.07181
0.06475
0.07725
0.06838
0.06628
0.0803
0.07372
0.07725
0.09623
0.05388
0.06266
0.06332
0.07248
0.08631
0.06485
0.08821
0.0762
0.07381
0.07858
0.07973
0.0802
0.0658
0.08001
0.06905
0.09327
0.0843
0.0803
0.0906
0.07277
0.08488
0.09003
0.07877
0.09642
0.08478
0.08831
0.09251
0.09251
0.09098
0.08707
0.106
0.08812
0.08688
0.1074
0.08221
0.08688
0.08888
0.08526
0.07305
0.102
0.107
0.09823
0.1072
0.1017
0.09146
0.09336
0.09041
0.09899
0.1217
0.1162
0.1129
0.1257
0.1307
0.1112
0.1026
0.1286
0.0885
0.1074
0.1205
0.1081
0.1024
0.08659
0.1482
0.09537
0.1183
0.1011
0.09212
0.0948
0.1089
0.0865
0.108
0.0741
0.1045
0.09346
0.09356
0.08001
0.07982
0.06962
