20.09
17.16
19.26
15.84
21.95
16.65
18.58
15.5
20.29
16.31
18.65
14.58
17.53
15.65
14.92
17.82
15.6
17.58
15.72
18.58
20.56
16.75
18.07
15.43
17.63
18.53
15.65
18.24
15.06
14.16
21.31
19.26
18.31
16.02
18.53
19.73
22.0
14.82
18.09
15.23
17.8
15.33
18.6
15.5
17.68
19.87
15.82
16.72
14.65
17.41
14.97
18.21
15.23
17.65
16.21
21.53
18.95
16.5
18.73
15.77
16.48
14.48
17.97
16.72
13.92
13.67
16.55
14.4
16.97
13.28
22.66
18.14
14.87
18.09
14.92
13.57
14.82
13.67
17.53
14.65
18.85
14.89
17.26
13.57
16.53
13.79
16.36
13.87
20.14
14.97
19.51
16.6
21.68
20.63
17.24
13.84
16.14
14.16
16.46
17.29
19.24
15.65
19.51
13.57
16.02
18.09
18.55
15.23
16.06
13.45
13.79
20.36
15.48
17.26
18.09
17.38
18.09
15.77
14.43
16.38
12.82
15.33
12.67
15.5
13.38
21.56
13.57
14.31
21.26
15.99
12.48
15.77
14.84
20.48
18.46
15.8
14.55
14.38
17.33
13.18
12.39
14.7
11.89
14.89
12.7
13.7
12.7
16.8
15.99
16.82
14.09
14.72
16.6
11.9
15.01
13.09
15.94
13.84
15.58
13.21
15.99
12.49
16.24
13.23
15.53
13.26
18.53
13.43
15.16
18.36
15.92
19.12
18.92
18.92
15.87
19.24
17.16
20.58
18.87
19.95
19.24
20.48
17.68
21.36
18.9
23.39
19.17
19.9
20.24
22.88
18.92
20.29
18.51
19.75
16.55
16.58
19.78
17.68
15.97
19.24
16.6
15.43
18.8
16.82
20.14
18.14
15.14
15.26
15.45
19.26
18.12
20.58
21.09
20.61
20.48
22.95
20.73
18.6
16.94
19.36
17.77
20.8
18.26
18.46
16.28
20.02
18.97
17.14
17.36
21.46
16.06
19.04
17.6
20.56
18.95
21.97
19.14
20.85
16.5
18.68
20.41
20.0
19.78
23.02
18.14
20.36
17.5
24.46
19.65
19.41
18.75
30.76
24.24
21.34
18.92
21.0
19.29
22.66
20.65
22.58
20.46
25.05
22.05
24.05
21.07
23.78
20.29
22.97
21.66
25.59
23.93
24.51
21.51
23.8
24.41
26.66
23.36
26.22
23.61
25.15
21.63
21.44
19.73
20.46
26.9
25.2
22.12
23.41
20.75
21.73
20.0
23.07
21.44
22.17
23.29
28.37
25.34
28.22
24.37
26.51
24.32
26.07
22.34
24.12
21.39
24.17
22.07
25.54
26.81
29.88
27.73
30.76
30.03
26.81
24.98
25.78
24.02
26.07
23.63
26.66
25.1
27.88
28.66
29.05
24.49
26.76
24.24
25.54
23.07
28.17
25.73
28.12
26.12
31.01
25.68
27.1
23.19
25.29
22.88
25.73
22.95
26.71
23.17
24.29
21.53
23.63
22.09
25.1
21.9
23.32
23.51
26.07
23.49
22.51
18.38
21.12
18.92
21.0
20.04
22.24
19.6
22.27
20.85
26.61
20.56
21.26
19.9
24.58
23.68
25.34
22.88
26.32
22.31
21.75
19.04
21.09
19.31
23.41
19.53
21.46
18.8
24.56
21.29
24.17
21.85
22.39
19.46
20.56
18.19
20.73
18.95
23.34
19.46
21.09
19.63
20.7
18.33
19.41
17.97
18.53
18.41
18.43
16.5
19.51
18.97
19.31
17.63
19.43
16.46
17.9
17.36
20.63
20.56
20.8
20.12
23.44
19.24
18.51
16.19
18.04
16.63
17.43
15.84
16.55
18.77
17.33
16.48
18.41
16.21
17.36
16.8
17.63
18.19
18.58
18.24
17.21
16.02
21.19
16.26
16.55
15.6
17.63
14.92
16.46
15.45
19.73
18.09
17.24
17.58
17.5
18.12
16.26
16.28
19.87
17.14
18.58
16.63
17.19
18.41
20.83
20.68
21.02
19.51
22.02
17.19
25.49
22.41
22.41
19.68
20.02
20.95
22.02
20.43
22.39
17.92
19.97
18.97
19.46
20.58
20.75
18.26
20.53
18.75
23.02
19.14
21.83
22.14
22.27
21.39
22.27
22.24
22.14
20.92
22.75
21.61
23.32
23.1
23.27
23.71
25.34
25.68
26.42
26.51
27.1
24.39
26.27
24.19
25.29
24.17
23.14
20.36
24.66
21.8
20.56
19.92
21.07
20.65
20.97
20.65
24.0
23.07
23.75
23.66
22.95
24.58
24.63
22.53
23.02
23.12
23.61
22.41
21.95
21.12
24.9
20.7
23.58
22.83
26.27
25.24
27.59
23.34
26.22
22.71
24.71
24.34
26.27
25.0
27.54
25.05
28.47
25.63
24.98
22.58
26.9
22.53
25.24
22.8
23.73
22.63
26.37
23.0
25.73
23.78
26.86
24.63
26.07
23.85
25.39
23.05
26.07
22.92
27.54
22.34
22.75
22.09
23.9
22.46
24.02
22.71
26.32
25.39
28.52
25.83
25.44
22.46
23.88
22.19
23.8
20.53
23.24
21.44
23.05
21.22
21.9
21.95
21.36
19.7
23.1
19.95
21.66
19.65
23.05
21.92
22.19
24.15
23.29
24.0
28.96
27.73
30.37
27.83
32.71
29.98
27.2
25.93
27.54
25.93
26.42
25.98
30.52
26.76
28.52
24.51
27.2
25.39
26.37
25.1
27.59
24.71
26.81
24.29
26.56
24.19
28.86
29.54
27.54
24.93
28.27
25.59
28.22
25.88
26.46
27.15
28.61
24.63
24.54
23.0
24.44
22.27
25.29
23.22
22.36
19.78
22.27
19.6
21.24
18.92
23.44
21.56
24.95
20.12
23.73
20.53
21.17
20.58
23.58
22.71
22.85
21.22
23.12
20.04
24.71
19.19
20.09
18.04
20.46
19.92
20.63
18.24
20.24
21.31
24.34
21.97
24.32
18.21
21.17
21.97
25.83
20.83
20.48
18.48
22.05
18.6
21.51
18.38
20.8
18.16
20.21
18.85
23.83
21.48
22.12
17.53
20.39
17.09
19.95
20.29
20.09
17.38
20.24
18.09
21.75
18.68
19.78
17.87
24.78
18.41
19.02
16.77
19.92
18.68
20.26
21.14
20.39
16.7
17.8
15.82
18.38
17.07
18.95
16.87
19.36
15.75
17.85
18.43
22.07
18.58
17.99
18.24
20.43
18.87
22.39
19.04
20.24
17.36
19.46
18.26
19.92
16.94
19.8
21.56
25.0
22.05
25.68
21.73
21.95
16.14
17.11
16.09
19.17
16.33
18.48
16.8
19.51
17.02
19.41
19.51
19.19
20.19
20.51
12.77
15.99
17.46
19.75
16.67
20.7
18.21
24.93
30.03
19.73
19.26
25.39
21.02
25.34
23.29
25.1
25.39
25.54
21.02
23.66
21.39
23.46
21.26
22.31
20.29
26.12
22.58
25.05
23.36
23.19
17.68
21.66
19.7
23.17
21.58
26.03
23.41
25.49
23.71
23.19
22.02
24.1
22.83
25.39
23.0
25.2
23.56
27.59
24.46
27.25
23.0
26.17
26.07
28.81
25.88
30.57
25.93
31.05
27.54
27.78
26.32
30.32
27.93
27.98
24.15
24.46
22.68
25.59
24.56
28.17
26.66
27.88
26.42
26.56
24.78
25.24
22.78
25.2
22.22
25.34
22.58
23.41
22.97
24.0
22.75
26.07
22.95
24.07
22.05
24.61
18.73
26.56
25.34
24.49
24.63
22.73
20.83
22.31
20.56
23.49
23.0
24.27
21.68
23.34
21.56
24.24
22.56
23.22
21.95
28.61
26.32
23.56
22.49
27.73
22.56
24.1
20.41
22.02
19.68
23.02
23.58
24.05
20.68
