9.537e-05
0.0
0.0001907
0.0001907
0.0
9.537e-05
0.0
0.0
0.0
0.0
0.0001907
0.0005722
0.0003815
0.0
0.0
0.0003815
9.537e-05
0.0001907
0.0
9.537e-05
0.0001907
0.0
0.0001907
0.0
0.0001907
0.0001907
0.0
0.0
0.0
0.0
0.0001907
0.0001907
0.01011
0.5859
2.209
2.307
2.087
2.194
1.672
1.323
4.077
4.224
3.229
1.91
0.2342
1.32
2.1
2.475
2.158
2.139
2.487
6.213
3.418
2.826
0.8087
0.1606
1.303
2.307
2.466
2.28
2.332
2.155
3.284
4.797
2.066
2.051
0.9476
0.6226
1.877
2.225
2.573
2.444
2.209
5.133
3.308
2.954
0.9384
0.4555
0.3754
0.0004768
0.08974
0.1791
0.2647
1.898
1.855
1.384
1.385
1.472
1.797
2.045
2.338
5.914
3.223
1.761
0.4478
0.2041
0.1938
0.6378
2.036
2.09
2.231
2.466
3.534
5.06
3.125
0.7172
0.2777
0.148
0.1413
0.3345
0.004482
0.2018
2.341
2.518
2.179
2.408
2.567
5.981
2.982
2.155
0.3559
0.5043
0.5028
0.6149
0.2766
0.1526
0.4463
0.2373
0.5768
0.6149
0.5905
0.8408
0.3437
0.2922
0.8926
1.474
1.746
1.84
2.695
4.047
4.602
3.503
0.8652
0.4929
0.5447
0.6355
0.2518
0.1141
0.341
0.5745
0.4898
0.2434
0.139
0.2861
0.1532
0.5501
0.2686
0.1265
0.219
0.5417
0.2197
1.846
1.819
1.776
1.929
1.801
1.743
1.779
4.169
3.455
2.737
1.491
0.4143
0.4646
0.3025
0.4471
0.3799
0.386
0.7462
0.3632
0.4105
0.544
0.2598
0.1394
0.367
0.01154
0.0001907
0.2476
0.3872
0.2651
0.2243
0.246
0.2312
0.0104
0.3792
0.2892
0.1228
0.3975
0.2853
0.2907
0.2651
0.2319
0.1041
0.3826
0.5539
0.06895
0.5585
0.1535
0.06542
0.06008
0.2785
0.1099
0.3376
0.4799
0.2769
0.02489
0.1299
0.08917
0.2827
0.04625
0.4791
0.486
0.235
0.1524
0.2174
0.2083
0.4974
0.2476
0.3922
0.2563
0.3613
0.1442
0.2789
0.1297
0.0001907
0.4509
0.3296
0.7607
0.3895
0.1059
0.08125
0.3689
0.1219
0.2354
0.3311
0.2987
0.3334
0.3242
0.2262
0.3983
0.4066
0.4959
0.6676
0.65
0.2193
0.1402
0.1083
0.65
0.285
0.03529
0.9964
0.1827
0.1579
0.2708
0.157
0.1501
0.6317
0.7599
0.07706
0.1543
0.2781
0.3284
0.1869
0.1379
0.1015
0.2563
0.06809
0.4906
0.1314
0.1036
0.3155
0.09089
0.001144
0.02604
0.6302
1.26
0.2548
0.1236
0.2003
0.2663
0.4372
0.4379
0.2541
0.2937
0.1505
0.7675
0.2106
0.486
0.1022
0.1045
0.08316
0.3288
0.3536
0.1699
0.1043
0.08411
0.2377
0.1354
0.0001907
0.01726
0.1968
0.1791
0.4799
0.08965
0.1049
0.09298
0.2964
0.07954
0.1844
0.3105
0.2369
0.3407
0.08764
0.07162
0.08507
0.2678
0.03901
0.0005722
0.0002861
0.0
0.0
0.3284
0.3479
0.1852
0.1501
0.2789
0.3353
0.2033
0.1289
0.4692
0.6241
0.174
0.2506
0.1167
0.2396
0.09184
0.2148
0.4906
0.1213
0.4021
0.09975
0.1198
0.8286
0.1642
9.537e-05
0.03462
0.4433
0.4936
0.124
0.1085
0.2804
0.1371
0.2026
0.3387
0.108
0.123
0.2869
0.5295
0.135
0.1579
0.09661
0.4707
0.0001907
0.1684
0.1284
0.3895
0.14
0.1015
0.1637
0.3284
0.3426
1.66
2.002
1.764
2.023
1.675
1.657
1.633
1.886
1.624
1.294
1.843
1.892
1.892
1.752
1.883
1.587
1.402
1.45
1.859
1.956
1.892
1.425
3.122
3.314
4.694
7.043
5.811
7.019
8.228
8.435
4.816
5.554
3.735
3.912
1.334
0.1358
1.62
1.566
1.453
1.389
1.74
1.859
2.499
2.121
2.167
2.219
1.88
1.862
2.28
2.267
2.353
2.017
2.017
2.06
2.267
2.576
2.377
4.602
6.189
5.811
8.252
8.484
5.45
7.153
3.937
3.009
4.974
3.168
3.345
3.18
1.544
0.9247
1.045
1.898
2.011
1.721
1.791
1.486
1.633
2.109
2.057
1.938
2.029
1.965
1.944
1.917
1.77
1.776
1.843
1.66
1.828
1.584
1.721
1.901
1.575
1.743
1.95
3.571
4.736
7.593
9.57
9.534
5.902
7.202
4.84
5.017
4.578
3.809
2.579
0.9644
1.474
1.938
1.932
1.752
2.396
1.971
1.648
1.7
1.825
1.733
1.877
1.752
1.736
1.81
1.779
1.895
1.91
1.443
1.569
1.303
1.764
1.813
1.886
1.74
1.706
4.26
6.152
8.057
8.655
9.033
6.311
7.019
4.767
5.353
3.198
3.9
2.173
0.2541
1.654
1.822
1.445
1.497
1.535
1.608
1.697
1.474
1.834
1.39
1.712
1.37
1.184
1.076
1.126
0.9659
1.048
1.254
1.654
1.862
1.733
1.703
1.654
1.99
1.813
2.142
5.792
7.397
5.908
7.129
5.109
6.86
5.304
4.633
5.219
3.485
3.156
1.788
1.234
0.6096
1.352
1.488
2.887
3.43
2.557
1.091
0.3063
0.1223
0.1211
0.1186
0.3128
0.1905
0.1436
0.09842
0.428
0.102
0.7454
0.8865
1.196
2.875
3.375
1.19
0.3002
0.1232
0.1163
0.1507
0.2991
0.2666
1.028
1.276
2.298
3.827
1.758
0.4967
0.547
0.8896
1.035
1.068
3.055
2.313
1.718
0.8682
0.1835
0.08678
0.09222
0.5577
0.0782
1.143
1.231
1.364
1.237
1.036
1.224
1.495
1.399
1.257
1.697
1.645
1.575
1.555
1.434
1.242
1.593
1.239
1.212
1.193
1.431
1.387
1.633
1.938
1.697
1.749
1.697
1.804
2.164
1.685
1.764
1.862
1.843
3.76
4.828
7.092
4.651
5.353
5.273
4.712
5.463
4.98
4.12
5.267
3.577
2.966
3.101
1.562
0.4272
1.491
1.271
1.265
1.505
1.291
1.343
1.648
1.518
1.865
1.349
1.265
1.624
1.926
1.947
2.097
2.255
2.155
2.359
2.344
2.103
2.109
2.039
2.078
1.996
2.011
1.761
2.783
4.993
7.41
7.312
5.426
4.956
5.939
5.377
4.303
5.28
3.012
2.179
2.347
2.036
1.408
0.2888
1.669
0.3017
1.367
0.5531
0.5524
1.366
0.5577
1.448
1.514
2.036
1.495
1.874
1.648
1.642
1.297
1.173
1.321
1.054
0.9811
0.9628
1.675
1.433
1.448
1.599
1.587
1.532
1.703
1.448
1.216
1.318
1.419
1.294
1.279
1.166
1.39
1.344
1.32
1.361
1.17
1.186
1.253
4.877
7.373
5.17
3.024
4.822
6.061
3.613
4.919
3.717
2.731
4.431
3.174
2.448
1.987
2.243
1.721
1.364
0.5859
0.5379
0.399
0.4395
0.4784
0.4517
0.47
0.2842
0.09384
0.08364
0.2064
0.1755
0.4242
0.3162
0.3914
0.07944
0.1122
0.08965
0.251
0.2712
0.2853
0.06065
0.09756
0.07362
0.2258
0.1734
0.4616
0.3738
0.1169
0.3521
0.3849
0.4105
0.3464
0.3628
0.359
0.05379
0.1001
0.08774
0.2892
0.1045
0.5783
0.2472
0.09384
0.07086
0.1694
0.193
0.0007629
0.0
0.0
0.0
9.537e-05
0.0
9.537e-05
0.0
0.0
0.0
0.0004768
0.0
0.0
0.0
0.005436
0.4425
0.5905
0.2262
0.08793
0.08774
0.08116
0.2533
0.08488
1.042
0.2644
0.04053
