0.02079
0.02346
0.02079
0.02861
0.02079
0.02604
0.02346
0.02346
0.02346
0.02346
0.02346
0.02604
0.02079
0.02604
0.02079
0.02346
0.02079
0.02604
0.02079
0.02346
0.02079
0.02346
0.02079
0.02604
0.02079
0.02346
0.02346
0.02346
0.02079
0.02346
0.02079
0.02346
0.02346
0.02346
12.84
13.43
23.49
13.84
0.1823
0.0885
0.02079
0.02346
0.02346
0.02346
0.02079
12.37
14.18
24.95
41.7
43.65
40.87
43.16
37.5
38.13
37.21
21.53
33.89
48.97
42.72
39.6
38.92
46.83
40.87
42.82
42.19
43.9
44.34
40.62
41.11
41.7
43.7
43.7
38.77
36.96
38.72
37.94
37.3
39.55
37.06
37.79
36.13
31.74
11.91
11.23
7.678
4.59
17.19
22.73
6.134
3.296
3.625
35.5
43.31
41.31
37.74
38.33
36.62
38.82
28.56
25.0
46.88
43.6
38.72
43.51
38.28
41.36
39.01
38.09
37.6
38.48
40.43
38.13
37.89
38.13
42.04
38.09
36.82
33.84
32.52
38.82
37.06
37.11
36.82
39.55
37.89
37.99
13.55
11.15
7.104
5.713
17.94
21.95
4.987
3.54
1.929
14.4
37.99
36.52
38.13
38.04
37.45
38.04
37.74
18.75
38.13
44.53
42.09
38.57
38.77
37.89
39.6
39.45
39.06
38.28
37.94
37.94
36.33
37.6
37.3
37.79
36.96
36.82
36.43
36.82
36.47
37.99
33.84
33.45
36.57
36.91
33.94
22.12
11.54
10.66
4.224
15.26
21.24
7.288
5.243
2.493
1.868
6.158
42.68
37.11
36.33
37.65
35.5
34.42
30.62
32.28
12.62
44.29
37.99
37.74
36.52
37.26
37.35
37.55
35.3
34.23
35.99
38.23
37.5
36.96
33.4
34.08
34.38
36.47
35.21
34.13
30.71
31.84
33.5
33.94
33.2
33.54
34.08
37.01
34.42
35.06
10.93
10.68
9.436
17.5
15.92
13.26
5.414
2.353
4.156
31.45
36.38
39.01
36.72
35.55
34.18
35.5
32.71
26.37
17.41
39.75
37.3
37.55
37.16
36.77
37.16
36.33
35.16
36.23
37.26
37.79
36.91
36.23
35.16
37.3
34.72
36.18
33.15
35.01
32.23
34.08
33.5
34.62
33.45
36.62
35.84
37.65
37.6
17.68
11.19
10.79
7.397
16.6
23.88
5.316
1.761
6.873
45.7
41.5
40.67
40.97
36.96
38.04
36.13
16.16
51.86
46.14
40.04
41.8
39.7
41.36
38.82
39.55
41.65
43.8
41.85
40.58
39.16
39.79
37.16
37.74
36.82
36.87
33.98
37.06
35.94
37.94
36.13
39.7
38.38
21.66
11.74
11.38
8.899
17.8
22.53
5.89
2.274
0.9247
0.341
0.04168
0.02346
0.02346
0.02079
0.02604
0.02079
0.02346
0.02346
0.02346
0.02346
0.02346
0.02346
0.02346
0.02079
0.02346
0.02346
0.02346
0.02079
0.02604
0.02079
0.02346
0.02346
0.02346
0.02079
0.02604
0.02079
0.02346
0.02346
0.02346
0.02079
0.02604
0.02079
0.02604
0.02079
0.02604
0.02079
0.02346
0.02346
0.02346
0.02079
0.02346
0.02346
0.02346
0.02346
0.02346
0.02079
0.02604
0.02079
0.02346
0.02079
0.02604
0.02079
0.02604
0.02079
0.02346
0.02079
0.02604
0.02079
0.02604
0.02346
0.02346
0.02346
0.02346
0.02346
0.02346
0.02079
0.02604
0.02079
0.02346
0.02346
0.02604
0.02079
0.02346
0.02346
0.02346
0.02079
0.02604
0.02079
0.02346
0.02346
0.02346
0.02346
0.02346
0.02346
0.02346
0.02346
0.02346
0.02079
0.02604
0.02079
0.02604
0.02079
0.02346
0.02346
0.02346
0.02079
0.02346
0.02346
0.02346
0.02346
0.531
11.96
42.04
38.38
37.5
37.74
35.3
35.4
35.5
37.45
37.79
37.94
37.06
36.72
36.08
36.28
36.52
37.6
37.4
34.38
35.55
35.6
36.08
33.59
31.64
30.81
33.5
31.84
32.42
28.08
19.6
13.28
10.4
6.763
17.31
23.88
4.883
2.2
5.603
37.21
37.65
36.77
37.06
35.06
33.4
34.67
35.74
36.28
37.21
38.18
38.04
33.74
35.74
35.69
36.72
35.5
35.6
34.23
31.4
30.57
33.11
27.44
27.25
28.22
26.61
28.03
28.76
29.39
25.29
19.38
13.26
9.644
7.092
15.55
21.04
8.472
2.499
3.473
24.39
37.4
37.11
37.65
35.84
35.55
34.67
35.21
36.87
37.79
42.04
38.62
38.92
37.21
40.04
37.99
42.58
38.87
35.99
37.45
39.11
34.28
35.64
36.13
35.35
31.93
34.23
25.78
17.16
11.22
8.85
7.947
18.77
22.17
4.651
2.005
3.54
29.59
44.97
42.77
39.75
37.99
39.5
36.57
39.16
40.82
44.29
42.43
38.92
40.48
45.46
43.31
39.45
34.28
34.91
32.76
32.23
30.18
32.28
31.79
33.35
32.32
36.38
35.4
19.09
11.08
11.04
11.43
15.97
22.14
3.43
3.796
23.39
38.53
42.87
41.75
37.7
35.79
38.28
39.31
41.89
42.82
43.46
40.28
40.67
38.09
38.87
37.89
40.97
37.74
37.01
34.28
36.72
33.69
35.4
35.35
38.23
39.06
33.94
18.33
11.56
11.77
8.521
18.6
21.24
5.31
2.527
13.06
50.29
46.24
43.55
40.67
39.99
35.99
37.89
37.7
38.33
37.84
37.45
36.72
38.33
39.6
42.09
39.45
39.31
37.99
38.57
37.89
37.89
38.57
37.6
37.35
42.92
27.05
12.99
11.27
10.62
18.09
25.0
3.522
1.094
0.3021
0.07811
0.02079
0.02604
0.02079
0.02604
0.02079
0.02604
3.363
33.5
49.02
52.25
48.05
46.29
38.67
40.23
38.33
38.77
38.18
37.4
37.84
38.48
37.79
38.48
37.99
37.6
37.5
37.5
36.28
36.72
36.52
37.74
37.45
37.21
34.28
14.28
10.94
10.99
17.7
23.17
7.825
1.645
4.742
39.45
39.84
41.85
38.13
38.33
38.18
37.99
37.94
38.18
38.72
37.21
36.62
36.91
37.11
37.45
38.33
37.94
36.57
36.52
35.64
36.18
33.54
36.18
33.4
35.06
34.77
37.26
24.9
13.89
10.73
9.827
16.21
19.63
11.41
2.145
11.57
43.36
38.87
37.3
37.3
36.23
37.11
36.47
36.82
37.79
37.84
37.16
37.26
36.91
36.23
37.7
36.82
35.55
34.62
37.11
35.06
34.47
31.05
32.37
32.96
33.54
31.1
31.05
29.05
20.09
13.55
10.4
5.743
14.89
16.87
10.36
2.728
1.453
1.375
1.907
1.547
0.3124
0.1667
0.02079
0.02079
0.02604
1.666
15.84
37.06
37.5
35.84
35.55
30.76
34.81
30.52
35.25
34.96
36.91
36.33
37.01
32.47
35.35
34.91
34.38
34.47
36.77
36.33
35.45
35.69
35.4
32.28
34.18
31.49
34.91
34.28
36.67
27.88
17.43
11.46
9.68
14.99
16.48
16.28
3.802
1.521
0.3334
0.1354
0.02604
0.02079
0.02604
0.02079
4.01
34.08
39.65
36.96
37.26
37.26
36.28
36.08
37.35
37.55
37.65
37.26
37.06
36.13
37.06
36.82
37.01
37.11
37.16
37.16
36.77
35.64
36.72
33.98
35.89
35.21
33.54
30.66
32.18
