5.829
5.829
5.829
5.829
5.829
5.829
5.829
5.829
5.829
5.829
5.829
5.829
5.829
5.829
5.829
5.829
5.829
5.829
5.829
5.829
5.829
5.829
5.829
5.829
5.829
5.829
5.829
5.829
5.829
5.829
5.829
5.829
6.25
11.0
15.82
16.8
17.36
17.82
17.16
14.23
11.84
11.4
16.24
17.24
17.75
16.89
15.8
13.31
11.68
8.472
8.276
12.87
16.11
16.97
17.53
17.94
16.65
14.23
12.96
11.46
8.508
8.337
8.142
10.07
15.53
16.7
17.36
17.77
17.24
14.97
14.38
12.19
11.55
15.06
16.09
16.82
17.29
17.7
17.97
15.6
14.14
13.77
12.26
9.131
8.752
8.423
9.644
15.36
16.5
17.19
17.55
17.92
15.82
14.14
13.11
12.19
8.557
8.521
8.508
12.39
15.94
16.82
17.36
17.8
17.33
14.89
13.92
13.45
11.29
10.06
10.23
18.07
20.43
18.33
17.65
17.53
17.41
17.41
17.65
17.82
16.94
16.53
16.14
12.29
15.55
17.02
17.65
17.04
14.26
12.92
10.55
10.71
19.9
19.46
10.21
13.65
16.33
17.41
17.99
16.75
15.92
15.72
14.18
9.875
9.314
9.033
9.607
17.38
20.53
18.33
16.8
11.49
8.948
8.997
9.412
9.277
9.204
9.265
11.32
18.24
20.36
19.56
18.16
17.46
16.72
16.97
17.38
17.8
17.43
16.31
16.11
15.82
10.47
9.277
8.948
9.485
9.387
9.192
9.082
9.595
9.607
9.607
9.741
16.63
20.68
19.87
19.34
14.6
9.192
9.424
12.96
20.43
19.75
14.55
9.656
9.045
8.716
9.485
9.473
18.99
20.46
14.55
9.009
8.765
8.923
8.459
11.12
18.65
20.56
20.19
17.7
17.31
11.49
8.691
8.887
11.47
18.43
20.51
19.53
17.6
15.43
10.49
18.51
20.07
20.56
18.87
17.33
13.48
15.87
20.39
20.51
18.19
15.11
6.055
6.024
7.446
8.789
10.62
17.09
20.31
20.43
17.7
13.94
16.24
20.29
20.56
18.09
17.85
13.01
16.5
20.48
19.38
17.19
16.33
13.84
19.68
20.39
17.58
16.63
9.045
9.314
8.972
8.667
8.24
8.411
8.63
8.215
8.337
8.691
8.618
8.301
8.459
8.435
8.447
8.582
8.765
8.643
8.63
14.62
20.14
20.75
19.21
17.55
16.82
11.34
8.899
8.899
8.496
9.094
9.07
9.509
9.363
10.18
9.448
10.55
10.07
9.766
13.65
19.09
20.56
20.26
19.34
18.07
19.38
20.7
20.46
20.02
20.0
14.01
9.778
17.24
20.65
20.24
19.29
18.16
13.26
17.14
20.73
20.04
19.51
17.92
13.18
10.17
9.509
8.948
9.448
16.06
20.68
20.24
19.41
12.02
7.581
8.521
16.48
20.75
18.55
17.72
19.56
20.51
18.36
16.04
9.851
8.85
13.4
20.8
19.26
9.753
8.557
8.374
8.008
19.04
19.58
6.897
6.348
6.219
7.849
8.252
8.862
8.594
9.436
8.484
8.826
8.496
8.154
13.6
20.7
20.83
18.26
13.75
20.8
20.85
17.58
8.752
14.84
20.8
20.41
11.27
14.45
17.16
17.97
18.46
18.87
19.09
19.31
19.43
19.63
19.73
19.9
19.97
20.24
20.31
18.58
20.85
20.83
20.39
18.51
16.89
11.91
14.36
17.41
18.16
18.68
18.99
19.14
19.26
19.41
19.58
19.73
19.73
19.9
19.92
20.04
20.26
20.31
18.97
20.68
20.83
20.8
19.48
19.17
16.21
12.7
17.07
17.92
18.33
18.73
18.99
19.17
19.34
19.34
19.53
19.7
19.78
19.92
19.92
20.09
20.31
20.21
18.65
20.63
20.83
20.83
19.19
18.07
18.02
11.4
15.92
17.63
18.16
18.68
19.02
19.21
19.34
19.48
19.65
19.73
19.92
19.92
20.04
20.26
20.31
18.85
20.09
20.8
20.75
20.65
20.63
19.8
18.38
18.31
11.56
14.77
17.26
18.09
18.58
18.92
19.14
19.34
19.46
19.68
19.78
19.92
20.17
20.31
20.09
18.7
20.83
20.83
20.83
18.46
17.53
16.89
9.668
16.38
17.68
18.19
18.7
19.02
19.17
19.34
19.46
19.6
19.73
19.92
20.0
20.24
20.31
20.31
18.48
20.8
20.85
20.73
20.68
20.34
20.14
20.12
15.67
12.32
17.04
17.92
18.41
18.87
19.07
19.34
19.38
19.53
19.7
19.78
19.92
20.0
20.24
20.31
18.63
20.78
20.75
20.61
18.46
18.04
15.82
8.35
13.26
17.04
17.9
18.43
18.85
19.09
19.29
19.43
19.53
19.75
19.92
20.02
20.19
20.31
19.53
19.85
20.83
20.83
19.78
18.29
18.04
13.35
15.23
15.8
13.11
11.23
15.87
17.04
14.28
13.79
10.29
16.02
14.79
11.87
13.16
16.5
16.19
14.26
14.31
20.34
13.89
13.55
16.38
13.11
10.17
15.82
15.65
12.82
11.0
16.33
14.33
11.55
11.73
16.8
15.28
13.5
13.77
20.21
15.65
10.27
16.02
15.33
12.49
10.49
15.58
15.99
12.99
9.119
15.82
17.63
18.29
18.77
19.12
19.31
19.46
19.65
19.82
19.87
19.9
20.0
20.14
20.31
20.41
19.73
19.75
20.85
20.87
20.87
20.87
20.85
18.75
17.92
17.82
17.14
11.3
16.14
17.16
17.87
18.19
18.58
18.95
19.07
19.24
19.36
19.43
19.53
19.65
19.75
19.92
19.92
20.0
20.19
20.31
19.51
19.8
20.48
20.85
20.85
20.85
20.78
18.85
18.26
18.19
11.1
15.53
16.92
17.68
18.12
18.41
18.82
19.07
19.12
19.31
19.34
19.53
19.63
19.7
19.85
19.92
20.04
20.09
20.29
20.41
18.92
20.26
20.65
20.83
20.85
20.85
20.65
18.51
18.38
18.41
15.06
11.8
9.485
11.12
12.7
18.55
20.24
11.54
10.62
12.46
18.85
19.51
10.69
15.28
17.24
18.02
18.46
18.85
19.12
19.21
19.43
19.51
19.65
19.7
19.87
19.9
19.97
20.14
20.34
20.31
18.6
20.7
20.83
20.83
20.26
17.85
17.26
16.48
11.82
20.53
19.68
14.6
15.09
19.68
14.89
10.84
19.97
18.19
9.277
9.131
14.99
20.58
12.43
8.923
9.46
8.887
8.997
9.497
10.18
16.67
17.87
18.36
18.87
19.14
19.34
19.43
19.58
19.73
19.82
19.92
19.92
20.02
20.29
20.48
20.41
18.97
20.68
20.83
20.85
20.85
20.26
18.95
18.73
17.87
10.73
18.6
20.8
16.53
9.509
10.12
18.02
20.83
20.26
11.93
9.619
8.875
8.997
9.119
9.619
8.228
18.97
20.83
15.5
9.436
9.314
9.314
15.7
20.8
15.31
9.375
9.277
9.229
8.496
15.82
20.83
17.24
6.958
6.433
6.219
6.219
6.219
6.219
6.219
6.219
6.219
6.219
6.219
6.219
6.219
6.219
6.219
6.219
9.033
9.534
9.717
9.583
9.436
9.143
9.277
9.351
9.375
9.631
9.888
