18.7
20.83
18.55
15.09
8.704
8.765
15.94
20.83
19.17
17.85
9.802
8.85
18.21
20.43
9.924
6.653
6.433
6.409
6.409
6.409
6.409
6.409
6.409
6.409
8.057
8.289
6.409
6.458
9.045
7.788
15.41
20.65
20.68
17.65
13.18
13.35
16.58
17.46
17.92
18.29
18.53
15.77
14.16
9.204
8.899
8.789
13.01
16.58
17.43
17.99
18.41
17.77
15.36
14.04
13.7
8.728
12.77
20.73
20.83
19.02
17.29
12.27
16.53
17.65
18.31
16.94
14.82
11.57
8.557
8.618
8.704
8.582
8.594
8.643
8.691
8.887
9.29
15.41
16.97
17.77
18.16
18.51
16.36
15.6
14.72
10.57
13.48
16.46
17.36
17.92
18.31
17.48
15.16
13.92
13.28
8.594
8.643
11.82
19.82
20.85
18.82
17.63
16.19
16.28
17.07
17.72
18.09
18.51
16.75
14.87
14.31
13.26
9.766
15.62
16.94
17.7
18.12
18.46
16.87
14.97
14.23
13.67
9.851
15.6
16.87
17.58
17.99
18.43
16.85
14.7
13.96
11.98
9.546
9.509
9.827
15.84
17.19
17.85
18.29
18.24
15.84
14.79
14.4
12.19
13.75
16.94
17.8
18.29
18.07
15.67
14.77
13.92
10.31
15.55
20.83
17.16
9.985
9.082
14.77
17.19
17.9
18.31
18.19
15.45
14.18
9.131
9.082
9.241
9.46
9.509
15.48
20.48
20.8
18.19
12.72
18.43
20.85
19.34
17.85
13.89
10.25
8.264
6.409
6.409
6.409
6.409
6.409
6.409
6.409
6.409
6.409
6.409
7.52
9.07
8.752
8.838
8.984
8.862
8.838
16.28
20.8
20.17
18.8
15.48
17.33
20.85
18.92
17.24
10.08
6.409
6.409
6.409
6.409
6.409
6.409
6.409
7.08
8.838
8.789
9.045
7.764
8.582
8.594
8.606
9.18
8.838
9.424
15.21
20.56
20.78
18.97
18.04
10.89
6.458
6.458
6.458
6.458
6.458
6.458
6.458
6.934
8.521
8.691
9.558
8.923
10.14
18.48
20.83
18.75
16.19
12.45
20.19
20.53
18.38
17.04
7.52
6.409
6.409
6.409
6.409
6.409
6.409
6.409
6.409
6.409
7.385
8.24
6.409
7.031
8.203
6.409
6.409
7.715
9.07
8.423
10.57
18.48
20.83
18.77
9.119
6.519
6.409
6.409
6.409
6.409
6.409
6.409
6.75
10.71
18.14
20.75
19.78
16.77
10.85
8.716
8.496
10.53
17.72
20.7
19.68
18.26
16.55
6.787
6.458
6.458
6.458
6.458
6.458
6.458
6.458
6.458
6.458
6.458
6.458
6.458
6.458
6.458
6.458
6.458
6.458
6.458
6.458
6.458
6.458
6.458
6.458
6.458
6.458
6.458
6.458
6.458
6.458
6.458
6.458
6.458
6.458
6.458
6.458
6.458
6.458
6.458
6.458
6.458
6.458
6.458
6.458
6.458
6.458
6.458
6.458
6.458
6.458
6.458
6.458
6.458
6.458
6.458
6.458
6.458
6.458
6.458
6.458
6.458
7.373
13.06
16.72
17.55
18.14
18.53
18.92
19.17
19.31
19.46
19.58
19.73
19.8
19.97
20.09
20.17
20.31
20.53
20.56
18.68
20.83
20.56
20.31
18.12
17.24
12.62
13.43
16.65
15.28
13.99
9.644
15.82
17.87
18.53
18.99
19.31
19.51
19.7
19.82
20.0
20.09
20.24
20.39
20.63
19.56
19.63
20.85
20.83
20.41
18.14
17.77
10.97
15.26
17.02
17.72
18.24
18.6
19.07
19.29
19.48
19.6
19.73
19.92
19.97
20.12
20.12
20.31
20.51
20.58
20.63
18.46
20.68
20.75
20.85
20.85
20.85
19.85
19.41
19.09
12.38
16.24
18.02
18.58
19.14
19.43
19.63
19.78
19.9
20.07
20.14
20.21
20.34
20.65
20.65
18.97
20.78
20.8
20.7
18.82
17.7
17.21
11.22
17.14
18.21
18.77
19.19
19.41
19.58
19.73
19.87
20.04
20.09
20.21
20.48
20.7
19.6
20.02
20.85
20.83
20.41
18.58
18.33
11.12
15.28
17.82
18.6
18.9
19.43
19.6
19.73
19.73
19.82
19.97
20.07
20.19
20.31
20.31
20.36
20.61
20.7
20.29
18.43
20.51
20.75
20.83
20.73
18.77
18.04
17.75
10.91
16.53
17.8
18.38
18.8
19.26
19.36
19.56
19.75
19.92
20.07
20.12
20.14
20.26
20.51
20.68
18.46
20.14
20.41
20.85
20.83
20.83
18.51
17.09
17.04
14.04
13.09
16.65
17.55
18.16
18.48
18.82
19.14
19.38
19.53
19.6
19.73
19.85
20.0
20.12
20.12
20.31
20.39
20.56
20.46
18.12
20.73
20.78
20.75
20.65
18.51
16.46
11.38
16.53
15.11
13.28
10.14
16.26
14.92
12.28
10.89
16.41
15.31
13.26
16.36
19.92
11.08
15.82
15.62
12.67
9.924
15.97
14.53
12.19
18.68
19.46
10.17
15.84
17.75
18.51
18.97
19.34
19.51
19.73
19.85
20.04
20.09
20.26
20.36
20.58
20.65
20.78
18.9
20.36
20.75
20.75
20.0
18.75
18.51
12.19
13.99
16.89
17.77
18.41
18.77
19.14
19.34
19.46
19.56
19.73
19.75
19.75
19.75
19.92
19.95
20.02
20.14
20.14
20.14
20.14
20.14
20.29
20.36
20.53
20.51
20.53
20.7
20.7
18.55
19.87
20.29
20.78
20.85
20.75
20.65
19.95
19.26
18.9
18.77
11.47
15.6
17.11
17.87
18.31
18.7
19.12
19.34
19.53
19.65
19.73
19.92
19.97
20.12
20.17
20.31
20.46
20.7
20.7
20.02
18.68
20.41
20.58
20.87
20.87
20.83
20.65
18.26
17.43
17.38
17.16
17.04
11.56
12.55
9.583
11.45
13.31
10.02
13.13
12.33
10.17
13.75
10.89
10.33
10.83
12.16
11.41
10.46
10.99
13.72
20.29
18.24
10.21
10.99
10.79
9.68
10.52
11.02
10.46
10.05
11.46
10.25
10.05
9.985
9.778
11.1
20.07
20.46
12.16
14.26
16.97
17.75
18.33
18.65
19.14
19.43
19.56
19.7
19.9
19.92
20.09
20.19
20.29
20.43
20.65
20.7
18.82
20.24
20.83
20.83
20.83
19.56
18.02
15.75
13.75
20.8
15.14
9.924
9.351
10.08
9.558
9.485
9.29
15.04
17.63
18.33
18.75
19.21
19.36
19.53
19.58
19.73
19.8
19.92
20.02
20.12
20.17
20.31
20.31
20.36
20.61
20.7
19.68
19.36
20.31
20.53
20.85
20.85
20.85
20.83
18.04
17.04
16.89
16.85
16.77
7.129
7.129
9.399
10.9
18.63
20.85
20.09
13.67
20.8
13.79
9.656
8.813
9.058
8.936
18.21
19.53
12.5
20.8
14.23
19.9
17.24
6.958
6.738
6.604
6.604
6.604
6.604
6.604
6.604
6.604
6.604
6.604
6.604
6.604
6.604
6.604
6.604
6.604
6.604
6.604
6.604
6.604
7.483
16.19
20.34
11.38
9.705
9.619
12.96
20.7
