9.216
8.948
8.997
8.96
9.106
9.241
8.691
8.362
8.447
8.63
9.241
9.021
8.594
8.582
8.618
8.569
8.716
8.801
9.045
9.021
8.74
8.96
9.033
9.07
9.009
9.106
9.143
9.131
8.691
8.704
8.96
8.85
8.887
9.119
9.07
8.997
9.07
9.045
8.948
9.229
9.094
9.021
9.082
9.229
9.204
9.18
9.265
9.448
9.192
8.936
9.106
9.192
9.302
9.399
8.472
8.435
8.411
8.557
8.948
8.752
8.704
8.752
9.033
8.862
8.899
9.045
8.789
8.789
9.009
8.887
9.192
9.131
9.216
9.326
9.265
9.167
9.131
9.131
10.63
15.92
16.02
15.97
15.94
15.97
15.97
15.97
15.94
15.97
15.97
15.97
15.97
15.97
15.97
15.94
15.97
15.94
15.94
15.97
15.97
15.97
15.97
15.89
15.41
15.6
15.53
15.01
14.75
14.75
14.75
14.67
14.7
14.62
14.5
14.09
13.87
13.33
13.31
13.28
13.26
13.26
13.13
12.99
12.82
12.99
12.65
12.43
12.35
12.62
12.65
12.62
12.72
12.72
12.87
12.89
12.92
12.32
12.24
12.05
12.22
12.19
12.26
12.23
12.17
12.21
12.48
11.94
11.72
11.77
11.84
12.37
12.65
11.93
12.04
12.04
12.07
12.11
12.11
12.62
12.44
12.06
11.85
11.93
11.99
12.12
12.48
12.28
12.1
11.94
11.84
11.84
12.01
12.11
11.77
11.78
11.77
11.58
11.47
11.57
11.21
11.06
11.15
11.18
11.1
10.73
10.9
10.96
10.95
11.05
11.27
10.8
10.89
10.97
9.644
9.753
9.79
9.741
9.521
9.558
9.558
9.497
9.46
9.509
9.546
9.167
9.18
9.216
9.18
9.338
9.473
9.497
9.387
9.399
9.351
9.387
9.265
9.351
9.363
9.497
9.717
9.717
9.717
9.619
9.534
9.546
9.778
9.851
9.9
9.656
9.741
9.534
9.558
9.619
9.839
9.729
9.778
9.875
9.814
9.9
9.68
9.705
9.888
9.961
10.02
9.924
9.9
9.985
10.06
9.998
9.827
10.01
9.839
9.46
9.497
9.668
9.656
9.558
9.558
9.399
9.521
9.167
9.338
9.338
9.485
9.57
9.778
9.595
9.485
9.863
9.827
9.705
9.741
9.314
9.155
9.326
8.801
8.899
9.045
9.131
9.216
8.35
8.191
8.203
8.386
8.325
8.472
8.704
8.618
8.74
8.813
8.606
8.948
8.716
8.752
8.96
9.094
8.923
8.948
9.229
8.838
8.813
8.948
8.765
8.948
8.789
8.838
8.875
9.082
9.265
9.094
9.167
9.229
8.96
9.058
9.387
9.204
9.265
9.119
9.302
9.314
9.265
9.338
9.509
9.595
9.631
9.485
8.74
8.643
8.386
8.716
8.801
9.033
8.752
8.813
9.143
8.923
8.716
8.704
8.948
8.801
9.058
9.18
9.326
9.033
8.972
9.131
8.899
9.045
9.045
9.534
15.04
15.99
16.02
16.02
16.02
16.02
15.99
16.02
16.02
15.99
15.99
15.94
15.82
15.84
15.89
15.92
15.87
16.02
16.02
15.99
15.82
15.65
15.82
15.77
15.65
15.8
15.06
15.23
14.79
14.43
13.79
13.7
13.65
13.67
13.6
13.79
13.43
13.11
13.01
12.87
13.26
12.96
12.87
12.77
12.55
12.62
12.43
12.44
12.57
12.55
12.77
12.7
13.01
12.99
12.74
12.44
12.48
12.72
12.24
12.27
12.27
12.55
12.24
12.17
12.24
12.3
12.3
12.13
12.32
12.33
12.3
12.24
12.23
12.29
12.5
12.45
12.1
11.6
11.07
11.12
11.83
11.9
11.25
11.11
12.55
12.26
11.35
11.44
11.38
11.21
10.88
10.72
10.83
10.57
10.5
10.61
10.18
9.607
9.595
9.656
9.729
9.827
9.644
9.521
9.583
9.68
9.827
9.973
9.863
9.509
9.131
9.204
9.265
9.387
9.106
8.74
8.667
8.765
8.899
8.862
8.862
8.813
8.887
8.972
9.29
9.167
9.326
8.948
9.021
9.058
9.314
9.351
9.473
9.143
9.229
9.143
9.192
9.216
9.241
9.375
9.351
9.558
9.338
9.253
9.399
9.46
9.204
9.18
9.204
9.302
9.265
9.424
9.656
9.607
9.705
9.741
9.668
9.229
9.509
9.985
9.827
9.961
9.521
8.85
9.009
9.119
9.058
9.143
9.253
9.131
9.265
8.997
9.131
9.302
9.143
9.131
9.058
9.216
9.412
9.595
9.351
9.412
9.473
9.497
8.997
9.094
9.167
8.875
9.094
8.948
9.07
9.277
8.691
8.167
8.191
8.35
8.337
8.435
8.606
8.557
8.545
8.826
9.888
8.765
8.667
9.021
8.826
9.094
9.351
8.752
8.862
9.045
9.033
9.241
9.68
9.07
9.033
9.094
9.045
9.265
9.363
9.387
9.521
9.57
9.473
9.521
9.521
9.521
9.705
9.863
10.08
10.1
9.961
9.277
8.643
8.484
8.752
8.765
8.74
8.96
8.997
9.07
8.972
9.192
9.094
8.801
8.85
8.911
8.923
8.911
9.009
9.18
9.18
9.167
9.351
9.18
10.58
15.97
15.97
15.97
15.97
15.94
15.82
15.19
15.45
15.45
15.31
14.89
14.5
14.21
13.89
13.79
13.89
14.09
14.11
14.36
14.23
14.18
14.11
14.16
14.18
14.18
14.18
14.09
13.99
14.21
13.53
13.13
12.7
12.72
12.67
12.87
12.67
12.89
12.67
12.39
12.01
11.96
12.13
11.98
11.96
12.06
12.12
12.05
12.13
12.05
12.0
11.9
11.89
11.99
11.85
11.87
12.07
11.85
12.15
11.85
11.84
11.93
11.87
11.63
11.71
11.52
11.57
11.72
11.9
13.23
12.46
12.07
11.79
11.07
10.78
10.79
10.82
11.06
11.18
11.25
11.16
10.9
10.61
10.39
10.53
10.67
10.62
10.68
10.85
10.63
10.57
10.56
10.34
10.3
10.36
10.41
10.56
10.83
10.63
10.55
10.52
10.49
10.53
10.63
9.18
9.131
9.277
9.009
8.813
8.752
8.923
8.838
9.045
9.241
9.033
9.058
9.131
9.045
9.058
9.302
9.143
9.351
9.265
9.302
9.229
9.338
9.253
9.167
9.424
9.692
9.375
9.29
10.17
9.46
9.436
9.705
9.692
9.595
9.351
9.448
9.448
9.656
9.619
9.619
9.778
9.924
9.802
9.741
9.656
9.839
