5.634
5.634
5.634
5.634
5.634
5.634
5.634
5.634
5.634
5.634
5.634
5.634
5.634
5.634
5.634
5.634
5.634
5.634
5.634
5.634
5.634
5.634
5.634
5.634
5.634
5.634
5.634
5.634
5.634
5.634
5.634
5.634
5.634
7.056
12.96
15.58
16.31
16.8
17.14
17.53
17.8
16.89
14.58
12.79
10.84
7.8
9.839
14.94
15.97
16.58
16.99
17.26
17.65
16.53
14.33
13.92
12.33
8.557
8.545
8.972
14.65
15.92
16.6
17.07
17.43
17.82
16.82
14.45
12.23
11.22
8.96
10.06
19.07
19.9
12.04
14.84
16.46
17.26
17.43
14.7
13.13
12.65
20.8
15.31
11.99
16.09
16.99
17.53
16.38
13.57
10.79
10.88
15.94
17.09
17.58
15.67
13.4
10.41
8.655
8.606
8.765
8.325
8.496
8.679
8.74
8.313
8.899
8.484
15.82
20.51
12.52
12.6
16.21
17.02
17.5
17.75
14.79
13.45
11.1
8.911
10.27
8.691
8.691
12.94
16.38
17.26
17.6
14.82
13.4
8.716
8.728
8.215
14.99
16.75
17.53
16.89
14.26
11.47
10.12
15.89
17.07
17.63
16.26
13.82
11.06
8.813
8.704
8.899
9.082
8.911
11.93
20.65
17.04
9.058
8.887
11.21
16.04
17.14
17.6
16.87
14.06
11.52
10.75
15.97
17.02
17.53
17.14
14.6
12.92
13.01
20.75
18.85
17.21
14.62
8.289
5.823
5.695
5.634
5.646
5.634
5.634
5.634
5.634
5.634
5.634
5.634
5.634
5.634
5.634
5.634
5.634
5.634
5.634
5.634
5.634
5.634
5.634
5.634
5.634
5.634
5.634
5.634
5.634
5.634
5.634
5.634
5.634
5.634
5.634
5.634
5.634
5.634
5.634
5.634
5.634
5.634
5.634
5.634
5.634
5.634
5.634
5.634
5.634
5.634
5.634
5.634
5.634
5.634
5.634
5.634
5.634
5.634
5.634
5.634
5.634
5.634
5.634
5.634
5.634
5.634
5.634
5.634
5.634
5.634
5.634
5.634
5.634
5.634
5.634
5.634
5.634
5.634
5.634
5.634
5.634
5.634
5.634
5.634
5.634
5.634
5.634
5.634
5.634
5.634
5.634
5.634
5.634
5.634
5.634
5.634
5.634
5.634
5.634
5.634
5.634
5.634
5.634
5.634
5.634
5.634
5.634
5.634
5.634
5.634
5.634
5.634
5.634
5.634
5.634
5.634
5.634
5.634
5.634
5.634
5.634
5.634
5.634
5.634
5.634
5.634
5.634
5.634
5.634
5.634
5.634
5.634
5.634
5.634
5.634
5.634
5.634
5.634
5.634
5.634
5.634
5.634
5.634
5.634
5.634
5.634
5.634
5.634
5.634
5.634
5.634
5.634
5.634
5.634
5.634
5.634
5.634
5.634
5.634
5.634
5.634
5.634
5.634
5.634
5.634
5.634
5.634
5.634
5.634
5.634
5.634
5.634
5.634
5.634
5.634
5.634
5.634
5.634
5.634
5.634
5.634
5.634
5.634
5.634
5.634
5.634
5.634
5.634
5.634
5.951
10.52
16.02
17.07
17.53
17.9
18.36
18.55
18.65
18.77
18.77
18.97
18.97
18.97
18.97
19.14
19.24
19.36
19.53
19.53
19.56
19.92
19.92
18.82
17.26
20.14
20.65
20.63
20.65
19.26
18.29
17.99
14.18
11.13
15.87
16.97
17.58
17.94
18.29
18.55
18.65
18.75
18.92
19.02
19.14
19.34
19.36
19.53
19.53
19.53
19.7
19.92
19.9
16.99
19.68
20.65
20.65
20.65
20.68
20.34
20.34
20.34
18.9
10.51
15.97
16.97
17.55
17.9
18.33
18.58
18.75
18.9
19.02
19.17
19.34
19.43
19.53
19.53
19.65
19.9
19.92
19.75
17.38
19.95
20.83
20.83
20.85
20.02
18.29
17.04
12.7
13.45
16.6
17.36
17.8
18.24
18.55
18.77
18.95
18.97
19.14
19.29
19.34
19.46
19.53
19.6
19.73
19.92
19.92
19.07
17.82
20.75
20.83
20.83
20.58
18.55
17.55
14.58
11.05
15.62
16.6
17.11
17.48
17.72
17.97
18.33
18.53
18.68
18.77
18.77
18.95
18.95
19.14
19.14
19.31
19.34
19.34
19.46
19.53
19.53
19.56
19.75
19.92
19.92
19.82
17.14
19.73
20.85
20.83
20.85
20.14
18.58
18.16
10.51
15.33
16.94
17.58
17.97
18.36
18.6
18.75
18.87
18.99
19.14
19.17
19.34
19.46
19.53
19.65
19.87
19.92
19.6
16.99
20.14
20.85
20.85
20.85
20.09
18.73
18.26
15.89
10.89
16.09
17.11
17.63
18.02
18.36
18.63
18.75
18.9
18.99
19.14
19.26
19.34
19.51
19.53
19.53
19.68
19.92
19.75
17.36
19.95
20.85
20.83
20.85
19.41
18.75
18.29
13.87
14.55
16.38
16.75
13.72
13.6
11.69
15.09
16.72
14.94
13.35
11.6
14.36
16.7
14.6
13.33
10.63
13.82
16.46
17.24
17.7
17.97
18.41
18.58
18.75
18.92
18.99
19.14
19.24
19.34
19.48
19.53
19.63
19.82
19.92
20.07
18.41
18.75
20.53
20.83
20.85
20.58
18.65
17.8
17.63
9.619
15.31
16.82
17.53
17.77
18.04
18.48
18.58
18.68
18.77
18.77
18.87
18.97
19.14
19.19
19.34
19.43
19.53
19.53
19.58
19.73
19.92
20.09
18.36
18.31
20.68
20.83
20.85
20.8
20.31
19.95
19.8
11.74
15.53
16.89
17.53
17.8
18.14
18.46
18.73
18.75
18.95
19.02
19.14
19.14
19.34
19.34
19.51
19.53
19.65
19.85
20.02
18.7
17.46
20.53
20.83
20.85
20.85
20.51
18.7
18.16
17.24
17.24
14.53
13.06
12.48
10.36
12.04
9.753
11.18
10.62
13.01
18.02
19.29
17.94
13.16
11.89
9.277
11.55
9.497
11.01
10.1
11.56
9.46
11.57
8.923
14.79
16.28
16.85
17.38
17.68
17.92
18.29
18.53
18.68
18.8
18.95
18.95
19.09
19.19
19.34
19.43
19.53
19.58
19.75
19.92
19.92
19.38
17.04
20.36
20.73
20.83
20.85
20.17
18.41
17.9
17.58
8.545
12.99
15.84
16.63
17.19
17.58
17.75
18.02
18.29
18.51
18.6
18.77
18.87
18.99
19.14
19.17
19.19
19.34
19.38
19.53
19.6
19.73
19.82
19.92
19.95
19.92
19.78
17.38
20.14
20.65
20.85
20.8
20.56
19.63
18.8
18.21
15.45
8.948
10.61
15.92
16.92
17.6
17.9
18.38
18.65
18.82
18.95
19.04
19.14
19.31
19.34
19.46
19.53
19.56
19.73
19.87
20.09
18.87
17.97
20.7
20.78
20.65
20.29
19.9
18.8
18.58
9.863
18.53
20.31
16.31
6.042
7.715
6.372
5.829
5.829
5.829
5.829
5.829
5.829
5.829
5.829
5.829
5.829
5.829
5.829
5.829
5.829
5.829
5.829
5.829
5.829
5.829
5.829
5.829
5.829
5.829
5.829
5.829
6.812
8.74
9.094
5.823
5.829
