6.036
6.189
6.189
6.287
6.494
6.86
7.019
7.336
7.556
7.544
7.544
7.544
7.544
7.544
3.491
3.931
4.071
4.071
4.187
4.266
4.266
4.266
4.346
4.443
4.443
4.443
4.437
4.437
4.443
4.559
4.633
4.633
4.633
4.633
4.633
4.633
4.633
4.633
4.669
4.828
4.828
4.828
4.828
4.828
4.834
4.828
4.834
4.828
4.834
4.834
4.828
4.828
4.834
4.834
4.834
4.828
4.828
4.834
4.828
4.828
4.858
4.901
4.852
4.846
4.846
4.852
4.852
4.852
4.852
4.852
4.852
5.042
5.042
5.042
5.042
5.042
5.048
5.042
5.042
5.048
5.048
5.042
5.042
5.042
5.042
5.048
5.042
5.042
5.042
5.042
5.042
5.042
5.042
5.042
5.042
5.042
5.042
5.042
5.042
5.042
5.042
5.042
5.042
5.042
5.042
5.042
5.042
5.042
5.042
5.042
5.042
5.109
5.048
5.048
5.048
5.048
5.048
5.048
5.048
5.048
5.048
5.048
5.048
5.2
5.219
5.182
5.048
5.048
5.048
5.219
5.243
5.243
5.243
5.243
5.237
5.237
5.237
5.243
5.243
5.243
5.243
5.243
5.243
5.243
5.243
5.237
5.237
5.243
5.237
5.237
5.237
5.237
5.237
5.237
5.237
5.237
5.237
5.286
5.414
5.414
5.414
5.438
5.615
5.615
5.609
5.615
5.615
5.707
5.804
5.804
5.804
5.817
5.884
6.018
6.018
6.146
6.207
6.207
6.207
6.372
6.604
6.775
6.787
6.836
6.982
6.97
7.166
7.288
7.361
7.361
7.361
7.361
7.361
7.361
7.361
7.361
7.361
7.361
4.071
3.024
3.693
3.882
4.01
4.071
4.071
4.193
4.266
4.266
4.266
4.26
4.34
4.462
4.462
4.462
4.462
4.462
4.462
4.462
4.578
4.651
4.657
4.651
4.657
4.651
4.651
4.651
4.651
4.688
4.846
4.846
4.846
4.846
4.846
4.846
4.846
4.846
4.846
4.846
4.846
4.846
4.846
4.846
4.846
4.846
4.846
4.846
4.846
4.962
5.042
5.042
5.048
5.042
5.042
5.042
5.042
5.035
5.035
5.042
5.042
5.042
5.042
5.042
5.035
5.042
5.035
5.035
5.225
5.237
5.371
5.597
5.743
6.03
6.348
6.396
6.396
6.604
7.092
7.178
7.288
7.373
7.373
7.361
7.373
7.227
3.107
3.857
4.016
4.053
4.108
4.248
4.248
4.242
4.242
4.279
4.437
4.443
4.449
4.443
4.449
4.449
4.449
4.449
4.449
4.62
4.645
4.651
4.651
4.651
4.651
4.651
4.651
4.651
4.651
4.651
4.651
4.651
4.651
4.651
4.651
4.773
4.846
4.846
4.846
4.846
4.846
4.846
4.846
4.846
4.846
4.846
4.846
4.846
4.846
4.846
4.846
4.846
4.846
4.846
4.846
4.846
4.846
5.042
5.042
5.042
5.042
5.042
5.042
5.042
5.042
5.042
5.042
5.042
5.042
5.042
5.09
5.225
5.225
5.225
5.225
5.225
5.225
5.225
5.225
5.225
5.225
5.225
5.292
5.42
5.493
5.615
5.615
5.615
5.615
5.615
5.615
5.75
5.804
5.804
5.804
5.804
5.804
5.804
5.804
5.804
5.804
5.811
5.811
5.811
5.811
5.804
5.811
5.811
5.811
5.994
6.0
6.0
6.0
6.0
6.0
6.0
6.0
6.0
6.0
6.0
6.0
6.0
6.0
6.0
6.0
6.0
6.0
6.0
6.195
6.195
6.195
6.195
6.195
6.195
6.195
6.195
6.195
6.195
6.219
6.384
6.384
6.384
6.384
6.384
6.384
6.384
6.384
6.409
6.58
6.58
6.58
6.58
6.702
6.775
6.775
6.775
6.775
6.775
6.873
7.117
7.166
7.166
7.166
7.166
7.166
7.251
7.361
7.361
7.361
7.361
7.361
7.361
7.361
7.361
7.361
7.361
6.433
3.326
3.68
4.065
4.065
4.065
4.211
4.26
4.26
4.26
4.26
4.26
4.26
4.413
4.456
4.456
4.456
4.456
4.456
4.456
4.456
4.456
4.456
4.486
4.651
4.651
4.651
4.645
4.645
4.645
4.651
4.645
4.651
4.651
4.651
4.651
4.651
4.785
4.84
4.84
4.84
4.84
4.834
4.84
4.84
4.84
4.84
4.84
4.84
4.84
4.84
4.84
4.84
4.84
4.84
4.84
4.84
4.84
5.005
5.035
5.035
5.035
5.035
5.035
5.035
5.035
5.035
5.035
5.035
5.035
5.029
5.084
5.243
5.426
5.426
5.444
5.621
5.658
6.0
6.006
6.036
6.348
6.433
6.604
6.787
6.799
7.031
7.288
7.361
7.361
7.361
7.361
7.361
4.7
3.741
3.912
4.065
4.065
4.077
4.26
4.26
4.254
4.26
4.26
4.333
4.449
4.449
4.449
4.456
4.449
4.449
4.449
4.449
4.48
4.645
4.651
4.645
4.645
4.645
4.645
4.645
4.645
4.645
4.645
4.645
4.645
4.645
4.645
4.645
4.785
4.84
4.84
4.84
4.84
4.84
4.84
4.84
4.834
4.84
4.84
4.84
4.834
4.834
4.834
4.834
4.834
4.834
4.834
4.84
4.858
5.035
5.035
5.035
5.035
5.035
5.231
5.377
5.426
5.426
5.426
5.426
5.42
5.42
5.505
5.621
5.811
5.811
5.811
5.981
6.006
6.006
6.079
6.183
6.183
6.183
6.287
6.372
6.384
6.384
6.384
6.384
6.384
6.409
6.58
6.58
6.58
6.58
6.58
6.58
6.58
6.641
6.775
6.763
6.763
6.763
6.763
6.763
6.775
6.775
6.763
6.763
6.775
6.86
6.958
7.117
7.153
7.153
7.153
7.153
7.153
7.153
7.153
7.153
7.153
7.153
7.153
7.153
7.153
7.153
7.153
7.153
7.153
7.153
7.153
7.153
7.153
7.153
7.153
7.153
7.153
7.153
7.239
7.349
7.349
7.349
7.349
7.349
7.349
7.349
7.349
7.349
7.349
7.349
7.349
7.361
7.373
7.373
7.373
7.373
7.373
7.373
7.373
7.373
7.373
7.373
7.373
7.373
7.373
7.373
7.373
7.373
7.373
3.589
3.864
3.87
3.967
4.065
4.065
4.065
4.089
4.26
4.26
4.26
4.254
4.26
4.26
4.395
4.449
4.449
4.449
4.449
4.456
4.456
4.449
4.449
4.596
4.645
4.645
4.645
4.645
4.645
4.645
4.645
4.645
4.645
4.645
4.645
4.651
4.828
4.84
4.84
4.84
4.84
4.84
4.84
4.84
4.84
4.84
4.84
4.84
4.84
4.84
4.84
4.84
4.84
4.84
4.84
4.968
5.035
5.035
5.029
5.029
5.023
5.029
5.029
5.029
5.029
5.029
5.029
5.029
5.029
5.029
5.029
5.029
5.029
5.17
5.225
5.225
5.231
5.231
5.292
5.42
5.463
5.682
5.853
6.091
