37.06
36.18
34.77
33.01
31.25
31.98
30.86
31.01
31.74
33.2
29.83
33.2
32.23
31.2
12.74
10.22
10.12
10.17
7.605
17.11
21.41
5.469
4.187
3.091
10.62
18.12
9.619
0.164
2.151
12.3
20.8
16.41
18.82
15.09
18.9
21.88
35.4
27.54
29.79
32.52
18.09
0.8026
0.3567
12.11
13.72
18.51
14.21
18.8
16.14
16.82
12.32
16.19
17.92
14.97
19.65
34.28
33.15
15.28
18.02
14.09
17.55
25.54
33.89
23.44
13.5
37.16
35.3
35.69
33.79
35.45
34.91
33.59
33.4
9.363
31.35
37.74
37.21
35.4
35.69
36.13
37.16
37.35
32.57
32.67
31.3
31.3
30.52
31.3
33.11
33.2
31.79
33.35
33.84
32.42
31.4
32.62
33.06
33.45
31.15
32.76
32.71
33.06
32.37
33.84
31.54
18.77
10.39
10.12
10.23
8.704
9.766
14.06
20.68
4.51
3.802
2.878
9.009
38.57
37.35
35.84
34.72
34.52
30.32
32.52
34.42
14.38
20.21
37.3
36.57
34.86
34.62
33.2
32.91
34.08
34.47
34.23
34.62
35.25
35.94
36.13
34.03
35.64
35.45
35.25
35.21
34.47
33.64
35.11
34.91
34.33
34.96
33.89
31.35
32.86
33.54
33.84
26.12
10.78
10.22
10.3
8.875
14.7
10.49
19.73
4.443
3.674
3.07
8.032
33.25
32.32
33.79
34.33
33.35
33.84
32.81
33.15
9.399
30.52
37.3
35.84
36.13
34.86
34.91
35.84
35.25
35.25
32.52
35.3
34.23
35.74
35.89
33.89
33.69
32.86
31.98
32.71
31.84
33.3
33.69
33.45
32.03
32.28
29.44
29.39
32.23
33.35
32.71
20.7
10.16
9.705
9.717
8.63
10.9
13.82
19.82
4.48
3.961
3.149
5.945
34.81
31.79
32.91
32.47
31.25
32.18
31.2
30.62
30.27
7.8
31.88
37.21
36.08
35.45
34.38
33.45
34.28
34.18
33.69
31.64
32.03
33.2
33.74
34.72
31.59
28.91
29.35
30.81
32.13
33.4
31.59
31.4
29.39
32.81
32.42
32.32
32.76
31.59
30.66
29.54
27.05
29.1
15.09
10.45
10.72
10.42
8.008
14.99
15.23
13.11
4.095
3.046
4.999
31.4
32.86
30.71
33.5
35.11
34.96
32.67
32.18
19.24
14.36
36.72
35.4
35.74
34.18
34.42
33.79
33.89
34.28
32.62
33.45
33.84
33.59
32.76
32.91
32.91
32.62
33.11
34.13
32.67
31.25
31.3
30.27
30.22
28.42
27.49
28.66
29.3
29.44
29.1
30.13
29.64
30.81
13.04
9.851
9.961
9.802
8.264
15.55
14.84
14.04
4.315
3.247
3.012
0.5836
0.2369
0.02861
0.02346
0.02604
0.02604
0.02604
0.02346
0.02604
0.02604
0.02604
0.02079
0.02861
0.02346
0.02861
0.02604
0.02604
0.02604
0.02604
0.02346
0.02604
0.02346
0.02861
0.02604
0.02861
0.02604
0.02604
0.02604
0.02861
0.02346
0.02861
0.02346
0.02861
0.02346
0.02604
0.02346
0.02861
0.02346
0.02861
0.02604
0.03128
0.02604
0.02861
0.02346
0.02604
0.02346
0.02604
0.02604
0.02604
0.02604
0.02604
0.02604
0.02861
0.02346
0.02861
0.02604
0.02861
0.02346
0.02604
0.02346
0.02861
0.02346
0.02604
0.02604
0.02604
0.02604
0.02861
0.02604
0.02861
0.02604
0.02861
0.02346
0.03128
0.02861
0.02861
0.02604
0.02861
0.02861
0.02861
0.02604
0.03128
0.02604
0.02861
0.02604
0.02861
0.02346
0.02604
0.02604
0.02861
0.02346
0.02604
0.02604
0.02604
0.02346
0.02861
0.02604
0.02861
5.182
33.79
36.18
37.55
37.21
33.64
33.5
35.64
37.01
37.5
35.35
35.01
34.86
34.52
35.25
36.87
36.87
35.45
34.81
35.11
32.76
33.11
32.52
32.03
30.71
33.45
34.23
34.81
34.42
29.25
14.77
10.17
10.56
10.96
11.78
18.95
13.7
17.53
2.463
0.4089
0.1198
3.979
30.27
36.38
37.55
35.99
35.64
35.11
33.89
34.81
34.96
36.43
35.94
34.86
33.01
36.18
36.23
33.5
36.04
36.04
33.45
35.06
34.18
29.05
27.34
26.71
27.88
28.03
32.13
33.3
33.84
32.67
18.38
10.84
10.53
9.668
11.46
17.48
12.74
22.02
3.424
6.799
37.99
37.35
36.87
36.28
34.13
34.47
33.54
36.38
36.18
36.47
36.62
34.62
35.6
35.69
33.94
33.89
35.16
35.21
33.94
32.47
28.56
25.0
27.25
29.69
28.86
29.88
31.4
30.91
30.18
31.3
19.7
9.961
9.436
10.45
11.73
18.38
15.77
17.07
3.644
0.4791
9.485
37.84
36.67
36.77
35.21
34.72
33.45
31.74
33.2
33.11
34.47
35.01
36.04
35.01
33.59
35.6
35.25
35.55
33.5
32.57
32.81
32.71
30.47
30.81
30.03
32.18
34.47
32.57
34.23
33.74
30.03
11.56
9.802
9.827
10.63
11.35
19.19
18.04
11.57
4.669
19.19
34.86
32.86
34.52
33.89
30.66
29.0
29.15
29.2
31.79
32.47
31.1
30.81
29.79
30.66
32.47
33.01
30.13
31.05
30.91
30.08
29.79
33.06
31.01
29.59
28.66
29.49
31.69
30.66
27.69
27.15
28.71
30.08
23.68
10.62
10.35
10.23
11.36
16.94
14.5
16.46
2.228
0.3384
0.0885
0.02079
0.03128
0.02079
0.02604
0.02604
0.02604
0.02604
0.02604
0.02604
0.02604
0.02604
0.02604
0.02604
0.02604
0.02604
0.02604
0.02604
0.03128
0.02604
0.02604
0.02604
0.02604
0.02079
0.02604
0.02604
3.079
23.05
36.38
35.16
34.47
34.77
33.35
35.25
34.28
36.08
37.11
37.4
36.87
32.37
31.2
33.25
34.81
37.06
36.91
33.4
31.98
30.13
27.78
29.44
30.22
31.45
31.64
31.69
33.01
35.25
36.23
19.29
10.34
10.41
10.56
11.9
18.82
17.33
12.55
5.328
28.08
37.3
36.87
34.03
32.08
31.84
34.23
34.08
36.62
35.64
34.77
34.08
31.69
35.06
32.96
34.62
33.94
34.91
34.23
32.96
35.4
34.52
30.71
32.57
33.74
33.5
33.69
34.18
33.3
30.08
12.65
10.67
10.82
12.89
18.85
13.62
19.07
2.35
4.907
33.64
37.45
36.62
36.67
36.18
32.81
33.2
35.5
36.77
37.16
35.74
33.54
31.54
32.91
36.04
36.57
34.81
33.45
32.03
33.35
33.5
32.08
32.67
32.42
32.08
29.98
30.08
33.15
32.13
31.54
11.54
9.985
10.17
11.22
13.96
19.73
23.0
3.412
1.036
0.2552
2.249
19.26
37.01
37.06
31.88
34.67
33.54
34.38
34.13
34.28
35.84
35.21
36.62
35.11
33.79
33.11
34.86
35.84
35.55
35.94
35.4
32.47
32.08
29.1
29.64
31.93
31.25
31.93
32.32
32.86
32.23
25.98
10.83
9.827
9.973
11.82
12.57
17.99
23.73
4.028
0.8286
0.2552
0.03643
0.02604
0.02604
0.02604
5.109
34.23
35.84
37.21
36.72
34.77
33.79
34.57
35.5
36.96
37.16
36.38
34.28
32.18
34.03
35.3
32.76
33.06
