0.3468
0.3338
1.23
0.1469
0.3624
0.3494
0.211
0.4265
0.2518
0.256
0.2567
0.2449
0.1688
0.1585
0.0002861
0.0
0.0
0.0
0.0002861
0.0
0.007153
0.2468
0.2972
0.1383
0.2659
0.1724
0.119
0.3902
0.1112
0.2113
0.2407
0.1143
0.2213
0.128
0.1242
0.1581
0.3635
0.1869
0.2941
0.08698
0.0002861
1.405
2.499
2.338
2.478
2.936
4.504
3.687
2.704
0.6386
0.2075
0.2491
0.2102
0.3662
0.3262
0.2476
2.197
2.6
2.789
2.673
2.847
5.103
2.722
0.9033
0.708
2.451
2.478
2.695
2.512
5.603
3.012
1.003
0.2483
0.2781
0.182
0.3708
0.1619
0.3521
0.2609
1.402
2.396
2.374
2.53
3.735
3.888
2.271
0.5424
1.123
2.097
2.274
2.139
1.865
3.894
3.186
2.844
0.4868
0.1179
1.436
2.322
2.274
2.448
4.236
3.339
1.953
0.4898
0.132
0.2392
0.1984
1.103
2.353
2.35
2.344
4.492
3.729
1.797
0.2869
2.002
2.386
2.307
2.209
5.219
2.139
2.579
0.3418
0.621
0.1434
0.1162
0.3716
0.01593
1.302
2.386
2.594
2.753
2.808
4.443
3.589
1.245
0.2987
2.365
2.286
2.472
2.667
5.341
2.087
0.3773
0.3239
0.3216
0.1648
0.2636
0.317
0.3155
0.4379
0.2476
0.09079
0.1257
0.264
0.338
0.3086
0.115
0.127
0.1198
0.2731
0.2476
1.453
1.712
1.685
1.978
2.31
3.552
3.943
2.396
0.6775
0.3635
0.338
0.3201
0.1112
0.1547
0.2838
0.2815
0.1472
0.3029
0.243
0.0
0.0
0.0
0.0
0.0
0.0
0.0
0.0
0.2048
0.2987
0.1633
0.333
0.2132
0.2174
0.2373
0.2476
0.2831
0.119
0.1278
0.301
0.2834
0.19
0.3372
0.0308
0.0
0.0
9.537e-05
0.0
0.0
0.0
9.537e-05
0.0
0.008488
0.3014
0.4112
0.349
0.1638
0.16
0.4013
0.3716
0.2689
0.2602
0.2708
0.1743
0.3387
0.4356
0.2453
0.1545
0.2895
0.0002861
0.0003815
0.0
0.0
0.0
0.0
0.0
0.008011
0.1404
0.1743
0.3284
0.2609
0.1575
0.2628
0.1936
0.149
0.3483
0.4204
0.3162
0.2525
0.1686
0.2998
0.3433
0.0001907
0.0
0.0
9.537e-05
0.0
0.0
0.0
0.0
0.0
0.2644
0.1656
0.3052
0.08039
0.09975
0.123
0.1108
0.2617
0.5646
0.1745
0.1753
0.1825
0.1654
0.2365
0.5737
0.0003815
0.0005722
0.0
0.0
0.0001907
0.0
9.537e-05
0.0
0.07753
0.177
0.4059
0.1406
0.1709
0.214
0.3094
0.2087
0.1295
0.09298
0.209
0.1999
0.1431
0.1694
0.4593
0.1522
9.537e-05
0.0001907
0.0
0.0
0.0
0.0
0.0
0.0
0.0
0.1102
0.1865
0.3258
0.1333
0.1701
0.3407
0.1629
0.4578
0.1137
0.1369
0.1301
0.2872
0.1143
0.1842
0.3277
0.198
0.3944
0.003147
0.0008583
0.0
0.0
0.0
0.0
0.0
0.0
0.1314
0.1032
0.1846
0.1059
0.2796
0.2888
0.1375
0.1253
0.3014
0.09031
0.09708
0.008488
0.07029
0.1055
9.537e-05
0.0004768
9.537e-05
0.0
0.0
0.0
0.0
0.0
0.007915
0.2102
0.4021
0.09232
0.6073
0.4341
0.3326
2.475
2.701
2.655
2.539
2.548
2.298
2.124
2.084
1.987
1.871
1.718
1.605
1.41
2.411
2.386
2.423
2.325
2.286
2.423
2.24
2.054
4.48
6.506
2.359
4.59
5.414
4.932
5.334
3.931
4.968
3.168
3.473
2.838
1.36
0.1698
1.874
1.486
1.816
1.491
1.816
1.959
2.264
2.213
2.216
1.929
1.959
1.749
2.582
2.618
2.658
2.444
2.496
2.38
2.338
2.399
2.319
2.142
2.292
7.129
3.937
4.193
4.156
6.018
6.36
4.926
4.901
3.857
3.381
1.469
0.2884
2.206
2.106
2.048
2.203
2.203
1.956
1.974
1.862
1.81
1.917
1.938
2.194
2.048
1.645
2.295
2.368
2.057
2.081
1.974
2.115
2.216
2.322
2.444
6.787
4.224
3.018
5.194
5.53
4.773
4.681
3.116
5.518
2.814
2.866
2.539
0.914
1.337
0.2426
1.617
1.501
1.418
1.974
2.292
2.594
2.57
2.527
2.518
2.417
2.161
1.807
1.672
1.514
1.527
1.524
1.758
1.572
1.495
1.358
1.474
1.611
1.471
1.877
1.761
1.669
2.185
7.214
4.26
4.645
4.462
6.604
5.676
5.109
5.524
4.114
3.424
1.155
1.503
1.048
1.12
1.385
1.526
2.005
1.871
2.094
2.191
1.892
1.773
1.36
1.175
1.074
1.221
1.956
2.536
2.075
2.121
2.069
2.661
2.356
2.243
2.383
2.216
1.871
1.685
6.506
4.865
3.024
4.187
6.372
5.872
5.231
6.384
4.102
3.967
3.098
1.025
1.205
1.102
1.324
2.075
3.253
1.027
0.4707
0.9308
1.21
1.14
1.277
2.451
2.795
1.871
1.37
1.268
0.5066
0.9689
0.9537
1.047
1.031
1.027
3.064
3.07
1.935
1.128
0.1724
0.8911
1.306
2.386
2.771
0.9537
0.3059
0.8209
1.068
1.274
2.847
1.558
0.5859
0.5829
1.312
1.364
3.979
1.323
0.2739
0.2068
0.1308
0.3635
0.256
1.402
1.398
2.917
2.017
0.9232
0.4898
0.5775
1.926
1.77
1.904
1.77
2.094
2.548
2.087
2.084
2.042
2.06
2.332
2.008
2.246
2.255
1.917
2.158
1.993
1.95
1.974
2.271
2.136
2.167
6.543
4.913
4.852
5.396
6.158
5.389
5.06
4.822
2.811
3.552
2.435
1.63
1.073
2.023
2.087
2.338
2.441
2.243
2.237
2.28
2.063
2.2
2.319
2.066
1.944
2.054
1.974
2.139
1.962
1.733
2.429
2.277
2.441
2.097
2.31
2.048
5.811
5.811
5.518
7.324
6.067
6.262
4.413
3.754
3.723
3.049
1.828
0.4326
1.526
1.419
1.788
1.639
1.843
2.158
2.246
1.84
1.492
1.596
1.34
1.721
1.41
1.314
1.581
1.581
1.685
1.558
1.99
2.203
2.048
1.788
1.66
1.758
1.691
1.611
1.691
5.756
7.117
3.784
5.121
6.262
3.674
5.371
6.116
3.705
3.754
2.676
1.697
1.3
0.8774
0.05407
0.8194
0.8377
0.856
0.3021
0.2522
0.1268
0.2934
0.8469
0.6569
0.6042
0.1921
0.1444
0.2262
0.1945
0.7019
0.6767
0.3006
0.6355
0.0002861
0.135
1.166
1.509
1.402
1.898
1.779
2.057
1.883
1.749
1.767
1.651
1.749
1.436
1.581
1.45
1.3
1.276
1.532
1.399
1.212
1.407
1.347
1.184
1.303
1.222
1.157
1.198
1.433
1.315
1.309
1.193
1.103
1.559
2.133
3.583
7.458
3.754
5.267
6.824
5.865
4.712
5.463
4.449
3.162
3.314
2.167
1.605
0.5402
9.537e-05
9.537e-05
0.02117
0.4036
0.457
0.4387
0.3464
0.4997
0.3323
0.1675
0.3227
0.1486
0.3731
0.6012
0.4623
0.2739
0.2678
0.2972
0.3025
0.103
0.07429
0.2113
0.1936
0.0007629
0.0001907
0.0
0.0
9.537e-05
0.0
0.0
0.0
0.0
0.0
9.537e-05
0.0
9.537e-05
0.0
0.0
0.0
0.0
0.0
0.0
0.02899
0.5577
0.8041
0.6729
0.2323
0.2281
0.08821
0.0555
0.08459
