15.7
19.46
15.23
17.24
20.36
19.38
19.58
20.87
18.65
16.19
13.75
13.09
13.48
17.55
16.94
15.45
19.21
15.62
16.97
11.18
13.35
13.4
11.04
10.72
10.58
14.82
15.82
17.85
18.33
19.43
23.17
25.68
24.68
28.81
22.92
21.31
16.97
17.26
12.57
10.9
11.38
15.16
15.33
15.75
14.82
14.36
12.28
12.12
12.87
19.19
17.65
18.14
19.46
17.46
22.83
20.56
18.87
19.95
21.36
23.73
20.39
23.1
17.77
18.6
20.12
16.8
17.87
15.58
15.77
11.72
15.53
16.72
12.89
17.41
17.53
18.7
21.88
19.21
22.14
21.14
13.79
18.97
14.67
11.62
9.729
12.45
12.48
21.41
15.58
13.82
14.14
14.01
13.18
13.92
12.57
18.31
14.89
16.48
26.66
18.02
16.21
18.95
17.97
14.23
20.36
14.36
15.97
20.12
16.87
16.87
9.692
12.02
10.99
10.73
11.07
13.11
12.92
14.43
13.18
20.68
17.75
23.34
26.22
22.68
17.53
17.29
15.04
15.11
12.34
9.656
9.68
13.94
10.75
14.99
11.01
8.325
9.387
9.155
8.875
12.72
11.04
9.485
10.8
15.11
14.75
14.75
17.11
19.26
18.73
20.19
19.97
18.73
16.11
15.28
15.6
21.0
15.75
18.16
17.09
18.04
14.99
15.62
9.668
11.6
10.97
11.8
10.46
13.96
12.52
11.52
13.53
13.55
16.26
14.53
18.55
21.02
19.75
19.09
16.6
18.29
16.5
17.33
20.12
21.34
19.97
18.87
18.46
18.48
15.62
16.19
13.01
18.53
19.97
19.04
20.75
22.0
24.39
22.58
17.11
23.56
22.34
19.24
13.94
15.94
13.72
13.6
14.72
13.96
14.36
15.8
16.19
15.77
16.21
15.41
14.33
19.9
20.29
19.04
19.51
18.55
12.65
12.17
11.99
14.99
13.6
11.8
9.79
14.94
11.62
9.717
10.52
8.826
10.57
9.192
10.85
10.93
12.46
14.23
14.11
16.16
17.36
18.7
19.68
20.51
21.83
15.84
18.65
20.43
22.0
17.99
20.34
19.63
18.65
18.87
16.24
15.28
13.79
13.06
12.96
12.46
15.01
16.65
16.36
19.56
19.63
18.87
20.39
19.36
22.02
21.51
18.31
19.38
17.36
16.09
16.46
17.31
17.8
15.48
16.28
19.7
18.55
20.24
19.9
16.8
16.48
19.04
17.72
18.53
19.29
14.87
18.26
20.02
19.46
22.34
20.78
20.92
20.0
18.68
17.33
25.63
21.73
18.99
20.48
16.28
14.04
15.36
18.87
14.97
10.58
13.62
12.4
16.6
20.26
17.46
17.14
19.24
19.02
21.61
23.27
25.0
23.07
23.22
15.23
18.24
24.66
20.65
18.43
18.53
18.65
18.41
20.24
17.63
20.78
16.33
16.94
15.97
17.8
16.53
14.94
18.33
17.94
19.14
19.21
19.78
18.16
17.99
16.41
16.24
20.65
18.7
16.04
17.38
18.9
18.33
19.26
16.89
18.7
16.67
12.32
14.4
16.02
15.19
16.53
19.7
19.51
18.75
22.9
20.36
19.04
17.85
16.92
15.06
14.4
14.6
15.01
14.67
15.97
14.06
13.48
13.67
13.16
17.43
11.13
17.04
20.39
21.85
17.26
16.48
16.77
20.19
20.92
19.85
21.73
28.12
34.28
31.69
29.39
24.32
17.77
20.73
12.19
10.25
9.436
8.594
9.839
9.729
8.789
11.72
14.28
15.09
17.9
13.99
15.06
16.31
17.55
19.78
19.75
21.48
22.07
20.46
20.39
15.92
16.65
16.77
13.11
13.33
13.45
13.31
11.13
10.13
8.838
9.692
15.43
16.82
17.99
21.07
18.65
17.99
15.72
17.09
17.7
16.77
18.58
18.21
18.9
17.04
15.33
15.72
16.94
14.75
15.53
12.74
6.873
7.483
9.253
12.52
14.97
15.31
16.63
17.85
18.65
15.19
16.75
16.02
16.38
16.24
16.41
18.41
18.65
17.55
18.41
15.06
16.94
15.8
15.65
17.99
12.57
13.43
14.23
14.82
15.26
14.04
16.5
17.29
16.65
15.89
12.92
15.19
18.04
15.84
19.34
22.75
19.58
21.9
18.43
14.16
9.766
10.51
12.41
10.16
10.06
8.74
8.325
9.253
12.89
15.06
16.6
15.23
15.6
15.55
20.07
17.48
16.28
14.84
14.04
10.79
13.99
11.56
11.45
11.85
12.52
12.89
12.52
10.62
10.94
10.66
9.607
12.87
14.62
15.99
16.24
18.38
16.85
20.17
20.24
20.43
18.99
18.36
18.77
20.34
22.36
21.0
19.68
21.92
20.61
20.39
19.56
21.85
19.85
19.21
18.14
16.6
20.26
17.82
19.95
19.6
19.73
20.78
19.36
20.46
19.17
17.53
19.63
19.68
16.99
22.41
20.46
18.55
16.97
19.43
15.48
17.8
17.31
16.85
16.75
18.7
25.83
24.88
18.82
18.99
18.92
22.49
25.49
19.34
21.68
15.23
18.24
14.31
16.04
13.62
9.412
9.106
12.7
10.27
10.03
11.17
9.717
8.74
11.01
10.23
14.67
12.46
16.09
17.6
21.12
24.05
20.97
22.49
21.02
22.44
14.97
22.46
19.12
19.09
22.53
16.5
14.92
18.29
16.31
16.28
16.77
16.38
14.01
17.33
14.79
16.36
18.7
19.04
23.61
20.73
18.09
19.36
14.4
17.24
16.5
18.46
15.14
16.87
16.48
12.94
15.99
14.99
18.36
16.46
17.82
20.73
21.14
23.36
21.56
18.36
13.18
16.04
16.48
12.99
15.43
15.7
10.74
11.06
11.84
18.58
16.53
9.924
11.06
18.53
21.46
17.82
24.56
16.87
15.67
14.5
18.07
19.78
17.58
19.97
14.21
14.62
20.41
21.04
19.73
21.68
21.83
23.66
17.24
16.33
14.01
15.82
16.53
15.04
14.58
15.62
13.21
13.94
14.09
15.99
13.06
17.14
16.53
16.82
16.87
17.8
20.02
23.22
22.09
22.56
21.41
21.48
22.68
23.78
22.07
20.97
19.9
19.17
17.09
15.43
16.77
14.14
14.26
13.18
11.01
12.84
13.96
14.58
14.28
14.04
13.62
14.77
16.16
15.84
14.36
15.28
14.72
16.48
14.87
13.16
14.14
14.62
14.48
15.26
14.45
13.92
13.11
6.848
7.08
13.43
21.12
15.92
13.72
14.23
14.48
15.72
15.19
16.92
11.73
13.99
17.02
20.21
19.85
19.78
21.46
22.46
23.9
23.83
22.66
17.5
15.33
20.85
19.82
18.7
18.6
18.16
17.09
17.92
14.55
15.06
17.8
14.94
17.7
17.8
10.3
16.72
12.23
13.94
12.49
13.6
13.16
13.18
12.87
14.89
12.6
12.94
15.89
20.75
21.12
22.02
20.21
17.26
14.53
23.73
15.99
13.31
11.23
8.362
8.398
9.802
9.68
8.557
8.716
7.996
9.351
7.312
7.947
8.289
10.73
10.82
13.11
15.75
14.65
18.12
16.89
20.53
18.53
23.0
19.92
18.63
18.26
14.84
17.48
19.95
19.7
18.82
14.28
12.28
12.82
19.58
