0.02346
0.02604
0.02346
0.02604
0.02346
0.02604
0.02604
0.02604
0.02346
0.02604
0.02604
0.02604
0.02604
0.02861
0.02346
0.02604
0.02604
0.02604
0.02346
0.02861
0.02346
0.02861
0.02604
0.02604
0.02346
0.02861
0.02346
0.02604
0.02604
0.02604
0.02346
0.02604
0.1459
6.061
23.71
23.36
27.54
26.95
31.98
34.38
32.28
32.28
19.82
2.237
0.1616
20.58
31.98
31.05
31.35
28.03
25.24
26.22
25.68
19.19
15.14
13.72
16.7
18.58
18.73
19.68
11.65
12.27
2.832
23.54
26.17
28.52
28.03
28.32
27.34
31.84
24.63
17.8
15.5
10.85
30.96
28.27
25.05
26.61
24.93
22.12
30.13
24.95
15.92
14.26
16.24
30.91
32.52
32.86
30.52
27.25
32.32
25.73
15.33
15.04
14.33
20.61
25.15
21.61
14.53
13.43
10.25
24.76
19.21
18.53
20.31
25.1
27.29
25.1
26.95
20.56
14.92
22.68
31.93
28.12
26.32
26.71
25.59
21.97
18.73
18.82
17.41
19.02
26.17
24.8
20.56
11.87
14.67
21.17
28.76
29.3
15.38
18.31
16.94
15.67
9.57
33.79
33.11
33.64
32.71
30.18
33.06
26.07
16.6
20.56
17.68
17.87
17.72
19.14
23.56
22.46
12.94
16.53
19.63
23.93
23.78
13.57
15.97
12.6
19.36
20.97
19.04
17.19
21.34
21.68
27.34
25.98
25.93
21.02
15.7
16.21
15.8
15.26
16.82
17.16
14.31
19.19
22.49
23.75
20.53
12.96
19.92
21.85
23.49
5.695
0.5806
0.1459
0.02346
0.02861
13.23
11.79
14.16
12.94
15.45
16.85
8.594
1.488
12.62
11.98
12.96
13.57
15.31
14.62
16.46
18.29
13.55
14.82
0.4509
0.1328
0.02604
0.02861
0.02604
0.02861
14.26
15.01
16.67
14.58
20.65
19.46
19.8
21.51
13.31
24.37
26.61
21.31
7.385
0.5707
13.87
27.1
30.22
14.79
0.7607
0.3567
0.03128
0.02604
0.02604
0.02861
13.35
14.77
16.65
18.38
14.7
5.182
7.422
21.46
22.61
22.66
11.23
20.78
15.8
14.48
17.77
15.84
16.67
4.242
0.1667
0.0495
0.02604
0.02604
0.02604
0.02604
13.94
16.36
16.14
8.997
4.449
10.99
15.01
16.8
23.05
23.29
11.94
15.28
20.65
21.61
21.66
14.38
15.45
13.62
0.2163
0.1146
0.02604
0.02604
0.02604
0.02604
14.06
12.0
14.92
11.52
17.48
20.07
20.39
20.19
15.11
21.78
22.66
20.04
13.7
13.04
13.82
14.77
22.85
22.22
22.92
5.762
0.6325
0.1484
0.02604
0.02604
12.34
23.71
27.1
13.55
16.41
16.02
12.7
10.6
11.87
16.77
19.73
19.73
18.6
12.34
14.72
14.6
12.27
10.3
0.2319
0.08335
0.02346
0.02604
0.02346
0.02604
0.7607
14.53
12.99
17.9
21.17
19.24
18.43
12.52
13.4
16.04
13.84
18.02
24.39
21.9
10.27
0.5806
10.6
11.76
0.2266
0.1198
0.02346
0.02604
0.02346
0.02604
5.927
14.18
22.75
24.98
23.97
13.84
13.84
10.47
24.32
25.93
26.22
25.29
24.24
24.05
27.64
25.44
21.66
18.46
17.02
16.14
19.9
25.39
26.71
28.27
26.37
28.17
30.18
25.0
28.71
27.25
25.0
22.41
25.68
17.8
16.97
23.93
22.31
22.27
18.73
24.98
25.39
22.92
23.24
19.9
17.04
15.53
9.57
16.5
20.17
19.36
17.63
28.47
26.61
22.66
19.29
16.63
15.26
15.04
16.46
16.82
16.24
16.48
15.48
16.19
25.98
23.75
20.83
20.17
18.97
17.16
18.09
17.87
17.36
17.14
18.73
22.41
26.12
26.66
17.14
15.67
15.92
14.92
15.26
15.92
16.6
15.82
15.75
15.23
14.94
14.31
14.58
14.7
16.43
19.7
8.276
19.12
19.07
19.36
19.78
19.75
20.83
22.02
20.61
19.78
18.46
20.68
17.02
16.5
16.7
15.99
16.11
15.87
17.11
16.53
18.75
19.02
18.75
20.73
20.09
20.34
20.14
21.9
23.83
22.24
21.85
29.3
18.99
25.2
24.98
24.05
21.31
19.41
18.21
17.16
16.63
18.29
16.58
14.77
14.99
16.89
10.8
23.97
25.88
26.95
24.34
27.73
23.58
15.87
14.4
14.5
14.62
15.19
21.8
26.66
23.44
22.46
21.26
22.83
29.83
26.22
23.61
23.0
21.44
21.29
22.73
23.22
21.56
19.36
19.02
17.65
15.41
15.55
16.31
16.89
16.06
14.67
14.43
14.23
14.82
14.4
14.31
14.48
14.5
14.5
14.38
14.5
10.29
12.52
15.19
14.7
14.67
14.45
14.7
14.75
14.94
14.75
15.01
15.19
14.87
15.01
15.65
15.01
15.31
15.38
16.38
16.24
16.06
16.5
18.24
23.44
23.85
24.73
22.22
19.02
16.75
15.72
19.58
21.75
19.92
19.82
20.19
20.65
15.5
15.45
16.11
16.38
26.42
23.44
24.51
24.37
23.36
22.22
24.32
22.66
22.88
20.02
23.75
25.59
15.33
21.9
21.19
22.22
13.04
28.91
32.37
27.73
29.25
17.8
27.25
28.61
24.0
19.53
18.48
8.325
16.48
15.43
15.14
15.06
22.51
23.85
25.24
28.32
28.47
26.56
24.68
26.66
25.44
24.46
25.63
24.15
24.56
23.75
21.34
22.27
21.95
23.54
23.29
26.81
28.37
23.61
22.05
27.54
28.12
30.08
28.76
25.83
23.85
23.07
25.63
14.14
22.49
26.17
24.51
25.24
28.42
24.76
26.37
26.07
25.24
27.15
27.83
27.44
31.4
30.03
27.98
23.19
25.54
28.86
32.62
26.76
26.95
27.98
27.93
19.19
32.32
29.74
29.49
25.1
24.73
22.12
19.82
17.68
16.04
15.19
11.41
15.53
15.04
12.41
15.04
11.16
19.07
16.41
14.92
14.4
14.4
13.94
14.09
14.75
15.62
11.67
24.56
20.61
20.12
19.75
19.6
19.07
10.85
17.68
12.45
14.6
13.67
15.77
13.43
16.38
15.6
14.65
16.06
17.94
18.29
21.09
6.299
18.24
0.211
7.117
22.39
23.9
23.71
19.46
14.65
15.97
15.23
13.99
17.41
17.31
18.87
16.5
16.77
17.41
20.95
25.63
14.31
19.12
21.19
18.55
23.78
25.54
22.85
17.31
12.79
31.64
23.83
23.78
25.59
26.17
27.83
26.66
27.98
26.71
28.61
28.08
25.78
24.37
23.07
21.9
22.39
23.68
19.63
21.8
23.1
25.88
25.29
26.03
27.88
19.97
26.12
27.78
31.54
30.32
24.93
21.66
22.53
22.83
23.12
18.33
21.56
21.85
21.31
11.99
20.48
18.48
21.07
22.53
13.82
15.16
23.8
27.39
22.97
14.09
20.02
20.65
21.36
11.46
18.09
15.82
15.65
17.65
17.21
15.14
15.21
0.2083
0.1198
0.02604
0.02604
0.02604
0.02604
0.02604
0.02604
0.02604
0.02079
0.02604
0.02604
0.02604
0.02604
0.02604
0.02604
0.02604
0.02079
0.02604
0.02604
3.558
14.5
14.28
13.99
14.77
14.89
14.72
15.67
12.45
15.84
14.48
