0.02604
0.02604
0.02604
0.02346
0.02604
0.02346
0.02604
0.02604
0.02604
0.02346
0.02604
0.02346
0.02861
0.02346
0.02604
0.02346
0.02604
0.02346
0.02604
0.02604
0.02604
0.02604
0.02861
0.02346
0.02604
0.02604
0.02604
0.02604
0.02604
0.02346
0.02861
0.02346
0.02861
8.887
24.49
24.24
25.15
25.93
25.54
23.12
20.7
21.31
26.71
27.88
5.505
20.7
26.17
26.61
25.44
26.56
26.37
22.36
21.39
24.95
25.98
11.21
11.35
21.09
23.46
25.63
25.29
23.12
20.78
21.22
18.77
22.14
18.24
17.11
13.75
12.38
16.16
18.31
20.87
24.15
13.28
12.08
15.01
13.4
0.2186
0.2708
22.66
25.73
23.27
14.43
14.43
16.43
19.14
24.98
10.52
20.78
21.68
24.15
23.39
22.68
21.88
21.48
19.19
20.17
21.44
16.75
14.97
6.335
21.46
20.53
22.0
29.15
29.69
27.88
21.48
21.19
25.05
8.862
22.02
30.42
29.2
28.03
26.56
24.56
28.61
25.63
19.63
15.36
20.8
27.1
16.21
11.61
10.97
17.24
21.19
24.39
18.26
18.92
19.26
14.5
6.641
24.12
30.27
28.22
25.88
24.93
24.27
27.73
28.27
20.78
17.97
16.5
14.45
19.43
22.0
20.78
14.6
16.31
13.21
14.26
12.57
16.5
12.44
12.92
19.65
21.12
21.66
20.9
23.58
25.05
21.61
18.02
22.44
23.05
16.5
23.14
26.37
25.63
19.87
20.41
20.24
17.53
9.668
1.282
9.766
0.1432
0.08335
0.02346
0.02861
0.02346
0.02604
0.02604
0.02861
0.02346
0.02604
0.02604
0.02861
0.02346
0.02604
0.946
13.79
9.119
17.63
18.85
19.36
17.53
2.762
0.6012
0.09899
0.02346
0.02861
0.02604
0.02861
0.02346
0.02861
0.02604
0.02861
0.02604
0.03128
0.02346
0.02861
0.02604
0.02861
0.02604
0.02861
0.02346
0.02861
0.02346
0.02861
0.02604
0.02861
0.02346
0.02861
0.02604
0.02604
0.02604
0.02604
0.02604
0.02604
0.02604
0.02861
0.02604
0.02861
0.02346
0.02861
0.02604
0.02861
0.02604
0.02604
0.02604
0.02604
0.02346
0.02861
0.02346
0.02861
0.02346
0.02604
0.02604
11.93
0.1381
0.1276
0.02604
0.02604
0.02346
0.02604
0.02604
0.02604
0.02604
0.02604
0.02604
0.02861
0.02346
0.02861
0.02346
0.02861
0.02604
0.02604
0.02604
0.02604
0.02604
0.02861
0.02346
0.02861
0.02346
0.02861
0.02346
0.02604
0.02346
0.02604
0.02346
0.02604
0.02604
0.02604
0.02604
0.02604
6.946
8.044
0.1225
0.06247
0.02604
0.03128
0.02346
0.02861
0.02604
0.02861
0.02346
0.02604
0.02604
0.02861
0.02079
0.02604
0.02346
0.02604
0.02861
0.02604
0.02346
0.02604
0.02604
0.02604
0.02346
0.02604
0.02346
0.02861
0.02346
0.02604
0.02346
0.02604
0.02604
0.02604
0.02346
0.02604
0.02604
0.02604
0.02346
0.02604
0.02346
0.02604
0.02346
0.02861
0.02346
0.02604
0.02346
0.02861
0.02604
0.02861
0.02346
0.02604
0.02604
0.02604
0.02604
0.02604
0.02604
0.02604
0.02604
0.02861
0.02604
0.02604
0.02346
0.02604
0.02346
0.02861
0.02346
0.02861
0.02346
0.02604
0.02346
0.02604
0.02346
0.02604
1.572
23.54
36.72
37.4
37.65
37.7
37.3
33.89
32.28
38.33
36.57
39.01
38.96
36.91
39.16
39.16
40.28
31.01
41.7
43.12
42.19
37.84
35.45
35.5
21.95
42.04
41.46
37.7
40.09
21.36
37.99
39.06
33.98
39.11
11.93
30.86
35.64
36.96
36.62
36.82
37.06
36.87
37.4
38.28
38.43
36.38
34.62
33.79
33.84
34.08
34.42
30.37
29.44
41.36
41.99
38.87
33.25
32.37
24.19
11.41
24.19
32.18
35.21
33.94
33.06
31.35
33.45
34.47
33.06
33.2
35.89
33.35
32.08
32.37
34.23
36.33
36.47
32.52
26.71
33.74
39.01
40.04
31.49
28.61
24.54
19.56
29.64
12.52
20.31
21.85
22.71
23.51
22.58
18.6
18.85
19.56
18.97
18.68
18.48
19.41
19.34
19.02
22.39
23.19
24.44
25.54
24.83
23.58
23.88
23.83
22.97
22.58
20.73
21.58
23.61
20.68
33.79
41.21
42.63
37.99
30.22
31.1
31.2
8.569
37.89
38.18
38.09
36.18
36.87
35.35
35.99
35.5
35.21
35.89
35.01
35.21
35.06
34.52
34.77
34.67
35.69
28.03
39.94
38.62
40.04
33.45
30.62
30.13
23.63
19.19
33.69
33.79
33.45
34.86
37.5
38.23
37.7
37.16
34.38
30.86
31.35
31.88
35.99
36.77
38.92
37.74
35.64
26.32
41.55
41.6
40.67
32.42
30.03
31.45
17.21
26.76
35.69
28.61
27.1
30.37
30.91
31.49
31.59
32.13
31.64
29.69
30.71
31.15
31.05
33.54
32.67
32.96
31.69
31.64
32.57
24.9
34.86
33.89
33.79
33.3
27.59
25.83
27.34
26.76
18.55
34.28
31.1
29.49
31.93
28.17
14.06
33.54
32.32
32.76
31.45
33.79
20.07
29.35
33.74
30.13
33.01
11.21
29.83
32.91
33.74
32.91
32.62
32.23
32.71
34.72
34.23
33.25
33.98
34.91
33.94
33.89
34.23
33.59
34.18
34.03
30.37
18.7
17.72
16.8
16.75
15.75
16.11
15.31
15.43
16.55
15.82
16.97
15.8
16.55
16.7
17.46
12.04
13.82
16.97
15.58
16.16
17.63
18.36
19.19
17.94
18.31
19.43
21.02
22.75
22.44
34.57
37.21
35.3
34.77
35.6
34.81
35.11
36.04
33.89
35.3
29.59
30.91
37.21
37.26
36.33
30.08
28.32
29.05
24.54
17.72
35.64
35.6
34.03
33.4
34.86
34.86
35.21
35.21
35.55
34.81
34.86
34.42
35.45
35.3
33.45
30.47
26.46
23.49
15.04
15.45
16.21
15.94
16.8
16.82
18.53
16.38
15.62
16.24
15.65
15.55
15.97
15.77
15.65
17.09
14.23
15.97
15.55
15.92
15.53
15.38
15.26
15.6
20.04
14.18
15.65
14.82
15.8
14.77
15.53
15.26
16.48
16.6
15.21
15.11
18.38
22.8
23.68
24.85
20.85
20.34
13.79
16.28
22.07
20.36
25.29
25.78
19.65
21.56
25.73
25.34
16.55
24.49
19.68
19.68
19.46
18.85
27.83
30.18
25.54
16.72
16.89
18.41
18.07
32.13
29.83
27.73
29.2
34.18
32.32
31.3
29.1
29.54
30.47
31.79
34.62
34.47
33.5
31.84
31.01
31.64
30.42
29.93
29.98
20.19
31.69
35.5
35.4
33.3
28.86
30.08
29.93
25.93
17.43
18.12
18.12
18.43
17.46
17.68
17.87
17.85
19.19
25.39
30.03
29.2
16.65
18.33
26.61
28.32
24.15
16.02
0.6821
0.1562
0.02604
0.03128
0.4585
16.38
13.77
16.55
18.19
21.88
28.96
28.96
15.87
19.07
16.6
14.92
24.37
30.76
24.51
16.7
15.99
19.56
7.117
0.1875
0.06771
0.02604
0.02604
0.02604
0.02604
0.02604
0.02604
0.03128
0.02079
0.03128
0.02604
0.02604
0.02079
0.03128
0.02079
0.03128
0.02079
0.03128
0.02079
0.03128
0.02079
0.03128
0.02079
17.55
13.6
10.11
24.1
24.49
24.88
