10.36
10.42
10.53
10.55
10.67
10.74
10.72
10.57
10.46
10.41
10.36
10.38
10.68
10.89
10.71
10.84
10.78
10.88
10.8
10.67
10.89
11.06
11.07
11.25
10.96
10.86
11.25
11.4
11.06
11.01
10.61
10.3
10.49
10.8
10.69
10.66
10.67
10.64
10.22
10.11
10.21
10.19
9.692
9.79
9.9
9.961
10.02
10.25
10.01
9.546
9.68
9.827
10.06
10.34
10.03
9.985
10.08
10.1
10.4
10.46
10.47
10.47
10.39
10.42
11.1
12.87
12.79
12.82
12.82
12.82
12.87
12.84
13.57
12.89
12.92
13.01
13.11
13.26
13.01
13.21
12.6
12.29
12.04
12.02
11.88
12.04
12.21
12.18
11.84
11.77
11.66
11.67
11.11
11.24
11.45
11.45
11.45
11.55
11.65
11.65
11.56
11.25
10.93
11.06
11.15
11.35
11.29
11.46
11.13
10.99
11.06
11.1
11.06
11.06
11.24
11.32
11.51
11.61
11.47
11.45
11.57
11.63
11.52
11.52
11.29
11.08
11.18
11.25
11.34
11.32
11.32
11.25
11.25
11.34
11.45
11.72
11.39
11.28
11.24
11.25
11.11
10.89
11.02
11.05
11.24
11.47
11.3
11.44
11.12
11.44
11.16
11.15
11.05
10.28
10.28
10.36
9.692
9.924
9.692
9.802
10.06
10.06
10.08
9.534
9.302
9.302
9.18
9.387
9.436
9.473
9.631
9.9
9.399
9.399
9.351
9.497
9.534
9.521
9.583
9.631
9.631
9.68
9.741
10.03
9.888
9.924
9.973
9.973
9.912
9.888
10.02
10.22
10.29
10.13
10.23
10.28
10.27
10.18
10.08
10.34
10.28
10.28
10.34
10.51
10.77
10.55
10.52
10.72
10.84
10.63
10.67
10.35
10.47
10.51
10.5
10.41
10.28
9.949
9.888
9.912
9.985
10.34
10.02
9.863
9.863
9.973
10.13
10.13
9.827
9.998
9.827
9.949
10.08
10.1
10.17
10.14
10.08
10.27
10.44
10.35
10.1
10.22
9.729
9.851
9.888
10.1
10.4
10.47
10.46
10.34
10.47
10.51
10.58
10.5
10.5
10.6
10.56
10.72
10.88
10.96
10.86
11.07
11.11
10.96
10.79
10.67
10.79
11.0
11.25
11.27
11.27
11.08
10.96
10.66
10.78
10.88
11.06
11.24
11.23
10.71
10.23
10.3
10.17
10.18
10.12
10.03
9.741
9.79
10.1
10.16
10.31
10.28
9.656
9.705
9.46
9.534
9.509
9.583
9.595
9.741
9.912
9.753
9.412
9.534
9.521
9.68
9.705
9.9
9.961
9.802
9.692
9.741
9.863
10.05
9.924
9.888
9.937
10.11
10.28
10.57
14.7
15.72
15.58
15.62
15.62
15.72
15.7
15.7
15.7
15.72
15.7
15.7
15.72
15.72
15.72
15.84
15.77
15.94
14.92
13.96
14.01
13.65
13.4
13.55
13.26
12.65
12.24
12.34
12.43
12.05
12.24
12.22
12.22
12.23
12.35
12.45
12.44
12.29
11.8
11.11
11.17
11.45
11.52
11.77
11.23
11.17
11.25
11.32
11.27
11.25
11.3
11.32
11.45
11.44
11.45
11.45
11.63
11.63
11.5
11.47
11.56
11.68
11.85
11.83
11.99
12.05
12.08
12.02
12.02
11.89
12.0
11.65
11.44
11.29
11.16
11.28
11.24
11.24
11.28
11.51
11.41
11.44
11.38
11.36
11.44
11.46
11.52
11.51
11.21
11.08
11.3
10.96
10.53
10.52
10.29
10.35
10.45
10.6
10.52
10.58
10.36
10.66
10.27
10.3
10.95
10.5
10.55
10.75
10.3
10.41
10.19
10.29
10.28
10.4
10.3
10.18
10.4
10.07
10.31
10.52
10.72
10.89
10.91
10.85
10.9
10.93
10.85
10.85
11.01
11.11
11.16
11.1
10.93
10.88
10.86
10.93
11.16
11.16
11.44
11.44
10.97
10.78
10.57
10.51
10.67
10.66
10.66
10.78
10.79
11.11
10.78
11.24
11.21
11.0
10.78
10.78
10.85
10.93
11.22
11.13
11.06
11.27
11.4
11.28
10.86
10.97
11.19
11.17
11.17
11.24
11.22
11.19
11.54
11.44
11.36
11.3
11.33
11.58
11.57
11.49
11.49
11.68
11.9
11.54
11.69
11.91
12.0
11.87
11.33
11.5
11.45
11.62
12.19
12.26
12.06
12.06
11.88
12.06
12.04
12.18
12.13
12.1
11.89
11.88
11.74
11.98
12.05
12.27
12.32
11.32
10.97
10.91
11.11
11.22
10.74
10.69
10.47
10.55
11.0
10.28
10.53
10.79
10.77
10.61
10.33
10.52
10.49
10.63
10.67
10.67
10.67
10.67
10.78
10.51
10.11
10.67
10.84
10.85
11.01
10.63
10.47
10.63
10.67
10.47
10.55
10.67
10.78
10.86
10.93
11.06
11.1
11.06
11.16
11.95
12.02
12.04
12.22
12.23
12.28
12.13
12.02
12.22
12.22
12.22
12.41
12.41
12.41
12.23
12.38
12.4
12.57
12.6
12.43
12.41
12.43
12.67
12.28
12.22
12.23
12.23
12.41
11.84
11.99
12.06
12.04
12.12
12.08
12.23
12.15
12.06
12.1
12.15
11.66
11.65
11.65
11.77
11.94
11.84
11.84
11.96
12.05
11.57
11.25
11.24
11.11
11.07
11.06
11.21
11.25
11.4
11.49
11.36
11.06
11.12
11.07
11.06
11.11
10.91
10.73
10.74
10.83
11.24
11.25
11.33
11.33
11.29
11.44
11.45
11.45
11.45
11.6
11.88
11.18
11.07
11.25
11.25
11.28
11.47
11.34
11.25
11.19
11.22
11.32
11.45
11.67
11.17
11.11
10.99
10.86
10.95
11.29
11.16
11.07
10.57
10.79
10.83
10.97
10.85
10.85
10.85
10.96
11.19
11.05
11.08
11.07
11.34
10.88
10.86
10.99
11.08
10.99
10.85
11.05
10.9
11.17
11.34
11.45
11.23
11.41
11.44
11.66
11.83
11.87
11.71
11.87
12.02
12.13
12.22
12.21
12.02
11.96
12.24
12.65
12.43
12.22
12.29
11.94
11.83
11.4
11.25
11.39
11.73
11.71
11.63
11.65
11.1
11.25
11.57
12.17
