19.8
20.09
20.36
20.58
18.77
20.14
19.87
19.78
19.21
19.43
21.22
21.68
20.87
20.48
20.58
20.7
20.51
21.44
20.63
21.8
20.92
20.78
21.0
21.51
20.43
10.01
0.1675
0.0
0.0
13.7
18.77
19.09
18.33
18.8
18.8
18.46
18.33
18.16
18.95
17.72
18.36
19.14
18.85
18.46
18.16
18.51
18.6
18.82
18.8
17.99
17.97
18.14
17.82
17.8
16.43
18.21
18.43
18.38
18.97
18.33
18.16
18.9
18.73
18.55
16.72
15.33
19.48
10.29
0.02661
0.0
6.042
24.39
24.32
24.44
24.32
24.49
24.27
24.44
24.39
24.37
24.24
24.29
24.51
24.17
24.19
24.63
24.46
24.46
24.32
24.37
24.34
24.44
24.41
24.56
24.49
24.49
24.05
24.27
24.24
24.07
20.58
24.44
24.22
24.41
24.37
24.29
24.37
16.02
0.001907
0.004482
0.7004
0.001907
0.0
0.003242
0.001431
0.001526
0.001431
9.106
24.51
13.6
0.06952
0.0
