8.911
8.594
8.472
9.778
16.85
20.21
20.29
17.19
13.53
8.569
8.777
15.23
20.43
20.63
12.32
6.097
5.743
5.634
5.634
5.634
5.634
5.914
8.423
8.752
8.435
8.325
8.643
8.997
17.21
20.78
20.24
15.84
14.36
19.97
20.58
18.82
16.58
9.021
12.08
15.21
16.11
16.75
17.31
17.85
16.36
14.18
13.31
12.06
8.582
8.411
12.38
15.23
16.16
16.75
17.14
17.46
17.8
17.9
15.11
13.94
13.45
12.96
9.082
14.16
16.02
16.46
16.8
17.16
17.38
17.5
17.77
16.87
14.58
13.82
13.21
12.79
9.204
8.301
9.595
16.02
20.09
20.56
19.14
17.6
15.23
13.33
15.53
16.31
16.8
17.19
17.48
17.77
16.77
14.53
14.23
13.96
11.43
13.04
15.99
16.8
17.29
17.65
17.09
14.65
13.99
13.75
11.72
9.778
14.79
20.68
15.06
11.79
15.77
16.75
17.43
17.31
14.67
13.79
12.12
9.363
9.827
9.009
9.143
8.752
8.704
9.229
9.705
8.936
14.65
19.68
20.24
17.41
17.21
10.93
8.044
12.84
15.38
16.21
16.82
17.24
17.55
17.85
17.29
15.01
14.45
13.96
11.51
9.875
8.923
9.07
11.28
18.33
20.19
18.58
17.24
16.09
10.55
9.338
9.082
12.38
19.31
20.31
17.92
17.16
16.85
16.63
16.85
17.31
17.63
17.21
15.97
15.77
15.53
13.72
10.1
8.862
8.85
9.021
9.265
8.582
8.972
8.557
11.85
20.48
16.43
6.158
5.927
7.666
8.63
8.716
8.679
11.33
18.77
20.46
18.87
17.6
16.58
10.29
8.765
8.704
9.229
7.825
13.6
19.43
20.34
20.19
17.58
15.99
5.963
5.829
5.829
7.983
8.801
8.557
14.06
19.92
20.14
17.6
17.21
10.02
8.923
8.704
9.07
17.29
20.53
18.65
17.55
13.72
13.4
20.21
20.24
18.02
12.01
5.878
5.829
7.629
8.423
8.643
8.301
8.533
8.704
8.752
8.557
8.948
8.63
8.984
8.911
8.777
8.948
8.838
9.033
9.973
9.204
8.923
11.82
18.95
20.51
18.9
7.19
7.678
9.29
9.546
14.7
19.7
20.36
19.36
17.29
14.14
8.838
9.473
8.691
8.508
9.021
8.826
8.704
8.74
9.302
8.765
10.02
18.12
20.73
19.51
18.6
10.94
8.826
9.778
18.55
20.61
18.77
18.87
18.73
15.28
14.65
20.48
19.41
18.65
12.82
9.143
9.045
8.313
8.508
9.79
19.41
19.78
7.91
6.238
5.902
7.556
8.63
8.374
17.11
18.7
9.045
19.48
16.19
8.875
8.74
8.569
8.521
8.484
8.545
16.31
19.95
9.253
8.667
8.752
19.53
17.24
6.763
6.213
6.024
7.703
8.264
8.63
8.386
8.508
15.6
20.83
20.41
14.72
8.63
8.508
8.838
8.411
8.496
8.545
8.215
8.264
8.398
8.63
16.46
20.19
7.874
6.445
6.024
7.507
8.813
9.326
9.119
9.265
8.667
16.04
20.39
9.68
18.48
16.7
11.29
20.7
12.46
8.63
8.826
8.752
8.594
8.63
8.606
11.91
20.75
13.7
14.87
17.43
18.12
18.63
18.95
19.14
19.31
19.51
19.63
19.7
19.87
20.0
20.21
19.09
19.58
20.83
20.83
19.48
18.36
18.14
11.62
16.43
17.72
18.29
18.75
18.97
19.17
19.36
19.48
19.7
19.82
19.9
20.14
20.31
18.09
18.87
20.83
20.63
19.9
18.48
17.33
10.72
16.28
17.65
18.21
18.7
18.95
19.07
19.17
19.31
19.36
19.53
19.53
19.65
19.73
19.78
19.92
20.04
20.24
20.29
18.36
20.61
20.83
20.83
20.68
20.68
19.63
17.55
17.43
17.43
17.43
11.93
15.48
16.99
17.7
18.07
18.43
18.73
18.92
19.14
19.21
19.34
19.41
19.58
19.73
19.73
19.92
19.92
20.04
20.24
20.29
18.65
19.36
20.75
20.85
20.85
20.19
18.77
18.21
17.97
12.62
13.35
16.38
17.36
17.9
18.19
18.6
18.87
18.97
19.04
19.17
19.17
19.17
19.26
19.36
19.36
19.38
19.56
19.56
19.56
19.56
19.73
19.73
19.73
19.78
19.95
20.14
20.12
20.12
20.24
17.82
20.04
20.87
20.87
20.85
20.87
18.75
18.21
18.07
18.02
17.33
10.01
16.02
17.19
17.85
18.14
18.51
18.75
18.97
19.09
19.17
19.34
19.43
19.53
19.65
19.73
19.85
19.95
20.19
20.31
20.36
18.29
19.85
20.68
20.65
20.65
20.26
19.95
19.97
19.82
12.52
15.89
17.53
18.16
18.63
18.87
19.04
19.17
19.29
19.34
19.53
19.68
19.78
19.78
19.85
19.95
19.97
20.14
20.31
20.31
18.58
19.6
20.75
20.75
20.75
20.78
19.53
18.51
18.41
18.41
18.41
14.33
13.92
16.53
14.58
13.04
12.48
13.38
16.43
16.85
13.48
13.26
13.11
16.94
19.82
18.02
15.89
15.45
16.6
15.16
13.84
12.55
15.26
16.7
13.79
13.16
12.5
16.19
17.33
17.97
18.29
18.73
18.95
19.09
19.29
19.36
19.56
19.73
19.73
19.85
19.92
20.04
20.29
20.31
19.9
19.07
20.36
20.83
20.85
19.48
18.68
18.21
11.1
16.43
17.65
18.19
18.75
19.02
19.19
19.36
19.56
19.7
19.85
19.92
20.12
20.29
19.75
18.33
20.75
20.83
20.68
19.8
19.7
13.94
13.94
17.26
17.99
18.55
18.92
19.12
19.29
19.38
19.53
19.53
19.65
19.73
19.73
19.85
20.02
20.17
20.31
20.31
17.46
19.87
20.83
20.85
20.85
20.87
19.04
17.82
16.92
16.85
16.85
12.11
13.53
11.02
11.76
10.5
11.82
11.33
13.33
15.77
19.34
19.09
15.72
14.65
14.97
19.09
19.6
17.38
14.45
15.72
19.6
19.09
16.14
15.36
11.39
8.545
12.72
16.67
17.65
18.16
18.6
19.02
19.14
19.29
19.41
19.53
19.65
19.73
19.87
19.92
19.97
20.19
20.31
20.31
18.55
18.73
20.87
20.85
20.87
20.85
20.87
19.75
18.99
18.9
18.8
18.73
11.07
15.21
16.77
17.48
17.94
18.16
18.58
18.92
19.02
19.14
19.26
19.34
19.48
19.53
19.73
19.73
19.82
19.92
19.95
20.14
20.31
20.31
19.17
18.38
20.85
20.85
20.85
20.85
20.07
18.41
18.41
18.21
17.7
9.937
9.741
10.4
9.167
9.155
9.644
9.143
9.57
8.923
9.119
9.143
11.24
20.07
19.7
11.06
16.28
20.61
11.05
9.058
9.192
9.326
8.594
9.216
9.021
8.862
13.01
19.7
20.75
19.24
18.95
12.4
9.351
9.277
9.216
9.363
10.83
15.38
19.95
19.75
17.77
10.03
6.274
6.219
6.219
6.219
6.219
6.219
6.219
6.219
6.219
6.219
6.219
6.219
6.219
6.219
6.274
9.534
9.79
9.473
9.253
9.436
9.631
9.863
9.119
9.082
9.692
16.38
