7.727
7.727
7.727
7.727
7.727
7.727
7.727
7.727
7.727
7.727
7.727
7.727
7.727
7.715
7.727
7.727
7.727
7.727
7.727
7.727
7.727
7.727
7.727
7.727
7.727
7.727
7.727
7.727
7.727
7.727
7.727
7.727
7.727
7.727
7.727
7.727
7.727
7.727
7.727
7.727
7.727
7.727
7.727
7.715
7.69
7.715
7.727
7.727
7.727
7.727
7.727
7.727
7.727
7.727
7.727
7.727
7.727
7.727
7.727
7.727
7.727
7.727
7.727
7.727
7.727
7.727
7.727
7.727
7.715
7.727
7.727
7.727
7.727
7.727
7.727
7.727
7.727
7.727
7.727
7.727
7.727
7.727
7.727
7.727
7.727
7.727
7.727
7.727
7.727
7.715
7.727
7.727
7.727
7.727
7.727
7.727
7.727
7.727
7.727
7.727
7.727
7.727
7.727
7.727
7.727
7.727
7.727
7.727
7.715
7.715
7.715
7.727
7.715
7.727
7.727
7.727
7.727
7.727
7.727
7.727
7.727
7.727
7.727
7.715
7.727
7.727
7.715
7.715
7.727
7.727
7.727
7.727
7.727
7.715
7.727
7.727
7.715
7.715
7.715
7.715
7.727
7.727
7.727
7.727
7.727
7.727
7.727
7.727
7.727
7.727
7.727
7.715
7.727
7.727
7.727
7.727
7.727
7.727
7.727
7.727
7.727
7.715
7.715
7.727
7.715
7.727
7.727
7.715
7.727
7.727
7.727
7.727
7.727
7.727
7.727
7.727
7.727
7.727
7.727
7.727
7.727
7.727
7.727
7.727
7.727
7.727
7.727
7.727
7.715
7.727
7.715
7.715
7.727
7.715
7.715
7.727
7.715
7.715
7.727
7.727
7.715
7.715
7.715
7.727
7.715
7.715
7.715
7.715
7.715
7.715
7.715
7.715
7.715
7.715
7.715
7.715
7.715
7.727
7.715
7.715
7.715
7.715
7.715
7.727
7.715
7.727
7.715
7.727
7.727
7.715
7.727
7.715
7.715
7.715
7.715
7.715
7.715
7.715
7.727
7.727
7.727
7.727
7.727
7.727
7.727
7.727
7.715
7.715
7.727
7.727
7.715
7.727
7.727
7.727
7.715
7.715
7.715
7.715
7.715
7.715
7.715
7.715
7.715
7.715
7.715
7.715
7.715
7.715
7.715
7.727
7.715
7.715
7.715
7.727
7.715
7.715
7.715
7.715
7.715
7.715
7.715
7.715
7.715
7.715
7.715
7.715
7.715
7.715
7.715
7.727
7.715
7.715
7.715
7.715
7.715
7.715
7.715
7.715
7.715
7.727
7.727
7.727
7.715
7.715
7.715
7.715
7.715
7.69
7.703
7.715
7.715
7.727
7.715
7.715
7.703
7.715
7.715
7.715
7.715
7.715
7.715
7.715
7.715
7.715
7.715
7.703
7.703
7.715
7.715
7.727
7.727
7.727
7.715
7.727
7.727
7.727
7.715
7.727
7.727
7.727
7.715
7.727
7.727
7.727
7.727
7.715
7.727
7.715
7.715
7.727
7.715
7.715
7.715
7.715
7.727
7.715
7.715
7.727
7.727
7.727
7.715
7.727
7.715
7.715
7.715
7.727
7.727
7.715
7.715
7.727
7.727
7.727
7.715
7.715
7.715
7.715
7.715
7.727
7.727
7.727
7.715
7.727
7.715
7.727
7.715
7.715
7.715
7.715
7.715
7.715
7.715
7.703
7.703
7.715
7.727
7.715
7.715
7.727
7.727
7.727
7.727
7.715
7.727
7.715
7.715
7.715
7.715
7.727
7.715
7.715
7.715
7.715
7.715
7.715
7.715
7.715
7.715
7.715
7.703
7.715
7.715
7.703
7.715
7.727
7.727
7.727
7.715
7.715
7.715
7.715
7.715
7.715
7.727
7.715
7.727
7.727
7.715
7.715
7.715
7.703
7.715
7.715
7.715
7.715
7.727
7.727
7.715
7.715
7.715
7.715
7.715
7.727
7.727
7.727
7.727
7.715
7.715
7.715
7.715
7.715
7.727
7.727
7.727
7.715
7.727
7.727
0.0
0.0
1.938
1.938
2.075
2.341
2.512
3.491
5.951
7.617
7.764
7.764
7.776
7.788
7.776
7.764
7.776
7.776
7.8
7.8
7.788
7.8
7.8
7.8
7.8
7.812
7.812
7.812
7.812
7.8
7.8
7.8
7.8
7.8
7.812
7.812
7.8
7.8
7.776
7.776
7.776
7.8
7.8
7.812
7.8
7.8
7.8
7.788
7.8
7.788
7.788
7.776
7.8
7.8
7.8
7.8
7.8
7.788
7.788
7.8
7.812
7.8
7.8
7.8
7.8
7.788
7.8
7.8
7.8
7.8
7.8
7.788
7.788
7.8
7.8
7.8
7.8
7.8
7.8
7.8
7.8
7.788
7.812
7.8
7.812
7.8
7.8
7.788
7.8
7.8
7.8
7.8
7.812
7.8
7.812
7.812
7.812
7.776
7.788
7.776
7.812
7.8
7.8
7.8
7.8
7.8
7.812
7.8
7.812
7.8
7.812
7.812
7.812
7.812
7.812
7.812
7.812
7.812
7.812
7.812
7.812
7.788
7.788
7.812
7.812
7.788
7.812
7.812
7.812
7.812
7.8
7.788
7.825
7.825
7.812
7.825
7.812
7.715
7.666
7.715
7.751
7.788
7.654
7.715
7.69
7.703
7.666
7.69
7.69
7.812
7.8
7.812
7.776
7.825
7.727
7.69
7.69
7.715
7.715
7.703
7.69
7.666
7.666
7.703
7.69
7.69
7.69
7.69
7.69
7.678
7.678
7.678
7.678
7.678
7.678
7.678
7.678
7.678
7.678
7.678
7.678
7.678
7.678
7.678
7.678
7.678
7.678
7.678
7.678
7.678
7.678
7.678
7.678
7.678
7.678
7.678
7.678
7.678
7.678
7.678
7.678
7.678
7.678
7.678
7.678
7.678
7.678
7.678
7.678
7.678
7.678
7.678
7.678
7.678
7.678
7.678
7.678
7.678
7.69
7.69
7.69
7.69
7.69
7.69
7.69
7.69
7.69
7.69
7.678
7.69
7.69
7.69
7.69
7.69
7.678
7.69
7.69
7.69
7.69
7.69
7.69
7.69
7.69
7.69
7.69
7.69
7.69
7.69
7.69
7.69
7.69
7.69
7.69
7.69
7.69
7.69
7.69
7.703
7.703
7.703
7.703
7.703
7.715
7.715
7.715
7.703
7.703
7.703
7.703
7.703
7.703
7.69
7.703
7.703
7.703
7.703
7.703
7.703
7.703
7.69
7.69
7.69
7.678
7.69
7.69
7.69
7.69
7.69
7.69
7.69
7.703
7.703
7.703
7.703
7.703
7.703
7.703
7.703
7.703
7.703
7.703
7.703
7.69
7.69
7.69
7.69
7.69
7.69
7.69
7.69
7.69
7.69
7.69
7.69
7.69
7.69
7.69
7.69
7.69
7.69
7.69
7.69
7.69
7.678
7.69
7.69
7.69
7.69
7.678
7.678
7.69
7.69
7.69
7.69
7.69
7.678
7.69
7.678
7.678
7.678
7.678
7.678
7.678
7.678
7.678
7.678
7.678
7.678
7.678
7.678
7.678
7.678
7.678
7.678
7.678
7.678
7.666
7.678
7.678
7.678
7.678
7.678
7.678
7.678
7.678
7.678
7.678
7.678
7.678
7.678
7.678
7.678
7.678
7.678
7.678
7.678
7.69
7.678
7.678
7.678
7.678
7.678
7.678
7.678
7.69
7.69
7.678
7.678
7.678
7.678
7.678
7.678
7.678
7.678
7.678
7.678
7.678
7.678
7.69
7.678
7.678
7.678
7.69
7.69
7.678
7.678
7.678
7.69
7.69
7.69
7.678
7.678
7.678
7.69
7.678
7.69
7.678
