0.2628
0.3647
0.09289
0.1005
0.1825
0.3006
0.1917
0.3281
0.2197
0.3258
0.2113
0.09613
0.08516
0.2495
0.2033
0.0002861
0.0
0.0
0.0
0.009346
0.5173
0.1146
0.1064
0.2934
0.3677
0.1804
0.346
0.1766
0.2968
0.1404
0.3246
0.2121
0.1245
0.09193
0.3025
0.1419
0.7004
1.286
0.914
0.8438
0.8698
0.9949
0.946
1.154
1.367
1.685
5.713
2.313
3.534
2.008
0.943
0.1751
0.1558
0.9995
1.329
1.764
1.862
1.95
1.761
1.95
5.743
2.277
3.882
1.485
0.1741
1.233
1.418
1.208
1.285
1.537
1.801
1.524
5.835
2.2
2.881
1.788
1.062
0.1701
0.2014
0.2666
0.1173
0.07925
0.2079
0.1995
0.3914
0.1253
0.4829
1.152
1.218
1.469
1.288
1.52
1.479
1.36
4.083
3.036
2.029
2.728
1.344
0.9674
0.194
0.1804
0.5127
0.08154
0.1343
0.2476
0.1844
0.3891
0.1743
0.4738
0.1503
0.1354
0.1072
0.3075
0.1131
0.9293
1.439
1.685
1.685
1.688
1.624
1.88
6.396
2.246
3.149
1.453
0.8118
0.5272
0.1318
0.3937
0.5173
0.4982
0.6531
0.5554
0.0802
1.169
1.74
1.721
1.59
1.74
1.773
4.37
3.131
3.485
1.917
0.8316
0.1282
1.373
1.639
1.828
1.611
1.599
1.523
4.315
3.4
3.387
2.042
0.8881
0.08316
0.1274
0.2682
0.1612
0.6409
1.289
1.489
1.428
1.553
1.515
1.421
1.338
1.436
1.361
1.456
1.515
1.62
1.682
1.95
1.651
1.627
1.917
1.907
2.066
1.99
2.029
2.161
2.246
2.194
4.175
7.971
6.287
4.962
7.214
9.717
7.385
6.873
7.568
6.323
4.773
5.157
2.893
2.567
2.148
0.04902
0.4967
0.2216
0.132
0.2316
0.2281
0.0009537
9.537e-05
0.0
0.0
9.537e-05
0.3685
0.1657
0.1999
0.2407
0.5692
0.2525
0.5089
0.1001
0.1961
0.2007
0.2079
0.2811
0.3094
0.1156
0.09556
0.3365
0.3605
0.1043
0.1291
0.2483
0.2735
0.0003815
0.0009537
0.0
0.01116
0.2697
0.676
0.1789
0.1348
0.1701
0.2056
0.1814
0.2243
0.2064
0.2453
0.3658
0.2731
0.1282
0.08516
0.3124
0.1083
0.0005722
9.537e-05
0.0
0.0
0.0
0.0
0.0
0.02613
0.2018
0.515
0.07019
0.1181
0.103
0.3407
0.7584
0.824
0.222
0.2407
0.7996
0.7454
0.3647
0.05417
0.1207
0.08192
0.3246
0.05417
9.537e-05
0.0
0.0
0.0
0.0
0.005341
0.2239
0.2132
0.7156
0.6256
0.2522
0.1352
0.1053
0.3387
0.3605
0.07229
0.1179
0.2602
0.1776
0.2586
0.5821
0.1902
0.1173
0.08926
0.3487
0.04549
0.0001907
9.537e-05
0.0
0.0
0.4784
0.1356
0.1816
0.2663
0.56
0.3757
0.1013
0.06943
0.111
0.3288
0.1713
0.1608
0.1465
0.1677
0.428
0.1415
0.1238
0.1055
0.3601
0.02213
0.0008583
9.537e-05
0.0
0.0
0.01183
0.4265
0.09937
0.07696
0.2419
0.1873
0.1688
0.2216
0.3052
0.1347
0.08173
0.264
0.1865
0.1135
0.4219
0.0885
0.0002861
0.0
0.0
0.0
0.0
0.0003815
0.0
0.007343
0.8835
0.1839
0.2769
0.2575
0.1305
0.06437
0.219
0.2495
0.1356
0.1154
0.2117
0.1312
1.479
1.651
1.436
1.511
1.538
1.718
1.225
1.06
1.018
1.163
1.044
0.972
1.111
1.003
1.166
1.082
1.102
1.396
1.485
1.498
1.276
1.471
1.501
1.697
1.889
1.926
1.846
1.561
1.724
1.855
3.571
6.122
7.068
4.81
4.877
5.548
7.434
6.604
6.47
7.947
6.36
7.324
4.565
4.547
3.024
2.194
2.225
2.618
1.033
1.187
1.556
1.518
1.694
1.534
1.691
1.752
1.929
1.575
1.559
1.62
1.901
1.981
1.709
1.326
1.393
1.451
1.59
1.865
1.959
1.709
1.216
1.262
1.131
1.352
1.331
2.6
3.845
7.605
5.475
4.559
6.824
7.935
8.118
7.837
7.861
5.884
6.372
5.06
3.314
2.802
2.194
0.5348
1.074
1.144
1.305
1.303
1.323
1.498
1.743
1.538
1.436
1.23
1.431
1.465
1.239
1.097
1.306
1.132
1.428
1.506
1.401
1.541
1.411
1.358
1.144
1.205
1.094
1.257
1.183
1.36
4.071
8.484
5.383
5.615
7.544
8.557
8.289
8.264
5.621
7.141
6.47
5.066
4.047
4.437
1.63
1.883
0.6065
1.285
1.45
1.483
1.476
1.54
1.413
1.431
1.323
1.477
1.62
1.411
1.263
1.639
1.816
1.688
1.66
1.743
1.418
1.477
1.605
1.7
1.755
1.7
1.309
1.231
1.706
1.855
2.011
2.429
3.778
4.492
4.193
6.445
5.377
5.719
4.797
6.921
5.859
6.195
5.536
5.505
4.7
3.772
4.919
3.973
3.122
1.706
1.758
2.09
1.959
0.4997
1.503
1.901
2.228
4.144
1.715
0.4753
1.405
1.758
2.237
3.967
1.593
0.2739
0.3323
0.1322
1.291
1.834
2.194
3.351
3.497
0.972
0.2338
0.2254
0.2323
1.022
1.505
1.515
1.907
2.151
2.551
0.7729
0.2323
0.1425
0.3162
0.5684
1.268
1.843
2.008
2.2
2.124
1.402
0.375
0.1884
0.3822
0.2377
1.477
1.852
1.88
2.875
2.014
0.9949
0.2354
0.1272
0.3387
0.06838
0.8255
0.9521
0.9979
1.387
1.381
1.337
1.234
1.082
1.086
1.543
1.895
1.993
2.393
2.28
2.39
2.667
2.676
2.866
2.585
2.237
2.563
2.191
2.328
1.465
3.845
5.811
7.996
11.46
12.06
13.99
9.753
9.021
6.824
2.02
2.362
1.16
2.783
2.615
2.292
1.828
1.572
1.248
1.335
1.056
1.102
1.212
1.495
1.385
1.46
1.364
1.312
1.305
1.129
1.071
0.972
0.9232
1.099
1.147
1.245
1.19
0.8987
0.9186
0.856
1.027
0.9445
1.036
1.021
1.071
2.927
7.275
7.434
3.143
6.11
5.432
7.141
6.207
6.097
6.128
6.244
7.141
4.968
4.791
2.966
2.655
2.805
1.694
0.2525
0.1226
0.1026
0.07839
0.09432
0.3178
0.1301
0.6012
1.207
1.091
1.071
1.163
1.167
1.421
1.346
1.195
1.224
1.297
1.277
1.273
1.221
1.314
1.157
1.147
1.053
0.9613
0.9079
1.149
1.181
1.224
1.147
1.279
1.373
1.302
1.143
1.041
1.152
1.129
0.9033
0.9613
1.067
1.259
1.291
1.263
0.9521
0.9308
3.296
6.274
9.29
4.547
3.662
8.398
6.207
5.975
5.566
6.024
6.97
6.824
5.365
3.082
3.54
2.295
2.838
2.805
0.02337
0.9888
1.32
1.367
1.323
1.544
1.033
0.8652
0.8606
0.9003
1.019
1.036
1.057
0.7797
0.8896
0.9705
1.033
1.189
0.9872
1.074
1.01
1.068
1.07
1.076
0.9705
0.9628
1.089
1.007
1.195
1.265
0.9888
0.8194
0.9628
0.9796
1.065
1.244
1.117
1.024
0.9995
0.975
1.883
1.822
1.581
2.277
3.87
3.882
5.914
6.982
6.012
6.219
4.327
4.425
7.08
4.761
4.437
3.839
4.993
4.248
4.34
4.718
4.285
3.174
2.737
2.872
0.7675
1.07
0.3464
0.1001
0.08392
0.0968
0.3212
0.09165
0.7294
