0.0247
0.02708
0.02451
0.02403
0.02508
0.02232
0.03567
0.02041
0.02718
0.02193
0.02546
0.02022
0.02365
0.02394
0.02699
0.02251
0.02308
0.02165
0.02184
0.02403
0.03099
0.02375
0.02241
0.02098
0.02556
0.02089
0.0248
0.02089
0.02432
0.02584
0.02403
0.02232
0.02613
0.02775
0.0226
0.02232
0.02384
0.02565
0.0186
0.02356
0.02127
0.0247
0.02604
0.02403
0.02775
0.02613
0.0288
0.02947
0.02766
0.02384
0.0248
0.02642
0.02785
0.02623
0.0309
0.02861
0.02136
0.02537
0.0227
0.02327
0.03357
0.03071
0.02632
0.02184
0.0288
0.02193
0.02604
0.02403
0.02136
0.01965
0.02346
0.02031
0.02422
0.02937
0.02375
0.01917
0.02022
0.02384
0.02575
0.02184
0.0226
0.02203
0.03681
0.02823
0.02403
0.0186
0.02146
0.02089
0.01936
0.02317
0.02079
0.02499
0.01993
0.02003
0.02317
0.01965
0.02146
0.02975
0.02184
0.02222
0.02155
0.02203
0.02136
0.02327
0.02184
0.02308
0.02317
0.02241
0.02108
0.03042
0.02184
0.0206
0.02203
0.02108
0.01793
0.0246
0.01965
0.02022
0.01993
0.01812
0.01898
0.01764
0.01955
0.01669
0.02079
0.02022
0.02174
0.02079
0.01736
0.02213
0.02499
0.02308
0.02947
0.02289
0.01993
0.01764
0.02375
0.01936
0.03052
0.01631
0.02308
0.02165
0.02012
0.02451
0.02155
0.02441
0.02098
0.02174
0.01783
0.02527
0.02127
0.02031
0.01831
0.01965
0.01907
0.01955
0.02031
0.02012
0.01917
0.01945
0.02003
0.0227
0.02375
0.02108
0.02756
0.02022
0.02022
0.0206
0.01993
0.01974
0.0247
0.01717
0.02108
0.01993
0.02098
0.01678
0.01698
0.01936
0.01736
0.02069
0.02003
0.02136
0.01974
0.01869
0.02003
0.02031
0.02747
0.01907
0.02108
0.02136
0.03128
0.02565
0.01822
0.02203
0.02661
0.02022
0.01869
0.0185
0.02527
0.02174
0.01726
0.0206
0.01802
0.02718
0.01783
0.02117
0.01945
0.02213
0.02155
0.02289
0.0185
0.02117
0.02031
0.0288
0.02604
0.01879
0.02203
0.02451
0.02117
0.02356
0.01793
0.01993
0.01917
0.01755
0.01926
0.02346
0.02422
0.02155
0.02136
0.0205
0.0226
0.02117
0.02499
0.02193
0.02232
0.01936
0.02213
0.01793
0.02193
0.01678
0.02241
0.01974
0.01926
0.01736
0.02184
0.02356
0.02127
0.02232
0.02241
0.02022
0.02546
0.02079
0.02384
0.01793
0.02308
0.01936
0.02041
0.02184
0.01869
0.02413
0.02165
0.02098
0.02565
0.01955
0.01965
0.02365
0.02365
0.02308
0.01907
0.02718
0.02728
0.02241
0.01993
0.02632
0.02041
0.01783
0.0226
0.0246
0.02022
0.02174
0.01993
0.02432
0.01831
0.02365
0.01898
0.01936
0.02069
0.02241
0.02213
0.02022
0.02155
0.01707
0.0206
0.02871
0.02012
0.02232
0.02508
0.02222
0.02699
0.01726
0.01898
0.01688
0.0247
0.02737
0.02127
0.02041
0.03214
0.02766
0.01745
0.02241
0.0206
0.02661
0.01841
0.02155
0.01755
0.01812
0.02012
0.01783
0.02346
0.01917
0.02279
0.01612
0.01869
0.01955
0.02213
0.01764
0.01926
0.02022
0.01888
0.01936
0.01688
0.02003
0.02308
0.01764
0.01926
0.01793
0.02813
0.02642
0.0186
0.02012
0.0186
0.02079
0.02699
0.01965
0.02642
0.01955
0.02623
0.01564
0.01955
0.02508
0.02909
0.02165
0.02184
0.02089
0.02298
0.01726
0.02003
0.02146
0.02117
0.01869
0.01984
0.02422
0.02508
0.02251
0.02241
0.02222
0.02213
0.01888
0.01907
0.02384
0.05827
0.01965
0.02403
0.02222
0.02489
0.02384
0.0227
0.02356
0.02289
0.02489
0.02499
0.02356
0.02108
0.02499
0.02317
0.02489
0.02079
0.02642
0.02337
0.02069
0.02174
0.02422
0.0205
0.02203
0.02232
0.02308
0.0246
0.03757
0.0206
0.02289
0.02565
0.02184
0.02451
0.0227
0.02394
0.02165
0.02594
0.02298
0.02203
0.02069
0.02155
0.02232
0.01955
0.02241
0.02155
0.0206
0.01945
0.02012
0.02241
0.02975
0.02117
0.02356
0.01907
0.02012
0.03071
0.01907
0.02527
0.01955
0.02756
0.01869
0.01879
0.02737
0.02356
0.01764
0.02203
0.03071
0.02012
0.02117
0.02251
0.02317
0.01984
0.02394
0.0186
0.03786
0.02813
0.0205
0.02079
0.02232
0.0227
0.02251
0.02022
0.02337
0.01926
0.02584
0.02146
0.0227
0.01993
0.02213
0.02613
0.03052
0.02193
0.02317
0.01926
0.02251
0.01869
0.02108
0.02184
0.02012
0.02356
0.02394
0.01974
0.01917
0.02222
0.02098
0.02232
0.02098
0.02079
0.01669
0.01984
0.02155
0.02403
0.02184
0.02174
0.02623
0.0268
0.02232
0.02251
0.02489
0.02022
0.02451
0.02108
0.02279
0.02279
0.02241
0.0226
0.02899
0.02613
0.02613
0.02327
0.02279
0.02413
0.02661
0.02365
0.02327
0.02613
0.02394
0.02337
0.0246
0.02394
0.02451
0.02117
0.0247
0.02527
0.02575
0.02117
0.02346
0.01993
0.02146
0.02184
0.02451
0.0246
0.02756
0.03061
0.0248
0.02356
0.02556
0.0227
0.02241
0.02041
0.02232
0.02527
0.02174
0.02184
0.02041
0.02098
0.01917
0.02089
0.01926
0.02079
0.02384
0.0206
0.02079
0.01945
0.01955
0.01831
0.02127
0.01974
0.02193
0.01879
0.02851
0.02136
0.02203
0.02251
0.02661
0.02604
0.01917
0.01945
0.02432
0.01812
0.03033
0.01802
0.01955
0.0185
0.01783
0.01993
0.02203
0.02098
0.01802
0.01898
0.02136
0.01793
0.01984
0.02327
0.01993
0.01945
0.01898
0.02623
0.02947
0.02184
0.02136
0.01917
0.02155
0.01736
0.02413
0.02518
0.02127
0.0205
0.02232
0.02441
0.02766
0.01907
0.02251
0.01917
0.01831
0.01736
0.02136
0.01917
0.02604
0.02031
0.01936
0.02213
0.0206
0.01907
0.0247
0.02193
0.02117
0.02308
0.02337
0.02451
0.02098
0.02213
0.02375
0.02432
0.0205
0.02327
0.02136
0.02203
0.02623
0.02232
0.02642
0.02689
0.02165
0.02022
0.03767
0.02623
0.02518
0.02356
0.02174
0.0246
0.02031
0.02394
0.02346
0.02584
0.01955
0.0206
0.02174
0.02403
0.02327
0.02012
0.02089
0.02108
0.01945
0.02451
0.02518
0.0227
0.02985
0.03033
0.02308
0.02308
0.02642
0.02337
0.02041
0.02394
0.02365
0.02136
0.02384
0.0288
0.02489
0.0246
0.01869
0.0226
0.01812
0.02184
0.02356
0.02298
0.02499
0.03567
0.02232
0.02165
0.02146
0.02232
0.02718
0.02604
0.06113
0.02775
0.02003
0.02384
0.02327
0.03061
0.02995
0.02012
0.02165
0.02022
0.02699
0.02146
0.02089
0.02346
0.0227
0.02346
0.02346
0.05922
0.02012
0.02298
0.02136
0.02079
0.02127
0.02022
0.02022
