0.01774
0.0268
0.03071
0.01173
0.01383
0.01574
0.01659
0.01278
0.01516
0.0165
0.01421
0.01431
0.0123
0.02203
0.0124
0.008488
0.01326
0.02098
0.01869
0.02031
0.02384
0.02613
0.02823
0.01278
0.009346
0.01965
0.03004
0.02337
0.01945
0.02384
0.02279
0.03796
0.03262
0.03729
0.02918
0.0598
0.02966
0.03099
0.02813
0.01698
0.01507
0.01879
0.01869
0.01249
0.01755
0.01307
0.0124
0.01564
0.01163
0.01955
0.02737
0.02689
0.02203
0.01745
0.02289
0.02365
0.02375
0.01516
0.02155
0.02127
0.02384
0.02966
0.02098
0.01888
0.02842
0.02117
0.02346
0.02518
0.02928
0.01812
0.02222
0.01669
0.01974
0.03309
0.02232
0.02117
0.02689
0.02279
0.02718
0.03633
0.02356
0.02146
0.02451
0.03138
0.01335
0.02241
0.01411
0.01793
0.02441
0.02213
0.02584
0.02031
0.02289
0.01764
0.02556
0.033
0.0205
0.02174
0.03099
0.02699
0.02613
0.04225
0.03872
0.04044
0.03653
0.02756
0.03271
0.02651
0.02966
0.03119
0.03614
0.07887
0.02775
0.02956
0.02947
0.0329
0.03796
0.04082
0.04616
0.02718
0.01469
0.02346
0.0227
0.05417
0.01774
0.01755
0.0165
0.01688
0.01478
0.01669
0.01402
0.01745
0.01221
0.01955
0.01764
0.0164
0.01726
0.01278
0.01583
0.01488
0.01421
0.01364
0.01469
0.01192
0.01488
0.0164
0.0185
0.02069
0.01678
0.02451
0.02222
0.01602
0.01364
0.01783
0.0103
0.01698
0.01659
0.01993
0.01659
0.01125
0.01326
0.01268
0.02117
0.008774
0.01078
0.0164
0.01488
0.009441
0.01068
0.01564
0.01526
0.01116
0.01688
0.0186
0.01593
0.0164
0.103
0.01793
0.01574
0.02337
0.01307
0.0145
0.01659
0.02365
0.02804
0.02508
0.03004
0.0309
0.02747
0.03967
0.02651
0.02289
0.01917
0.0206
0.02155
0.06332
0.01631
0.01707
0.01593
0.01526
0.01526
0.01354
0.01106
0.0124
0.01383
0.01307
0.01221
0.008678
0.01135
0.01421
0.01183
0.0124
0.01163
0.01726
0.01955
0.02232
0.01354
0.03014
0.03157
0.02432
0.02861
0.02737
0.01602
0.01602
0.01192
0.01516
0.01383
0.01307
0.01125
0.01326
0.01268
0.009823
0.01049
0.01059
0.009155
0.01078
0.009251
0.01345
0.009251
0.01125
0.01049
0.01421
0.01717
0.0104
0.0124
0.0144
0.01535
0.01411
0.01631
0.01497
0.01106
0.02079
0.0206
0.03185
0.02289
0.01841
0.02632
0.02003
0.01755
0.01392
0.01488
0.01698
0.02155
0.01078
0.01459
0.01392
0.01879
0.01707
0.01278
0.01307
0.01822
0.0165
0.01488
0.01278
0.009441
0.01097
0.01221
0.009441
0.01421
0.01497
0.01326
0.01888
0.01411
0.01469
0.01163
0.01678
0.01202
0.01841
0.01726
0.01936
0.0226
0.0205
0.01745
0.01745
0.01631
0.02079
0.02251
0.02108
0.01564
0.01631
0.01373
0.01822
0.0268
0.02308
0.02365
0.01869
0.02232
0.01926
0.01688
0.02832
0.02871
0.01965
0.02098
0.02413
0.01984
0.02022
0.0145
0.02146
0.01802
0.0226
0.01984
0.02298
0.0205
0.04406
0.0185
0.02279
0.03204
0.02565
0.02337
0.01945
0.01707
0.01831
0.01602
0.02203
0.01669
0.01402
0.01221
0.1118
0.06771
0.03128
0.01163
0.01431
0.02041
0.01583
0.0124
0.01249
0.01478
0.0165
0.01392
0.01335
0.01736
0.01698
0.0145
0.02127
0.01879
0.01764
0.02327
0.01211
0.01698
0.02012
0.01831
0.02222
0.02222
0.02041
0.01383
0.01869
0.01478
0.01745
0.01984
0.01974
0.01593
0.01707
0.02136
0.03052
0.03157
0.02527
0.01345
0.0164
0.02851
0.03042
0.02861
0.02203
0.02813
0.04349
0.02012
0.03576
0.05236
0.0515
0.03405
0.02747
0.03614
0.02871
0.03071
0.03777
0.04807
0.03223
0.0247
0.03796
0.03672
0.02689
0.02537
0.02518
0.02966
0.02356
0.01755
0.01984
0.02136
0.02241
0.0102
0.01945
0.02184
0.01764
0.0186
0.01669
0.01278
0.01268
0.01755
0.0144
0.0124
0.01659
0.0123
0.01755
0.01183
0.01497
0.01421
0.01669
0.01516
0.01411
0.01497
0.01402
0.01554
0.01144
0.01087
0.00906
0.01478
0.009537
0.0165
0.01736
0.01574
0.0246
0.0145
0.0164
0.01459
0.01392
0.01221
0.0124
0.02165
0.01068
0.01516
0.01335
0.01392
0.0123
0.01249
0.007248
0.00658
0.01068
0.01087
0.01221
0.009346
0.01154
0.0124
0.0185
0.01879
0.0186
0.01783
0.02575
0.0246
0.02279
0.02432
0.02661
0.02613
0.02537
0.01926
0.02337
0.01965
0.0165
0.02127
0.02203
0.0186
0.02089
0.01869
0.01717
0.0185
0.01726
0.01917
0.01764
0.01802
0.0226
0.01841
0.01488
0.01745
0.02165
0.01707
0.01974
0.01802
0.02489
0.03462
0.0268
0.02213
0.01993
0.02565
0.01822
0.02069
0.01783
0.0145
0.01955
0.01364
0.01688
0.02089
0.02003
0.02222
0.01793
0.02098
0.01755
0.01345
0.01411
0.01192
0.01287
0.01183
0.01335
0.01097
0.01087
0.009727
0.01087
0.01097
0.01049
0.0103
0.008392
0.008583
0.01106
0.01211
0.01507
0.0103
0.01249
0.01812
0.01831
0.01316
0.01783
0.01621
0.01087
0.01297
0.02031
0.0165
0.01249
0.01507
0.01488
0.01383
0.0186
0.02136
0.02432
0.01345
0.02241
0.01287
0.01431
0.01822
0.01354
0.0206
0.01993
0.01373
0.01211
0.01469
0.01316
0.01402
0.01726
0.01183
0.01659
0.01345
0.01917
0.0185
0.01879
0.01907
0.01965
0.02584
0.0248
0.02098
0.02661
0.02012
0.02737
0.03185
0.03719
0.02966
0.02623
0.02785
0.03366
0.03109
0.02785
0.02899
0.02375
0.01535
0.02308
0.02069
0.01783
0.01955
0.01526
0.0144
0.01688
0.01459
0.01869
0.01421
0.01745
0.01488
0.01717
0.02375
0.02213
0.01822
0.02089
0.02136
0.0329
0.02804
0.02642
0.01755
0.04711
0.02327
0.02346
0.01812
0.02003
0.02308
0.0144
0.01783
0.01602
0.01402
0.01116
0.01383
0.02079
0.01535
0.01431
0.01612
0.01526
0.01879
0.02317
0.0227
0.02203
0.01879
0.01411
0.01593
0.01526
0.01755
0.02003
0.01888
0.01297
0.01535
0.01383
0.01507
0.01726
0.01621
0.02213
0.02041
0.02699
0.02089
0.02098
0.01659
0.01717
0.01669
0.01354
0.01898
0.0144
0.02146
0.0246
0.01583
0.01135
0.02699
0.02594
0.02823
0.01659
0.01593
0.03023
0.02022
0.02384
0.02651
0.02422
0.0186
0.02527
0.0246
0.01993
0.03242
0.02422
0.01755
0.02317
0.02451
0.02632
0.03071
0.02327
0.03357
0.02947
0.02518
0.03939
0.0268
0.033
0.06685
0.0247
0.02489
0.02766
0.02184
0.02079
0.01535
0.02317
0.01764
0.01554
0.02165
0.02346
0.01879
0.02222
0.02241
0.01373
0.01526
0.01717
0.01783
0.01774
0.01831
0.02146
0.01583
0.01497
0.01469
0.02775
0.02003
0.01192
0.01678
0.0164
0.01774
0.01192
0.01059
0.01841
0.0248
0.0124
0.01831
0.02556
0.02146
0.02508
0.01965
0.01888
0.01497
0.02317
0.01736
0.0206
0.02422
0.02012
0.01707
0.01717
0.01755
0.02098
0.01593
0.01307
0.01163
0.01068
0.01316
0.02012
0.01955
0.01736
0.01822
0.0124
0.02069
0.0267
0.03529
0.04454
0.02346
0.02022
0.02003
0.02346
0.01431
0.02747
0.02489
0.02918
0.02518
0.02518
0.035
0.0289
0.02232
0.02384
0.02508
0.02899
0.02928
0.02699
0.02003
0.02546
0.02909
0.03853
0.02975
0.02918
0.03099
0.02747
0.02289
0.02232
0.02155
0.0102
0.01278
0.01278
0.01392
0.01631
0.01421
0.01764
0.01249
0.01926
0.02584
0.0495
0.03366
0.05741
0.03567
0.02756
0.02193
0.04072
0.0329
0.01707
0.01154
0.01364
0.01125
0.01049
0.01926
0.008392
0.01049
0.01297
0.01059
0.01831
0.0123
0.008488
0.009251
0.01278
0.008488
0.01659
0.01545
0.02127
0.01736
0.01488
0.01669
0.01936
0.0165
0.01631
0.01974
0.01869
0.0164
0.01831
0.01554
0.01869
0.02279
0.01545
0.01917
0.01659
