28.76
29.2
28.91
29.54
29.05
29.83
29.35
29.25
0.0
27.59
30.32
30.76
30.32
29.2
29.25
28.96
28.91
28.91
28.66
29.15
29.35
29.05
29.2
28.71
29.2
29.0
28.81
28.71
28.76
28.32
28.61
29.05
28.56
28.86
28.66
28.81
27.49
27.78
27.39
27.05
26.46
26.03
25.63
25.0
24.85
23.95
23.58
22.92
21.9
21.44
21.17
21.04
20.78
20.41
19.7
17.8
17.77
17.11
16.72
16.36
15.6
15.11
14.82
14.26
14.23
13.5
13.35
12.74
12.35
12.05
11.41
11.1
10.36
9.961
9.949
9.497
9.033
8.96
8.63
8.179
7.922
7.703
7.349
7.043
6.677
6.47
6.311
6.158
6.122
6.128
5.792
5.603
5.438
5.243
5.017
4.59
4.596
4.34
4.187
4.077
3.827
3.986
3.857
3.619
3.4
3.412
3.265
3.21
3.088
3.015
2.948
2.881
2.737
2.686
2.649
2.658
2.53
2.533
2.499
2.426
2.441
2.325
2.588
2.676
2.695
2.71
2.573
2.49
2.438
2.753
2.762
2.899
2.878
2.887
3.149
3.18
3.339
3.381
3.381
3.461
3.699
3.711
4.071
4.041
4.254
4.303
4.517
4.541
4.724
5.066
5.243
5.219
5.408
5.621
5.737
6.03
6.323
6.531
7.129
7.532
7.971
8.508
9.607
10.25
10.13
10.52
10.83
11.54
11.65
11.84
12.19
13.53
13.72
14.67
15.11
15.53
15.75
15.87
15.89
16.24
16.38
16.53
17.38
17.8
18.31
15.7
0.0
15.28
19.95
20.29
20.12
20.02
20.26
20.65
21.46
21.7
22.0
21.8
22.27
22.27
22.29
22.22
22.27
22.49
22.68
22.63
22.49
22.51
22.46
23.07
22.68
23.22
23.0
22.95
22.9
23.44
23.66
23.85
24.27
24.51
24.8
25.0
25.83
25.34
25.93
25.88
25.98
26.66
27.2
27.54
28.22
29.05
28.08
28.17
28.42
28.47
28.66
28.71
28.61
28.71
28.86
28.56
28.61
28.56
28.56
29.35
28.96
28.91
29.05
29.15
28.76
29.3
29.15
29.25
29.39
29.15
29.2
29.25
29.69
29.79
29.39
29.2
29.25
29.1
29.1
28.86
29.44
29.2
28.96
29.1
29.79
29.3
29.74
29.49
28.96
0.0
28.81
28.96
29.15
30.47
30.91
30.27
29.98
29.59
29.74
28.96
30.37
28.81
28.66
30.52
28.81
29.35
30.18
30.08
29.79
29.0
28.61
28.96
28.76
28.37
28.42
28.32
28.61
28.66
29.44
29.2
29.05
29.1
29.0
28.76
29.0
28.86
28.81
28.71
28.56
28.08
28.03
27.59
27.1
26.46
26.37
25.34
24.68
24.05
23.61
23.32
23.05
22.27
21.56
21.09
20.68
19.92
19.53
19.04
17.9
17.48
16.99
16.19
15.67
15.21
14.84
14.18
13.6
13.09
12.62
12.18
11.4
10.93
10.57
10.25
9.619
9.363
9.058
8.752
8.508
8.081
7.788
7.617
7.312
7.007
6.934
6.555
6.396
6.146
5.994
5.67
5.426
5.243
5.078
4.858
4.742
4.547
4.358
4.303
4.187
3.882
3.815
3.699
3.638
3.607
3.528
3.51
3.278
3.198
3.094
2.954
2.93
2.875
2.695
2.704
2.658
2.725
2.579
2.475
2.536
2.478
2.417
2.374
2.411
2.411
2.405
2.49
2.463
2.448
2.481
2.6
2.713
2.841
2.945
3.101
3.247
3.528
3.51
3.741
3.912
3.949
3.955
4.211
4.51
4.596
4.797
4.865
5.072
5.255
5.383
5.634
5.914
5.92
5.975
6.47
6.494
6.812
7.043
7.068
7.227
7.507
7.629
8.105
8.728
9.375
9.827
10.75
11.35
11.91
12.52
13.01
0.0
13.99
14.28
14.6
14.94
15.11
15.67
16.26
16.26
16.65
17.11
17.11
17.5
17.9
18.26
18.29
18.38
18.75
18.65
18.9
19.31
19.75
20.24
20.39
20.48
20.58
20.87
21.07
21.17
21.19
21.44
21.48
21.83
22.17
22.53
22.71
22.97
23.14
23.29
23.0
22.95
23.05
23.22
23.24
23.83
23.85
23.83
23.95
24.19
24.05
24.07
23.85
23.73
23.46
23.46
23.71
23.8
23.93
23.93
24.46
24.54
23.34
23.07
23.05
23.44
23.44
23.88
21.88
21.46
21.44
21.9
22.85
23.05
22.88
22.58
23.29
23.66
23.51
23.71
24.39
24.58
24.88
25.0
25.49
26.71
27.29
27.54
27.93
27.78
28.03
28.66
29.44
29.69
30.13
29.98
30.13
30.13
30.13
30.37
30.37
30.37
30.42
30.27
30.32
0.0
30.03
29.83
30.13
30.03
29.64
30.76
30.37
30.27
30.37
29.88
29.83
29.93
30.03
29.88
30.42
30.13
29.69
29.98
29.83
30.03
29.83
30.03
30.27
30.37
30.22
29.98
30.03
30.08
29.83
29.39
29.54
29.44
29.44
29.59
29.83
29.1
28.96
28.71
28.91
28.86
28.76
28.96
29.0
28.96
29.05
29.0
29.2
29.05
28.96
28.76
28.56
28.08
27.05
26.56
26.07
25.29
24.61
23.83
23.46
22.8
22.14
21.75
21.07
20.7
20.29
19.75
19.19
18.41
17.92
17.63
16.65
16.33
15.7
15.06
14.53
13.84
13.38
13.28
12.89
11.72
10.57
10.23
9.766
9.363
8.838
8.752
8.289
7.959
7.8
7.556
7.263
7.153
6.677
6.567
6.348
6.012
5.853
5.542
5.511
5.316
5.17
5.035
4.865
4.749
4.736
4.333
4.34
4.175
4.102
3.979
3.784
3.693
3.656
3.522
3.54
3.32
3.241
3.333
3.284
3.21
3.018
2.969
3.009
2.917
2.963
2.844
2.844
2.847
2.744
2.85
2.89
2.887
2.975
2.933
2.948
2.89
3.07
3.271
3.296
3.424
3.583
3.802
3.998
0.0
4.156
4.272
4.279
4.425
4.712
4.84
5.09
5.286
5.316
5.743
6.287
6.067
6.409
6.494
6.555
6.592
6.787
6.799
7.19
7.532
7.751
7.947
7.849
8.337
8.862
9.57
9.924
10.79
11.3
12.21
12.24
12.74
13.45
13.84
14.58
14.97
15.04
14.99
15.21
15.89
16.33
16.63
17.14
16.89
17.8
18.31
18.55
18.97
19.56
19.97
20.14
20.58
20.85
21.17
21.26
21.56
21.66
22.14
22.51
22.39
22.73
23.24
23.0
23.8
23.73
23.88
23.83
23.51
23.54
23.49
23.68
24.05
23.71
24.12
23.93
24.22
24.12
24.24
24.49
24.1
24.29
24.8
24.85
24.83
24.93
25.78
26.22
26.22
26.17
25.93
26.03
26.07
26.61
26.86
27.2
27.29
27.73
28.66
28.71
28.37
28.42
28.32
28.52
28.61
28.66
28.76
29.2
29.49
29.39
29.64
29.83
