15.65
16.97
19.56
20.21
16.43
13.75
16.77
18.29
23.32
25.1
15.14
14.6
14.62
5.408
0.1511
0.05732
0.02604
0.02604
0.02604
0.02604
2.063
15.53
13.82
15.16
16.97
36.57
18.38
12.82
12.37
20.87
36.77
27.05
13.65
14.75
26.03
40.97
40.33
40.28
28.17
32.13
31.05
15.19
14.48
38.72
39.99
40.92
38.62
38.53
32.13
14.55
27.25
36.43
20.73
17.72
15.28
39.31
41.21
41.55
33.4
40.19
24.0
14.26
28.71
40.53
41.06
40.97
30.66
37.16
23.17
35.21
34.47
27.88
37.4
21.51
32.18
37.11
18.04
18.31
16.41
34.96
35.11
12.6
13.87
17.36
31.35
32.71
11.06
36.87
39.26
40.77
37.99
18.46
37.35
16.94
16.41
27.64
35.55
18.38
20.56
40.09
41.26
41.6
19.73
40.09
17.65
18.63
39.16
38.43
39.79
23.93
18.26
37.94
13.26
33.59
38.57
40.28
39.6
28.32
35.11
17.63
17.02
21.51
17.68
28.17
41.8
41.21
38.87
7.227
31.3
31.84
4.913
4.028
35.06
35.16
33.64
36.91
22.02
0.8545
14.53
24.37
22.22
13.26
19.38
22.56
21.85
18.87
13.99
17.04
17.46
17.63
19.95
12.57
13.26
15.55
16.7
19.56
16.97
13.79
37.01
39.16
41.16
39.94
37.7
31.2
23.36
34.23
29.2
19.43
32.86
34.47
18.14
24.1
31.59
30.08
17.94
23.32
26.95
23.75
17.65
14.89
13.09
6.458
2.933
7.41
0.1406
0.0885
0.03128
0.02604
0.02604
0.02079
1.109
22.0
35.4
32.76
16.75
11.82
34.33
32.91
8.716
19.63
18.87
14.94
20.39
32.91
34.77
5.896
0.6462
0.1249
0.02604
0.02604
0.03128
0.03128
0.02604
0.03128
0.6462
18.19
14.94
15.48
4.181
11.36
12.32
15.67
14.16
17.55
23.83
33.35
32.37
25.05
34.38
22.68
0.9323
0.4478
0.03128
0.02604
0.03128
0.02604
0.03128
0.02604
0.5524
17.87
17.38
16.97
14.28
14.18
12.33
14.7
17.68
19.53
19.9
13.92
17.07
14.31
14.75
5.072
0.1303
0.04692
0.02604
0.02604
0.02604
0.02604
0.02604
0.02604
0.02604
15.36
22.27
22.49
17.21
19.26
20.75
22.88
13.26
13.43
2.219
9.912
14.92
16.09
16.63
18.85
19.58
3.992
0.5524
0.1093
0.02604
0.02604
0.03128
0.02604
10.02
12.07
11.22
18.02
16.8
18.68
19.51
17.19
13.35
13.82
14.62
15.87
16.43
16.46
14.58
18.36
20.7
21.36
11.11
0.724
0.2708
0.02604
0.03128
0.02604
0.02604
6.128
15.21
14.5
12.22
12.05
13.89
12.99
16.58
23.05
25.98
25.1
15.55
23.19
26.56
13.89
0.6821
0.2918
0.03643
0.02079
0.02604
0.07219
0.3448
0.01135
0.01097
0.01078
0.01078
0.01049
0.0103
0.01059
0.0102
0.01011
0.01135
0.01154
0.01163
0.01144
0.01135
0.01163
0.01144
0.01097
0.01087
0.01135
0.01049
0.0104
0.0102
0.0102
0.0102
0.0104
0.1244
14.09
15.99
19.26
20.04
21.88
24.56
25.05
23.63
21.7
30.71
32.52
30.27
27.25
25.88
29.15
30.81
28.37
30.57
32.71
30.81
33.45
32.03
32.18
32.57
13.6
12.67
22.97
30.62
28.03
33.5
32.57
28.66
25.73
22.61
19.6
3.271
18.41
29.15
23.66
20.83
19.92
21.58
20.24
19.29
19.87
20.73
21.53
22.56
21.83
19.26
19.02
19.38
20.51
19.17
20.63
22.24
22.9
22.97
22.83
21.48
22.05
21.48
21.66
20.78
20.41
21.44
21.48
12.65
15.21
15.41
15.45
16.19
17.8
18.68
18.58
23.51
22.29
22.61
21.07
23.17
19.46
3.339
0.6325
17.07
30.18
27.05
29.64
21.92
20.56
29.49
29.35
24.27
22.41
20.31
19.56
19.7
20.75
21.58
22.12
22.31
23.8
23.58
25.0
24.9
30.47
28.71
27.59
28.61
26.66
18.97
8.459
14.99
23.39
30.62
27.0
26.46
28.91
23.51
23.54
22.29
16.02
15.19
0.243
4.529
19.53
18.73
20.29
21.41
21.78
21.58
20.65
22.07
21.04
21.12
21.39
20.83
21.78
20.09
19.87
20.56
19.48
19.51
24.63
28.37
29.54
27.69
22.85
24.46
25.34
27.1
29.39
27.2
20.85
5.511
11.71
19.78
28.27
27.73
26.27
24.12
28.37
21.56
22.31
23.75
18.63
6.897
9.424
25.1
26.37
23.88
25.54
26.66
27.25
28.96
30.27
29.98
30.03
30.22
29.69
27.83
29.74
29.2
27.78
26.81
30.66
31.2
26.32
26.71
27.54
26.71
14.62
23.36
31.59
32.37
28.81
29.83
24.15
24.37
24.0
23.58
10.16
13.94
30.13
27.34
24.49
26.56
16.19
25.49
29.69
29.35
27.05
23.27
28.12
22.83
16.31
28.42
29.64
23.14
27.69
18.14
17.5
27.15
24.1
23.63
22.83
24.88
13.75
24.12
29.35
25.39
20.14
29.25
20.12
19.9
23.75
25.63
12.89
23.61
25.49
29.44
23.27
28.47
8.606
27.15
28.91
32.37
32.32
32.57
29.79
26.61
25.0
29.35
29.88
33.3
28.27
32.03
27.0
24.73
23.68
22.75
22.78
22.41
19.53
19.24
19.48
18.85
19.02
20.75
9.57
11.02
15.55
30.03
33.11
31.93
25.34
24.15
15.45
18.99
22.12
22.63
9.827
2.686
27.39
33.54
33.84
34.42
34.33
34.67
34.77
29.74
31.01
32.62
31.93
31.45
34.08
34.81
34.62
33.25
33.84
35.25
36.38
16.75
16.77
29.93
29.25
30.86
28.27
28.37
19.02
15.45
15.43
13.43
15.41
14.04
6.458
1.231
26.61
22.46
12.82
21.83
19.09
14.23
22.17
20.53
13.79
20.56
16.65
13.89
15.58
14.45
15.87
14.01
21.04
15.87
18.46
20.46
17.16
20.24
19.09
17.31
22.19
26.03
27.15
18.09
19.53
19.63
16.75
24.0
18.21
15.38
22.56
22.09
23.85
16.75
17.6
18.73
21.34
23.97
15.14
19.68
16.19
18.21
15.43
13.28
14.87
14.97
14.16
15.14
19.92
10.16
21.78
25.34
26.22
25.29
23.44
22.07
24.17
24.85
24.78
22.07
22.07
22.97
24.88
23.68
22.22
22.71
21.68
21.53
22.39
23.29
22.53
22.71
23.24
22.68
22.05
22.12
21.41
22.0
15.55
16.09
16.65
19.21
23.85
24.17
23.93
24.85
21.24
16.82
15.41
15.11
15.65
16.43
16.24
2.939
14.6
14.36
13.31
14.31
18.38
21.12
18.68
12.06
0.7675
0.3738
0.0267
0.02861
4.059
14.45
13.4
16.55
21.04
21.0
20.34
9.253
12.92
0.267
0.1238
0.02928
0.02537
0.02861
0.02737
0.02928
0.02737
0.02995
0.02537
0.02995
0.02861
0.03319
0.03061
0.03252
0.03128
0.03252
0.03128
0.03252
0.03061
0.03128
0.02861
0.03195
0.03128
0.03128
0.02928
0.03128
0.02995
0.03319
0.03252
0.03319
0.03195
0.03252
0.03128
0.03386
0.03319
0.03452
