0.004959
0.246
0.4486
0.1116
0.1034
0.4959
0.1957
0.563
0.3571
0.2186
0.2247
0.4822
0.1677
0.1526
0.349
0.09518
0.0003815
0.0
9.537e-05
0.0005722
0.001717
0.0
0.0
0.0
0.0
0.0
0.0
0.0
0.0
0.0
0.0
0.0
0.4761
0.16
0.1143
0.4364
0.5959
0.2132
0.1442
0.1606
0.4227
0.3387
1.508
1.544
1.91
2.026
1.785
1.892
4.498
2.936
2.487
1.498
0.1875
1.273
1.782
1.797
2.115
2.145
2.24
5.09
2.539
2.475
0.8682
0.1657
1.654
1.913
1.907
2.029
2.2
4.388
3.613
2.557
1.082
0.2758
0.1528
0.2991
0.2327
0.7629
0.178
0.2556
0.2178
0.1451
0.1762
0.3826
0.7431
0.1961
1.207
1.95
2.048
2.161
1.92
2.426
5.133
2.393
1.974
0.5089
0.2548
0.238
0.1926
0.2316
0.2338
0.2029
0.6119
1.672
2.066
2.057
2.332
1.971
5.219
1.797
2.457
0.7027
0.2403
0.1429
0.1154
0.3849
0.1606
0.5043
0.6706
0.3567
0.1099
0.1078
0.3429
0.186
0.592
0.473
0.5219
0.5081
0.1301
1.503
1.807
2.179
2.06
1.917
2.109
5.383
2.142
2.045
0.182
1.147
1.895
2.023
1.721
1.941
2.032
5.322
2.502
1.938
0.6943
0.1307
0.128
0.08879
0.3422
0.1692
0.4807
0.5188
0.4707
0.4303
0.3883
0.09918
0.131
0.1905
0.3658
0.4936
2.496
2.505
2.368
2.271
5.054
2.292
2.17
1.55
0.7431
0.3738
0.3216
0.1291
0.3731
0.4913
0.3498
0.3487
0.5638
0.2377
0.1272
0.09661
0.444
0.04778
0.0001907
0.0004768
0.0002861
0.0
0.0
0.0
0.3323
0.3632
0.148
0.6798
0.3914
0.1398
0.1526
0.4204
0.4234
0.1171
0.1097
0.3586
0.2922
0.3094
0.1711
0.3716
0.139
9.537e-05
0.0
9.537e-05
0.0
0.0
0.0
0.0006676
0.02241
0.4402
0.346
0.7523
0.2113
0.4059
0.396
0.6935
0.1606
0.2254
0.3189
0.2792
0.1326
0.1085
0.4105
0.1207
9.537e-05
0.0
0.001335
0.0
0.0
0.0
0.0
0.0
0.0
0.1238
0.2731
0.4128
0.2483
0.4356
0.14
0.1236
0.3922
0.1266
0.7858
0.3109
0.1854
0.5447
0.1961
0.0009537
9.537e-05
0.0
0.0
0.0
9.537e-05
9.537e-05
0.0
0.0
0.0
0.0
0.0
0.0
9.537e-05
9.537e-05
0.0
0.0
0.02174
0.2262
0.2117
0.1616
0.9506
0.3906
0.1345
0.2365
0.3967
0.0001907
9.537e-05
0.0
0.0
0.0
0.0
0.01736
0.04187
0.4715
0.4486
0.4196
0.2815
0.1734
0.2586
0.1606
0.3288
0.1991
0.0001907
9.537e-05
0.0
0.0
0.0
0.0
0.0
0.0003815
0.0
0.0
0.0
0.0008583
0.0
0.0
9.537e-05
0.0
9.537e-05
0.0
0.0005722
0.0
0.0
0.0001907
0.0003815
0.0
0.001431
0.0
0.0
0.0
0.0
0.0
0.0
0.0
0.0001907
0.0
0.0
0.0
0.0
0.0
0.0
0.0
0.0004768
0.0
0.0005722
0.0
0.0
0.0
0.0
0.0
0.0
0.0
0.0
0.0
0.0
0.0
0.0
0.0
0.0
0.0
0.0
0.0
0.0
0.0
0.0
0.0
0.0001907
0.008869
1.161
1.566
1.416
1.466
1.369
1.422
1.358
1.448
1.314
1.408
1.273
1.399
1.46
1.578
1.678
1.517
1.492
1.34
1.378
1.357
1.407
1.868
1.971
2.2
2.234
2.512
2.344
5.731
6.921
4.211
9.241
8.984
8.948
6.567
6.036
3.906
4.95
5.127
2.249
0.6287
1.39
1.752
1.862
1.993
1.968
1.816
2.737
2.847
2.46
2.667
2.658
2.298
2.396
2.53
2.524
2.298
2.155
1.965
2.106
2.176
2.072
2.362
2.368
2.393
6.921
5.756
5.139
6.012
9.644
7.068
7.776
4.742
3.912
3.43
1.889
0.708
1.608
1.782
1.515
1.904
2.139
1.898
2.118
3.018
3.821
3.229
3.461
3.009
2.576
2.478
2.249
2.121
2.301
2.386
2.463
2.551
2.667
3.76
7.568
2.762
5.237
5.444
9.021
5.371
7.495
5.261
5.267
2.203
0.4814
2.475
2.539
2.283
2.206
2.429
2.42
2.24
2.24
2.518
3.137
3.357
3.21
2.924
2.832
2.719
2.802
2.539
4.388
7.446
2.997
6.177
7.471
8.813
6.689
5.914
4.852
4.443
1.91
0.6279
0.003338
0.2697
1.752
2.649
2.679
2.493
2.643
2.365
2.344
2.567
2.448
2.463
3.381
2.643
2.783
2.615
3.363
3.302
3.467
3.122
7.495
5.237
5.579
5.719
7.458
8.423
6.458
6.665
5.109
5.328
1.95
0.9445
1.323
1.611
1.764
2.319
2.536
2.438
2.219
2.042
1.871
1.956
1.865
1.807
2.069
1.95
2.167
2.081
2.264
2.307
2.243
2.267
2.182
4.669
6.775
3.271
5.774
5.542
7.385
7.092
6.348
7.8
5.621
3.65
1.439
2.249
2.408
4.913
4.712
0.7133
1.877
2.344
4.81
0.563
2.06
2.228
4.224
4.865
0.8606
1.079
2.206
5.029
0.5867
1.825
3.821
2.902
0.6958
2.347
4.773
1.253
1.089
2.448
4.395
0.3551
2.167
4.352
2.252
0.4753
1.761
3.479
2.505
0.4593
0.1774
0.3632
0.09098
1.158
1.73
2.161
2.646
2.454
2.103
2.206
2.695
2.597
2.917
2.869
2.219
1.993
1.599
1.633
1.421
1.511
1.393
1.788
1.555
1.425
1.791
1.55
4.919
6.274
4.169
4.169
8.142
10.28
6.982
5.084
4.303
1.843
0.9552
3.375
3.595
3.662
3.577
3.79
3.119
3.137
3.085
2.908
2.762
2.997
3.284
3.168
3.339
5.188
9.192
9.131
9.827
7.581
6.555
5.072
2.936
0.7874
2.347
2.911
2.853
3.073
3.064
2.826
3.003
3.015
3.03
3.024
2.853
2.921
2.75
2.979
3.125
3.088
8.313
8.704
10.84
8.032
8.264
5.566
2.856
1.398
1.254
1.718
0.227
1.526
0.1476
1.416
0.375
0.3563
0.2045
0.4005
0.1541
1.334
0.156
1.358
0.1444
1.488
0.3143
0.238
0.1648
0.1207
0.09785
0.256
0.2357
0.5447
1.147
0.7126
0.5417
0.1783
0.3078
0.2136
0.9521
0.8911
0.3841
0.1801
0.3754
0.1751
1.089
0.9338
0.856
0.9216
0.8545
0.9705
0.8255
0.3872
0.1553
0.3304
0.1642
1.068
2.487
2.139
2.246
2.853
2.548
2.579
2.6
2.515
2.786
2.734
2.414
2.414
2.31
2.112
1.959
2.573
2.588
4.376
8.997
7.935
10.1
7.3
6.372
4.48
3.589
1.898
0.4951
0.5684
0.3799
0.3212
0.7828
0.4951
0.3899
0.6027
2.335
2.454
2.621
2.618
2.411
2.563
2.341
2.518
2.621
2.512
2.737
2.56
2.478
2.667
2.438
2.515
2.762
2.396
5.237
7.727
7.178
9.216
6.47
6.653
4.291
4.254
1.74
0.8377
0.4112
0.3944
0.856
0.4066
0.1593
0.2747
0.2518
0.4868
0.0005722
0.0
0.0
0.0
0.0
0.0
0.0001907
0.0
0.0
0.0
0.0
0.0
9.537e-05
0.0
9.537e-05
0.0
0.0
0.0
0.0
0.0
0.0
0.0
0.01965
0.8499
0.7301
0.8102
0.4478
0.5577
0.5463
0.6973
