9.009
9.375
16.97
20.68
20.73
19.8
13.01
9.045
14.53
20.46
20.73
20.58
17.6
8.398
6.299
6.262
6.262
6.262
6.262
6.262
6.897
8.765
9.253
15.8
20.58
20.73
19.8
15.01
10.14
18.14
20.7
20.7
19.43
14.23
13.21
15.84
16.63
17.04
17.5
17.7
17.9
18.12
18.24
18.41
16.33
14.77
14.31
13.13
10.83
8.655
8.679
13.35
20.31
20.75
19.92
14.87
13.5
15.97
16.72
17.09
17.5
17.7
17.87
18.12
18.29
18.41
15.87
14.6
13.92
11.52
9.753
9.399
15.06
16.28
16.87
17.36
17.6
17.87
18.16
18.31
18.31
15.06
14.6
12.4
11.74
10.13
9.888
17.87
20.73
20.75
19.24
13.96
8.606
8.655
9.131
9.363
8.887
8.826
8.887
9.082
8.728
13.06
20.09
20.83
20.07
16.36
9.033
13.57
15.87
16.6
17.07
17.48
17.72
17.99
18.24
18.41
16.65
14.62
12.89
11.49
9.961
9.924
16.75
20.51
20.68
19.6
14.06
11.04
15.38
16.26
16.87
17.21
17.55
17.85
17.9
18.29
18.43
16.6
14.62
14.23
13.5
12.35
9.204
9.082
9.924
11.4
19.07
20.7
20.61
16.11
10.86
15.53
16.5
17.02
17.46
17.77
17.99
18.04
18.33
18.29
14.99
14.26
12.84
11.83
8.887
9.387
12.23
19.29
20.68
20.63
19.04
11.27
9.229
9.521
9.363
9.326
16.53
20.63
20.73
20.0
17.94
14.31
6.348
6.262
6.262
6.262
6.262
6.262
6.262
6.262
6.921
9.094
8.704
7.544
9.119
8.752
8.911
9.668
9.57
9.021
8.923
8.997
8.85
8.923
8.936
8.411
6.25
6.262
6.262
6.262
6.262
6.262
6.262
6.262
6.665
8.96
9.119
11.5
19.09
20.7
20.58
18.6
11.02
8.984
9.033
8.948
9.033
8.862
8.911
13.35
19.97
20.7
20.24
13.7
6.567
6.335
6.262
6.262
6.531
8.923
8.936
9.058
9.167
9.045
8.936
9.229
8.972
15.41
20.51
20.73
20.0
15.55
10.51
6.97
6.36
6.262
6.262
6.262
6.262
6.262
6.262
6.262
6.262
8.228
9.485
8.276
9.399
8.777
12.22
19.9
20.73
20.0
13.53
8.923
8.765
14.04
20.36
20.75
19.65
9.937
6.506
6.299
6.262
6.262
6.262
6.262
8.203
8.972
15.38
20.63
20.24
12.55
9.204
10.53
18.09
20.7
20.7
18.38
10.21
8.801
8.691
8.691
6.445
6.372
6.262
6.262
6.262
6.262
6.262
6.262
6.262
7.739
8.716
9.497
17.21
20.73
20.73
16.5
8.948
8.362
8.301
8.313
8.655
8.667
8.887
7.764
6.445
6.335
6.262
6.262
6.262
6.262
6.262
6.262
6.262
6.262
8.105
8.569
8.545
8.569
8.435
7.898
7.983
13.53
20.63
20.83
18.77
7.727
8.948
7.275
6.445
6.335
6.262
6.262
6.262
6.262
6.262
6.262
6.934
8.838
9.717
9.094
19.09
20.75
20.75
19.19
11.76
11.01
19.56
20.75
20.58
15.28
8.826
9.29
16.16
20.65
20.75
20.04
16.67
13.35
16.41
17.07
17.5
17.94
18.19
18.43
18.46
18.75
18.95
19.04
19.21
19.31
19.38
19.38
19.38
19.48
19.58
19.58
19.58
19.6
19.78
19.78
19.9
19.97
19.97
19.97
20.07
20.17
20.17
20.17
20.17
20.24
20.43
20.53
20.53
19.68
16.75
18.82
19.9
20.19
20.14
20.07
19.97
19.56
19.19
18.7
17.99
16.43
15.92
15.43
12.99
8.459
14.72
16.67
17.43
17.92
18.24
18.38
18.7
18.97
19.12
19.19
19.34
19.38
19.38
19.38
19.58
19.58
19.75
19.78
19.78
19.95
19.97
19.97
19.97
20.12
20.14
20.14
20.29
20.31
20.48
20.53
20.53
20.7
20.02
16.72
17.99
19.46
20.43
20.68
20.51
20.41
20.17
20.02
19.6
18.51
17.46
16.09
14.99
13.7
12.77
8.24
8.411
14.92
16.82
17.43
17.82
18.09
18.24
18.41
18.48
18.8
18.97
19.17
19.21
19.29
19.38
19.43
19.58
19.58
19.58
19.63
19.75
19.85
19.97
20.02
20.17
20.17
20.21
20.36
20.43
20.56
20.56
20.56
20.68
16.89
16.89
18.12
19.85
20.48
20.65
20.51
20.04
19.75
19.43
18.99
17.94
17.31
17.24
15.77
7.996
13.96
16.7
17.43
17.92
18.21
18.43
18.68
19.02
19.19
19.34
19.38
19.46
19.58
19.58
19.65
19.78
19.78
19.87
19.97
19.97
20.02
20.17
20.17
20.17
20.17
20.24
20.46
20.53
20.53
20.56
20.56
17.14
17.24
18.48
19.73
20.43
20.73
20.46
19.65
19.19
17.55
16.82
9.082
12.77
16.65
13.87
12.04
11.01
16.43
15.38
13.16
9.888
14.48
16.8
14.11
12.38
12.38
8.74
14.77
16.82
13.04
12.7
9.094
15.43
16.82
12.92
11.99
9.216
15.04
16.63
13.94
12.49
10.28
18.85
18.85
9.802
15.48
17.55
18.24
18.7
19.09
19.34
19.48
19.68
19.78
19.92
20.09
20.12
20.21
20.39
20.61
20.73
18.02
17.8
20.14
20.9
20.85
20.48
19.51
19.17
14.5
11.3
16.89
17.94
18.41
18.92
19.29
19.48
19.58
19.65
19.85
19.97
20.14
20.14
20.26
20.48
20.73
18.65
17.29
19.48
20.73
20.73
20.73
20.73
20.58
20.24
19.29
17.68
16.67
16.38
15.92
13.01
10.93
16.04
16.97
17.43
17.77
18.16
18.24
18.38
18.51
18.75
18.92
19.02
19.12
19.21
19.34
19.41
19.41
19.56
19.58
19.58
19.6
19.78
19.78
19.78
19.95
19.97
19.97
20.12
20.17
20.17
20.17
20.17
20.17
20.34
20.36
20.36
20.51
20.56
20.56
20.56
20.7
17.99
17.02
19.12
20.14
20.14
20.14
20.14
20.14
20.09
19.53
19.38
19.04
18.21
17.31
16.67
16.19
16.11
12.19
9.607
15.04
20.24
20.7
20.58
15.36
10.64
9.241
10.13
10.34
9.094
9.888
10.21
11.45
17.26
12.7
16.77
19.12
19.31
18.9
14.67
10.27
9.009
10.85
9.631
9.79
9.46
9.314
9.424
10.28
9.705
15.45
20.56
20.75
20.7
17.8
9.985
9.387
13.26
19.9
20.7
20.7
18.58
10.75
9.204
9.143
9.57
12.24
19.58
20.7
20.7
19.53
11.94
13.92
16.38
17.04
17.5
17.85
18.19
18.38
18.55
18.7
18.87
19.02
19.21
19.21
19.29
19.41
19.41
19.56
19.58
19.6
19.63
19.78
19.78
19.78
19.85
19.97
19.97
19.97
20.07
20.17
20.17
20.17
20.17
20.17
20.31
20.41
20.56
20.56
20.56
20.65
20.73
18.21
16.85
17.94
19.92
19.95
20.09
20.14
20.14
19.95
19.75
19.75
19.43
18.26
16.06
15.33
15.33
15.19
13.43
7.556
10.31
9.167
