0.1583
0.1169
0.3422
0.161
0.3864
0.5478
0.189
0.1497
0.2277
0.1488
0.3784
0.1261
0.2697
0.1043
0.0
0.0
0.0
0.0
0.0
0.0
0.0
0.0
0.002384
0.1549
0.193
0.1648
0.3212
0.1009
0.1001
0.2758
0.09346
0.1936
0.1625
0.007343
0.02451
0.9903
1.151
1.128
1.247
1.022
1.219
1.105
1.031
1.053
4.596
1.794
1.834
2.011
0.6828
0.131
0.1308
0.1795
0.2464
0.1539
0.1802
0.4036
0.05713
0.1371
0.2056
0.2247
0.1534
0.1335
0.6653
1.26
1.109
1.289
1.015
1.207
1.141
1.204
1.266
4.614
1.376
2.078
1.337
0.6622
0.1696
0.2136
0.1261
0.1415
0.2918
0.1307
0.1703
0.2995
0.3914
0.1318
0.4189
1.009
1.167
1.271
1.117
1.764
2.051
5.127
1.73
2.255
1.062
0.0009537
9.537e-05
0.1415
0.4105
1.312
1.479
1.633
1.764
1.578
4.083
2.472
2.649
1.009
0.09165
1.23
2.011
1.999
1.907
1.862
5.011
1.932
2.42
0.2769
0.6325
0.2327
0.1549
0.3735
0.1198
0.5196
0.4776
0.3082
0.182
0.5272
0.4204
0.1163
0.3197
0.5257
0.009346
1.385
1.968
1.932
2.005
1.987
4.37
2.631
2.576
0.605
0.5638
0.2831
0.1389
0.3029
0.1724
0.4387
0.5402
0.2422
0.2079
0.3445
0.005627
0.3929
0.3757
0.3452
0.5257
1.465
1.337
1.599
1.703
1.524
1.95
4.852
1.749
2.023
0.2907
0.4478
0.4005
0.4372
0.2995
0.1263
0.3208
0.4036
0.1165
0.07696
0.2235
0.3002
0.1633
0.09995
0.09785
0.3319
0.003529
9.537e-05
0.0
0.0
0.0
0.0
0.0
0.2155
0.05188
0.3506
0.1362
0.2644
0.2918
0.2789
0.2434
0.2945
0.2811
0.2827
0.2964
0.2605
0.1667
0.1476
9.537e-05
0.0
0.0
0.0
0.0003815
0.0
0.0
0.0
0.0
0.00658
0.178
0.2399
0.3277
0.238
0.2373
0.1778
0.3166
0.1144
0.09146
0.2232
0.1755
0.2087
0.2365
0.2983
0.0
0.0
0.0
0.0
0.0
0.0
0.0
0.0
0.0
0.003624
0.2022
0.1968
0.1837
0.01183
0.4265
0.1289
0.1135
0.07391
0.2518
0.2045
0.3342
0.06628
0.139
0.112
0.3052
0.008297
0.0001907
0.0
0.0
0.0
0.0
0.0
0.0
0.0
0.1245
0.6165
0.2895
0.08993
0.07105
0.2102
0.1518
0.2258
0.2296
0.1017
0.07648
0.2064
0.1596
0.1509
9.537e-05
0.0
0.0
0.0
0.0
0.0
0.0
0.0
0.0
0.007915
0.2274
0.3136
0.0002861
0.3265
0.2422
0.05713
0.1793
0.1656
0.2026
0.3296
0.4349
0.1333
0.3494
0.1709
9.537e-05
0.0
9.537e-05
0.0
0.0
0.0
0.0
0.0
0.0
0.0
0.0
0.1642
0.0008583
0.1284
0.16
0.00515
0.0
0.0002861
0.0
0.0
0.0
0.0
0.0
0.0
0.0
0.0
0.0
0.0
0.0
0.0
0.0
0.0
0.0
0.0
0.0
0.0
0.0
0.0
0.0
0.0
0.0
0.0
0.0
0.0
0.0
0.0
0.0
0.0
0.0
0.0
9.537e-05
0.0
9.537e-05
0.0
0.0
0.0
0.0
0.01078
0.4562
0.4219
0.09251
0.1101
0.6821
1.547
1.935
2.448
2.432
2.246
2.209
1.993
2.1
2.35
2.148
2.017
1.935
1.776
1.736
1.852
1.767
1.816
1.672
1.843
2.182
1.917
4.712
6.47
2.185
4.877
5.09
6.885
5.011
4.541
5.774
3.717
3.986
1.935
1.091
0.9033
1.648
2.24
2.319
2.267
2.118
2.155
2.213
1.968
2.048
2.545
2.57
2.716
2.704
2.527
2.475
2.435
2.051
2.237
2.075
7.117
4.077
5.017
4.413
6.079
5.28
4.297
6.396
4.041
3.363
2.924
1.761
0.8514
1.544
2.322
2.133
2.139
2.103
2.188
1.978
1.971
1.947
2.072
2.487
2.322
2.054
2.301
2.457
2.277
1.917
1.981
2.319
2.377
5.615
5.939
3.79
7.166
7.385
6.677
6.47
4.706
3.68
2.533
1.402
1.442
2.521
2.609
2.405
2.362
2.258
1.968
1.709
1.569
1.712
1.66
1.987
2.036
2.063
2.38
2.39
2.255
2.377
2.405
2.28
7.251
7.91
6.335
5.505
5.157
6.384
6.299
3.339
3.522
1.678
1.636
0.6569
2.09
1.968
2.246
1.868
1.706
1.657
1.901
1.794
1.956
1.883
2.591
2.24
2.35
2.06
1.999
2.176
1.996
1.874
1.92
3.772
7.739
4.7
4.498
7.227
5.713
5.078
6.128
4.114
3.32
2.884
1.846
0.2186
1.578
1.614
2.014
1.743
1.797
1.721
1.764
1.825
1.611
1.678
1.541
1.366
1.375
1.134
1.149
1.347
1.122
1.111
1.151
1.114
1.093
1.183
1.28
1.393
1.146
1.993
2.704
7.104
7.349
8.594
9.155
7.385
4.291
4.761
1.761
0.9323
1.448
1.746
4.285
1.057
0.0268
1.128
1.462
1.813
5.67
2.817
0.5325
1.324
1.877
3.802
0.6271
1.057
2.292
2.097
2.231
2.271
2.353
2.139
2.457
2.286
2.438
2.469
2.246
2.136
2.014
2.216
2.469
2.527
2.359
5.664
8.252
9.363
8.423
8.667
4.883
4.956
3.156
0.9766
1.012
2.039
2.167
1.712
2.365
2.545
2.432
2.661
2.78
2.615
2.383
2.505
2.359
2.014
1.855
1.712
1.758
1.485
1.477
3.143
7.495
3.333
6.909
6.812
6.274
7.239
5.481
4.144
3.943
2.914
1.999
0.4745
1.465
1.361
1.436
1.308
1.514
1.334
1.389
1.323
1.402
1.279
1.425
1.535
1.39
1.962
3.253
3.119
3.156
3.259
3.104
2.93
3.192
6.763
7.544
9.082
8.167
6.909
5.212
3.955
1.904
0.8026
1.198
1.181
1.077
1.131
1.109
1.161
1.273
0.9872
1.176
1.254
1.271
1.183
1.035
1.164
1.445
1.436
1.62
1.77
2.731
2.573
2.063
2.054
1.938
1.859
1.855
1.617
1.562
3.067
10.44
5.743
8.63
5.328
6.75
6.458
3.522
4.669
2.875
2.017
1.006
0.7103
1.057
0.7401
0.4684
1.27
0.2129
1.448
0.769
0.7103
0.753
0.3571
0.1965
0.3338
0.3605
0.1751
0.3689
0.5028
0.9323
0.8392
0.7317
2.686
2.368
2.493
2.466
2.512
2.151
2.313
2.133
2.1
2.045
2.066
2.087
2.014
2.487
2.365
2.417
2.054
2.621
2.472
8.459
7.239
8.606
7.751
8.276
5.121
4.358
1.837
1.456
0.4486
0.4684
0.3296
0.1181
0.1652
0.3242
0.4471
0.7729
2.316
2.591
2.744
2.625
2.82
2.377
2.472
2.649
2.753
2.209
1.727
1.501
1.405
1.314
1.297
1.436
1.373
1.376
2.081
2.698
2.594
2.393
4.614
8.545
4.858
8.276
6.799
6.152
5.133
3.418
3.351
2.731
1.941
1.7
0.7301
0.5913
0.2895
0.285
0.3929
0.3857
0.3269
0.1547
0.2735
0.1276
0.0009537
0.0001907
0.0
0.0003815
0.0
0.0
0.0
0.0
0.0
0.0
0.0
0.0
0.0
0.0003815
0.0
0.0
0.0
0.0
0.0
0.0
0.0
9.537e-05
0.06466
0.8453
1.161
0.2636
0.2068
0.1007
0.06247
0.2106
