0.02604
0.02604
0.02604
0.02346
0.02604
0.02604
0.02861
0.02346
0.02604
0.02346
0.02604
0.02346
0.02346
0.02346
0.02604
0.02604
0.02604
0.02346
0.02604
0.02604
0.02604
0.02604
0.02861
0.02604
0.02861
0.02346
0.02604
0.02346
0.02604
0.02346
0.02604
0.02346
0.02604
2.444
17.07
26.66
25.83
25.54
25.59
33.5
28.22
22.56
26.22
22.0
12.52
21.0
23.12
23.0
26.07
27.64
26.76
24.46
25.98
28.66
15.01
13.23
14.14
1.175
16.33
22.83
22.58
18.97
11.65
22.12
25.39
28.03
30.81
31.4
25.44
23.39
23.63
17.31
16.31
13.45
15.01
16.33
16.97
18.55
19.21
16.63
19.51
20.12
19.7
12.87
13.75
10.8
19.43
21.95
24.32
26.61
24.9
24.73
21.97
35.25
26.76
23.46
32.86
21.97
20.41
38.53
38.62
38.33
33.45
36.18
22.46
19.8
14.06
37.35
39.79
37.45
35.35
35.11
31.79
12.52
39.26
38.82
38.43
33.74
37.99
29.69
19.17
18.68
18.58
18.9
12.5
18.75
16.5
19.07
14.01
20.9
20.43
20.39
9.619
40.19
40.23
40.14
34.77
39.5
23.46
22.19
40.67
41.5
41.75
34.62
31.98
14.77
1.66
4.175
9.021
38.38
40.82
40.82
35.89
39.75
28.52
31.35
36.28
14.53
17.26
23.8
39.75
39.45
34.62
36.82
21.75
16.75
21.39
20.17
26.12
31.74
23.83
16.28
32.37
31.59
1.77
0.6149
0.07296
0.02604
0.03128
0.02604
0.02604
0.02604
0.03128
0.02604
0.02604
0.02604
0.02604
0.02604
0.02604
0.02604
0.02604
0.02604
0.02604
0.02604
0.03128
0.02079
0.03128
0.02604
0.02604
0.02604
0.03128
0.02604
0.02604
0.02604
0.02604
0.02604
0.03128
0.02079
0.03128
0.02604
0.03128
0.02604
0.02604
0.02604
0.03128
0.02604
0.03128
0.02079
0.03128
0.02604
0.02604
0.02604
0.03128
0.02604
0.03128
0.02604
0.03128
0.02604
0.03128
0.02604
0.03128
0.02604
0.03128
0.02604
0.03128
0.02604
0.03128
0.02604
0.03128
0.02604
0.02604
0.02604
0.03128
0.02604
0.02604
0.02604
0.03128
0.02079
0.03128
0.02604
0.02604
0.02604
0.02604
0.02604
0.02604
0.02604
0.02604
0.03128
0.02604
0.02604
0.02604
0.02604
0.03128
0.02604
0.02604
0.02604
0.02604
0.02604
0.03128
0.02604
0.03128
0.02604
0.03128
0.02604
0.02604
0.02604
0.03128
0.02604
0.02604
0.02604
0.02604
0.02079
0.03128
0.02604
0.02604
0.02604
0.02604
0.02604
0.03128
0.02079
0.02604
0.02604
0.03128
0.02604
0.02604
0.03128
0.02604
0.02604
0.02604
0.02604
0.03128
0.02604
0.02604
0.02604
0.03128
0.02604
0.02604
0.02604
0.03128
0.02604
0.02604
0.02079
0.03128
0.02604
0.02604
0.02604
0.02604
0.02604
0.02604
0.02079
0.02604
0.02604
0.02604
0.02604
0.02604
0.02604
0.02604
0.02604
0.02604
0.02079
0.03128
0.02079
0.03128
0.02604
0.02604
0.02604
0.02604
0.02604
0.02604
0.02604
0.02604
0.02079
0.02604
0.02604
0.02604
0.02604
0.02604
0.02604
0.02604
0.02604
0.02604
0.02604
0.02604
0.02604
0.03128
0.02079
0.02604
0.02604
0.02079
0.02604
0.02604
0.02079
0.02604
0.02604
17.14
37.5
37.74
37.45
37.16
39.11
38.77
36.47
41.89
38.33
40.04
41.16
39.7
38.92
38.62
38.38
30.13
44.09
43.85
38.82
36.18
35.06
18.99
29.35
41.85
37.55
42.19
22.56
34.96
36.57
0.0
24.51
34.67
38.04
41.46
40.04
38.38
35.11
36.13
35.79
34.08
33.94
33.11
33.15
32.57
32.42
31.79
19.97
19.75
23.34
26.27
28.61
34.91
30.37
26.46
31.15
17.72
36.57
40.43
39.21
38.67
39.31
41.26
40.33
40.19
38.38
36.28
34.28
33.94
39.55
39.75
39.26
17.75
41.65
40.92
40.82
37.16
34.47
33.5
9.863
38.13
40.04
39.31
40.38
40.04
40.62
39.21
39.7
40.09
39.79
39.65
38.28
33.98
37.3
33.11
21.8
38.18
40.14
40.62
34.33
34.72
33.11
16.02
37.45
35.69
34.23
33.4
35.89
38.82
39.55
37.79
38.18
37.99
38.18
38.57
39.94
38.67
36.67
24.9
37.55
38.77
38.13
35.3
33.06
33.11
17.24
4.578
36.28
37.4
36.72
37.21
35.35
32.62
33.11
31.64
31.64
31.79
33.74
36.62
38.33
38.18
37.55
38.62
35.89
24.95
40.48
40.14
38.96
32.76
32.67
30.91
9.497
0.2869
5.511
19.09
18.75
19.31
20.53
20.87
21.14
21.36
30.37
38.04
38.48
37.11
36.23
37.65
38.38
38.77
38.96
39.6
39.21
37.94
23.83
40.97
37.99
35.64
32.03
33.01
33.01
17.55
19.38
37.74
39.01
37.3
37.65
38.43
37.4
38.62
38.28
37.99
36.33
36.47
35.99
35.3
35.99
38.23
26.81
36.13
38.43
37.79
36.43
32.37
34.86
27.98
20.75
38.87
39.31
34.81
36.13
25.29
32.52
26.12
19.8
38.48
34.18
35.6
23.97
37.79
31.4
36.08
7.739
35.21
38.43
36.72
36.82
34.18
36.87
39.36
38.62
38.57
38.92
38.96
36.82
37.35
38.43
37.79
37.5
23.97
40.87
42.53
38.77
34.62
33.4
33.74
13.31
11.07
39.7
38.13
39.01
39.16
37.74
39.6
38.48
38.04
35.64
34.38
33.79
32.62
30.71
30.08
30.03
30.32
26.86
15.31
15.89
16.75
17.04
20.36
22.34
23.63
23.12
22.31
24.56
26.56
23.66
26.42
40.33
40.28
38.96
39.26
39.75
40.77
38.33
38.04
40.62
41.41
40.92
41.36
40.67
41.16
26.42
37.35
40.82
39.5
36.23
35.94
35.5
12.34
38.38
40.28
38.87
35.84
33.06
29.83
27.29
24.0
22.27
17.04
15.45
15.62
16.26
15.77
16.28
20.07
21.44
21.83
23.29
23.44
22.12
23.27
36.67
26.37
37.4
43.31
43.36
37.74
34.33
33.01
14.82
23.75
22.14
19.17
23.17
22.71
37.3
37.5
36.47
36.87
37.06
37.79
33.15
31.59
32.42
32.52
36.04
32.37
30.62
33.01
31.49
31.74
18.48
19.14
22.66
24.37
24.78
24.32
24.61
25.78
29.98
29.2
17.99
17.9
15.45
15.11
14.45
15.92
13.67
13.62
17.07
16.87
12.92
36.82
33.3
32.67
38.77
38.18
38.23
38.57
38.48
37.55
37.21
37.01
37.16
38.67
35.64
38.23
39.11
23.85
39.21
38.96
36.38
34.96
32.32
31.49
24.98
19.12
24.61
30.76
33.79
24.8
19.14
15.33
22.12
33.74
32.23
17.97
18.46
15.21
13.62
27.2
33.59
23.46
20.14
24.83
32.91
30.91
13.35
18.63
0.5104
0.1432
0.02995
0.02737
0.02604
0.02737
0.0247
0.02737
11.19
18.6
24.85
32.62
23.12
24.49
34.72
20.63
0.8209
0.3712
0.02346
0.02737
0.0247
0.02737
0.0247
0.02737
0.02604
0.02604
0.0247
0.02861
0.02604
0.02861
0.02604
0.02861
0.0247
0.02737
0.0247
0.02737
0.0247
0.02737
0.0247
0.02737
0.02604
0.02737
0.0247
0.02604
0.02604
0.02737
0.0247
0.02737
0.02604
0.02861
0.02604
0.02861
0.02604
