6.024
6.024
6.024
6.024
6.024
6.024
6.024
6.024
6.024
6.024
6.024
6.024
6.024
6.024
6.024
6.024
6.024
6.024
6.024
6.024
6.024
6.024
6.024
6.024
6.024
6.024
6.024
6.024
6.024
6.024
6.024
6.024
6.024
9.07
14.89
16.38
17.24
17.72
18.04
17.9
14.87
14.45
12.17
11.22
8.521
13.75
16.43
17.33
17.85
18.33
16.7
14.48
13.57
8.582
8.679
16.38
20.83
17.85
8.923
8.691
8.545
8.716
14.33
16.02
16.77
17.36
17.77
18.21
17.21
14.99
13.7
12.08
9.583
8.606
8.496
8.618
8.337
8.936
12.96
15.84
16.63
17.16
17.55
17.92
18.24
15.31
14.06
12.52
8.887
15.48
16.92
17.65
18.09
15.58
13.99
11.87
8.569
9.045
8.582
9.021
18.55
20.34
14.06
14.75
16.67
17.46
17.97
17.09
14.84
13.48
9.058
14.16
16.87
17.65
18.09
16.58
13.48
11.02
9.167
9.229
9.265
15.65
17.02
17.63
18.19
16.72
14.16
12.62
9.436
18.29
20.7
18.24
12.5
20.34
19.53
12.52
15.36
16.94
17.7
18.12
17.24
15.16
13.84
9.204
9.29
11.99
20.48
19.09
11.23
9.021
9.07
8.997
9.265
9.302
11.52
20.53
19.73
14.06
13.45
16.19
16.99
17.58
17.92
18.24
16.82
14.99
13.96
12.62
9.009
9.326
8.521
9.021
8.948
8.716
8.96
8.899
7.3
8.911
8.691
8.887
8.154
8.899
8.936
8.484
6.213
6.219
6.219
6.219
6.219
6.219
6.219
6.219
6.384
8.582
7.715
7.996
14.6
20.75
19.24
13.11
6.421
6.244
6.219
6.885
16.63
20.73
16.67
6.995
6.433
6.219
6.219
6.219
6.219
6.219
6.219
6.219
6.219
6.219
6.219
6.219
8.618
8.545
7.471
9.045
6.213
8.276
6.226
6.213
6.219
6.219
6.219
6.219
6.219
6.219
6.219
6.219
6.219
6.219
6.219
6.219
6.219
6.219
8.411
6.219
6.219
6.226
8.35
6.219
6.219
6.219
7.117
9.082
8.325
6.238
6.219
6.219
6.219
6.219
6.219
6.219
6.219
6.219
6.219
6.219
6.219
6.219
6.219
6.219
6.219
6.219
6.219
6.219
6.219
6.219
6.219
7.861
6.689
8.606
6.213
6.219
6.219
6.219
6.219
6.219
6.219
6.219
6.219
6.219
6.531
8.337
9.314
8.374
8.179
7.214
8.545
6.244
6.219
6.219
6.219
6.219
6.219
6.219
6.219
6.219
6.219
6.219
6.219
6.219
6.219
6.219
6.219
6.219
6.219
6.219
6.219
6.219
6.219
6.219
6.219
6.219
6.219
6.219
6.219
6.219
6.219
6.219
6.219
6.219
6.219
6.219
6.219
6.219
6.219
6.219
6.219
6.219
6.219
6.219
6.219
6.219
6.219
6.219
6.219
6.219
6.219
6.219
6.219
6.219
6.219
6.219
6.219
6.219
6.219
6.219
6.219
6.219
6.219
6.219
6.219
6.219
6.219
6.219
6.219
6.946
8.691
0.0
7.471
8.203
7.458
8.154
7.483
7.996
9.363
20.31
20.14
10.02
14.77
16.53
17.24
17.65
18.07
18.36
18.53
14.6
5.908
13.35
16.31
8.496
11.07
15.77
16.55
17.07
17.55
17.97
18.16
18.36
18.53
18.68
18.75
18.92
18.95
19.02
19.21
19.34
19.38
19.51
16.26
16.24
16.77
18.33
17.58
17.58
17.41
16.77
15.7
15.7
15.14
8.667
14.55
16.16
16.94
17.33
17.72
17.99
18.19
18.31
18.38
18.53
18.58
18.75
18.77
18.82
18.97
18.97
19.14
19.19
19.21
19.38
19.56
19.56
18.16
16.31
16.82
19.04
20.07
20.07
20.07
19.87
17.99
15.8
14.5
11.43
12.04
15.99
16.92
17.29
17.7
18.07
18.21
18.36
18.46
18.58
18.75
18.85
18.97
18.99
19.14
19.14
19.38
19.53
19.48
16.43
16.97
19.58
19.87
19.87
19.8
18.68
18.58
18.09
12.49
12.21
15.6
16.58
17.19
17.48
17.92
18.24
18.36
18.55
18.68
18.82
18.95
19.04
19.14
19.14
19.41
19.53
19.7
18.09
16.24
17.48
19.8
20.46
20.26
19.87
18.12
18.02
17.87
11.65
13.7
16.16
17.02
17.38
17.75
18.09
18.19
18.38
18.53
18.58
18.63
18.8
18.95
18.95
19.07
19.14
19.34
19.46
19.58
19.73
19.73
18.36
17.24
17.43
17.85
17.63
17.55
17.58
17.5
17.24
17.24
17.07
16.87
10.34
13.5
16.16
16.89
17.36
17.65
17.97
18.19
18.38
18.41
18.58
18.68
18.82
18.95
19.07
19.17
19.14
19.17
19.34
19.41
19.58
19.73
17.97
17.26
19.34
20.43
20.26
20.29
20.31
19.31
19.19
18.92
18.8
9.509
14.82
16.11
16.8
17.24
17.38
17.68
17.99
18.19
18.26
18.43
18.58
18.6
18.77
18.77
18.95
18.99
19.14
19.14
19.14
19.24
19.34
19.46
19.53
19.53
18.24
16.48
17.36
19.38
19.48
19.51
19.51
19.41
18.33
16.77
16.19
11.49
13.99
16.16
16.89
17.19
17.38
17.9
18.09
18.19
18.36
18.38
18.38
18.41
18.58
18.58
18.58
18.68
18.77
18.77
18.77
18.92
18.97
19.04
19.17
19.17
19.17
19.17
19.31
19.48
19.73
18.33
17.02
20.24
20.65
20.65
20.43
19.8
18.24
17.07
9.485
15.55
16.77
17.41
17.87
18.19
18.36
18.51
18.63
18.92
18.97
19.12
19.14
19.14
19.24
19.34
19.36
19.53
19.68
19.65
19.75
19.58
16.48
16.72
18.9
19.7
19.7
19.7
19.7
19.7
19.73
19.26
17.97
17.55
17.43
17.43
17.43
17.21
10.52
13.4
10.75
8.142
11.24
9.607
11.39
15.97
18.82
19.14
18.04
13.92
11.76
9.998
10.58
8.862
11.78
15.97
16.97
17.43
17.9
18.26
18.43
18.58
18.7
18.85
18.99
19.14
19.29
19.34
19.36
19.41
19.7
19.73
19.82
17.97
18.48
20.63
20.65
20.68
20.68
19.95
19.58
19.58
19.58
19.38
9.583
8.862
9.143
8.752
9.216
8.557
15.43
16.8
17.41
17.87
18.24
18.43
18.55
18.75
18.82
19.04
19.34
19.34
19.43
19.6
19.82
19.92
19.24
16.87
18.85
20.83
20.85
20.0
17.87
17.04
16.92
10.73
8.289
13.82
20.63
18.9
10.67
19.48
20.14
15.67
14.62
20.26
18.14
8.777
5.566
5.438
8.716
8.801
8.752
8.984
8.911
8.594
8.813
8.936
8.972
8.862
8.85
8.85
7.739
17.04
20.31
17.55
15.97
9.277
7.617
9.131
16.33
19.56
17.53
8.984
5.603
5.438
5.438
5.438
5.438
5.438
5.438
5.438
5.438
5.438
5.438
5.438
5.438
5.438
8.533
8.972
8.801
10.08
9.656
8.716
9.68
9.68
15.65
19.56
19.9
