20.39
15.7
9.192
9.033
9.045
8.74
8.948
9.058
8.63
8.96
9.106
8.899
8.74
8.411
19.46
20.43
9.827
6.873
6.604
7.996
8.728
8.63
13.04
20.46
20.41
18.26
9.253
8.728
8.655
9.497
8.777
8.826
8.911
8.789
9.033
8.704
8.911
8.923
14.5
16.75
17.8
18.38
18.33
15.94
14.36
10.72
11.91
20.78
19.68
13.28
9.021
9.106
12.44
20.8
19.24
10.23
15.28
20.8
20.14
13.13
9.033
8.984
12.5
16.82
17.87
18.48
18.12
15.55
13.87
10.51
8.521
8.777
8.838
8.411
8.777
8.923
8.679
8.875
11.72
20.7
20.26
17.7
9.326
8.887
8.923
9.619
19.87
20.43
15.38
15.33
16.85
17.5
18.14
18.65
16.46
14.62
11.8
9.131
18.43
20.78
18.7
10.53
9.082
9.058
9.119
9.229
15.65
20.8
17.43
14.38
20.8
19.48
14.94
16.65
17.75
18.41
18.19
15.75
13.62
10.53
18.95
20.39
13.84
20.02
19.85
13.77
9.399
9.302
9.973
9.143
10.27
14.4
20.8
15.99
17.09
20.48
12.32
13.65
16.89
17.9
18.48
16.72
14.01
10.74
9.106
9.619
17.94
20.31
16.28
10.63
11.44
20.68
17.92
9.216
9.094
9.021
9.521
9.631
12.45
16.97
17.97
18.46
17.72
14.79
11.74
9.338
9.119
9.302
9.167
9.497
17.16
20.51
17.36
12.01
20.7
19.63
13.99
9.326
9.058
10.25
20.04
19.12
6.982
6.738
6.604
6.604
6.604
6.604
6.604
8.264
8.85
9.143
8.936
9.009
9.241
9.119
8.374
8.545
13.23
20.8
18.7
16.14
20.75
19.24
12.5
7.288
6.604
6.604
6.604
6.604
6.604
6.604
6.604
8.484
8.875
8.923
9.094
8.972
9.155
8.997
9.644
18.85
20.61
13.45
10.39
19.87
20.34
10.49
8.899
7.922
6.604
6.604
6.604
6.604
6.604
6.604
6.604
8.215
9.07
8.789
9.644
18.07
20.46
12.52
9.119
9.338
9.131
11.45
20.48
20.39
12.96
17.24
20.85
20.58
12.52
7.178
6.665
6.604
6.604
6.604
6.885
8.447
8.801
13.38
20.48
20.8
14.48
9.668
12.57
20.41
20.75
14.16
15.6
20.83
20.09
11.66
9.18
7.141
6.604
6.604
6.604
6.604
6.604
6.604
6.604
8.936
11.77
20.78
15.14
9.741
16.97
20.41
11.45
12.62
20.8
16.92
9.253
9.265
9.265
8.826
8.923
9.045
6.604
6.604
6.604
6.604
6.604
6.604
6.604
6.934
9.412
19.51
19.21
9.07
9.448
18.8
20.46
10.17
8.85
9.119
19.07
20.36
9.387
9.253
10.94
20.63
17.19
7.092
6.75
6.604
6.604
6.604
6.604
6.604
10.23
20.34
20.36
13.11
8.911
15.19
20.83
20.46
12.62
8.899
16.09
20.83
17.68
9.192
9.949
17.99
20.85
20.24
10.18
7.263
6.726
6.604
6.604
7.41
9.473
9.29
9.521
8.472
9.387
15.97
20.85
20.85
16.28
9.363
9.68
9.436
10.69
16.11
17.09
17.53
17.99
18.29
18.41
18.6
19.02
19.29
19.48
19.53
19.7
19.75
19.92
19.97
20.12
20.12
20.12
20.29
20.31
20.36
20.7
20.7
20.68
18.77
20.7
20.85
20.29
20.07
18.55
18.14
17.8
13.55
13.79
16.82
17.58
18.16
18.51
18.68
18.97
19.24
19.36
19.58
19.73
19.9
20.02
20.12
20.26
20.31
20.51
20.68
20.7
20.7
19.04
20.85
20.85
20.75
20.29
18.73
18.53
18.19
10.44
15.8
17.43
18.19
18.48
18.73
19.17
19.36
19.48
19.68
19.73
19.9
20.0
20.12
20.17
20.39
20.53
20.7
20.36
19.38
20.8
20.8
20.8
18.68
17.41
17.26
11.22
16.26
17.85
18.46
18.95
19.31
19.51
19.68
19.8
19.92
20.12
20.24
20.29
20.39
20.68
20.68
19.41
20.21
20.85
20.63
20.34
17.04
16.26
14.06
13.21
17.43
18.31
18.75
19.17
19.43
19.56
19.73
19.92
19.97
20.14
20.29
20.36
20.48
20.56
20.75
20.8
18.36
20.12
20.85
20.8
20.29
19.6
17.63
17.31
15.11
10.75
16.85
17.99
18.58
19.04
19.38
19.53
19.73
19.87
19.92
20.07
20.17
20.31
20.31
20.48
20.61
20.7
20.7
20.58
18.9
20.85
20.85
20.73
20.51
18.48
16.11
16.06
13.26
13.13
16.5
17.36
17.92
18.33
18.53
18.68
18.95
19.24
19.36
19.43
19.56
19.65
19.75
19.75
19.85
19.92
19.92
20.04
20.17
20.29
20.43
20.58
20.68
19.29
19.8
20.83
20.39
20.24
18.41
17.8
15.92
13.38
16.53
16.67
14.01
12.62
11.5
16.6
14.67
11.74
12.92
16.94
14.31
11.73
13.55
16.7
13.31
10.12
14.7
17.75
18.53
18.92
19.38
19.53
19.7
19.87
20.04
20.14
20.29
20.43
20.56
20.75
20.83
20.12
18.97
20.78
20.75
20.75
19.63
18.43
18.31
11.33
15.28
17.85
18.63
19.07
19.46
19.65
19.85
20.0
20.07
20.12
20.21
20.31
20.39
20.51
20.65
20.7
20.7
19.38
19.6
20.51
20.65
20.87
20.87
20.78
20.68
19.87
17.38
16.94
16.65
11.8
14.72
17.02
17.72
18.24
18.48
18.68
18.92
19.19
19.36
19.51
19.56
19.58
19.75
19.75
19.85
19.95
19.95
20.07
20.14
20.14
20.24
20.34
20.31
20.31
20.41
20.65
20.83
20.24
18.33
20.8
20.58
19.85
18.8
17.24
16.82
12.24
16.04
17.85
18.48
18.8
19.29
19.46
19.63
19.73
19.73
19.75
19.92
19.92
20.09
20.12
20.21
20.31
20.31
20.43
20.56
20.7
20.7
19.58
19.58
20.65
20.85
20.85
20.73
18.9
17.87
17.6
11.23
9.753
11.52
11.07
10.06
10.07
11.47
9.998
17.87
20.61
13.31
15.43
20.83
15.6
10.33
13.38
20.78
18.19
11.22
16.63
17.85
18.55
18.95
19.29
19.51
19.7
19.8
19.92
19.97
20.12
20.19
20.31
20.39
20.51
20.56
20.68
20.73
18.6
20.8
20.83
20.83
20.85
18.19
17.6
17.53
13.45
9.521
9.436
10.17
9.229
10.27
9.448
9.265
9.9
10.24
9.558
9.436
9.717
10.08
12.89
12.89
19.92
20.8
19.12
9.717
9.473
9.436
14.99
20.73
20.85
19.04
9.949
15.55
20.83
17.82
15.06
20.83
19.17
11.93
18.48
20.51
15.43
8.618
9.448
9.351
9.595
9.644
10.64
10.14
16.38
20.34
10.17
9.094
9.351
9.216
9.583
12.96
20.75
13.82
9.363
7.739
6.799
6.75
6.604
6.604
6.604
6.604
6.604
6.604
6.604
6.604
6.604
6.604
6.604
6.604
6.604
6.604
6.604
6.604
6.604
6.604
9.656
9.753
9.644
9.863
9.961
10.85
9.875
9.338
9.961
10.05
