0.317
0.1869
0.2354
0.1678
0.1692
0.3212
0.05569
0.1158
0.238
0.2251
0.1764
0.1642
0.2239
0.2392
0.1093
0.06809
0.2792
0.1587
9.537e-05
0.1362
0.1324
0.1493
0.3052
0.2178
0.2888
0.1625
0.1566
0.2842
0.1654
0.1545
0.1547
0.1644
0.1865
0.2369
0.5226
0.1385
0.2563
0.1286
0.9033
1.154
1.43
1.968
2.567
2.759
7.336
4.181
1.009
0.211
0.2186
0.2064
0.1249
0.3197
0.1701
1.044
2.765
2.859
2.997
6.458
4.944
1.344
0.1562
0.1354
1.877
2.948
2.591
2.686
6.836
4.291
1.015
0.1795
0.3426
0.3769
0.1507
0.399
0.3757
0.3487
0.1936
1.88
2.472
2.707
4.297
6.445
2.234
0.4219
1.682
1.581
1.855
1.874
6.787
5.298
0.486
1.697
2.536
1.917
2.295
6.921
4.327
0.6927
0.1902
0.1703
0.1755
1.305
1.965
3.033
2.429
5.914
4.541
0.7362
0.5875
0.3624
0.4646
2.954
3.101
3.241
6.073
5.115
0.972
0.5486
0.444
0.5241
0.2773
0.3513
0.3506
0.2003
0.3708
0.4036
0.6035
0.5951
0.4265
0.1759
0.3574
0.531
0.473
0.428
0.9598
2.2
2.39
2.109
4.382
6.543
3.217
0.4112
0.4463
0.2018
0.3349
0.4578
0.3757
0.3769
0.4936
0.3784
0.6165
0.4692
0.2857
0.2544
0.4601
0.1787
0.3548
0.3616
0.4265
2.35
2.664
2.689
5.438
5.005
1.73
0.309
0.5882
0.3998
0.7744
0.5096
0.3944
0.2007
0.4745
0.5928
0.388
0.3704
0.1429
0.3258
0.415
0.4272
0.3349
0.3841
0.1007
0.1242
0.1081
0.2563
0.08669
0.0009537
0.00515
0.2277
0.2106
0.2541
0.4288
0.1339
0.104
0.06313
0.2052
0.2411
0.3029
0.3765
0.08993
0.09527
0.09422
0.2445
0.3674
0.1574
0.09632
0.0845
0.211
0.1804
0.0003815
0.0003815
0.005054
0.2151
0.312
0.2934
0.2956
0.09937
0.06399
0.1162
0.2808
0.354
0.04539
0.1093
0.08259
0.2846
0.1745
0.2132
0.2094
0.2399
0.03433
0.0
9.537e-05
0.0
0.0
0.0
0.01793
0.5302
0.1877
0.172
0.1041
0.4135
0.1711
0.1236
0.06514
0.1825
0.2506
0.2136
0.1898
0.1854
0.173
0.5272
0.6447
0.3483
0.05341
0.1247
0.08764
0.2808
0.102
0.0
0.1535
0.2197
0.1083
0.07534
0.2449
0.1566
0.7889
0.3677
0.1202
0.07935
0.2396
0.2338
0.7614
0.1837
0.3246
0.07544
0.1108
0.1568
0.2407
0.02289
0.0
0.0
0.0
9.537e-05
0.00515
0.2563
0.1976
0.2384
0.1219
0.3098
0.3242
0.2934
0.2983
0.04139
0.09689
0.04911
0.1394
0.2922
0.4097
0.2941
0.1476
0.1379
0.0
0.0002861
0.0
0.0002861
0.0
0.0
0.0
0.2499
0.1165
0.09766
0.06723
0.1694
0.2544
0.4448
0.1766
0.4288
0.3895
0.425
0.1684
0.3471
0.1329
0.09365
0.05674
0.08917
0.3357
0.01478
0.0002861
0.0001907
0.0
0.0
0.0
0.00906
0.3853
0.1884
0.1276
0.07277
0.2064
0.1968
0.12
0.209
0.1518
0.1156
0.1976
0.1095
0.1081
0.309
0.1314
0.0802
0.06418
0.1245
0.2674
0.03157
0.0006676
9.537e-05
0.0
0.03128
0.2247
0.8209
0.5592
0.1829
0.1373
0.1186
0.08516
0.8667
1.239
1.357
1.259
1.137
1.218
1.247
1.48
1.309
1.224
1.862
1.761
1.401
1.332
1.352
1.376
1.575
1.517
1.239
1.456
1.746
2.322
1.41
1.923
2.313
1.816
1.288
1.41
6.384
11.43
10.68
7.471
9.998
7.605
9.961
3.357
5.212
2.554
2.438
1.112
0.9125
0.972
1.079
1.422
1.95
2.237
1.907
1.746
1.74
2.322
1.874
1.602
2.423
2.042
1.682
1.366
1.161
1.749
1.953
1.624
1.962
1.978
1.512
1.581
1.755
3.455
5.994
4.974
8.02
8.704
8.862
9.875
4.7
7.788
4.84
4.089
3.107
1.517
1.965
0.1017
0.914
0.9155
1.312
1.436
2.148
2.063
1.402
1.143
1.254
1.204
1.285
1.184
0.9583
0.9491
1.187
1.163
1.082
0.9567
1.213
1.025
1.089
1.1
1.135
1.193
1.135
1.144
0.9705
0.9567
1.015
1.015
1.007
0.9918
1.004
1.077
1.067
1.134
1.06
2.753
7.117
5.023
5.084
6.079
6.097
7.214
6.519
8.142
4.602
7.544
4.23
4.333
3.381
2.1
2.228
1.88
0.5516
0.9048
0.9506
1.155
1.167
1.213
1.137
1.129
1.172
1.073
0.9567
0.8972
1.047
1.06
1.039
1.044
0.9766
1.114
1.474
1.062
1.001
1.175
1.314
1.268
1.274
1.251
1.202
1.152
1.218
1.396
1.207
1.086
0.9888
0.9277
0.9613
1.028
1.083
1.126
1.538
1.169
1.367
1.303
5.798
6.909
3.809
6.433
5.127
7.666
7.886
6.677
6.628
5.603
3.363
4.602
2.817
2.145
1.617
1.73
0.8301
0.8774
0.8102
0.9323
0.9109
0.9872
2.744
3.558
2.167
1.657
1.755
0.3815
0.8072
1.122
0.7553
0.9476
1.004
1.045
3.723
3.693
1.901
1.584
1.399
0.1696
0.8453
0.7645
0.9583
0.9583
2.783
2.277
1.517
1.3
0.219
0.1448
0.09022
0.08593
0.1417
0.2983
0.317
0.7408
1.149
0.9186
3.162
2.85
1.138
1.363
0.2777
0.1507
0.08574
0.2441
0.2075
0.0001907
9.537e-05
1.111
1.886
2.942
2.283
1.974
2.06
2.264
2.472
2.072
1.544
1.675
1.381
1.151
1.453
1.399
1.395
1.382
1.183
1.369
1.157
1.468
1.39
1.221
1.215
1.202
1.189
1.303
1.462
1.572
1.66
1.343
1.212
6.604
7.446
4.712
10.45
10.64
8.203
6.86
7.507
3.766
2.188
2.515
3.241
0.618
2.435
2.115
1.807
2.264
2.225
1.855
1.996
2.271
2.267
2.097
1.825
1.541
1.733
1.48
1.666
1.562
1.527
1.752
1.132
1.132
0.9521
1.151
1.344
1.12
1.125
1.222
1.208
1.376
1.73
1.424
1.387
1.271
5.92
6.287
6.335
4.901
8.472
9.167
7.166
6.262
8.777
4.761
2.682
1.987
1.488
1.819
0.8759
0.7919
0.1207
0.2644
0.07277
0.1032
0.06781
0.182
0.2262
0.2213
1.712
1.947
2.957
3.296
2.213
2.728
2.777
2.567
2.924
3.143
2.917
2.078
2.219
2.231
1.709
2.106
2.359
3.186
2.74
2.289
3.784
7.983
9.802
9.619
8.02
9.351
5.127
7.495
4.926
4.004
3.424
0.8575
0.7828
0.4242
0.2609
0.6577
1.105
0.6836
0.7088
0.7187
0.5493
0.3113
2.261
2.652
2.432
2.231
1.733
1.855
2.084
2.405
1.73
2.219
1.868
2.484
2.591
2.017
2.295
2.762
1.459
1.703
1.883
1.422
1.581
2.072
6.323
7.251
5.334
14.77
8.679
8.63
5.402
6.75
4.675
3.21
3.174
3.143
0.03576
0.5783
0.3204
0.3899
0.3628
0.1148
0.5051
0.2846
0.1482
0.2541
0.3338
0.6042
0.1282
0.09575
0.3326
0.2693
0.3849
0.2392
0.1131
0.0
0.0
0.0
9.537e-05
0.0
0.0
0.0
0.0
0.0
0.0
0.0
0.0
0.0
0.0001907
0.0
0.0
0.0
0.0
0.0
0.007915
0.8194
1.088
0.1905
0.6676
0.6378
1.024
0.5714
0.2968
0.08249
0.07458
