17.38
17.19
18.82
17.65
19.43
19.9
17.65
19.36
18.92
18.7
19.02
18.77
19.38
20.09
16.41
16.04
17.04
15.26
19.92
19.46
19.07
18.36
18.33
17.99
18.82
18.82
17.82
15.87
16.26
17.82
18.33
18.85
18.7
18.92
20.12
19.21
19.26
18.04
18.07
18.19
17.02
16.14
18.16
18.6
19.6
19.82
23.34
19.12
18.82
21.51
17.41
14.53
16.48
17.41
18.29
14.87
16.14
16.63
16.53
18.9
15.33
15.5
17.09
18.65
20.17
19.34
17.58
15.62
13.84
13.43
16.09
16.26
15.55
16.8
15.16
17.48
15.33
15.89
17.36
15.31
15.04
16.24
17.58
16.8
17.16
15.14
16.5
15.65
14.55
16.16
18.24
15.72
16.26
15.89
15.19
15.55
16.77
19.6
17.82
17.68
15.62
16.8
16.85
16.11
17.65
17.04
16.82
15.33
15.23
16.38
15.82
16.89
16.24
18.41
17.75
16.92
19.02
16.09
17.07
19.68
15.97
15.62
15.82
16.41
15.41
16.46
17.68
18.09
18.43
16.36
18.87
17.99
16.99
15.01
15.06
15.43
16.26
18.19
18.63
17.9
18.43
18.24
19.02
19.73
19.51
17.9
16.82
15.48
15.09
17.72
20.9
21.02
18.55
15.77
16.11
16.8
16.43
18.97
19.68
18.7
19.92
18.7
20.53
17.43
17.09
18.43
16.26
18.63
16.8
17.14
17.48
19.46
19.09
19.56
16.5
14.31
16.19
17.85
15.09
15.94
15.67
17.19
17.29
16.09
17.8
13.72
13.57
15.06
17.43
15.65
15.26
15.09
15.94
14.7
15.33
17.85
18.63
17.14
14.5
13.96
14.11
15.16
16.36
16.82
18.48
17.19
16.53
16.99
17.29
14.58
16.53
18.53
14.77
18.14
18.33
15.33
16.63
15.21
15.33
16.16
17.43
17.8
16.92
15.21
17.55
17.77
17.07
17.24
19.63
16.72
16.72
16.6
16.67
16.67
17.02
17.24
16.16
15.8
16.82
16.63
17.77
17.55
18.85
17.36
16.26
15.89
15.19
15.6
17.11
18.31
18.58
18.46
18.26
15.72
15.43
16.31
16.04
18.14
17.41
17.77
15.72
15.84
19.75
19.75
20.09
21.26
18.87
17.26
18.12
19.21
18.38
19.65
19.9
22.68
21.97
17.92
18.41
18.75
17.43
17.38
18.8
18.95
18.09
18.21
18.55
17.8
18.85
18.7
19.17
18.07
16.28
15.99
18.53
18.43
18.12
19.26
18.9
17.31
17.21
18.77
16.24
15.8
16.31
16.33
16.09
16.63
16.41
17.11
17.75
17.68
17.5
17.8
16.8
18.24
18.31
17.87
17.48
17.55
17.58
16.24
16.6
18.14
19.58
20.43
18.58
16.87
16.11
17.11
16.5
15.45
16.09
15.48
16.09
16.53
16.99
17.31
15.41
17.41
16.55
15.94
14.87
15.72
15.89
16.94
18.97
19.58
17.9
18.46
16.04
14.06
14.14
17.07
19.78
17.24
19.58
22.51
18.51
18.85
20.0
18.31
19.12
16.46
16.41
18.07
15.36
18.19
17.26
18.87
18.21
20.07
19.58
19.97
19.65
20.24
18.58
17.72
17.14
17.6
17.9
19.29
17.07
18.36
20.51
19.6
19.58
19.73
20.53
19.48
16.5
17.38
16.5
18.65
19.26
21.78
20.02
19.82
22.56
19.07
18.55
17.07
17.65
19.04
21.9
20.51
21.53
19.87
20.17
21.02
21.19
18.36
19.78
17.6
17.77
18.8
21.31
20.34
20.12
20.68
17.8
16.8
18.26
18.99
17.29
18.92
18.16
17.48
17.58
16.6
17.85
17.21
19.34
19.85
19.7
16.38
17.9
17.53
14.77
16.82
18.19
17.82
20.95
18.75
18.31
18.99
16.43
16.77
16.58
15.67
17.41
20.39
20.14
19.53
18.73
17.92
19.8
18.6
18.53
19.85
18.16
17.58
18.95
18.73
20.26
19.56
18.65
16.16
17.41
19.31
17.36
18.99
19.04
18.6
19.09
20.75
19.41
19.14
15.72
18.55
16.82
17.43
18.82
20.95
21.46
21.24
19.29
18.55
18.41
21.12
19.51
18.21
16.14
17.85
17.92
20.41
18.77
19.75
19.02
18.31
18.41
17.24
19.02
19.53
17.5
17.9
18.58
17.94
19.29
19.07
19.85
20.46
19.26
21.02
20.07
16.7
17.26
19.12
21.12
21.56
21.9
20.7
18.26
18.75
19.17
20.34
20.04
20.0
19.82
19.82
20.9
22.0
22.78
19.31
18.14
18.53
18.75
21.51
21.22
22.39
18.82
20.73
20.51
17.48
18.41
15.97
16.99
19.78
17.82
17.36
18.41
18.95
18.46
18.48
19.09
16.82
17.33
17.82
15.48
16.06
16.55
17.41
17.72
16.82
15.06
17.46
18.75
18.53
20.41
17.68
17.55
18.31
17.09
16.72
15.53
15.92
17.58
17.33
17.36
19.12
18.9
18.19
18.02
19.8
22.17
18.16
19.46
18.48
18.33
19.07
19.43
17.9
18.58
20.07
15.89
16.53
16.87
16.26
19.53
21.26
20.24
21.58
19.75
17.09
19.12
17.65
17.31
18.38
19.02
20.39
19.82
19.02
18.75
20.31
21.14
18.53
19.04
18.33
18.48
17.19
20.24
18.53
19.07
21.02
21.24
21.39
15.82
17.14
20.68
18.58
19.26
17.82
19.68
19.46
21.78
18.58
20.7
19.73
20.65
19.51
18.04
19.26
19.58
19.63
20.0
17.55
19.75
19.12
20.61
19.82
22.27
19.9
17.92
18.97
19.36
19.34
18.68
20.87
19.26
18.48
21.31
21.9
22.9
17.85
21.04
17.82
17.14
19.68
23.1
21.88
18.04
17.26
18.51
17.9
17.38
19.07
20.51
18.19
17.82
17.65
15.6
18.29
19.87
18.07
15.87
16.48
17.46
20.68
17.14
15.7
16.5
21.39
24.68
15.67
19.04
15.11
16.19
17.26
18.19
18.8
19.17
22.51
19.75
16.5
17.29
17.77
19.46
16.55
18.33
19.09
18.65
17.94
19.58
21.48
20.39
17.9
15.55
19.14
16.82
19.24
