0.2865
0.1492
0.3227
0.243
0.3635
0.3334
0.47
0.1194
0.1339
0.3384
0.1616
0.1654
0.1377
0.4066
0.1032
0.1324
0.2628
0.19
0.0002861
0.2625
0.1263
0.1465
0.1684
0.1221
0.2319
0.1894
0.1423
0.2197
0.1766
0.1629
0.2583
0.2304
0.1364
0.1858
0.2373
0.1554
0.1368
0.3937
0.1549
0.09937
0.2666
0.1469
0.4791
1.111
1.286
1.521
1.767
1.654
5.89
2.841
3.699
0.8987
0.3429
0.1148
0.1265
0.3044
0.2457
0.2083
0.1537
0.3906
1.254
1.297
1.218
1.503
1.555
4.163
3.168
3.345
2.075
0.972
0.2068
0.1181
0.1701
0.2697
0.1137
0.1623
0.3906
0.1432
0.2464
0.4745
0.2548
0.3597
0.3059
0.2537
0.1408
0.1831
0.1854
1.141
1.292
1.421
1.266
1.291
3.583
3.876
4.437
1.758
0.1675
0.1352
0.173
0.3868
0.2514
0.4143
0.1448
0.2567
0.2037
0.2464
0.2495
0.2193
1.215
1.352
1.385
1.666
1.764
5.908
3.253
1.419
0.4036
0.4364
0.4158
0.399
0.0001907
0.428
0.3273
0.1162
0.2102
0.2563
0.3765
0.1421
0.5211
0.4395
0.3735
0.09956
0.1114
0.211
0.2876
0.2441
0.1026
0.08631
0.2701
0.1694
0.605
0.2216
0.1595
0.3204
0.4631
0.3788
0.428
0.1425
0.181
0.2895
0.3685
0.4143
0.3567
0.3212
0.4013
0.1179
0.1493
0.2956
0.4044
1.141
1.767
1.721
1.436
1.277
5.823
3.668
1.862
0.3731
0.6073
0.2327
0.141
0.288
0.3532
0.2922
0.1389
0.2949
0.3616
0.3059
0.341
0.3086
0.5569
0.4532
0.02527
0.0001907
0.0002861
9.537e-05
0.0
0.02356
0.4684
0.193
0.1995
0.2102
0.2155
9.537e-05
0.02451
0.338
0.3651
0.2541
0.4608
0.3033
0.2575
0.317
0.3181
0.2953
0.1497
0.3906
0.01974
9.537e-05
0.0
0.0
9.537e-05
0.01307
0.2647
0.2956
0.3113
0.518
0.2815
0.2903
0.2739
0.1404
0.246
0.3445
0.6577
0.209
0.1381
0.2663
0.2037
0.3384
0.2892
0.4257
0.0004768
9.537e-05
0.0004768
9.537e-05
0.0
0.01783
0.2083
0.2228
0.486
0.2373
0.3235
0.304
0.1141
0.182
0.259
0.235
0.222
0.2331
0.312
0.3605
0.3277
0.3212
0.3639
0.7164
0.0003815
0.001335
0.0
0.0
0.0
0.01335
0.1795
0.5074
0.2346
0.1434
0.3239
0.1543
0.1375
0.1036
0.1322
0.1541
0.8331
0.3452
0.145
0.2388
0.2125
0.7622
0.2289
0.1192
0.248
0.1606
0.0003815
0.0002861
0.0
0.0123
0.2617
0.3544
0.2857
0.3368
0.6935
0.03748
0.2815
0.4028
0.2254
0.1205
0.2819
0.399
0.1427
0.127
0.3059
0.2335
0.2117
0.1345
0.0003815
0.0
9.537e-05
9.537e-05
0.0
0.009441
0.1539
0.116
0.1453
0.444
0.07629
0.1013
0.09861
0.4608
0.1572
0.1348
0.1402
0.1213
0.4951
0.1612
0.2144
0.3353
0.2811
0.124
0.0001907
0.0006676
0.0003815
9.537e-05
0.0
0.0123
0.2048
0.1535
0.1808
0.1116
0.3033
0.1207
0.1556
0.1369
0.3418
0.1312
0.1677
0.3151
0.2209
0.1802
0.4211
0.2594
0.1354
0.2468
0.2228
0.0001907
0.0
0.0
0.0
0.02012
0.4646
0.1738
0.227
0.2705
0.634
0.2243
0.528
0.2926
0.1062
0.07668
0.3536
0.1432
0.502
0.4707
0.412
0.1595
0.2819
0.4929
0.2026
0.1862
0.3262
0.2388
0.9781
1.126
1.132
1.163
1.341
1.208
1.338
1.134
1.006
0.9445
1.068
1.056
1.157
1.17
1.254
1.419
1.559
1.44
1.562
1.257
1.344
1.437
6.11
9.998
6.146
7.593
9.18
8.215
9.546
6.665
6.812
5.701
4.822
1.776
1.208
0.8591
1.538
1.534
1.43
1.657
1.706
1.773
1.532
1.472
1.349
1.347
1.349
1.445
1.379
1.163
1.23
1.208
1.472
1.627
1.599
1.81
7.373
9.924
9.058
10.74
10.44
8.118
7.239
5.756
3.986
2.228
0.856
0.6683
1.134
1.419
1.456
1.532
1.617
1.228
1.311
1.34
1.387
1.515
1.624
1.204
1.186
1.295
1.614
1.442
1.443
1.663
1.605
1.654
3.4
7.91
6.158
7.581
9.399
8.63
7.776
6.824
8.24
5.884
4.285
3.375
0.1223
0.7919
1.163
1.175
1.117
0.975
1.045
0.8194
0.8499
0.9216
0.8408
1.021
1.067
1.129
1.566
1.405
1.32
1.636
1.558
1.151
1.273
1.237
1.381
1.465
1.376
2.441
7.971
9.729
9.375
12.1
9.705
6.042
6.677
6.738
4.364
4.053
1.077
1.497
0.3822
0.8804
0.8469
0.7561
0.8652
1.054
1.053
0.9827
1.036
0.8926
1.009
1.184
1.459
1.378
1.163
0.856
0.7843
0.8438
0.827
0.9659
1.044
1.149
1.19
1.305
1.17
1.396
6.738
8.423
10.47
13.01
11.6
8.142
8.911
6.274
4.102
3.748
2.069
0.3708
0.9384
0.8301
0.795
3.351
3.967
2.646
2.243
0.444
0.6607
0.7622
0.7408
0.6943
4.175
4.999
2.759
0.3738
1.018
0.9827
1.494
6.323
3.174
1.788
0.2365
0.5669
0.5325
0.634
2.588
3.131
2.121
0.3246
0.7812
0.8881
3.357
2.896
0.6729
0.6943
1.109
1.263
1.166
1.166
1.216
1.134
1.108
1.114
1.193
1.331
1.361
1.056
0.9613
1.146
1.241
1.286
1.291
1.277
1.358
1.523
2.847
10.4
8.032
10.64
8.167
10.78
5.902
8.655
5.756
4.138
2.512
1.176
0.9583
1.385
1.469
1.291
1.299
1.543
1.459
1.364
1.431
1.379
1.122
0.9857
0.9995
0.9033
1.224
1.537
1.457
1.035
0.8621
0.8881
0.9476
0.9537
0.9995
1.251
3.467
5.591
7.629
4.681
2.783
11.18
9.119
9.57
7.324
6.75
5.341
4.73
2.145
0.5051
1.52
1.378
1.218
1.782
1.978
1.892
1.399
1.334
1.169
1.442
1.498
1.385
1.448
1.305
1.208
1.251
1.05
0.8972
0.7698
0.7538
0.8347
0.8972
0.7919
0.8408
1.642
7.996
5.151
5.884
4.315
5.914
7.849
6.14
8.313
9.631
5.902
4.474
2.557
1.152
0.3307
0.1543
0.2506
0.2987
0.3445
0.1299
0.2583
0.2174
0.7492
1.572
1.599
1.323
1.151
1.135
0.9705
0.9613
1.691
1.999
2.084
1.923
1.926
1.868
1.666
1.555
1.651
1.515
1.442
1.511
1.907
1.675
6.702
12.22
10.08
9.277
9.058
9.692
6.189
5.334
2.835
1.208
0.75
0.3922
0.0
0.1102
0.6248
0.7103
0.4318
0.9354
0.8865
0.4227
1.012
0.2914
0.1244
0.3582
0.4227
0.1499
0.2514
0.4471
0.2762
0.1795
0.3311
0.5196
0.5539
0.325
0.1356
0.1139
0.3426
0.3483
0.6676
0.3906
0.3757
0.3525
0.3468
0.1263
0.2415
0.4898
0.1797
0.1759
0.2724
0.3872
0.2922
0.3174
0.7217
0.3834
0.1751
0.2941
0.08764
9.537e-05
9.537e-05
0.3403
0.3838
0.4936
0.2888
0.1579
0.3731
0.2628
0.1476
0.3418
0.3117
0.5249
0.3586
0.7339
0.1474
0.2396
0.2228
0.6104
0.1705
0.1764
0.3529
0.0001907
0.0
0.0
9.537e-05
0.0
0.0001907
0.0
0.0
0.0
0.0
0.0
0.001335
0.0
0.0
0.0
0.0
0.0
0.0
0.1307
1.093
0.415
1.089
0.2823
0.1471
0.3544
0.4875
0.01583
0.0
0.4616
