17.87
18.46
17.6
20.8
20.46
19.87
18.04
16.87
17.68
16.38
15.62
16.41
16.99
20.02
18.31
16.7
18.82
19.12
22.27
19.51
16.87
16.09
15.6
14.16
16.67
18.85
17.92
17.24
18.75
18.09
17.75
18.9
18.77
19.9
16.89
17.68
17.58
18.82
18.38
18.04
17.48
16.67
16.8
19.63
18.65
19.04
20.07
17.55
18.99
19.41
17.85
20.07
17.9
16.94
18.53
18.68
20.7
15.65
15.5
16.5
18.63
18.92
19.14
18.16
17.9
16.6
18.75
16.21
16.67
16.5
17.14
17.24
16.77
17.29
19.6
18.99
19.85
20.43
18.36
15.28
13.92
14.75
15.6
14.75
15.16
15.26
16.46
18.14
20.21
21.9
17.8
17.97
16.89
14.04
14.89
14.16
15.04
16.36
17.43
19.63
20.97
20.87
17.46
13.01
13.43
15.26
15.41
15.72
16.16
16.82
18.85
19.26
21.88
21.68
20.04
16.87
16.82
15.55
17.46
15.6
14.62
15.84
16.87
17.92
17.7
19.34
19.58
18.97
20.21
16.82
15.77
18.29
17.36
17.38
16.53
16.11
17.14
18.87
19.87
21.8
21.34
20.61
16.38
15.16
16.48
16.19
17.46
17.75
18.97
20.24
19.65
19.68
20.21
21.48
18.09
18.48
18.75
19.63
17.68
18.38
20.63
18.09
20.56
20.7
19.6
19.07
22.63
19.12
19.19
18.99
18.6
19.38
17.58
20.21
17.5
19.34
18.97
20.78
18.8
16.8
18.19
18.6
18.6
19.56
19.95
20.14
19.36
16.14
16.09
17.6
19.34
20.8
20.63
18.95
19.73
19.82
21.24
18.12
15.36
16.72
18.38
19.14
19.14
18.87
19.48
18.87
17.19
17.19
17.5
16.58
16.65
18.33
18.53
19.58
18.87
16.33
17.53
15.77
16.21
17.63
16.46
15.45
15.92
19.82
18.14
19.29
15.11
14.97
16.38
17.6
17.82
17.63
17.65
18.43
19.41
17.53
17.41
15.41
15.6
16.11
16.97
17.55
16.75
16.38
17.87
17.6
18.58
17.8
16.14
14.45
15.62
19.31
20.7
17.07
17.02
17.33
16.85
15.67
18.21
18.55
16.41
16.8
18.09
19.9
18.46
16.26
15.33
17.19
22.88
18.95
17.04
17.46
18.16
18.29
15.77
17.21
14.97
16.53
16.5
16.94
17.82
17.97
19.6
16.24
17.8
18.73
16.65
17.24
18.41
17.99
17.07
18.26
20.02
18.63
18.58
20.0
17.38
16.8
17.75
16.04
18.77
19.04
19.7
17.8
17.24
16.97
17.36
17.72
17.82
16.36
17.43
15.38
16.87
17.85
18.09
18.46
17.19
17.33
17.11
16.5
17.94
17.11
17.21
14.97
14.84
16.26
18.55
16.31
17.9
18.16
17.58
16.87
17.16
17.75
15.94
15.82
16.33
14.26
15.67
15.38
17.26
17.31
17.87
20.04
19.12
17.72
18.65
17.82
15.82
16.09
15.28
15.06
15.43
18.14
20.34
20.8
16.24
18.65
14.53
14.38
15.06
17.72
17.14
16.11
16.75
17.99
18.04
20.21
19.56
18.46
14.5
15.21
15.14
17.04
14.82
16.99
18.51
20.75
20.7
17.92
15.45
14.97
19.09
16.38
18.99
18.02
17.5
19.07
20.21
20.73
19.82
14.99
15.31
15.89
16.36
18.26
16.92
17.53
19.17
19.65
21.26
21.04
18.8
17.24
16.75
17.36
18.58
20.75
17.33
20.36
20.17
21.14
22.8
21.48
16.8
18.95
20.04
21.61
22.17
18.33
19.14
20.07
20.36
22.41
20.12
19.43
18.6
20.78
21.07
23.34
19.31
20.56
19.68
20.29
19.87
21.34
19.19
22.9
17.99
16.97
16.31
18.95
19.95
18.38
21.88
19.07
19.56
16.82
18.65
16.55
18.26
16.41
17.26
16.97
18.16
18.46
19.73
18.43
17.92
19.6
16.75
17.97
15.48
17.82
17.09
18.73
19.14
19.36
19.9
17.97
19.68
17.55
18.46
21.07
17.68
19.14
16.21
19.04
16.85
19.6
18.33
18.77
19.38
17.24
17.97
17.46
17.29
16.14
17.72
17.94
16.41
16.36
17.29
18.53
19.12
18.58
19.41
17.65
15.31
15.62
15.94
18.46
19.07
18.8
19.97
23.36
15.43
17.11
14.7
15.58
18.73
17.41
19.31
20.34
21.36
18.31
17.14
16.19
18.26
18.24
20.68
22.46
18.85
18.33
21.0
17.5
17.29
18.14
17.9
19.09
20.58
20.87
18.51
18.07
17.68
19.04
21.73
20.21
16.38
19.36
18.6
19.63
19.31
17.82
19.78
17.5
18.31
18.29
20.63
20.14
15.31
15.53
16.5
16.87
18.19
19.63
18.41
17.75
17.55
18.21
18.63
19.38
18.77
17.75
16.28
16.28
17.43
17.53
19.87
20.46
17.46
16.14
19.53
19.65
18.6
18.36
15.38
14.94
16.55
17.68
19.65
20.36
16.87
16.67
16.53
17.36
18.8
18.33
18.7
13.92
16.33
18.58
16.26
16.48
16.92
15.8
16.11
15.67
18.33
16.85
20.0
18.51
15.41
18.97
13.55
15.99
16.77
18.6
20.19
19.48
17.02
16.43
14.55
15.19
17.31
18.55
19.04
20.63
20.43
20.14
17.24
14.79
15.82
17.14
17.16
17.43
20.63
20.78
21.17
18.33
15.82
19.85
20.34
21.0
21.51
22.56
18.92
17.29
16.89
19.26
19.87
19.7
23.41
21.66
17.72
20.36
20.85
19.53
20.85
23.07
23.83
23.32
19.24
18.26
19.43
21.39
22.75
21.22
19.31
17.19
20.0
20.85
21.56
21.14
18.95
19.51
19.92
19.21
19.9
20.7
20.63
20.63
19.36
18.29
18.85
18.9
19.75
19.75
20.85
18.38
16.14
17.43
20.29
20.65
20.58
20.19
16.46
18.19
19.38
19.63
22.41
20.95
22.8
20.21
18.46
19.95
19.6
17.6
20.34
18.8
19.63
19.8
20.8
19.34
18.31
20.04
19.29
