20.63
17.19
20.53
12.77
16.41
11.63
10.95
16.26
14.65
17.77
14.38
17.72
17.75
17.31
13.94
17.58
18.41
13.48
15.19
14.36
17.58
17.7
13.62
17.46
15.84
17.29
14.36
18.16
14.01
29.0
17.24
16.33
18.24
14.4
23.58
15.21
20.02
18.95
18.6
15.67
16.87
14.23
17.85
12.27
17.53
15.48
24.02
18.63
14.94
15.06
19.29
15.06
19.26
15.38
18.75
15.28
19.38
15.5
19.63
15.48
19.48
15.48
21.22
17.02
19.63
19.68
23.75
16.77
17.87
14.06
17.36
14.75
26.17
15.65
18.26
17.48
14.31
20.63
15.97
17.94
14.38
19.38
15.77
20.26
15.33
22.24
15.6
20.34
17.8
17.14
18.24
17.09
13.5
18.43
14.99
19.58
16.65
19.36
14.92
18.14
15.82
18.24
15.62
18.29
17.16
15.01
19.46
17.6
18.53
18.75
15.43
19.12
15.19
19.21
18.95
21.46
16.16
19.56
15.89
19.14
15.38
19.19
18.36
17.63
13.55
17.11
14.36
17.7
13.84
17.68
18.36
19.7
13.53
19.58
17.92
20.24
14.94
22.07
14.45
17.99
15.84
21.09
17.68
21.75
18.19
21.97
19.21
23.63
18.31
23.02
21.34
21.68
18.31
20.12
19.6
21.04
19.09
22.92
16.06
20.12
15.19
21.46
18.02
21.68
20.04
22.75
19.75
24.12
21.9
24.83
19.24
24.41
20.17
22.17
20.36
24.63
24.19
27.25
19.85
23.85
20.02
28.52
24.39
26.9
22.92
24.56
24.66
23.34
18.85
24.56
18.85
23.58
20.85
26.27
21.68
23.07
18.95
23.29
22.71
26.42
22.51
21.44
17.55
21.19
18.65
22.53
19.95
22.66
19.95
25.59
20.68
25.63
20.51
24.07
22.09
25.29
21.63
24.15
21.31
23.14
18.07
19.7
18.33
24.46
17.75
20.68
16.7
20.34
16.48
28.22
19.19
16.5
27.88
22.95
18.07
20.65
18.87
25.68
21.31
21.24
17.02
25.29
18.92
20.14
16.67
20.24
16.38
20.21
18.46
24.27
21.24
22.53
21.95
23.88
18.12
25.68
20.17
26.95
24.07
25.93
24.85
27.2
18.95
23.95
22.09
25.39
22.97
25.05
20.8
26.81
24.83
28.52
21.14
23.68
19.9
24.37
25.59
29.15
24.93
25.24
21.63
25.68
24.24
28.27
23.54
25.54
21.88
27.59
24.85
27.64
21.68
25.78
28.27
31.05
24.02
25.63
22.24
26.12
23.61
28.12
27.39
28.22
25.1
28.03
24.71
28.56
27.44
31.1
24.73
28.03
24.8
27.29
25.49
27.49
24.39
27.15
22.46
27.25
26.71
30.13
26.61
30.42
27.34
30.57
27.29
30.37
26.46
29.88
25.93
30.18
26.9
28.91
27.2
26.81
23.46
24.22
22.0
27.83
21.46
24.05
19.26
23.07
19.36
22.36
19.53
22.97
22.29
24.1
19.38
24.17
19.36
22.19
19.36
23.41
17.9
23.75
18.85
22.53
17.48
19.34
21.46
19.97
21.41
20.53
18.53
22.49
20.65
26.61
18.41
25.73
19.85
23.14
19.34
21.44
19.63
22.68
20.07
20.68
17.99
20.61
18.65
21.0
22.63
21.09
19.43
21.92
19.56
24.9
24.12
21.39
19.63
21.19
20.02
21.7
19.14
20.07
18.6
20.48
19.14
21.31
18.65
21.83
18.12
20.14
17.8
21.83
23.24
23.22
21.29
23.97
21.66
24.8
18.41
20.41
19.07
24.46
20.63
23.24
20.19
21.61
19.95
23.49
22.05
24.73
22.63
23.93
21.83
22.53
20.21
22.63
22.19
25.05
22.51
26.42
25.63
27.83
26.56
30.86
27.1
30.18
22.88
21.17
21.61
24.58
19.85
20.56
19.24
23.39
19.7
21.39
18.36
19.9
19.12
23.07
18.21
20.63
22.0
23.88
24.98
24.56
24.27
26.61
24.56
29.83
25.54
25.1
24.85
26.03
24.19
25.2
27.88
25.63
23.51
26.66
26.27
28.37
25.88
27.29
24.24
27.34
27.39
26.37
24.41
29.54
24.0
27.49
25.73
25.29
23.85
26.66
24.0
25.78
24.0
26.12
24.44
26.86
24.73
27.2
24.66
27.78
29.2
32.86
25.05
25.78
23.1
27.2
25.63
31.3
25.68
27.59
24.95
28.32
24.61
28.86
28.76
30.66
27.98
27.49
26.22
30.13
23.88
28.56
24.88
24.98
21.56
23.54
21.63
25.59
21.12
25.15
22.29
27.0
21.78
24.58
24.37
25.54
20.7
25.44
20.21
23.14
21.61
23.93
19.68
22.29
20.41
23.05
19.92
23.88
21.66
24.83
22.02
23.58
22.49
25.44
21.39
24.73
20.97
23.88
20.65
25.73
26.71
25.05
20.41
23.51
19.82
22.39
20.04
23.32
20.34
23.73
24.19
26.12
21.12
25.1
25.68
29.1
28.03
27.98
27.0
31.54
27.98
30.13
29.83
28.81
24.0
29.2
22.75
28.47
25.49
26.56
22.75
27.05
24.12
27.34
28.66
30.52
23.9
27.39
23.24
26.27
23.24
25.83
23.49
28.37
25.88
25.49
22.71
26.12
22.68
28.03
25.05
25.98
25.88
26.07
20.17
24.17
22.83
24.32
18.48
22.24
21.29
26.56
22.53
27.0
20.24
20.29
18.38
21.56
17.31
20.34
18.26
25.0
20.8
21.88
18.85
21.8
18.43
20.53
18.8
21.29
21.92
22.92
21.9
23.05
21.17
23.34
19.48
20.12
17.58
22.07
19.9
23.39
23.12
26.9
22.73
23.75
20.29
24.37
23.51
25.59
23.05
25.98
20.09
22.09
19.26
22.17
19.07
22.49
18.51
22.19
20.39
23.22
19.73
23.32
21.39
26.03
23.95
22.49
18.19
22.17
21.63
24.37
19.97
22.56
18.58
22.68
18.38
21.34
18.95
22.22
18.58
22.09
19.68
22.61
18.41
23.46
23.12
25.1
20.46
22.88
18.73
22.92
20.65
23.02
18.58
21.56
18.95
22.51
18.97
27.05
23.39
22.05
18.46
23.78
19.04
22.34
18.53
21.73
17.72
21.19
18.16
23.85
21.41
25.93
21.44
23.32
19.75
22.14
18.73
25.49
22.24
26.32
20.75
23.02
21.66
26.37
22.75
27.78
22.41
22.09
19.09
23.07
19.9
23.93
18.36
21.61
18.02
21.66
19.87
24.66
19.02
23.56
20.14
23.75
20.48
25.39
22.71
26.66
22.27
21.53
17.94
22.49
18.02
22.29
18.48
21.92
20.73
23.24
18.04
22.0
20.41
28.08
20.8
26.71
23.9
25.49
22.02
23.27
20.92
24.02
20.63
24.41
20.87
25.68
20.92
25.68
24.51
26.66
19.92
22.85
20.83
28.66
24.15
27.49
21.88
25.2
22.8
25.34
22.71
23.32
21.48
24.51
20.19
24.29
22.58
28.81
25.15
29.15
23.63
24.78
21.63
27.05
27.54
28.91
20.39
24.71
20.14
24.71
22.27
25.49
23.05
25.59
23.54
24.73
23.63
27.69
19.6
26.9
23.97
23.51
18.85
22.24
19.36
23.22
19.38
23.9
22.53
22.56
21.29
20.04
18.33
22.41
18.97
24.34
20.95
23.02
20.95
24.93
20.24
24.83
19.9
23.78
20.24
22.8
19.02
22.71
21.68
23.19
19.75
