14.67
14.99
14.43
14.5
14.77
12.79
13.43
15.5
15.97
17.09
21.63
23.14
14.33
5.53
0.2213
0.05989
0.02346
0.02604
0.02346
0.02604
0.02604
0.02604
0.8255
15.89
14.21
12.74
17.6
21.17
21.56
13.33
13.31
11.29
13.4
7.654
15.06
20.48
20.95
19.31
19.63
21.73
23.75
23.9
18.87
17.99
19.58
24.37
13.77
15.92
17.5
21.92
23.34
15.26
15.31
16.31
16.7
17.48
16.6
17.02
20.12
22.58
18.9
12.84
16.82
22.44
24.19
25.34
26.51
27.83
25.59
23.07
26.22
20.73
16.6
21.02
22.78
23.51
22.14
21.61
23.17
19.51
22.71
24.22
18.6
16.16
16.16
16.65
17.09
14.36
12.35
21.02
23.54
24.95
25.34
24.58
23.0
20.36
23.29
23.49
16.48
16.36
17.26
19.43
14.45
11.25
22.68
23.05
22.85
22.88
19.8
19.21
17.48
15.92
18.16
22.49
13.26
18.43
20.87
22.22
24.44
24.41
23.44
23.32
23.61
24.37
18.41
16.09
15.23
12.1
14.09
13.28
17.53
17.33
18.68
20.73
20.14
4.828
40.19
40.09
40.43
36.72
40.28
28.56
18.73
21.19
21.58
10.63
9.387
29.79
36.18
20.9
23.02
17.7
19.95
28.66
35.5
24.1
20.04
25.59
35.5
32.13
8.13
39.16
40.19
40.14
36.57
39.6
27.05
22.36
32.47
34.18
18.12
20.63
21.0
18.82
18.51
18.65
5.817
16.16
18.43
21.02
20.92
17.26
20.21
33.59
26.76
1.003
0.531
8.777
15.5
18.68
17.58
19.21
17.58
7.092
18.16
12.67
18.14
19.02
17.9
16.21
17.92
6.946
32.28
34.91
18.53
25.34
32.23
29.2
1.503
0.6065
0.05465
9.375
20.63
15.58
19.53
19.17
21.09
34.62
25.15
8.74
18.82
34.08
31.54
16.26
17.53
20.14
17.02
13.09
22.68
34.18
29.3
1.276
0.6195
0.04692
0.02604
7.605
15.45
18.51
18.16
21.14
28.42
32.18
18.92
18.68
19.82
17.77
16.67
11.87
16.65
21.8
21.66
29.44
35.01
20.68
33.01
35.5
8.447
0.7812
0.177
9.583
20.31
16.38
15.28
12.55
16.24
33.06
33.3
25.93
34.38
20.0
17.14
17.77
13.79
6.372
18.12
33.01
32.08
25.88
34.96
18.87
0.8286
0.3124
0.02604
6.958
19.58
16.55
14.48
7.886
14.31
11.05
17.77
15.72
20.48
16.77
16.46
17.99
19.21
15.45
25.1
36.47
26.46
12.74
0.531
0.0885
0.02079
0.02604
0.02604
11.22
16.97
35.01
33.35
17.26
35.06
33.3
13.62
14.14
10.01
14.23
17.41
35.99
29.15
17.63
15.99
31.1
36.52
9.229
0.7446
0.1823
0.02604
0.02346
0.02346
8.093
15.65
35.4
34.28
13.89
17.87
15.36
15.62
16.7
18.31
16.46
19.43
16.99
14.16
14.01
10.31
17.43
11.95
8.057
0.198
0.06771
0.02604
0.02604
0.02079
6.195
0.08335
9.656
24.0
24.02
17.26
13.62
15.72
26.07
35.6
19.26
14.77
16.16
10.78
21.8
35.25
33.64
27.88
36.82
16.94
8.508
39.84
39.6
40.67
40.53
40.82
40.82
41.31
41.5
41.02
40.38
40.53
41.6
41.36
41.36
29.1
40.62
42.87
43.07
37.55
35.79
35.69
10.47
41.36
41.6
41.6
40.53
36.38
36.33
35.4
34.08
34.67
34.03
33.4
33.11
33.25
32.47
33.94
41.36
25.29
42.48
42.24
43.16
35.5
31.88
31.15
11.73
20.56
23.93
26.46
25.15
26.71
28.61
28.66
29.0
29.3
29.2
28.71
38.96
39.26
41.11
40.87
40.87
40.23
40.82
27.2
26.76
25.83
25.78
36.33
35.21
28.17
28.08
27.0
12.79
15.97
24.15
27.78
27.2
27.88
27.2
26.95
27.78
27.88
27.54
27.15
27.98
29.35
29.54
30.37
31.49
31.15
31.2
32.08
31.98
31.45
17.21
16.92
19.04
21.66
41.06
40.33
35.21
35.89
29.25
6.134
40.92
41.06
39.6
39.36
39.16
38.53
38.48
38.43
38.43
37.21
37.7
38.77
38.77
38.13
36.47
31.1
24.39
41.94
38.33
38.62
33.35
32.37
33.45
15.31
27.69
39.89
39.01
39.45
39.65
39.21
38.53
38.53
37.99
37.6
39.06
39.99
38.28
40.23
39.26
34.33
15.43
17.33
19.56
20.14
20.48
23.78
25.98
24.71
30.57
29.1
28.61
9.875
23.54
24.9
25.1
25.39
26.66
25.49
25.05
24.1
24.63
24.17
22.9
23.51
23.97
25.05
25.2
24.51
25.34
25.49
24.8
24.61
25.29
25.78
24.58
26.27
19.02
18.09
18.92
20.68
21.9
23.32
25.73
26.37
25.49
26.32
27.15
19.87
24.9
32.13
30.03
31.59
15.26
21.63
26.9
24.95
18.82
21.24
18.6
18.19
19.8
32.91
26.37
33.98
22.36
30.62
37.74
32.47
28.08
28.12
38.09
32.52
28.91
28.47
39.65
33.64
32.13
36.18
27.88
27.0
38.87
33.69
27.49
20.31
38.87
38.96
38.57
38.13
38.77
39.84
38.82
36.47
34.96
33.98
33.89
33.98
33.4
31.64
30.22
27.83
24.63
15.89
19.19
20.43
21.29
23.22
24.34
24.27
24.15
23.73
23.44
25.2
11.79
22.41
20.95
22.12
21.73
22.8
24.34
24.07
23.56
25.15
27.29
27.69
26.42
25.39
37.65
39.36
36.08
34.72
34.08
32.67
32.47
32.18
22.56
18.04
21.8
25.44
28.37
29.1
28.32
26.61
26.12
26.03
19.53
15.92
21.75
23.88
25.83
27.49
26.32
26.86
26.22
26.95
27.29
27.59
27.88
27.54
34.86
34.42
32.57
31.93
30.86
29.54
29.49
29.64
30.13
15.67
21.7
19.41
21.78
24.15
25.88
27.69
29.35
30.91
29.64
19.63
22.17
23.44
25.0
28.66
24.98
22.09
20.31
27.0
26.03
25.0
22.17
27.88
22.58
23.05
21.63
22.22
21.73
16.09
21.85
27.73
29.05
17.72
21.61
20.29
19.92
21.02
21.46
23.0
32.28
35.16
20.21
22.36
18.07
21.95
29.35
35.11
20.85
14.33
23.97
23.46
38.96
39.5
39.79
40.09
40.53
38.87
38.13
39.36
39.16
39.06
36.72
38.96
39.94
39.01
23.27
38.62
39.01
37.99
33.54
29.59
29.44
30.22
19.14
19.9
17.21
12.29
19.65
19.43
19.85
28.81
36.13
19.63
10.66
39.26
39.45
39.55
39.06
39.7
39.4
38.96
38.72
38.48
38.67
38.92
38.53
39.01
38.13
38.23
30.76
28.86
40.48
40.04
37.94
31.93
33.79
32.62
18.29
18.58
16.06
21.48
20.8
35.35
33.74
16.67
18.16
19.43
7.385
31.25
33.54
22.41
0.8484
0.4372
0.02604
0.02079
0.03128
0.02079
0.03128
0.02079
0.03128
0.02079
0.02604
0.02604
0.02604
0.02604
0.02604
0.02604
19.46
20.41
19.9
22.58
22.46
26.71
32.67
32.52
20.21
22.83
23.24
