27.73
27.69
27.64
28.42
27.69
27.73
27.54
27.59
27.49
27.49
27.98
27.78
27.69
27.83
27.39
27.39
27.34
27.44
27.44
27.25
27.29
27.1
27.2
27.29
27.39
27.44
27.34
27.39
27.54
27.29
27.44
27.29
27.34
27.78
27.34
27.25
27.44
27.34
27.69
27.44
27.83
27.39
27.44
27.64
27.93
27.64
28.37
28.12
27.34
26.86
26.27
26.12
25.49
24.49
22.92
21.95
21.56
21.51
22.49
21.92
23.14
23.41
22.56
21.12
21.22
20.46
20.53
19.97
19.26
18.58
19.04
18.77
17.9
13.99
14.84
15.82
16.87
16.85
16.87
16.99
15.14
14.7
13.7
13.18
13.31
14.01
13.11
13.62
14.01
12.84
12.39
11.08
10.27
9.9
9.29
8.838
9.045
9.375
9.058
9.607
9.326
9.583
9.314
9.216
8.545
8.728
9.033
10.06
10.19
9.375
8.337
7.703
8.728
8.63
7.971
8.069
7.275
8.459
9.119
9.766
10.53
10.8
9.558
9.851
10.07
8.838
7.043
9.949
10.34
9.68
9.68
9.509
8.044
9.692
9.851
9.692
9.229
8.875
9.229
9.375
9.644
9.79
9.973
9.387
10.07
10.51
10.53
11.3
12.01
9.302
11.56
11.39
11.33
12.38
12.04
11.78
12.11
12.57
13.5
13.11
14.14
14.94
14.92
15.26
15.97
15.43
15.62
15.72
15.67
16.06
16.26
16.53
17.43
19.38
19.38
22.22
22.34
23.05
23.24
22.05
23.17
23.22
25.05
26.32
26.76
27.2
27.69
27.73
27.83
27.64
27.64
26.95
27.34
27.1
26.95
26.95
27.0
27.0
26.86
26.76
26.81
26.56
26.76
26.86
26.66
27.0
27.2
26.9
27.1
27.15
27.34
27.39
27.54
27.69
27.54
27.59
27.49
27.44
27.64
27.39
27.34
27.54
27.39
27.34
27.34
27.39
27.34
27.1
27.59
27.59
27.29
27.64
27.98
27.83
27.83
28.22
27.34
27.69
27.34
27.59
26.95
27.2
27.78
27.49
27.78
27.54
27.59
28.08
27.78
28.08
27.78
27.73
27.78
28.03
27.88
27.98
28.12
28.03
28.12
28.17
27.88
27.73
27.88
27.78
27.88
27.88
27.98
27.73
27.0
27.05
27.54
27.69
27.88
27.59
27.98
27.93
28.91
27.93
27.88
27.64
27.64
28.81
27.88
27.59
28.22
27.83
28.03
28.47
28.22
28.03
28.12
27.83
28.76
28.96
29.05
28.91
28.52
28.17
27.93
28.37
27.98
27.93
27.88
27.98
28.42
28.37
28.22
27.98
28.56
28.17
28.12
28.86
28.61
27.73
28.47
29.2
28.61
27.83
28.12
27.39
27.98
28.27
28.42
27.98
28.27
29.15
28.27
26.66
27.34
27.05
27.54
27.39
26.37
26.17
25.98
25.2
24.1
24.15
23.61
23.24
23.0
22.07
23.07
22.66
21.73
20.53
19.41
18.51
18.02
17.72
17.29
17.02
16.24
15.82
13.89
13.5
13.21
12.89
12.84
12.48
12.43
11.98
11.88
11.74
11.33
11.6
11.76
11.6
11.22
10.08
9.937
9.863
9.778
10.33
9.631
8.85
8.521
10.16
10.52
10.51
10.61
11.16
11.12
10.1
8.594
6.58
8.398
8.484
7.959
8.118
8.24
8.313
8.203
9.509
10.45
10.52
10.16
9.851
10.44
10.77
10.74
10.56
9.058
8.997
10.35
10.86
10.95
10.52
8.691
8.948
10.73
10.8
10.99
11.05
11.0
9.509
11.43
10.91
10.73
12.02
10.12
11.95
12.65
12.65
12.72
13.53
14.36
13.48
15.26
15.94
16.38
17.19
18.02
18.33
16.97
17.63
18.04
18.82
17.68
18.36
18.85
21.7
22.12
24.66
25.24
26.51
27.34
27.49
27.29
27.59
27.54
27.39
27.78
27.78
28.03
28.08
27.29
27.25
26.81
26.71
27.0
27.49
26.95
26.56
26.66
26.61
27.0
26.76
27.29
27.1
27.25
27.34
27.05
27.29
28.12
27.39
28.47
28.08
27.69
27.39
27.34
27.78
27.59
27.49
27.34
27.69
27.29
27.39
27.49
27.44
27.49
27.29
27.2
27.15
27.25
27.2
26.76
27.25
27.29
27.73
27.39
27.2
27.54
27.1
27.2
26.95
26.9
27.15
27.1
27.1
27.05
27.2
27.25
27.34
27.34
27.34
27.2
27.29
27.59
27.44
27.15
27.49
27.73
27.64
27.88
27.93
27.69
27.44
27.2
27.44
27.49
27.59
27.44
27.73
27.78
27.73
27.83
27.34
27.44
27.39
27.44
27.44
27.54
27.1
27.59
27.44
27.34
27.44
27.29
27.2
27.2
28.37
28.71
28.86
28.37
28.56
27.98
27.93
27.83
27.93
27.69
27.59
27.44
27.78
27.59
27.39
27.54
27.73
27.44
27.88
27.98
28.03
27.73
27.88
27.88
27.54
27.44
27.49
27.34
27.64
27.59
27.69
27.59
27.78
27.69
28.12
28.03
27.83
27.73
27.59
27.59
27.25
27.29
27.0
27.15
26.95
27.05
26.95
26.42
25.98
26.07
25.63
25.15
24.93
24.88
24.8
23.97
23.41
22.88
22.51
21.68
20.9
20.7
20.29
18.73
18.09
16.14
15.8
15.38
17.11
14.67
15.41
14.97
14.82
14.23
12.67
12.29
11.9
11.19
10.79
11.62
9.558
10.83
10.51
10.23
9.949
10.02
10.36
9.766
10.06
9.766
9.631
9.082
8.459
8.203
7.056
7.239
9.912
9.424
10.01
9.07
8.228
9.155
9.277
8.838
8.85
7.935
7.593
7.629
7.581
8.228
7.581
6.982
7.764
8.215
8.496
8.74
9.058
8.948
9.521
9.741
9.253
9.57
9.583
9.167
9.253
9.668
8.716
8.691
8.618
8.606
8.984
10.72
10.62
10.49
11.13
11.78
12.62
13.65
13.4
13.96
13.7
13.53
13.18
13.31
13.45
13.65
13.82
14.58
14.72
14.58
11.67
16.38
16.06
16.26
16.46
16.24
16.82
17.38
17.6
17.63
18.16
18.26
22.05
22.75
22.05
22.9
24.93
26.46
26.66
27.34
27.39
27.29
27.25
27.39
27.39
27.34
27.34
27.25
27.59
27.64
27.25
27.34
27.29
27.49
27.78
27.64
27.78
27.59
27.59
27.54
27.49
27.15
27.69
27.49
27.39
27.39
27.54
27.49
27.98
28.12
28.12
27.64
27.49
27.44
27.54
27.29
27.54
27.34
27.44
27.39
27.39
27.25
27.34
28.08
28.27
28.22
27.54
27.34
27.44
27.39
27.49
27.39
27.39
27.49
27.34
27.88
27.29
27.05
27.25
27.25
27.2
27.25
27.29
27.69
27.59
27.29
27.25
27.34
27.59
