0.9689
0.5135
0.6668
2.805
5.06
1.208
1.868
1.584
4.431
1.381
1.92
0.2739
1.132
1.083
0.4341
1.134
0.7378
1.129
0.5936
1.216
4.901
0.8301
1.103
2.963
4.572
0.6462
0.695
1.21
1.053
2.466
4.388
0.7072
0.5951
1.18
3.143
2.701
1.302
1.755
0.6783
1.111
1.268
0.4158
0.0
0.0
0.0
0.0
0.0
9.537e-05
0.0
9.537e-05
0.0
0.0
0.0
0.001431
0.0
0.0
0.0
0.0
0.0
0.0
0.0
0.0
0.0
0.0
0.0
0.0
0.0
0.0
0.0
0.0
0.0
0.0
0.0
0.0
0.0
0.0
0.0
0.0
0.0
9.537e-05
0.0
0.0
0.0
0.0
0.0
0.0
0.0
0.0
0.0
0.0
0.0
0.0
0.0
0.0
0.0
0.0
0.0
0.0
0.0
0.0
0.0
0.0
0.0
0.0
0.0
0.0
0.0
0.0
0.0
0.0
0.0
0.0
0.0
0.0
0.0
0.0
0.0
0.0
0.0
0.0
0.0
0.0
0.0
0.0
0.0
0.0
0.0
0.0
0.0
0.0
0.0
0.0
0.0
0.0
0.0
0.0
0.0
0.0
0.0
0.0
0.0
0.0
0.0
9.537e-05
0.0
0.0
0.0
0.0
0.0
0.0
0.0
0.0
0.0
0.0
0.0
9.537e-05
0.0
0.0
0.0
0.0
0.0
0.0
0.0
0.0
0.0
0.0
0.0
0.0001907
0.0
0.0
0.0
0.0
0.0
0.0
0.0
0.157
1.675
0.6058
0.7652
0.7263
0.386
0.8667
0.3544
0.3601
0.338
0.3166
1.535
5.865
1.825
0.6958
0.3353
0.4356
0.5074
4.865
3.619
0.8209
0.2182
0.2029
0.2354
0.2407
1.122
0.9872
1.404
4.755
2.396
0.9964
3.967
1.044
2.078
0.3811
0.2762
0.2682
0.2319
1.779
1.074
0.7042
0.4921
0.4715
0.5463
4.626
1.558
0.5241
1.212
0.3002
0.2647
0.2762
0.2457
0.312
0.2056
1.1
4.535
3.223
0.6393
1.364
0.4906
0.4547
0.3796
0.165
3.073
3.552
3.711
0.5196
1.244
1.137
0.5737
0.08583
0.09613
0.0905
0.1518
0.1181
0.1463
0.1236
0.1209
0.1268
0.107
0.1001
1.62
3.394
2.365
0.9125
1.009
0.4646
1.216
1.213
0.4768
0.1852
1.083
0.6462
0.9979
0.2911
3.162
4.767
0.6844
0.724
1.315
2.353
1.633
1.706
1.103
1.831
0.2071
0.3338
0.605
0.6271
0.6248
3.784
5.035
0.7935
0.6905
1.12
0.2502
0.2338
0.1965
0.5287
1.199
1.271
0.8133
1.35
0.1886
0.1457
0.09975
0.1339
0.1104
0.1499
0.108
0.09165
0.07324
0.08936
0.09975
0.0885
0.1085
0.8545
2.139
5.17
4.926
2.209
0.5035
1.14
1.329
0.8804
0.7294
1.221
0.4059
0.5348
0.8347
4.944
3.024
1.318
2.289
3.143
0.8362
2.109
0.7637
0.4486
0.5043
0.3273
3.284
4.913
1.788
0.6851
1.311
0.7622
1.517
1.25
2.246
3.864
4.053
0.8438
1.25
5.072
1.059
0.8179
0.9918
0.2968
1.401
0.6424
0.8972
4.907
1.466
0.489
1.401
1.151
0.4272
1.163
0.5791
0.3929
0.5157
0.5737
3.607
4.926
0.7797
2.505
3.18
1.067
2.386
0.7652
1.43
1.245
0.7874
1.172
3.857
4.718
1.932
1.266
2.145
3.717
2.719
0.695
1.642
0.7385
1.605
1.102
1.059
3.741
4.419
2.823
1.901
0.1307
0.1137
0.1322
0.1013
0.1215
0.09651
0.149
0.08831
0.1163
0.09203
0.09508
0.1181
2.979
3.333
3.497
1.965
0.2689
1.43
1.355
0.9872
1.506
5.432
2.463
0.7599
1.247
3.595
5.67
0.972
1.108
1.346
1.163
3.918
5.621
1.25
2.927
3.162
1.05
2.246
1.155
2.46
4.98
0.943
0.576
1.195
0.4921
0.5051
0.3864
5.042
4.065
0.5219
1.189
0.5646
0.531
0.5791
1.996
5.481
2.713
0.7828
1.407
0.9232
0.9094
1.215
0.1638
1.07
0.5302
1.183
1.395
1.129
0.7538
0.07868
0.5524
0.9476
3.741
2.078
1.218
1.779
0.4761
1.448
1.132
0.5997
1.494
0.9308
4.132
2.402
0.5028
1.34
1.364
3.326
4.51
0.8545
1.303
1.657
4.846
4.181
0.6454
0.1347
0.2266
1.407
3.012
2.612
0.9583
2.014
0.4959
1.373
0.3227
1.183
3.357
2.435
1.198
1.959
1.021
1.578
4.517
3.833
0.1551
1.03
1.91
4.968
2.441
0.4936
0.5356
1.773
5.444
2.451
1.373
4.388
0.8896
2.295
0.5112
1.479
1.254
4.797
4.108
0.3014
0.4547
1.271
0.2937
0.354
0.5997
1.84
1.645
4.913
3.815
0.5394
1.25
3.754
4.712
0.7652
0.6721
1.202
1.234
3.006
5.365
0.856
0.8301
0.5737
0.6638
2.676
5.31
1.898
1.312
1.335
0.975
0.6523
5.017
3.662
1.028
1.472
5.28
4.144
0.7614
0.6645
1.74
1.761
4.944
3.778
0.7492
1.259
4.181
4.895
0.7828
0.8408
1.526
0.544
1.407
1.347
0.6599
1.361
1.031
1.199
1.234
1.196
4.846
1.448
0.724
1.085
2.032
3.091
1.234
2.475
0.444
1.364
0.9506
0.9613
1.494
0.4128
1.509
1.215
2.921
5.505
2.432
1.474
0.5844
0.5859
1.022
5.554
2.399
0.9537
1.648
4.926
1.889
0.7172
1.265
0.6538
1.66
1.036
0.7523
1.285
0.8148
1.337
1.254
0.6035
0.7584
3.564
2.646
0.6607
1.433
0.7065
2.838
3.006
0.885
2.029
0.6447
1.028
0.1181
0.1453
0.1266
0.1358
0.1173
0.1362
0.1125
0.1368
0.1219
0.1331
0.1251
2.747
3.87
2.527
1.051
1.019
0.9033
1.245
0.02184
0.1287
0.1482
0.1293
0.135
0.1112
0.1265
0.1389
0.1434
0.1213
0.115
0.1217
2.328
3.558
4.669
1.999
0.4959
1.155
1.372
0.3761
1.37
0.4211
1.556
1.514
1.016
0.8408
1.414
0.9613
0.8179
4.449
4.114
0.6256
0.9567
0.9048
0.02031
0.309
1.476
1.05
1.454
5.389
1.329
0.544
1.999
2.988
1.254
2.261
1.227
1.27
0.4723
1.451
3.516
2.048
1.852
1.338
1.239
0.2068
2.292
3.125
0.737
2.417
2.173
1.733
1.183
2.481
0.6798
1.456
0.4005
0.5615
1.62
4.681
1.114
3.687
1.323
1.608
2.432
1.266
2.621
5.402
1.016
0.7568
0.5577
2.203
4.84
0.75
0.3326
0.2888
0.3445
0.3139
0.2071
0.02203
0.02098
3.223
6.055
1.195
0.5264
0.7774
0.3059
4.694
4.858
0.8286
0.6561
1.338
0.3513
1.593
0.7103
1.172
1.472
0.8011
1.852
4.773
3.864
0.7675
0.6432
1.21
0.3067
0.2842
0.2346
1.562
1.294
0.5905
1.344
0.7401
1.178
0.2209
0.2293
0.9018
1.669
1.346
0.6065
1.196
3.064
5.237
1.883
0.7477
1.62
0.9399
1.06
1.163
1.384
0.8591
1.103
0.7332
1.303
1.581
0.9903
3.497
4.016
0.4578
1.344
1.221
3.51
5.231
1.234
0.8499
1.428
1.225
2.795
5.096
2.151
0.6508
1.476
0.1019
0.1244
0.1137
0.1198
0.1116
0.1331
0.1133
0.1337
0.1223
0.1215
0.1413
3.302
4.065
4.871
3.571
0.8423
