0.04129
0.2838
0.08011
0.0308
0.03567
0.03138
0.04988
0.02871
0.0968
0.03042
0.03462
0.0247
0.04053
0.02928
0.07133
0.03538
0.03557
0.02909
0.03004
0.03033
0.07992
0.03309
0.03424
0.02623
0.03643
0.02651
0.03119
0.03119
0.03262
0.03061
0.02794
0.02956
0.05713
0.05827
0.02737
0.02575
0.03033
0.02308
0.03119
0.02642
0.033
0.0226
0.02527
0.02556
0.02499
0.07401
0.02584
0.02317
0.03338
0.02775
0.0248
0.07286
0.03262
0.03071
0.02546
0.03023
0.02127
0.04034
0.02899
0.02604
0.02069
0.02251
0.02899
0.0226
0.02022
0.07248
0.02651
0.02127
0.01888
0.01631
0.01822
0.06561
0.01831
0.01631
0.01917
0.01831
0.0617
0.01841
0.01726
0.0205
0.0267
0.01612
0.06075
0.01831
0.01574
0.01736
0.01431
0.0164
0.06065
0.01745
0.01707
0.02193
0.01593
0.02069
0.05646
0.01888
0.01783
0.01945
0.01574
0.01421
0.01392
0.01831
0.01669
0.02785
0.01087
0.02298
0.09956
0.01183
0.01345
0.01631
0.01822
0.01307
0.06037
0.01812
0.01507
0.01278
0.01431
0.01049
0.02375
0.0186
0.01373
0.02003
0.01888
0.02747
0.06876
0.01793
0.01192
0.01469
0.01373
0.007629
0.06371
0.02851
0.01183
0.01583
0.01879
0.005627
0.06247
0.01163
0.01364
0.01526
0.01535
0.01736
0.02127
0.02975
0.01459
0.01345
0.01516
0.01202
0.01545
0.02127
0.01354
0.04501
0.03061
0.02203
0.03834
0.0205
0.01173
0.01173
0.01612
0.01316
0.03166
0.01659
0.02556
0.01879
0.01717
0.02165
0.06094
0.0329
0.02327
0.02069
0.08392
0.03967
0.03157
0.02394
0.01974
0.02432
0.3418
0.02985
0.02632
0.03405
0.03958
0.02966
0.06418
0.02375
0.02279
0.03681
0.01802
0.02308
0.07648
0.02403
0.01688
0.02069
0.0185
0.02584
0.0289
0.0349
0.02632
0.03939
0.0247
0.02289
0.02518
0.01965
0.02337
0.0288
0.02356
0.02098
0.03319
0.02613
0.02661
0.0268
0.02213
0.02565
0.02127
0.02289
0.02279
0.03366
0.02832
0.02689
0.02279
0.02375
0.02623
0.02394
0.02623
0.03395
0.03519
0.02708
0.02832
0.02537
0.04549
0.02127
0.03319
0.03386
0.03614
0.03452
0.03548
0.02003
0.0351
0.03185
0.03109
0.02995
0.02861
0.03138
0.1543
0.07191
0.04444
0.03529
0.02956
0.03462
0.03099
0.03986
0.0412
0.03757
0.03881
0.03843
0.04644
0.0433
0.05083
0.03662
0.03738
0.0309
0.03796
0.03462
0.04358
0.0411
0.05207
0.03395
0.04072
0.04835
0.05713
0.07439
0.03729
0.04301
0.03901
0.03662
0.05264
0.3227
0.111
0.06981
0.037
0.04177
0.04044
0.03185
0.02594
0.0411
0.1749
0.03414
0.04692
0.03958
0.04768
0.03481
0.02747
0.03328
0.03119
0.03748
0.04883
0.0556
0.0349
0.04368
0.04501
0.02975
0.02518
0.02975
0.02642
0.02174
0.03223
0.03033
0.03376
0.03691
0.04072
0.02661
0.03033
0.03986
0.03452
0.03777
0.04272
0.04644
0.05026
0.02842
0.03052
0.03853
0.04158
0.05312
0.03338
0.05741
0.06561
0.05131
0.03529
0.04864
0.0432
0.05608
0.0433
0.03805
0.03576
0.0371
0.03405
0.03815
0.04101
0.03614
0.02661
0.05093
0.02775
0.03424
0.02499
0.03309
0.03347
0.03862
0.03815
0.0248
0.03052
0.0248
0.03757
0.03834
0.02861
0.01574
0.02661
0.02003
0.01755
0.01898
0.02403
0.01879
0.02804
0.0186
0.02165
0.0164
0.01478
0.01535
0.01698
0.02337
0.01841
0.01678
0.01755
0.01812
0.01421
0.0164
0.01316
0.01392
0.02899
0.01354
0.01717
0.0145
0.01879
0.03414
0.01526
0.02441
0.01745
0.01297
0.01593
0.01564
0.01135
0.01125
0.01602
0.01869
0.01745
0.05455
0.01755
0.01392
0.01764
0.01793
0.02441
0.0206
0.01602
0.01631
0.01869
0.0103
0.01173
0.01192
0.01869
0.01345
0.01392
0.01411
0.01659
0.01431
0.02413
0.01907
0.01497
0.01507
0.02775
0.01564
0.01936
0.02155
0.0227
0.01478
0.01707
0.02155
0.01469
0.01707
0.01755
0.01945
0.01631
0.01669
0.02375
0.0123
0.02556
0.02069
0.01736
0.02203
0.03586
0.03061
0.02069
0.0268
0.01593
0.01745
0.02241
0.02747
0.04368
0.03796
0.02136
0.02289
0.02098
0.2968
0.02728
0.02947
0.03748
0.01965
0.02041
0.03042
0.02823
0.02756
0.02317
0.02728
0.01459
0.02012
0.01965
0.02365
0.02337
0.02451
0.02537
0.01879
0.03033
0.03605
0.02699
0.02584
0.02508
0.02098
0.02193
0.02918
0.03176
0.0205
0.0268
0.02451
0.02213
0.02556
0.02604
0.0247
0.0288
0.03586
0.02947
0.02804
0.02413
0.02556
0.02909
0.02518
0.03967
0.04416
0.02766
0.02499
0.03271
0.02642
0.02737
0.0288
0.02556
0.02766
0.03357
0.0268
0.02308
0.03309
0.03052
0.02708
0.02794
0.02699
0.02604
0.02804
0.03233
0.02518
0.02155
0.02556
0.02708
0.03023
0.03109
0.02699
0.02518
0.04044
0.02813
0.02546
0.02728
0.02575
0.03653
0.0268
0.02661
0.03252
0.02642
0.03405
0.04091
0.02394
0.04473
0.02928
0.02947
0.03471
0.04358
0.04044
0.03624
0.03614
0.03967
0.04749
0.04225
0.05054
0.03901
0.0392
0.309
0.0288
0.03576
0.03548
0.0351
0.03357
0.03672
0.02737
0.03262
0.03777
0.02718
0.02518
0.02718
0.02747
0.03462
0.04082
0.03366
0.03929
0.0248
0.02747
0.02794
0.02632
0.03119
0.04253
0.04063
0.04864
0.03862
0.02565
0.02613
0.02146
0.03119
0.03052
0.03643
0.037
0.0308
0.04263
0.02785
0.02584
0.02804
0.03109
0.02689
0.02728
0.02632
0.02871
0.02489
0.02871
0.03557
0.02995
0.02861
0.03014
0.03519
0.02499
0.02403
0.01755
0.03309
0.03223
0.03519
0.02995
0.0351
0.03595
0.03653
0.02594
0.03233
0.02871
0.02413
0.02232
0.02375
0.02575
0.02403
0.02813
0.01812
0.02346
0.02098
0.01583
0.0247
0.02632
0.02213
0.02422
0.02604
0.02003
0.02069
0.02327
0.02146
0.02728
0.02394
0.02604
0.0247
0.0248
0.02375
0.02117
0.02651
0.02041
0.01459
0.01774
0.01802
0.02012
0.01793
0.0144
0.01354
0.01488
0.0124
0.01383
0.01678
0.01459
0.01469
0.01545
0.01516
0.01287
0.01564
0.01411
0.01354
0.01383
0.01659
0.01612
0.01879
0.01478
0.0164
0.0124
0.01211
0.0452
0.01812
0.01545
0.0145
0.01583
0.01431
0.01259
0.01326
0.02069
0.0145
0.01383
0.01421
0.01564
0.01583
0.01011
0.01068
0.0123
0.01726
0.01221
0.01736
0.02594
0.01211
0.01411
0.01926
0.01106
0.02136
0.01898
0.02556
0.01831
0.01478
0.01659
0.02279
0.01955
0.01879
0.01783
0.02584
0.01965
0.0185
0.28
0.02165
0.01659
0.02861
0.02813
0.03214
0.02241
0.01717
0.01802
0.01869
0.01259
0.01631
0.02346
0.02174
0.01736
0.02308
0.01612
0.02193
0.0185
0.01469
0.01898
0.01926
0.02117
0.01268
0.02146
0.02089
0.02213
0.02909
0.02213
0.02346
0.02079
0.02499
0.02108
0.02174
0.02241
0.02489
0.04339
0.01974
0.02213
0.02346
0.02403
0.02289
0.03633
0.02718
0.01755
0.02317
0.02337
0.02861
0.02346
0.02441
0.02728
0.02556
0.02174
0.02527
0.0226
0.02718
0.02623
0.02537
0.02375
0.03366
0.02642
0.02565
0.02556
0.02546
0.02623
0.02584
0.0248
0.02661
0.02995
0.02193
0.02623
0.0268
0.02146
0.0309
0.02575
0.02289
0.02785
0.02975
0.03166
0.04902
0.03881
0.05302
0.05522
0.03071
0.02842
0.02861
0.01526
0.04416
0.03681
0.04578
0.04568
0.02699
0.04454
0.02632
0.02737
0.02518
0.03691
0.0411
0.03958
0.03538
0.02823
0.02928
0.03862
0.03834
0.03262
