0.02346
0.02604
0.02604
0.02604
0.02346
0.02604
0.02604
0.02604
0.02604
0.02604
0.02604
0.02604
0.02604
0.02604
0.02604
0.02604
0.02604
0.02604
0.02604
0.02604
0.02346
0.02604
0.02604
0.02604
0.02346
0.02604
0.02604
0.02604
0.02346
0.02604
0.02346
0.02604
0.9766
1.929
14.55
23.63
25.0
28.66
36.43
35.5
25.98
36.96
29.59
7.874
24.24
38.43
38.48
39.6
33.94
34.38
33.4
11.47
33.79
39.16
39.45
39.31
33.45
37.35
22.12
10.49
32.86
38.72
38.38
39.7
31.49
37.7
22.12
1.999
21.29
40.33
40.67
40.48
31.93
37.84
27.29
35.99
25.59
15.55
18.07
15.58
12.65
29.35
39.36
39.11
38.23
18.58
33.5
28.81
11.38
39.65
39.45
40.23
32.96
37.5
26.9
13.21
13.79
26.37
40.14
41.02
41.36
33.15
34.18
19.56
15.65
18.19
13.62
29.59
39.31
39.55
39.79
36.82
32.42
16.36
38.13
39.94
41.36
37.26
36.23
20.14
20.17
18.38
19.17
19.17
17.7
20.65
5.518
0.1667
6.433
22.36
32.52
28.17
12.99
16.7
23.29
39.45
39.5
39.75
30.22
36.72
27.93
19.78
18.85
16.36
16.24
15.94
15.5
25.15
31.25
15.43
14.14
39.31
38.23
39.01
39.4
30.32
33.89
10.96
35.25
37.84
38.82
38.72
30.62
32.81
19.43
18.99
14.7
15.33
20.63
30.76
14.99
27.93
31.88
18.7
18.36
16.92
19.56
15.31
15.45
16.99
16.55
8.398
0.1511
0.06247
0.02604
0.02604
0.02079
6.543
17.09
15.48
14.62
16.14
17.02
16.46
11.44
20.87
31.05
18.9
16.87
17.7
16.65
18.41
18.55
15.82
26.66
30.57
20.43
1.031
0.5363
0.05207
0.02604
6.433
21.39
28.03
28.56
14.5
19.38
18.68
15.45
16.65
12.82
13.79
14.23
22.88
28.71
23.44
15.72
16.99
16.26
26.76
29.15
18.43
0.9628
0.4585
0.03643
6.274
13.13
27.44
28.91
18.38
15.89
4.572
7.507
14.67
16.26
12.57
14.65
17.85
16.72
18.16
14.89
14.62
15.38
15.11
19.19
30.81
11.44
0.8118
0.3853
6.152
14.36
15.04
25.49
26.46
13.96
12.6
13.01
14.23
13.28
14.18
14.23
10.73
21.97
29.05
25.0
13.67
16.43
19.12
29.15
28.81
9.241
0.7812
0.2918
5.713
13.99
15.01
23.39
27.54
13.06
15.28
16.26
14.09
15.48
14.28
16.72
15.94
16.82
28.86
29.98
15.6
15.67
11.13
0.198
0.0885
0.02604
0.02604
0.03128
9.192
15.43
16.94
16.31
14.48
16.09
27.88
29.69
18.07
11.01
22.51
30.62
24.32
13.48
13.89
21.51
12.65
5.951
5.017
0.1719
0.1093
0.03128
0.02604
0.02079
6.384
12.39
12.28
15.31
17.5
16.58
16.24
15.62
12.46
15.84
12.89
14.16
11.49
12.16
12.74
14.5
11.24
12.44
7.886
0.1667
0.06771
0.02079
0.03128
0.02079
6.787
22.07
20.39
20.73
22.49
18.8
14.99
13.21
11.57
22.19
35.99
35.84
37.01
38.72
38.48
37.89
41.41
39.4
39.75
40.67
40.04
38.92
37.99
39.16
39.6
22.31
25.34
36.96
26.71
41.99
37.84
29.39
31.01
16.67
24.8
39.16
39.16
30.08
39.21
8.813
39.11
41.02
39.5
39.06
39.75
39.94
40.33
38.87
38.77
38.77
39.21
38.62
38.38
38.57
40.58
37.01
25.93
39.79
39.21
40.23
30.81
31.15
33.69
14.4
24.34
40.04
39.11
39.26
39.79
39.5
39.75
40.33
38.53
38.18
39.5
40.97
37.89
38.33
37.65
36.52
25.0
24.98
39.79
40.38
39.4
25.98
27.83
27.78
19.36
7.349
21.58
35.45
38.33
38.23
37.84
37.45
35.45
35.74
37.06
37.11
37.84
37.21
35.84
35.21
36.04
36.67
35.99
27.83
15.53
30.42
34.77
35.99
35.99
26.42
30.71
30.62
16.31
3.412
34.23
35.6
35.89
35.11
35.99
34.72
34.81
36.33
36.38
36.33
35.64
35.79
33.4
33.25
33.35
33.94
34.67
33.94
13.01
25.78
35.79
27.1
36.43
30.37
23.49
26.12
24.44
13.67
7.043
35.21
35.69
35.64
36.18
35.45
35.5
35.35
33.84
33.01
34.96
35.21
35.21
33.89
34.96
35.01
35.35
34.28
33.25
11.58
19.26
33.54
33.15
35.35
33.06
24.15
28.22
26.95
11.72
15.26
32.32
32.37
32.91
33.06
33.69
34.13
35.45
35.21
35.99
35.3
34.38
33.3
34.42
35.06
35.45
31.88
35.06
35.16
20.43
25.29
31.88
28.22
33.74
33.5
25.98
29.54
26.03
10.94
6.049
35.94
36.23
32.32
32.86
30.86
6.25
26.37
35.6
26.95
35.99
19.34
36.47
35.5
30.81
24.19
27.54
32.52
24.73
34.03
27.39
31.54
26.95
11.19
37.35
37.21
28.08
30.81
23.07
34.38
25.34
20.24
20.21
16.8
21.34
29.98
18.33
35.6
28.56
23.73
38.18
20.48
32.08
35.25
11.76
3.043
32.52
37.21
40.23
41.16
41.31
41.55
41.8
41.31
39.75
39.99
40.58
41.31
41.99
41.21
40.04
18.19
15.21
20.29
22.61
23.02
22.97
20.12
19.41
20.09
27.88
27.29
22.68
4.529
22.85
22.14
21.9
22.39
24.46
24.22
24.58
25.54
25.05
26.22
24.95
38.72
39.89
40.53
40.77
40.82
40.92
40.97
41.26
26.95
12.21
22.56
41.75
42.29
40.67
29.0
34.18
27.29
3.833
41.11
41.5
41.7
41.41
39.5
39.01
38.82
40.62
40.97
41.85
40.92
39.65
39.06
38.67
39.21
18.29
21.24
33.3
41.41
39.55
32.86
33.89
32.23
12.45
30.13
21.58
18.8
22.02
15.62
15.92
15.36
16.26
10.46
24.15
16.87
14.94
17.8
13.48
24.12
25.88
32.96
27.44
14.11
28.22
3.461
0.5157
38.09
39.36
40.09
40.43
40.19
40.38
40.97
41.11
40.82
40.87
41.26
41.46
41.16
40.43
40.43
14.09
13.84
33.15
39.06
41.5
38.18
33.98
31.84
13.45
20.97
26.61
27.93
35.6
28.81
19.02
23.0
24.12
20.24
23.36
30.22
32.81
13.11
20.48
40.43
40.43
40.48
39.01
37.94
39.4
39.99
39.26
40.62
40.38
40.23
38.77
38.48
40.28
40.04
18.26
23.88
37.6
37.11
40.58
32.57
32.23
26.22
12.67
21.95
32.71
24.71
14.72
20.63
25.2
32.37
25.29
12.84
13.33
25.29
34.91
22.24
21.95
34.42
27.49
6.604
7.471
15.8
19.31
21.46
16.65
16.75
19.87
21.19
19.58
17.24
16.63
20.07
19.92
18.68
26.42
32.91
21.9
20.83
33.11
26.95
7.275
0.6561
0.1511
0.02604
0.02604
0.02604
0.03128
0.02079
0.03128
0.02079
0.03128
0.02604
0.02604
0.02604
0.02604
0.02604
0.02604
0.02604
19.78
19.95
21.41
20.04
21.73
18.68
21.44
21.61
22.31
22.53
21.61
