0.2514
0.1892
0.3086
0.3326
0.1877
0.4524
0.3082
0.1242
0.3551
0.2045
0.1957
0.37
0.1612
0.3609
0.02441
0.00124
0.0005722
0.0
0.0
0.2453
0.2567
0.001431
0.1213
0.1642
0.1324
0.2708
0.1591
0.4517
0.1522
0.2331
0.2316
0.2087
0.3788
0.2419
0.1984
0.5524
0.3712
0.2033
0.172
0.602
0.7996
1.108
1.073
1.195
2.332
4.144
4.413
3.424
0.7439
0.1471
0.161
0.1961
0.2327
0.211
0.3819
1.39
2.414
2.362
2.405
5.609
2.734
3.925
0.7736
9.537e-05
0.2464
1.193
1.608
1.91
1.889
3.857
4.669
4.309
0.8392
0.3132
2.216
2.313
2.322
1.965
5.792
3.552
2.917
0.2312
0.2094
0.1478
0.2808
0.156
0.5661
0.8865
1.19
1.74
1.889
2.267
6.653
4.083
1.923
0.1759
0.2468
0.2758
0.1352
0.2979
0.5501
0.1429
0.3387
0.1823
0.4517
0.2319
0.2361
0.235
0.3643
0.3002
0.4204
1.363
1.411
1.791
1.767
1.935
5.176
3.552
4.102
1.077
0.2567
0.1463
0.441
0.1335
0.4951
0.4189
0.4433
0.3189
0.3716
0.6302
0.3246
0.173
0.3651
0.3639
0.5127
0.1675
0.2968
0.09918
0.9796
2.304
2.383
2.554
2.408
2.548
2.225
2.585
2.707
2.719
2.719
2.798
2.448
2.554
1.959
2.332
2.451
3.949
8.057
5.621
5.774
7.825
11.63
7.715
8.704
5.536
5.493
4.449
2.597
2.377
0.3387
0.3475
0.3822
0.3277
0.1339
0.3551
0.5295
0.07725
0.3906
0.4059
0.425
0.3922
0.3628
0.37
0.0
0.0004768
0.0
0.0
0.0
0.0
0.0002861
0.08459
0.441
0.2075
0.2357
0.3944
0.3395
0.1617
0.3159
0.4417
0.1081
0.124
0.1144
0.4631
0.293
0.1257
0.2785
0.2064
9.537e-05
0.0
0.0
0.0
0.0
0.0
0.0
0.03004
0.3532
0.3761
0.3071
0.3887
0.3944
0.4501
0.1867
0.37
0.1675
0.3475
0.1326
0.2296
0.1831
0.1751
0.2041
0.1614
0.0
0.0
0.0
0.0
0.0
0.0
0.0
0.002956
0.4967
0.3857
0.4639
0.1284
0.09584
0.214
0.2262
0.214
0.2316
0.2781
0.2686
0.1831
0.3201
0.7713
0.9445
0.4288
0.0
0.0
9.537e-05
0.0
0.0
0.0
0.0
0.0
0.1368
0.1633
0.1097
0.1331
0.1007
0.1143
0.737
0.3838
0.1148
0.08373
0.3273
0.1953
0.6615
0.1575
0.2163
0.1661
0.0001907
9.537e-05
0.0
0.0
0.0
9.537e-05
0.0
0.04301
0.7271
0.4646
0.309
0.3685
0.3033
0.4555
0.4639
0.4288
0.4921
0.6042
0.1656
0.1844
0.1862
0.1944
0.1373
0.1511
0.0005722
0.0
0.0
0.0
0.0
0.0
0.0
0.0
0.03643
0.5539
0.128
0.1463
0.2857
0.1747
0.1678
0.1341
0.1656
0.5241
0.1757
0.3433
0.1865
0.1343
0.1429
0.1196
0.0003815
9.537e-05
0.0
0.0
0.0
0.0
0.0
0.0
0.008392
0.2232
0.1328
0.2911
0.4494
0.139
0.3044
0.1165
0.425
0.1957
0.3536
0.1009
0.2266
0.1072
0.6577
0.164
0.2243
0.2422
0.1863
0.0003815
0.0003815
0.0
0.0
0.01659
0.8102
0.766
0.3704
0.1152
0.1575
0.3063
0.1593
0.7706
1.199
1.553
1.54
1.993
2.243
2.264
1.889
1.645
1.642
1.408
1.137
1.125
1.154
1.041
1.32
1.477
2.002
1.999
2.017
1.895
1.651
3.375
6.091
7.336
5.048
7.08
10.12
9.167
8.093
10.86
5.676
4.254
2.713
2.023
0.5341
1.74
1.372
1.231
1.227
1.286
1.251
1.199
1.199
1.544
1.746
1.825
1.63
1.74
1.831
1.755
1.743
2.393
2.6
2.478
2.46
2.054
6.531
7.239
9.46
13.09
9.741
8.85
6.274
4.602
4.419
3.625
1.929
1.076
0.8942
1.318
1.736
1.706
1.492
2.377
2.032
1.929
1.898
2.048
2.084
1.877
2.09
2.371
2.399
2.17
2.322
1.633
1.877
2.029
5.768
7.104
5.432
5.804
8.35
9.448
7.153
7.568
10.56
6.024
4.431
3.302
0.9216
1.971
2.393
2.432
1.901
1.831
1.587
1.537
1.761
1.773
1.685
1.797
1.743
2.029
2.142
1.993
2.078
1.859
1.654
1.315
1.688
1.36
1.231
1.788
2.856
5.194
4.767
8.801
11.32
11.95
9.851
6.531
3.833
4.565
2.82
1.599
0.7706
1.276
1.883
1.953
1.73
1.608
1.614
1.335
1.367
1.408
1.442
1.549
1.424
1.306
1.451
1.559
1.384
1.312
1.611
1.788
3.015
5.768
7.373
5.261
9.485
12.05
9.644
7.874
8.63
3.607
2.844
4.388
2.414
2.148
0.4158
1.608
1.73
1.88
1.721
1.436
1.294
1.228
1.132
1.581
1.477
1.709
1.993
2.048
1.654
1.74
1.993
1.971
2.081
6.641
7.214
7.556
7.849
9.058
7.263
9.021
6.726
6.091
4.407
4.388
2.826
2.249
0.4616
1.17
1.678
4.108
4.675
2.759
0.3567
0.6706
0.7805
0.9293
1.019
3.345
5.194
3.503
1.401
0.1423
1.176
1.697
4.614
1.889
0.1276
1.109
1.654
4.004
1.529
0.4135
0.7431
1.036
2.869
4.065
1.346
0.4066
0.8255
0.8499
2.591
3.625
0.8163
0.798
1.489
1.614
1.648
1.804
1.996
2.042
1.959
1.782
1.648
1.767
1.834
1.852
1.654
1.617
1.527
1.414
1.138
1.184
0.9354
1.117
0.9552
1.085
1.277
7.959
4.889
4.626
6.177
5.066
8.044
7.776
7.776
4.419
6.299
5.78
5.396
5.011
2.469
2.298
1.807
2.02
2.142
2.011
2.008
2.231
2.1
2.325
2.795
2.811
2.405
2.527
2.295
2.466
2.606
2.383
2.228
2.914
6.244
12.4
11.4
10.67
8.923
8.105
5.731
4.034
4.846
2.869
2.145
0.5043
0.8987
0.9338
1.027
1.385
2.335
2.148
2.261
2.399
2.377
2.298
2.408
2.484
2.243
2.213
2.014
2.194
1.99
1.877
2.02
1.962
2.301
10.12
7.434
9.229
12.17
10.06
8.313
5.743
4.694
3.729
2.185
2.982
0.9262
1.486
1.53
1.782
1.886
2.078
2.182
2.93
2.731
2.869
2.756
2.505
2.515
2.38
2.264
2.02
1.965
1.959
1.923
1.974
3.906
7.849
6.58
8.862
11.84
9.668
9.46
6.946
6.372
3.149
1.941
0.7874
0.7477
0.2682
1.051
0.2911
0.09727
0.1022
0.3246
0.1511
0.8102
0.3906
0.7378
0.531
0.4959
0.1383
0.2346
0.2121
0.4768
0.4395
1.35
1.378
1.32
1.703
1.947
1.801
1.981
2.029
1.91
2.002
2.011
2.191
2.167
1.852
1.709
1.575
1.642
1.944
1.99
2.026
1.74
7.275
5.878
7.581
6.519
8.765
11.71
7.898
8.74
5.463
5.737
1.932
3.198
0.3654
0.3998
0.3193
0.3162
0.3185
0.296
0.375
0.2979
0.2079
0.2136
0.3742
0.5447
0.3864
0.3784
0.2708
0.5028
0.2178
0.0
0.0
0.0
9.537e-05
0.0
0.0
0.0
0.0
0.0
0.0
0.0
0.0
0.0
9.537e-05
0.0
0.0
0.0
0.0
0.0
0.0
0.04816
0.573
0.3864
0.6577
0.798
0.2651
0.1163
0.0948
0.33
0.3998
