0.02604
0.02604
0.02346
0.02604
0.02346
0.02861
0.02604
0.02604
0.02604
0.02861
0.02604
0.02861
0.02604
0.02604
0.02346
0.02861
0.02346
0.02604
0.02346
0.02861
0.02604
0.02604
0.02604
0.02861
0.02604
0.02604
0.02346
0.02604
0.02346
0.02861
0.02346
0.02604
0.02346
6.689
16.82
15.23
18.65
12.55
0.211
0.09899
0.02346
0.02604
0.02604
0.6172
21.56
36.67
29.69
15.6
29.05
37.26
18.68
18.85
13.13
36.91
36.23
37.65
37.4
37.3
37.4
36.33
33.5
7.837
33.59
38.04
37.01
35.84
35.79
34.91
36.52
36.38
37.35
37.74
37.74
37.84
38.04
37.26
37.74
36.38
36.72
35.16
34.13
33.45
32.13
32.03
29.49
29.64
32.37
32.86
34.77
34.77
33.69
25.1
10.28
9.387
9.741
9.473
8.459
6.104
15.28
15.26
14.36
4.547
3.589
16.41
10.49
38.77
37.35
35.3
35.45
34.77
34.18
32.37
34.38
14.7
24.51
38.48
37.79
37.26
37.06
36.13
34.91
33.89
34.38
34.91
35.79
37.45
36.77
36.57
36.77
37.16
37.4
37.65
36.43
36.47
37.45
37.16
37.01
36.47
36.13
37.26
36.91
38.09
25.2
11.44
11.05
11.05
9.961
14.62
11.71
19.43
4.645
3.986
3.955
20.63
37.84
37.89
37.21
37.5
37.11
36.33
26.37
13.16
39.5
37.65
37.5
37.21
37.01
37.35
36.13
35.79
36.23
35.6
37.45
37.06
36.77
36.72
36.52
33.25
34.18
33.4
32.76
34.81
35.5
34.77
35.45
34.96
35.21
35.79
36.82
34.42
22.68
10.25
10.18
9.961
10.06
7.617
10.74
13.28
21.04
4.443
4.443
3.104
2.512
18.02
37.4
37.45
35.74
35.84
34.03
35.74
35.5
14.65
27.83
39.45
37.79
37.55
37.65
37.5
36.91
37.5
37.35
36.08
35.99
35.25
35.89
34.86
34.03
36.77
37.21
36.96
34.03
34.91
35.45
37.21
35.69
36.18
36.52
33.5
31.3
32.13
31.3
14.82
10.85
10.93
10.53
9.68
15.16
21.22
4.669
4.553
3.491
5.939
40.09
37.79
37.5
37.65
35.74
36.04
34.13
15.21
27.98
37.3
33.4
34.67
36.18
37.01
37.45
36.91
35.79
35.79
35.01
35.84
34.47
30.13
33.11
32.57
33.64
36.87
34.86
35.6
36.08
36.38
37.3
37.4
37.01
37.16
37.01
37.84
35.01
11.69
11.07
10.83
10.44
10.83
14.5
19.48
8.032
4.901
3.43
1.422
0.4219
0.07029
0.02604
0.02346
0.02604
0.02861
0.02346
0.02604
0.02346
0.02604
0.02346
0.02604
0.02604
0.02604
0.02604
0.02604
0.02604
0.02604
0.02346
0.02604
0.02346
0.02346
0.02346
0.02604
0.02604
0.02604
0.02604
0.02604
0.02346
0.02604
0.02604
0.02604
0.02346
0.02861
0.02604
0.02604
0.02346
0.02861
0.02604
0.02604
0.02346
0.02604
0.02604
0.02604
0.02604
0.02604
0.02604
0.02861
0.02604
0.02861
0.02604
0.02604
0.02604
0.02604
0.02604
0.02604
0.02346
0.02604
0.02346
0.02346
0.02346
0.03128
0.02604
0.03128
0.02861
0.02346
0.02346
0.02604
0.02079
0.02604
0.02346
0.02861
0.02346
0.02604
0.02604
0.02604
0.02346
0.02861
0.02346
0.02861
0.02346
0.02346
0.02079
0.02346
0.02346
0.02346
0.02079
0.02604
0.02079
0.02604
0.02604
0.02604
0.02346
0.02604
0.02346
0.02604
0.02079
0.02346
0.02604
0.02604
0.02346
0.02604
0.02604
0.02604
0.02604
0.02604
0.02346
0.02861
0.02346
0.02604
1.073
18.02
38.13
37.89
37.45
37.4
37.45
37.6
37.55
37.65
37.74
37.74
37.3
36.57
37.01
37.21
37.5
37.21
37.16
37.16
36.08
35.6
37.5
37.3
37.3
37.45
37.11
34.08
12.67
10.93
10.99
11.72
13.94
21.85
22.17
3.827
3.943
33.35
44.19
43.41
41.99
40.77
39.84
40.82
42.04
41.16
39.21
37.79
38.18
39.11
35.89
35.55
35.99
37.3
38.09
37.5
38.09
39.16
39.11
38.62
35.64
35.21
22.83
11.3
11.16
11.07
13.35
21.51
24.22
3.65
5.78
44.73
42.92
41.31
37.84
34.03
35.45
36.18
36.33
37.16
37.4
38.04
35.3
38.67
37.4
35.84
35.94
35.79
34.23
31.45
30.91
29.05
32.67
34.67
34.38
37.4
36.57
36.57
36.43
12.37
11.08
10.84
11.12
19.9
18.09
17.94
3.796
6.262
40.87
37.89
36.91
36.57
33.11
33.01
31.88
35.99
36.91
37.55
37.3
36.33
34.91
36.77
37.5
36.04
34.96
33.69
34.38
34.72
34.86
31.93
30.52
31.59
33.79
31.45
27.98
31.3
33.4
17.72
10.01
9.875
10.06
10.38
13.26
21.46
24.34
4.626
5.273
26.56
37.01
36.82
37.11
33.84
33.74
34.72
33.3
37.16
38.96
38.77
37.79
37.11
36.13
38.09
38.23
37.45
34.86
32.96
34.67
33.79
31.3
33.11
34.08
34.33
35.11
33.06
31.93
33.15
18.19
10.5
10.24
10.27
12.15
11.19
10.91
8.325
23.22
3.534
6.195
35.79
40.48
40.87
39.4
37.35
37.45
35.64
37.06
36.13
36.08
35.89
33.15
35.89
38.82
39.36
39.45
38.62
37.26
36.72
34.52
34.47
33.01
32.37
30.96
34.23
32.96
35.55
36.28
12.21
10.88
10.8
10.99
13.6
17.94
22.61
7.922
5.579
30.96
37.6
37.5
37.3
37.4
37.3
37.06
37.35
37.5
37.7
37.55
33.64
33.69
36.62
37.16
37.6
37.4
37.45
37.7
36.57
34.47
35.94
36.91
36.96
36.67
35.35
35.89
21.75
10.89
10.22
10.8
12.17
11.13
7.898
11.55
23.07
4.639
23.75
38.23
37.89
37.65
35.79
35.89
35.4
36.62
37.06
37.65
37.79
36.82
37.16
37.89
37.11
36.47
35.35
33.45
34.28
35.16
30.42
31.79
33.01
33.74
33.45
33.69
32.42
34.08
33.01
16.14
9.631
9.851
10.13
11.46
15.97
18.48
23.02
3.601
5.951
33.3
37.7
37.99
36.96
35.16
34.03
34.86
37.11
36.87
37.06
36.57
36.57
35.94
36.72
36.72
37.16
37.06
35.69
35.55
35.84
33.15
31.01
30.13
29.93
32.47
33.4
33.35
34.42
32.57
24.61
10.58
10.22
9.949
9.692
12.6
19.24
14.58
20.29
3.326
0.4738
1.578
18.53
38.57
37.3
37.94
35.11
33.79
33.06
31.74
34.47
35.84
35.84
36.82
35.3
33.94
35.94
36.82
36.33
36.13
35.4
34.57
34.28
31.59
30.57
31.05
29.98
30.18
33.64
34.57
31.35
34.57
30.66
10.89
10.01
10.02
9.473
11.62
14.11
17.92
18.46
8.997
5.524
24.39
37.7
37.84
37.4
37.21
37.5
36.82
37.79
37.6
37.45
36.67
34.91
34.23
35.79
35.4
36.28
36.91
36.87
36.82
37.11
35.69
36.04
35.06
35.21
36.23
37.35
36.77
33.69
11.49
11.0
10.99
11.83
17.46
19.02
21.14
4.053
4.492
26.51
36.47
34.57
32.62
30.62
27.98
29.83
