0.05913
0.04597
0.04749
0.04187
0.0412
0.04778
0.05341
0.04606
0.05264
0.05598
0.05302
0.04473
0.05341
0.04435
0.04272
0.05121
0.05064
0.05283
0.04845
0.05426
0.06123
0.05579
0.05674
0.05922
0.07544
0.05989
0.05541
0.0535
0.05512
0.04749
0.06781
0.06161
0.0596
0.05083
0.05894
0.0495
0.05379
0.05903
0.05331
0.05379
0.06027
0.05369
0.06084
0.04854
0.06838
0.05541
0.0639
0.05579
0.05722
0.04425
0.05159
0.0493
0.05646
0.04234
0.05693
0.04263
0.05093
0.04425
0.04444
0.03862
0.04768
0.0433
0.04196
0.03901
0.04168
0.04606
0.05131
0.04673
0.04225
0.04663
0.04892
0.0514
0.04511
0.05617
0.0494
0.04635
0.0412
0.03986
0.03939
0.03738
0.04482
0.035
0.04625
0.04387
0.04311
0.04206
0.03939
0.04215
0.03567
0.03471
0.1024
0.06485
0.05913
0.05398
0.02832
0.03471
0.04826
0.03614
0.04988
0.03843
0.03347
0.0412
0.06809
0.07572
0.02899
0.04015
0.1026
0.04845
0.03433
0.04492
0.03443
0.04358
0.0329
0.03729
0.04339
0.0349
0.04616
0.03548
0.04578
0.03805
0.05283
0.04425
0.05522
0.05379
0.04234
0.03986
0.04339
0.04072
0.04616
0.04339
0.03786
0.0371
0.03872
0.04702
0.03948
0.04845
0.03805
0.05007
0.04082
0.04234
0.04644
0.03881
0.04902
0.03958
0.04091
0.04044
0.05598
0.03271
0.03891
0.05121
0.03405
0.05322
0.04158
0.04663
0.03605
0.04225
0.04396
0.04454
0.04282
0.04969
0.04854
0.04444
0.06247
0.04644
0.04625
0.04768
0.06275
0.04005
0.04673
0.03862
0.04177
0.04416
0.05417
0.03777
0.06037
0.04454
0.04644
0.05436
0.04168
0.04978
0.04482
0.05207
0.05589
0.0473
0.05922
0.05665
0.05302
0.05875
0.0638
0.05531
0.05236
0.06208
0.05941
0.06638
0.05112
0.06161
0.06218
0.07658
0.07286
0.05865
0.06008
0.06075
0.05417
0.0556
0.07162
0.04959
0.05798
0.0618
0.07172
0.05493
0.06704
0.06676
0.1141
0.185
0.06399
0.09108
0.05302
0.06275
0.04368
0.0699
0.04377
0.06094
0.05293
0.05951
0.05913
0.06018
0.06838
0.05112
0.07114
0.05217
0.0762
0.05846
0.06971
0.04864
0.06075
0.05054
0.1431
0.07305
0.08307
0.06552
0.05798
0.06189
0.07896
0.05388
0.04892
0.07629
0.06065
0.07343
0.04864
0.06199
0.04129
0.06771
0.04873
0.06723
0.04721
0.05913
0.05331
0.06447
0.05541
0.05636
0.05064
0.06428
0.05398
0.05484
0.0638
0.04807
0.04234
0.04711
0.05598
0.05693
0.06037
0.05693
0.06819
0.05751
0.05398
0.05941
0.06447
0.1003
0.08698
0.05665
0.06437
0.06571
0.07954
0.06571
0.05121
0.07334
0.0946
0.05484
0.05264
0.06962
0.04444
0.07315
0.06781
0.0597
0.0617
0.0617
0.05064
0.06208
0.1368
0.08793
0.05274
0.05836
0.04311
0.06008
0.04997
0.05465
0.05045
0.05627
0.04244
0.06962
0.05369
0.05922
0.0555
0.04787
0.07114
0.05035
0.05913
0.05283
0.06104
0.06332
0.06151
0.06227
0.0679
0.06514
0.07944
0.05341
0.06819
0.07305
0.08583
0.06046
0.07172
0.0474
0.05846
0.05131
0.06523
0.05569
0.0742
0.06123
0.0577
0.05713
0.05217
0.06781
0.0536
0.06208
0.05951
0.06056
0.05522
0.04997
0.04463
0.06046
0.07868
0.04234
0.05007
0.0515
0.05112
0.05264
0.05741
0.05226
0.03462
0.05093
0.04807
0.04358
0.04835
0.03529
0.03996
0.04406
0.0411
0.03338
0.05207
0.04206
0.04854
0.04168
0.04463
0.04148
0.05302
0.04292
0.04816
0.02861
0.04005
0.02556
0.05779
0.05465
0.0432
0.03424
0.04168
0.05474
0.03309
0.09403
0.04234
0.04473
0.04177
0.04435
0.04988
0.05016
0.03576
0.04339
0.0351
0.03481
0.03843
0.04225
0.03624
0.04444
0.04005
0.0473
0.04654
0.05846
0.05274
0.05093
0.04292
0.03872
0.05226
0.04768
0.04473
0.0391
0.04444
0.03767
0.04454
0.04988
0.04778
0.04272
0.02937
0.0411
0.0494
0.04768
0.04358
0.04292
0.04034
0.04244
0.04511
0.04692
0.06113
0.0433
0.04911
0.04044
0.03414
0.04797
0.03786
0.03834
0.06113
0.04215
0.06313
0.03958
0.0514
0.04158
0.05016
0.04206
0.05178
0.04129
0.0495
0.05178
0.04854
0.04272
0.05627
0.04272
0.05875
0.0535
0.04148
0.04139
0.05608
0.06456
0.0556
0.06332
0.06018
0.05398
0.06914
0.06256
0.05941
0.05894
0.07343
0.06008
0.08478
0.06132
0.07229
0.06123
0.07324
0.07029
0.09384
0.06266
0.068
0.06857
0.06781
0.05894
0.07
0.05484
0.05827
0.0618
0.06332
0.06399
0.07544
0.07019
0.0556
0.06981
0.05722
0.07286
0.06371
0.05283
0.0576
0.07029
0.0845
0.06199
0.06371
0.06733
0.05455
0.068
0.05426
0.06571
0.06771
0.06533
0.05846
0.05875
0.06046
0.04921
0.06027
0.05093
0.07658
0.05875
0.04168
0.05283
0.06256
0.05159
0.06819
0.0555
0.05846
0.04454
0.06542
0.05369
0.06485
0.0536
0.05846
0.05054
0.04673
0.05255
0.03433
0.04377
0.04721
0.07715
0.04768
0.06475
0.05407
0.04606
0.04511
0.05102
0.04797
0.04358
0.04015
0.06313
0.05512
0.04969
0.04444
0.0493
0.04349
0.06161
0.04597
0.06161
0.04549
0.06971
0.05856
0.06676
0.05093
0.05388
0.04845
0.05703
0.05064
0.0495
0.05054
0.04997
0.03862
0.06628
0.05693
0.05522
0.05989
0.06695
0.0495
0.05732
0.05531
0.06542
0.09604
0.0802
0.06056
0.06342
0.05693
0.05894
0.05798
0.05817
0.06208
0.05903
0.0495
0.06847
0.06247
0.05512
0.06466
0.07887
0.0762
0.06475
0.06266
0.06399
0.06628
0.0679
0.06523
0.05846
0.06018
0.0618
0.06084
0.05646
0.05369
0.06123
0.05522
0.06428
0.06056
0.06466
0.06599
0.0597
0.05693
0.05398
0.0432
0.04416
0.04215
0.04616
0.05035
0.04501
0.06056
0.04787
0.05474
0.04187
0.04635
0.03653
0.04969
0.04272
0.04749
0.04015
0.04177
0.04253
0.03138
0.04311
0.04244
0.03853
0.03777
0.04902
0.03958
0.03958
0.03128
0.03195
0.03233
0.04082
0.03004
0.03881
0.03147
0.03672
0.02975
0.03958
0.03214
0.03109
0.01583
0.04015
0.01907
0.06056
0.02193
0.05093
0.03891
0.03424
0.03662
0.03309
0.05779
0.07877
0.03824
0.03147
0.03843
0.04721
0.03643
0.04025
0.03166
0.03414
0.03672
0.03843
0.03901
0.03099
0.03147
0.02918
0.03433
0.04025
0.02708
0.03319
0.0227
0.03605
0.03958
0.03262
0.03729
0.03109
0.03633
0.03796
0.04597
0.03119
0.0432
0.03986
0.03519
0.03567
0.03376
0.0391
0.03977
0.06275
0.04082
0.04692
0.04101
0.05112
0.04168
0.03548
0.03691
0.03948
0.03862
0.03767
0.03996
0.03662
0.03586
0.04044
0.04225
0.03691
0.03853
0.04148
0.05245
0.04053
0.04539
0.0392
0.05388
0.04759
0.0514
0.05531
0.04549
0.04082
0.05379
0.04339
0.0494
0.0453
0.05512
0.04807
0.04969
0.03347
0.06132
0.04864
0.0536
0.05016
0.068
0.05665
0.05188
0.04721
0.05035
0.05283
0.05074
0.06809
0.04969
0.06266
0.0495
0.0474
0.05236
0.04997
0.05817
0.05579
0.05188
0.05541
0.09069
0.06084
0.06237
0.06294
0.05045
0.06075
0.05178
0.04568
0.04578
0.05379
0.04654
0.04435
0.04578
0.05159
0.04425
0.04864
0.04339
0.04282
0.04072
0.04063
0.03719
0.04263
0.04711
0.04902
0.07277
0.06618
0.05426
0.05045
0.05674
0.05646
0.05016
0.04396
0.05789
0.04177
0.0782
0.0412
0.04797
0.04082
0.04225
0.03138
0.03548
0.03767
0.04091
0.04158
0.04091
0.05932
0.03624
0.0432
0.04444
0.0495
