20.29
20.83
18.07
9.082
8.96
9.045
8.923
8.569
8.777
8.801
8.74
8.777
8.96
8.435
6.409
6.409
6.409
6.409
6.409
6.934
8.887
8.472
13.48
20.51
20.83
16.48
8.936
9.29
17.68
20.85
20.63
13.09
9.045
8.984
8.557
8.655
8.752
13.55
16.43
17.26
17.77
18.16
18.46
16.97
14.77
12.49
10.13
8.936
9.021
11.94
20.29
20.85
20.56
9.705
8.923
12.87
16.36
17.29
17.87
18.24
18.65
16.16
14.01
11.44
8.508
14.11
16.46
17.29
17.82
18.16
18.46
15.99
13.33
11.46
8.496
9.021
10.17
19.29
20.83
20.09
9.216
11.77
15.99
16.99
17.65
17.99
18.31
18.51
15.8
14.09
11.38
8.728
8.984
9.045
10.66
19.92
20.83
20.07
9.302
8.997
8.936
8.899
9.058
13.72
16.38
17.21
17.75
18.07
18.33
18.24
15.62
13.33
11.36
9.546
15.26
16.55
17.16
17.7
18.02
18.26
18.51
16.11
13.84
11.16
9.143
9.705
9.094
9.192
9.924
9.619
9.338
16.48
20.83
20.61
13.77
13.89
20.68
20.83
16.7
10.35
15.53
16.58
17.26
17.72
17.99
18.33
18.09
15.6
14.06
11.45
9.57
9.302
12.77
16.28
17.19
17.8
18.24
18.38
15.67
13.16
11.71
9.607
15.33
16.67
17.43
17.9
18.21
18.36
15.55
13.55
10.19
9.033
16.04
20.83
20.83
17.33
11.73
19.7
20.85
20.61
13.77
8.459
6.482
6.409
6.409
6.409
6.409
6.848
8.838
8.972
9.033
8.862
9.241
8.228
8.85
9.399
17.92
20.85
20.85
15.45
9.29
11.99
19.82
20.83
20.21
9.802
6.592
6.409
6.409
6.409
6.409
6.775
8.752
9.07
14.06
20.78
14.67
9.265
8.777
9.607
19.63
20.46
12.13
10.82
20.7
18.21
8.96
9.155
8.752
7.886
6.409
6.409
6.409
6.409
6.409
6.75
8.545
8.716
9.253
8.704
14.04
20.8
16.82
9.094
9.143
8.948
8.862
15.45
20.78
14.99
19.36
20.65
10.84
8.887
6.58
6.409
6.409
6.409
6.409
6.787
8.997
8.667
8.582
9.448
17.8
20.68
16.85
8.826
9.338
8.899
8.728
8.63
8.765
9.363
8.582
8.875
9.326
7.471
6.409
6.409
6.409
6.409
6.409
6.738
9.033
8.887
8.984
9.009
9.009
9.131
8.875
8.826
14.23
20.75
14.23
20.58
18.65
9.216
9.204
8.85
18.04
20.73
11.65
6.787
6.482
6.409
6.409
6.714
8.752
9.351
8.887
8.655
8.752
8.923
9.631
18.04
20.85
20.78
16.6
9.131
10.16
18.87
20.83
19.41
9.253
7.727
6.604
6.409
6.409
6.409
6.409
6.714
9.045
8.411
8.74
8.496
8.923
8.521
13.7
20.78
20.83
17.55
9.326
8.521
8.691
8.472
8.459
9.082
8.728
7.825
6.433
6.409
6.409
6.409
6.409
6.702
8.765
9.595
9.473
8.887
10.02
9.497
8.582
8.63
10.53
16.06
17.24
17.87
18.31
18.6
18.95
19.17
19.29
19.48
19.56
19.73
19.87
20.04
20.12
20.24
20.48
20.65
18.41
20.68
20.61
19.85
17.99
17.02
15.28
12.24
16.82
9.509
14.09
16.19
13.87
12.52
9.509
15.8
16.94
17.43
17.92
18.19
18.36
18.48
18.63
18.82
18.95
19.07
19.21
19.53
18.68
18.24
20.85
20.83
20.85
20.75
19.87
10.21
15.99
17.07
17.68
18.14
18.31
18.51
18.68
18.85
18.97
19.17
19.24
19.43
19.56
17.6
20.04
20.29
20.63
20.68
20.36
20.34
18.8
11.02
16.28
17.21
17.8
18.19
18.43
18.6
18.75
18.92
19.12
19.26
19.43
19.51
17.21
19.82
20.83
20.83
20.43
20.02
19.53
10.05
15.55
16.89
17.46
17.99
18.31
18.48
18.6
18.75
18.92
19.12
19.14
19.31
19.36
19.6
19.73
19.17
19.8
20.87
20.85
20.85
20.7
19.17
18.92
16.14
11.12
15.75
16.94
17.31
17.63
17.97
18.21
18.38
18.48
18.65
18.77
18.95
19.02
19.14
19.21
19.46
19.58
19.73
17.41
19.29
20.78
20.65
20.53
19.78
18.99
17.36
9.424
15.21
16.7
17.33
17.82
18.12
18.38
18.48
18.63
18.75
18.95
18.97
19.14
19.24
19.43
19.58
18.85
18.21
20.75
20.85
20.85
19.68
18.43
18.29
13.28
13.23
16.55
17.29
17.72
18.14
18.26
18.41
18.53
18.73
18.85
18.95
19.12
19.17
19.38
19.53
19.73
18.09
17.97
20.19
20.85
20.85
20.31
18.82
18.21
12.96
14.14
16.28
13.18
11.78
13.31
16.24
12.99
9.216
14.92
16.63
17.38
17.85
18.24
18.46
18.73
18.82
19.04
19.14
19.24
19.46
19.73
19.19
17.8
20.75
20.63
20.65
20.34
20.09
16.43
11.36
16.16
13.04
10.66
13.13
16.16
12.87
13.28
19.34
13.4
12.7
16.33
15.53
12.7
12.5
8.716
15.09
16.8
17.5
17.72
18.19
18.33
18.51
18.7
18.8
19.04
19.24
19.29
19.51
19.58
19.73
19.36
18.36
20.7
20.83
20.75
19.51
18.19
15.5
10.88
16.06
17.11
17.65
18.14
18.43
18.58
18.7
18.82
18.95
19.14
19.34
19.34
19.56
19.7
19.85
17.33
19.51
20.36
20.85
20.51
19.36
17.9
17.68
12.37
14.23
16.46
17.21
17.53
17.82
18.14
18.29
18.38
18.53
18.58
18.75
18.77
18.87
18.97
18.97
19.17
19.17
19.17
19.34
19.34
19.36
19.46
19.58
19.82
18.31
18.43
20.43
20.83
20.63
18.43
16.43
16.26
16.26
12.4
13.57
11.52
9.021
11.43
10.97
15.26
20.31
17.26
12.06
10.21
10.79
15.43
16.33
16.87
17.48
17.92
18.26
18.51
18.58
18.65
18.82
19.02
19.14
19.14
19.31
19.46
19.53
19.65
19.73
19.75
19.92
19.14
18.8
20.43
20.83
20.85
20.85
20.26
19.04
18.6
15.94
9.631
9.973
18.8
20.21
12.72
9.46
8.728
11.52
16.02
17.21
17.63
18.07
18.33
18.46
18.58
18.6
18.77
18.77
18.77
18.97
18.97
19.17
19.17
19.17
19.21
19.36
19.36
19.36
19.41
19.6
19.75
19.75
19.75
19.75
18.46
17.58
19.56
20.0
20.51
20.48
20.48
20.41
20.19
19.02
15.82
14.65
14.33
14.33
14.23
9.912
8.777
8.752
9.07
8.386
8.679
9.717
10.64
18.68
19.9
20.26
13.28
9.167
9.082
10.95
19.73
20.85
19.73
9.644
9.009
8.728
8.765
8.972
8.862
9.387
8.887
8.752
8.875
5.908
5.505
5.438
5.444
5.444
5.444
5.444
5.444
5.444
5.444
5.444
5.444
5.444
5.444
5.444
5.444
5.444
5.444
5.444
5.444
7.336
9.436
9.827
9.497
8.655
11.94
17.58
20.07
19.65
17.24
11.69
