6.024
6.024
6.024
6.024
6.024
6.024
6.024
6.024
6.024
6.024
6.024
6.024
6.024
6.024
6.024
6.024
6.024
6.024
6.024
6.024
6.024
6.024
6.024
6.024
6.024
6.024
6.024
6.024
6.024
6.024
6.024
6.024
6.024
8.069
13.89
15.87
16.65
17.24
17.63
17.82
18.12
18.38
16.43
14.87
14.23
13.4
11.27
15.77
20.8
20.68
18.48
16.02
19.34
20.85
19.58
18.04
14.97
15.67
16.6
17.21
17.58
17.92
18.16
18.36
16.19
14.55
14.09
13.92
9.204
8.411
11.87
19.78
20.83
19.46
16.43
14.5
16.14
16.82
17.31
17.68
17.97
18.24
15.87
14.77
14.58
14.33
10.85
12.43
15.62
16.5
16.99
17.53
17.75
18.16
16.67
14.65
13.72
11.35
8.728
9.082
15.33
16.77
17.48
17.9
17.48
14.99
14.21
13.09
13.75
20.51
19.95
17.65
15.23
16.65
17.43
17.85
18.24
15.65
14.33
13.16
9.949
9.338
10.95
19.38
20.56
18.04
17.8
11.41
9.045
9.778
9.875
16.46
20.19
20.26
18.46
16.48
12.28
15.62
16.43
16.97
17.46
17.72
17.94
18.24
17.53
15.21
14.55
14.09
13.53
9.619
9.656
11.84
19.29
20.56
20.34
17.8
12.41
9.277
8.875
12.96
15.82
16.6
17.09
17.53
17.75
17.9
18.24
17.02
14.79
14.09
13.57
9.888
18.16
20.83
19.17
17.19
8.252
8.154
8.716
8.215
7.397
13.38
20.51
19.56
14.65
6.763
6.195
6.024
6.024
6.024
6.024
6.024
6.024
8.386
7.202
10.5
19.46
20.7
18.58
12.32
6.348
6.042
6.024
6.024
6.024
6.024
6.024
6.024
6.024
6.024
6.024
6.024
6.024
6.024
6.024
6.024
6.024
6.024
6.024
6.024
6.024
6.024
6.024
7.727
6.995
6.213
6.079
6.024
6.024
6.024
6.024
6.024
6.024
6.024
6.024
6.024
6.024
6.024
6.024
6.024
6.024
6.024
6.024
6.024
6.024
6.024
6.024
6.024
6.024
6.024
6.024
8.228
8.142
6.213
6.213
6.219
6.219
6.219
6.219
6.219
6.219
6.219
6.219
6.219
6.219
6.219
6.219
6.219
6.219
6.219
6.219
6.219
6.219
6.219
6.219
6.219
6.219
6.219
6.219
6.219
6.219
6.219
6.219
6.219
6.219
6.219
6.219
6.219
6.219
8.63
6.567
6.213
6.073
6.024
6.024
6.024
6.024
6.024
6.024
6.024
6.024
6.024
6.024
6.024
6.024
6.024
6.024
6.024
6.024
6.024
6.024
6.024
6.024
6.024
6.024
6.024
6.024
6.024
6.024
6.024
6.024
6.024
6.024
6.024
6.024
6.024
6.024
6.024
6.024
6.024
6.024
6.024
6.024
6.024
6.024
6.024
6.024
6.024
6.024
6.024
6.024
6.024
6.024
6.024
6.024
6.024
6.024
6.024
6.024
6.024
6.024
6.024
6.024
6.024
6.024
6.024
6.024
6.024
6.024
6.024
6.024
6.024
6.024
6.763
8.374
14.23
16.97
17.8
18.21
18.68
18.95
19.14
19.31
19.34
19.48
19.7
19.73
19.85
19.92
19.92
20.02
20.24
20.31
20.31
19.6
16.89
18.92
20.02
20.85
20.75
20.65
20.65
20.63
18.24
16.87
16.28
15.97
10.83
10.61
16.43
17.63
18.14
18.53
18.82
19.04
19.17
19.31
19.34
19.53
19.58
19.73
19.92
19.92
20.07
20.26
20.29
19.21
17.43
20.53
20.83
20.75
20.26
20.12
18.58
17.65
14.65
8.85
15.87
17.38
18.02
18.41
18.9
19.07
19.19
19.41
19.43
19.53
19.63
19.73
19.9
20.0
20.19
20.39
20.39
17.7
17.99
19.68
20.24
20.26
19.82
19.65
19.56
19.17
15.58
15.11
10.19
12.0
16.53
17.43
17.97
18.26
18.8
19.02
19.19
19.34
19.41
19.53
19.7
19.82
19.85
19.92
20.0
20.19
20.31
20.39
18.53
17.36
18.7
20.41
20.65
20.65
20.51
20.29
20.29
19.85
18.63
16.7
16.26
15.48
14.21
10.34
8.325
8.35
12.32
16.28
17.14
17.8
18.12
18.26
18.6
18.77
18.97
19.04
19.17
19.21
19.34
19.38
19.53
19.68
19.73
19.82
19.97
20.12
20.48
20.51
19.58
16.67
17.8
19.82
20.85
20.85
20.85
20.85
20.63
19.34
17.58
12.41
9.302
16.06
17.46
18.14
18.48
18.85
19.04
19.14
19.31
19.46
19.53
19.65
19.73
19.92
19.92
20.07
20.24
20.51
20.51
19.73
17.31
19.51
20.85
20.85
20.73
20.36
19.21
17.41
16.82
10.73
14.99
16.67
16.24
13.92
13.84
10.19
15.23
16.58
16.97
13.62
13.06
9.741
14.72
16.67
13.38
11.13
12.99
16.63
14.21
13.13
9.521
15.62
16.85
13.67
13.18
10.21
15.99
15.48
12.94
10.5
13.16
16.53
14.14
12.65
9.644
15.77
16.75
13.04
12.52
9.29
14.5
16.55
14.45
12.84
8.801
13.99
16.67
13.7
12.44
10.34
16.31
17.38
18.02
18.41
18.87
19.09
19.31
19.46
19.56
19.65
19.78
19.97
20.07
20.12
20.12
20.19
20.31
20.46
20.53
20.51
18.38
17.97
20.17
20.48
20.48
20.48
20.34
20.29
19.97
17.94
16.85
16.75
16.21
13.89
12.79
16.82
17.75
18.14
18.46
18.85
19.09
19.17
19.34
19.48
19.63
19.73
19.78
19.92
19.92
19.95
20.12
20.24
20.31
20.48
20.19
16.75
18.55
20.85
20.85
20.78
20.53
20.12
17.33
16.85
16.85
16.7
15.58
10.17
15.6
16.77
17.33
17.68
18.02
18.19
18.43
18.7
18.85
18.97
19.14
19.17
19.26
19.36
19.56
19.73
19.85
19.92
19.92
20.14
20.29
20.31
20.19
17.36
18.92
19.8
20.65
20.68
20.68
20.41
19.9
19.36
16.97
16.46
16.38
11.56
12.35
10.07
13.43
17.21
19.58
11.71
9.546
9.229
9.351
9.436
9.741
9.985
9.534
9.497
10.35
19.43
19.97
12.16
9.814
10.52
20.09
19.14
9.29
15.92
17.43
18.07
18.36
18.8
19.07
19.24
19.46
19.53
19.7
19.75
19.85
19.9
20.04
20.14
20.43
20.48
20.48
17.87
18.8
20.83
20.65
20.65
20.68
20.34
19.24
18.19
12.06
9.46
15.19
20.8
15.23
9.229
9.399
8.838
12.65
20.7
20.19
15.72
9.021
9.155
9.229
9.485
18.55
20.41
16.85
10.23
9.009
11.91
20.63
19.87
10.9
6.58
6.348
9.412
8.569
8.667
8.997
8.801
9.009
18.16
20.53
13.16
9.29
15.48
20.78
17.77
11.23
8.13
9.204
8.936
6.934
6.409
6.262
6.219
6.219
6.219
6.219
6.219
6.219
6.219
6.219
6.219
6.219
6.219
6.219
6.219
6.219
6.219
6.219
6.219
6.219
6.219
6.219
6.219
6.421
10.34
9.143
9.143
10.06
9.644
8.777
