0.0004768
9.537e-05
0.001049
0.009918
0.0003815
0.008392
9.537e-05
9.537e-05
9.537e-05
0.00782
9.537e-05
0.0006676
0.0005722
9.537e-05
9.537e-05
9.537e-05
0.0008583
9.537e-05
0.0003815
0.0005722
9.537e-05
0.001049
0.0002861
9.537e-05
0.0005722
0.001049
0.0
0.0
0.0
0.0
0.0
0.005054
0.0008583
0.0
0.01774
0.008202
0.008869
0.008297
0.0008583
0.0
0.0005722
0.0
0.0
0.0
0.0
0.003052
0.01574
0.0007629
9.537e-05
0.01192
0.0007629
0.001049
0.01049
0.01268
0.0002861
0.01936
0.01268
0.01068
0.009632
0.01469
0.0004768
0.01249
0.0
0.02804
0.01392
0.0
0.0268
0.02346
0.01593
0.0
0.01888
0.0102
0.01125
0.0
0.009346
0.0
0.0
0.03252
9.537e-05
0.0001907
9.537e-05
0.0004768
0.0002861
0.0008583
0.0004768
0.005054
0.0003815
0.0001907
0.0003815
0.0004768
0.004673
0.0
0.0005722
0.0001907
9.537e-05
0.0002861
0.0002861
9.537e-05
0.0008583
0.0009537
0.0004768
0.01144
0.0002861
9.537e-05
0.0
0.0002861
0.0006676
0.0003815
0.0001907
0.0004768
9.537e-05
0.0003815
0.0004768
0.0
9.537e-05
0.0003815
9.537e-05
9.537e-05
9.537e-05
0.0001907
0.0001907
0.0
9.537e-05
9.537e-05
0.0007629
9.537e-05
0.0001907
0.0
0.0
0.08659
0.007153
0.0004768
0.0
