5.444
5.444
5.444
5.444
5.444
5.444
5.444
5.444
5.444
5.444
5.444
5.444
5.444
5.444
5.444
5.444
5.444
5.444
5.444
5.444
5.444
5.444
5.444
5.444
5.444
5.444
5.444
5.444
5.444
5.444
5.444
5.444
5.939
12.27
16.63
18.04
19.19
20.02
20.61
20.43
17.11
16.8
16.04
12.6
9.07
15.8
18.33
19.7
20.46
20.46
17.04
16.99
16.28
11.67
8.521
14.16
17.16
18.8
19.75
20.48
20.41
16.99
16.48
15.21
10.61
15.45
17.6
19.12
19.95
20.65
17.72
16.24
12.87
13.77
18.31
19.9
20.65
17.38
16.75
11.61
17.04
19.12
20.26
20.51
18.21
17.94
16.72
11.54
15.26
18.04
19.63
20.46
17.82
16.85
14.16
8.984
19.43
19.9
18.41
20.75
17.24
20.75
18.02
12.44
8.85
9.338
8.85
8.911
14.06
20.7
15.99
16.7
18.75
19.97
20.75
18.14
16.77
12.92
9.155
9.766
8.899
9.644
10.25
8.752
16.65
20.75
20.53
19.09
18.68
20.75
20.68
19.7
15.72
15.55
20.85
19.73
17.94
18.19
19.63
20.65
20.07
18.9
17.82
11.4
20.07
19.56
15.6
18.7
20.07
20.73
19.63
18.51
16.58
10.52
9.79
8.74
15.89
20.51
15.99
15.41
17.7
19.51
20.48
18.75
16.97
15.67
9.79
8.936
10.07
16.02
20.53
19.29
13.6
9.961
10.12
10.11
9.888
9.021
9.814
9.412
9.375
8.032
15.53
20.73
20.41
8.63
5.737
7.837
9.009
8.472
9.167
8.63
8.948
9.302
9.094
8.777
8.948
11.96
20.43
20.12
16.21
10.53
8.374
9.094
9.094
9.998
20.19
20.7
12.18
5.853
5.646
7.739
8.618
8.557
9.106
9.021
9.167
9.021
11.38
20.8
19.12
11.01
9.082
8.643
8.887
9.766
8.887
8.74
9.167
8.777
14.58
20.78
20.68
14.18
5.933
8.167
8.887
9.058
19.31
20.78
18.75
14.26
9.875
9.79
9.216
8.972
8.948
8.374
15.92
20.78
20.78
20.73
17.5
12.22
13.7
20.78
20.8
17.65
6.702
7.983
10.69
8.557
8.887
8.789
11.98
20.41
20.78
20.78
18.36
13.53
20.78
20.75
20.7
18.24
11.93
9.009
8.838
8.582
14.38
20.78
20.78
11.89
6.042
7.8
9.644
8.972
13.38
20.68
20.78
18.87
14.77
20.61
20.8
18.99
11.78
9.192
8.936
8.777
8.948
8.862
8.813
8.472
15.84
20.78
20.43
7.275
5.957
7.605
8.813
18.33
20.73
19.78
12.92
10.07
9.07
13.65
20.75
20.75
20.68
17.46
9.436
8.765
8.813
8.606
8.386
8.398
12.96
20.63
20.8
20.14
13.43
7.703
8.435
8.435
9.119
15.87
20.83
20.83
16.31
9.29
8.606
8.215
8.533
8.643
8.435
8.191
11.67
20.17
20.8
20.75
20.51
7.471
5.975
5.835
5.835
8.386
9.192
9.973
8.96
14.26
20.8
20.78
20.7
14.21
8.264
8.606
9.521
9.729
9.766
8.215
8.435
14.01
20.8
20.8
20.8
14.53
15.58
20.8
20.78
19.95
11.52
16.16
17.48
18.63
19.63
20.26
20.58
20.85
20.85
20.85
20.85
20.83
20.83
20.85
20.85
20.85
20.85
20.85
20.83
20.85
20.85
20.83
20.83
20.85
20.83
20.85
20.85
20.83
20.83
20.83
20.83
20.83
20.83
20.83
20.8
20.83
20.83
20.85
20.83
20.48
20.39
20.19
20.02
19.9
19.87
19.87
19.7
19.48
19.46
19.46
19.48
19.46
19.46
19.04
18.92
18.58
18.19
17.63
17.31
11.32
11.98
16.53
17.9
19.02
19.92
20.53
20.83
20.83
20.83
20.85
20.85
20.85
20.85
20.85
20.83
20.83
20.83
20.83
20.83
20.8
20.83
20.83
20.83
20.8
20.8
20.83
20.85
20.85
20.83
20.85
20.8
20.65
20.39
20.36
20.24
20.12
20.09
20.04
20.07
20.07
20.0
19.85
19.87
19.87
19.87
19.85
19.65
19.68
19.68
19.38
18.68
18.36
17.6
8.569
10.55
16.14
17.53
18.38
19.14
19.7
20.19
20.56
20.75
20.85
20.85
20.85
20.85
20.85
20.85
20.85
20.85
20.85
20.83
20.85
20.87
20.87
20.87
20.87
20.87
20.87
20.87
20.87
20.87
20.87
20.87
20.87
20.87
20.87
20.87
20.85
20.85
20.87
20.87
20.87
20.87
20.87
20.65
20.41
20.29
20.12
20.12
19.78
19.38
19.31
19.29
19.31
19.31
19.31
19.29
19.31
19.31
19.31
19.34
19.24
19.09
18.73
18.38
18.21
14.31
12.48
17.04
18.04
18.36
17.99
14.45
14.01
13.82
13.21
19.48
20.8
19.51
12.06
16.5
17.63
18.41
19.04
19.41
15.97
15.06
14.77
13.82
14.31
20.29
20.8
19.63
15.21
12.65
17.21
18.31
18.41
17.33
14.72
14.48
13.06
18.53
20.83
20.75
13.94
13.79
17.43
18.21
18.68
16.36
14.7
14.67
13.31
15.65
20.51
20.8
18.8
11.52
16.33
18.12
19.31
19.92
20.48
20.73
20.87
20.87
20.87
20.87
20.87
20.85
20.85
20.85
20.85
20.85
20.83
20.85
20.85
20.85
20.85
20.85
20.85
20.85
20.85
20.85
20.85
20.85
20.83
20.85
20.85
20.58
20.36
20.29
20.12
20.12
20.09
20.09
20.07
20.04
20.07
20.04
19.9
19.65
19.48
19.48
19.29
19.14
19.17
19.04
12.74
13.72
16.97
18.19
19.09
19.78
20.41
20.75
20.85
20.85
20.85
20.85
20.83
20.83
20.85
20.85
20.85
20.83
20.83
20.83
20.83
20.85
20.83
20.83
20.83
20.83
20.83
20.83
20.83
20.83
20.8
20.56
20.31
19.9
19.14
19.09
18.73
18.68
18.6
18.29
18.31
18.12
18.14
18.02
17.97
17.97
17.63
14.92
12.92
10.25
12.19
11.49
10.56
9.753
10.5
9.985
10.19
10.13
11.58
20.39
20.29
16.97
17.85
20.8
20.46
16.33
12.65
9.277
11.6
10.56
9.973
10.89
19.7
20.78
17.97
14.43
17.68
18.92
19.85
20.51
20.78
20.85
20.87
20.85
20.85
20.85
20.85
20.85
20.85
20.85
20.85
20.85
20.85
20.85
20.83
20.85
20.85
20.85
20.85
20.85
20.85
20.85
20.85
20.85
20.85
20.85
20.85
20.85
20.85
20.85
20.85
20.85
20.85
20.65
20.58
20.36
20.29
20.26
20.07
20.07
20.07
19.87
19.8
19.68
19.36
19.31
19.31
19.29
19.31
19.12
18.7
17.7
17.43
12.4
8.984
9.521
9.265
9.68
9.46
18.58
20.8
20.8
20.61
19.26
13.77
11.01
20.0
20.8
20.43
16.36
6.201
6.03
6.03
6.03
6.03
6.03
6.03
6.03
6.03
6.03
6.03
6.03
6.03
6.042
10.97
9.363
9.961
10.83
9.473
9.973
10.72
9.839
9.399
10.25
11.76
