13.18
14.48
15.67
12.18
15.6
13.77
14.06
16.06
13.5
14.28
13.13
15.09
14.36
5.64
0.1406
0.05465
0.02346
0.02604
0.02346
0.02861
0.02346
0.02604
6.421
13.89
12.34
16.33
12.35
14.38
13.89
14.04
15.48
15.84
16.8
15.7
14.53
8.435
18.99
16.75
16.75
17.02
19.95
21.63
24.1
23.73
20.41
18.65
19.34
18.58
14.82
16.72
22.27
22.88
24.05
23.95
24.44
25.1
21.48
20.21
22.24
22.34
11.23
19.09
19.26
19.26
15.87
13.99
18.21
16.85
17.29
17.63
19.51
21.34
21.7
21.19
21.66
20.51
18.75
14.62
14.84
15.72
15.7
16.85
15.43
12.34
20.9
20.75
21.85
22.22
22.22
23.56
22.24
20.73
22.05
20.51
13.23
12.57
16.33
17.09
19.21
19.78
16.8
14.09
13.94
15.6
16.21
18.85
21.36
11.93
16.24
19.97
23.19
26.03
27.78
31.01
26.37
24.37
26.27
15.67
14.38
15.38
14.75
16.33
17.14
18.51
11.89
13.57
3.546
23.34
21.7
24.51
23.44
23.41
24.0
22.12
21.26
23.51
19.87
4.578
22.49
24.54
27.29
27.49
27.93
26.46
25.29
27.2
12.05
18.21
22.95
23.73
23.85
25.2
26.56
24.19
25.59
27.93
10.28
21.31
19.51
21.04
20.41
21.63
21.41
21.41
19.63
17.94
18.07
17.09
14.92
14.6
15.6
15.11
11.72
15.8
14.82
12.94
14.18
14.55
15.28
15.67
14.99
15.72
11.35
0.6767
0.3231
0.03128
0.02079
0.7858
14.26
14.28
16.19
18.63
22.29
23.97
13.23
14.45
13.33
15.31
17.31
18.29
21.24
15.45
14.04
14.53
15.19
15.99
17.16
16.38
17.87
7.068
0.5936
0.7706
14.55
13.84
11.58
16.63
17.02
18.29
19.07
18.12
8.85
15.62
16.85
19.75
20.24
14.45
17.58
14.01
13.96
6.677
0.1616
0.06771
0.02604
0.02604
0.02604
0.6248
14.36
17.87
17.82
16.67
15.65
13.35
13.33
13.11
14.48
16.46
13.11
13.57
13.75
14.33
15.04
15.72
16.11
17.77
16.58
11.89
0.724
0.3593
0.02079
0.6149
14.33
16.58
15.67
16.99
18.04
19.17
16.5
21.78
22.83
17.36
14.14
16.09
16.53
15.26
15.41
15.8
15.89
19.53
20.43
21.41
2.078
0.4585
0.06771
0.4738
13.7
13.38
13.77
10.82
12.15
14.38
14.28
14.92
16.06
14.55
13.67
15.14
16.26
17.65
20.19
15.67
15.38
8.24
0.1406
0.07296
0.02079
0.03128
0.02079
0.4166
11.68
17.65
13.99
15.62
17.48
16.04
16.19
13.48
14.48
15.48
12.94
15.21
15.87
18.21
18.02
13.45
14.55
11.15
0.2029
0.09375
0.02604
0.02604
0.02079
0.3593
15.72
16.48
15.8
15.19
15.8
13.38
14.92
15.72
15.8
17.21
15.6
13.33
15.6
15.72
18.26
18.68
17.82
5.096
0.708
0.1406
0.02604
0.02604
0.02604
0.2655
14.5
16.6
15.77
14.23
11.05
12.32
8.289
17.14
19.58
19.8
14.33
14.28
16.82
16.31
15.09
15.38
12.23
12.45
14.55
15.31
15.89
16.41
16.09
9.937
18.36
17.02
18.07
18.95
17.07
16.72
16.92
16.77
15.53
15.53
17.19
16.48
17.11
16.38
15.58
15.21
15.5
15.94
16.53
16.89
17.75
18.36
19.68
17.38
16.28
15.75
15.89
17.24
16.19
17.94
16.87
17.82
18.31
19.41
22.66
16.16
18.55
21.44
18.6
19.75
18.36
19.63
17.8
17.26
17.99
21.95
22.12
25.83
7.471
20.63
20.21
20.56
19.7
19.6
17.82
16.33
15.75
16.58
16.04
15.94
16.67
18.16
16.11
15.5
18.41
20.51
19.07
18.26
17.68
18.92
17.14
16.04
15.09
15.09
15.55
16.04
15.16
15.28
17.36
15.72
15.19
15.09
16.16
14.7
14.94
17.97
19.24
18.68
18.53
16.6
15.75
17.46
18.8
18.73
16.8
18.31
18.38
16.36
8.118
22.12
19.95
18.38
16.87
15.28
15.41
15.62
15.94
16.26
15.28
16.82
16.09
16.02
17.53
16.75
17.38
16.48
15.7
15.43
15.62
15.89
15.33
15.48
15.28
15.65
15.75
15.82
15.72
15.8
17.21
19.26
17.55
16.72
19.07
19.63
19.19
15.7
17.31
20.26
18.38
15.77
16.7
19.6
20.09
15.99
15.45
15.48
17.68
16.87
17.48
17.75
12.07
15.72
18.75
16.72
15.55
15.53
16.31
17.9
17.02
15.72
15.23
15.26
15.45
15.82
16.21
15.65
15.53
15.41
15.21
15.16
15.31
15.14
15.19
15.62
15.14
15.43
15.84
15.87
16.7
16.33
16.82
18.02
18.29
18.48
16.94
16.21
16.11
16.33
16.38
14.89
15.92
20.26
18.33
17.7
20.0
20.09
17.16
16.31
15.48
15.28
15.28
15.31
15.5
17.48
18.41
10.5
19.53
20.83
22.29
17.41
16.21
16.04
15.65
16.97
20.04
23.02
13.53
16.99
16.5
18.29
19.95
17.09
15.89
16.26
17.21
18.12
20.56
20.8
18.26
10.29
19.65
18.58
18.99
20.85
21.39
21.7
21.02
20.75
19.48
17.9
15.48
15.58
15.38
15.36
15.72
15.7
15.28
15.48
15.23
15.28
15.72
15.31
15.45
15.48
15.16
15.7
15.84
15.7
15.5
15.6
15.48
15.19
15.53
15.6
16.21
17.38
15.75
16.72
16.21
19.17
20.02
19.82
21.9
21.7
20.61
22.19
25.54
27.2
18.58
15.62
20.31
19.31
17.46
17.53
18.26
17.19
16.21
15.45
16.36
15.77
15.62
15.82
16.16
15.99
15.55
15.06
15.16
15.26
15.53
15.21
15.26
15.75
15.48
15.36
15.45
15.19
15.53
15.55
16.24
16.43
15.33
16.43
19.24
18.92
18.53
19.12
17.72
16.43
17.87
18.58
18.95
17.63
17.26
16.77
18.97
20.61
20.34
20.04
20.51
27.15
17.97
17.02
15.21
15.77
15.72
15.33
12.96
16.87
17.94
16.06
17.07
16.94
15.72
18.7
12.7
16.82
13.18
16.24
5.695
8.508
15.92
14.82
14.79
14.87
15.84
16.63
8.691
17.99
15.8
15.19
15.09
15.38
15.14
15.26
15.72
15.26
14.94
15.14
15.19
15.62
15.14
15.14
14.84
15.06
14.94
15.01
14.94
15.92
15.75
15.58
15.55
15.38
15.16
16.06
15.67
15.5
15.67
15.7
16.55
16.46
17.65
15.92
16.21
17.31
16.72
15.38
15.09
15.09
20.53
18.58
19.09
17.75
15.8
15.45
17.29
17.53
16.77
18.29
18.38
17.21
18.6
17.72
3.558
14.28
15.38
15.7
16.31
17.6
16.63
13.43
15.26
14.5
13.72
12.67
15.6
14.38
19.19
18.07
18.46
13.65
0.8072
0.4326
0.02604
0.03128
0.02604
0.02604
0.02604
0.02604
0.02079
0.02604
0.02604
0.02604
0.02604
0.03128
0.02604
6.519
15.48
15.06
15.21
18.8
17.09
16.04
14.77
14.67
14.48
16.19
