20.85
20.58
14.09
10.12
8.801
8.911
10.95
18.95
20.85
17.9
12.6
20.65
19.87
13.55
19.92
20.43
12.5
6.897
6.653
8.252
8.569
8.838
9.058
9.814
18.09
20.85
19.87
15.84
9.241
9.692
18.04
20.85
19.6
11.76
15.67
17.24
17.99
18.46
18.87
17.21
15.19
13.92
12.82
10.13
15.53
16.77
17.46
17.99
18.38
18.75
16.53
14.45
12.82
8.875
8.85
9.058
9.961
15.48
16.92
17.63
18.19
18.63
17.65
14.79
12.72
10.51
16.41
17.65
18.33
18.73
16.21
14.62
12.43
8.862
9.204
8.948
8.838
8.887
16.58
20.85
19.7
12.84
20.24
20.85
19.92
11.35
9.094
11.94
16.53
17.65
18.16
18.55
17.9
15.38
12.65
11.32
20.34
20.17
13.96
9.192
8.801
8.997
9.082
9.119
8.972
9.119
10.56
19.9
20.83
14.58
11.4
15.94
17.14
18.07
18.51
17.38
14.7
12.87
9.326
9.753
9.277
9.29
9.778
9.924
9.204
9.229
9.363
10.64
9.106
9.912
9.509
9.094
9.766
9.29
13.79
17.43
18.21
18.68
18.99
19.29
19.46
19.63
19.73
19.87
20.07
20.21
20.26
20.39
20.46
20.73
20.7
19.14
20.36
20.87
20.87
20.85
20.63
20.12
18.99
17.48
17.02
16.97
13.21
13.53
16.36
17.24
17.8
18.09
18.26
18.55
18.7
16.31
14.75
12.32
9.9
8.789
9.46
9.277
9.558
9.18
9.216
14.67
20.61
20.85
19.6
11.22
6.848
6.665
6.689
8.838
9.119
9.216
9.216
9.412
17.07
20.85
20.12
10.44
9.143
8.923
9.18
9.131
9.119
9.766
18.31
20.85
19.41
11.39
6.97
6.628
6.604
6.604
6.812
9.094
9.277
8.948
10.64
20.04
20.48
15.21
15.6
20.78
20.51
18.12
15.89
13.53
20.41
20.78
18.77
18.16
8.081
6.628
6.604
6.604
6.604
6.604
7.935
8.911
9.119
9.192
8.96
8.838
8.948
8.984
9.534
9.021
8.948
8.972
9.058
9.07
9.68
9.448
9.412
9.521
6.812
6.738
6.604
6.604
6.604
6.604
7.495
9.131
9.241
12.67
20.61
19.8
12.49
9.436
9.082
8.777
9.167
8.96
9.631
9.729
8.826
9.546
8.997
8.545
6.653
6.604
6.604
6.604
6.604
6.604
7.3
9.18
9.314
9.131
9.778
9.351
9.57
17.53
20.73
18.99
14.65
13.75
20.51
20.83
17.55
14.06
20.83
19.85
9.753
7.41
6.812
6.653
6.653
6.653
6.653
7.947
8.984
8.752
8.85
8.936
8.984
9.204
10.51
19.87
20.24
16.09
8.911
9.497
18.82
20.39
17.9
8.789
6.824
6.641
6.653
6.653
6.653
6.653
6.653
6.824
9.29
8.606
9.79
19.29
20.26
11.85
9.058
8.63
9.021
8.704
8.655
10.89
20.51
19.95
10.38
17.63
20.51
13.11
7.532
6.934
6.604
6.604
6.604
8.521
9.375
9.29
9.583
8.813
9.216
9.045
12.57
17.29
18.24
18.68
19.12
19.38
19.56
19.73
19.9
20.02
20.12
20.26
20.31
20.48
20.7
20.7
19.21
20.65
20.85
20.83
20.68
19.58
18.65
15.16
12.84
16.8
8.74
13.84
16.02
14.58
13.31
8.923
12.52
16.16
17.02
17.43
17.97
18.16
18.36
18.53
18.58
18.77
18.87
18.99
19.12
19.31
19.43
19.46
17.24
19.31
19.51
20.85
20.85
20.85
20.87
19.26
18.43
18.02
16.72
8.96
14.77
16.02
16.67
17.16
17.5
17.9
18.12
18.29
18.38
18.55
18.65
18.77
18.95
18.97
19.09
19.14
19.31
19.51
19.53
17.29
19.34
20.04
20.85
20.85
20.83
20.04
17.9
17.7
15.31
10.27
15.16
16.16
16.82
17.19
17.41
17.72
18.07
18.16
18.29
18.41
18.58
18.55
18.73
18.77
18.92
19.02
19.12
19.12
19.29
19.36
19.56
19.56
19.56
19.56
19.56
17.6
18.99
19.53
19.87
20.09
20.09
20.09
20.09
20.04
17.85
17.24
17.24
17.04
14.43
11.32
15.16
16.02
16.6
16.97
17.21
17.31
17.58
17.87
18.02
18.14
18.19
18.31
18.38
18.38
18.55
18.58
18.63
18.77
18.77
18.87
18.97
18.97
19.12
19.17
19.17
19.26
19.36
19.56
19.56
19.56
19.56
18.48
17.5
19.21
19.48
20.56
20.43
20.07
20.07
20.02
17.75
17.04
16.89
16.85
14.55
10.22
14.87
15.82
16.36
16.85
17.21
17.38
17.7
17.92
18.16
18.33
18.38
18.48
18.58
18.7
18.77
18.77
18.97
19.02
19.14
19.14
19.24
19.41
19.6
19.65
16.85
19.9
20.85
20.65
20.65
20.53
17.36
16.85
16.85
16.85
16.82
9.973
14.67
16.11
16.65
15.41
14.72
14.72
10.79
14.36
16.19
14.04
12.57
12.46
18.04
18.9
14.87
11.1
15.94
16.04
12.94
11.61
12.41
16.16
14.7
12.87
9.241
14.67
16.6
15.06
13.18
10.18
10.17
15.72
16.72
17.33
17.7
18.14
18.36
18.53
18.7
18.77
18.9
18.99
19.12
19.14
19.21
19.34
19.53
19.73
19.73
17.85
19.38
20.85
20.85
20.85
19.78
16.21
15.6
15.31
11.41
13.23
16.31
17.16
17.5
18.02
18.33
18.53
18.65
18.8
19.02
19.14
19.19
19.34
19.41
19.63
19.78
19.12
18.33
20.68
20.78
20.75
19.34
18.14
16.85
9.68
15.82
16.94
17.48
18.04
18.33
18.58
18.68
18.87
18.97
19.14
19.29
19.36
19.53
19.73
19.82
18.53
19.07
20.73
20.85
20.85
18.95
16.85
16.85
15.01
10.94
9.607
10.22
12.62
18.26
18.68
11.93
11.06
10.14
10.67
13.13
18.92
17.55
10.22
9.521
11.33
10.36
11.68
15.16
18.6
18.95
17.46
12.13
12.7
16.5
18.97
13.75
11.33
9.07
11.08
9.277
8.936
9.314
7.983
13.06
16.09
16.89
17.38
17.82
18.19
18.38
18.46
18.63
18.77
18.87
18.97
19.14
19.17
19.31
19.34
19.51
19.68
19.73
19.73
17.55
19.56
20.85
20.85
20.85
19.17
17.24
17.07
15.94
9.143
9.167
9.204
8.496
16.06
19.95
15.28
9.253
9.29
9.363
17.77
19.97
14.58
12.57
19.97
18.99
9.827
9.082
8.337
8.838
14.11
20.34
18.21
8.96
8.508
8.728
13.38
20.41
18.63
11.71
19.82
19.58
12.3
17.29
20.31
17.72
6.799
5.701
5.444
5.444
7.739
8.655
8.484
8.582
8.691
8.728
8.606
8.569
8.594
8.691
8.96
7.788
8.447
8.728
13.87
20.61
18.02
9.253
7.568
5.634
5.505
5.438
5.438
5.438
5.438
5.438
5.438
5.438
5.438
5.438
5.438
5.438
5.438
5.438
5.438
5.438
5.438
5.438
5.444
9.521
9.033
8.948
10.4
9.167
14.92
19.6
19.87
18.85
13.31
