18.21
16.43
16.75
17.9
18.51
17.46
18.92
17.16
18.43
18.9
18.26
17.41
20.87
17.26
16.97
16.99
17.58
19.04
16.21
19.07
17.43
17.48
18.85
20.46
18.02
17.11
19.02
17.33
17.65
17.99
16.53
18.02
18.82
18.99
19.87
17.09
15.67
17.31
21.07
20.04
18.63
21.14
16.24
16.7
18.77
17.16
18.77
22.24
17.11
17.21
17.07
21.92
19.04
17.26
18.19
19.41
20.14
17.46
19.26
21.39
19.38
16.48
16.5
16.85
17.58
15.72
17.77
16.72
17.99
18.95
17.97
16.87
16.41
16.33
15.72
16.04
17.7
17.75
18.77
20.51
16.65
15.5
14.23
16.21
17.94
17.99
16.99
16.11
18.75
15.01
15.62
15.67
16.33
17.8
18.82
18.75
20.61
20.7
20.17
17.97
14.87
15.92
15.01
14.14
15.19
17.46
18.68
19.75
21.02
22.14
14.94
15.01
15.65
18.55
17.5
17.38
17.65
18.6
19.87
17.85
16.85
18.82
18.09
16.8
15.41
15.31
19.68
21.22
19.75
18.41
18.65
17.9
14.33
14.18
15.97
19.82
19.75
17.16
16.77
18.07
16.6
17.21
18.97
18.02
18.87
16.19
16.38
17.75
20.12
19.87
19.6
20.73
19.38
17.07
19.38
20.07
23.07
20.95
16.36
18.8
19.17
22.27
19.46
19.63
19.63
19.73
20.14
19.24
20.02
17.87
18.9
18.36
17.97
20.78
20.02
19.29
18.68
20.02
20.8
19.7
21.53
21.75
18.36
18.09
18.48
20.02
23.17
17.92
17.36
20.39
18.6
18.36
18.46
17.48
16.8
17.11
18.73
17.63
18.38
19.38
17.48
18.99
16.94
16.94
19.97
19.8
19.36
17.65
19.14
19.73
19.65
16.89
16.72
18.97
15.11
16.33
19.82
20.65
19.12
17.97
16.58
15.99
17.26
17.97
17.41
18.16
19.63
18.33
19.46
19.53
18.26
15.45
17.16
17.77
17.99
17.63
20.34
21.02
19.92
19.24
19.92
19.97
21.8
17.97
17.5
17.82
18.95
18.43
16.55
19.07
19.24
19.02
18.51
18.04
17.82
17.77
16.5
17.7
17.29
18.73
21.22
16.85
16.41
16.48
17.94
17.63
18.97
18.85
20.07
17.29
16.09
16.06
17.31
19.9
18.48
18.99
19.51
19.21
18.53
19.7
19.24
18.9
21.7
20.17
18.38
18.65
18.68
21.19
19.63
19.68
19.51
19.73
19.12
23.36
18.43
19.56
17.31
19.78
17.92
18.99
20.85
18.6
20.46
20.26
19.29
17.97
19.12
18.36
19.38
20.46
18.51
20.31
21.83
16.36
18.07
18.33
19.43
20.61
21.51
19.07
19.48
19.21
20.97
17.09
17.7
20.04
18.6
20.19
20.92
18.97
18.12
19.63
18.46
17.68
16.11
16.24
16.28
19.85
20.68
17.53
17.48
17.97
17.33
18.36
19.58
18.16
18.24
16.85
18.99
17.77
17.77
19.51
18.53
17.09
17.99
19.29
19.07
17.63
17.38
16.46
18.58
20.63
19.9
18.16
17.65
17.46
16.53
17.65
14.5
15.92
17.36
20.75
18.48
20.0
20.48
20.09
18.51
19.6
19.56
16.43
17.82
15.99
15.92
16.41
16.8
17.36
20.04
19.75
20.17
20.61
18.38
15.41
15.77
15.01
15.67
16.11
17.92
18.07
19.43
17.72
19.87
17.8
17.87
17.65
17.26
17.94
19.38
20.29
22.44
19.68
16.58
16.67
17.7
19.14
20.51
21.73
21.26
15.26
18.48
19.92
19.97
21.73
18.75
18.31
19.58
21.73
20.39
18.29
18.31
16.72
19.24
19.63
18.73
18.82
18.8
17.8
18.6
19.87
21.04
16.48
17.92
18.7
19.43
20.31
19.95
20.73
18.14
17.36
18.19
15.16
17.11
18.82
18.24
17.36
18.36
18.68
16.04
14.72
17.85
17.94
18.26
18.99
17.58
16.14
17.07
17.9
20.02
19.51
18.19
20.87
18.77
14.11
15.6
18.04
19.24
19.43
20.02
19.36
18.99
15.6
17.77
19.41
18.85
18.82
20.17
20.92
17.6
18.65
17.97
18.8
19.09
19.53
19.85
18.58
18.7
17.94
18.02
19.12
18.92
19.58
21.19
20.14
16.28
18.77
18.87
18.77
21.17
17.29
18.82
18.99
20.56
19.07
20.58
18.63
16.55
17.16
18.43
19.56
18.46
18.7
18.51
17.07
18.26
21.04
22.88
20.39
16.87
17.43
18.36
19.41
20.68
20.92
20.17
19.68
18.7
18.97
18.36
19.38
18.29
17.43
18.55
20.24
18.65
19.19
20.43
20.56
20.85
18.99
19.41
21.92
18.55
19.17
21.53
19.36
22.17
20.0
19.29
19.97
21.0
19.97
20.9
18.04
20.61
20.83
16.65
15.6
16.5
18.36
18.65
20.75
21.36
20.46
17.65
16.31
17.53
16.31
17.14
18.6
17.99
18.19
19.92
18.38
15.97
17.09
17.85
20.41
17.63
17.48
17.7
17.38
16.92
17.8
17.94
19.51
14.97
15.21
16.48
16.38
15.75
16.24
18.77
18.16
19.95
18.02
18.26
14.18
17.33
16.85
18.63
17.75
16.94
17.9
15.75
16.92
17.72
18.16
19.51
17.97
17.16
18.07
18.95
21.88
16.99
15.48
15.26
20.68
19.24
19.95
17.02
19.19
17.92
19.6
21.58
16.72
16.6
18.19
19.56
16.92
16.33
17.04
17.87
18.51
19.51
19.31
20.9
18.31
15.75
15.8
17.09
18.29
18.46
19.31
19.63
22.46
19.51
20.58
19.51
19.09
19.53
18.95
19.48
17.75
16.75
16.75
19.19
19.9
19.38
20.39
21.19
19.36
17.77
17.5
17.97
18.6
17.99
22.68
21.68
21.46
18.73
19.17
18.73
22.44
20.61
18.46
17.82
18.09
17.7
20.75
18.16
18.41
19.73
17.11
17.97
19.48
20.31
18.99
19.21
22.12
20.04
20.31
20.9
18.36
17.6
17.21
16.67
18.6
19.19
18.55
20.21
19.17
18.75
17.72
17.46
20.65
18.12
18.46
19.07
17.09
18.51
17.68
19.17
20.73
21.09
19.75
19.38
20.73
22.02
23.05
20.95
18.55
20.04
19.29
21.34
20.21
21.85
19.87
19.46
