0.02346
0.02604
0.02346
0.02604
0.02346
0.02861
0.02346
0.02861
0.02346
0.02604
0.02861
0.02861
0.02604
0.02861
0.02861
0.02861
0.02346
0.02861
0.02346
0.02604
0.02604
0.02604
0.02346
0.02861
0.02346
0.02604
0.02604
0.02346
0.02346
0.02604
0.02346
0.02604
0.09899
8.118
34.52
35.84
34.18
32.67
30.13
25.44
28.81
26.51
7.251
33.94
35.94
35.99
36.33
32.86
34.13
29.05
9.204
33.11
32.13
31.98
31.84
33.35
32.71
32.91
19.38
16.16
27.59
28.81
20.12
17.68
33.69
33.11
33.5
31.25
26.9
32.52
25.0
16.24
15.01
21.88
36.82
36.87
36.77
30.27
35.89
27.83
19.65
32.08
28.17
19.85
24.73
25.15
16.8
22.88
34.72
35.45
34.08
31.64
35.3
26.51
21.68
27.93
26.46
10.73
33.45
35.4
36.13
34.42
34.67
30.32
15.62
15.84
17.41
17.14
20.07
25.88
27.64
16.58
26.71
37.35
34.08
36.08
35.06
34.67
18.82
19.51
20.95
23.68
24.54
27.83
15.26
22.97
38.38
36.04
36.82
29.15
24.73
31.79
14.87
15.5
32.37
38.57
38.92
37.21
20.31
30.27
30.76
15.6
12.77
21.36
21.17
20.8
17.41
22.73
23.58
23.83
19.31
13.18
13.38
15.53
14.28
16.53
19.92
20.95
19.34
15.21
12.24
19.43
21.41
22.27
22.29
21.04
19.56
18.33
17.65
19.78
17.29
17.07
12.46
14.11
14.04
15.06
16.31
15.41
14.87
14.75
12.5
15.48
0.5051
0.1068
0.02604
0.02604
0.02346
0.02604
9.912
14.14
16.33
16.26
16.38
16.58
11.22
7.117
12.87
13.92
12.46
14.36
14.53
14.55
10.27
17.5
15.72
18.85
18.43
19.21
11.78
0.7843
0.3361
0.02861
13.13
15.09
17.07
22.95
24.9
28.08
34.18
19.17
13.09
13.43
14.48
16.53
21.39
30.18
18.21
18.6
19.31
28.22
32.71
16.7
0.8957
0.362
0.02604
0.02861
13.77
14.23
27.64
27.34
25.39
15.45
16.06
23.85
29.98
28.22
15.38
28.76
33.3
20.83
21.56
21.02
21.41
1.733
12.89
0.1537
0.1198
0.02861
0.02604
0.02861
16.41
12.94
13.53
19.34
11.33
3.815
28.08
35.69
17.02
14.18
28.52
35.21
18.9
15.87
20.39
24.83
31.1
29.93
1.529
0.6096
0.05732
0.02861
0.02604
0.02861
14.11
14.92
15.28
24.46
32.96
22.49
21.09
30.32
30.47
18.02
16.33
17.87
17.6
16.53
16.92
19.17
16.43
25.63
32.32
22.56
0.9293
0.4662
0.02604
0.02861
5.463
31.54
32.18
19.97
27.88
29.93
17.31
25.0
31.01
23.02
15.55
19.56
14.11
17.36
14.45
15.06
15.84
3.662
0.177
0.05207
0.02604
0.02861
0.02346
0.02861
0.0391
14.58
16.89
18.04
11.84
16.38
14.4
11.49
25.39
33.35
26.12
19.97
16.85
14.16
18.6
28.56
26.66
23.73
1.271
0.5966
0.04425
0.02861
0.02346
0.02861
3.351
30.47
29.05
19.09
17.26
32.57
28.56
16.75
18.87
17.48
16.06
15.04
13.4
13.65
13.45
13.48
15.5
16.19
15.55
16.48
16.67
10.18
35.55
36.33
34.62
38.33
39.36
39.11
41.06
38.62
33.69
34.33
33.06
30.62
30.52
34.81
35.64
38.82
39.01
15.97
36.62
27.93
32.23
36.47
35.25
32.28
24.68
10.71
12.57
33.89
34.86
35.4
36.87
38.96
40.53
38.87
37.55
38.53
39.65
38.62
39.4
39.89
38.92
39.01
37.4
15.16
26.95
39.06
38.87
37.89
33.74
29.74
26.37
11.84
10.82
41.41
37.3
36.91
37.55
38.28
39.65
40.92
40.43
39.5
37.4
38.23
37.94
38.28
38.82
37.5
31.64
17.53
41.65
40.72
39.01
28.03
21.61
22.0
24.12
14.43
12.0
24.07
23.07
21.36
21.12
20.8
19.82
19.82
37.01
28.17
28.17
28.03
28.47
28.12
24.98
23.41
22.05
21.39
23.02
23.58
23.75
32.57
30.86
30.91
29.1
13.75
18.09
18.19
20.58
20.63
18.41
21.14
20.24
17.85
16.48
19.46
23.34
22.58
7.385
12.27
35.35
36.91
35.84
35.99
36.08
36.52
37.3
38.48
38.38
40.04
39.79
38.57
37.16
36.47
37.11
38.28
20.04
19.19
35.84
24.63
35.74
34.03
31.05
25.15
28.81
19.02
6.702
39.99
39.55
38.18
38.62
40.04
39.84
38.67
36.87
32.81
33.15
32.18
34.28
34.62
33.89
35.84
39.31
38.18
21.26
38.96
36.43
35.99
34.23
28.66
29.64
26.71
0.0
12.82
37.35
32.86
36.87
19.41
38.23
37.6
34.33
21.0
36.04
36.96
34.08
35.01
31.54
24.17
34.67
26.27
37.79
18.51
31.84
31.05
35.06
7.275
31.93
35.16
33.15
22.19
27.2
24.27
14.16
20.04
23.05
24.19
27.49
29.93
23.41
37.89
37.5
38.48
38.48
38.77
36.33
35.11
34.08
34.38
35.6
35.25
35.64
35.84
38.62
39.45
39.01
14.18
26.42
33.59
36.23
36.38
32.52
25.93
28.86
21.58
3.32
39.06
38.57
35.5
37.65
38.18
39.5
40.58
37.16
36.23
35.84
36.72
38.23
40.58
40.33
39.65
31.54
31.98
42.63
42.43
39.65
32.47
33.15
21.46
9.473
37.99
37.89
37.6
38.87
38.09
39.4
40.04
40.53
39.89
38.67
35.6
34.67
31.2
27.2
25.34
24.54
23.51
18.97
17.41
19.24
20.02
17.97
15.99
15.99
16.87
17.55
18.7
19.36
21.61
25.63
21.66
10.88
20.34
18.95
17.41
16.28
17.09
15.82
15.36
15.31
15.19
16.38
16.38
16.24
16.02
16.99
18.29
17.02
16.87
17.94
16.21
15.7
15.5
16.36
17.31
17.33
15.58
16.92
18.19
18.29
20.0
19.7
17.09
15.65
16.02
16.63
16.21
14.21
15.62
16.99
15.8
16.14
18.95
21.26
20.97
20.0
18.38
19.17
20.36
18.95
20.21
11.54
10.53
16.41
17.8
15.41
17.36
17.63
17.92
17.09
13.57
14.7
15.89
16.5
16.65
17.77
17.38
13.7
14.21
14.45
11.46
20.21
16.63
15.72
15.65
15.67
17.41
15.97
15.28
15.19
15.31
16.31
18.92
18.7
15.77
15.7
16.02
16.16
15.75
16.67
16.99
18.12
17.24
16.67
17.48
16.28
15.82
16.11
16.19
16.14
17.16
17.19
16.02
16.53
15.84
16.19
16.04
14.84
13.38
20.41
20.56
18.95
19.17
18.24
16.7
18.55
18.29
18.33
22.88
23.63
20.92
5.444
11.58
12.43
16.75
15.19
8.02
10.94
15.99
17.63
16.41
19.02
12.45
17.48
16.53
17.02
15.77
15.23
16.55
16.55
15.67
16.43
8.069
0.65
0.2117
0.02604
0.02861
0.02804
0.02804
0.02604
0.02804
0.02537
0.02804
0.02537
0.02804
0.02537
0.02804
0.02737
0.02737
0.02413
3.4
18.02
19.41
14.97
16.77
17.53
15.58
15.77
11.58
16.6
14.6
