13.7
13.26
14.67
3.394
2.31
3.583
18.38
13.48
3.925
13.23
12.52
12.08
12.62
0.177
0.0885
0.02604
0.02346
0.02604
0.02346
0.02346
0.02346
0.02604
0.02604
0.02604
0.02079
0.02604
0.02346
0.02346
0.02346
0.02346
0.02346
0.02604
0.02346
14.94
18.58
15.09
19.34
35.25
31.69
9.534
0.7423
0.2655
0.02346
5.182
8.228
14.97
17.85
15.82
16.97
17.48
16.43
16.02
38.96
37.55
37.84
38.18
36.04
36.52
29.35
26.12
6.274
26.86
37.35
40.92
39.65
37.99
37.11
36.96
36.33
38.09
38.48
37.21
37.65
38.96
38.53
38.48
38.28
35.3
34.91
35.79
32.96
32.28
32.57
35.01
33.4
30.86
29.69
31.45
33.4
24.73
17.29
11.22
10.67
9.57
7.214
6.677
8.264
13.6
19.43
3.931
3.583
2.701
7.556
20.43
16.24
16.82
36.96
37.84
37.79
38.18
32.81
35.16
32.23
17.14
17.46
27.34
42.68
41.46
40.14
38.38
37.94
38.09
35.6
37.55
37.89
38.04
37.55
37.01
37.01
37.4
36.87
35.84
33.45
35.6
31.54
32.08
35.45
36.72
35.89
35.74
34.62
35.84
21.04
14.06
10.9
10.88
9.705
7.227
8.374
14.01
18.97
3.699
3.094
2.878
6.091
37.84
37.26
36.91
36.47
33.59
34.57
29.59
20.7
8.789
27.25
37.6
39.11
38.04
37.01
36.47
36.57
37.3
37.55
37.3
37.65
37.99
37.89
33.84
33.01
33.06
32.76
33.59
32.52
30.81
29.83
30.81
33.15
32.96
31.93
32.28
32.18
31.69
26.9
14.72
10.77
10.53
9.717
8.154
4.803
15.5
16.19
9.058
3.302
2.719
3.107
19.17
38.87
38.82
37.99
37.84
32.47
30.13
30.81
12.65
21.66
33.15
39.65
40.19
38.13
36.43
35.64
35.69
36.62
36.33
35.69
36.28
36.57
37.21
37.11
37.7
37.7
37.21
34.33
37.16
32.76
31.84
35.84
37.16
35.89
33.89
34.33
34.38
21.29
15.06
10.79
10.4
9.68
9.412
4.785
13.48
10.17
18.12
3.32
3.064
3.055
15.82
37.55
36.04
34.81
34.57
32.76
32.03
28.03
23.66
10.47
33.69
39.31
39.06
40.33
38.82
38.13
37.84
37.79
37.01
35.94
37.3
37.65
37.21
37.65
38.23
36.43
35.55
33.35
34.57
31.4
32.28
35.06
36.91
36.52
35.06
34.18
34.23
25.44
15.7
10.9
10.62
9.863
9.033
3.925
10.53
11.45
18.7
3.613
2.908
3.125
3.217
2.032
0.518
0.112
0.02861
0.02861
0.02861
0.02861
0.02861
0.02861
0.02861
0.02604
0.02604
0.02346
0.02604
0.02604
0.02604
0.02604
0.02861
0.02604
0.02861
0.02346
0.02861
0.02346
0.02861
0.02346
0.02604
0.02604
0.02604
0.02346
0.02604
0.02346
0.03128
0.02604
0.02604
0.02604
0.02861
0.02604
0.02861
0.02346
0.02861
0.02346
0.02861
0.02604
0.02861
0.02604
0.02861
0.02604
0.02861
0.02604
0.02604
0.02604
0.02604
0.02604
0.02604
0.02346
0.02861
0.02346
0.02861
0.02861
0.02861
0.02604
0.02861
0.02346
0.02604
0.02346
0.02604
0.02604
0.02861
0.02861
0.03128
0.02861
0.03128
0.03128
0.02861
0.02604
0.02861
0.02346
0.02861
0.02346
0.02861
0.02604
0.02861
0.02604
0.02861
0.02604
0.02861
0.02346
0.02861
0.02346
0.02861
0.02346
0.03128
0.02604
0.02604
0.02604
0.02861
0.02604
0.03128
0.02861
0.02861
0.02861
0.03128
0.02604
3.522
24.63
39.45
40.43
40.19
38.77
39.11
38.48
40.97
40.53
40.09
38.33
36.38
37.3
39.4
38.92
38.18
37.6
36.87
34.81
35.74
36.62
37.4
32.91
31.98
35.3
36.33
37.74
12.57
11.08
10.63
10.68
10.44
15.23
15.97
15.5
3.107
2.228
9.827
41.06
42.48
41.8
36.87
37.06
38.43
38.87
41.02
40.14
38.09
35.99
36.77
39.16
39.21
38.67
37.94
36.91
37.01
36.62
34.96
36.47
36.18
35.74
34.81
35.11
36.23
22.53
11.18
10.9
10.95
11.0
10.9
15.01
22.24
5.103
3.278
4.01
23.63
35.11
39.36
38.38
37.5
38.09
38.48
38.92
39.94
39.21
39.79
37.65
36.43
38.04
38.43
37.6
37.74
36.28
37.6
35.94
35.89
35.79
36.87
36.52
35.6
35.74
37.65
22.88
11.34
10.95
10.88
10.62
5.182
14.18
12.77
18.75
4.425
3.021
3.098
21.0
36.23
41.36
41.16
38.33
38.09
36.87
37.74
38.23
37.74
33.94
32.86
32.71
37.11
40.77
40.28
38.62
36.38
36.33
34.96
34.91
35.25
36.08
36.47
36.33
37.11
35.25
29.1
11.22
10.74
10.77
10.97
10.71
17.65
15.26
14.72
3.058
6.262
37.35
40.58
40.04
37.7
37.6
38.23
37.99
40.48
40.72
39.65
38.57
38.23
39.6
38.96
38.72
35.55
33.4
36.23
35.4
34.77
34.03
35.6
35.94
35.84
35.6
35.11
34.52
12.11
10.66
10.75
10.6
9.851
9.937
15.65
21.09
5.658
2.435
8.655
37.35
37.7
37.5
37.35
35.5
36.18
35.99
37.35
37.6
37.55
37.45
36.13
37.45
36.67
36.77
37.16
37.06
37.45
37.01
34.62
35.21
35.79
36.23
36.91
37.11
36.62
35.01
13.55
11.16
10.9
11.04
9.998
16.09
15.82
15.16
3.247
3.094
22.95
37.4
37.84
37.79
37.45
37.21
37.6
37.7
37.65
37.84
37.7
37.35
37.35
37.7
37.74
37.65
36.96
35.6
34.47
35.01
34.62
36.13
35.16
36.82
35.16
35.64
37.21
28.86
11.96
10.4
10.5
10.58
10.96
16.94
17.53
14.77
2.53
4.095
21.95
38.23
37.7
37.84
37.5
37.26
37.65
37.55
37.65
37.65
37.7
37.11
37.6
37.55
37.6
37.45
35.45
34.18
35.25
34.52
32.57
31.64
32.18
32.08
34.18
33.64
34.33
34.33
28.12
10.73
10.41
10.78
10.47
11.15
10.02
15.36
18.85
9.192
1.437
0.2552
4.761
31.79
38.09
37.65
37.21
36.91
36.82
36.08
37.35
37.45
36.96
37.35
36.04
36.43
37.7
37.79
37.35
37.06
35.6
34.77
31.79
31.98
31.79
31.2
33.74
34.81
35.74
35.25
33.59
27.83
12.33
10.63
10.52
10.73
11.06
11.49
16.11
22.9
4.48
2.866
15.84
37.5
37.3
36.87
36.38
35.84
36.23
35.01
37.06
37.55
37.84
37.45
35.79
36.87
37.01
37.26
35.35
34.42
35.25
35.3
33.25
30.62
32.76
33.74
33.98
34.03
34.62
35.99
35.5
24.93
11.27
10.58
10.46
10.64
10.19
10.86
15.92
19.73
5.371
5.035
25.63
37.74
37.79
37.79
37.16
37.65
37.45
37.74
37.79
37.74
37.3
36.28
37.01
37.7
37.55
37.06
36.23
34.96
36.33
35.79
35.16
35.21
35.16
36.08
36.28
37.01
37.4
26.56
11.57
11.13
11.05
11.74
14.14
14.14
21.78
3.857
1.953
7.556
38.43
37.21
37.94
