0.01221
0.0164
0.01516
0.01545
0.0104
0.01574
0.0206
0.01383
0.01535
0.009632
0.01354
0.01163
0.0124
0.01173
0.008202
0.007439
0.009918
0.009155
0.009918
0.01354
0.01106
0.01726
0.01879
0.007725
0.009537
0.01364
0.01602
0.01287
0.01287
0.03414
0.0186
0.02117
0.02193
0.01993
0.02308
0.03853
0.0165
0.01888
0.0123
0.005627
0.00906
0.008011
0.01335
0.01106
0.007725
0.007629
0.006104
0.009155
0.008678
0.01259
0.009441
0.01192
0.0123
0.01469
0.01507
0.02403
0.01917
0.01774
0.01545
0.01478
0.01087
0.0164
0.01297
0.01287
0.01316
0.01316
0.01202
0.01345
0.01402
0.0102
0.01488
0.01402
0.01316
0.01669
0.01392
0.01183
0.01745
0.01659
0.0144
0.01602
0.0145
0.01278
0.01869
0.01411
0.008678
0.01049
0.007915
0.00906
0.0206
0.01545
0.01097
0.0103
0.01526
0.01364
0.01373
0.01631
0.01554
0.01965
0.06237
0.01764
0.02928
0.04358
0.01764
0.02079
0.0248
0.01574
0.0144
0.01812
0.01535
0.01659
0.0144
0.01402
0.01593
0.01163
0.01822
0.01526
0.01602
0.02184
0.02327
0.01564
0.01202
0.01202
0.01488
0.0123
0.01554
0.01116
0.01554
0.01564
0.01011
0.01268
0.008011
0.01078
0.007439
0.01297
0.009727
0.01478
0.00639
0.009155
0.01259
0.007915
0.01259
0.0102
0.01488
0.008488
0.00639
0.01154
0.008202
0.01097
0.01421
0.01688
0.01621
0.01154
0.01354
0.007248
0.01316
0.006676
0.007248
0.01087
0.01326
0.01125
0.006199
0.009918
0.01364
0.008678
0.009727
0.007629
0.008678
0.006676
0.008011
0.01202
0.01497
0.0123
0.01307
0.01163
0.01287
0.01183
0.01135
0.01335
0.008678
0.01259
0.01011
0.01583
0.01392
0.01297
0.01659
0.01516
0.01583
0.01783
0.02317
0.02365
0.01793
0.01535
0.01669
0.01516
0.01593
0.01421
0.01602
0.01612
0.01478
0.01373
0.01841
0.01259
0.01011
0.01221
0.01545
0.01707
0.008678
0.01078
0.01221
0.01526
0.008488
0.009251
0.008202
0.01068
0.01621
0.01259
0.0102
0.03138
0.0248
0.02127
0.1293
0.02127
0.01402
0.01001
0.01459
0.008583
0.00906
0.01554
0.007915
0.01411
0.009918
0.007534
0.006962
0.005627
0.009537
0.007629
0.007248
0.006962
0.006199
0.01068
0.006294
0.01431
0.008678
0.004768
0.008202
0.01183
0.01383
0.01173
0.01278
0.01154
0.009632
0.01059
0.01602
0.02222
0.01631
0.01631
0.01726
0.01612
0.01554
0.01698
0.01392
0.01144
0.01469
0.01011
0.009441
0.01287
0.01078
0.01173
0.0103
0.01326
0.00906
0.01698
0.01049
0.007629
0.006294
0.008202
0.009823
0.008774
0.008488
0.008106
0.006676
0.01202
0.0104
0.01621
0.01049
0.01354
0.01106
0.0104
0.01373
0.01755
0.01278
0.01297
0.01106
0.01326
0.01373
0.00906
0.01478
0.0392
0.01287
0.01526
0.0144
0.009918
0.01202
0.01831
0.04759
0.01106
0.01345
0.01249
0.01373
0.02155
0.01554
0.01459
0.0186
0.01707
0.01402
0.01049
0.01688
0.01307
0.01421
0.0144
0.01326
0.01621
0.008869
0.03319
0.01211
0.01421
0.01717
0.01669
0.02079
0.0145
0.01431
0.0124
0.01125
0.01125
0.008774
0.009823
0.008774
0.01411
0.01326
0.01154
0.01354
0.01917
0.01488
0.01221
0.01335
0.009537
0.01001
0.009918
0.01316
0.0123
0.0123
0.008488
0.008202
0.01297
0.0123
0.0124
0.01602
0.01421
0.01497
0.01316
0.01287
0.01297
0.01383
0.01802
0.01087
0.0103
0.01059
0.01001
0.01488
0.01364
0.01249
0.01402
0.01202
0.02003
0.01373
0.01764
0.01078
0.01297
0.01526
0.0185
0.01717
0.01802
0.01621
0.02785
0.01326
0.02251
0.02708
0.03023
0.01879
0.01669
0.01717
0.02089
0.01783
0.01774
0.03128
0.02232
0.01755
0.01745
0.02136
0.01659
0.01478
0.01612
0.01278
0.01612
0.02537
0.01392
0.01373
0.01564
0.01421
0.02184
0.01478
0.01526
0.01698
0.01345
0.01259
0.01297
0.0124
0.01316
0.01011
0.01001
0.008106
0.009155
0.01087
0.01278
0.01211
0.01087
0.01488
0.01326
0.00782
0.01163
0.01459
0.008011
0.007153
0.005913
0.008965
0.009537
0.01488
0.01163
0.01259
0.01326
0.00782
0.01268
0.01078
0.01001
0.008678
0.01287
0.009918
0.01001
0.0103
0.009155
0.009155
0.006866
0.006485
0.004864
0.005245
0.004482
0.007534
0.008774
0.008678
0.006962
0.01068
0.01278
0.0123
0.01707
0.01287
0.01516
0.01831
0.01326
0.01202
0.01678
0.01974
0.01316
0.01707
0.01411
0.01888
0.01583
0.02136
0.01488
0.01183
0.01516
0.0165
0.01125
0.01326
0.008869
0.01373
0.0186
0.01545
0.01345
0.01373
0.0123
0.0165
0.01535
0.01602
0.01545
0.01879
0.01879
0.02851
0.02193
0.01659
0.01888
0.01659
0.01888
0.01764
0.01326
0.006866
0.01087
0.0102
0.0102
0.01421
0.01411
0.01593
0.01335
0.01669
0.0124
0.008774
0.01011
0.006485
0.007057
0.0104
0.007153
0.008392
0.008011
0.008202
0.008392
0.006104
0.006199
0.008202
0.007439
0.00639
0.01059
0.007439
0.008488
0.0104
0.0102
0.01392
0.01554
0.0123
0.007915
0.009727
0.008678
0.01049
0.01411
0.01411
0.01249
0.01173
0.01316
0.0123
0.01516
0.01669
0.01907
0.01364
0.01469
0.01335
0.009918
0.01154
0.009918
0.009823
0.01125
0.0103
0.008106
0.009727
0.01049
0.01154
0.01249
0.007343
0.01249
0.01287
0.01202
0.009823
0.01564
0.01144
0.01755
0.01822
0.01822
0.01583
0.01383
0.01402
0.01755
0.02708
0.02813
0.02375
0.01621
0.02384
0.0329
0.02975
0.02117
0.0226
0.01869
0.01125
0.01249
0.01364
0.01259
0.01287
0.0103
0.01163
0.01249
0.01478
0.01793
0.02117
0.0103
0.01173
0.01001
0.0144
0.01574
0.01249
0.008011
0.01259
0.01764
0.01402
0.01688
0.01745
0.0349
0.01888
0.01621
0.01717
0.01383
0.01173
0.007915
0.01001
0.009441
0.01049
0.00906
0.01125
0.009727
0.01001
0.01383
0.008297
0.01373
0.009727
0.01307
0.0123
0.01421
0.009537
0.01221
0.009823
0.01268
0.01097
0.01307
0.01278
0.009441
0.008011
0.006104
0.01202
0.0104
0.009155
0.01144
0.01879
0.01907
0.0164
0.01459
0.01364
0.01211
0.01497
0.007915
0.01488
0.008869
0.01497
0.0145
0.009441
0.0123
0.01059
0.02136
0.02537
0.01268
0.009155
0.0185
0.01926
0.01001
0.01335
0.02069
0.01459
0.01106
0.01507
0.01955
0.01459
0.01411
0.01421
0.01678
0.0186
0.01469
0.0185
0.01974
0.01726
0.01898
0.01478
0.01955
0.01764
0.01745
0.01574
0.01726
0.01554
0.0205
0.01411
0.01116
0.01154
0.01431
0.01116
0.01259
0.01192
0.0144
0.01392
0.01678
0.01316
0.009727
0.01154
0.009918
0.009441
0.01373
0.007629
0.009346
0.01116
0.007725
0.01154
0.01221
0.009632
0.0103
0.01163
0.006008
0.008488
0.008202
0.005722
0.01116
0.0104
0.009537
0.00906
0.01259
0.0164
0.01068
0.01316
0.01469
0.01354
0.01335
0.01154
0.009441
0.01297
0.007057
0.01421
0.008965
0.01097
0.01268
0.01125
0.007343
0.007629
0.005054
0.004292
0.01087
0.0103
0.01135
0.008774
0.00906
0.01268
0.00906
0.01268
0.0144
0.0123
0.01211
0.01144
0.01535
0.01135
0.01545
0.01631
0.01535
0.01574
0.01526
0.01631
0.01497
0.01574
0.01631
0.01259
0.0145
0.01545
0.01631
0.0124
0.01726
0.01612
0.01354
0.02012
0.01564
0.01469
0.01144
0.0123
0.01631
0.01192
0.01431
0.01326
0.01812
0.01469
0.01097
0.01154
0.007725
0.008488
0.01259
0.0104
0.0206
0.02766
0.02241
0.03042
0.01993
0.01163
0.03223
0.02422
0.01259
0.007248
0.00515
0.004864
0.006866
0.01183
0.006962
0.01068
0.009155
0.005054
0.01116
0.00639
0.006676
0.0102
0.007248
0.007725
0.008774
0.008774
0.007725
0.01345
0.009441
0.01612
0.01202
0.01602
0.006962
0.007343
0.0104
0.008488
0.01249
0.01411
0.01049
0.01535
0.009918
0.01478
0.01631
