9.778
9.851
9.705
10.08
10.38
10.25
10.27
10.27
10.25
10.24
9.875
10.02
9.924
10.12
10.08
10.08
10.07
10.27
10.31
10.46
10.4
10.12
9.912
9.644
9.558
9.607
9.79
9.558
9.802
10.01
10.13
10.34
10.07
10.07
10.07
10.07
10.07
10.07
10.19
10.14
10.34
9.631
9.363
9.485
9.509
9.448
9.558
9.534
9.546
9.875
9.802
9.729
9.753
9.888
9.937
10.01
9.937
9.937
9.863
9.912
9.9
9.851
9.998
10.17
9.875
9.778
9.692
9.814
10.14
9.863
9.717
9.863
10.06
9.595
9.753
9.68
9.705
9.814
9.888
11.02
15.7
15.7
15.7
15.67
15.62
15.5
15.11
15.19
15.21
15.45
15.33
15.23
15.19
15.31
15.31
15.33
14.75
14.72
14.79
14.77
14.79
14.36
14.28
14.14
14.16
14.53
13.26
13.09
13.18
13.33
13.26
13.33
12.99
12.7
12.55
12.45
12.5
12.41
12.6
12.6
12.6
12.44
12.02
12.1
12.05
12.27
12.4
12.57
12.79
12.6
12.57
12.5
12.3
12.48
12.43
12.94
12.94
13.04
13.38
13.04
12.99
12.94
12.92
12.99
13.01
13.16
12.92
12.01
12.05
11.63
11.62
11.85
12.08
11.11
11.04
11.05
11.11
11.23
11.18
11.24
11.41
10.96
10.82
10.9
10.95
10.89
10.96
10.71
10.84
11.01
11.22
11.32
11.46
11.69
11.33
10.95
10.78
10.83
11.04
11.1
10.93
10.79
10.73
10.94
10.93
10.75
10.62
10.52
10.57
9.985
10.19
10.14
10.31
9.937
9.888
9.973
9.888
10.07
10.24
10.41
10.49
9.802
9.692
9.875
9.973
9.851
9.875
9.875
10.06
9.863
9.363
9.509
9.668
9.68
9.888
9.753
9.68
9.497
9.497
9.631
9.619
9.375
9.436
9.558
9.619
9.167
9.29
9.265
9.192
9.485
9.607
9.619
9.68
9.741
9.46
9.692
9.985
9.961
9.619
9.753
9.912
9.973
10.07
10.08
10.11
10.24
10.27
10.46
10.47
10.46
10.4
10.27
10.42
10.58
10.47
10.44
10.66
10.55
10.69
10.24
10.4
10.47
10.31
10.47
10.64
10.73
10.8
10.8
12.04
10.86
10.46
10.31
10.49
10.4
10.62
10.75
11.1
10.56
10.11
10.07
10.13
10.69
10.36
10.45
10.46
10.1
10.01
10.01
10.07
9.985
10.23
10.18
10.24
10.82
10.41
10.53
10.46
10.57
10.58
10.38
9.912
10.07
10.06
10.21
10.35
10.18
10.07
10.07
10.11
10.13
9.851
9.827
10.05
10.12
9.607
9.497
9.485
9.521
9.656
9.692
10.68
12.87
12.6
12.48
12.6
12.33
12.62
12.21
12.06
12.27
12.29
12.28
11.82
12.08
12.05
12.19
12.3
12.21
12.48
11.98
11.96
11.88
12.67
12.48
12.62
11.69
11.62
12.13
15.06
13.79
11.8
10.79
10.73
10.79
10.78
10.83
10.66
10.73
10.64
10.74
10.93
12.1
10.86
10.49
10.52
10.46
10.45
10.46
11.52
10.93
10.94
11.19
10.99
11.11
10.84
10.72
10.85
10.89
11.11
11.12
11.32
11.52
10.8
11.01
10.88
11.11
11.22
11.41
11.65
14.75
15.72
12.27
10.84
10.86
10.91
11.07
11.18
11.05
11.77
11.02
11.1
11.23
11.04
11.04
11.24
11.27
11.11
11.04
11.12
10.78
10.84
11.06
11.16
11.1
11.54
11.4
11.19
11.9
11.24
11.34
11.47
11.27
11.13
11.24
11.15
11.28
11.58
11.62
11.38
11.25
11.34
11.12
11.11
11.4
11.22
10.89
11.08
10.44
10.46
10.51
10.64
10.23
10.07
10.22
10.45
10.3
10.4
10.61
10.58
9.839
9.875
10.3
9.998
9.985
9.912
10.17
9.753
9.875
9.875
9.875
9.814
10.06
10.16
10.42
9.875
10.08
10.11
10.17
10.06
9.68
10.23
9.79
10.89
9.924
9.485
9.778
9.924
10.3
10.24
10.97
10.55
9.985
9.9
9.985
10.06
10.16
10.16
10.35
11.04
10.33
10.46
10.46
10.57
10.45
10.57
10.69
10.84
10.77
10.89
10.61
10.71
10.84
10.74
10.82
10.79
10.72
10.93
10.99
10.97
10.67
10.69
10.82
10.86
10.95
11.04
10.89
10.84
10.96
11.04
11.27
14.55
15.87
12.55
10.56
10.66
10.94
10.94
11.1
11.32
11.12
10.67
10.57
10.62
10.74
10.61
10.74
10.61
10.24
10.1
10.28
10.46
10.46
10.58
10.78
10.35
10.35
10.52
10.67
10.6
10.84
10.52
10.6
10.52
10.51
10.5
10.61
10.31
10.39
10.71
10.25
10.08
10.07
10.23
10.4
10.14
10.12
10.27
10.33
9.924
9.814
9.595
9.778
9.705
10.77
15.5
15.99
15.99
15.99
15.99
15.99
15.82
15.55
15.14
15.14
15.21
14.92
14.87
15.01
15.01
15.01
15.01
14.97
14.62
14.45
14.14
14.18
13.87
14.04
13.55
13.18
12.94
13.09
13.06
13.13
12.52
12.6
12.6
12.44
12.65
12.7
12.79
12.87
12.79
12.65
12.72
12.6
12.6
12.77
12.65
12.79
12.92
13.09
13.01
12.96
13.11
12.79
12.82
12.82
12.84
12.92
12.96
12.99
12.84
12.89
13.16
13.23
12.87
12.84
12.99
12.84
12.62
12.92
13.01
12.96
13.28
13.99
13.11
13.04
12.99
13.06
12.87
12.99
13.13
13.18
13.53
13.35
12.96
12.96
12.96
12.99
12.89
13.18
12.99
13.11
13.5
12.92
12.33
12.24
12.22
12.01
12.1
11.82
11.55
11.83
12.11
12.11
11.67
11.61
11.49
11.79
11.99
11.94
11.74
11.65
11.77
11.51
11.27
10.64
10.83
10.99
11.29
10.85
10.51
10.69
10.82
11.02
11.06
10.91
10.35
10.25
10.25
10.27
10.27
10.51
10.29
10.5
10.24
10.12
10.33
9.875
9.973
10.14
10.27
10.36
10.23
9.998
9.998
10.18
10.34
10.53
10.07
10.11
10.07
10.11
9.924
9.851
9.9
9.839
9.607
9.546
