9.106
9.29
8.838
8.911
8.96
8.63
8.496
8.74
8.984
9.79
18.46
20.83
20.17
18.38
11.13
6.384
6.219
6.219
6.219
6.219
8.423
14.45
20.83
19.09
17.09
16.65
20.83
19.48
18.38
13.09
12.07
20.0
20.83
19.19
17.87
11.52
8.691
8.838
14.43
16.63
17.41
17.9
18.21
18.48
17.65
15.48
15.06
12.79
10.89
15.82
16.92
17.53
17.9
18.24
18.43
17.72
15.62
15.28
15.26
13.18
8.801
8.716
11.85
15.65
16.65
17.16
17.7
17.92
18.26
18.51
16.58
14.79
14.72
11.46
8.594
8.765
9.229
16.94
20.85
20.65
18.33
15.99
10.16
18.97
20.83
19.09
12.24
16.89
20.83
19.82
18.43
18.12
17.8
17.63
17.77
18.07
18.31
15.72
14.7
13.31
8.801
8.838
9.094
9.863
15.33
16.67
17.43
17.87
18.29
18.38
16.82
14.53
13.33
9.412
15.21
16.82
17.65
18.19
18.43
15.94
14.89
13.48
9.045
9.131
9.814
9.155
8.96
9.485
9.448
9.546
9.155
9.302
9.18
8.765
13.62
16.72
17.6
18.16
18.53
17.09
15.14
14.26
9.387
8.948
9.534
15.26
20.61
19.92
18.16
15.97
10.91
9.216
10.5
15.6
16.92
17.63
18.09
18.51
17.85
15.58
14.89
14.92
13.87
10.23
15.67
17.04
17.65
18.07
18.43
16.19
14.62
13.28
10.8
9.607
16.99
20.75
19.7
17.9
17.8
10.96
8.997
7.69
6.409
6.409
6.409
6.409
6.409
6.409
6.409
6.409
7.568
8.923
13.5
19.95
20.8
20.61
17.99
17.85
12.89
8.801
9.045
9.338
9.314
16.67
20.58
20.83
19.85
18.21
12.87
6.494
6.409
6.409
6.409
6.409
7.727
9.314
9.021
8.789
9.119
9.094
12.27
19.73
20.8
19.31
18.21
13.18
10.21
19.21
20.8
18.33
8.984
6.506
6.409
6.409
6.409
6.409
6.409
6.409
7.275
8.862
8.765
9.351
11.67
19.8
20.8
20.19
17.7
17.43
11.17
9.204
9.448
9.058
9.68
9.167
6.86
6.409
6.409
6.409
6.409
6.409
6.409
6.409
6.543
8.557
9.07
9.351
17.29
20.83
19.43
15.99
17.75
20.85
20.07
17.6
16.28
20.41
20.58
18.02
14.18
6.506
6.409
6.409
6.409
6.409
6.409
6.409
9.106
8.667
9.399
9.021
8.984
9.058
9.351
8.984
9.131
9.253
12.49
19.24
20.8
20.09
17.87
15.8
6.506
6.409
6.409
6.409
6.409
6.409
6.409
6.409
6.409
8.24
8.569
8.63
8.618
14.92
20.39
20.75
20.34
18.65
17.9
17.82
10.45
8.875
8.984
8.411
6.409
6.409
6.409
6.409
6.409
6.409
6.409
6.409
6.409
7.043
8.484
11.58
19.9
20.83
19.04
15.8
18.9
20.85
19.68
18.21
13.92
8.862
8.862
10.42
18.68
20.85
20.83
18.48
17.9
9.424
6.409
6.409
7.373
9.839
10.03
9.277
15.75
20.75
20.83
19.68
18.07
16.48
9.326
8.618
8.679
8.508
11.35
19.09
20.85
20.8
19.14
18.12
17.21
16.82
17.36
17.7
18.09
18.36
18.51
18.7
18.87
19.04
19.24
19.36
19.36
19.36
19.46
19.56
19.56
19.56
19.6
19.73
19.73
19.82
19.92
19.92
20.12
20.12
20.12
20.12
20.12
20.12
20.12
20.14
20.31
20.46
20.51
20.51
20.63
20.7
20.7
18.85
19.85
20.7
20.73
20.87
20.87
20.85
20.87
20.87
18.58
17.43
17.43
17.43
14.99
10.91
16.5
17.5
18.12
18.38
18.68
18.9
19.17
19.19
19.36
19.48
19.58
19.73
19.8
19.92
19.95
20.12
20.12
20.14
20.31
20.31
20.41
20.51
20.51
20.09
18.31
20.36
20.87
20.87
20.87
20.87
20.87
20.9
20.29
18.41
17.92
17.82
17.63
17.63
17.6
16.48
9.839
14.79
16.28
16.99
17.46
17.8
18.14
18.36
18.58
18.92
19.17
19.29
19.36
19.43
19.56
19.56
19.68
19.75
19.75
19.8
19.92
19.95
20.12
20.14
20.14
20.19
20.31
20.34
20.51
20.51
20.7
20.65
18.36
20.68
20.85
20.85
20.85
20.87
19.29
17.24
17.24
17.24
17.24
12.67
13.67
17.02
17.8
18.29
18.53
18.92
19.26
19.36
19.43
19.53
19.73
19.85
19.92
20.12
20.12
20.12
20.24
20.31
20.31
20.36
20.68
20.7
20.65
18.02
19.53
20.87
20.87
20.87
20.87
20.87
20.87
20.34
19.75
19.56
19.31
18.99
17.16
10.93
15.41
16.55
16.99
13.96
13.26
13.01
10.84
14.55
16.06
16.75
16.97
14.43
13.16
13.16
11.47
12.57
16.09
16.94
16.43
14.97
14.77
13.35
16.87
19.68
19.78
19.38
17.6
17.41
17.26
17.24
17.24
17.24
17.24
17.24
17.24
17.24
17.24
17.24
17.26
11.95
13.43
15.75
16.41
16.77
16.6
13.13
12.87
12.77
12.17
16.33
19.7
20.12
19.21
17.43
14.01
12.84
15.99
16.8
17.31
17.7
17.94
18.24
18.38
18.38
18.73
18.97
19.07
19.21
19.36
19.36
19.36
19.53
19.53
19.6
19.73
19.9
19.78
19.95
19.95
19.92
20.07
20.12
20.12
20.12
20.26
20.31
20.41
20.58
20.7
20.7
19.12
17.97
19.65
20.68
20.85
20.87
20.78
20.68
20.09
18.02
17.85
17.29
17.21
10.68
15.28
17.24
17.94
18.33
18.43
18.75
19.07
19.17
19.36
19.43
19.56
19.56
19.56
19.73
19.75
19.92
19.95
20.04
20.12
20.14
20.14
20.14
20.14
20.29
20.31
20.34
20.51
20.51
20.51
20.68
19.21
19.65
20.87
20.87
20.87
20.87
20.85
20.87
20.19
17.75
17.63
17.63
17.6
11.99
12.16
9.216
11.76
10.45
10.51
11.72
9.375
12.28
9.277
12.21
9.778
10.07
9.79
10.08
9.473
10.16
12.79
20.17
20.24
18.26
17.9
12.77
10.41
10.97
16.67
20.41
20.02
17.41
17.26
14.33
12.77
19.36
20.46
19.24
17.14
17.04
12.16
10.25
9.302
10.63
9.473
9.29
9.29
9.717
10.02
9.802
8.997
14.5
16.53
17.26
17.7
18.07
18.29
18.55
18.85
19.04
19.17
19.17
19.36
19.36
19.41
19.56
19.56
19.65
19.75
19.73
19.9
19.95
20.0
20.12
20.12
20.12
20.12
20.31
20.31
20.31
20.41
20.51
20.63
20.7
19.82
17.94
20.65
20.85
20.85
20.85
20.87
18.19
16.94
16.85
16.82
11.76
9.07
9.18
9.448
10.89
19.31
20.83
20.58
17.63
15.19
9.558
17.99
20.83
19.17
16.31
6.934
6.409
6.409
6.409
6.409
6.409
6.409
6.409
6.409
6.409
6.409
6.409
6.409
6.409
6.409
6.409
6.409
6.409
6.409
9.155
9.204
9.937
9.009
10.28
9.839
10.14
9.424
9.131
