27.39
24.95
27.05
21.75
26.42
21.14
26.22
21.8
26.76
20.95
25.93
22.97
27.05
21.53
26.07
21.85
26.95
21.88
27.25
22.9
26.86
21.92
30.42
26.81
28.86
21.73
26.61
21.61
26.51
21.68
25.44
21.24
26.27
20.95
25.78
21.31
26.03
20.58
25.34
20.85
25.24
20.78
25.49
21.39
25.83
21.51
25.73
21.31
25.44
20.75
26.61
21.63
26.81
22.17
26.76
22.22
28.66
22.19
23.1
19.02
23.44
19.19
23.9
19.04
22.92
18.43
23.24
19.34
23.85
19.63
23.85
18.63
23.83
18.85
24.12
18.87
24.19
19.14
23.71
19.17
24.61
19.31
23.83
19.82
23.56
18.99
23.32
19.09
23.41
20.41
26.76
23.58
28.96
21.7
23.9
21.0
22.97
18.68
23.14
18.68
22.73
18.8
26.95
23.19
22.05
17.9
22.14
17.87
22.27
17.99
22.44
18.51
22.51
18.09
22.17
18.43
26.81
19.7
22.71
18.26
21.95
18.07
23.29
18.38
23.05
19.65
23.0
19.09
22.58
18.99
24.41
21.95
22.8
17.92
22.56
17.7
22.85
20.56
26.22
19.68
21.02
16.38
23.51
18.7
23.19
19.65
25.39
19.65
24.63
20.17
24.68
0.0
0.1984
0.2644
0.4463
0.415
0.4951
0.3696
0.4662
0.444
0.5447
0.4936
0.5592
0.5753
0.6874
0.7446
0.7675
0.7935
0.9048
1.021
0.9735
0.9964
1.462
1.143
1.242
1.193
1.19
1.311
1.317
1.343
1.428
1.524
2.02
1.733
2.216
2.31
1.944
3.619
2.234
3.235
2.206
2.823
2.524
2.631
2.429
3.265
3.119
4.688
5.28
6.531
5.475
5.951
6.299
7.605
10.01
10.08
10.17
12.33
12.65
13.82
12.82
14.58
12.67
12.1
12.79
13.79
12.19
13.35
13.5
13.13
12.52
14.7
13.77
14.82
13.01
11.83
12.19
10.77
10.41
11.23
12.82
13.87
14.48
13.06
13.06
8.447
11.67
16.89
17.07
13.65
15.36
13.96
16.55
15.6
17.92
15.53
18.85
18.85
16.8
19.12
17.24
14.87
14.4
18.65
20.12
20.56
21.26
18.09
15.14
19.29
17.9
16.97
18.14
16.38
18.07
15.65
20.85
20.39
17.87
17.55
19.87
20.29
20.04
21.78
17.72
19.58
17.72
19.58
17.29
20.14
19.21
19.87
17.48
20.34
17.75
19.14
16.36
20.46
20.78
17.36
23.97
20.95
17.36
19.85
19.41
19.41
21.12
20.68
20.02
23.02
21.68
23.22
20.12
23.46
26.03
26.37
24.12
24.8
24.34
28.12
22.12
22.63
20.63
23.17
19.8
22.56
18.8
21.39
20.26
24.07
27.88
24.39
23.05
27.25
22.31
25.83
23.46
24.54
22.22
25.63
25.05
25.05
24.41
26.86
25.05
25.1
23.02
25.2
22.56
23.61
21.17
23.34
22.83
22.85
21.88
23.8
23.36
23.68
21.07
23.44
23.56
28.03
23.14
23.0
23.88
27.34
28.61
25.44
22.83
25.83
22.31
23.1
20.75
22.17
21.56
22.51
20.26
21.78
20.8
20.07
18.46
20.8
20.83
22.75
22.05
20.56
20.78
22.14
20.65
21.34
17.8
18.92
18.63
20.21
17.75
18.19
19.09
20.12
19.24
18.21
20.36
20.41
22.05
18.8
22.78
19.09
16.38
18.14
17.46
18.21
15.84
18.6
17.09
17.53
16.21
17.5
17.16
15.09
17.11
16.65
19.36
17.5
21.12
19.97
21.75
20.12
19.14
18.24
15.89
16.24
16.97
14.7
16.92
15.45
12.5
20.31
19.21
19.31
24.24
25.83
24.73
20.21
17.36
18.14
17.43
19.46
19.9
18.7
20.95
18.95
21.34
18.46
19.8
19.8
19.46
21.41
22.92
22.39
20.34
23.36
19.46
22.41
22.58
26.12
23.0
22.9
21.56
22.75
20.75
21.17
20.17
20.26
19.24
22.14
21.53
20.9
20.26
21.22
21.29
20.9
20.63
22.9
20.24
19.48
17.68
18.48
18.48
19.51
18.38
19.43
19.31
19.56
18.48
18.87
17.65
21.58
21.51
19.38
20.04
18.51
19.48
19.6
18.02
18.41
18.07
18.58
18.36
17.82
20.51
21.02
19.9
19.31
19.82
19.7
18.36
19.78
18.63
19.07
18.46
19.7
21.44
18.9
21.07
20.0
22.71
21.02
21.8
22.17
25.68
21.34
22.22
21.12
20.75
18.82
19.78
16.8
18.04
17.9
19.36
17.82
19.48
19.21
20.58
16.82
19.19
18.36
19.65
17.41
18.6
18.14
19.31
19.04
19.56
18.26
19.17
16.19
21.56
21.24
16.33
16.67
23.9
19.02
17.33
23.32
18.82
16.43
16.09
21.26
17.29
21.8
19.17
18.53
18.63
16.8
16.63
18.58
17.92
21.19
22.41
19.7
19.19
16.75
19.36
18.65
20.02
18.12
19.92
17.48
17.02
25.05
19.58
16.33
17.11
19.68
16.67
16.48
17.65
18.19
16.02
18.14
16.89
18.77
17.5
21.02
19.43
25.59
18.55
16.94
26.37
20.09
15.62
17.94
20.02
18.21
22.85
22.61
23.78
25.05
25.59
22.95
25.0
23.93
25.63
25.44
27.39
25.05
25.63
23.41
25.44
23.34
25.98
24.44
26.17
26.27
28.37
23.85
24.58
22.31
25.24
22.49
25.54
22.22
25.54
26.71
26.03
21.7
24.41
22.34
24.37
22.92
24.32
25.59
26.17
22.49
23.54
21.73
23.44
20.92
23.97
21.51
23.22
22.56
21.88
20.36
22.34
23.46
21.92
23.07
22.34
20.04
20.85
19.95
24.39
22.58
21.53
20.43
23.78
23.73
24.24
22.46
23.05
23.34
20.14
18.95
20.83
20.7
18.85
19.04
19.46
17.9
18.68
17.9
19.34
17.07
20.29
16.7
18.26
15.45
16.24
17.99
16.11
18.29
16.58
18.7
15.75
19.04
19.31
16.46
21.8
20.46
19.68
16.58
18.09
18.97
19.29
16.06
17.87
14.01
17.29
16.53
14.87
17.85
15.53
22.07
18.58
19.58
21.34
17.5
21.53
21.46
20.8
20.46
22.36
22.73
18.85
16.02
17.82
14.92
18.9
19.17
16.55
18.33
15.84
18.55
18.97
15.87
18.21
15.99
18.68
15.09
14.09
15.19
16.99
18.31
18.75
16.7
19.34
17.31
19.02
17.38
20.12
18.36
19.53
18.53
19.65
16.87
22.44
20.53
20.24
17.38
19.92
18.19
20.75
17.46
19.29
19.17
20.19
20.46
22.49
20.31
21.26
18.6
19.02
17.07
19.75
18.26
19.95
15.36
18.29
18.65
20.83
18.07
20.87
18.07
22.07
18.6
22.53
20.04
21.78
20.39
22.44
19.68
22.09
20.34
22.44
21.44
25.98
20.14
21.58
20.02
22.85
20.21
21.44
19.53
22.09
18.73
22.0
21.66
23.73
26.27
26.61
20.17
21.83
20.75
21.34
20.48
22.46
19.8
20.48
20.0
23.66
20.41
23.95
20.29
23.88
23.02
23.49
19.43
21.19
21.61
24.54
21.07
22.24
20.34
21.83
20.83
21.7
20.63
23.0
22.95
23.05
23.27
24.34
22.17
23.36
21.9
23.78
22.05
24.85
21.02
22.63
21.53
23.02
20.65
26.32
21.78
22.22
20.56
21.92
22.34
31.59
22.44
20.58
23.61
19.65
23.32
20.04
23.49
19.48
20.24
18.12
20.29
17.38
19.63
17.38
20.26
19.09
18.07
26.17
19.02
17.11
20.97
16.28
18.68
16.06
22.31
18.7
15.87
23.66
16.7
16.43
17.48
15.89
20.95
17.75
17.19
21.56
21.56
17.11
21.61
18.7
20.61
18.43
23.14
19.02
