27.98
29.25
28.22
29.44
28.22
29.1
29.88
28.86
29.88
30.18
29.93
30.18
29.98
28.96
0.0
28.08
27.88
27.88
27.78
28.03
28.61
29.35
28.03
27.93
27.88
28.03
28.37
28.52
28.37
28.32
28.37
28.86
28.66
28.71
28.47
27.93
27.59
26.9
26.66
26.17
25.93
25.59
25.1
24.63
24.34
24.22
23.0
22.22
21.41
20.83
20.46
20.04
19.85
19.58
18.95
16.7
17.72
17.9
17.55
16.89
16.65
16.75
15.92
15.36
14.89
14.99
13.96
13.48
12.87
12.84
10.88
10.53
10.19
10.01
9.851
9.314
8.936
8.557
8.386
7.947
7.727
7.593
7.629
7.019
6.75
6.409
6.433
6.195
6.134
6.158
5.859
5.688
5.499
5.359
5.035
4.803
4.657
4.523
4.242
4.071
4.01
3.986
3.754
3.589
3.436
3.406
3.247
3.156
3.18
2.979
2.875
2.863
2.728
2.713
2.686
2.628
2.509
2.472
2.46
2.405
2.505
2.454
2.652
2.805
2.756
2.762
2.731
2.493
2.435
2.615
2.673
2.713
2.841
2.908
3.094
3.247
3.333
3.381
3.51
3.503
3.778
3.857
4.047
4.108
4.333
4.358
4.419
4.559
4.919
5.243
5.524
5.219
5.426
5.688
5.67
5.768
5.927
6.152
6.799
7.166
7.629
8.252
9.241
9.741
10.03
10.34
11.0
11.23
11.36
11.66
12.08
12.6
12.79
13.01
13.67
14.11
14.62
14.75
15.26
15.75
15.58
16.14
16.11
15.97
16.06
16.31
16.41
16.82
17.46
17.8
18.36
18.43
18.85
19.12
19.34
19.63
19.51
19.53
19.78
20.0
20.61
21.34
0.0
21.56
22.02
22.05
21.97
22.14
22.14
22.27
23.36
23.83
23.39
23.17
23.32
23.44
23.58
23.85
23.83
23.83
23.83
24.34
24.68
24.8
24.56
24.29
24.78
25.34
25.68
25.68
25.98
25.39
26.12
26.81
27.73
28.61
28.12
28.37
28.52
28.61
28.52
28.66
29.15
28.61
28.71
28.71
29.3
28.91
29.1
29.39
29.79
29.79
30.08
30.08
29.79
29.93
30.08
30.03
30.03
30.32
30.08
29.93
29.83
30.32
30.47
30.42
30.52
30.37
29.98
29.64
29.79
29.74
29.93
29.98
29.93
30.76
30.76
30.57
30.66
30.18
30.47
31.3
30.71
30.81
30.86
31.2
30.96
30.71
30.86
30.91
0.0
29.83
30.47
29.83
29.59
29.83
30.08
30.42
30.47
30.13
30.27
30.08
30.13
30.03
30.03
29.54
29.39
29.44
29.25
29.35
29.05
29.15
29.3
29.15
29.44
29.35
28.71
28.42
28.37
28.56
28.37
27.93
27.78
27.39
27.1
26.22
26.17
25.29
24.71
23.61
23.36
23.14
22.63
22.07
21.44
20.92
20.53
19.82
19.36
17.6
17.04
15.99
15.72
15.01
14.67
14.01
13.48
13.13
12.45
12.27
11.22
10.91
10.61
10.61
10.08
9.692
9.363
9.229
8.826
8.276
7.825
7.629
7.373
7.19
7.007
6.873
6.702
6.409
6.262
5.878
5.682
5.347
5.225
4.962
4.907
4.651
4.48
4.321
4.242
4.022
3.912
3.857
3.766
3.784
3.723
3.558
3.387
3.174
3.088
3.03
2.878
2.774
2.664
2.64
2.606
2.628
2.567
2.509
2.573
2.499
2.368
2.481
2.362
2.454
2.481
2.594
2.579
2.6
2.634
2.792
2.896
2.936
3.223
3.174
3.271
3.363
3.479
3.595
3.662
3.864
3.882
4.12
4.309
4.37
4.596
4.755
4.822
5.103
5.603
6.079
6.128
6.073
6.073
6.458
6.592
6.75
6.848
7.312
7.507
7.642
7.947
8.093
8.411
9.216
10.07
10.63
11.3
11.72
13.28
13.67
14.09
14.4
14.72
14.84
15.28
15.82
16.09
16.31
16.92
16.87
17.16
17.63
17.97
17.9
18.43
16.11
18.48
19.29
19.48
19.9
20.07
20.58
20.53
20.51
20.75
20.8
21.29
21.44
21.41
21.95
22.07
22.31
22.29
22.51
22.27
22.56
22.44
23.29
24.58
24.37
23.85
23.75
23.34
22.92
23.36
23.24
23.46
23.0
22.9
22.83
22.85
23.1
23.02
23.51
24.17
23.24
22.95
22.97
23.24
23.34
23.29
21.68
21.07
20.97
21.56
22.31
22.61
22.63
22.31
22.46
22.58
23.02
23.39
24.1
23.75
24.56
24.63
25.0
25.78
26.12
26.12
26.42
26.22
26.81
27.88
28.17
28.61
29.1
28.96
29.44
29.15
28.81
28.96
29.35
29.35
29.25
29.3
29.0
29.3
29.88
29.25
29.74
29.79
29.3
0.0
29.69
29.39
29.44
29.49
29.35
28.96
29.0
28.61
29.64
29.35
29.49
29.35
29.44
28.91
28.66
28.91
29.25
29.25
29.2
28.71
28.32
28.86
28.71
28.47
28.71
28.71
28.71
28.71
28.86
29.05
28.76
28.81
28.17
28.81
28.76
28.37
28.76
28.22
28.32
28.66
28.86
28.42
28.61
28.61
28.86
28.03
27.15
26.22
25.83
24.88
24.1
23.41
22.61
22.02
21.66
21.17
20.48
19.97
19.63
18.95
18.46
17.16
16.94
16.55
15.99
15.26
14.65
14.06
13.67
12.94
12.65
12.08
11.98
11.36
10.56
10.22
9.912
9.607
9.851
9.473
8.594
8.203
7.837
7.825
7.458
7.104
6.873
6.604
6.299
6.116
5.927
5.737
5.67
5.316
5.109
5.084
4.932
4.779
4.59
4.437
4.218
4.15
4.089
4.028
3.888
3.729
3.571
3.583
3.418
3.442
3.296
3.229
3.229
3.094
3.021
2.96
2.939
2.933
2.774
2.756
2.713
2.792
2.805
2.963
2.948
2.988
2.881
2.93
2.902
2.96
2.884
3.009
3.253
3.247
3.412
3.583
3.778
3.937
4.132
3.998
4.077
4.224
4.333
4.572
4.7
4.993
5.182
5.212
5.493
5.981
6.165
6.238
6.555
6.445
6.494
6.641
6.799
7.019
7.483
7.495
7.751
7.922
0.0
8.606
9.216
9.766
10.55
11.27
12.23
13.09
13.65
14.65
14.82
15.11
15.21
15.6
15.94
16.26
16.43
16.99
17.09
17.29
17.5
17.99
18.29
18.75
19.85
20.02
20.29
20.51
20.78
20.95
21.04
21.31
21.95
22.05
22.05
22.34
22.44
22.31
23.05
23.02
23.27
23.1
23.19
23.17
23.36
23.56
23.68
23.58
23.78
23.9
24.24
24.07
24.22
24.12
23.9
23.78
24.02
24.29
24.9
24.95
25.93
26.46
26.66
26.37
25.78
25.98
25.88
26.42
26.46
27.49
27.64
28.22
28.47
28.56
28.81
28.27
28.32
28.22
28.32
28.52
28.47
28.47
28.66
28.52
28.86
29.35
