0.0
0.2159
0.2701
0.3708
0.6004
0.6027
0.5775
0.6836
0.6416
0.5905
0.5913
0.6165
0.5913
0.6119
0.5798
0.6027
0.6042
0.5951
0.6973
0.5913
0.6569
0.6248
0.5974
0.6096
0.6477
0.6165
0.5791
0.5913
0.7164
0.605
0.5913
0.5966
0.5783
0.5783
0.6638
0.824
0.7858
0.7729
0.6493
0.5913
0.5791
0.5791
0.6035
0.7538
0.592
0.5798
0.589
0.7492
0.6622
0.6157
0.6332
0.7637
0.769
0.6554
0.5905
0.6432
0.5775
0.6203
0.6454
0.6027
0.5928
0.6134
0.6111
0.602
0.6004
0.7843
0.7721
0.6432
0.592
0.5791
0.592
0.6607
0.6355
0.5913
0.5798
0.6447
0.7492
0.6783
0.7179
0.8575
0.9125
0.7713
0.7027
0.5783
0.6142
0.6393
0.6081
0.5783
0.75
0.6386
0.7202
0.7736
0.7507
0.6065
0.6676
0.692
0.7812
0.7492
0.8209
0.7721
0.7729
0.7843
0.7858
0.6577
0.7256
0.7935
0.7759
0.7729
0.5898
0.6622
0.5913
0.5783
0.6256
0.676
0.6508
0.6752
0.6622
0.5997
0.6813
0.779
0.7317
0.6935
0.7637
0.5852
0.7683
0.7629
0.7713
0.7713
0.7263
0.592
0.7744
0.8057
0.7736
0.6622
0.6447
0.6073
0.753
0.618
0.6447
0.7721
0.769
0.7141
0.7713
0.7729
0.7843
0.6149
0.7034
0.6271
0.7721
0.7721
0.7301
0.7721
0.7721
0.6523
0.6241
0.6622
0.7126
0.7278
0.7317
0.7736
0.7736
0.8102
0.7736
0.8301
0.8041
0.7736
0.6775
0.6989
0.7408
0.6889
0.7492
0.6401
0.8484
0.8163
0.8316
0.7309
0.7744
0.695
0.6027
0.6203
0.6676
0.6851
0.8148
0.9277
0.7767
0.7713
0.7507
0.7462
0.7362
0.7721
0.6989
0.6035
0.6714
0.6248
0.6027
0.5836
0.5913
0.5783
0.5775
0.5768
0.6027
0.5768
0.5898
0.5768
0.5768
0.5768
0.5898
0.5898
0.5768
0.6088
0.592
0.5943
0.589
0.5791
0.5791
0.592
0.5791
0.5791
