14.6
16.87
20.19
11.15
13.96
10.99
15.33
10.08
24.17
26.42
23.88
13.82
27.25
27.34
19.34
1.088
0.544
0.04692
0.02604
0.02604
0.02604
0.02604
0.02604
0.02861
0.02346
0.02861
0.02604
0.02604
0.02346
0.02861
0.02346
0.02861
12.27
11.8
33.3
33.35
33.01
31.93
30.52
20.46
26.51
26.46
21.02
6.97
30.27
32.32
33.4
34.72
31.01
26.17
32.76
25.83
16.04
10.27
31.64
31.93
33.5
33.64
33.5
29.44
29.59
23.07
14.62
32.71
32.37
33.5
31.98
29.15
29.64
28.71
20.04
19.97
26.22
27.39
14.89
12.72
31.35
30.08
31.88
32.91
32.32
29.88
28.47
20.43
14.97
17.31
22.53
24.85
19.19
7.971
31.2
32.81
32.96
30.62
29.69
30.27
28.03
19.09
17.31
9.192
33.45
33.69
31.35
33.11
28.56
31.45
25.83
16.89
18.95
21.19
26.22
28.71
12.6
24.17
31.98
32.71
35.21
34.81
30.18
28.42
18.99
18.75
17.11
16.65
17.5
17.8
16.16
15.38
18.02
21.51
22.53
22.68
12.5
20.02
19.29
24.95
25.78
15.53
13.57
31.15
31.1
32.47
31.93
29.83
31.25
28.52
17.04
20.63
17.26
16.43
20.61
14.75
0.5051
17.5
14.09
24.1
33.35
32.91
31.93
31.98
27.49
32.96
26.03
14.23
17.09
18.77
17.21
15.26
0.8484
11.52
17.02
17.02
17.77
17.09
17.09
19.68
25.1
24.61
23.12
14.48
19.82
20.56
26.12
25.93
13.92
0.7889
0.349
13.35
16.89
14.55
20.12
25.68
27.64
17.97
13.67
25.29
27.05
17.21
25.49
26.95
22.83
15.48
18.53
16.5
15.14
15.38
24.0
25.73
23.44
6.519
0.75
12.3
18.46
13.77
17.82
16.65
18.6
15.77
15.21
16.75
14.75
16.11
19.36
23.41
24.83
16.48
17.02
16.55
16.7
13.99
24.32
25.24
19.04
1.862
0.544
9.814
8.704
15.99
17.11
16.36
17.99
21.83
22.73
18.65
13.55
12.84
13.94
14.79
15.11
16.16
16.72
17.68
18.43
17.31
13.89
18.92
26.17
23.44
4.358
11.8
16.63
16.28
12.77
14.62
12.87
14.5
15.04
11.46
11.99
17.33
13.65
15.31
26.51
22.36
19.68
13.62
19.26
25.78
23.88
6.274
0.7477
0.1797
0.02861
9.07
12.16
13.96
21.19
24.78
25.93
12.11
16.43
15.99
17.87
23.44
24.51
22.51
13.77
16.55
14.18
16.5
17.11
24.12
25.2
22.8
7.422
0.8072
0.2266
12.35
13.89
22.44
25.05
24.22
14.06
16.85
13.45
15.53
14.36
19.29
26.46
26.07
15.04
12.89
16.5
15.23
14.11
13.55
23.66
25.68
22.29
4.065
0.6149
10.05
11.73
11.04
17.29
16.48
16.21
14.97
14.87
12.3
8.069
1.364
13.18
16.85
23.12
27.15
23.97
13.82
20.02
22.8
23.56
12.74
0.8209
0.396
0.02861
12.43
20.17
19.36
15.77
15.11
21.04
25.68
24.44
12.5
11.56
29.74
29.64
31.74
33.45
32.67
33.79
30.71
25.83
20.87
16.63
15.41
21.12
27.69
30.37
29.69
30.71
31.1
32.18
32.57
32.96
32.81
32.86
15.75
24.93
32.71
29.3
28.76
30.42
28.86
27.44
27.73
24.39
7.312
21.36
30.22
30.37
30.22
28.96
29.35
30.27
30.18
31.35
29.54
29.83
31.84
32.96
32.08
29.93
32.08
33.11
33.15
32.23
33.06
32.18
20.61
25.93
32.32
31.25
31.88
29.83
24.78
27.29
25.54
21.85
7.52
26.42
32.62
30.57
30.37
31.1
32.08
34.28
31.79
33.4
32.96
29.25
29.54
29.3
29.44
29.54
29.69
30.86
31.84
31.45
31.15
30.86
4.706
16.75
28.52
30.27
31.98
31.45
27.44
20.19
22.24
25.39
21.0
8.386
21.58
30.62
30.13
30.71
30.08
30.66
30.71
30.52
30.03
30.66
31.35
29.98
30.27
29.69
29.83
31.1
31.05
32.76
33.3
32.13
29.88
16.89
10.55
20.53
22.44
28.66
29.74
31.1
30.37
20.61
19.95
19.75
16.67
11.99
9.814
21.12
22.27
22.44
22.41
22.61
22.39
22.07
23.07
22.9
22.17
21.44
20.87
20.68
22.78
22.53
28.08
30.86
31.01
31.2
30.81
30.47
29.49
30.96
31.98
32.28
12.62
16.38
29.3
29.79
33.5
29.3
27.54
20.02
22.66
23.73
18.53
10.6
16.65
32.57
33.64
31.79
32.76
32.37
31.69
30.42
30.52
30.42
31.15
30.96
30.91
30.86
31.25
28.76
28.66
28.42
27.44
27.83
29.25
24.73
15.33
30.32
31.01
29.25
28.76
27.15
21.0
23.32
22.36
23.32
10.5
20.43
28.66
30.81
26.17
25.63
21.51
32.13
30.52
25.29
27.39
19.7
32.62
30.52
25.73
26.66
18.33
29.54
29.98
20.02
29.39
20.73
24.88
24.63
17.33
15.5
30.13
31.54
24.29
29.49
19.02
23.58
25.63
18.58
22.61
23.78
24.68
9.827
25.39
31.98
31.84
32.32
32.81
33.25
32.76
32.96
29.74
28.86
30.13
31.69
32.47
31.69
29.35
28.42
26.76
26.12
25.73
24.76
24.37
24.19
13.99
16.06
16.38
16.55
15.5
15.82
16.02
18.21
18.46
19.19
15.5
16.8
16.16
15.84
15.67
15.45
7.373
16.75
18.19
18.36
18.82
19.14
18.46
16.97
18.77
20.36
19.17
18.95
18.82
18.02
16.63
15.55
17.43
19.24
18.29
25.78
34.33
33.84
33.25
31.64
29.79
28.61
26.27
24.46
23.07
21.46
12.74
14.45
19.7
22.27
24.0
22.75
21.14
20.07
20.09
18.63
20.07
20.75
22.88
16.8
23.97
27.34
27.29
18.92
20.83
25.44
27.29
25.0
14.77
25.2
16.53
15.65
16.38
15.16
15.21
15.8
24.12
23.78
14.06
22.0
22.19
24.0
21.24
12.92
15.8
13.65
16.33
21.61
20.14
17.38
17.5
22.12
21.22
15.31
21.22
26.81
26.71
22.44
19.8
25.29
28.47
18.29
22.53
22.17
22.36
26.86
26.03
15.72
22.41
22.17
22.09
23.24
23.73
16.24
21.53
13.94
17.33
14.94
16.16
16.26
18.9
20.75
13.96
20.85
26.76
25.68
13.67
14.04
19.68
20.53
24.24
19.82
14.26
17.26
20.39
27.88
24.24
15.72
15.45
17.07
17.5
16.75
17.87
16.48
2.328
19.53
15.01
23.24
26.66
24.37
13.67
19.97
17.48
15.28
18.9
27.1
26.71
19.58
1.099
0.5936
17.31
14.94
18.75
16.77
19.68
15.8
13.75
15.33
16.41
18.16
12.99
18.48
26.66
27.78
15.31
18.09
16.11
17.19
20.21
24.37
25.63
23.68
3.772
0.7187
0.1198
0.02604
0.02604
0.02604
0.03128
0.02604
0.02604
0.02604
0.02604
0.02604
0.03128
0.02604
0.02604
0.2552
21.09
20.19
19.75
20.17
19.9
19.7
1.791
18.97
20.68
22.05
25.05
