23.51
12.55
10.88
10.88
10.89
10.89
10.89
10.89
10.89
10.89
10.89
10.89
10.89
10.89
10.89
10.89
10.89
10.89
10.89
10.89
10.89
10.89
10.89
10.89
10.89
10.89
10.89
10.89
10.89
10.89
10.89
10.89
10.89
10.89
13.23
13.11
12.92
11.98
10.88
10.89
10.89
10.89
10.89
10.89
16.11
27.83
18.36
14.11
13.33
23.14
24.61
16.21
32.71
33.3
33.25
33.25
33.3
31.69
27.29
33.74
43.02
43.26
43.36
43.36
43.36
43.36
43.36
43.36
43.36
43.36
43.26
43.31
43.31
43.26
43.21
43.16
43.26
43.31
43.21
43.21
43.31
43.51
43.21
35.11
21.14
19.85
14.4
12.7
28.27
32.13
32.08
32.42
32.42
28.76
27.29
41.21
43.26
43.36
43.41
43.41
43.41
43.41
43.41
43.41
43.36
43.36
43.31
43.31
43.31
43.36
43.36
43.36
43.46
43.46
43.41
43.41
43.6
43.7
40.87
25.34
19.95
18.63
12.33
15.65
32.52
32.67
32.67
32.42
27.15
32.62
42.82
43.16
43.36
43.31
43.26
43.31
43.26
43.26
43.21
43.21
43.26
43.36
43.36
43.36
43.21
43.21
43.21
43.36
43.51
43.26
42.97
31.45
22.17
21.0
12.7
12.6
28.61
32.71
32.67
32.67
32.76
30.66
0.185
6.049
21.88
33.89
30.91
30.96
29.49
29.1
28.47
28.03
18.14
32.08
40.87
43.07
43.16
43.21
43.16
43.12
43.12
43.12
43.12
43.07
43.12
43.12
43.12
43.12
43.12
43.07
43.12
43.12
43.16
43.16
43.21
43.16
43.16
43.21
43.21
43.21
43.21
43.31
43.36
43.41
43.41
41.7
40.19
38.96
38.28
37.99
37.3
36.62
23.51
13.99
19.56
29.49
30.76
31.4
31.4
30.37
28.32
26.56
25.88
25.49
29.0
39.11
42.63
43.12
43.21
43.21
43.16
43.16
43.16
43.16
43.12
43.12
43.12
43.12
43.16
43.16
43.12
43.12
43.12
43.12
43.12
43.16
43.16
43.16
43.21
43.16
43.16
43.21
43.21
43.21
43.21
43.36
43.41
43.36
43.41
42.97
40.72
7.166
24.34
29.54
30.81
31.15
30.71
28.08
25.73
24.61
24.49
28.17
38.09
42.63
43.12
41.94
40.82
40.72
41.46
41.65
41.65
41.7
42.04
42.04
42.04
42.48
43.02
43.02
43.07
43.07
43.07
43.07
43.02
43.07
43.07
43.12
43.07
43.12
43.12
43.12
43.12
43.16
43.26
43.26
43.31
43.12
42.58
37.21
33.4
31.74
31.54
28.96
27.44
17.9
12.46
11.62
11.63
11.65
11.65
11.65
11.65
11.65
11.65
11.65
11.65
11.65
11.65
11.65
11.65
11.65
11.65
11.65
11.65
11.65
11.65
11.65
11.56
11.45
11.45
11.45
11.45
11.45
11.45
11.45
11.45
11.45
11.45
11.45
11.45
11.45
11.45
11.45
11.45
11.45
11.45
11.45
11.45
11.45
11.45
11.45
11.45
11.45
11.45
11.45
11.45
11.45
11.45
11.45
11.45
11.45
11.45
11.45
11.45
11.45
11.45
11.45
11.45
11.45
11.45
11.45
11.45
11.45
11.45
11.45
11.45
11.45
11.45
11.45
11.45
11.45
11.45
11.45
11.45
11.45
11.45
11.45
11.45
11.45
11.45
11.45
11.45
11.45
11.45
11.45
11.45
11.45
11.45
11.45
11.45
11.45
11.45
11.45
11.45
11.45
11.45
11.45
11.45
11.45
11.62
14.48
36.67
43.12
43.16
43.21
43.26
43.26
43.21
43.16
43.16
43.21
43.21
43.26
43.26
43.21
43.21
43.21
43.21
43.16
43.26
43.16
43.21
43.16
43.21
43.21
43.21
43.26
43.21
43.21
43.21
43.26
43.26
43.31
43.36
43.36
43.41
43.36
38.62
28.91
21.07
18.65
12.4
11.51
11.49
11.51
13.89
35.4
43.07
43.16
43.21
43.26
43.26
43.02
43.02
42.97
43.02
42.97
42.97
42.97
42.97
43.02
43.02
43.07
43.07
43.02
42.97
42.97
43.02
43.02
43.02
43.02
43.02
43.02
43.02
43.07
43.07
43.12
43.16
43.16
43.21
43.21
39.84
24.17
21.24
17.8
11.95
11.28
12.99
34.28
43.12
43.12
43.21
43.26
43.26
43.21
43.16
43.16
43.21
43.16
43.16
43.21
43.21
43.21
43.16
43.16
43.16
43.16
43.16
43.16
43.21
43.26
43.26
43.26
43.21
43.21
43.21
43.26
43.26
43.31
43.36
43.36
43.41
43.36
40.04
21.7
21.12
19.17
12.13
11.67
17.26
35.94
43.07
43.07
43.12
43.16
43.12
43.12
43.12
43.07
43.12
43.16
43.16
43.12
43.07
43.07
43.07
43.07
43.07
43.12
43.02
43.16
43.12
43.12
43.12
43.16
43.12
43.12
43.16
43.16
43.26
43.26
43.31
43.31
42.04
34.67
23.54
20.19
13.16
11.29
13.09
33.74
43.12
43.16
43.21
43.12
43.07
43.02
43.07
43.16
43.16
43.16
43.21
43.16
43.16
43.16
43.16
43.21
43.12
43.21
43.16
43.16
43.21
43.21
43.21
43.21
43.26
43.26
43.31
43.41
43.41
43.41
38.04
25.39
23.36
18.73
11.82
11.07
11.06
11.06
11.07
11.07
11.07
11.07
11.07
11.07
11.07
11.07
11.07
11.07
11.07
11.07
11.07
11.07
11.07
11.07
11.07
11.07
11.07
11.07
11.07
11.07
11.07
11.61
22.05
41.8
43.12
43.21
43.26
43.26
43.21
43.16
43.21
43.16
43.21
43.21
43.21
43.16
43.21
43.21
43.21
43.16
43.21
43.16
43.21
43.21
43.21
43.21
43.21
43.21
43.21
43.26
43.31
43.31
43.41
43.41
41.94
36.13
32.42
29.25
14.28
11.33
11.05
12.22
27.1
42.38
43.12
42.48
41.41
41.41
41.36
42.24
43.07
43.12
43.07
43.16
43.07
43.07
43.07
43.07
43.07
43.12
43.07
43.12
43.07
43.12
43.12
43.12
43.12
43.12
43.12
43.16
43.16
43.26
43.26
43.31
43.21
39.36
21.07
22.19
15.19
11.4
11.87
24.78
42.43
43.12
43.07
43.07
43.02
43.02
43.07
43.21
43.16
43.21
43.16
43.16
43.21
43.21
43.21
43.26
43.21
43.21
43.21
43.16
43.21
43.21
43.21
43.21
43.26
43.26
43.26
43.31
43.31
43.41
43.41
43.41
39.55
22.66
20.95
20.85
13.75
11.39
11.0
11.01
11.57
19.04
40.92
43.12
43.16
43.26
43.26
43.26
43.21
43.21
43.26
43.26
43.21
43.21
43.16
43.16
43.26
43.21
43.16
43.21
43.12
43.21
43.21
43.21
43.21
43.21
43.21
43.21
43.26
43.26
43.26
43.31
43.36
43.41
43.41
42.53
33.15
18.33
16.89
18.02
15.99
11.0
10.9
10.91
11.22
16.46
39.16
43.12
43.16
43.26
43.26
43.21
43.16
43.16
43.21
43.21
43.21
43.16
43.16
43.16
