29.98
10.8
9.558
17.26
28.56
16.06
12.96
26.86
31.45
19.48
20.48
32.62
31.25
14.62
7.739
9.497
0.0
25.1
5.035
25.93
24.19
22.66
8.887
22.22
28.03
32.86
13.21
24.17
28.08
24.66
29.35
22.51
2.103
26.37
15.45
23.68
33.06
29.39
12.24
6.219
7.727
7.776
8.093
7.788
9.363
7.776
8.911
7.959
7.764
7.581
8.301
22.78
23.85
28.37
14.77
3.827
0.4242
0.02041
0.02098
0.02041
0.02022
0.01965
0.02108
0.02155
0.02089
0.0205
0.01974
0.02108
0.02012
0.0206
0.0206
0.02089
0.02184
0.02117
0.02089
0.02069
0.02098
0.01974
0.02108
0.02079
0.0206
0.02012
0.02003
0.01993
0.02146
0.02127
0.02251
0.02136
0.02174
0.02136
0.02117
0.02117
0.02193
0.02203
0.02384
0.02337
0.02375
0.02403
0.02432
0.02403
0.02375
0.02337
0.02365
0.02384
0.02394
0.0226
0.02394
0.02327
0.02413
0.02317
0.02527
0.02451
0.02489
0.02327
0.02317
0.02508
0.0247
0.02403
0.02499
0.0268
0.02518
0.02451
0.02422
0.02413
0.02432
0.02298
0.02327
0.02499
0.02489
0.02537
0.02584
0.02451
0.0246
0.02279
0.02527
0.02537
0.02375
0.0227
0.02298
0.02251
0.02642
0.02556
0.02546
0.02356
0.02327
0.02165
0.0226
0.02384
0.02575
0.02537
0.02546
0.02384
0.02308
0.0206
0.02565
0.0267
0.02689
0.02632
0.02613
0.0246
0.0246
0.02613
0.02489
0.02632
0.02718
0.02594
0.02584
0.02728
0.02842
0.02489
0.02632
0.02613
0.02604
0.02413
0.02508
0.0247
1.41
4.437
16.77
0.0
18.63
15.09
9.509
23.93
26.66
5.261
0.4898
26.37
12.52
23.12
13.04
21.41
28.27
9.241
10.66
16.53
11.8
11.39
11.91
17.63
29.3
6.152
21.97
21.46
17.68
31.01
13.04
9.375
21.97
11.12
23.9
20.04
26.32
25.78
3.986
15.89
31.69
29.3
13.43
16.24
14.67
10.74
10.77
0.4883
0.07315
0.1884
3.021
32.47
16.8
3.912
7.556
27.44
15.23
13.62
14.26
3.802
31.2
21.48
4.254
12.55
11.15
12.6
11.08
9.68
4.913
1.357
0.5615
1.01
23.71
23.56
2.509
13.62
12.02
13.28
11.12
18.99
29.1
7.227
15.82
21.53
23.63
28.47
8.679
15.36
28.27
3.168
32.32
19.21
6.506
23.29
8.508
13.53
30.37
10.71
8.374
7.861
8.179
7.788
8.618
7.764
8.459
8.081
8.594
7.959
7.861
18.19
17.58
20.46
25.68
8.423
8.472
26.61
17.75
15.11
13.55
25.93
31.74
26.03
17.85
26.17
32.71
30.52
9.9
11.83
10.17
22.07
27.73
9.412
8.472
9.863
9.827
9.009
9.314
9.534
9.534
9.167
8.911
13.06
23.73
23.78
21.66
5.92
11.49
21.92
16.82
26.42
19.8
12.55
18.97
15.92
37.89
33.01
21.09
7.629
16.16
13.79
37.06
31.05
20.36
11.87
13.18
23.1
22.51
17.82
9.595
16.31
19.02
17.7
26.22
21.56
13.7
18.6
12.38
20.58
13.75
23.66
18.97
27.69
32.71
13.87
26.12
28.96
29.35
13.16
27.98
21.26
26.22
27.78
25.39
12.0
27.83
7.874
28.37
23.63
13.99
19.02
24.8
26.32
15.23
13.35
20.78
26.56
22.29
32.62
29.35
13.92
34.67
33.15
25.34
3.986
24.73
29.54
32.52
32.91
9.314
28.08
28.91
12.0
13.35
27.44
36.43
29.74
23.97
3.284
15.94
20.21
20.04
27.59
31.15
25.68
30.71
8.948
15.36
28.12
28.37
14.65
23.44
32.47
32.23
13.82
19.56
31.49
31.05
14.55
13.57
27.44
25.24
31.05
27.39
18.82
15.65
11.55
36.08
34.13
18.29
7.288
21.31
13.77
30.03
30.22
11.18
18.9
14.45
20.07
29.25
33.01
28.96
24.58
4.156
30.13
28.71
19.73
2.048
35.99
32.03
22.92
21.26
31.2
32.86
15.53
4.7
28.96
20.7
22.46
9.351
17.33
6.274
7.751
7.764
7.605
8.276
9.045
7.715
8.044
8.215
9.229
7.751
7.69
7.922
24.34
28.08
27.2
10.84
2.963
15.04
25.1
27.64
18.09
21.56
14.79
16.38
14.5
16.14
28.56
13.4
13.94
8.24
25.59
19.7
22.92
20.68
14.43
32.86
11.69
19.65
22.68
27.39
9.363
8.398
7.764
7.776
8.911
7.739
7.715
8.972
7.715
8.789
7.751
7.788
8.374
9.338
23.58
22.63
25.05
17.26
3.711
21.19
29.3
29.05
24.95
3.473
18.87
27.0
33.15
31.74
24.71
4.26
35.01
30.03
28.27
7.422
18.63
18.63
7.837
7.739
7.666
9.436
7.825
7.751
9.155
7.727
7.788
8.264
8.289
7.776
20.92
23.46
29.25
19.43
4.449
1.495
13.28
16.6
30.57
31.93
31.49
21.58
6.262
16.19
19.56
26.12
28.17
32.67
30.13
13.5
5.402
17.41
26.27
33.69
32.03
23.34
4.651
35.6
28.66
23.73
11.66
27.34
20.51
18.65
33.4
33.06
25.83
11.24
25.15
36.38
31.01
27.64
6.445
10.6
13.09
16.11
24.29
23.22
23.97
25.39
27.1
15.58
7.642
27.59
21.44
13.77
13.67
24.56
27.05
20.73
25.39
27.64
18.58
16.58
22.09
12.18
26.27
7.617
25.05
28.42
14.38
21.75
22.14
29.69
12.24
24.12
7.324
7.751
7.788
8.484
7.69
9.216
7.812
7.715
8.606
7.581
8.875
7.776
7.959
19.14
22.44
26.51
22.07
6.665
1.572
21.12
15.38
24.56
13.4
22.68
24.05
12.41
15.6
15.09
25.0
10.47
27.25
10.82
25.68
8.447
8.301
8.276
9.485
8.484
9.802
8.337
8.325
9.57
8.386
8.899
17.85
20.87
22.71
24.68
7.8
5.75
23.97
10.85
27.93
25.63
27.2
26.22
5.713
18.02
22.88
23.9
18.97
29.44
14.48
9.888
23.05
18.43
17.68
13.33
28.27
33.84
19.51
5.261
24.95
7.727
12.05
27.2
23.32
10.96
17.43
18.31
25.93
10.05
25.68
6.824
7.08
26.9
28.42
30.52
10.96
18.68
15.87
6.531
24.19
4.395
10.36
22.12
22.9
22.73
15.89
18.99
9.29
24.58
28.86
28.22
7.007
10.49
11.6
10.91
11.38
12.02
12.04
31.74
9.973
19.36
30.86
17.58
0.9537
0.02022
0.02079
0.02146
0.02146
0.02146
8.801
9.607
9.521
8.215
9.143
8.472
10.62
8.167
8.411
24.29
24.76
21.92
3.436
21.73
34.77
34.62
20.17
23.78
6.11
13.57
20.17
21.31
29.15
25.93
36.57
17.04
16.92
23.41
27.73
19.34
24.39
16.26
17.63
10.75
19.9
28.37
21.26
29.1
21.29
18.14
16.65
21.68
13.11
8.105
7.837
9.021
7.812
7.825
9.143
7.812
7.861
9.375
7.8
7.849
7.898
7.837
25.34
27.05
26.61
13.31
3.632
16.43
26.76
27.15
28.42
24.63
32.76
21.09
4.706
20.73
26.86
27.44
27.29
20.17
7.91
7.91
7.922
7.861
9.192
8.02
7.935
8.618
7.959
