28.08
28.22
28.22
28.03
28.03
27.88
28.03
28.12
28.12
28.17
28.22
28.32
28.12
28.52
28.03
27.98
27.93
27.98
28.08
28.08
28.03
27.88
27.83
27.93
27.93
28.08
28.12
28.52
28.27
28.03
28.17
27.93
28.17
28.03
28.08
28.12
28.22
28.37
28.17
27.88
28.32
27.88
27.93
28.17
27.98
27.78
27.73
27.39
26.51
26.07
25.68
25.54
24.98
24.0
23.63
22.51
22.24
22.36
23.22
22.63
23.36
23.14
22.46
21.48
21.53
21.19
20.8
20.34
19.46
18.41
19.29
18.73
19.17
18.99
17.58
16.85
16.28
14.09
14.77
16.04
17.09
16.82
16.87
16.67
15.28
14.89
13.53
12.72
12.28
13.28
12.96
13.35
13.79
12.6
10.22
9.692
9.57
9.18
8.813
9.253
9.229
9.07
9.265
9.253
9.57
9.229
9.29
8.167
8.606
9.045
10.11
10.22
9.619
8.557
7.825
8.936
8.838
8.289
8.081
7.422
8.765
9.497
9.961
10.55
10.12
9.07
9.521
9.741
8.569
6.982
9.863
10.19
9.827
9.583
9.387
7.935
9.521
9.705
9.619
9.07
8.96
9.424
9.644
10.27
10.85
11.36
10.56
11.4
11.79
11.72
12.5
13.55
10.3
13.06
12.99
13.5
12.79
13.31
13.79
14.09
14.6
14.45
14.65
15.58
14.26
14.67
14.62
14.62
15.26
15.77
15.41
15.97
15.89
15.94
16.24
16.8
17.09
17.8
19.29
21.41
22.22
22.66
23.22
23.24
21.78
23.22
23.14
25.15
27.1
27.39
27.64
28.56
28.37
28.52
28.42
28.32
28.22
28.61
28.17
28.17
28.17
27.88
27.78
27.93
27.64
28.03
27.73
27.39
27.69
27.69
28.12
27.98
28.22
28.56
28.56
28.42
28.56
28.81
28.76
28.81
28.61
28.66
28.71
28.96
28.66
28.56
28.91
28.76
28.52
28.52
28.52
28.42
28.22
29.0
28.71
28.71
28.76
28.91
28.47
28.56
28.47
28.56
28.37
28.52
28.71
28.32
28.42
28.37
28.08
28.56
28.37
28.42
28.71
28.42
28.37
28.61
28.37
28.61
28.86
28.81
28.76
28.86
28.86
28.91
28.76
28.76
28.61
28.86
28.52
28.86
28.52
28.71
28.71
28.71
28.47
28.71
28.52
28.61
28.52
28.52
28.76
29.0
29.05
28.96
28.86
28.61
28.91
28.56
28.17
28.56
28.47
28.52
28.42
28.71
28.37
28.76
29.79
29.25
28.76
28.56
28.66
28.71
28.61
28.27
28.81
28.42
28.22
28.42
28.47
28.52
28.42
28.32
28.86
28.81
28.32
28.42
28.47
28.56
28.32
28.37
29.25
28.32
28.27
28.37
27.83
28.32
28.56
28.76
28.27
28.12
28.42
28.08
27.0
27.83
27.78
28.76
29.1
28.08
28.37
27.88
27.25
26.12
26.03
25.54
25.93
25.1
23.85
22.95
23.14
22.24
21.63
20.92
20.09
19.04
18.99
18.46
18.09
17.8
17.33
15.92
14.94
14.5
14.01
13.62
13.28
12.89
12.16
11.85
11.56
11.05
10.83
11.15
11.18
11.61
11.96
11.77
11.65
11.55
10.22
10.23
10.25
10.23
9.534
8.63
8.386
9.729
10.4
10.36
10.66
10.94
11.0
9.814
8.215
6.238
8.521
8.301
8.081
8.069
8.191
8.02
7.947
9.045
9.912
10.17
10.31
10.31
10.62
10.57
10.62
10.08
9.106
9.131
10.46
10.93
10.99
10.36
8.911
9.143
10.71
10.74
10.94
11.04
10.93
9.705
11.49
11.05
11.06
13.18
11.9
13.6
14.36
12.27
10.18
13.11
14.5
15.38
14.65
16.26
16.89
17.19
17.94
18.14
18.82
19.24
17.97
18.99
19.12
18.9
19.65
18.02
17.29
18.8
20.7
22.8
23.36
26.03
26.37
27.69
29.49
29.39
28.96
29.39
29.25
29.15
28.81
28.32
28.37
28.61
28.37
28.27
28.03
27.54
27.73
28.32
27.59
27.49
27.59
27.64
27.78
27.78
28.61
28.81
28.66
28.76
28.71
29.88
29.69
29.1
29.54
29.15
28.27
28.47
28.56
28.47
28.66
28.47
28.03
28.37
29.05
28.76
29.15
29.2
28.71
28.61
29.0
29.3
28.86
28.76
28.66
29.39
29.2
28.42
27.98
27.83
28.08
27.83
27.98
28.17
28.17
28.12
28.27
27.83
28.03
28.03
28.03
28.08
28.17
28.27
28.22
28.03
28.37
28.32
28.12
28.71
28.17
28.08
28.27
28.08
28.47
28.27
28.27
28.17
28.27
28.27
28.17
28.12
28.52
28.52
28.47
28.12
28.12
28.27
28.32
28.32
28.52
28.08
28.76
28.37
28.37
28.61
28.61
28.61
28.37
28.71
29.15
29.25
28.71
29.15
28.96
28.91
28.81
29.1
28.96
28.91
28.91
29.0
28.91
28.71
29.0
28.91
28.66
28.91
28.71
28.22
28.22
27.88
28.17
27.98
28.08
27.88
28.03
28.08
28.03
28.42
28.32
28.52
28.47
28.76
28.56
28.66
28.37
28.37
28.22
28.08
28.27
27.88
28.03
27.83
27.98
27.69
27.15
27.15
27.1
26.46
25.98
25.63
25.59
25.88
24.68
23.61
23.29
22.68
21.92
21.22
20.83
20.39
18.9
18.38
16.92
16.46
16.06
15.6
17.33
15.26
16.7
15.8
15.21
14.5
13.09
12.67
13.01
13.4
13.23
12.89
12.57
12.26
12.49
12.79
10.58
10.36
11.34
11.65
11.44
11.06
10.69
10.82
11.27
10.62
11.15
10.62
10.23
10.03
9.131
8.96
7.605
7.739
10.52
9.863
10.46
9.558
8.74
9.79
9.79
9.363
9.424
8.435
8.081
8.105
8.02
8.838
8.044
7.495
8.228
8.74
8.984
9.314
9.631
9.57
10.19
10.3
9.729
10.19
10.19
9.802
9.851
10.05
9.253
9.204
8.923
9.29
9.68
11.34
10.93
10.67
11.57
11.98
13.09
13.96
13.72
13.4
13.23
13.16
13.21
13.31
14.45
14.38
11.8
16.99
16.85
17.21
17.43
17.29
20.02
20.75
20.68
21.61
23.12
24.39
25.2
24.58
25.29
27.54
29.49
29.98
30.71
30.71
30.62
30.52
30.76
30.76
30.76
30.66
30.62
30.91
30.96
30.96
31.01
30.91
30.96
31.15
31.01
30.76
30.96
30.91
31.01
31.05
30.52
31.25
30.86
31.01
31.01
30.47
28.47
28.32
28.17
28.22
28.27
28.22
28.32
28.32
27.93
28.08
28.17
28.22
28.22
28.12
28.03
27.93
28.22
27.93
27.98
27.59
27.83
27.88
27.88
27.93
27.93
27.93
28.12
28.03
28.37
28.03
28.03
27.98
28.03
28.17
28.12
28.03
28.52
28.27
28.17
28.03
28.03
28.37
