9.839
24.54
31.69
21.56
1.816
30.81
29.25
30.57
13.28
15.06
24.63
15.36
23.29
25.63
26.03
28.27
21.7
32.81
18.24
12.1
26.37
33.89
14.11
32.28
13.89
24.63
26.9
27.69
35.11
15.58
20.12
25.88
26.27
34.72
33.64
25.24
15.92
29.54
31.74
26.46
1.309
0.02441
0.02346
0.0247
0.02413
0.02413
0.02251
0.02346
0.02279
0.02346
0.02308
0.0247
0.02441
0.02508
0.02441
0.02508
0.02413
0.02441
0.02346
0.02308
0.02279
0.02375
0.02251
0.02346
0.02279
0.02375
0.02308
0.02375
0.02375
0.02537
0.02413
0.02441
0.02346
0.02537
0.02308
0.02413
0.02279
0.02441
0.02279
0.02346
0.02308
0.02537
0.0267
0.02804
0.02413
0.02213
0.02117
0.02184
0.02308
0.0247
0.02441
0.02508
0.0247
0.02575
0.02604
0.02604
0.02604
0.02632
0.02575
0.02632
0.02537
0.02699
0.02537
0.02632
0.02441
0.02441
0.02508
0.02575
0.02508
0.02575
0.02508
0.02537
0.02375
0.0247
0.02441
0.02537
0.02441
0.02575
0.0247
0.02413
0.0247
0.02537
0.02413
0.02508
0.0247
0.0247
0.02413
0.02632
0.02632
0.02766
0.0267
0.02699
0.02441
0.02508
0.02375
0.02413
0.0247
0.0267
0.02441
0.0247
0.02508
0.02699
0.02575
0.02575
0.02537
0.02575
0.0247
0.0267
0.02508
0.02604
0.02575
0.02604
0.02537
0.0267
0.02604
0.02604
0.02537
0.02537
0.02632
0.02699
0.02604
0.02699
0.02604
0.0267
0.02575
0.02632
0.02537
0.02804
0.02766
0.02699
0.02575
0.02766
0.0267
0.02737
0.02604
0.02737
1.529
10.6
12.3
8.167
16.87
17.31
11.58
35.35
19.41
23.88
17.63
18.19
4.865
3.296
3.259
4.211
2.652
14.14
11.11
26.51
14.11
23.29
17.53
20.65
16.82
30.57
21.56
28.71
9.485
6.995
8.337
9.937
8.398
8.301
9.412
9.045
9.473
8.435
9.192
8.704
9.399
26.56
27.69
25.63
7.056
3.857
7.434
11.15
10.78
8.594
0.02537
0.02575
0.02413
2.231
16.24
21.51
26.76
10.51
26.71
9.79
14.21
23.88
31.98
34.81
14.99
22.66
18.38
18.16
27.49
12.62
16.5
6.763
14.36
15.19
13.94
10.36
28.08
11.43
13.13
15.23
12.74
9.387
9.961
5.389
1.167
18.48
27.44
14.5
14.55
30.86
34.13
16.02
26.66
20.8
28.42
24.22
4.785
24.66
29.74
30.03
16.7
11.46
18.6
21.09
32.18
13.96
24.1
26.12
27.54
25.54
5.988
19.75
25.2
21.61
29.88
12.89
19.07
24.73
35.74
15.75
25.05
31.74
29.0
13.72
9.131
14.67
26.03
15.43
14.09
22.78
30.18
29.79
22.0
2.133
16.11
23.22
26.22
26.17
30.52
25.59
8.96
25.15
14.04
8.752
8.362
9.79
8.398
8.362
10.16
8.447
8.35
9.985
8.35
8.191
23.71
22.46
27.64
20.17
4.272
4.48
7.971
7.947
7.959
7.935
8.35
8.386
7.898
9.106
7.935
8.008
7.849
8.643
11.77
24.88
28.32
26.03
9.631
2.731
21.22
26.17
26.17
31.1
32.42
24.8
16.28
19.09
8.008
28.08
20.21
28.71
23.02
19.85
17.46
22.09
13.99
29.64
29.79
30.71
14.67
5.17
29.25
27.05
18.63
8.447
27.44
14.75
22.88
27.15
26.66
32.57
19.97
4.23
18.09
25.54
27.25
29.05
25.78
8.435
6.824
27.54
25.39
33.3
30.81
15.5
18.82
16.53
28.81
36.08
17.07
16.97
17.85
15.36
27.25
16.97
12.82
23.12
25.24
30.32
36.47
18.55
21.17
28.42
26.07
26.9
5.981
30.66
26.22
21.53
19.78
28.66
27.49
25.54
5.28
12.72
12.52
24.51
28.96
30.76
13.38
21.34
13.48
19.46
29.93
33.59
21.56
2.341
24.22
24.85
19.14
11.29
29.49
28.66
21.02
10.35
26.76
1.028
18.19
17.9
29.2
33.89
29.64
12.15
13.01
9.143
14.06
14.53
18.29
13.33
2.728
3.079
2.789
2.887
3.012
3.302
3.253
3.278
13.33
29.1
27.59
22.05
15.65
33.25
27.54
26.07
4.059
17.75
20.58
19.82
14.6
23.32
28.37
9.631
19.58
30.08
33.5
20.85
2.307
23.49
24.41
24.17
14.45
15.41
28.91
16.75
20.04
25.98
34.57
15.5
17.9
25.0
27.15
27.29
29.25
23.41
10.36
26.9
25.78
13.04
28.32
15.45
17.65
25.15
25.83
17.99
14.87
20.02
8.289
8.374
9.619
8.423
9.863
8.362
8.337
9.314
9.155
9.009
20.43
23.0
29.3
20.19
4.022
10.3
27.25
20.87
25.88
26.03
21.95
30.91
18.12
15.62
18.6
18.55
28.96
34.23
16.24
33.74
32.03
25.39
3.967
26.22
16.48
17.63
13.65
27.2
32.96
26.42
25.68
8.704
28.22
15.67
18.19
25.39
17.92
20.09
33.45
31.05
13.5
29.93
26.9
29.35
18.77
8.826
34.03
29.64
26.76
8.252
14.6
27.39
23.85
15.94
32.86
27.64
28.22
7.971
17.43
32.23
31.3
20.04
6.543
28.17
19.07
27.73
33.94
27.1
27.44
10.18
22.44
31.49
30.22
16.7
1.52
11.58
25.34
26.66
27.2
15.48
25.68
31.49
29.64
12.94
33.84
33.3
25.0
7.129
8.289
8.203
9.314
9.668
8.374
9.497
8.167
9.546
8.972
8.179
29.05
23.32
27.34
10.94
2.869
30.13
32.28
29.69
13.28
26.81
27.93
15.14
22.9
10.56
26.95
14.77
5.444
13.65
33.15
32.47
29.1
8.813
15.84
25.63
24.8
9.839
28.76
20.29
22.51
31.59
8.594
25.68
28.52
31.59
34.96
33.5
16.5
2.658
27.2
23.46
31.1
33.64
15.36
0.8224
21.24
13.55
18.33
17.8
9.131
19.85
19.82
19.87
15.82
19.36
24.44
18.58
27.29
28.22
13.72
19.48
24.76
18.97
24.83
25.44
6.061
28.96
22.12
25.49
26.66
32.96
23.58
31.79
14.18
5.902
7.764
7.8
8.826
7.581
9.473
7.69
8.728
7.825
8.289
7.874
22.61
22.88
25.98
7.751
9.937
29.49
29.59
25.05
10.85
22.63
5.511
10.12
7.788
19.41
25.68
10.55
27.15
11.34
28.37
27.78
30.47
29.2
12.84
26.07
28.42
30.47
15.31
24.12
10.44
19.36
18.63
29.83
7.703
0.08459
0.02346
0.0247
0.02213
0.02346
4.352
13.28
10.71
11.02
14.33
12.34
22.58
26.22
3.479
24.32
10.89
23.12
24.32
25.2
25.93
8.972
29.59
12.19
33.54
32.32
29.15
8.301
28.76
24.32
16.97
32.37
21.41
13.33
25.39
27.78
24.76
28.96
32.67
19.63
7.446
24.54
4.669
5.42
26.17
12.18
27.83
18.14
17.77
18.95
11.72
26.95
23.1
8.606
24.44
5.688
25.88
12.33
27.73
12.55
21.17
22.24
23.66
25.0
26.42
4.071
19.43
30.03
31.01
36.52
18.26
22.02
12.84
28.52
28.42
30.71
11.45
13.94
16.19
18.99
14.5
14.65
14.21
27.78
30.03
30.32
24.85
3.839
23.83
32.18
