18.12
18.9
6.616
3.125
18.26
19.78
20.85
34.72
37.11
19.87
16.53
20.78
16.02
24.85
38.38
23.56
0.8408
0.388
0.02604
9.68
14.99
19.09
13.72
18.16
17.94
28.22
36.08
22.0
17.07
15.04
20.61
15.43
16.46
17.85
16.5
30.22
37.45
26.07
39.11
17.77
0.8438
0.2865
0.02346
12.92
16.75
16.48
17.9
29.1
38.38
19.92
18.51
13.92
15.28
26.86
38.43
23.0
26.22
37.74
24.05
19.65
33.25
36.52
23.34
37.79
22.66
11.69
39.21
37.7
38.53
39.01
37.01
34.57
34.77
29.59
7.41
42.04
39.89
37.7
37.26
36.28
36.23
36.62
36.23
35.21
36.18
37.01
36.96
35.74
34.42
34.23
34.23
34.38
35.4
31.49
30.96
33.89
32.13
31.98
32.37
30.22
29.69
32.47
31.98
32.13
29.59
25.1
10.5
10.23
10.39
10.29
7.983
16.36
12.57
17.63
5.17
3.802
4.535
20.43
33.79
34.13
34.47
34.96
35.01
34.33
32.32
29.98
6.775
30.57
42.43
40.04
39.79
39.16
38.82
38.72
35.4
32.81
33.84
32.96
32.71
33.2
33.54
33.15
33.15
34.42
33.35
32.67
32.81
32.52
31.84
31.84
33.4
34.57
37.26
36.47
37.26
25.2
11.07
9.717
9.851
9.949
7.947
16.31
17.46
9.802
4.565
3.424
5.78
29.93
31.54
37.3
37.89
36.57
36.57
33.98
34.81
15.06
25.2
40.53
37.21
37.84
35.89
37.5
36.47
37.94
36.87
37.5
37.94
36.18
37.5
37.11
37.55
38.04
37.7
34.08
31.84
30.22
31.1
31.79
29.93
31.64
31.79
31.74
34.33
34.86
33.2
29.44
10.34
9.729
10.01
10.21
9.607
6.433
15.7
15.33
14.21
4.895
3.925
11.32
36.96
36.62
36.91
37.21
36.57
34.57
34.96
16.65
23.73
38.43
37.79
37.55
36.28
36.18
34.67
31.64
32.03
32.37
33.84
34.67
33.54
32.91
31.4
32.18
33.59
34.33
34.67
34.08
31.69
35.55
35.55
35.06
33.69
33.11
36.08
36.47
34.77
32.13
17.53
11.28
10.66
10.42
9.399
10.33
14.5
21.26
5.121
4.486
3.54
14.06
36.67
37.79
34.47
34.81
35.74
33.64
33.84
24.68
13.28
42.09
40.38
41.16
39.7
38.87
38.92
37.94
37.65
38.62
37.3
38.92
39.31
38.62
37.26
37.4
37.11
34.13
34.03
33.11
33.15
30.18
33.94
36.77
33.89
35.01
37.3
35.84
25.68
11.15
11.36
11.05
9.07
16.53
16.02
13.21
4.785
3.534
1.547
0.573
0.0885
0.03128
0.02079
0.02604
0.02604
0.02604
0.02604
0.02604
0.02079
0.03128
0.02079
0.03128
0.02079
0.02604
0.02604
0.02604
0.02604
0.02604
0.02079
0.03128
0.02079
0.03128
0.02079
0.02604
0.02604
0.02604
0.02079
0.02604
0.02604
0.02604
0.02604
0.03128
0.02604
0.03128
0.02604
0.02604
0.02604
0.03128
0.02604
0.03128
0.02079
0.02604
0.02079
0.02604
0.02604
0.02604
0.02604
0.03128
0.02079
0.02604
0.02604
0.02604
0.02079
0.03128
0.02079
0.03128
0.02079
0.03128
0.02604
0.02604
0.02604
0.03128
0.02079
0.03128
0.02604
0.02604
0.02079
0.02604
0.02604
0.02604
0.02604
0.02604
0.02604
0.02604
0.02079
0.02604
0.02604
0.02604
0.02079
0.03128
0.02079
0.02604
0.02604
0.02604
0.02604
0.02604
0.02604
0.02604
0.02604
0.02604
0.02604
0.02604
0.02604
0.02604
0.02079
0.02604
0.02604
0.02604
0.02079
0.02604
0.02604
0.02604
0.02604
0.02604
5.334
38.38
38.09
37.6
37.55
37.55
37.79
37.3
37.84
37.74
37.74
37.35
35.84
32.91
31.88
35.3
36.62
37.35
37.45
36.96
36.57
36.52
36.82
37.21
36.72
37.3
37.6
29.69
11.65
11.1
11.01
12.87
16.26
15.82
21.22
3.217
0.396
0.1511
0.02604
5.548
41.55
38.33
37.21
36.43
34.57
36.13
35.25
36.62
36.77
35.64
35.06
34.08
34.81
35.3
35.21
35.01
33.64
34.23
35.3
34.08
34.23
37.5
35.69
35.21
35.25
35.35
33.5
19.17
10.66
10.17
10.12
11.69
14.14
20.7
21.31
3.333
5.45
33.11
37.74
37.45
37.06
35.89
35.74
36.91
37.4
37.5
37.3
37.3
37.06
37.5
37.26
37.4
37.26
36.57
35.84
35.21
35.6
34.81
34.13
34.77
34.91
33.94
33.15
31.54
31.69
15.5
10.42
10.82
10.31
11.95
15.48
19.17
20.02
4.578
20.21
39.99
38.09
37.99
36.77
35.3
34.72
34.08
36.47
37.6
37.84
36.52
36.33
36.82
37.3
37.4
36.08
31.35
32.96
32.96
32.76
33.4
31.35
30.91
31.69
31.84
34.13
31.1
31.98
21.34
10.23
10.05
9.985
11.4
14.87
17.72
21.88
3.601
2.844
17.99
35.01
33.74
33.94
33.84
31.05
32.81
32.52
32.81
33.3
32.91
33.2
32.71
31.3
33.11
33.5
33.3
32.96
32.67
33.06
32.52
32.67
32.32
31.25
28.42
31.01
32.08
29.59
30.22
30.62
30.96
23.07
10.78
9.814
9.741
11.06
15.16
18.95
21.29
3.625
0.4272
0.177
0.03128
0.02604
0.02604
0.02604
0.02604
8.105
11.45
10.9
10.3
10.51
7.935
1.474
0.1459
0.04692
0.03128
0.02604
0.02604
0.02604
0.02604
0.02604
0.02604
0.02604
0.02604
0.02604
0.02604
0.02604
0.02604
0.02604
0.02604
0.02604
0.02604
0.02604
5.743
39.11
37.7
37.7
37.55
37.5
37.4
37.6
37.74
37.55
37.6
37.6
36.87
35.99
37.26
37.65
37.4
36.28
36.67
36.47
34.77
33.06
35.99
36.57
35.74
36.38
35.64
28.47
11.1
10.08
10.24
10.35
13.16
20.68
19.04
13.01
4.895
22.95
37.16
37.84
37.5
36.43
35.55
35.6
31.25
32.96
32.47
32.03
30.76
28.32
29.3
28.32
31.49
30.62
31.84
35.6
33.98
31.64
34.23
33.06
29.88
30.32
30.71
28.86
28.56
30.91
30.47
31.3
23.93
12.07
10.02
9.302
9.363
11.47
12.67
20.58
16.28
12.7
1.892
3.296
24.63
37.6
37.94
37.4
35.84
34.81
34.72
35.94
36.87
37.3
36.96
34.86
36.72
37.06
37.35
37.3
37.01
35.6
36.38
35.4
33.79
33.64
32.28
34.72
36.43
35.21
34.81
34.23
29.2
10.97
10.23
10.53
10.41
13.57
20.0
20.56
10.05
1.755
2.646
22.88
39.01
37.7
37.5
37.45
37.45
35.99
36.91
37.55
37.35
37.7
36.52
36.28
37.5
36.23
37.11
36.47
35.06
36.18
33.94
32.23
32.08
30.76
32.62
32.62
31.93
33.89
34.91
32.76
11.72
11.08
10.95
11.6
17.07
18.21
22.41
3.418
0.4372
0.1719
0.03128
0.02604
0.02604
2.359
24.15
36.52
36.62
36.13
36.13
33.4
34.23
36.43
37.5
37.55
37.5
37.06
37.21
36.87
37.35
37.7
36.91
34.72
37.16
35.64
34.42
33.94
31.88
32.23
31.88
31.64
30.62
