0.1629
0.2884
0.1942
0.1429
0.4128
0.1192
0.4272
0.1644
0.3021
0.2392
0.1778
0.193
0.1471
0.1385
0.0
0.0
0.0
0.0
0.0
0.0
0.0
0.0
0.0
0.006104
0.1432
0.0
0.1053
0.0371
0.1654
0.1247
0.3567
0.1532
0.2544
0.2117
0.3269
0.2338
0.1446
0.3807
0.06199
0.3929
0.6111
0.8362
0.8591
0.9262
0.9781
1.048
6.348
3.479
3.778
1.457
0.1677
0.2308
0.1762
0.1356
0.4677
0.124
0.2335
0.2666
0.3231
0.9445
0.8896
0.7668
0.8453
0.7629
0.8286
6.067
2.167
4.303
1.541
0.6645
0.4143
0.1791
0.3857
0.3632
0.3456
0.227
0.3239
0.4974
0.1234
0.396
0.6729
0.9537
0.8682
0.8865
0.8759
0.7652
5.682
1.883
4.517
1.501
0.2136
0.6256
0.7286
0.9415
0.9796
1.086
0.9659
5.676
1.828
3.589
1.608
0.1968
0.4967
0.7286
0.8347
0.7996
0.9094
0.7706
4.901
2.835
2.551
2.725
1.166
0.4608
0.8667
0.9262
1.067
1.257
5.914
3.326
2.856
0.6477
0.6355
0.2892
0.9247
1.08
0.9079
0.8698
0.8881
0.853
5.969
3.589
3.485
2.396
0.7683
0.2419
0.7431
0.8591
0.8606
0.9964
0.8575
0.8911
6.458
2.02
2.71
2.014
0.5562
0.388
0.4906
0.2987
0.8011
0.9872
1.019
0.9995
1.236
5.402
2.774
3.394
0.8759
0.0885
0.6393
0.7065
0.6973
0.6889
0.6203
0.7347
0.708
2.628
4.871
2.82
3.735
1.152
0.5104
0.2636
0.1568
0.2163
0.2403
0.3872
0.03681
0.3952
0.4173
0.4311
0.0002861
0.00124
0.0
0.0
0.0
0.001717
0.0
9.537e-05
0.0
0.0
0.03147
0.489
0.6783
0.8453
0.8743
0.9079
0.8392
0.8072
0.9247
0.8987
0.7195
0.8698
0.8972
1.027
0.9033
0.8728
0.8759
0.7462
0.856
0.7332
0.8224
0.8011
0.8408
0.8438
0.8896
0.943
0.8881
0.7668
3.577
4.181
5.688
8.252
3.998
6.836
5.45
6.335
7.397
6.592
7.483
5.164
7.288
5.731
3.644
3.577
2.1
0.9109
0.0
0.0
0.04044
0.2457
0.4517
0.2892
0.4158
0.3662
0.03777
0.1249
0.07334
0.3719
0.576
0.103
0.5119
0.3944
0.0001907
9.537e-05
0.0
0.0
0.0
0.0
0.0
0.0
0.0
0.0
9.537e-05
0.1448
0.001335
9.537e-05
0.008774
0.132
0.0
0.06514
0.1728
0.7141
0.1598
0.1635
0.173
0.1892
9.537e-05
9.537e-05
0.0
0.0
0.0
0.0
0.0
0.0
0.0
0.008392
0.3685
0.3021
0.168
0.3605
0.1757
0.07772
0.4242
0.3304
0.2666
0.1013
0.09756
0.1425
0.444
0.004005
0.0001907
0.0
0.0
0.0001907
0.0
0.0
0.0
0.0
0.0
0.0
0.0
9.537e-05
0.0
0.0
0.0
0.0
0.0
0.0
0.0
0.0
0.0001907
0.0
0.0
9.537e-05
0.0
9.537e-05
0.0
0.0
0.0
0.0
0.0
0.0001907
0.0
0.0
0.0
0.0002861
0.0
0.0
9.537e-05
0.0
0.0
0.0
0.0
0.0
0.0
9.537e-05
0.0
0.0
0.0
0.0
0.0
0.0
0.0
0.0
0.0
0.0
0.0
0.0002861
0.0
0.0
0.0
0.01259
0.367
0.7568
0.7812
0.7782
0.7965
0.8194
0.9109
0.8224
0.7416
0.7027
0.7484
0.8118
0.7088
0.6363
0.7378
0.6248
0.7797
0.7156
0.6737
0.6645
0.7027
0.5753
0.6012
0.6416
0.6386
0.6592
0.5737
0.5592
0.6042
0.6737
0.6828
0.676
3.876
5.463
7.52
5.927
3.113
5.286
7.751
4.089
7.666
5.359
6.311
6.726
7.275
5.054
4.047
2.774
3.131
2.884
0.09193
0.7889
0.7355
0.827
0.769
0.8636
0.8392
0.7889
0.8194
0.7278
0.6485
0.6897
0.7126
0.7103
0.6729
0.8133
0.8392
0.8911
0.7179
0.7439
0.8331
0.7256
0.8331
0.8865
0.9369
1.003
0.8484
0.7103
0.6973
3.049
6.653
7.947
5.487
3.522
10.23
5.988
6.409
8.472
7.166
7.739
4.297
3.955
3.073
2.249
2.457
2.811
0.3754
0.4425
0.4791
0.5234
0.5859
0.6088
0.634
0.631
0.7675
0.724
0.6027
0.6493
0.6248
0.7301
0.7057
0.7591
0.7965
0.7202
0.7217
0.7301
0.7324
0.6905
0.7011
0.6157
0.6401
0.56
0.4913
0.5493
0.499
0.5173
0.6149
0.6615
0.6554
0.5249
0.6371
0.7111
0.8102
5.072
7.031
9.094
3.485
4.077
10.03
8.142
7.104
7.507
4.724
6.171
8.191
4.126
3.662
2.771
3.061
2.377
0.7278
0.5936
0.7042
0.6935
0.7004
0.6393
0.7492
0.7004
0.8698
0.8789
0.7645
0.6844
0.7561
0.9094
0.8118
0.8759
0.7698
0.7561
0.7706
0.7362
0.7065
0.795
0.6561
0.7935
0.7431
0.8545
0.7256
0.6279
0.5623
1.35
3.168
5.005
7.275
6.726
3.098
9.412
5.09
7.727
6.049
7.373
9.106
6.836
4.156
3.436
2.365
2.377
1.941
0.4059
0.4601
0.4913
0.502
0.6042
3.387
3.986
3.018
1.584
2.203
0.3201
0.3452
0.4906
0.5974
2.478
3.143
1.476
1.241
0.05846
0.3159
0.4288
0.4593
2.505
3.241
1.222
1.353
0.1024
0.3212
0.5692
0.5379
1.532
4.272
1.463
0.7294
1.009
0.2308
0.3876
0.4646
0.4684
2.786
2.869
1.064
0.9689
0.2071
0.4189
0.4471
0.4303
2.707
2.557
1.076
1.108
0.1671
0.1358
0.09031
0.3159
0.1242
0.002766
0.5386
0.5882
0.5577
0.6088
0.618
0.7278
0.6546
0.6172
0.7416
0.7263
0.6714
0.6119
0.6302
0.6393
0.6424
0.5814
0.5653
0.6477
0.7484
0.885
0.7919
0.7484
0.7584
0.7423
0.7019
0.856
0.7462
0.6577
0.6866
0.6813
0.6393
0.6973
0.9109
0.7614
1.596
5.511
6.213
7.483
3.204
5.713
8.301
6.726
5.408
7.129
4.315
7.764
7.263
4.193
3.748
2.222
2.539
2.698
1.332
0.02813
0.5424
0.499
0.5302
0.5463
0.5402
0.5241
0.5615
0.528
0.5547
0.5478
0.7233
0.7133
0.705
0.647
0.7683
0.5661
0.6218
0.6546
0.5653
0.5638
0.6638
0.6477
0.6042
0.5806
0.5249
0.5081
0.5737
0.5676
0.5638
0.5997
0.5249
0.5699
0.4539
0.5341
0.6355
0.6409
0.6088
0.6187
0.6004
0.5692
1.497
6.262
9.448
4.7
3.571
7.605
5.652
4.541
6.348
5.457
6.372
7.593
5.829
3.998
2.817
2.127
2.612
2.911
0.3967
0.4051
0.8041
0.3159
0.4166
0.6027
0.05875
0.4547
0.4799
0.4753
0.6035
0.5974
0.618
0.4692
0.5035
0.5409
0.6111
0.5913
0.6592
0.5409
0.489
0.5539
0.5447
0.6035
0.5501
0.5394
0.6241
0.6493
0.5646
0.5669
0.5768
0.5203
0.621
0.6065
0.515
0.5913
0.5554
0.5981
0.6157
0.4959
0.5249
0.4631
0.5074
0.5478
0.5844
0.5623
0.5272
0.5508
2.518
5.853
8.142
4.358
4.193
6.238
5.328
2.905
6.873
9.277
5.609
4.657
7.275
6.207
3.564
3.65
2.509
2.512
2.701
1.122
0.4898
0.3201
0.2117
0.4036
0.1213
0.1099
0.07162
0.2331
0.2499
9.537e-05
0.0
0.0
0.0
9.537e-05
0.0
0.0
0.0
0.0
0.0
0.0
0.0
0.0
0.0
0.0
0.0
0.0
0.0
0.0
0.0
0.0
0.007629
0.7317
0.5402
0.1324
0.4761
0.972
0.2571
0.1381
