0.235
0.1673
0.1747
0.219
0.3548
0.235
0.1902
0.2335
0.3815
0.1976
0.325
0.2403
0.149
0.2117
0.0
0.0
0.0002861
0.0
0.0
0.0
0.0
0.00782
0.341
0.3849
0.1286
0.1789
0.3929
0.1358
0.1341
0.3944
0.1478
0.1328
0.1825
0.2407
1.14
1.361
1.709
1.285
1.706
1.862
1.84
2.179
4.791
1.605
2.756
1.129
0.1368
0.0001907
0.1234
1.422
1.7
1.859
1.575
1.862
1.984
2.859
4.004
1.764
2.173
0.5058
0.2125
0.06924
0.1644
1.338
1.636
1.62
1.843
1.703
1.559
1.749
4.626
1.55
2.1
1.115
0.1984
0.2796
0.1501
0.1854
0.285
0.1255
0.4318
0.06523
0.1425
0.2274
0.2369
0.3574
0.5493
1.427
1.562
1.703
1.55
1.715
1.743
4.651
1.636
2.405
0.4929
0.3094
0.1938
0.135
0.2419
0.2888
0.2274
0.119
0.07429
0.2892
0.1177
0.5219
0.4066
0.1093
0.1223
0.2464
0.1648
0.5363
1.501
1.52
1.581
1.323
1.312
1.149
1.357
4.62
2.017
2.109
0.267
0.4013
0.0
0.5707
1.364
1.422
1.782
1.62
2.103
1.987
5.023
1.443
1.862
1.807
0.4303
0.5905
1.642
2.002
2.112
2.103
2.313
5.188
2.328
1.944
0.2495
0.3498
0.3235
0.3674
0.3769
0.00124
0.2316
0.4707
0.2586
0.1225
1.154
1.254
1.44
1.411
1.849
2.026
2.289
4.419
2.142
1.627
0.5844
0.1608
0.1446
0.144
0.4272
0.4639
0.3067
0.3021
0.1368
0.3784
0.5684
0.3334
0.139
0.1387
0.3292
0.0001907
0.0002861
0.0
0.0
0.0
0.0
0.0003815
0.0
0.1684
0.2365
0.3166
0.3738
0.01431
0.2148
0.2254
0.3178
0.2541
0.264
0.2758
0.243
0.2506
0.1705
0.1638
0.0
9.537e-05
0.0
0.0
0.0
0.0
0.0
0.0
0.0
0.2945
0.1852
0.006008
0.1513
0.1215
0.3311
0.3902
0.1835
0.1608
0.1177
0.3468
0.1707
0.1677
0.1686
0.1713
0.0
9.537e-05
0.0
0.0
0.0
0.0001907
0.0
0.0
0.0
0.4425
0.1116
0.1219
0.3071
0.1038
0.3174
0.5608
0.1707
0.1995
0.412
0.5196
0.09937
0.5997
0.2689
0.1488
0.1793
0.3262
9.537e-05
0.0
0.0
0.001049
0.0
0.0
0.0
0.009727
0.7133
0.8041
0.1255
0.1476
0.1665
0.1654
0.1471
0.1987
0.1625
0.4097
0.1175
0.0946
0.3662
0.09203
0.0001907
0.0005722
0.0002861
0.0
0.0
0.0
0.0
0.0
0.01049
0.3407
0.01879
0.3178
0.2769
0.3307
0.1972
0.4021
0.1173
0.1108
0.2453
0.2232
0.1806
0.4044
0.2419
0.1991
0.4486
0.01879
0.0001907
0.0001907
0.001049
0.0
0.0008583
0.0
0.0
0.0
0.5028
0.1755
0.2655
0.3414
0.1984
0.1249
0.1179
0.1196
0.0
9.537e-05
0.3567
0.004101
0.2571
0.2316
0.19
0.3445
0.09289
0.0004768
0.0
0.0
0.0002861
0.0001907
0.0
0.0
0.01259
0.1627
0.1648
0.1431
0.0002861
9.537e-05
0.0
0.0
0.0
0.0
0.0
9.537e-05
0.0
9.537e-05
0.0
0.0
0.0
0.0
9.537e-05
0.0
0.0
0.0
0.0
0.415
0.2472
0.00658
0.4868
0.1886
0.1783
1.73
1.733
1.84
1.953
1.865
1.846
1.956
2.112
1.935
1.712
1.688
1.724
1.544
1.584
1.44
1.23
1.506
1.529
1.669
1.62
1.627
1.807
1.959
2.203
2.136
1.901
5.756
5.371
5.31
4.95
7.544
6.958
6.97
4.724
3.912
3.778
1.445
1.245
1.218
1.862
1.984
1.743
2.109
2.332
2.219
1.929
2.09
2.121
2.179
2.103
2.094
1.837
1.46
1.541
1.511
1.682
1.791
1.645
1.74
1.645
1.752
2.042
1.776
4.834
6.232
2.28
4.346
3.473
5.084
4.926
4.437
3.882
6.445
3.522
4.083
3.284
1.752
1.36
0.5142
1.569
1.491
1.755
1.807
1.614
1.947
1.877
1.524
1.639
1.366
1.602
1.547
1.633
1.54
1.602
1.482
1.431
1.526
1.639
1.466
1.326
1.37
1.323
1.256
1.35
1.555
1.253
1.552
1.633
2.417
7.263
3.088
4.993
3.876
3.943
6.543
3.912
3.589
5.878
3.577
3.345
3.003
3.012
0.7729
1.379
1.031
1.01
1.205
1.381
1.149
1.118
0.9995
1.268
1.129
1.013
1.06
1.089
1.047
0.9918
1.151
1.196
1.286
1.161
1.099
1.411
1.306
1.259
1.109
1.36
1.253
1.199
1.276
1.212
1.172
1.074
1.157
1.218
1.279
1.132
1.109
0.9857
1.134
4.816
5.542
2.301
4.626
3.809
4.541
5.823
5.347
3.68
7.031
4.37
4.486
3.448
1.172
1.599
0.9583
0.9521
1.053
1.151
1.422
1.184
1.146
1.402
1.146
1.051
1.062
1.175
1.213
1.256
1.065
1.202
1.205
1.379
1.344
1.335
1.288
1.259
1.213
1.416
1.474
1.353
1.529
1.306
1.187
1.398
1.381
1.382
1.505
1.373
4.419
6.567
2.982
5.011
5.31
8.875
5.865
8.044
5.127
4.309
3.68
1.476
2.151
0.5379
0.9384
1.01
2.338
2.582
1.111
0.1802
0.8148
1.08
1.015
2.487
1.572
0.9933
0.06876
0.8347
0.8911
1.065
2.567
1.868
0.9491
0.3742
0.2335
0.1261
0.1331
0.3269
0.486
1.517
1.538
1.45
1.562
1.352
1.332
1.062
0.9506
1.237
1.1
1.108
1.195
1.079
1.28
1.248
1.53
1.697
1.645
1.581
1.437
1.404
1.425
1.299
1.404
1.399
1.617
1.892
1.807
1.834
1.752
6.244
4.791
3.522
5.017
4.48
7.922
6.36
5.139
5.585
4.065
3.571
1.312
1.491
1.035
1.268
1.518
1.524
1.627
1.398
1.526
1.509
1.791
1.697
1.837
1.865
2.023
1.968
1.721
1.755
1.752
1.639
1.422
1.541
1.401
1.32
1.355
1.009
1.172
1.138
1.122
1.132
1.057
1.17
2.557
7.251
2.554
4.419
3.766
3.949
5.621
4.462
4.596
5.023
5.121
3.098
3.015
2.692
2.924
1.505
1.033
0.9048
1.208
0.1762
1.143
0.3429
0.7263
0.7309
0.2403
1.273
0.7652
0.1579
0.6836
0.7706
0.1379
0.721
0.3738
0.4005
9.537e-05
1.013
1.022
1.006
1.044
1.291
1.039
1.123
1.039
1.122
1.035
1.057
0.9735
1.253
1.102
1.135
1.018
1.068
1.076
1.132
1.282
1.292
1.221
1.056
1.054
1.18
1.147
1.181
1.138
1.25
1.241
1.176
1.157
1.12
1.285
1.212
1.155
1.161
1.202
6.555
4.236
2.188
4.944
4.871
5.817
4.956
4.211
4.633
5.707
3.802
2.545
3.552
2.795
1.039
2.02
0.2819
0.2483
0.2552
0.2014
0.4158
0.2434
0.2716
0.0005722
0.0
0.0
0.0
0.01421
0.3502
0.3201
0.2037
0.3063
0.3082
0.1596
0.1614
0.2613
0.2785
0.3067
0.2373
0.2735
0.4234
0.09289
0.1381
0.1219
0.3712
0.003338
0.0
9.537e-05
0.0
9.537e-05
0.0
9.537e-05
0.0
0.0
0.0
0.0
0.0
0.0
0.0
9.537e-05
0.0
0.0
0.0
0.0
0.0
0.0
0.0
0.0005722
1.03
0.4021
0.7095
0.7423
0.3246
0.1394
0.4837
0.259
