23.07
18.19
24.0
22.02
21.29
17.31
21.19
17.9
21.63
18.77
20.9
17.87
23.56
19.75
21.92
18.73
24.76
18.43
21.97
18.29
23.44
18.51
21.44
18.77
22.97
18.8
22.36
19.26
23.83
23.75
22.29
19.36
21.85
18.24
22.14
20.34
22.07
19.12
22.92
22.51
24.76
20.31
20.9
18.77
22.8
18.33
22.17
20.09
24.44
17.75
21.02
19.24
22.12
17.6
22.07
17.87
23.32
17.55
20.14
16.77
20.19
16.92
20.02
16.75
19.78
16.31
19.75
16.24
20.19
17.21
19.95
16.53
21.48
16.75
20.14
16.77
20.21
18.77
22.41
17.92
24.98
20.78
20.65
17.63
20.9
17.46
20.56
17.72
21.14
17.9
21.09
18.12
21.29
17.5
20.53
18.55
21.66
18.85
23.07
19.6
22.49
21.09
22.75
19.29
22.44
18.95
22.53
19.17
22.68
20.95
22.92
19.09
22.49
19.34
22.29
19.24
22.63
19.48
26.56
21.9
25.63
23.07
26.76
21.8
24.32
22.61
26.51
22.09
24.88
21.56
25.15
23.54
23.02
18.8
21.83
18.8
22.14
19.21
24.95
20.61
22.31
18.8
22.63
19.68
22.53
19.9
22.68
19.68
22.44
18.73
21.92
19.58
22.46
19.04
22.46
19.56
22.73
20.04
22.95
19.8
24.37
19.09
22.8
21.22
22.36
19.12
24.95
20.02
23.46
19.17
23.95
20.02
23.44
20.34
23.73
19.82
23.95
19.24
22.97
19.58
22.95
20.36
22.92
22.97
23.12
19.65
23.66
21.34
24.12
20.68
24.88
20.87
25.68
22.63
24.32
20.21
23.02
20.04
22.92
20.97
23.41
19.95
24.9
20.63
23.34
19.75
22.17
18.6
21.46
17.58
21.26
18.53
21.75
18.51
21.0
18.02
21.78
18.38
18.26
14.53
17.87
17.07
13.06
16.7
13.84
16.5
13.06
16.77
15.28
20.19
18.04
25.29
18.77
17.63
21.14
19.82
21.58
21.39
23.22
18.09
20.36
16.8
19.95
16.33
18.99
16.85
19.07
17.11
21.04
18.38
21.75
17.99
20.87
18.82
23.22
19.6
23.51
23.46
26.76
24.32
26.81
22.63
26.22
25.83
28.27
26.17
29.2
26.12
28.76
25.49
29.05
25.2
28.61
27.05
31.01
25.39
28.17
24.78
27.98
25.15
28.32
25.44
28.76
25.63
28.27
25.15
28.17
25.73
27.44
24.98
28.42
25.73
28.27
25.24
26.46
22.51
25.44
20.26
22.92
20.26
23.71
21.75
24.73
22.58
25.93
20.92
24.49
20.14
23.61
21.04
24.39
22.39
24.58
21.58
26.61
21.97
26.22
24.0
27.64
25.2
25.15
22.49
24.78
26.71
29.93
23.88
26.07
25.49
27.15
20.65
23.83
20.53
23.75
21.04
25.93
22.92
27.54
21.58
25.05
19.63
22.71
19.51
22.24
19.19
20.51
19.41
20.95
17.46
20.58
17.09
20.02
17.21
19.51
18.02
20.34
20.29
23.9
20.41
23.95
22.31
19.97
15.31
19.07
18.07
22.95
19.48
17.87
20.63
22.09
21.92
18.36
20.97
18.65
24.39
19.92
20.9
16.24
17.6
15.82
20.58
15.55
19.68
16.19
16.31
18.21
16.75
17.43
15.31
18.53
16.31
17.55
16.02
18.46
15.87
19.85
16.11
18.24
16.28
17.48
15.8
22.0
16.72
18.75
20.21
21.22
16.14
16.11
18.33
17.58
19.51
17.53
18.51
17.87
21.24
22.97
24.98
21.29
22.63
21.97
26.03
23.17
23.71
23.17
24.27
20.68
27.1
24.71
26.71
26.32
28.32
25.34
23.46
21.0
21.73
19.9
22.49
19.43
21.88
21.8
22.19
20.21
22.92
21.24
24.05
20.9
22.31
20.63
23.78
21.44
21.68
23.24
27.44
24.02
22.8
21.88
25.39
21.46
21.34
19.48
21.04
19.17
21.31
20.29
21.31
18.92
20.63
19.6
21.85
20.07
21.53
20.12
22.36
21.07
24.51
20.46
21.73
20.41
22.63
20.53
22.34
20.51
22.34
20.0
22.44
21.9
27.29
21.97
24.46
22.61
26.9
26.66
28.37
25.2
27.73
24.07
27.73
25.24
30.47
28.22
26.71
23.75
27.88
26.61
27.39
23.0
25.39
21.75
24.17
21.61
24.22
22.02
25.24
22.22
25.59
21.7
26.27
23.19
24.41
23.27
27.05
24.05
26.76
24.29
27.49
23.46
26.12
22.78
25.78
22.63
25.34
23.27
26.86
23.12
25.88
23.27
25.73
22.31
23.83
20.83
23.19
20.68
23.07
21.17
24.71
23.49
25.39
22.02
28.22
23.14
24.37
22.63
27.98
27.05
26.03
21.58
23.66
21.97
24.24
23.41
26.76
26.03
26.71
24.76
26.95
24.58
28.22
24.1
26.81
25.63
30.27
22.97
26.03
23.24
26.51
23.29
26.37
22.97
24.85
22.44
25.29
22.22
25.1
22.58
25.68
22.07
25.54
23.68
25.49
21.75
23.93
23.0
25.15
21.75
22.85
22.07
26.17
23.44
26.71
22.36
26.51
22.34
26.27
22.29
25.98
22.19
23.66
20.63
25.98
21.31
24.27
19.31
22.44
18.48
21.44
19.53
22.68
19.46
23.32
21.04
27.54
22.88
25.34
22.19
28.96
25.39
27.25
21.41
22.68
19.56
22.9
19.7
21.51
18.9
21.97
20.14
23.9
18.51
22.24
19.95
23.63
18.85
20.19
17.85
21.12
19.63
23.05
21.44
22.78
20.75
24.12
17.92
17.5
13.84
17.8
13.28
19.53
25.68
17.04
14.38
18.36
15.14
29.2
18.48
15.31
18.26
21.73
18.75
22.41
20.9
24.12
19.73
23.17
20.75
24.19
16.09
17.33
14.94
27.93
17.07
14.67
18.36
16.8
20.63
13.04
15.92
18.75
16.06
19.21
15.01
21.51
16.21
19.43
15.92
18.41
14.31
18.51
16.09
19.12
17.02
19.97
18.38
19.8
15.62
19.85
16.72
20.51
15.84
19.41
16.97
20.12
18.33
21.68
20.21
27.0
21.73
21.73
18.21
20.02
16.02
18.58
16.19
23.07
17.6
19.6
16.94
18.36
16.06
22.41
13.84
14.23
12.55
14.16
17.55
14.14
19.07
20.9
16.09
20.12
16.36
19.46
15.94
19.85
16.48
20.48
17.99
20.75
17.48
22.58
18.24
22.78
19.51
21.7
18.63
21.51
22.46
24.78
20.07
23.56
19.24
22.71
18.24
22.31
22.05
26.51
22.95
27.25
24.56
23.68
19.97
22.39
20.09
26.03
22.97
25.15
24.22
23.36
20.56
24.54
22.41
25.73
22.19
25.78
24.27
27.93
24.46
29.1
24.68
28.27
26.32
29.1
28.61
31.54
26.37
26.86
25.44
26.76
23.78
26.03
23.46
26.03
23.29
26.37
22.83
26.17
22.12
25.29
22.31
25.54
22.66
25.73
22.49
26.46
21.97
24.61
22.53
25.49
22.49
23.51
19.9
23.9
18.36
25.73
22.75
25.29
22.75
25.2
21.68
25.34
24.68
26.12
23.17
24.98
23.0
23.93
20.95
24.29
20.12
23.34
20.31
25.59
21.75
22.83
19.87
22.97
18.63
21.9
19.29
21.29
19.04
22.19
18.85
23.85
19.02
