8.899
8.911
7.91
8.362
8.704
8.875
8.569
8.276
8.423
8.765
8.728
10.36
20.17
20.48
14.79
6.775
6.384
6.262
6.262
6.262
6.262
6.262
6.262
6.262
6.262
7.751
6.458
6.445
7.483
7.202
6.458
6.628
14.55
20.75
19.95
11.16
15.11
17.07
17.85
18.26
18.68
18.21
15.43
15.45
14.31
10.02
8.484
16.77
20.83
17.09
10.94
16.31
17.41
18.04
18.46
16.99
15.36
15.06
9.009
8.594
8.984
8.679
14.26
16.89
17.75
18.36
18.58
15.43
15.04
13.35
8.496
9.509
19.46
20.53
12.87
12.3
20.8
19.92
10.23
10.89
16.26
17.36
18.04
18.48
16.53
15.28
14.72
11.88
11.84
16.53
17.65
18.24
18.53
15.48
14.67
12.96
8.63
8.728
8.838
14.11
16.97
17.9
18.41
16.41
14.94
13.23
8.765
9.082
12.05
16.5
17.55
18.16
17.99
15.16
14.58
11.22
9.265
9.009
8.948
9.277
9.29
13.09
20.75
20.29
10.97
9.717
16.33
20.83
19.63
10.66
15.31
17.07
17.82
18.21
17.94
15.01
14.33
11.21
10.35
16.16
17.33
17.94
18.41
16.19
14.84
13.23
11.21
20.36
19.43
12.35
9.521
9.058
15.53
17.14
17.87
18.29
18.26
15.06
14.5
12.5
9.973
15.94
17.33
17.94
18.41
16.82
14.87
14.14
11.96
9.619
8.911
9.399
9.045
8.74
9.546
9.448
9.143
9.131
8.923
9.802
8.948
8.081
6.409
6.409
6.409
6.409
6.409
7.434
9.094
8.899
8.74
8.777
8.875
9.021
9.033
8.936
8.948
8.85
8.691
8.765
9.033
15.5
20.8
19.58
12.52
8.887
7.935
6.409
6.409
6.409
6.409
7.361
9.241
8.96
8.716
8.875
9.399
14.33
20.78
20.26
15.55
9.131
9.302
8.96
8.984
8.899
8.765
8.716
8.716
8.484
6.531
6.409
6.409
6.409
6.409
7.336
9.546
8.826
8.826
8.887
9.241
17.33
20.85
19.78
12.55
15.48
20.85
20.68
16.06
9.558
9.387
9.631
9.302
8.521
10.21
14.06
20.43
20.36
15.21
7.959
8.936
9.094
8.752
8.936
8.813
9.204
8.691
8.936
8.972
8.691
8.777
8.826
8.85
10.08
19.78
20.83
18.63
11.52
20.56
20.14
10.12
6.653
6.47
7.483
9.326
8.948
9.131
9.033
8.63
9.045
8.923
9.253
9.375
9.29
18.09
20.83
19.14
8.984
8.887
8.777
8.801
7.666
6.604
6.47
6.409
6.409
6.409
7.3
8.887
8.594
8.582
8.765
9.985
19.78
20.46
12.74
8.85
8.923
8.569
8.667
16.5
20.83
17.55
14.77
20.83
20.26
8.777
6.689
6.47
6.409
6.409
7.361
9.18
8.521
12.01
20.04
20.85
20.43
18.68
10.14
17.97
20.83
15.45
8.875
8.459
15.38
20.83
20.34
15.06
7.19
6.604
6.604
6.604
6.604
6.604
7.434
8.972
9.631
9.192
9.302
9.473
9.167
8.459
9.631
18.53
20.83
17.04
15.62
20.83
17.07
9.229
8.875
8.765
9.204
15.41
20.78
20.85
20.48
14.55
10.88
16.63
17.75
18.36
18.75
19.19
19.43
19.6
19.75
19.92
20.0
20.12
20.26
20.29
20.31
20.51
20.68
20.65
18.26
18.29
19.75
20.83
20.85
20.85
20.87
20.61
20.14
19.34
16.65
11.22
16.82
17.94
18.48
18.8
19.12
19.36
19.53
19.73
19.75
19.92
20.12
20.26
20.31
20.31
20.31
20.51
20.53
20.7
20.7
18.36
17.7
19.95
20.8
20.78
20.56
20.43
19.8
18.9
18.77
16.04
12.96
17.07
17.9
18.46
18.68
19.02
19.29
19.51
19.58
19.6
19.75
19.92
20.04
20.12
20.29
20.34
20.51
20.56
20.7
20.7
20.63
18.21
18.09
20.02
20.8
20.7
20.65
20.53
19.43
18.6
18.26
16.28
11.67
16.63
17.58
18.19
18.48
18.85
19.24
19.36
19.53
19.56
19.73
19.73
19.87
19.95
20.12
20.12
20.12
20.31
20.31
20.36
20.46
20.68
20.7
20.19
17.46
17.68
18.97
20.51
20.85
20.85
20.85
20.87
20.51
20.14
20.12
15.92
8.826
14.21
17.19
17.94
18.38
18.7
19.09
19.29
19.51
19.58
19.73
19.82
19.92
20.02
20.12
20.26
20.31
20.36
20.53
20.7
20.7
20.7
18.97
17.77
18.21
20.43
20.85
20.85
20.83
20.85
20.87
20.04
18.68
18.6
14.99
13.28
17.09
17.9
18.43
18.75
19.07
19.34
19.43
19.53
19.7
19.73
19.85
19.92
20.12
20.12
20.17
20.31
20.39
20.61
20.7
20.7
18.85
17.58
18.9
20.56
20.85
20.85
20.85
20.26
18.77
18.63
18.33
10.02
14.5
16.72
15.48
13.55
12.32
18.48
19.75
15.19
10.63
15.92
16.99
14.04
13.26
10.28
12.13
15.77
16.72
17.14
14.45
13.16
13.06
11.46
15.48
19.41
19.82
19.31
16.11
9.692
14.65
16.21
16.75
15.31
12.96
12.96
10.96
11.49
16.26
17.19
17.68
17.99
18.29
18.51
18.58
18.85
19.04
19.17
19.34
19.36
19.56
19.56
19.56
19.56
19.75
19.75
19.75
19.85
19.95
19.95
20.14
20.14
20.14
20.14
20.14
20.34
20.31
20.34
20.34
20.43
20.58
20.7
20.7
20.7
20.7
17.29
17.53
19.48
20.87
20.87
20.87
20.87
20.83
20.53
20.51
19.48
18.68
17.24
17.24
12.72
8.704
16.19
17.85
18.48
18.75
19.17
19.36
19.53
19.65
19.73
19.92
19.9
20.0
20.09
20.14
20.29
20.29
20.31
20.48
20.63
20.68
20.58
18.19
19.9
20.83
20.75
20.56
20.21
18.51
17.6
17.58
12.17
13.31
10.13
13.57
12.12
9.888
10.64
13.13
16.89
20.61
19.56
13.18
13.67
19.68
20.75
15.8
11.5
16.75
17.72
18.36
18.65
19.02
19.38
19.53
19.63
19.7
19.78
19.9
20.02
20.09
20.19
20.29
20.29
20.48
20.68
20.68
20.68
20.68
17.53
18.43
20.83
20.83
20.85
20.85
20.8
19.8
18.68
18.14
10.25
9.192
9.607
9.558
10.01
18.21
20.83
17.41
9.998
9.07
9.253
9.436
10.14
9.949
9.546
9.033
10.1
10.79
18.53
20.83
20.31
13.6
9.998
9.827
9.509
16.19
20.8
20.83
20.17
12.7
9.375
9.302
9.399
9.192
9.436
9.131
9.119
9.534
9.607
9.155
9.924
11.96
19.78
20.83
20.8
15.7
9.863
9.631
17.82
20.83
20.29
13.26
9.534
12.18
20.0
20.83
20.34
13.11
9.656
9.57
11.93
20.02
20.83
20.04
12.13
6.787
6.604
6.604
6.604
6.604
6.604
6.604
6.604
6.604
6.604
6.604
6.604
6.604
6.604
6.604
6.604
6.604
6.604
9.314
9.705
13.6
20.31
20.85
20.73
16.82
10.16
10.17
9.351
10.03
