17.41
18.38
18.07
17.58
20.14
17.97
15.82
15.84
15.65
16.77
17.09
16.63
16.8
18.38
16.26
16.53
14.77
15.41
16.63
16.48
17.48
17.04
16.87
16.38
16.41
16.65
15.36
15.94
16.46
17.43
17.6
17.65
17.9
16.5
14.87
16.28
16.58
17.02
16.97
17.09
17.85
18.14
16.16
17.11
17.38
17.63
16.11
16.02
15.48
16.31
16.72
17.48
16.46
16.41
17.33
16.92
18.14
16.5
14.89
15.55
16.92
16.63
17.41
19.75
17.97
16.5
15.92
17.02
18.14
17.85
17.77
18.65
18.75
15.55
16.6
15.87
16.67
23.32
15.92
15.97
15.8
16.21
16.16
17.26
15.77
15.99
15.43
14.82
15.21
16.5
15.92
17.87
16.82
17.11
18.19
17.68
17.6
17.7
17.58
16.85
17.65
16.72
15.58
16.02
15.87
16.63
18.48
17.99
17.24
17.9
20.17
16.14
16.02
16.09
17.75
16.63
14.28
14.82
14.4
15.33
15.72
15.5
15.55
14.36
14.36
14.84
15.5
16.24
17.58
14.16
14.36
15.5
14.31
14.82
16.46
15.41
17.77
16.38
14.92
15.11
15.33
15.45
16.63
15.89
15.89
17.04
15.67
14.38
14.79
15.97
15.43
16.48
15.38
14.99
14.82
15.48
15.87
16.24
16.8
18.19
15.67
15.92
17.21
16.97
17.21
17.36
18.21
17.75
16.11
17.75
19.14
16.97
16.92
18.97
18.04
17.58
16.09
15.65
15.62
15.99
16.5
16.8
16.65
18.16
17.6
17.99
17.31
16.28
16.89
18.53
17.5
17.97
16.8
17.21
16.7
16.85
17.5
17.5
16.89
16.06
16.5
15.84
16.04
17.02
17.75
18.16
19.53
19.04
17.94
16.06
15.89
15.43
15.14
15.94
16.89
16.14
16.55
16.36
17.11
18.12
17.16
16.58
16.99
18.8
17.29
17.21
16.11
15.87
16.53
16.67
17.58
19.02
16.87
16.67
16.24
16.16
14.89
15.16
16.53
15.72
16.09
17.04
16.85
15.45
16.31
16.87
15.5
16.92
14.31
16.11
15.6
16.94
16.6
15.09
14.75
14.33
15.26
14.87
14.87
15.92
16.21
17.41
14.99
14.55
15.06
14.77
15.72
16.26
18.38
16.16
16.5
16.82
14.77
15.06
15.09
16.36
15.6
16.06
14.36
14.87
14.5
14.99
16.58
16.53
16.11
14.62
15.55
15.48
15.33
16.28
16.65
16.6
14.97
17.55
15.36
16.21
16.8
16.58
16.5
16.85
16.38
15.72
16.92
17.38
19.02
16.02
16.89
18.07
16.43
15.62
15.94
15.41
14.67
15.21
15.55
16.31
16.16
16.97
15.87
15.82
15.53
16.8
16.41
17.21
16.63
17.31
14.79
15.01
16.11
15.04
15.01
16.24
15.94
16.43
17.36
17.14
18.77
17.46
21.31
16.53
15.09
16.02
15.5
15.7
16.09
16.65
17.63
16.63
17.97
17.31
16.8
17.19
16.33
16.58
16.02
16.55
16.33
17.38
16.67
17.77
18.29
17.31
17.99
17.43
17.8
18.99
17.07
15.77
16.7
17.58
16.7
16.04
18.09
18.33
18.16
16.72
17.33
17.24
16.7
16.89
17.63
18.19
17.77
15.77
15.7
16.48
15.97
16.63
16.43
17.65
18.77
16.87
16.89
16.7
17.19
18.24
17.24
18.77
16.21
17.85
17.24
18.9
17.94
15.99
17.16
15.8
16.41
17.58
16.31
16.7
17.8
17.11
17.16
16.72
15.99
18.21
16.67
17.6
17.04
17.04
17.72
17.53
17.97
19.21
16.77
16.87
17.07
17.16
18.73
19.19
18.29
18.33
20.02
17.26
17.72
17.94
17.63
17.72
20.56
18.33
18.77
16.63
18.14
16.67
17.41
17.58
15.77
15.77
16.19
16.21
16.7
17.29
17.68
18.65
16.6
15.84
16.8
17.16
17.36
17.31
17.24
18.16
16.33
16.31
16.87
17.65
16.65
17.16
18.09
17.43
16.63
16.26
17.8
16.6
17.97
18.26
18.07
16.89
16.97
17.38
15.94
16.89
16.36
16.46
17.38
17.19
19.07
17.43
18.53
17.72
16.5
17.46
17.8
18.38
17.29
17.21
17.85
17.63
17.38
17.19
16.77
17.29
16.72
16.92
16.97
17.53
17.75
19.31
17.04
17.58
17.82
19.58
17.21
17.31
18.82
20.21
16.24
16.67
16.75
17.29
18.21
19.02
18.24
16.53
16.43
16.97
16.41
16.55
16.94
19.09
19.07
16.65
15.45
15.5
16.09
16.33
15.45
15.38
15.77
17.21
16.58
16.21
16.82
15.48
16.14
15.7
15.31
16.33
15.26
15.14
16.89
15.36
15.11
15.36
15.62
17.72
16.75
15.16
15.45
15.23
15.58
18.02
20.39
19.17
19.46
16.99
16.8
17.16
18.68
17.48
16.87
16.77
17.53
18.38
18.33
19.26
19.92
17.24
17.09
19.04
16.85
17.26
18.19
17.02
16.33
16.02
16.43
16.89
17.55
17.82
18.09
18.02
15.65
16.26
16.38
18.24
18.04
17.02
18.65
18.51
17.11
15.89
16.8
18.07
16.97
17.19
17.7
17.29
17.24
17.48
19.65
16.55
18.29
17.24
17.77
21.26
16.04
16.97
16.16
16.09
17.07
14.89
15.67
15.38
16.09
16.99
17.6
17.85
16.87
17.53
17.58
15.92
15.77
16.53
15.72
17.53
15.99
16.38
16.67
16.7
17.43
18.55
17.36
17.31
17.19
18.07
16.33
16.21
18.26
17.75
18.8
17.43
17.11
17.68
18.24
17.99
16.97
15.94
16.41
17.77
16.55
17.07
17.7
17.85
19.56
18.9
16.04
17.29
16.41
17.8
18.63
16.97
18.68
19.04
16.94
16.55
15.8
16.16
17.33
17.11
16.97
19.07
17.5
16.38
16.06
16.19
17.68
16.72
16.43
17.02
17.02
17.07
16.58
16.82
18.43
16.94
17.04
17.85
20.19
17.31
17.58
17.02
16.94
18.6
18.04
16.5
17.19
17.53
18.29
18.51
18.99
19.34
16.28
16.53
19.02
16.77
17.63
18.63
16.55
16.97
17.43
18.85
16.72
17.53
17.65
16.48
16.75
17.6
17.5
17.46
16.63
18.82
18.12
18.97
17.97
16.97
18.16
16.97
16.8
18.19
19.82
16.7
16.85
18.21
17.02
18.07
18.85
18.63
16.36
16.41
16.72
16.85
17.99
17.55
18.09
17.48
18.14
17.75
18.46
19.24
17.72
18.46
19.29
18.09
18.19
17.33
17.55
18.12
18.6
18.36
20.51
18.38
19.04
18.04
17.58
18.21
