9.705
9.717
9.595
9.497
9.497
9.302
9.473
9.692
9.619
9.595
9.705
9.729
9.888
10.42
10.08
9.595
9.607
9.558
9.644
9.717
9.558
9.802
9.399
9.216
9.314
9.204
9.302
9.473
9.717
9.668
9.546
9.57
9.46
9.338
9.595
9.68
9.68
9.534
9.583
9.509
9.851
9.619
9.265
9.277
9.399
9.436
9.375
10.22
9.973
9.644
9.729
9.644
9.656
10.74
10.31
9.692
9.705
9.717
9.924
9.509
9.644
9.778
10.34
9.692
9.546
9.509
9.509
9.814
9.448
9.387
9.204
9.314
9.412
10.3
15.43
16.09
16.09
16.11
16.11
16.09
16.11
16.09
16.11
16.11
16.11
16.11
15.65
14.99
15.16
14.94
14.94
15.04
15.14
15.04
15.11
14.97
15.11
15.14
15.19
15.28
15.21
15.19
15.33
15.33
15.41
15.53
15.53
15.8
15.31
15.5
15.16
15.11
14.94
14.77
14.87
14.94
14.94
15.01
14.82
14.79
14.4
14.21
14.45
14.4
15.21
15.33
15.11
14.09
13.5
13.45
13.67
13.96
13.84
13.57
13.57
13.57
13.48
13.48
13.48
13.57
13.6
13.72
13.87
13.45
13.26
13.23
13.45
13.33
12.92
13.06
13.09
12.62
12.62
12.6
12.62
12.65
12.62
12.82
12.7
12.34
12.24
12.4
12.49
12.43
12.6
12.82
12.79
12.65
12.5
12.46
12.6
12.28
12.4
12.62
12.7
11.45
11.47
11.65
11.82
11.88
12.39
12.48
11.68
11.44
11.06
11.25
11.96
12.33
11.16
11.04
10.39
10.61
10.45
10.44
10.23
9.888
10.01
9.961
10.1
10.1
10.03
10.17
10.27
9.949
9.595
9.326
9.448
9.399
9.607
9.509
9.18
9.119
9.204
9.167
9.412
9.241
9.216
9.412
9.485
9.241
9.216
9.363
9.424
9.705
9.216
9.216
9.204
9.363
9.277
9.277
9.302
9.473
9.094
8.667
8.826
8.728
8.826
8.911
9.106
9.155
9.131
9.18
9.253
9.106
9.216
9.314
9.204
9.033
9.094
9.045
9.082
8.923
8.997
9.192
9.204
9.082
8.984
9.058
9.241
9.131
9.216
9.302
9.119
9.021
9.18
9.192
9.204
9.131
9.326
9.485
9.143
9.375
9.351
9.68
9.644
9.668
9.656
9.509
9.583
9.656
9.802
9.741
9.753
9.753
9.509
9.534
9.338
9.387
9.68
9.766
9.753
9.778
9.827
9.692
9.937
9.644
9.631
9.338
9.155
9.29
9.265
9.302
9.521
9.436
9.277
9.192
9.314
9.387
9.46
9.521
9.68
9.595
9.448
9.631
9.839
9.839
9.839
9.399
8.984
9.106
9.302
9.485
9.644
9.949
9.827
9.619
9.583
9.558
9.851
9.888
9.888
10.01
9.802
9.399
9.802
9.583
9.521
9.656
9.741
9.583
9.558
9.448
9.241
9.314
9.338
9.241
9.192
14.7
16.06
15.62
15.53
15.41
15.5
15.58
15.48
15.33
15.48
15.45
14.45
14.33
14.38
13.67
13.5
13.4
13.38
13.21
13.21
13.21
13.43
13.38
13.4
13.38
13.45
13.6
13.57
13.5
13.5
13.38
13.4
13.45
13.28
13.33
13.45
13.26
13.31
12.84
12.94
12.82
12.82
12.96
12.82
12.99
12.44
12.43
12.5
12.65
12.44
12.41
12.41
12.43
12.57
12.62
12.7
13.01
12.62
12.43
12.26
12.29
12.46
12.11
11.84
11.73
11.85
11.69
11.47
11.54
11.71
11.72
11.6
11.39
11.36
11.44
11.41
11.5
11.71
11.65
11.69
11.65
11.56
11.45
12.05
12.04
11.82
11.68
11.56
11.71
11.84
12.12
11.44
11.25
11.23
10.1
10.29
10.72
10.24
10.18
10.22
9.973
9.534
9.656
9.631
9.692
9.705
9.949
9.509
9.314
9.375
9.448
9.338
9.375
9.387
9.314
9.436
9.583
9.302
9.302
9.277
9.338
9.07
8.289
8.386
8.264
8.447
8.643
8.582
8.35
8.325
8.203
8.325
8.289
8.423
8.459
8.63
8.728
8.936
8.679
7.971
8.105
8.142
8.325
8.337
8.374
8.191
8.289
7.8
7.983
7.959
8.228
8.313
8.142
8.057
7.959
8.142
8.142
8.252
8.472
8.264
8.728
8.142
8.411
8.337
8.24
8.228
8.374
8.533
8.508
8.386
8.533
8.545
8.777
8.96
8.545
7.776
8.179
7.764
7.874
7.947
7.837
7.947
8.057
7.983
8.093
8.069
8.008
7.764
8.008
7.91
7.788
7.983
7.947
8.228
8.215
8.167
8.398
8.728
8.142
8.008
8.24
7.837
7.764
7.764
7.751
7.812
7.751
7.825
7.837
8.069
8.008
7.947
7.996
7.861
7.947
8.057
8.13
8.13
7.812
7.068
6.982
6.982
7.092
7.227
7.068
7.129
7.178
7.275
7.581
7.373
7.373
7.373
7.593
7.373
7.373
7.41
7.349
7.349
7.446
7.41
7.251
7.556
7.556
7.556
7.397
7.312
7.324
7.422
7.544
7.593
7.727
7.764
7.764
7.288
7.178
7.251
7.373
7.373
7.52
15.58
15.97
15.75
15.94
15.72
15.72
15.72
15.72
15.72
15.92
15.58
14.79
14.75
14.89
15.06
15.41
15.14
15.45
15.53
15.53
15.48
15.33
15.38
15.48
15.31
15.14
15.14
15.14
15.26
15.16
15.33
15.53
15.53
15.72
16.06
15.7
15.55
15.38
15.33
15.33
15.33
15.33
14.99
15.09
14.99
14.94
14.94
14.94
14.72
14.75
14.65
14.36
14.77
14.94
14.94
14.77
14.55
14.55
14.72
15.6
15.53
15.45
14.97
14.33
13.99
14.16
14.21
14.16
14.09
13.99
14.16
14.16
14.16
13.96
13.99
13.92
13.75
12.99
13.01
13.01
12.99
12.74
12.43
12.52
12.62
12.62
12.82
12.62
12.67
12.67
12.74
12.39
12.07
12.02
12.26
12.22
12.22
12.34
12.26
12.06
12.02
11.58
11.27
11.24
11.5
10.99
10.86
10.86
10.86
10.86
10.86
10.86
10.47
9.985
9.9
9.888
9.961
9.888
9.888
9.29
8.728
8.765
8.655
8.337
8.435
8.398
8.667
7.874
7.581
7.568
7.666
7.666
7.959
7.629
7.788
7.996
7.947
7.739
7.751
7.764
8.35
8.398
7.751
7.739
7.471
7.471
7.41
7.52
7.727
8.057
7.837
7.471
7.373
7.373
7.373
7.434
