12.92
16.6
15.58
14.67
15.58
16.58
19.04
17.77
13.4
14.4
15.23
19.21
24.76
17.9
2.994
0.5127
0.1015
0.02861
0.02346
0.972
15.36
13.5
15.19
12.15
17.16
12.11
16.09
18.21
17.72
19.04
10.79
13.48
15.45
0.547
9.082
16.85
22.24
27.44
10.72
13.89
19.85
20.9
21.56
23.32
23.44
24.1
24.32
19.68
20.65
21.02
24.12
12.18
15.62
16.55
20.12
18.73
11.84
13.65
12.94
13.21
13.13
12.3
17.8
21.7
23.19
22.07
21.07
21.41
22.56
19.73
18.53
22.97
22.39
17.87
16.02
15.6
15.99
14.53
12.82
19.68
17.9
16.31
14.5
13.67
18.24
19.12
17.31
9.595
13.48
19.58
20.48
19.82
18.48
17.53
18.92
21.75
18.43
20.48
23.27
19.21
13.92
14.48
14.06
13.53
17.41
14.01
8.911
14.97
21.04
21.66
24.24
23.44
23.0
22.97
20.53
22.24
24.24
17.19
13.04
13.72
16.16
14.26
13.96
12.46
15.77
19.31
19.56
19.95
19.14
20.36
22.34
20.04
21.75
24.56
18.55
15.53
21.34
21.63
23.27
23.22
23.85
25.24
19.53
20.04
18.07
17.33
13.28
14.94
20.78
20.65
22.12
22.51
21.68
22.31
21.7
20.61
22.07
16.77
7.336
22.24
21.66
22.66
22.51
23.32
23.49
21.07
19.12
18.77
17.24
16.04
13.31
15.16
15.6
14.7
14.58
14.75
12.6
15.97
13.55
15.09
15.53
14.18
6.848
19.14
19.92
19.7
15.21
9.412
14.09
14.26
14.43
13.31
13.4
12.62
11.17
13.57
14.01
13.31
12.6
17.87
18.8
17.04
15.04
15.45
17.5
18.38
16.65
11.73
0.8545
0.4059
0.04168
7.239
14.87
15.77
17.02
17.26
14.5
13.01
14.89
15.62
16.02
16.77
19.48
13.33
14.48
14.11
13.6
13.6
17.02
12.57
18.9
19.36
20.68
12.35
0.7706
8.105
11.83
13.96
18.82
17.5
22.71
11.91
14.45
14.48
14.11
12.34
13.99
14.36
14.53
10.95
10.34
16.63
13.92
16.5
15.06
17.29
21.66
20.58
7.678
9.827
15.09
16.19
12.77
15.04
15.45
17.48
27.93
13.01
13.43
1.813
0.1616
3.821
29.54
37.89
13.04
13.43
13.65
13.4
26.12
33.45
17.26
0.6615
0.341
8.594
18.97
14.36
17.38
12.39
13.99
11.71
28.32
39.26
19.36
36.23
29.93
17.87
31.25
28.71
17.92
14.55
16.67
8.569
31.35
34.96
9.534
0.7629
0.3517
11.57
15.6
26.66
39.36
18.87
38.28
27.29
14.23
17.41
13.4
14.26
17.07
16.21
18.07
15.5
18.19
14.04
17.48
13.65
0.1719
0.0885
0.02079
0.02604
0.02346
8.557
13.5
15.6
16.38
17.36
21.8
10.89
16.14
13.62
14.79
26.12
37.74
17.02
40.04
27.1
9.424
11.93
18.99
9.351
0.1823
0.07811
0.02604
0.03128
0.02861
9.79
18.12
15.87
14.82
17.48
21.09
20.56
12.27
16.41
14.92
14.18
17.43
33.74
33.15
14.65
16.11
13.67
15.36
22.31
34.91
19.56
3.87
12.79
37.16
43.9
44.24
42.58
41.85
42.09
43.7
39.94
37.5
36.04
35.5
35.11
35.84
43.8
30.62
30.18
34.91
35.35
38.57
34.86
35.35
36.04
14.09
43.99
44.04
44.09
43.99
43.99
44.04
43.36
43.99
44.48
44.04
43.21
42.72
44.09
31.1
43.75
42.53
44.68
36.82
28.12
33.98
12.28
41.6
38.67
37.01
37.06
38.92
40.77
42.29
41.6
43.46
42.58
44.19
44.19
43.75
43.36
27.59
17.04
24.73
33.11
38.67
41.46
33.94
34.96
24.61
14.33
23.9
25.83
25.68
27.34
26.9
26.9
29.64
31.59
32.62
33.64
33.5
33.25
34.77
34.57
34.13
33.69
31.4
29.93
29.69
19.41
17.02
18.97
21.88
23.68
24.19
24.8
24.44
25.73
24.46
22.68
19.75
11.44
24.54
23.0
23.29
23.51
22.75
22.09
23.78
24.8
25.2
26.42
26.95
27.83
28.12
29.44
30.18
29.1
27.88
26.61
27.1
26.51
25.44
25.68
23.9
21.63
14.92
16.38
17.33
18.24
20.02
23.97
26.37
25.63
25.93
29.83
27.83
11.46
17.6
23.0
22.95
25.34
25.49
26.61
27.2
26.95
28.86
28.96
28.17
28.27
28.52
31.05
33.35
33.79
33.25
32.42
31.4
28.61
28.86
29.93
15.89
22.56
24.32
26.42
28.17
27.15
27.54
25.63
25.63
27.25
16.48
13.57
21.63
23.83
24.68
26.9
27.29
28.81
30.08
31.4
29.79
28.42
28.81
29.88
30.32
30.86
33.35
32.86
30.76
29.3
28.71
28.96
28.52
19.04
20.0
22.63
23.61
24.98
25.78
28.22
27.93
26.81
27.05
24.24
13.31
20.61
23.1
23.44
17.94
19.38
21.92
17.24
20.39
22.12
16.72
16.77
22.27
23.32
11.69
16.63
21.63
26.56
21.63
21.41
17.53
17.41
20.65
21.92
22.07
20.34
26.27
11.19
24.49
26.81
30.76
32.28
33.25
34.03
34.38
34.81
35.01
34.47
34.13
32.81
27.69
24.54
22.73
19.9
16.38
15.72
15.94
15.75
15.75
17.04
15.62
15.28
15.62
18.29
18.43
16.6
19.34
21.44
20.85
20.41
21.9
23.46
22.14
21.12
11.51
18.31
19.26
21.97
24.15
29.1
30.13
30.91
29.98
30.27
29.93
28.52
27.83
27.54
26.61
27.1
26.46
27.93
26.76
24.76
25.68
26.9
25.78
16.85
19.92
21.97
24.68
25.98
24.58
25.83
24.05
24.37
21.19
18.12
13.18
15.92
20.85
19.58
21.68
21.68
21.61
22.51
23.56
22.27
23.02
24.34
25.78
26.37
26.76
27.15
26.32
26.9
27.15
27.2
28.56
29.88
29.1
28.42
28.81
29.0
14.7
18.87
20.14
21.14
23.34
23.85
23.88
23.97
22.73
22.53
22.85
24.0
14.4
16.67
19.75
21.61
12.89
16.55
17.33
15.75
16.67
15.99
13.62
17.58
16.92
16.36
16.26
15.01
13.67
16.02
16.38
20.29
20.85
15.84
13.7
14.82
15.36
15.38
15.6
16.48
16.02
12.5
13.6
15.94
15.01
14.92
14.97
14.53
15.8
15.33
16.77
17.31
11.44
16.58
15.8
17.97
19.56
14.04
13.62
13.89
12.52
15.75
12.62
16.26
14.04
15.31
12.65
16.26
14.7
13.75
13.13
14.48
8.838
20.21
21.34
22.97
23.61
23.41
21.85
22.9
24.54
25.93
25.15
25.63
25.73
25.34
22.71
21.66
22.61
24.05
24.66
23.93
25.73
26.17
25.98
24.58
23.39
25.05
21.75
16.75
18.85
21.48
23.27
27.2
29.49
29.93
29.49
30.42
22.73
0.1511
0.07296
0.03128
0.02079
0.02604
0.02604
0.02604
0.02604
0.02604
0.02079
0.03128
0.02079
15.48
15.31
15.82
15.19
17.82
15.31
15.72
14.18
13.65
18.82
15.87
