0.0
0.2079
0.3162
0.4066
0.7561
0.5882
0.6393
0.6294
0.6805
0.6027
0.5829
0.5821
0.6096
0.6241
0.7858
0.7347
0.6096
0.5898
0.6226
0.6081
0.6134
0.6027
0.5905
0.6447
0.5875
0.724
0.7713
0.6088
0.5905
0.5905
0.6027
0.65
0.6989
0.6989
0.7652
0.6218
0.6248
0.5905
0.6157
0.6401
0.7713
0.6859
0.6035
0.5905
0.6653
0.7629
0.7698
0.5913
0.631
0.5905
0.5905
0.6302
0.7446
0.7286
0.8865
0.8209
0.7713
0.621
0.5943
0.5867
0.6691
0.5775
0.6386
0.5768
0.6027
0.6142
0.5806
0.6035
0.5928
0.6035
0.5775
0.5775
0.5775
0.6149
0.6866
0.6767
0.7599
0.6729
0.6218
0.6477
0.7034
0.7652
0.7187
0.6042
0.7904
0.7713
0.7545
0.6271
0.8667
0.7698
0.7347
0.753
0.6638
0.6592
0.6882
0.6859
0.7721
0.7713
0.7713
0.8194
0.7713
0.7339
0.7568
0.7713
0.7721
0.6851
0.6866
0.7652
0.7713
0.824
0.7713
0.7721
0.7416
0.7683
0.7271
0.7553
0.6462
0.631
0.7889
1.039
0.7874
0.8484
0.7713
0.6744
0.8331
0.8224
0.9003
0.7713
0.7401
0.7347
0.7576
0.6516
0.6737
0.7721
0.7248
0.6531
0.7889
0.7729
0.8591
0.7713
0.6073
0.6508
0.7805
0.7675
0.7675
0.7675
0.6531
0.7172
0.6973
0.7126
0.724
0.7713
0.737
0.8362
0.7721
0.7545
0.8072
0.8102
0.9903
0.9094
0.9674
0.8652
0.7729
0.8789
0.8606
0.9048
0.7843
0.7721
0.7614
0.769
0.7042
0.6866
0.7545
0.6836
0.7713
0.7538
0.7263
0.6332
0.7713
0.7713
0.7118
0.7019
0.6042
