14.14
14.89
14.53
14.75
21.41
16.58
16.19
15.41
14.38
17.36
14.7
15.5
16.77
15.7
21.85
12.17
0.6065
0.211
0.02346
0.02604
12.0
11.82
15.97
14.89
15.36
15.33
12.79
13.94
15.19
15.11
14.31
14.38
13.94
4.358
18.68
16.92
16.36
16.67
17.29
18.85
22.31
25.39
25.2
22.71
19.95
17.8
15.14
12.3
15.97
14.67
14.16
14.45
14.62
12.18
13.48
14.77
15.84
15.41
16.8
17.31
15.75
12.39
9.863
17.16
17.14
16.85
17.65
15.19
15.94
17.21
17.94
18.07
15.6
15.23
15.19
15.33
14.65
12.82
15.75
21.88
12.74
13.18
12.29
9.46
17.99
17.87
17.87
17.24
17.68
17.94
15.43
14.82
14.97
14.45
14.7
14.6
14.33
14.18
11.62
14.16
14.09
14.09
14.23
15.01
8.533
12.57
13.65
14.65
14.23
14.79
13.43
7.898
19.43
18.99
19.6
19.6
19.43
17.46
17.75
18.19
16.33
15.33
15.84
25.34
17.33
15.43
13.99
14.14
15.94
12.77
13.45
14.26
15.16
12.15
15.33
22.51
17.04
16.72
15.65
15.36
17.24
16.8
17.77
16.04
18.12
19.36
18.63
16.87
9.387
12.74
13.31
13.28
14.14
14.09
14.77
9.875
15.01
12.99
14.53
14.06
14.14
14.09
13.79
12.21
12.96
11.16
15.45
12.57
13.57
13.18
14.04
14.82
14.5
15.43
11.6
14.38
13.79
14.58
14.43
14.67
14.55
14.67
2.246
0.4845
0.0885
0.02861
0.03128
1.547
16.04
17.21
14.67
19.34
19.38
15.45
11.41
15.26
11.89
11.73
13.84
12.48
13.92
12.29
13.38
14.6
14.23
14.58
12.79
0.9613
0.4089
0.04425
0.02346
0.8667
13.45
14.18
12.99
11.79
13.4
14.14
14.43
14.82
13.94
10.02
12.62
12.44
12.32
12.89
12.57
12.57
15.21
14.53
14.5
14.55
14.48
15.26
2.246
1.584
13.26
13.5
13.6
13.23
13.21
12.67
12.96
14.31
20.19
25.34
19.87
15.43
15.75
13.96
19.41
13.4
13.77
12.06
0.2239
0.1225
0.02861
0.02079
0.02346
1.109
13.53
10.5
15.6
14.65
14.21
14.45
14.72
15.41
6.061
10.3
12.72
13.09
13.45
13.92
14.62
10.36
13.11
13.57
14.16
14.36
13.99
14.67
8.569
1.32
14.01
14.04
13.79
14.31
14.23
14.48
9.546
13.57
13.79
13.53
14.28
14.7
14.84
14.94
13.04
13.01
7.507
5.444
0.1354
0.08078
0.02861
0.02861
0.02861
0.8331
15.94
16.11
15.62
15.45
16.31
13.38
17.9
16.38
19.14
23.58
24.22
17.99
15.31
16.63
14.87
17.14
15.38
10.58
0.1589
0.05732
0.02346
0.02079
0.02861
0.8255
16.19
13.99
12.4
15.84
12.55
11.06
14.45
15.21
11.84
16.82
16.97
17.53
17.87
16.14
17.72
21.07
19.97
15.55
0.6638
0.3674
0.03643
0.02079
0.02861
0.7111
15.92
16.24
16.72
15.87
26.9
40.67
22.27
14.5
11.67
22.44
26.07
29.39
31.3
31.15
33.11
34.23
32.67
30.32
29.88
31.25
38.96
43.6
42.33
39.99
43.02
42.04
26.46
29.93
31.84
31.25
32.81
32.47
29.93
28.96
19.46
39.11
42.04
36.67
38.96
17.36
31.74
41.41
43.7
40.48
42.58
42.72
43.02
43.6
43.9
43.65
43.41
43.7
43.8
44.04
28.71
34.08
38.28
38.28
35.74
33.06
33.01
17.9
21.24
21.04
21.61
23.85
26.32
27.78
28.91
30.27
31.84
30.27
29.3
30.13
29.69
30.03
30.27
31.79
33.74
34.13
33.94
33.89
28.17
21.0
26.86
29.69
32.13
34.57
31.79
18.24
21.36
23.66
15.92
14.72
16.36
16.02
15.58
16.87
19.24
19.63
19.85
20.65
21.29
20.21
18.68
17.43
17.63
19.09
18.58
20.14
22.56
23.66
23.41
22.56
20.24
19.48
20.07
20.26
20.51
19.46
20.56
21.85
20.9
20.24
17.87
15.28
16.36
18.38
20.09
20.21
21.41
21.12
20.48
19.65
17.85
16.46
16.31
16.92
19.87
11.46
20.87
22.78
23.22
22.71
22.92
22.17
16.31
15.31
17.55
18.26
17.29
14.48
15.72
16.53
16.36
17.8
18.99
20.02
19.92
20.34
20.58
20.97
21.09
20.34
19.29
19.31
18.92
17.53
17.04
17.33
18.7
19.53
18.48
14.21
14.84
15.38
15.09
15.31
17.02
17.43
18.43
19.17
18.12
15.77
15.84
15.72
15.33
16.67
17.72
9.473
21.7
21.46
21.63
21.46
20.58
22.29
24.27
24.44
25.78
26.17
26.37
26.32
25.93
17.55
15.21
16.43
19.8
20.83
21.22
22.71
24.1
25.0
23.02
23.24
24.44
27.0
28.37
17.85
14.26
16.55
16.09
15.8
15.65
22.56
27.39
26.9
23.39
22.51
22.63
21.26
10.56
25.73
25.44
23.0
23.85
22.9
14.65
19.43
20.58
22.02
13.5
15.14
18.31
18.09
18.8
17.04
29.83
29.83
26.27
22.39
11.02
29.74
29.69
28.32
29.88
31.05
32.08
32.28
32.28
32.42
31.88
32.42
31.54
31.3
29.83
27.78
26.51
24.58
24.17
23.34
24.54
25.29
17.29
16.58
19.21
20.46
20.39
24.24
24.29
24.51
18.58
14.94
17.87
20.58
25.93
9.229
24.83
42.04
42.14
42.19
41.94
42.68
42.14
42.33
43.07
43.12
42.97
43.31
43.21
43.16
31.59
38.67
46.14
44.63
39.5
36.23
36.43
11.36
43.65
43.51
42.82
42.19
40.97
37.21
34.86
33.79
14.84
14.67
14.75
15.97
15.7
15.55
23.75
29.54
28.91
29.25
27.05
25.93
26.66
20.36
18.95
24.88
25.34
27.25
26.17
27.1
21.34
20.61
20.68
19.56
19.24
12.45
22.71
18.29
15.16
24.02
19.02
18.07
19.85
17.09
23.46
18.95
18.58
19.78
31.15
31.64
31.4
30.57
29.44
29.3
30.76
31.74
30.52
30.32
30.96
30.91
32.18
31.64
30.81
29.93
31.59
33.11
32.23
28.66
28.08
33.64
33.3
37.65
35.6
30.03
25.44
23.63
17.92
12.07
24.44
35.84
36.04
20.46
20.36
34.23
38.23
19.31
23.54
22.53
23.95
19.97
35.6
36.38
23.8
37.65
28.32
15.77
41.75
41.85
42.04
41.7
41.89
41.85
41.75
41.65
41.94
42.19
42.14
42.43
42.68
42.09
31.74
42.77
43.16
42.92
37.16
35.11
35.16
19.95
18.53
24.15
37.21
33.59
1.485
0.6409
0.06771
17.02
16.43
19.36
34.57
34.57
14.6
20.75
18.75
21.88
20.34
14.33
6.775
8.813
15.38
20.85
17.65
20.78
18.77
12.82
0.7034
0.1303
0.03128
0.02079
0.03128
0.02604
0.02604
0.02604
0.03128
0.02079
0.03128
0.02079
0.03128
0.02079
0.02604
0.02604
0.02604
0.02604
0.03128
12.72
20.51
19.46
16.21
15.82
20.07
15.5
16.21
15.41
19.21
15.45
