6.024
6.024
6.024
6.024
6.024
6.024
6.024
6.024
6.024
6.024
6.024
6.024
6.024
6.024
6.024
6.024
6.024
6.024
6.024
6.024
6.024
6.024
6.024
6.024
6.024
6.024
6.024
6.024
6.024
6.024
6.024
6.024
6.024
7.031
13.09
16.48
17.36
17.85
18.26
15.8
15.33
13.23
10.77
8.313
9.277
15.06
16.65
17.41
17.87
18.31
15.7
12.94
10.56
11.21
15.5
16.75
17.48
17.97
17.58
15.16
12.12
10.06
11.54
15.72
16.92
17.68
18.12
16.82
14.77
12.18
10.12
12.37
16.24
17.24
17.75
17.7
15.01
11.68
9.534
13.33
16.46
17.43
17.92
17.72
14.97
14.23
13.18
9.705
12.79
15.82
17.02
17.63
18.09
15.62
13.57
11.56
8.948
15.28
16.89
17.55
18.04
16.58
13.62
10.33
9.216
18.07
20.78
17.85
11.85
16.21
17.19
17.7
17.65
14.89
12.82
9.216
8.838
8.826
9.338
9.094
9.216
9.521
9.314
10.24
19.97
18.87
9.717
8.948
9.094
9.326
9.351
9.46
8.704
8.899
11.05
16.14
17.24
17.87
18.31
16.53
14.65
11.99
9.595
9.216
9.106
9.29
9.082
9.656
16.58
20.63
12.84
13.53
20.46
19.65
10.63
9.167
8.667
15.09
16.8
17.53
17.97
17.99
15.04
12.72
10.28
8.96
9.07
9.033
8.716
9.009
8.826
8.923
10.08
6.11
6.024
6.024
6.024
6.024
6.024
6.024
6.024
6.024
6.024
6.024
6.024
6.024
6.024
6.024
6.024
6.024
6.024
6.024
6.024
6.024
6.024
6.024
6.024
6.024
6.024
6.024
6.024
6.024
6.024
6.024
6.024
6.024
6.024
6.024
6.024
6.024
6.024
6.024
6.024
6.024
6.024
6.024
6.024
6.024
6.024
6.024
6.024
6.024
6.024
6.024
6.024
6.024
6.024
6.024
6.024
6.024
6.024
6.024
6.024
6.024
6.024
6.024
6.024
6.024
6.024
6.024
6.024
6.024
6.024
6.024
6.024
6.024
6.024
6.024
6.024
6.024
6.024
6.024
6.024
6.024
6.024
6.024
6.024
6.024
6.024
6.024
6.024
6.024
6.024
6.024
6.024
6.024
6.024
6.024
6.024
6.024
6.024
6.024
6.024
6.024
6.024
6.024
6.024
6.024
6.024
6.024
6.024
6.024
6.024
6.024
6.024
6.024
6.024
6.024
6.024
6.024
6.024
6.024
6.024
6.024
6.024
6.024
6.024
6.024
6.024
6.024
6.024
6.024
6.024
6.024
6.024
6.024
6.024
6.024
6.024
6.024
6.024
6.024
6.024
6.024
6.024
6.024
6.024
6.024
6.024
6.024
6.024
6.024
6.024
6.024
6.024
6.024
6.024
6.024
6.024
6.024
6.024
6.024
6.024
6.024
6.024
6.024
6.024
6.024
6.024
6.024
6.024
6.024
6.024
6.024
6.024
6.024
6.024
6.024
6.024
6.024
6.024
6.024
6.024
6.024
6.024
6.024
6.024
6.024
6.024
6.024
6.024
6.024
6.024
6.024
10.05
16.04
16.87
17.55
17.99
18.31
18.73
18.97
19.17
19.36
19.53
19.53
19.65
19.73
19.82
19.92
20.07
20.12
20.34
20.48
18.95
17.21
19.92
20.85
20.75
20.65
20.68
20.41
18.82
17.63
17.38
14.28
12.06
16.48
17.48
18.12
18.48
18.87
19.09
19.19
19.34
19.43
19.63
19.73
19.82
19.92
19.92
20.04
20.29
20.34
18.58
18.21
20.21
20.78
20.61
20.24
19.56
19.48
19.26
12.13
13.35
16.99
17.85
18.21
18.6
18.9
19.07
19.29
19.36
19.53
19.58
19.73
19.87
19.9
20.09
20.31
20.41
17.97
18.9
20.56
20.83
20.7
20.46
19.21
18.65
18.55
12.55
13.94
16.7
17.6
18.07
18.51
18.9
19.04
19.24
19.34
19.48
19.53
19.68
19.75
19.9
20.02
20.09
20.24
20.41
18.75
18.09
20.8
20.8
20.36
20.04
19.31
17.29
16.72
15.89
8.813
13.48
17.09
17.87
18.36
18.82
18.97
19.14
19.19
19.36
19.51
19.68
19.7
19.85
20.0
20.17
20.36
20.46
17.31
16.09
17.46
20.07
20.83
20.83
20.46
20.46
19.87
18.12
17.31
16.55
15.77
9.546
13.09
16.85
17.65
18.16
18.41
18.75
19.12
19.29
19.46
19.56
19.63
19.78
19.9
19.92
20.07
20.14
20.29
20.36
16.87
19.21
20.83
20.58
20.36
20.24
19.14
17.24
16.6
9.094
15.58
17.48
18.12
18.53
18.9
19.17
19.34
19.46
19.53
19.7
19.75
19.92
20.04
20.09
20.29
20.48
19.09
18.14
20.83
20.75
20.53
20.41
18.33
17.99
17.99
16.63
9.045
14.5
15.97
16.8
16.5
13.57
13.4
10.12
11.74
15.23
16.24
16.89
16.77
13.65
13.55
13.55
11.11
9.814
15.97
17.24
14.18
13.28
11.36
12.5
16.53
13.55
12.19
9.094
15.58
15.89
13.18
12.22
18.41
19.26
11.21
14.84
16.77
13.67
12.96
9.277
12.87
16.97
17.87
18.29
18.68
19.04
19.19
19.34
19.41
19.53
19.63
19.73
19.82
19.92
19.97
20.12
20.29
20.31
18.77
17.09
19.58
19.97
20.39
20.0
19.6
18.02
15.62
15.36
14.16
9.192
15.48
16.97
17.72
18.33
18.82
19.07
19.24
19.36
19.53
19.65
19.82
19.9
19.9
20.17
20.36
20.34
17.38
20.04
20.85
20.58
20.12
20.07
19.21
16.67
16.31
16.26
14.67
9.021
15.33
16.89
17.53
18.02
18.24
18.65
18.92
19.04
19.14
19.31
19.41
19.53
19.53
19.56
19.73
19.73
19.73
19.92
19.92
19.92
20.09
20.21
20.31
20.31
20.31
19.21
17.7
19.31
20.53
20.87
20.8
20.29
20.09
20.09
19.46
16.14
15.67
15.5
15.48
14.45
7.581
12.18
9.583
11.19
10.73
13.06
12.16
18.02
19.46
19.68
18.55
12.11
10.03
10.23
9.253
8.618
10.29
8.618
13.55
16.53
17.31
17.9
18.14
18.48
18.75
18.97
19.17
19.17
19.24
19.36
19.51
19.56
19.6
19.75
19.85
19.95
19.95
19.95
20.14
20.34
20.34
20.19
16.89
18.95
19.7
20.61
20.65
20.65
20.46
17.75
16.85
16.85
13.35
9.106
8.35
12.84
16.72
17.6
18.07
18.31
18.65
18.9
18.97
19.12
19.17
19.29
19.36
19.53
19.53
19.68
19.82
19.92
19.92
19.97
20.12
20.39
20.51
19.56
17.68
20.36
20.85
20.78
20.48
19.97
18.55
18.04
17.75
8.459
9.314
9.082
9.167
8.044
15.23
20.58
20.24
17.46
10.1
6.213
6.219
6.219
6.146
6.024
6.024
6.024
6.024
6.024
6.024
6.024
6.024
6.024
6.024
6.024
6.024
6.024
6.024
6.024
6.024
6.024
6.024
6.024
6.024
6.024
6.024
6.024
6.024
6.024
6.024
6.024
6.024
6.024
6.024
6.024
6.024
