6.409
6.409
6.409
6.409
6.409
6.409
6.409
6.409
6.409
6.409
6.409
6.409
6.409
6.409
6.409
6.409
6.409
6.409
6.409
6.409
6.409
6.409
6.409
6.409
6.409
6.409
6.409
6.409
6.409
6.409
6.409
6.409
6.409
6.921
11.9
15.23
16.09
16.63
17.11
17.48
17.72
17.58
15.09
14.92
14.53
11.54
12.04
15.48
16.5
17.09
17.48
17.6
15.01
14.55
13.26
14.43
20.68
19.02
16.94
13.09
20.41
19.56
17.5
13.43
15.84
16.65
17.16
17.53
17.77
16.24
14.55
14.31
11.02
14.23
15.87
16.55
17.02
17.31
17.6
16.48
14.79
14.62
13.77
10.96
15.19
16.14
16.7
17.02
17.14
17.55
17.68
14.99
14.65
14.5
14.4
10.55
11.29
15.21
16.11
16.77
17.26
17.58
17.87
18.12
18.31
18.46
18.58
18.6
18.77
18.85
18.97
18.97
19.09
19.17
19.19
19.36
19.34
19.36
19.56
19.73
19.9
19.17
17.09
18.51
20.87
20.9
20.9
20.9
20.92
19.12
17.85
17.85
17.8
12.38
11.84
15.26
16.26
17.02
17.46
17.75
15.38
14.67
14.65
10.4
9.192
9.363
9.363
12.29
19.07
19.9
18.21
17.48
13.6
10.88
10.61
9.668
9.631
12.05
18.75
19.8
19.8
17.87
17.68
17.63
17.48
17.46
17.46
17.29
17.26
17.26
17.6
17.65
16.31
14.67
14.36
14.28
14.18
8.557
6.445
6.445
6.445
6.445
6.445
6.445
6.445
6.445
6.445
6.445
6.445
6.445
6.445
6.445
6.445
6.445
6.445
6.445
6.445
6.445
6.445
6.445
6.445
6.445
6.445
6.445
6.445
6.445
6.445
6.445
6.445
6.445
6.445
6.445
6.445
6.445
6.445
6.445
6.445
6.445
6.445
6.445
6.445
6.445
6.445
6.445
6.445
6.445
6.445
6.445
6.445
6.445
6.445
6.445
6.445
6.445
6.445
6.445
6.445
6.445
6.445
6.445
6.445
6.445
6.445
6.445
6.445
6.445
6.445
6.445
6.445
6.445
6.445
6.445
6.445
6.445
6.445
6.445
6.445
6.445
6.445
6.445
6.445
6.445
6.445
6.445
6.445
6.445
6.445
6.445
6.445
6.445
6.445
6.445
6.445
6.445
6.445
6.445
6.445
6.445
6.445
6.445
6.445
6.445
6.445
6.445
6.445
6.445
6.445
6.445
6.445
6.445
6.445
6.445
6.445
6.445
6.445
6.445
6.445
6.445
6.445
6.445
6.445
6.445
6.445
6.445
6.445
6.445
6.445
6.445
6.445
6.445
6.445
6.445
6.445
6.445
6.445
6.445
6.445
6.445
6.445
6.445
6.445
6.445
6.445
6.445
6.445
6.445
6.445
6.445
6.445
6.445
6.445
6.445
6.445
6.445
6.445
6.445
6.445
6.445
6.445
6.445
6.445
6.445
6.445
6.445
6.445
6.445
6.445
6.445
6.445
6.445
6.445
6.445
6.445
6.445
6.445
6.445
6.445
6.445
6.445
6.445
6.445
6.445
6.445
6.445
9.473
15.28
16.36
16.87
17.26
17.53
17.65
17.94
18.21
18.33
18.33
18.41
18.53
18.68
18.73
18.73
18.73
18.77
18.92
18.92
18.95
19.09
19.24
19.29
19.29
19.46
19.48
19.51
19.7
19.85
19.87
17.72
17.55
20.21
20.51
20.51
20.51
20.51
20.53
19.41
17.24
16.99
15.43
10.8
15.55
16.58
17.21
17.46
17.7
17.94
18.31
18.41
18.55
18.73
18.75
18.75
18.77
18.97
18.95
18.99
19.14
19.14
19.24
19.34
19.53
19.53
19.53
19.63
19.9
19.92
19.92
17.07
18.55
19.51
19.7
19.82
20.0
19.9
19.78
18.87
16.43
15.87
15.77
15.5
10.14
14.5
16.06
16.77
17.33
17.46
17.7
18.04
18.33
18.38
18.53
18.58
18.75
18.77
18.77
18.82
18.97
18.97
18.97
19.17
19.17
19.34
19.36
19.36
19.36
19.36
19.36
19.56
19.73
19.75
19.87
19.95
19.87
17.07
18.92
20.17
20.68
20.68
20.68
20.48
20.24
19.73
17.19
15.87
15.72
15.65
10.62
13.33
16.06
16.82
17.36
17.53
17.8
18.07
18.26
18.38
18.46
18.58
18.65
18.75
18.82
18.97
18.97
19.09
19.14
19.34
19.34
19.43
19.53
19.63
19.9
19.92
19.92
19.9
16.97
17.87
19.07
19.97
20.19
20.19
20.14
20.0
19.92
18.73
17.58
17.31
16.99
13.7
11.85
15.48
16.38
16.99
17.5
17.82
18.16
18.43
18.58
18.75
18.8
18.97
19.07
19.14
19.34
19.34
19.34
19.53
19.53
19.75
19.92
19.63
16.82
19.07
19.7
19.85
19.87
19.87
19.73
17.16
16.46
16.14
11.52
15.01
16.48
13.13
12.79
11.19
15.8
16.58
13.33
12.67
10.93
15.5
16.72
15.04
13.21
11.65
12.55
16.19
15.58
13.04
12.13
12.7
16.06
16.16
13.01
12.79
13.94
19.09
18.31
15.53
13.06
16.02
16.19
13.79
13.43
9.863
15.33
16.63
14.18
13.18
13.31
18.75
18.6
11.43
13.75
16.5
17.14
17.68
17.94
18.36
18.68
18.8
18.97
19.04
19.19
19.31
19.38
19.38
19.53
19.58
19.6
19.7
20.0
20.24
20.24
17.75
18.68
20.02
20.7
20.7
20.7
20.17
18.07
18.02
14.18
12.7
16.21
16.99
17.5
17.82
18.26
18.48
18.63
18.8
18.95
18.99
19.12
19.31
19.38
19.48
19.58
19.63
19.78
19.95
19.92
17.11
19.58
20.9
20.9
20.9
20.9
20.12
18.77
17.97
14.89
10.64
15.6
16.63
17.29
17.63
18.04
18.31
18.55
18.6
18.77
18.87
18.97
19.17
19.24
19.34
19.38
19.53
19.65
19.87
19.92
19.65
17.36
19.97
20.75
20.75
20.75
20.75
19.58
18.85
18.63
16.65
10.77
9.106
10.9
10.82
9.314
11.21
10.75
9.351
10.96
12.57
15.41
19.12
16.31
10.44
9.473
9.399
9.094
9.509
10.51
9.497
10.39
16.14
20.24
19.26
15.16
12.13
10.42
9.753
9.387
9.058
9.143
11.21
15.7
16.72
17.38
17.68
17.97
18.24
18.46
18.63
18.77
18.77
18.95
18.97
19.04
19.17
19.17
19.34
19.36
19.41
19.46
19.46
19.7
19.85
19.85
19.85
19.85
19.56
16.7
18.58
20.61
20.78
20.73
20.58
20.58
19.48
17.77
17.55
17.41
13.33
9.167
9.009
9.216
9.192
9.399
8.911
8.875
8.85
8.679
6.726
6.604
6.604
6.604
6.604
6.604
6.604
6.726
8.679
8.667
9.448
8.96
8.398
8.801
6.592
8.203
6.079
6.018
6.018
6.018
6.018
6.018
6.018
6.018
6.018
6.018
6.018
6.018
6.018
6.018
6.018
6.018
5.988
5.829
5.829
5.829
5.829
5.829
5.829
5.829
5.829
5.829
5.829
5.829
5.829
5.829
5.829
5.829
5.829
5.829
5.829
5.829
5.829
