5.829
5.829
5.829
5.829
5.829
5.829
5.829
5.829
5.829
5.829
5.829
5.829
5.829
5.829
5.829
5.829
5.829
5.829
5.829
5.829
5.829
5.829
5.829
5.829
5.829
5.829
5.829
5.829
5.829
5.829
5.829
5.829
5.829
7.227
13.48
15.82
16.63
17.11
17.48
17.7
17.97
18.14
15.5
14.21
12.1
10.68
9.46
14.94
16.16
16.82
17.38
17.72
17.99
15.36
13.77
11.68
8.972
9.119
14.94
16.38
17.11
17.5
17.87
18.07
15.58
14.33
11.8
10.63
8.24
8.496
8.63
8.594
8.569
9.338
14.97
16.16
16.77
17.33
17.6
17.97
16.21
13.6
11.43
9.277
8.459
8.374
12.11
15.45
16.38
16.97
17.41
17.75
17.99
15.62
12.87
9.875
8.679
8.655
8.484
12.99
20.24
20.85
18.9
9.29
9.29
8.716
14.4
16.04
16.75
17.26
17.5
17.77
17.99
16.5
14.45
11.8
10.94
8.704
9.912
8.887
9.07
9.57
9.021
9.766
8.679
9.009
10.01
8.789
9.668
10.46
17.75
20.56
20.63
16.6
9.326
14.84
16.21
16.87
17.46
17.77
18.16
17.21
15.01
12.77
11.34
9.143
8.96
9.143
9.473
8.35
9.521
14.99
16.38
17.16
17.5
17.87
18.12
16.14
14.5
12.32
11.51
8.142
10.67
15.43
16.41
16.94
17.43
17.68
17.9
18.04
18.12
14.65
14.5
12.08
10.72
6.519
6.018
6.024
6.024
6.024
6.024
6.024
6.024
6.024
6.024
6.024
6.024
6.024
6.024
6.024
6.024
6.024
6.024
6.024
6.024
6.024
6.024
6.024
6.024
6.024
6.024
6.024
6.024
6.024
6.024
6.024
6.024
6.024
6.024
6.024
6.024
6.024
6.024
6.024
6.024
6.024
6.024
6.024
6.024
6.024
6.024
6.024
6.024
6.024
6.024
6.024
6.024
6.024
6.024
6.024
6.024
6.024
6.024
6.024
6.024
6.024
6.024
6.024
6.024
6.024
6.024
6.024
6.024
6.024
6.024
6.024
6.024
6.024
6.024
6.024
6.024
6.024
6.024
6.024
6.024
6.024
6.024
6.024
6.024
6.024
6.024
6.024
6.024
6.024
6.024
6.024
6.024
6.024
6.024
6.024
6.024
6.024
6.024
6.024
6.024
6.024
6.024
6.024
6.024
6.024
6.024
6.024
6.024
6.024
6.024
6.024
6.024
6.024
6.024
6.024
6.024
6.024
6.024
6.024
6.024
6.024
6.024
6.024
6.024
6.024
6.024
6.024
6.024
6.024
6.024
6.024
6.024
6.024
6.024
6.024
6.024
6.024
6.024
6.024
6.024
6.024
6.024
6.024
6.024
6.024
6.024
6.024
6.024
6.024
6.024
6.024
6.024
6.024
6.024
6.024
6.024
6.024
6.024
6.024
6.024
6.024
6.024
6.024
6.024
6.024
6.024
6.024
6.024
6.024
6.024
6.024
6.024
6.024
6.024
6.024
6.024
6.024
6.024
6.024
6.024
6.024
6.024
6.024
6.024
6.024
6.024
6.024
6.024
6.244
10.82
15.67
16.65
17.14
17.63
17.92
18.36
18.77
18.87
18.97
18.97
19.07
19.17
19.29
19.24
19.31
19.38
19.53
19.73
19.8
19.95
20.12
19.87
16.46
20.02
20.68
20.26
20.26
20.26
20.0
19.87
14.94
11.93
16.48
17.5
17.94
18.33
18.68
18.92
19.07
19.19
19.34
19.34
19.51
19.53
19.6
19.73
19.82
20.04
20.12
19.41
17.68
20.51
20.85
20.85
20.85
19.19
18.38
18.14
17.77
12.79
13.65
16.72
17.36
17.9
18.07
18.38
18.65
18.77
18.95
18.99
19.17
19.34
19.48
19.53
19.73
19.73
19.73
19.9
20.02
20.17
20.24
16.5
18.29
20.83
20.78
20.63
20.63
20.19
18.9
18.58
17.8
9.216
15.62
17.04
17.7
18.02
18.41
18.73
18.92
19.04
19.19
19.43
19.51
19.65
19.7
19.75
19.87
20.02
20.24
20.31
17.94
17.85
20.65
20.8
20.39
19.7
17.75
17.24
14.53
7.861
15.16
17.07
17.82
18.21
18.68
18.87
18.99
19.19
19.34
19.53
19.56
19.73
19.73
19.92
20.07
20.19
20.31
19.26
17.92
20.51
20.85
20.85
20.87
20.87
19.63
19.04
18.24
17.94
9.79
14.84
17.11
17.8
18.21
18.68
18.9
18.99
19.24
19.34
19.51
19.53
19.63
19.75
19.92
20.02
20.12
20.12
17.94
16.6
19.21
20.65
20.43
20.02
19.82
18.33
17.72
17.63
13.18
12.55
16.38
17.29
17.82
18.21
18.65
18.87
18.97
19.14
19.29
19.36
19.48
19.53
19.7
19.73
19.78
19.97
20.14
20.31
18.63
18.38
20.48
20.85
20.7
20.65
20.21
18.65
18.38
17.82
9.705
15.36
16.41
13.21
10.68
13.62
16.06
16.94
14.4
13.26
10.67
12.44
16.33
14.65
13.06
9.094
14.92
16.85
14.38
13.16
9.399
15.19
16.65
13.6
12.77
9.265
15.41
16.6
13.53
11.76
11.96
16.21
15.23
13.06
10.24
11.21
16.38
17.46
17.99
18.41
18.8
18.97
19.09
19.26
19.34
19.43
19.58
19.73
19.85
19.92
20.0
20.24
20.31
17.87
19.95
20.85
20.65
20.65
20.04
18.68
18.53
18.07
10.44
16.04
17.29
17.9
18.19
18.68
18.9
19.04
19.14
19.24
19.36
19.53
19.56
19.78
19.92
19.92
19.95
20.19
20.31
18.12
20.12
20.85
20.73
20.46
19.82
16.5
16.04
15.87
11.72
11.44
16.58
17.53
18.02
18.46
18.75
18.97
18.99
19.14
19.21
19.34
19.36
19.38
19.56
19.56
19.56
19.56
19.7
19.75
19.75
19.73
19.75
19.87
19.95
20.04
20.12
20.12
20.12
20.31
19.38
17.7
19.7
20.09
20.85
20.7
20.65
20.63
18.95
18.21
18.12
17.82
17.65
13.72
11.12
9.595
9.949
11.33
9.338
11.27
12.55
16.31
20.21
18.36
10.6
9.619
9.448
9.326
8.862
18.43
20.04
11.9
10.63
11.55
16.55
17.43
17.94
18.24
18.58
18.82
18.97
19.19
19.21
19.34
19.34
19.53
19.56
19.73
19.73
19.9
19.97
20.21
20.31
19.95
17.11
19.9
20.83
20.85
20.7
20.65
18.07
17.04
17.02
13.01
9.07
9.229
9.143
9.619
9.094
9.912
11.98
11.43
17.72
19.56
19.6
17.99
13.11
9.277
8.997
9.265
9.399
8.813
8.801
9.045
12.33
19.21
20.65
19.41
17.38
10.58
9.143
9.265
6.213
6.213
6.024
6.024
6.024
6.024
6.024
8.289
8.411
8.545
8.801
8.887
8.679
8.936
8.374
9.021
7.788
8.911
7.825
6.213
6.219
6.219
6.219
6.219
6.219
6.219
6.219
6.219
6.219
6.219
6.219
6.219
6.219
6.219
6.219
6.219
6.219
6.219
6.219
6.219
6.219
6.219
6.219
6.219
6.219
6.219
6.219
6.219
6.219
6.219
6.219
6.219
6.219
