0.008488
9.537e-05
9.537e-05
0.008965
0.0007629
0.0009537
9.537e-05
0.007915
0.008678
0.008106
0.00782
0.009251
9.537e-05
0.0002861
0.007343
0.008392
0.008011
0.008965
0.008965
0.008392
0.008106
0.008488
0.007915
0.007534
0.0
0.0
0.0004768
0.0
0.0
0.01516
0.0
0.0006676
0.0009537
9.537e-05
0.0004768
0.0001907
0.0001907
0.0002861
0.0002861
0.0002861
0.0
9.537e-05
0.0
0.0003815
0.0006676
0.0001907
0.0004768
0.0002861
0.0002861
0.0001907
0.0009537
0.0004768
9.537e-05
0.0007629
9.537e-05
0.001144
9.537e-05
0.0004768
0.0005722
0.0001907
0.0002861
0.0001907
0.0003815
0.0002861
9.537e-05
9.537e-05
0.0
0.0
0.0
0.0
0.02346
0.0001907
9.537e-05
0.007915
0.0001907
0.0009537
0.008297
0.008392
9.537e-05
9.537e-05
0.001335
0.008392
0.008965
0.008392
0.009346
0.01402
0.01326
0.009155
0.009918
0.0005722
0.007439
0.00906
9.537e-05
9.537e-05
0.008583
0.008392
0.008583
0.007534
0.00782
0.0001907
0.007439
0.008106
0.008678
0.01259
9.537e-05
0.00782
0.0004768
0.008011
0.008869
0.0003815
0.001812
0.008488
0.0001907
0.02165
0.0003815
0.0001907
0.0001907
0.001049
0.0
0.0
0.0
0.0
