14.53
17.38
19.02
16.53
19.51
18.53
19.48
20.8
21.92
16.87
16.72
13.92
20.34
16.26
12.57
13.13
12.79
15.36
20.95
12.82
15.14
10.82
11.67
11.19
11.11
12.65
19.24
17.68
13.84
17.6
19.17
21.95
23.0
22.88
20.17
18.09
11.67
15.43
13.28
11.58
11.5
13.96
15.33
15.19
15.19
12.55
12.99
13.09
15.87
16.99
15.97
17.09
15.97
17.8
20.09
18.43
16.77
21.24
19.75
18.87
20.24
20.04
17.8
16.99
19.07
17.87
17.26
19.68
13.96
12.41
15.8
17.43
16.14
16.99
16.77
18.29
18.87
20.02
21.85
21.17
13.57
16.82
15.45
11.69
11.88
13.16
10.36
15.72
17.36
16.14
12.02
15.23
12.49
10.53
10.25
14.67
14.14
16.16
18.75
13.55
18.12
22.49
21.31
25.0
25.78
23.93
18.97
15.14
18.33
22.41
20.07
15.58
11.11
10.52
12.12
12.35
11.44
14.82
15.53
14.5
13.26
20.34
16.72
24.71
24.93
22.34
19.41
17.09
17.21
13.92
12.87
9.717
8.984
11.91
9.692
10.33
9.949
10.13
8.057
10.86
9.033
10.35
9.68
9.644
10.6
16.43
17.99
17.16
15.19
18.85
18.87
17.99
16.19
17.55
13.45
14.58
15.14
20.14
14.67
16.89
15.94
15.92
14.67
15.87
11.07
10.06
10.53
11.82
11.12
15.19
13.13
12.87
12.67
13.55
17.31
18.33
23.12
19.73
13.67
14.06
15.84
21.19
20.43
21.29
20.0
14.72
16.53
14.94
14.43
14.82
12.08
14.7
13.06
14.99
13.67
15.62
22.31
22.85
23.83
25.0
19.68
22.95
18.87
17.77
17.63
24.85
20.7
21.51
21.66
21.31
13.13
12.67
11.9
12.41
13.96
14.23
13.87
16.77
19.29
16.87
20.41
16.7
10.71
10.83
11.98
12.13
14.16
14.04
14.23
16.5
13.67
10.89
8.179
8.167
7.825
8.374
9.302
10.23
11.41
13.28
12.34
14.09
14.62
15.87
19.92
22.85
18.8
18.53
18.33
20.39
20.12
17.48
19.14
18.9
18.51
17.7
15.82
12.29
13.5
15.92
14.33
11.65
14.6
17.24
15.77
18.16
24.93
18.95
17.36
17.19
17.58
18.04
18.36
16.77
16.99
14.23
16.46
14.79
16.46
14.21
16.46
16.97
15.36
15.77
14.84
12.82
14.84
16.16
15.94
20.46
17.63
15.55
17.65
18.43
15.72
18.46
18.87
17.72
19.58
17.21
17.68
17.11
16.43
16.09
17.58
14.48
13.16
12.82
16.92
18.33
24.66
21.56
16.09
12.05
13.89
13.28
13.65
13.09
15.94
17.87
20.61
22.07
19.78
18.16
12.12
16.67
22.49
16.82
15.77
17.94
22.05
21.39
17.14
16.48
14.53
14.14
15.7
12.89
14.09
16.5
15.7
17.29
18.46
19.41
19.53
18.38
18.33
18.55
14.28
12.49
14.04
14.84
16.14
14.65
15.55
17.55
17.8
18.55
15.26
16.87
12.79
12.62
16.67
13.23
15.53
16.43
14.18
18.04
21.56
18.95
19.65
19.92
17.5
13.79
13.72
13.33
20.51
18.16
13.96
14.53
13.87
18.36
12.74
17.85
16.36
16.38
23.68
24.9
21.19
22.05
20.14
20.53
22.05
23.68
25.54
17.77
13.89
12.6
15.33
10.27
10.63
11.07
9.753
8.972
8.447
8.594
9.79
9.375
8.887
14.72
18.36
22.05
14.65
14.62
15.19
16.28
15.8
16.31
14.01
14.16
14.33
15.23
15.26
14.11
15.48
16.21
16.06
15.38
15.75
14.43
11.06
10.74
9.961
10.61
16.41
14.92
17.92
22.8
18.48
17.53
15.33
14.48
16.97
16.16
15.48
16.55
17.68
15.45
16.11
15.28
15.84
16.43
14.14
11.82
5.469
8.008
8.13
12.1
12.74
14.6
15.33
16.85
17.68
15.21
17.14
16.19
20.0
15.06
15.94
17.87
18.68
18.24
17.97
18.29
14.7
16.11
15.48
14.6
14.58
10.63
11.58
11.84
17.26
13.53
16.06
22.0
16.11
15.04
13.53
16.14
20.12
11.43
13.87
17.53
17.9
19.78
16.21
10.89
9.485
10.72
10.93
9.583
9.668
9.729
7.605
10.36
11.9
14.92
16.55
16.58
14.82
15.41
18.04
16.7
15.06
14.77
12.57
11.08
13.6
10.9
10.06
10.17
11.52
10.55
10.5
9.924
8.887
9.509
9.912
12.67
13.09
15.94
16.14
16.82
18.07
20.41
20.46
20.51
19.09
16.75
18.85
20.21
18.85
20.85
19.82
22.44
21.48
19.6
21.53
20.92
18.29
18.51
18.14
16.46
19.7
17.02
17.38
18.65
20.56
21.04
20.61
21.78
18.85
18.99
18.77
19.46
19.36
19.38
20.19
17.75
18.19
20.17
18.02
15.99
17.6
14.06
13.53
18.26
20.75
20.61
17.63
14.94
20.12
22.97
23.97
26.17
25.2
19.26
13.79
13.31
16.24
12.87
13.18
10.3
11.0
9.937
9.729
9.68
9.045
9.351
9.229
12.13
15.41
13.89
13.31
11.3
14.72
21.07
20.75
21.24
20.36
23.46
18.85
21.66
21.04
19.09
19.41
15.65
13.06
16.97
15.75
15.55
16.31
14.65
16.19
16.41
16.26
14.4
17.7
18.09
20.61
18.63
16.67
18.9
13.89
15.72
17.43
17.41
14.53
14.4
13.55
13.92
15.8
14.84
14.67
12.96
16.97
20.8
20.8
24.29
20.85
19.26
15.6
17.02
16.82
13.21
14.38
15.33
9.424
8.74
10.89
17.04
15.65
9.998
9.204
18.55
19.65
17.02
15.01
17.46
14.04
13.33
13.43
15.43
18.48
15.87
12.01
14.58
21.44
25.34
23.17
20.19
22.58
21.04
16.09
18.8
18.99
18.36
19.7
23.22
23.17
15.65
13.84
17.43
13.28
13.13
11.05
14.36
14.21
16.65
17.99
19.09
22.09
24.1
23.88
24.12
23.0
25.15
23.66
23.19
19.29
15.11
17.02
13.21
12.94
11.07
12.77
14.14
14.99
13.04
11.33
14.6
15.16
16.97
19.07
18.73
16.85
19.34
21.24
21.36
19.09
18.33
17.7
20.09
15.72
14.11
15.41
13.57
12.48
15.26
13.67
13.53
12.46
5.481
7.178
12.41
14.58
18.07
17.87
21.19
16.48
20.17
21.88
19.87
14.97
15.38
18.21
19.63
18.16
20.87
22.63
20.97
22.49
20.43
21.22
17.46
19.56
19.24
12.72
18.14
17.6
20.97
16.19
20.19
21.85
20.75
15.94
19.02
22.71
14.5
12.79
14.67
11.55
12.57
12.79
10.89
13.72
14.01
13.11
14.21
12.87
14.33
23.46
24.73
21.31
19.46
22.29
17.77
13.87
26.07
18.14
14.09
8.545
8.264
7.227
10.75
9.229
9.534
8.777
7.629
9.399
7.886
8.118
8.423
10.5
10.53
12.74
16.16
16.36
17.07
19.02
21.0
21.73
23.17
23.73
20.85
19.73
17.43
17.9
20.75
21.04
21.88
17.7
13.45
13.06
19.31
