19.85
20.41
17.43
16.85
14.65
21.07
29.15
31.01
18.07
19.6
15.33
16.31
19.21
13.67
0.2605
0.1198
0.02604
0.02604
0.03128
0.1616
16.21
17.41
25.93
31.74
22.61
18.24
17.92
14.6
24.17
33.64
30.47
11.28
14.75
14.31
1.709
35.89
37.4
36.33
34.81
32.23
17.46
21.34
24.68
24.0
14.23
12.87
14.82
13.92
12.67
13.48
14.58
15.19
18.95
17.97
19.41
16.11
15.28
14.36
13.57
13.09
14.65
16.8
18.02
18.65
17.48
7.788
21.63
21.04
22.68
23.02
23.93
25.39
27.0
20.87
28.66
27.25
14.14
13.35
16.31
15.55
13.84
16.8
20.14
23.88
20.51
12.05
16.24
17.5
19.09
18.53
13.16
14.92
20.43
19.9
18.9
27.29
27.39
26.51
22.66
28.17
27.05
14.77
14.23
14.53
15.84
16.48
25.59
29.05
28.91
5.188
35.16
37.94
37.45
37.74
27.64
35.4
24.98
18.95
19.56
29.74
32.28
24.22
20.21
12.32
14.62
22.22
28.37
27.34
26.37
15.5
15.48
20.58
20.95
15.14
18.82
33.79
35.84
35.79
35.69
21.02
35.69
29.05
16.7
18.63
16.33
36.18
36.96
37.6
37.21
30.08
33.01
19.46
17.14
24.44
33.06
30.37
21.39
26.42
26.03
16.06
17.5
24.44
24.22
25.2
28.71
29.15
24.61
13.6
32.47
24.71
16.72
17.26
15.77
18.12
18.63
16.87
1.767
13.99
15.38
16.89
17.24
16.72
13.84
0.8438
0.4112
0.03643
0.03128
0.02604
0.02604
0.02604
8.411
14.45
15.99
18.51
23.41
15.77
12.05
14.14
14.97
14.62
12.72
13.82
11.43
15.67
14.18
14.97
2.151
0.1616
0.04692
0.02604
0.03128
0.02604
0.03128
0.02604
9.644
13.7
14.28
14.28
15.7
17.16
18.6
19.41
13.53
9.839
26.81
28.91
27.44
15.45
14.99
13.6
0.2293
0.0885
0.03128
0.02604
0.03128
0.02604
0.03128
0.02604
9.131
24.73
28.71
19.41
16.82
15.14
15.01
20.7
19.92
14.21
15.48
16.09
15.23
15.72
17.38
19.46
11.76
0.7187
0.3075
0.02079
0.03128
0.02604
0.03128
0.02604
1.495
14.92
13.13
15.8
12.37
14.09
14.62
13.92
14.87
16.63
20.95
21.24
20.14
11.9
13.99
8.215
0.2083
0.0885
0.03128
0.02604
0.02604
0.02604
0.03128
0.2499
15.36
15.77
13.48
15.26
17.9
17.99
18.48
17.31
16.33
16.48
18.63
21.97
13.53
15.75
16.24
19.56
22.58
19.85
1.114
0.6248
0.05207
0.02604
0.03128
0.02604
0.1875
11.99
15.67
17.72
12.32
22.56
30.27
29.39
13.18
29.74
32.71
20.56
15.87
13.99
18.04
12.34
0.2449
0.1249
0.03128
0.02604
0.02604
0.02604
0.03128
0.02604
0.02604
6.445
14.38
20.21
29.44
31.79
16.43
15.92
11.93
14.06
12.43
27.44
33.45
16.09
15.8
5.359
0.2293
0.06771
0.03128
0.02604
0.03128
0.02604
0.03128
0.02604
12.08
21.07
17.24
13.35
21.7
24.49
21.95
15.48
17.8
18.7
21.31
16.41
19.68
24.29
25.78
13.38
16.48
9.021
0.2396
0.2655
33.45
35.64
35.6
34.86
36.67
36.38
37.6
36.62
37.01
36.87
37.16
36.38
34.77
35.01
35.25
37.4
36.72
34.91
16.24
32.18
35.6
37.89
36.43
31.15
27.98
27.49
22.75
2.536
23.71
33.79
34.33
36.52
37.35
36.18
34.62
34.52
37.4
37.01
35.5
37.65
36.62
35.99
34.47
33.69
34.91
36.23
27.54
15.06
33.01
34.86
32.32
33.06
36.18
31.93
29.79
18.9
8.276
35.55
37.65
38.72
36.87
35.45
36.38
35.99
34.38
36.18
34.91
31.98
34.62
37.5
37.74
37.79
36.33
33.5
33.25
12.32
26.03
38.67
37.84
34.33
28.91
29.25
29.69
26.56
9.753
19.8
25.24
27.59
33.64
31.49
28.86
28.08
26.95
26.61
27.59
27.98
28.12
28.37
28.81
29.49
29.79
30.91
31.35
29.49
28.52
28.37
29.39
25.49
4.645
11.43
16.65
20.07
19.63
20.14
22.27
22.75
20.75
22.02
21.31
21.24
19.78
20.02
9.619
14.16
21.7
21.56
22.9
23.46
25.54
26.66
26.51
26.71
26.9
27.93
29.3
29.69
29.39
34.57
35.74
35.89
34.52
34.03
35.5
36.91
37.45
24.29
12.94
15.09
17.48
25.54
28.56
29.3
29.15
21.41
19.92
20.8
21.29
22.22
8.032
1.926
6.085
22.56
25.24
24.93
25.2
27.0
29.05
28.71
28.42
29.05
29.1
29.35
28.37
27.69
27.98
27.49
32.62
35.89
36.47
36.62
36.18
35.21
29.98
14.6
31.2
37.21
36.72
33.64
30.03
29.39
28.66
26.03
9.619
34.42
37.16
33.2
23.17
26.22
24.54
14.23
18.04
18.82
20.58
18.7
33.15
24.8
30.22
30.71
15.55
29.49
34.52
26.22
33.06
16.89
36.43
34.57
27.64
28.47
15.36
29.3
33.79
25.15
34.91
20.07
24.19
35.16
36.23
36.04
31.88
34.57
35.79
35.35
33.45
33.89
37.26
34.33
34.72
34.33
35.79
37.21
35.45
32.86
31.84
11.19
16.02
15.65
16.26
16.21
18.14
20.12
22.05
23.05
20.83
24.17
22.88
22.07
17.75
10.53
18.46
19.92
22.83
22.41
21.39
21.7
24.32
24.07
23.75
23.34
28.42
36.57
37.11
36.82
38.13
37.5
37.45
37.6
36.77
37.7
35.99
18.87
18.19
32.81
37.74
36.08
34.08
30.52
31.35
27.29
12.92
15.43
16.19
15.19
15.94
15.8
15.19
14.94
15.7
15.19
15.8
16.63
15.82
15.75
15.72
16.33
21.04
22.09
29.1
27.83
28.52
27.88
27.73
28.03
26.81
25.73
25.49
25.88
25.34
24.07
23.83
22.24
13.31
17.94
19.8
20.39
20.31
18.68
19.34
20.36
20.75
18.63
16.82
17.16
16.7
15.45
18.85
14.09
21.24
22.49
26.46
26.61
18.41
15.97
14.21
15.72
16.14
14.77
14.65
21.34
25.0
24.12
19.17
24.39
25.44
24.0
16.58
13.38
21.92
22.17
22.27
21.04
20.53
20.92
27.1
28.22
28.56
26.37
25.15
24.71
24.05
25.83
25.98
25.29
24.44
25.05
26.32
25.73
24.95
24.12
26.46
27.49
26.42
25.39
14.82
16.41
18.31
16.65
16.82
18.95
21.78
22.63
20.48
19.31
20.31
24.02
23.14
19.87
12.43
14.58
13.99
15.55
15.8
15.33
15.55
14.6
15.31
0.5936
0.1616
0.03128
0.03643
8.472
15.06
13.89
15.09
15.19
16.06
15.48
16.55
15.04
16.06
16.21
15.41
16.8
18.04
13.4
15.48
11.74
21.46
19.48
17.41
16.28
3.082
0.5211
0.1093
0.02604
0.03128
0.02604
0.03128
0.02604
0.03128
0.02604
0.02604
0.02604
0.03128
0.02604
0.03128
0.02604
0.02604
0.02604
0.03128
13.45
13.6
14.97
14.87
14.45
15.7
16.11
13.92
11.12
