0.01545
0.05455
0.01297
0.01402
0.0145
0.01411
0.01392
0.01268
0.01259
0.01364
0.01307
0.01211
0.01631
0.01688
0.01516
0.01297
0.01316
0.01106
0.01755
0.01345
0.01659
0.01097
0.01268
0.01411
0.01135
0.01326
0.01125
0.01736
0.01059
0.002384
0.01268
0.01373
0.01249
0.01173
0.04206
0.02384
0.0104
0.0104
0.0144
0.01125
0.01125
0.01526
0.01373
0.0123
0.008869
0.01745
0.01249
0.01278
0.01183
0.01268
0.01535
0.01459
0.01249
0.01297
0.009155
0.01078
0.01078
0.01469
0.02193
0.01774
0.01497
0.01144
0.01078
0.01259
0.01783
0.01717
0.01678
0.01116
0.01125
0.01163
0.01554
0.01822
0.01497
0.01144
0.01068
0.01583
0.0164
0.01745
0.01736
0.01431
0.01755
0.01154
0.01059
0.01373
0.01717
0.01717
0.01307
0.01345
0.01554
0.01011
0.01297
0.01316
0.0123
0.01011
0.009918
0.01011
0.01049
0.01431
0.01173
0.03366
0.01688
0.01335
0.05255
0.001144
0.01478
0.01192
0.01259
0.01068
0.01354
0.01268
0.004101
0.01392
0.01612
0.02756
0.01316
0.00658
0.01469
0.01087
0.01287
0.01383
0.009918
0.0103
0.009727
0.02146
0.01202
0.0005722
0.01106
0.01392
0.01535
0.008678
0.01059
0.0268
0.01268
0.01154
0.01392
0.0
0.009251
0.01154
0.01287
0.01211
0.01116
0.01011
0.007153
0.01125
0.01011
0.0102
0.01287
0.001144
0.01755
0.01421
0.01497
0.01154
0.01116
0.01287
0.01125
0.01688
0.01097
0.01574
0.01287
0.01087
0.01316
0.01268
0.01507
0.01411
0.01717
0.02327
0.01812
0.01793
0.01793
0.01106
0.01345
0.03328
0.01688
0.01478
0.01497
0.01431
0.01097
0.01402
0.02565
0.01488
0.01383
0.02365
0.01917
0.01869
0.03119
0.01249
0.02022
0.01717
0.01659
0.01183
0.01621
0.01726
0.01745
0.01707
0.02251
0.01898
0.01669
0.01392
0.01688
0.0165
0.01345
0.02813
0.01411
0.01726
0.01583
0.007343
0.01631
0.01688
0.01631
0.01278
0.01383
0.01678
0.01402
0.01469
0.01335
0.01554
0.01602
0.01535
0.01926
0.08583
0.01574
0.01488
0.01383
0.01678
0.01469
0.01526
0.01526
0.01812
0.01612
0.01736
0.01974
0.01984
0.02098
0.0247
0.02251
0.01974
0.02108
0.01822
0.02413
0.02041
0.02184
0.01974
0.01945
0.02108
0.01945
0.01974
0.02298
0.01869
0.01526
0.02317
0.01984
0.02232
0.0205
0.02594
0.02289
0.02451
0.01841
0.02575
0.02422
0.01726
0.02165
0.01926
0.0206
0.04759
0.02136
0.02155
0.02165
0.02384
0.0226
0.01955
0.01717
0.02003
0.0165
0.01659
0.01774
0.01926
0.01993
0.02804
0.02127
0.01831
0.01812
0.01688
0.02069
0.01764
0.01898
0.01926
0.01698
0.03204
0.04215
0.01993
0.02069
0.02022
0.0246
0.01888
0.01554
0.01774
0.01631
0.01554
0.01955
0.01907
0.02222
0.02222
0.02298
0.02279
0.02308
0.02489
0.03023
0.01907
0.02489
0.01917
0.01907
0.01936
0.0227
0.01745
0.02079
0.02222
0.02575
0.02232
0.02604
0.01745
0.02432
0.01755
0.01945
0.01726
0.02117
0.01926
0.01488
0.01822
0.01831
0.01297
0.01841
0.01755
0.01936
0.02079
0.01917
0.01879
0.01392
0.01888
0.01736
0.01879
0.01974
0.01402
0.01688
0.0206
0.01698
0.01574
0.01564
0.01831
0.01326
0.01621
0.0185
0.01459
0.01831
0.02031
0.01717
0.02832
0.03157
0.01497
0.01831
0.01488
0.02041
0.02127
0.02337
0.01926
0.02298
0.01898
0.01698
0.01526
0.02031
0.01888
0.01898
0.01593
0.0185
0.01907
0.01726
0.01898
0.01669
0.01812
0.002861
0.02108
0.01669
0.01841
0.02146
0.01421
0.01631
0.01564
0.0452
0.01326
0.01545
0.01564
0.01678
0.007248
0.01526
0.01354
0.009346
0.01822
0.01354
0.01125
0.01192
0.01535
0.0144
0.0002861
0.0145
0.01402
0.01364
0.01478
0.01602
0.01507
0.01326
0.01526
0.01097
0.01326
0.02432
0.01497
0.02069
0.01564
0.01354
0.01907
0.01898
0.01621
0.01583
0.01211
0.01268
0.01278
0.01602
0.01688
0.0144
0.01583
0.02003
0.01535
0.02155
0.0165
0.01802
0.01974
0.01717
0.01736
0.0205
0.02022
0.01974
0.01764
0.02022
0.02127
0.02069
0.03309
0.01774
0.01974
0.02861
0.02098
0.01774
0.02203
0.01736
0.01898
0.01516
0.01535
0.03881
0.01631
0.0206
0.01812
0.01822
0.01488
0.01755
0.01459
0.01736
0.01574
0.01144
0.01669
0.01259
0.01297
0.01841
0.02041
0.01888
0.01402
0.01211
0.01135
0.01221
0.01535
0.01173
0.01106
0.01631
0.01125
0.01812
0.0165
0.01411
0.01574
0.01259
0.01545
0.01402
0.01545
0.01612
0.01574
0.01831
0.01678
0.01364
0.01707
0.01869
0.01802
0.01535
0.02718
0.03681
0.01307
0.01507
0.01287
0.01478
0.01383
0.01392
0.0144
0.01373
0.01459
0.01459
0.01526
0.01211
0.01688
0.01535
0.01593
0.01574
0.01726
0.01383
0.01431
0.01554
0.01364
0.01364
0.01602
0.01593
0.01488
0.01688
0.02012
0.01965
0.02022
0.01736
0.01593
0.01736
0.01602
0.01888
0.02022
0.02136
0.04807
0.02365
0.02317
0.02975
0.01898
0.02308
0.02632
0.02737
0.02203
0.01917
0.02022
0.01955
0.01802
0.02327
0.01736
0.02213
0.01717
0.02489
0.01831
0.01841
0.02403
0.02699
0.02565
0.02213
0.02213
0.02518
0.02136
0.02165
0.01688
0.02337
0.02432
0.02298
0.02279
0.0289
0.03414
0.03262
0.0514
0.02069
0.01841
0.01965
0.01745
0.02346
0.01631
0.02174
0.0227
0.01926
0.01822
0.01812
0.01993
0.02184
0.02832
0.01669
0.01631
0.01869
0.01755
0.01736
0.01469
0.01726
0.01726
0.0205
0.01774
0.01955
0.01707
0.02575
0.02174
0.0186
0.02613
0.03834
0.01507
0.01936
0.03529
0.0433
0.0165
0.01554
0.01316
0.01917
0.01917
0.01526
0.02394
0.02127
0.01888
0.01688
0.01736
0.01793
0.01793
0.01631
0.01698
0.01774
0.01459
0.02012
0.01631
0.01402
0.01411
0.01469
0.01488
0.01459
0.01574
0.037
0.03729
0.01936
0.01402
0.01402
0.01335
0.0185
0.01516
0.01602
0.01831
0.01535
0.01583
0.01698
0.01535
0.01659
0.01688
0.01726
0.0145
0.01888
0.0144
0.01593
0.01278
0.01373
0.01631
0.01478
0.0165
0.01154
0.0145
0.01888
0.01278
0.01593
0.01478
0.01297
0.01783
0.01612
0.0246
0.02098
0.01335
0.01402
0.01717
0.01831
0.01364
0.01574
0.01574
0.01383
0.01259
0.01631
0.0206
0.01497
0.0102
0.01516
0.01383
0.01669
0.01335
0.01564
0.01068
0.1726
0.05369
0.01698
0.01717
0.01459
0.03672
0.0124
0.0185
0.0165
0.01583
0.01583
0.01593
0.01287
0.01659
0.01106
0.01154
0.01373
0.01307
0.01574
0.0186
0.01135
0.01211
0.01192
0.01287
0.0165
0.01917
0.01535
0.01841
0.01287
0.01411
0.01259
0.01202
0.01421
0.01345
0.01593
0.01612
0.01669
0.01297
0.01869
0.01478
0.01278
0.01326
0.01278
0.01478
0.01469
0.01402
0.0123
0.01364
0.01478
0.01507
0.01221
0.01402
0.01507
0.01392
0.01335
0.01192
0.01373
0.01717
0.01507
0.01421
0.01345
0.01593
0.01211
0.02298
0.01497
0.01459
0.01354
0.0102
0.01469
0.01574
0.01402
0.01183
0.01163
0.007248
0.01183
0.0123
0.0145
0.01249
0.01373
0.01364
0.01535
0.0186
0.01917
0.02537
0.01392
0.0165
0.01745
0.02012
0.01526
0.0123
0.01345
0.01421
0.01516
0.01316
0.01764
0.01345
0.01698
0.01583
0.01545
0.0165
0.01888
0.01659
0.01726
0.01507
0.01297
0.01678
0.01802
0.01879
0.01535
0.01421
0.01364
0.01698
0.02222
0.02108
0.01602
0.01497
0.02117
0.01669
0.02975
0.035
0.0227
0.01554
0.0165
0.02041
0.01583
0.01564
0.02432
0.01907
0.01755
0.02174
0.02022
0.0206
0.01764
0.01974
0.01593
0.0164
0.01965
0.01888
0.01488
0.01431
0.01116
0.01459
0.01535
0.01593
0.01631
0.03862
0.02995
0.01564
0.02069
0.01421
0.01278
0.01326
0.01488
0.01364
0.01535
0.01211
0.01783
0.01497
0.01364
0.01698
0.01316
0.05827
0.01554
0.01364
0.01268
0.008297
0.01822
0.01612
0.01926
0.0164
0.01268
0.01678
0.01421
0.01316
0.01326
0.01621
0.01621
0.01602
0.01307
0.08535
0.01431
0.01516
0.01612
0.01402
0.02031
0.0145
0.01478
0.0124
0.1041
0.03328
0.02651
0.01631
0.0145
0.01516
0.01535
0.01116
0.01411
0.01593
