2.264
3.149
2.536
1.46
1.395
1.167
1.721
0.5371
1.375
1.132
2.475
3.461
0.8865
1.746
1.373
2.802
4.602
0.8774
0.378
0.1402
0.1406
0.1507
0.1469
0.1637
0.149
0.1623
0.1528
0.1577
0.1492
0.1448
0.1579
2.066
3.168
4.681
2.744
0.333
1.279
1.094
0.9811
1.482
0.9323
3.827
3.772
0.4784
0.0
0.0
0.0
0.001144
0.0002861
0.0
0.0
0.0002861
0.0
0.0
0.0
0.0008583
0.0
0.0
0.0
0.0
0.0
0.0
0.0
0.0
0.0
0.0
0.0
0.0
0.0
0.0
0.0
0.0
0.0
0.0
0.0
0.0
0.0
0.001144
0.0
0.0
0.0
0.0
0.0
0.0
0.0
0.0
0.0
0.0
0.0
0.0
0.0
0.0
0.0
0.0
0.0
0.0
0.0
0.0
0.0
0.0
0.0
0.0
0.0
0.0
0.0
0.0
0.0
0.0
0.0
0.0
0.0
0.0
0.0
0.0
0.0
0.0
0.0
0.0
0.0
0.0
0.0
0.0
0.0
0.0001907
0.0
9.537e-05
0.0
0.0
0.0
0.0
0.0
0.0
0.0
0.0
0.0
0.0
0.0
0.0
0.0
9.537e-05
0.0
0.0
0.0
0.0
0.0
0.0
0.0
0.0
0.0
0.0
0.0
0.0
0.0
0.0
0.0
0.0
0.0
0.0
0.0
0.0
0.0
0.0
0.0
0.0
0.0
0.0
0.0
0.0
0.0
0.0
0.0
0.0
0.0
0.0
0.0
0.003719
0.1635
0.4723
0.03214
0.03414
0.04406
0.03414
0.05264
0.04072
0.03567
0.03033
0.9995
1.007
1.506
3.107
1.152
1.562
0.9033
0.8209
0.8987
2.939
4.529
0.5455
0.5623
0.4677
0.5669
0.5547
0.2254
3.043
4.559
0.9308
0.7179
1.195
0.3742
0.3704
0.3391
0.4456
1.297
1.402
3.577
4.376
0.6851
2.887
2.756
0.8118
1.84
0.8118
0.9293
0.1968
0.0555
0.2964
0.457
0.0
9.537e-05
0.001335
0.8179
0.9964
0.1144
0.0103
3.284
4.785
0.8102
1.312
1.402
4.26
3.149
0.4318
0.8789
0.9644
0.5714
0.5531
0.3292
0.4456
0.2342
3.979
4.346
0.486
0.3315
0.2697
0.2987
0.2846
0.3815
0.2823
1.181
4.602
1.917
0.6134
1.341
1.036
1.038
0.07677
0.03347
2.737
4.773
1.205
0.8072
0.795
1.682
4.419
0.7439
1.236
0.5898
0.07467
4.266
3.552
0.6256
0.7675
1.227
1.343
0.7652
1.274
4.126
2.676
0.4982
1.248
1.418
1.111
1.007
1.256
1.868
4.352
2.67
0.5676
3.827
2.142
1.239
1.318
1.53
2.713
3.363
0.5135
0.8194
1.123
0.4745
1.216
0.6042
2.359
0.9216
1.215
1.605
4.578
2.493
1.111
1.41
3.418
3.583
0.9979
0.8911
1.651
1.892
0.5585
0.168
0.1833
0.2026
0.1717
0.1505
0.186
0.1707
0.1745
0.1919
0.19
0.1802
0.3033
2.188
4.523
4.352
1.758
0.6653
1.025
1.974
0.6447
1.091
0.3838
0.4066
0.621
1.578
1.427
1.125
2.625
2.499
1.169
2.377
4.016
1.233
1.953
0.5066
2.597
2.258
1.788
1.66
1.205
0.7401
1.149
0.1467
0.2064
0.2102
0.1883
0.2491
0.1822
0.19
0.168
0.2029
0.1644
0.1616
0.1741
0.1726
2.298
3.87
3.857
2.637
0.2338
1.381
0.7004
0.6218
0.6134
4.211
3.104
0.7118
0.724
1.302
1.364
1.169
0.354
0.8759
1.131
1.25
0.6126
2.075
3.687
0.9247
2.075
0.3094
0.8423
1.03
0.8148
1.155
2.972
1.559
1.387
2.057
1.479
2.667
4.065
1.485
0.8865
1.468
1.108
0.3403
0.3761
0.2346
0.7767
1.221
1.176
1.111
0.9644
1.326
0.2102
0.975
1.137
3.375
4.724
0.9827
1.28
0.5394
1.262
1.044
1.273
3.424
4.187
0.8224
1.196
1.44
1.849
4.413
2.417
0.6699
1.036
0.576
0.2842
1.1
0.6439
1.407
4.163
1.231
1.999
0.9827
1.593
0.1657
0.3456
0.1757
1.224
0.102
1.019
0.9247
1.292
0.9613
0.8331
3.9
2.774
0.3544
1.001
0.9109
1.317
1.95
4.498
2.368
0.7271
1.587
2.557
2.89
1.054
1.889
0.2316
0.1842
0.04368
1.054
0.5836
1.257
0.09995
0.2174
0.9872
1.01
1.614
3.9
1.393
2.155
1.08
0.914
1.247
0.8743
2.606
2.408
0.4044
1.263
0.3681
1.207
0.5257
1.079
1.55
0.9445
1.253
0.9521
1.575
1.852
4.004
2.161
0.6836
1.508
3.918
1.48
0.9598
1.253
0.4471
0.4158
0.3201
1.532
1.283
0.769
1.425
1.347
1.102
1.733
4.346
4.456
0.5577
1.439
1.357
1.428
0.589
1.106
0.8392
0.7492
1.164
0.7744
1.378
1.45
3.473
0.9186
0.8301
0.8102
0.9583
1.27
2.695
3.442
0.5951
0.7416
0.9125
1.645
1.286
0.779
0.9766
1.352
1.295
2.621
3.772
0.5295
1.581
3.937
0.8179
1.874
0.705
0.1432
0.1608
0.1719
0.1457
0.1596
0.1623
0.1545
0.1457
0.1709
0.136
0.1984
0.1783
2.075
3.864
4.541
2.448
0.4295
1.004
0.2186
0.2048
0.153
0.1633
0.1556
0.1593
0.1913
0.1692
0.1825
0.1589
0.2018
2.737
3.455
2.621
1.035
0.8301
0.8011
1.039
0.7935
0.7454
0.502
0.6775
0.7256
3.055
4.12
0.5592
0.7652
1.016
0.5302
1.129
1.141
1.5
3.085
4.248
0.9232
0.7523
1.678
2.197
4.169
0.9125
0.7103
1.173
1.324
2.612
4.382
0.7568
0.9079
1.152
1.213
1.204
0.5371
0.5745
0.6104
0.547
3.772
2.664
0.7149
1.434
1.187
0.7355
1.302
1.341
1.253
0.5669
1.202
0.6599
1.389
1.091
1.37
2.777
3.326
1.624
0.3487
1.044
1.558
1.132
1.445
0.9613
1.115
1.215
3.87
0.6958
1.094
1.694
2.872
3.656
0.5997
0.8881
1.158
1.498
1.231
0.6493
1.334
1.968
2.859
1.822
1.849
1.859
4.224
4.028
0.7843
0.9842
1.907
2.191
4.163
2.957
0.7347
1.251
0.6012
1.393
0.9583
0.9521
1.111
1.427
1.353
1.247
0.4547
1.572
1.205
1.459
4.559
1.822
1.233
0.6569
1.251
1.561
2.429
1.143
2.09
1.543
1.208
0.2369
1.23
0.5241
1.268
0.6516
0.9216
0.2747
0.1484
0.1368
0.1572
0.1566
0.1646
0.1699
0.1377
0.1322
0.4768
2.258
3.68
1.602
0.9155
0.7469
0.9018
1.089
1.941
3.601
0.8087
0.3727
0.00267
0.3292
1.184
0.9674
0.6973
1.022
0.5486
1.05
1.088
0.5112
0.8118
2.71
1.843
0.5226
1.111
1.057
0.2956
1.234
1.508
3.717
2.06
0.6363
1.132
0.5371
4.01
3.949
0.6271
1.071
0.2884
1.099
0.4486
1.131
1.218
0.5844
1.067
0.4486
1.05
1.164
2.094
4.315
1.987
0.6355
1.404
0.8347
1.006
1.202
2.713
3.9
0.8102
2.475
2.048
1.48
1.614
0.9903
1.105
0.4654
1.207
1.196
0.7996
0.9766
0.6775
1.007
1.241
3.055
1.657
1.395
0.9521
0.5745
1.001
1.176
1.314
0.9674
1.495
1.862
3.784
1.32
0.4303
0.9506
0.6973
1.094
1.044
0.7538
1.552
2.411
