0.8133
0.8011
0.8011
0.3033
0.02146
1.828
5.322
4.938
4.102
3.821
2.39
0.107
0.4761
0.2037
0.3372
0.00267
0.0005722
0.0
0.0
0.0
0.0
0.02327
0.3288
0.1541
0.3811
0.2464
0.3246
0.1051
0.2235
0.3639
0.1686
0.3155
0.1867
0.3735
0.1139
0.1839
0.1513
0.1188
9.537e-05
0.0003815
0.0
9.537e-05
0.0
0.1493
0.3021
0.2525
0.1907
0.4951
0.1865
0.3517
0.1528
0.12
0.2079
0.3128
0.2296
0.3746
0.2895
0.2506
0.3044
0.3311
0.3273
0.1812
0.7858
0.1137
0.06561
0.0493
0.04053
0.3895
0.206
0.008678
0.005913
0.8896
0.6554
0.4478
0.251
0.2502
0.2945
0.2911
0.2426
0.2377
0.2537
0.2331
0.2445
0.2399
0.2407
0.2377
0.2567
0.8484
1.251
1.164
0.8331
1.477
1.004
0.5112
0.4059
0.4272
0.4608
0.4311
0.6378
0.7156
0.6485
0.7614
0.705
0.05245
0.01068
0.01116
5.194
4.706
4.108
3.619
4.224
1.764
0.04511
0.7286
0.1637
0.04854
0.03834
0.04053
0.04025
0.5493
0.01736
0.01335
0.002193
0.9811
0.4524
0.4494
0.2003
0.1894
0.2525
0.2522
0.2163
0.2644
0.5005
0.248
0.28
0.2834
0.288
0.246
0.2518
0.8743
1.311
1.161
0.8911
1.295
0.9201
0.5028
0.518
0.4807
0.5302
0.7935
0.7919
0.9964
1.047
0.4036
0.006962
0.008965
3.516
5.151
4.358
3.278
3.906
4.028
0.003433
0.08945
0.8194
0.03805
0.05302
0.0699
0.04406
0.5333
0.02775
0.01202
0.1724
0.9827
0.4982
0.3445
0.2193
0.1846
0.2216
0.2312
0.2071
0.2045
0.2449
0.2178
0.2354
0.2289
0.2346
0.2026
0.3006
0.7156
0.8911
1.221
1.369
1.294
0.9888
0.5508
0.3784
0.4288
0.4326
0.4425
0.5646
0.6844
0.7996
0.8743
0.5714
0.02213
0.0165
0.8026
4.974
4.138
3.943
3.638
4.108
0.3521
0.04177
0.75
0.08392
0.06657
0.04349
0.04978
0.2918
0.4181
0.01736
0.01869
0.6935
0.6805
0.6042
0.211
0.2094
0.256
0.2865
0.2399
0.2441
0.2232
0.2621
0.23
0.2174
0.2079
0.2064
0.2178
0.2792
0.9476
1.192
1.366
1.038
1.428
0.5852
0.4768
0.4829
0.6462
0.5325
0.9491
0.9613
0.8957
0.9003
0.02251
0.01965
0.3582
5.615
3.961
3.699
3.625
3.699
1.575
0.04158
0.56
0.2411
0.04845
0.03586
0.05407
0.04759
0.531
0.02823
0.008297
0.007057
0.5898
0.631
0.6432
0.1884
0.2453
0.3132
0.3319
0.2987
0.2743
0.3235
0.2888
0.2781
0.3109
0.5463
0.3094
0.386
1.071
1.282
0.6622
0.9216
1.276
1.144
0.457
0.4913
0.6699
0.6485
1.035
0.9094
0.9323
1.045
0.1087
0.02041
0.7996
5.45
4.01
3.534
4.541
3.668
0.02804
0.0001907
0.0002861
9.537e-05
0.0
0.0
0.0001907
0.0
0.0
0.001144
0.0
0.0
0.0
0.0
0.0
0.0
0.0
0.0
0.0
0.0003815
0.0
0.0
0.0
0.0
0.0
0.0
0.0
0.0
0.0
0.0
0.0
0.0
0.0
0.0
0.0
0.0
0.0
0.0
0.0
0.0
0.0
0.0
0.0
0.0
0.0
0.0
0.0
0.0
0.0
0.0
0.0
0.0
0.0
0.0
0.0
0.0
0.0
0.0
0.0
0.0
0.001049
0.0
0.0
0.0
0.0
0.0
9.537e-05
0.0
0.01135
9.537e-05
0.0
9.537e-05
0.0
0.0
0.0
0.0
0.0
0.0
0.0
0.0
0.0
0.0
0.0
0.0001907
0.0
0.0
0.0
0.0
0.0
0.0
0.0
0.0
0.0
0.0
0.0
0.0
0.0
0.0
0.0
0.0
9.537e-05
0.0
0.01545
0.6424
0.4532
0.4715
0.5623
0.3353
0.3517
0.4387
0.5325
0.4944
0.4715
0.3487
0.3147
0.2831
0.3368
0.3136
0.2769
0.3277
0.3361
0.2872
0.2846
0.3136
1.109
0.8957
2.625
1.657
0.4982
0.4654
0.531
0.547
0.6172
0.6737
0.6729
0.4364
0.02594
3.18
8.057
9.973
0.5943
0.05951
0.01383
1.01
0.3662
0.4501
0.4974
0.3555
0.5119
0.4776
0.4189
0.4448
0.3815
0.2895
0.33
0.2769
0.2747
0.2396
0.2766
0.3201
0.2708
0.3399
0.3361
0.322
1.257
2.231
2.548
0.621
0.5661
0.5905
0.576
0.5287
0.8667
0.7759
0.634
0.2155
0.009441
0.008869
8.105
9.839
5.792
0.1806
0.01602
0.6584
0.4898
0.3563
0.3395
0.4234
0.2628
0.3468
0.5821
0.5417
0.4799
0.3689
0.3151
0.2892
0.3471
0.301
0.2792
0.2769
0.2796
0.275
0.3674
1.657
1.913
1.524
1.237
0.5913
0.5608
0.5501
0.4532
0.5234
0.8026
0.8179
0.544
0.07219
0.0145
2.301
10.96
7.935
1.561
0.01488
0.1429
0.9628
0.351
0.3742
0.4562
0.235
0.3323
0.5081
0.4669
0.4791
0.3654
0.2579
0.2728
0.2747
0.2842
0.2666
0.2483
0.3033
0.2892
0.2808
0.3242
1.611
1.082
2.02
1.376
0.4242
0.4578
0.5066
0.4906
0.6538
0.666
0.8148
0.6241
0.2022
0.01402
0.5424
8.655
10.22
4.504
0.07086
0.01554
0.5966
0.4547
0.3632
0.3365
0.4799
0.2758
0.4845
0.5325
0.4967
0.3693
0.2876
0.2766
0.259
0.2384
0.2701
0.264
0.3052
0.3262
0.3174
0.4189
1.941
1.755
1.488
1.227
0.4608
0.4639
0.4776
0.5585
0.65
0.7904
0.8789
0.3326
0.01183
0.01259
4.712
9.9
7.239
1.141
0.003242
0.0001907
0.0001907
0.0006676
0.002766
0.0
0.1133
0.0
0.0
0.0
0.0
0.0
0.0
0.0
0.0007629
0.03357
0.8759
0.3937
0.3872
0.4814
0.3418
0.4959
0.5608
0.5539
0.4028
0.3021
0.2888
0.2842
0.3506
0.296
0.3246
0.2888
0.2987
0.7202
1.561
1.398
2.307
0.9293
0.5127
0.6157
0.5997
0.975
1.079
0.9186
0.2861
0.009632
0.5287
10.53
8.777
2.53
0.1587
0.01297
0.1743
0.779
0.4662
0.5058
0.333
0.4196
0.5318
0.5531
0.4662
0.3494
0.2785
0.2861
0.3201
0.2605
0.2853
0.3128
0.2838
0.3002
1.334
1.859
1.73
1.755
0.5547
0.6355
0.5455
0.5699
0.8255
0.9018
0.9796
0.2975
0.008392
0.009823
3.888
8.85
7.996
3.461
0.003242
0.01211
0.7744
0.4417
0.3677
0.3712
0.4707
0.3113
0.4936
0.4913
0.5402
0.3422
0.2659
0.2605
0.2708
0.285
0.2678
0.2735
0.2758
0.3029
0.3433
1.366
1.761
1.39
1.608
0.4265
0.428
0.4898
0.502
0.5676
0.7713
0.8469
1.056
0.2804
0.0102
0.01068
4.065
10.07
8.716
0.9766
0.005722
0.0
0.0005722
0.0144
0.3998
0.7713
0.3563
0.3181
0.4486
0.3002
0.4341
0.5196
0.5463
0.3876
0.3639
0.2911
0.2735
0.3246
0.2911
0.2808
0.2895
0.3078
0.3319
0.515
1.981
1.733
2.005
0.4036
0.4646
0.5127
0.5302
0.6462
0.8713
0.8575
0.8331
0.172
0.008202
0.009251
9.583
7.996
6.958
0.05732
0.004387
0.0005722
0.0
0.0
0.01287
1.022
0.2995
0.4349
0.4402
0.2998
0.4257
0.5577
0.6821
0.5081
0.3807
0.3006
0.3231
0.3796
0.3201
0.3582
0.3151
0.2991
0.3639
1.761
1.285
2.634
0.7523
0.4326
0.499
0.515
0.6989
0.8286
0.8926
0.7156
0.0495
0.0145
5.359
10.42
6.824
0.1816
0.003719
0.0005722
0.0
0.002193
0.01411
0.7309
0.4662
0.3727
0.383
0.3456
0.2407
0.3693
