0.0
0.0
0.0
0.0
0.0
0.0
0.0
9.537e-05
0.0
0.0
0.0
9.537e-05
0.0
0.0
0.0
0.0
0.0
0.0
0.0
0.0
0.0
0.0006676
0.0
9.537e-05
0.0
0.0
0.0
9.537e-05
0.0
0.0
0.0
0.0
0.0
0.1482
1.428
2.164
2.087
1.865
1.694
2.271
5.463
1.923
3.644
2.075
0.6218
1.431
2.655
2.701
2.374
2.185
6.335
4.62
2.188
0.4509
0.4501
0.1915
0.1612
0.338
0.2678
0.2476
0.1896
0.06266
0.9583
1.387
1.593
1.77
1.831
1.822
3.687
3.217
3.073
3.131
0.9933
0.1968
0.1949
0.1934
0.3113
0.4135
0.705
1.103
1.204
1.344
0.9232
1.813
1.663
6.604
4.089
1.88
0.3284
2.271
2.423
2.512
2.713
6.616
4.443
2.731
0.1684
0.5142
0.4631
0.4242
0.1932
0.33
0.1223
1.877
2.008
2.054
2.103
4.004
5.945
3.049
0.5173
2.02
2.957
2.591
2.484
6.207
4.089
1.425
0.5013
0.779
0.2731
2.234
2.042
2.307
2.869
6.122
4.01
2.49
0.827
0.1484
0.156
0.386
0.47
0.194
0.3891
0.1074
1.981
2.216
2.267
2.383
5.865
3.888
2.274
0.5859
0.5516
0.4082
0.1593
0.3922
0.6363
0.4707
0.5402
0.5257
0.4974
0.5165
0.428
0.222
0.3273
0.1041
0.9811
1.46
1.736
2.087
1.77
1.55
5.75
2.197
3.363
1.503
1.024
0.4417
0.4311
0.563
0.3914
0.4242
0.4616
0.4494
0.399
0.4715
0.4272
0.3864
0.3387
9.537e-05
0.0
0.3128
0.0
9.537e-05
9.537e-05
0.0
0.0
0.0002861
0.0
0.0
0.01278
0.2571
0.03443
0.4829
0.3307
0.1602
0.4021
0.4105
0.0
9.537e-05
0.0
0.2377
0.309
0.296
0.2159
0.001144
9.537e-05
0.0
0.0
0.0
0.0
0.0
0.0
0.0
0.0
0.0
0.0
0.0
0.1862
0.4799
0.004959
0.3281
9.537e-05
0.2144
0.01984
9.537e-05
9.537e-05
0.0
0.0
0.0004768
0.0
0.0
0.0
0.0
0.0
0.0
0.0
0.0
0.0
0.0
0.2541
0.0
0.0002861
0.01287
0.4486
0.0
0.0
0.0
0.006199
0.7103
0.6714
0.0003815
9.537e-05
0.0
0.0
9.537e-05
0.0
0.0
0.0
0.0
9.537e-05
0.0
0.0
0.0
0.0
9.537e-05
0.0
0.0
0.0
0.0
0.0
0.0
0.0
0.1072
0.1095
0.7904
0.0
0.0001907
0.0
0.0
0.0
0.0
0.0
0.0
0.0
0.0
0.006676
0.5333
0.3647
0.2605
0.164
0.28
0.288
0.0
0.0
0.0
0.0
0.0
0.0
0.0
0.0
0.0
0.0
0.0
0.0
9.537e-05
0.0
9.537e-05
0.0
0.0
9.537e-05
0.0
0.0
0.0
0.0
9.537e-05
0.0
0.0
0.0
0.0
0.0001907
0.0
0.0
0.0
0.0
9.537e-05
0.0
9.537e-05
0.0
0.0
0.0
0.0
0.0
0.0
0.0
0.0003815
0.0
0.0
0.0
0.0
0.0
0.0
0.0
0.0
0.0
0.0
0.0
9.537e-05
0.0
9.537e-05
0.0
0.0
0.0
0.0
0.0
0.0
0.0
0.0
0.0
0.0
0.0
0.01421
0.1474
0.1648
0.08507
0.4829
0.07982
0.4387
0.0783
0.0926
0.7271
0.1822
0.3696
0.05569
1.402
1.685
2.011
2.072
1.794
2.56
2.243
0.7935
1.328
1.144
1.746
1.096
1.035
2.313
2.209
2.408
2.368
2.426
2.866
2.783
2.588
1.932
1.978
1.813
1.849
1.974
1.706
2.182
2.057
2.835
4.395
5.975
6.702
10.35
8.069
9.534
6.897
6.348
5.078
2.768
2.271
0.4303
1.871
1.718
1.971
1.913
1.785
1.816
2.066
1.999
2.06
1.562
1.596
1.471
1.509
1.541
1.558
1.476
1.422
1.332
1.433
1.39
1.544
1.425
3.049
3.894
6.372
6.702
8.984
7.751
7.593
8.252
7.52
4.773
4.413
1.303
1.018
2.09
2.17
2.325
1.981
2.142
2.28
2.109
2.252
2.216
2.243
2.228
2.206
1.935
1.761
1.746
2.155
2.164
2.158
4.834
7.434
12.19
11.24
9.692
7.8
6.0
5.286
3.107
0.9796
0.827
1.35
1.675
1.831
2.118
2.216
2.277
2.112
2.036
2.206
1.978
1.892
1.81
1.871
1.926
2.026
2.112
2.225
3.558
5.713
8.801
11.93
10.67
8.301
7.263
5.737
4.26
2.859
1.187
1.274
1.968
2.06
1.819
1.776
1.852
2.151
2.167
1.996
2.084
1.886
2.029
2.158
2.002
1.938
1.584
1.624
1.587
1.457
1.712
1.614
2.863
6.335
8.875
10.36
9.314
9.106
6.494
6.226
5.42
4.333
4.083
1.956
0.9064
1.442
1.694
1.721
1.819
1.81
1.883
1.965
1.883
1.788
1.614
1.807
1.935
1.791
1.782
1.633
1.421
1.587
1.877
1.898
2.029
2.161
4.773
7.117
9.961
9.167
8.447
8.276
7.153
5.231
4.932
3.912
1.418
0.206
1.273
1.614
1.37
1.337
1.428
1.506
1.483
1.59
1.433
1.414
1.465
1.297
1.703
1.517
1.448
1.44
1.578
1.883
1.865
1.642
1.669
1.764
1.779
1.682
2.979
4.761
7.446
8.313
9.937
9.131
8.203
6.714
5.304
3.699
2.716
1.253
1.358
1.617
1.286
1.131
1.164
1.715
1.352
1.042
1.158
1.036
0.9827
1.044
1.173
0.9857
0.9674
1.031
1.088
1.004
1.012
0.9216
0.9338
0.9354
0.9888
1.218
1.305
1.205
2.023
2.353
2.515
4.285
8.606
11.78
12.15
8.96
8.386
5.621
4.828
2.216
0.634
2.46
2.298
2.252
2.094
2.237
2.374
2.759
2.621
2.509
2.28
2.09
1.996
1.724
1.614
1.566
1.344
0.9872
1.004
0.8041
0.943
1.112
5.347
5.603
3.815
5.859
3.522
9.363
5.365
5.719
6.055
5.115
4.559
3.925
3.345
4.37
2.432
2.139
0.5058
1.996
0.7858
0.09031
1.279
0.2735
0.2686
0.07229
0.1135
0.1337
0.2178
0.2243
0.5409
1.263
0.9476
0.7111
1.253
2.554
2.328
2.829
2.786
2.884
2.42
2.472
2.161
2.118
1.862
1.642
1.654
1.819
1.773
1.974
2.332
2.31
2.045
6.232
9.192
10.12
8.582
7.764
5.975
6.506
4.59
4.596
3.217
2.252
0.4997
0.4173
0.8606
0.4173
1.155
0.1902
2.289
2.487
2.328
2.261
2.475
2.396
2.39
2.466
2.399
2.481
2.219
2.124
2.258
2.432
2.402
2.283
3.516
7.678
12.26
10.25
11.08
7.544
5.573
5.536
2.637
1.198
0.5943
0.2739
0.1499
0.2926
0.2663
0.1156
0.2541
0.2369
0.2911
0.1539
0.333
0.008106
9.537e-05
0.0
0.4242
0.3929
0.3754
0.2953
0.3059
0.1772
0.3235
0.3529
0.3796
0.4707
0.4517
0.6851
0.4845
0.1129
0.182
0.2621
0.4387
0.2857
0.2892
0.3212
0.102
0.1242
0.3387
0.01183
9.537e-05
0.0
0.0
0.0
0.0
0.0
0.0
0.0
0.0
0.0
0.0
0.0
0.0
0.0
0.5478
0.3201
0.5646
1.018
0.3487
0.3704
0.7812
0.2365
0.04082
0.07381
0.08335
