16.38
17.63
18.95
19.56
18.16
19.17
27.39
20.43
21.07
15.99
14.62
12.79
13.53
12.74
12.99
11.39
18.21
12.84
17.72
8.716
15.23
13.96
12.01
10.21
12.18
14.6
14.09
14.75
17.43
20.21
20.48
23.07
22.09
24.19
22.09
20.34
16.53
21.61
12.11
8.801
9.827
10.91
14.4
12.23
15.21
16.28
15.43
11.18
12.0
16.5
16.16
14.94
17.19
15.89
20.39
24.22
20.75
20.58
20.21
20.95
19.43
22.0
15.94
15.97
18.41
15.26
15.6
17.77
11.87
11.63
14.01
15.19
17.63
18.46
15.84
18.24
20.24
20.78
22.68
23.51
14.79
17.97
17.36
14.11
7.654
10.74
10.41
10.18
14.45
17.29
12.92
18.09
14.99
13.89
11.22
13.04
14.06
16.77
14.16
16.55
17.53
22.88
24.95
25.34
22.8
19.63
16.89
15.31
14.26
19.48
15.33
13.26
13.45
15.31
13.77
14.75
11.79
14.43
16.77
33.4
27.39
18.16
13.38
14.7
19.85
20.19
17.99
12.3
10.84
10.9
10.19
9.216
10.46
12.52
11.12
9.131
9.497
8.984
8.618
9.839
9.9
9.985
10.63
12.24
13.06
21.17
24.05
24.68
23.39
23.41
25.73
21.92
20.29
17.53
17.65
18.09
17.14
21.29
16.92
18.48
17.8
18.48
15.53
16.92
11.24
8.691
11.43
8.923
8.215
11.08
9.851
10.53
11.25
11.46
14.16
12.55
12.52
12.17
10.91
14.01
13.11
15.75
13.28
16.65
16.5
16.92
16.38
20.68
20.31
20.51
22.27
16.24
12.65
12.82
16.31
18.82
17.97
21.09
21.46
21.26
19.17
17.82
16.21
19.19
18.26
19.78
14.58
15.38
13.92
15.72
16.92
12.44
12.16
13.09
15.43
16.53
15.38
22.88
20.53
18.82
20.63
17.99
13.55
12.92
13.67
11.52
11.83
11.45
8.789
14.06
9.912
8.826
9.79
8.96
9.485
9.155
9.375
11.35
12.62
15.41
14.04
16.87
15.36
16.31
19.75
20.19
19.31
16.63
19.46
20.07
18.24
19.51
18.7
18.24
18.26
17.14
14.87
18.04
15.75
13.99
13.18
11.32
14.75
17.77
17.65
20.85
27.34
21.61
17.99
19.92
20.36
19.51
19.87
17.24
15.89
15.48
15.97
14.36
18.14
15.45
15.33
17.14
19.09
17.55
17.33
17.14
15.94
18.53
15.8
19.92
17.43
18.19
18.85
18.7
16.99
19.17
18.77
18.77
22.88
21.46
18.58
19.48
16.04
17.65
17.09
15.43
13.96
18.92
17.04
17.46
13.82
20.19
17.68
21.02
13.57
13.06
13.04
16.31
17.85
20.65
18.41
17.46
18.6
18.7
13.21
17.87
20.07
21.73
24.63
22.9
21.02
20.51
19.04
16.65
15.6
16.46
18.24
18.65
21.31
19.68
22.29
20.17
19.56
22.73
18.12
18.8
18.33
15.89
16.41
15.94
17.63
15.06
14.87
18.19
18.26
18.21
20.09
15.97
14.94
16.67
16.72
16.36
14.67
13.96
16.09
16.19
16.67
16.28
17.21
17.31
17.21
17.82
18.77
15.01
15.84
17.36
20.04
16.92
15.04
15.87
15.45
12.7
12.11
19.07
10.31
18.95
24.54
25.15
17.6
17.68
21.7
21.61
21.14
26.95
19.41
16.31
13.38
17.26
15.82
13.09
10.56
13.55
15.01
36.18
36.57
12.38
13.06
12.23
10.99
13.7
16.94
22.71
18.21
16.82
17.7
17.26
16.24
17.21
13.67
12.11
10.56
12.52
12.96
11.35
14.62
15.8
14.33
12.4
13.45
12.72
12.84
11.94
9.314
9.314
13.62
12.82
15.55
19.38
21.48
23.29
21.24
22.63
19.75
17.58
17.87
18.9
19.73
18.43
16.36
14.87
17.07
14.28
13.31
12.0
6.433
7.898
9.18
12.37
14.18
18.31
20.24
19.17
22.09
15.5
17.31
14.5
16.43
18.04
16.85
17.65
17.65
13.57
18.6
18.55
19.87
13.53
13.65
13.77
13.06
13.84
16.94
15.38
18.19
17.82
17.46
13.35
13.77
15.92
13.21
12.45
13.65
17.07
18.19
18.99
17.19
20.83
24.61
19.9
13.35
13.23
13.53
13.57
10.67
8.203
6.885
9.448
13.16
16.11
19.31
14.94
13.72
15.72
18.04
17.7
14.04
14.65
12.62
12.34
13.5
12.06
10.74
10.21
12.26
11.96
11.6
12.41
8.997
11.0
9.143
13.26
17.9
17.87
18.73
19.87
17.16
17.92
19.41
18.9
20.83
21.26
22.34
25.0
21.29
21.14
18.97
18.97
18.38
20.04
20.21
18.92
17.36
17.94
15.53
16.77
21.34
19.63
21.56
21.07
19.85
18.04
19.26
17.9
16.24
17.72
17.19
17.31
17.09
18.12
19.87
17.46
17.92
19.58
17.75
15.58
15.09
13.33
10.86
18.85
20.65
22.63
18.8
18.16
20.58
24.22
22.61
22.17
21.51
17.14
11.78
16.97
14.48
13.7
14.87
12.89
14.94
12.6
10.34
10.89
30.08
42.04
19.46
11.91
12.28
12.96
12.67
15.67
18.77
19.9
21.19
21.58
22.8
21.92
16.33
17.68
18.02
22.09
22.85
15.65
15.28
15.84
14.11
14.33
16.46
17.04
17.6
17.8
17.33
18.09
18.77
18.68
21.48
19.8
18.26
18.87
13.55
14.53
16.24
19.56
16.26
16.24
14.4
13.96
17.26
14.97
20.43
15.72
19.26
21.51
20.9
21.07
17.19
18.6
15.8
18.73
19.09
14.65
15.01
14.55
10.16
8.508
9.668
18.48
17.41
10.88
9.9
16.82
14.4
12.24
15.16
16.11
13.65
13.31
12.23
18.26
16.67
17.24
14.58
17.24
19.65
21.44
22.19
21.56
21.41
22.17
18.33
21.09
20.39
17.92
22.49
19.36
19.58
19.09
24.54
25.54
25.68
25.54
25.49
21.68
16.5
20.9
21.17
19.38
21.83
22.44
21.39
17.16
16.41
14.77
15.31
15.11
12.49
11.41
14.36
14.38
14.06
12.37
12.32
12.44
13.65
11.47
10.33
14.31
14.62
15.53
16.82
20.75
24.27
21.12
19.9
21.44
20.0
22.12
19.19
21.07
18.6
17.63
18.41
17.04
13.92
16.26
12.67
13.23
12.92
5.597
7.056
12.04
14.65
16.33
16.28
18.04
20.07
19.68
17.21
16.89
14.21
17.87
18.75
20.04
18.16
19.9
22.27
21.58
22.63
19.68
18.55
15.62
15.01
14.55
15.41
17.99
14.04
16.04
14.18
15.26
17.21
21.66
19.34
15.89
16.46
13.28
12.57
20.85
18.87
15.31
16.87
16.87
20.65
30.08
28.42
19.56
12.65
12.72
12.96
16.89
19.7
19.02
20.75
18.16
14.09
23.32
15.14
11.47
10.96
8.752
8.252
10.08
10.53
7.776
8.35
8.228
10.67
8.264
8.984
10.21
11.83
11.02
12.52
14.79
15.09
16.89
16.82
19.58
21.9
21.41
21.22
20.04
19.31
20.02
20.9
21.17
21.12
19.56
17.33
14.14
11.79
15.67
