20.09
29.98
32.28
30.03
22.92
4.114
30.66
28.96
27.83
17.02
4.773
34.52
29.98
24.71
13.62
21.31
28.32
32.37
14.82
28.27
30.13
25.44
18.38
8.984
28.76
28.81
28.76
17.63
7.324
27.25
27.64
32.42
29.83
11.39
34.42
29.25
13.53
11.33
13.67
15.11
18.75
18.31
0.0247
0.02375
0.02375
0.02213
0.02308
0.02213
0.02346
0.02279
0.02346
0.02308
0.02346
0.02279
0.02346
0.02308
0.02346
0.02251
0.02346
0.02308
0.02375
0.02346
0.02375
0.02308
0.02375
0.02279
0.02375
0.02308
0.02346
0.02279
0.02413
0.02441
0.02441
0.02308
0.02375
0.02251
0.02308
0.02251
0.02508
0.02441
0.0247
0.02441
0.02508
0.0247
0.02508
0.0247
0.02413
0.02251
0.02308
0.02279
0.02375
0.02279
0.02346
0.02279
0.02375
0.02308
0.02413
0.02308
0.02441
0.02375
0.02441
0.02375
0.02375
0.02308
0.02375
0.02279
0.02413
0.02375
0.02375
0.02308
0.02413
0.02279
0.02346
0.02308
0.02375
0.02279
0.02346
0.02279
0.02375
0.02251
0.02413
0.02308
0.02413
0.02308
0.02413
0.02308
0.02346
0.02251
0.02508
0.02441
0.02575
0.02375
0.02413
0.02308
0.0247
0.02346
0.02346
0.02375
0.02413
0.02308
0.02346
0.02279
0.02308
0.02279
0.02346
0.02308
0.02308
0.02308
0.02279
0.02184
0.02279
0.02213
0.02413
0.02346
0.02346
0.02308
0.02375
0.02375
0.02508
0.02413
0.02508
0.02413
0.02508
0.0247
0.02413
0.02279
0.02308
0.02375
0.02604
0.02375
0.02508
0.02346
0.02375
0.02375
0.02346
0.02537
1.575
23.66
19.41
28.08
25.59
16.02
23.19
13.45
11.43
11.21
15.36
8.423
4.956
19.02
24.54
12.21
10.79
9.619
0.0
15.06
21.22
13.89
23.49
28.61
29.3
11.45
26.56
13.53
32.52
29.64
23.66
12.96
17.72
16.82
8.228
20.48
8.447
0.7515
26.42
22.95
28.03
20.7
8.521
20.68
14.01
7.007
7.739
8.594
8.398
8.398
7.849
9.033
7.886
10.68
8.35
10.11
1.654
0.2148
23.17
23.34
23.27
8.643
3.186
16.04
22.49
27.78
26.12
8.838
24.61
12.33
15.38
13.72
14.18
17.19
15.04
15.92
16.48
12.92
14.31
14.26
14.45
13.45
14.77
16.28
16.43
15.38
9.631
4.047
22.68
23.02
20.61
3.217
23.68
20.58
6.311
28.96
21.88
3.174
8.191
9.485
7.373
8.667
6.372
15.41
19.65
13.99
11.84
13.67
8.862
15.6
20.9
14.7
14.01
17.82
17.46
15.94
6.897
13.6
3.79
7.812
2.518
2.707
8.057
8.521
1.416
16.09
15.04
4.651
33.45
28.27
27.44
7.983
17.21
22.44
32.96
26.17
24.41
8.154
2.533
18.6
19.9
25.49
21.31
25.34
26.9
24.85
14.28
24.12
30.76
29.69
12.43
21.12
27.49
15.77
15.97
21.75
10.73
27.25
28.86
28.52
27.54
16.94
1.395
4.974
10.91
18.82
27.64
33.59
26.27
17.53
5.023
8.337
9.326
8.325
9.351
8.557
9.814
8.411
9.314
8.496
8.875
8.142
25.73
20.87
23.97
17.14
3.381
10.38
20.31
20.85
15.67
28.81
18.68
12.38
24.66
31.01
27.44
20.29
12.6
20.85
12.44
22.31
25.59
17.5
27.88
22.66
9.68
9.106
27.05
24.56
10.11
19.8
21.63
25.29
16.36
23.07
22.09
26.22
27.88
21.97
6.543
3.516
28.52
30.27
27.39
14.01
23.83
20.58
15.31
16.21
24.49
33.94
28.08
22.0
11.8
3.186
20.31
22.41
25.24
9.021
8.289
8.313
9.424
8.398
9.436
8.826
8.606
8.435
9.546
8.386
8.618
27.44
17.21
26.27
19.24
4.199
11.5
23.27
13.92
25.44
25.78
25.68
16.99
10.11
6.0
11.36
11.46
19.8
10.99
19.12
20.95
24.88
20.04
23.44
24.85
25.05
29.98
32.37
15.23
14.67
6.482
13.21
29.39
18.75
33.01
15.41
12.92
14.79
13.87
19.46
19.92
25.1
26.76
26.37
17.8
14.09
21.83
20.46
22.31
17.16
19.97
8.362
8.362
9.534
8.411
8.191
9.705
8.374
9.79
8.289
9.387
9.241
12.57
24.46
19.8
27.64
13.35
3.326
14.06
24.46
24.44
17.63
14.38
18.04
15.55
19.07
28.81
29.25
28.86
18.21
5.762
12.41
11.54
24.76
13.72
13.77
25.39
28.96
28.76
29.35
20.41
4.797
23.68
27.93
27.0
24.39
7.324
21.31
14.01
31.15
32.57
25.1
14.14
14.58
28.12
31.4
19.97
6.47
8.35
8.301
10.11
8.459
8.142
9.949
8.398
9.583
8.398
9.363
8.24
10.61
24.46
21.88
28.03
9.521
2.399
18.19
24.56
23.75
12.22
23.93
12.37
27.25
18.8
27.83
22.29
4.352
21.02
29.05
25.63
24.63
22.68
12.46
6.738
25.0
12.45
27.15
16.26
26.12
24.76
15.72
20.97
19.38
11.84
11.95
15.31
12.15
17.85
24.29
24.19
34.81
29.79
24.19
9.387
6.824
14.7
21.8
20.78
15.7
12.84
11.96
12.55
18.02
20.41
7.349
26.17
29.69
29.39
25.24
19.58
5.737
0.2167
13.82
28.66
33.3
20.97
7.422
8.228
9.973
9.583
8.24
9.424
9.473
10.12
9.729
8.313
9.094
5.634
25.05
20.95
23.88
15.33
5.566
20.95
27.1
26.95
24.17
6.531
22.46
12.46
25.68
10.49
12.6
13.4
12.18
15.72
22.24
31.01
27.64
23.36
7.751
20.97
13.82
24.63
11.41
31.54
32.28
28.66
12.55
31.84
33.79
20.78
16.55
17.36
12.94
24.98
25.49
20.43
25.54
25.54
27.64
15.72
18.99
16.41
12.62
25.83
27.73
19.36
23.71
21.88
6.061
22.19
13.06
21.12
31.15
31.74
34.57
11.68
27.05
20.19
26.42
31.1
32.52
23.9
12.84
24.58
22.41
13.6
26.37
23.8
31.98
14.14
27.15
31.3
30.03
16.19
21.68
8.911
30.32
28.08
25.2
15.11
4.846
31.49
30.03
28.12
10.1
27.44
21.04
15.01
17.68
17.58
20.8
14.72
19.24
15.43
11.71
23.85
16.48
29.44
12.29
22.66
12.23
28.56
28.91
29.64
14.62
6.799
24.93
12.11
27.64
13.04
16.26
17.75
10.97
27.59
6.531
25.2
21.66
20.92
19.21
23.12
27.59
8.228
0.9171
3.018
16.94
17.77
13.35
26.76
7.751
23.83
11.44
24.76
25.83
16.77
17.07
24.41
12.52
13.04
18.24
23.68
29.69
28.27
27.0
11.1
15.14
32.32
27.05
24.27
6.848
21.24
30.57
12.46
34.38
29.05
25.54
12.84
16.82
18.14
14.48
26.27
25.39
13.99
23.51
18.12
19.26
13.06
23.05
26.07
15.8
29.25
10.56
10.18
8.521
0.0
22.88
30.32
10.86
25.88
29.0
29.3
20.41
4.34
26.51
9.619
26.46
25.54
19.17
17.55
24.83
18.68
2.777
26.76
9.204
7.922
12.99
16.65
0.943
29.59
33.4
31.05
10.79
25.05
21.46
12.82
22.73
12.01
21.85
13.09
20.7
