0.4211
0.5051
0.2266
0.07277
0.3403
0.3124
0.4692
0.1862
0.1808
0.3006
0.4417
0.1953
0.2682
0.2586
0.0
0.0
0.0
0.0
0.0
0.0
0.0
0.0002861
0.0
0.0
0.3681
0.2331
0.0
0.0001907
0.367
0.3353
0.3036
0.04234
0.2804
0.7217
3.754
4.26
4.474
5.023
6.104
2.765
0.2945
4.034
4.053
4.321
7.178
4.053
0.9613
1.614
4.407
4.156
4.01
6.885
3.296
1.218
0.1799
0.1289
2.899
3.894
4.01
4.138
6.531
3.241
0.2121
3.455
4.395
4.584
5.756
4.858
2.039
0.7179
0.3563
0.3326
0.3922
0.4677
0.1228
0.2106
1.332
3.668
3.992
4.095
6.628
2.179
0.8316
0.1369
0.2327
0.1282
1.596
4.065
4.059
4.187
5.878
2.188
0.4623
0.5135
0.2285
0.412
2.835
3.998
3.979
4.077
3.54
3.308
3.314
3.571
3.949
3.992
3.894
4.01
3.949
4.15
4.218
5.554
8.728
7.764
10.12
7.397
5.603
4.773
1.192
0.3777
0.4784
0.1577
1.094
1.63
2.017
2.075
2.057
1.782
1.935
4.065
2.231
1.746
1.917
0.12
0.7248
2.225
2.451
2.228
2.356
2.344
5.591
2.24
2.975
0.1852
0.7065
0.4303
0.2811
0.2312
0.5043
0.1904
0.7256
0.7599
0.3075
0.2033
0.2247
0.4585
0.4814
0.1421
0.1711
0.3155
0.2449
0.7416
1.935
1.537
1.95
1.447
1.495
1.376
1.562
1.77
4.718
1.709
2.188
1.407
0.5531
0.444
0.5127
0.1965
0.8209
0.3517
0.3838
0.1076
0.0
0.0009537
0.0
0.0
0.0
0.01116
0.3326
0.2567
0.3262
0.3502
0.3551
0.3731
0.09441
0.1612
0.1419
0.3632
0.4646
0.3826
0.4456
0.1616
0.1245
0.1865
0.3719
0.4311
0.0004768
0.0
0.0
0.0
0.0
0.008392
0.4143
0.2586
0.3384
0.4135
0.2335
0.2274
0.5821
0.1371
0.1991
0.312
0.2769
0.7019
0.201
0.2106
0.362
0.238
0.2411
0.2029
0.0003815
0.0002861
0.0
0.0
9.537e-05
0.01411
0.272
0.2132
0.2285
0.2548
0.2567
0.4173
0.2785
0.1917
0.1886
0.4196
0.2449
0.2514
0.3937
0.2144
0.8072
0.7195
0.1848
0.9613
9.537e-05
0.0001907
0.0
9.537e-05
0.0
0.01154
0.2956
0.2953
0.2693
0.2007
0.4303
0.1556
0.2968
0.3929
0.1724
0.1534
0.415
0.2697
0.3693
0.1621
0.1671
0.4639
0.2441
0.2022
0.0003815
0.0
0.0
0.0009537
0.0
0.01087
0.3666
0.2697
0.8301
0.01822
0.6462
0.5264
0.2193
0.1713
0.4471
0.1883
0.4555
0.1259
0.1602
0.4478
0.2758
0.605
0.2724
0.3025
0.1625
0.1461
0.3826
0.07219
0.0
0.007248
0.2811
0.001812
0.1677
0.692
0.2693
0.4364
0.1162
0.1446
0.4395
0.5333
0.1268
0.1657
0.4654
0.2266
0.1436
0.4364
0.5341
0.1608
0.164
0.5035
0.001717
9.537e-05
0.0
9.537e-05
0.01249
0.1675
0.4837
0.5638
0.1823
0.4532
0.1513
0.1856
0.1921
0.4303
0.2476
0.1814
0.425
0.2769
0.3239
0.1919
0.333
0.2312
0.0001907
0.001335
0.0
0.0
0.0007629
9.537e-05
0.5173
0.824
0.441
0.1654
0.1806
0.5005
0.172
0.6027
0.149
0.177
0.47
0.5127
0.1612
0.132
0.4097
0.1925
0.6592
0.1339
0.1522
0.4105
0.2037
1.323
1.996
1.7
1.752
1.477
1.237
1.447
1.315
1.286
1.291
1.486
1.447
1.212
1.271
1.691
1.636
1.456
1.645
1.682
1.581
1.395
1.331
1.334
1.46
1.636
1.367
1.453
1.353
1.36
1.259
1.389
1.645
1.453
1.509
7.837
4.333
6.097
4.633
8.167
6.836
4.938
5.78
4.712
4.199
1.92
0.8774
1.624
1.947
2.054
2.136
1.764
2.118
1.785
1.486
1.712
1.566
1.66
1.608
1.685
1.494
1.578
1.465
1.303
1.376
1.553
1.329
1.343
1.286
1.498
1.376
1.503
1.904
1.797
1.749
1.834
2.158
6.262
5.322
3.351
7.263
6.787
6.36
5.145
5.408
4.095
4.163
1.971
0.2628
1.865
1.624
1.91
1.758
1.907
1.968
1.825
1.773
1.558
1.648
1.599
1.764
1.904
1.752
1.782
1.764
1.807
1.898
1.874
1.886
1.962
1.801
1.718
1.727
1.837
1.593
1.926
3.369
7.361
2.228
3.894
5.084
3.418
6.555
4.486
4.535
3.741
4.803
3.638
3.815
2.96
2.744
0.8026
1.36
0.6744
1.477
1.53
1.877
1.53
1.73
1.334
1.395
1.648
1.392
1.341
1.346
1.279
1.224
1.212
1.161
1.253
1.326
1.552
1.311
1.508
1.776
1.474
1.645
1.424
1.404
1.608
1.505
2.13
2.28
2.179
2.203
4.962
5.634
3.51
4.669
5.408
6.299
6.14
4.736
6.458
4.132
3.546
4.083
2.429
1.515
0.4585
1.225
1.286
1.385
1.299
3.326
3.479
1.825
0.7622
1.012
1.468
1.627
1.834
4.395
2.338
1.425
0.4112
0.9445
1.428
1.408
3.308
2.771
1.324
0.5646
0.6996
1.257
1.521
3.006
2.246
1.039
0.5104
0.6409
0.8347
1.131
0.9903
2.899
2.328
1.721
0.7507
0.4036
0.2678
0.1234
0.161
0.4036
0.3235
0.8362
1.149
1.299
3.085
1.43
0.9659
0.3098
0.2182
0.1417
0.3292
0.168
1.141
1.323
1.486
1.364
1.163
1.442
1.529
1.283
1.433
1.424
1.743
1.462
1.367
1.88
1.685
1.736
1.718
1.828
1.709
1.834
1.923
1.767
1.703
1.898
1.476
1.299
1.414
1.288
1.28
1.828
1.323
1.352
3.229
7.043
2.536
5.096
3.949
3.754
7.043
5.566
3.943
3.937
5.06
3.662
3.583
3.735
2.591
1.611
0.3334
1.476
1.527
1.654
1.491
1.498
1.666
1.501
1.801
1.657
1.514
1.549
1.328
1.706
1.447
1.53
1.569
1.614
1.95
1.77
1.651
1.88
2.161
2.411
2.188
2.402
2.579
2.417
4.37
6.396
2.872
5.725
5.365
9.058
5.865
6.36
4.749
4.639
4.285
1.581
0.7919
1.466
0.2789
0.2586
0.1827
0.1545
0.441
0.1165
1.41
1.877
1.904
1.709
1.996
2.133
2.42
2.356
2.228
2.524
2.31
2.374
2.368
2.139
2.231
2.271
2.405
2.274
2.094
2.115
2.255
2.185
2.454
7.983
3.778
5.817
5.286
8.984
5.292
6.171
4.883
4.297
3.931
1.77
1.135
1.266
0.4601
0.172
0.1835
0.1287
0.4593
0.4959
0.5379
0.8896
0.8774
0.4105
0.8194
0.396
0.1156
0.1257
0.1884
0.3689
0.6004
0.1661
1.617
1.831
1.819
1.779
2.155
2.234
2.194
2.289
2.057
2.249
2.283
2.216
2.304
2.179
1.974
2.167
2.011
2.173
2.115
2.222
2.429
2.295
2.136
2.28
8.24
3.387
5.75
5.023
6.86
7.397
6.592
4.492
4.138
4.23
1.239
1.291
0.1675
0.1879
0.4776
0.5135
0.1081
0.1747
0.3742
0.2342
0.499
0.0001907
0.0007629
0.0
0.0
0.0
0.0
0.0
0.0
0.0
0.0
0.0
0.0
0.0002861
0.0
0.0
0.0
0.0
0.0
0.0
0.222
1.074
0.8987
0.6889
0.8377
0.8743
0.647
1.033
1.158
0.3059
0.1257
