19.12
18.21
14.87
15.48
14.97
17.43
16.75
14.09
19.7
14.82
15.01
7.458
14.45
14.55
23.9
24.73
24.9
6.58
0.7004
12.06
12.57
15.99
15.14
24.1
26.46
24.49
23.0
27.98
22.83
16.02
17.14
22.39
26.66
24.12
13.99
19.85
26.27
27.49
11.94
23.93
26.46
28.08
28.66
29.79
30.91
25.44
31.88
27.88
15.26
10.9
31.45
31.15
31.45
30.57
31.05
27.39
31.01
23.49
9.851
16.04
15.23
14.48
3.302
27.88
31.2
31.49
31.01
30.32
23.14
30.96
27.1
13.57
12.74
18.73
23.54
27.25
25.98
12.77
14.82
12.49
30.42
31.01
26.51
25.83
27.05
23.29
23.44
25.54
23.14
8.789
28.12
29.74
30.37
28.22
29.54
25.39
29.05
21.63
15.94
15.77
18.24
17.72
25.83
26.46
20.04
16.7
22.17
24.05
24.78
14.58
18.85
31.2
32.03
31.54
27.49
26.9
31.84
27.25
16.89
21.41
24.56
24.41
19.53
9.338
17.48
17.48
17.43
18.46
14.23
15.7
16.19
17.24
17.75
15.26
8.752
25.63
28.47
28.76
29.25
29.69
25.73
28.08
28.03
18.24
15.92
18.97
18.31
22.46
25.29
26.56
19.63
22.78
22.14
23.85
15.55
19.6
19.9
20.87
18.38
4.144
0.5104
6.921
22.0
20.56
20.31
21.29
20.53
21.48
20.95
18.97
20.61
21.31
12.46
10.49
14.16
15.26
16.58
15.8
18.19
13.09
15.28
5.933
0.1616
0.06771
0.02604
0.03128
0.02079
0.03128
0.02604
13.84
20.39
24.71
25.54
14.7
9.814
12.43
15.94
3.088
18.26
14.97
16.58
16.82
12.99
17.8
14.45
14.26
0.2499
0.1249
0.02604
0.03128
0.02604
0.02604
0.6248
10.94
14.92
16.53
18.07
15.53
19.21
21.17
21.8
19.97
18.26
21.34
22.39
20.43
14.43
15.36
20.75
22.75
23.97
9.814
0.8118
0.2605
0.02604
0.02604
9.143
14.75
15.55
15.33
15.09
20.78
21.92
21.58
17.63
16.82
19.7
22.05
23.27
14.58
18.97
14.21
14.23
18.19
0.2239
0.1198
0.02604
0.03128
0.03128
0.03128
4.028
12.89
14.94
20.0
25.15
25.83
15.77
11.11
13.92
13.87
12.92
12.87
14.87
14.75
13.33
19.12
17.58
4.053
0.1719
0.05207
0.02604
0.02604
0.02604
0.03128
1.057
18.31
12.28
19.21
18.58
23.73
23.71
24.51
19.97
23.24
23.05
16.38
17.94
23.19
23.9
25.63
17.9
23.29
24.12
17.07
0.8698
0.4326
0.03128
0.02604
0.03128
4.803
15.01
15.26
22.05
24.15
25.24
16.33
13.13
13.13
13.43
25.39
27.05
21.22
13.43
13.28
18.36
3.217
0.1719
0.05207
0.02604
0.03128
0.02604
0.02604
0.02604
0.02604
12.26
16.41
12.07
19.04
14.82
25.0
26.42
20.41
17.21
11.88
14.6
17.31
18.26
17.99
12.29
8.374
0.4059
0.09375
0.02079
0.03128
0.02604
0.02604
0.02604
10.96
16.58
22.75
25.98
26.9
21.41
22.39
23.27
23.9
14.36
12.27
11.33
14.58
12.02
11.18
15.11
13.6
13.65
8.459
26.66
26.51
26.95
28.71
28.08
28.56
30.62
30.27
32.47
31.49
29.49
22.34
21.9
22.02
21.31
21.14
21.73
23.58
24.51
24.1
24.02
21.0
21.41
30.81
19.65
28.56
27.54
27.0
27.25
27.59
24.34
22.31
24.39
25.93
13.13
16.31
26.71
25.05
24.22
24.12
23.75
23.32
22.36
21.97
23.32
23.07
22.75
23.05
22.34
20.39
19.09
18.02
19.04
19.95
20.85
19.9
19.21
19.6
19.17
19.51
19.09
19.65
20.07
20.29
17.09
14.16
16.19
17.9
20.12
20.78
21.24
22.24
21.04
19.21
18.04
15.77
15.26
15.38
15.36
6.47
13.28
20.36
20.02
20.43
20.95
20.97
20.9
19.6
19.48
19.8
18.9
17.75
17.04
17.29
17.55
17.75
17.58
19.21
18.31
15.75
16.58
18.33
17.82
15.89
15.77
15.41
15.89
17.53
18.77
17.82
18.02
17.16
16.24
15.26
16.26
15.14
16.28
15.89
15.75
16.09
16.24
15.36
15.45
15.16
16.04
16.85
15.21
15.26
15.36
14.99
15.53
16.19
7.495
3.247
20.17
20.87
20.31
19.63
19.46
18.92
19.07
19.12
18.12
17.82
17.48
16.63
16.19
16.33
17.55
17.07
16.97
17.38
17.87
18.65
18.29
18.41
18.29
17.94
16.94
16.09
17.55
19.58
19.92
17.87
16.72
15.23
14.94
15.84
16.41
16.11
13.65
17.85
21.39
22.68
22.14
21.17
20.07
18.33
16.72
15.28
17.43
18.53
15.82
15.8
9.546
9.387
21.14
22.34
22.8
21.34
19.21
20.02
19.65
20.31
5.597
22.05
20.7
20.0
19.6
21.12
18.16
20.09
20.97
17.82
18.24
29.98
29.35
25.98
29.88
17.29
24.32
27.54
23.17
28.71
18.33
22.68
29.88
27.29
26.12
24.71
16.16
27.39
29.54
26.86
30.57
16.09
23.78
29.64
30.27
25.44
30.18
21.12
26.51
27.83
14.14
21.04
31.59
28.32
27.98
29.44
30.76
32.08
31.35
31.74
31.45
31.54
31.64
31.88
31.74
30.81
31.25
32.42
31.98
32.03
32.18
23.14
27.34
31.1
30.03
29.05
30.08
25.2
25.59
25.73
23.8
3.375
28.27
32.18
31.15
29.69
30.22
31.49
31.4
31.74
31.84
32.23
32.28
32.03
31.45
32.32
30.81
31.15
31.84
31.84
31.54
24.32
14.58
32.91
33.2
32.47
29.54
23.39
19.9
18.6
19.09
23.61
6.714
0.1406
8.447
19.26
16.48
15.36
14.97
15.41
15.94
16.77
16.82
16.94
24.12
31.15
31.2
31.01
31.05
30.42
29.05
28.61
29.15
29.15
29.98
29.69
26.76
27.1
27.78
30.86
19.41
22.85
27.98
27.25
27.2
28.03
30.08
25.29
25.63
24.98
19.04
19.75
18.46
19.97
17.43
24.0
26.51
27.05
21.66
18.75
21.02
20.24
20.41
19.6
24.56
25.29
25.59
19.43
18.58
21.85
17.38
9.338
29.79
30.76
29.59
30.66
27.34
23.75
22.0
29.59
30.76
31.35
29.79
27.05
26.42
28.22
29.93
30.37
30.32
27.25
27.05
29.25
29.93
26.56
22.83
28.12
26.37
22.61
22.05
26.03
24.17
21.66
23.29
24.66
15.11
13.55
17.58
17.46
15.8
21.34
18.97
19.7
22.73
13.31
17.46
17.87
14.4
20.34
24.95
24.49
23.46
15.14
16.63
0.8179
0.1562
0.04168
0.02604
6.219
11.72
17.31
15.89
18.21
16.16
17.26
14.77
16.46
19.09
24.88
26.66
16.38
18.29
13.7
16.72
16.04
17.5
9.998
0.2083
0.08335
0.02604
0.03128
0.02604
0.02604
0.02079
0.03128
0.02604
0.02604
0.02604
0.03128
0.02604
0.03128
0.02604
0.03128
0.02604
0.02604
0.03128
0.02604
18.99
19.78
19.97
19.95
19.78
13.99
16.7
23.49
21.88
23.17
