0.04129
0.04549
0.03796
0.03328
0.03443
0.04492
0.05198
0.0514
0.05093
0.03271
0.03357
0.035
0.0267
0.02909
0.03424
0.03376
0.02851
0.03119
0.04377
0.05989
0.05016
0.0495
0.03996
0.04482
0.0495
0.04721
0.04997
0.04473
0.04148
0.0473
0.0432
0.03958
0.0391
0.03967
0.03748
0.03843
0.03805
0.03395
0.03405
0.03595
0.06065
0.05226
0.04406
0.03424
0.05131
0.0493
0.0577
0.04377
0.04292
0.03853
0.03309
0.03519
0.03996
0.03548
0.03748
0.02909
0.03033
0.03767
0.03643
0.03557
0.0349
0.03252
0.03195
0.02842
0.02604
0.02642
0.03061
0.03986
0.03023
0.03204
0.03633
0.04034
0.03004
0.02747
0.03815
0.04234
0.03777
0.03366
0.03023
0.02995
0.02813
0.02775
0.03271
0.05503
0.02851
0.02909
0.03643
0.04034
0.03271
0.04988
0.05178
0.02947
0.03853
0.01802
0.01898
0.02184
0.01831
0.02203
0.0205
0.01974
0.02384
0.07191
0.05074
0.02527
0.03271
0.04196
0.03405
0.02298
0.02594
0.02728
0.03176
0.02823
0.02451
0.0186
0.02546
0.02012
0.01698
0.0247
0.03099
0.06018
0.03519
0.03757
0.0329
0.04892
0.03738
0.03901
0.02003
0.05798
0.02337
0.02308
0.06323
0.04025
0.03462
0.03443
0.02251
0.04416
0.03176
0.02012
0.0267
0.04034
0.04349
0.03271
0.03672
0.0371
0.03138
0.02575
0.02365
0.02165
0.0186
0.02947
0.01955
0.01974
0.02279
0.04711
0.03099
0.03386
0.02871
0.03119
0.02527
0.02737
0.02689
0.02499
0.06065
0.03862
0.033
0.04492
0.0247
0.02508
0.02451
0.0246
0.02661
0.03996
0.06151
0.04578
0.03614
0.03109
0.02565
0.02728
0.02289
0.03405
0.05426
0.0288
0.02813
0.04997
0.0536
0.03786
0.02651
0.04177
0.0536
0.05064
0.06819
0.04835
0.05102
0.0514
0.06514
0.07277
0.07505
0.0721
0.05932
0.07353
0.0515
0.05093
0.03538
0.03853
0.06533
0.06323
0.05922
0.04711
0.05932
0.06056
0.04368
0.03996
0.09623
0.0762
0.06323
0.03977
0.07095
0.07648
0.05465
0.05789
0.04597
0.05217
0.03366
0.05207
0.05512
0.04778
0.04568
0.05827
0.1234
0.07172
0.07124
0.05064
0.0536
0.05465
0.0865
0.05493
0.07029
0.06371
0.07563
0.04654
0.04129
0.03891
0.03223
0.03262
0.05407
0.06714
0.03452
0.03223
0.04663
0.06104
0.03366
0.03891
0.03614
0.0392
0.05436
0.04997
0.03357
0.03119
0.02747
0.0432
0.03042
0.06437
0.05684
0.05198
0.04988
0.04997
0.04148
0.04015
0.04845
0.03433
0.03271
0.03462
0.0411
0.03471
0.04311
0.04072
0.03138
0.04091
0.0246
0.03767
0.04511
0.04339
0.03147
0.03128
0.03433
0.04225
0.03004
0.04053
0.04616
0.04482
0.04807
0.03223
0.03157
0.03519
0.03824
0.03605
0.03815
0.04225
0.03557
0.0432
0.03366
0.02747
0.04768
0.05398
0.05407
0.04797
0.03614
0.02604
0.03366
0.03052
0.02813
0.03176
0.03424
0.04835
0.04177
0.05064
0.04091
0.04835
0.04139
0.04005
0.04063
0.05922
0.05789
0.04091
0.02623
0.05703
0.04063
0.0288
0.03319
0.04282
0.02794
0.04368
0.03881
0.03443
0.04311
0.05083
0.05121
0.04683
0.02308
0.02613
0.03185
0.04158
0.05074
0.06294
0.04911
0.05541
0.03643
0.033
0.02985
0.02995
0.04473
0.03481
0.05655
0.05054
0.04234
0.02794
0.0473
0.05798
0.0536
0.04654
0.03853
0.02947
0.03843
0.02489
0.05264
0.04482
0.03157
0.02861
0.0309
0.03557
0.02136
0.01984
0.03128
0.0309
0.01831
0.02108
0.0164
0.04673
0.03614
0.03452
0.02327
0.02489
0.0247
0.0205
0.0205
0.01945
0.02365
0.02127
0.0227
0.02594
0.0267
0.02985
0.01698
0.02213
0.01602
0.02375
0.02098
0.03605
0.02604
0.01841
0.0205
0.02413
0.02985
0.01669
0.03557
0.05569
0.04559
0.01707
0.03214
0.03405
0.02642
0.02956
0.02289
0.02613
0.02756
0.04044
0.03309
0.03395
0.0288
0.02613
0.02565
0.0618
0.04196
0.03891
0.02232
0.09117
0.08688
0.07687
0.0351
0.03529
0.04187
0.03328
0.03328
0.02842
0.02947
0.0206
0.02565
0.03023
0.02661
0.0267
0.03729
0.02594
0.02871
0.02909
0.02832
0.03252
0.03119
0.03042
0.02241
0.02871
0.0349
0.02871
0.03004
0.05989
0.1553
0.03843
0.02604
0.02489
0.03672
0.03433
0.02937
0.0411
0.04625
0.037
0.0371
0.03052
0.03195
0.03672
0.03834
0.03586
0.03252
0.03872
0.03281
0.03386
0.04196
0.0351
0.03557
0.03777
0.04816
0.04864
0.03462
0.04177
0.06027
0.06237
0.04663
0.04015
0.05732
0.03958
0.04683
0.05178
0.05331
0.06008
0.0536
0.05045
0.0474
0.0412
0.05302
0.04635
0.05693
0.04168
0.05617
0.03386
0.02747
0.03672
0.04301
0.0597
0.05913
0.03786
0.05484
0.05274
0.04902
0.04673
0.04759
0.05169
0.03719
0.05846
0.03653
0.03624
0.03576
0.04969
0.0288
0.02632
0.04034
0.03262
0.03548
0.03099
0.03405
0.05703
0.03204
0.03748
0.04463
0.04845
0.04692
0.04148
0.03319
0.02947
0.02899
0.03023
0.0349
0.04482
0.03452
0.03462
0.03147
0.02747
0.05646
0.04148
0.05436
0.04263
0.04101
0.03853
0.0391
0.03939
0.03061
0.05131
0.04807
0.04883
0.05207
0.05236
0.06866
0.0433
0.06227
0.0351
0.04797
0.06361
0.04721
0.04101
0.04854
0.05236
0.05503
0.06542
0.05255
0.05121
0.07067
0.05102
0.04635
0.07162
0.05283
0.04797
0.03347
0.03309
0.03119
0.03853
0.02718
0.04139
0.03128
0.03948
0.02708
0.06523
0.03624
0.03891
0.03223
0.04082
0.03099
0.02584
0.03042
0.03281
0.03386
0.03233
0.03586
0.04377
0.03204
0.03548
0.03796
0.035
0.03309
0.03233
0.03395
0.03262
0.03586
0.03319
0.03357
0.03586
0.0351
0.02441
0.02985
0.02651
0.02003
0.02184
0.02213
0.02403
0.02451
0.02737
0.02794
0.02823
0.02699
0.0289
0.03214
0.03119
0.1059
0.06657
0.04025
0.02518
0.01793
0.01869
0.01879
0.02966
0.02708
0.02861
0.02737
0.02747
0.03033
0.03309
0.037
0.03195
0.01926
0.04816
0.02375
0.05569
0.02346
0.03433
0.0247
0.03128
0.0227
0.03462
0.03805
0.04969
0.02756
0.01926
0.03004
0.03738
0.03719
0.03128
0.02632
0.01478
0.02785
0.0411
0.03529
0.03386
0.03462
0.04253
0.03023
0.02947
0.03777
0.03147
0.03538
0.03538
0.03901
0.03376
0.02623
0.0351
0.03014
0.02518
0.03738
0.03376
0.04416
0.02661
0.02918
0.02871
0.04034
0.04015
0.03529
0.03386
0.03138
0.04253
0.02794
0.03548
0.04377
0.035
0.03119
0.03176
0.0351
0.03538
0.0288
0.02766
0.02136
0.03109
0.03548
0.04053
0.04101
0.05522
0.04168
0.04301
0.03748
0.03242
0.03281
0.03166
0.03567
0.03605
0.03681
0.04168
0.03586
0.03729
0.03519
0.04978
0.05121
0.04473
0.03881
0.04835
0.05207
0.04749
0.05159
0.04368
0.06742
0.04797
0.05713
0.04196
0.0391
0.04635
0.05255
0.04692
0.04606
0.04549
0.04721
0.03967
0.04663
0.04292
0.04272
0.04892
0.04997
0.0535
0.05131
0.04663
0.0514
0.04587
0.04749
0.03471
0.0412
0.04129
0.04139
0.04625
0.04148
0.04654
0.03948
0.04969
0.04778
0.04187
0.05007
0.04292
0.03843
0.04253
0.03767
0.07448
0.0577
0.04501
0.04721
0.05188
0.05856
0.04635
0.03109
0.04597
0.03891
0.03786
0.05045
0.03948
0.03824
0.0411
0.03929
0.0515
0.04969
0.04921
0.0535
0.05112
0.05217
0.04711
0.05693
