14.97
19.51
20.65
20.46
21.75
18.33
21.68
21.19
21.34
18.63
16.11
15.43
9.534
13.04
11.78
9.705
10.12
14.33
14.84
14.28
12.39
16.65
13.57
11.19
12.17
15.5
14.79
15.87
17.24
19.82
22.12
26.03
25.88
24.22
23.71
21.73
18.26
18.09
13.7
9.521
10.75
12.33
15.36
11.83
14.28
15.38
15.43
14.09
15.01
16.97
19.73
21.24
19.43
15.16
17.97
16.67
18.02
18.85
16.82
16.43
18.87
19.73
15.84
16.89
16.21
15.77
16.41
13.18
11.76
10.68
14.31
18.19
20.02
21.22
17.87
19.82
20.24
20.31
21.7
20.65
14.79
16.41
14.48
10.67
10.52
10.39
8.508
12.57
14.92
15.14
12.72
11.44
13.06
10.99
11.05
15.41
12.13
15.04
15.14
17.38
18.97
18.55
20.39
23.1
23.66
21.83
18.09
16.72
15.06
21.46
16.75
15.84
13.4
12.72
12.96
17.41
17.75
23.88
22.09
18.02
11.36
18.16
14.92
25.1
24.71
19.85
16.92
13.38
11.68
10.46
9.753
10.25
10.22
14.06
9.9
10.16
11.54
8.496
8.618
11.74
8.582
8.887
10.13
10.28
12.17
20.7
24.05
24.0
24.34
23.02
23.07
21.48
22.19
20.09
21.17
19.21
20.14
22.78
21.46
18.51
19.02
19.78
17.07
15.75
9.534
11.32
10.89
10.39
8.167
11.84
11.83
11.54
12.94
12.26
13.35
11.08
10.4
11.4
10.83
13.21
12.72
15.99
12.6
16.21
17.9
15.38
17.16
18.16
15.72
20.63
18.82
20.26
12.89
15.55
14.26
17.38
17.92
21.61
24.19
19.75
15.21
17.02
15.94
19.14
16.65
20.21
19.31
15.75
16.38
18.07
17.07
12.4
13.21
13.48
14.38
14.01
13.96
20.17
23.73
22.78
19.38
16.41
10.79
11.95
11.23
10.4
10.41
12.99
8.179
12.74
9.29
8.862
8.301
7.629
8.374
8.911
9.412
10.22
11.46
13.11
13.18
16.41
14.87
16.7
18.92
21.19
20.75
17.36
21.46
22.39
21.36
19.68
21.26
21.22
18.75
16.53
16.8
18.48
19.46
14.14
11.99
11.74
13.57
18.16
16.82
20.95
22.61
20.83
18.87
19.85
21.75
20.97
19.29
19.6
16.16
17.09
16.24
15.23
17.65
15.09
14.99
16.67
17.6
17.9
16.87
14.5
16.16
17.36
16.46
21.56
19.63
20.24
19.14
18.65
16.41
16.43
19.21
21.97
20.8
19.48
18.36
20.07
19.43
18.46
16.21
13.89
14.04
14.43
20.63
17.58
14.43
15.41
17.02
18.9
15.97
14.4
13.6
15.58
19.36
17.48
21.8
18.43
17.94
18.19
13.77
16.26
20.39
20.75
24.68
23.61
22.05
19.92
21.12
18.65
20.29
19.34
22.19
22.63
21.07
19.82
15.62
17.87
19.95
17.8
14.45
17.9
16.65
16.33
15.5
15.87
17.72
17.31
16.09
15.8
17.68
18.41
17.65
14.62
14.43
15.41
14.65
15.89
15.53
15.01
15.65
15.82
15.48
15.41
17.11
17.94
17.41
16.72
17.31
14.89
14.4
15.14
15.94
14.53
13.43
14.26
12.96
13.6
14.06
16.11
9.497
16.31
17.29
19.82
18.14
14.01
17.7
20.02
18.63
20.04
23.73
20.95
18.04
19.8
16.55
18.09
19.21
15.84
24.17
15.28
8.862
9.119
11.6
10.31
7.812
12.07
12.24
16.41
17.7
17.99
16.48
16.16
18.77
17.21
15.14
12.77
11.34
11.61
13.45
12.82
12.74
16.7
14.53
12.96
12.99
12.21
11.54
10.1
9.094
8.923
12.82
12.16
16.38
17.97
18.41
21.17
19.85
18.82
18.65
17.68
19.24
18.21
17.85
17.77
17.5
16.24
18.04
16.89
14.04
12.89
7.068
9.216
8.826
12.11
14.89
18.12
18.53
18.65
20.09
14.97
14.18
13.23
14.7
15.19
14.58
17.07
16.94
13.87
15.65
17.11
15.94
15.31
16.8
16.92
14.01
15.92
14.14
14.28
13.84
17.38
16.5
12.57
13.04
14.55
14.09
14.5
14.7
14.16
15.53
22.56
19.6
17.55
22.49
18.46
16.6
15.36
15.41
16.09
23.07
11.73
7.251
9.998
9.57
12.28
14.67
13.35
13.79
14.65
16.24
15.67
12.87
13.77
11.95
12.38
12.45
11.63
10.27
10.86
11.84
12.15
11.36
12.92
10.16
10.6
10.3
13.67
16.58
19.21
19.19
19.95
18.63
19.26
17.41
16.7
18.46
17.94
16.97
19.51
17.99
18.63
18.73
18.58
17.07
19.97
20.14
21.31
18.6
19.34
16.28
15.84
17.75
18.26
19.87
21.53
20.65
19.58
19.12
18.95
18.6
16.82
18.82
19.95
20.12
19.48
19.36
19.48
17.36
19.12
17.41
16.16
16.53
14.55
10.73
14.06
21.61
21.68
23.17
16.24
19.26
20.43
21.61
19.34
16.04
17.36
12.3
17.43
18.77
15.04
12.23
11.65
13.96
13.89
18.16
23.14
13.6
8.752
8.386
9.961
10.51
10.45
10.08
13.11
14.6
20.46
20.53
21.19
20.65
23.29
17.77
20.51
18.9
18.12
17.97
15.5
14.6
14.75
15.62
14.7
14.89
17.65
16.97
18.58
17.36
19.41
19.17
19.04
19.07
18.38
16.06
18.33
14.21
15.94
17.65
17.26
16.46
14.26
14.84
14.31
15.23
15.19
18.87
14.82
16.5
18.82
19.21
18.92
15.62
15.7
13.26
15.84
14.11
13.45
13.09
13.82
11.17
12.99
12.07
17.94
16.04
8.972
8.948
18.46
17.48
14.38
15.16
18.21
13.94
13.82
15.55
17.97
14.53
15.28
13.89
16.28
19.7
22.09
22.09
20.92
21.17
20.95
17.68
22.19
19.9
19.12
21.58
17.04
15.99
14.28
14.23
14.7
13.65
13.45
11.62
17.09
17.07
21.7
20.75
19.7
22.53
22.36
20.87
22.17
19.02
16.04
15.84
16.24
14.38
11.29
14.45
13.26
14.06
13.79
12.7
13.33
14.36
11.79
10.4
14.5
15.36
16.09
16.11
18.09
22.34
21.97
18.87
19.34
21.8
21.24
19.68
22.8
19.63
18.51
17.36
15.58
13.06
14.36
13.72
13.09
13.55
5.792
7.446
11.61
13.94
16.92
16.38
18.65
19.97
17.87
18.09
16.67
13.96
16.72
17.36
18.77
17.87
19.24
23.36
22.97
23.07
23.32
22.0
17.8
17.29
17.11
15.84
16.5
15.41
15.04
15.06
16.77
19.04
18.6
17.92
18.31
18.75
14.77
13.7
20.29
18.04
15.53
15.23
13.7
14.5
12.13
14.72
12.65
13.09
12.5
19.73
24.22
23.07
19.97
22.02
17.11
15.38
23.1
18.85
12.52
8.35
8.374
8.582
9.558
11.54
8.435
8.594
8.716
10.58
10.6
9.802
10.21
12.7
12.34
14.23
18.16
16.02
19.46
18.55
22.17
24.07
24.58
22.02
21.56
18.38
17.65
19.43
23.05
21.75
20.53
15.5
11.79
13.82
18.43
