16.77
14.23
14.31
14.75
15.6
14.36
15.75
16.5
15.5
15.55
12.6
14.53
13.48
4.95
0.1797
0.06247
0.03386
0.03128
0.03386
0.04168
14.04
14.04
12.77
16.06
15.72
20.04
20.48
17.09
14.87
13.82
15.38
19.36
20.21
17.48
13.01
15.58
19.12
20.12
18.77
13.94
13.43
17.77
17.9
20.56
20.95
18.51
18.41
19.29
17.77
15.8
16.24
19.51
22.14
23.12
13.48
16.28
16.75
16.06
19.78
15.14
14.43
9.875
20.51
20.48
23.02
22.63
22.27
23.61
23.02
21.9
18.82
18.51
21.9
17.68
17.24
17.33
15.62
15.11
13.4
16.06
16.14
16.11
16.02
15.04
5.865
18.73
16.7
17.14
17.41
16.06
15.43
16.99
20.34
20.9
17.41
16.82
15.82
17.58
14.87
14.23
22.53
23.85
23.8
25.93
24.9
23.07
19.75
21.46
21.58
12.48
17.94
21.12
21.63
22.09
22.8
24.51
23.51
19.34
20.7
19.36
17.63
14.09
15.72
13.09
12.41
13.13
16.5
14.62
14.5
14.16
15.8
14.87
16.16
16.16
17.77
16.31
10.3
13.89
18.75
17.14
17.97
19.26
18.95
19.21
17.94
18.63
17.29
20.09
21.41
15.92
16.36
20.83
22.34
20.85
21.12
22.75
23.39
20.29
18.38
19.31
21.29
14.62
16.89
19.58
18.9
18.85
19.26
18.6
17.33
20.0
17.26
18.19
20.24
22.97
15.62
14.6
13.57
13.94
13.06
15.48
13.45
8.679
0.177
0.07296
0.02604
0.03128
0.02604
0.02604
0.03128
0.02604
7.556
13.7
4.047
6.384
14.04
14.79
11.74
12.38
14.92
13.75
13.84
14.28
11.76
13.94
14.38
13.53
2.551
0.1562
0.05207
0.02604
0.03128
0.03128
0.03128
0.02604
8.838
14.28
16.36
15.62
15.14
15.72
11.1
13.09
16.41
16.87
17.7
20.29
14.11
13.01
13.75
11.32
0.1926
0.09899
0.03128
0.02604
0.02604
0.02604
0.03643
0.02604
7.031
14.18
14.7
15.89
16.8
19.02
17.11
12.65
14.21
15.72
15.65
15.26
16.7
13.26
16.26
14.58
5.896
0.1667
0.05732
0.02604
0.03128
0.02604
0.03128
0.02604
0.8118
10.88
16.67
17.94
20.19
19.56
15.72
21.66
22.95
19.97
13.16
13.13
15.75
12.99
13.21
13.84
1.338
0.1406
0.04168
0.02604
0.03128
0.02604
0.02604
0.1303
13.89
11.67
12.0
13.4
2.646
10.71
13.43
14.77
13.55
14.09
15.77
19.51
17.99
18.92
11.78
11.94
0.4219
0.09899
0.03128
0.03128
0.03128
0.02604
0.03128
0.02604
0.03128
18.58
16.55
16.53
15.5
11.45
14.77
15.94
16.41
28.86
21.58
28.17
26.66
17.43
14.53
9.253
0.2029
0.0885
0.03128
0.02604
0.02604
0.02604
0.03128
0.02604
0.03128
6.091
13.75
12.19
11.32
14.84
12.82
11.72
10.8
17.26
11.27
10.08
10.39
14.33
13.5
15.7
16.53
20.53
19.95
10.49
0.7393
0.2605
0.03128
0.02604
2.911
17.55
12.77
10.16
12.82
11.54
15.92
21.39
22.22
23.44
33.98
33.25
32.42
32.47
31.2
30.03
29.35
28.71
27.1
26.42
24.46
22.78
22.19
23.9
26.27
27.25
27.83
27.88
25.83
23.54
15.62
18.92
20.63
21.44
20.63
22.14
23.54
24.66
24.41
24.78
22.83
23.78
5.615
22.41
21.39
20.53
20.09
20.14
21.26
23.9
22.09
20.34
21.26
22.49
22.61
24.07
25.24
28.81
30.42
30.27
30.18
30.27
29.35
29.35
29.05
29.25
29.2
28.37
20.85
15.58
18.43
19.9
20.34
21.8
22.51
22.14
23.58
24.22
24.54
30.22
21.9
14.5
22.12
27.73
28.61
27.93
28.42
27.93
26.81
26.61
24.61
23.05
22.92
23.56
23.85
23.46
23.95
24.73
23.8
22.09
23.41
24.07
21.85
21.07
19.29
20.07
21.36
21.26
18.29
17.85
19.92
20.9
20.85
21.97
23.05
21.78
19.73
18.55
20.68
21.56
20.26
17.11
5.56
23.34
23.95
24.8
24.41
24.85
24.07
22.56
22.22
23.19
23.97
22.88
23.9
25.1
23.97
23.51
24.73
24.61
24.15
23.73
22.05
21.9
20.95
19.92
18.8
18.6
16.65
17.07
17.97
17.63
10.91
11.68
16.09
19.73
18.6
15.31
17.55
20.29
18.95
17.26
16.41
19.7
20.87
18.38
17.5
12.65
10.22
21.88
23.0
21.85
21.66
22.29
21.75
18.9
17.65
16.85
16.04
17.72
18.04
16.36
16.6
17.55
16.5
17.31
16.5
15.72
17.09
17.75
17.72
19.56
18.9
19.21
20.29
22.27
23.14
25.2
25.39
27.34
28.96
18.04
15.75
16.97
19.65
20.92
20.12
19.09
21.56
22.83
19.9
22.58
24.78
24.39
12.87
17.09
19.75
20.17
19.65
16.33
21.92
15.01
17.04
19.07
19.17
18.36
16.89
17.29
18.73
13.45
15.28
22.44
22.44
23.88
25.49
26.32
24.83
23.14
24.76
26.17
26.37
25.39
25.05
24.85
25.1
25.49
25.93
24.71
24.39
23.34
21.48
19.75
18.55
19.65
22.83
23.97
22.44
18.19
16.53
16.33
18.51
21.14
21.83
21.78
19.97
19.92
19.41
16.75
18.92
20.95
18.65
12.44
16.02
21.68
24.71
26.56
26.95
25.78
26.32
26.37
27.34
28.71
29.35
29.59
29.79
29.93
29.88
30.08
30.62
30.81
30.57
30.62
30.18
30.08
25.1
16.04
17.6
18.48
19.24
21.31
24.07
24.85
23.61
20.29
20.0
18.92
20.41
15.62
15.82
20.87
21.51
18.8
15.65
15.55
15.28
15.06
15.14
15.04
15.16
14.99
15.01
15.16
15.11
15.21
15.62
14.94
15.09
15.33
15.16
17.07
18.33
20.36
21.34
22.44
22.44
31.1
28.66
27.1
26.9
26.07
28.66
22.88
25.15
27.69
25.54
22.88
25.88
31.4
22.61
18.36
21.75
20.85
15.97
10.28
21.73
13.09
21.66
34.91
34.38
34.57
34.03
33.5
34.67
31.98
31.69
30.66
25.2
23.34
22.9
22.97
22.75
22.9
22.41
23.8
25.88
26.07
24.54
23.63
23.71
21.56
16.06
18.31
20.73
23.14
22.46
21.44
21.02
19.36
17.92
18.51
16.8
16.92
18.58
20.14
8.813
9.778
14.16
15.62
14.14
14.87
15.7
15.33
15.72
16.65
16.11
7.336
19.56
20.7
21.14
21.22
20.24
19.95
21.12
22.36
22.61
21.31
21.58
20.29
19.92
20.41
21.29
21.48
22.39
23.63
24.76
25.49
27.05
26.37
26.51
26.07
24.54
23.19
24.88
24.41
21.97
16.7
19.51
21.88
22.95
25.29
26.37
26.71
23.8
22.36
21.39
20.12
16.97
0.3696
0.0885
0.03128
0.02604
0.02604
0.03128
0.02604
0.02604
0.02604
0.03128
0.02604
0.03128
0.02604
0.02604
0.02604
0.03128
0.02604
0.02604
0.02604
0.02604
0.02604
0.03128
12.26
13.79
14.7
15.09
14.28
14.65
15.72
14.67
15.36
