16.97
20.78
20.83
19.31
17.82
10.83
17.97
20.83
20.85
18.99
15.28
15.94
20.56
20.83
20.36
18.29
17.9
9.07
6.219
6.219
6.219
6.219
6.219
6.909
8.96
8.496
8.289
9.009
7.971
8.179
8.154
9.961
19.04
20.85
20.85
18.75
17.02
9.07
11.66
15.53
16.43
16.97
17.41
17.72
17.99
18.31
18.53
15.6
14.82
14.58
13.57
11.12
20.04
20.83
18.97
15.65
9.192
16.04
20.83
20.65
19.24
17.29
12.11
15.62
16.58
17.02
17.5
17.85
18.12
18.31
18.41
17.16
15.01
14.7
13.35
12.39
9.265
9.033
8.789
8.423
8.679
11.44
15.65
16.58
17.04
17.43
17.75
17.94
18.16
18.33
17.77
14.84
14.53
14.28
14.11
10.07
9.412
10.53
19.02
20.85
19.82
16.04
13.48
15.99
16.75
17.33
17.72
18.02
18.24
18.24
14.7
14.72
13.99
12.24
8.545
8.545
12.7
15.99
16.8
17.43
17.77
18.04
18.31
17.9
14.65
14.53
13.75
12.02
9.058
9.814
10.84
17.72
20.41
20.26
18.41
11.77
12.11
15.7
16.55
17.09
17.63
17.85
18.14
17.55
14.87
14.38
13.79
10.14
9.338
8.923
10.63
15.82
16.85
17.38
17.87
18.14
18.38
18.53
15.31
14.89
14.43
14.16
13.33
9.558
14.87
16.28
16.94
17.41
17.8
18.04
18.33
18.43
15.87
14.92
14.6
13.79
12.7
9.412
9.07
9.46
10.6
18.19
20.75
20.63
18.51
9.18
6.409
6.311
8.96
8.557
8.899
8.85
8.142
9.595
18.14
20.85
20.24
16.33
15.31
20.7
20.75
18.24
18.16
13.87
18.46
20.85
20.43
18.07
12.19
6.616
6.226
6.287
9.265
9.741
17.82
20.8
20.48
18.09
17.9
11.44
9.07
15.31
20.48
20.85
19.85
17.72
15.09
8.923
8.899
13.94
20.73
20.58
18.19
10.86
6.409
6.274
8.911
8.948
9.9
17.04
20.7
20.78
18.9
17.75
13.11
9.216
9.07
9.021
9.131
10.83
18.21
20.78
20.78
19.58
18.29
9.216
6.335
6.219
6.219
6.274
9.058
10.06
17.21
20.75
20.73
18.58
15.8
8.96
8.655
8.691
8.923
8.936
9.57
8.899
8.728
9.375
9.473
7.874
6.409
6.409
6.409
6.409
6.409
6.445
9.167
9.583
9.216
8.679
9.058
9.167
10.93
18.68
20.83
20.36
15.77
9.485
8.875
12.67
19.53
20.8
20.53
17.97
8.02
6.409
6.409
6.409
6.409
6.433
9.021
11.18
18.85
20.85
20.75
18.55
18.19
12.82
8.643
8.704
9.863
18.12
20.83
19.43
18.31
10.68
8.582
12.89
20.51
20.85
19.43
11.18
6.567
6.421
8.472
8.618
8.655
11.17
19.26
20.85
20.29
16.92
15.14
20.63
20.85
19.73
18.41
12.41
19.46
20.85
20.85
19.73
18.48
7.825
6.409
6.409
6.409
6.409
9.485
9.326
16.02
20.78
20.85
20.17
15.67
15.89
20.7
20.85
19.36
18.12
11.11
8.496
8.691
9.351
16.14
20.78
20.85
19.85
17.72
13.57
16.92
17.8
18.29
18.53
19.02
19.19
19.43
19.48
19.65
19.73
19.87
19.92
20.09
20.12
20.12
20.29
20.31
20.51
20.58
20.7
20.7
18.97
17.68
17.7
17.63
18.09
19.58
20.39
20.68
20.68
20.68
20.65
20.68
20.56
20.36
20.19
19.7
17.82
16.43
9.058
15.26
17.07
17.5
17.85
18.16
18.41
18.77
19.07
19.46
19.6
19.53
19.6
19.75
19.92
19.92
20.07
20.12
20.12
20.29
20.36
20.56
20.7
20.63
17.63
17.26
16.67
18.33
18.41
18.43
20.21
20.85
20.85
20.85
20.87
20.9
20.9
20.73
20.39
18.43
12.4
14.4
16.87
17.5
18.09
18.43
18.82
19.12
19.26
19.46
19.53
19.68
19.73
19.85
19.92
20.12
20.12
20.14
20.31
20.41
20.68
20.68
19.36
18.24
18.24
18.21
18.63
20.34
20.87
20.9
20.87
20.9
20.8
20.63
20.34
20.04
19.73
19.56
19.41
19.38
19.21
19.07
13.75
12.45
16.87
17.72
18.29
18.65
19.14
19.24
19.34
19.48
19.63
19.73
19.82
19.92
20.14
20.19
20.31
20.31
20.51
20.7
20.7
20.53
18.16
16.77
17.65
17.72
17.92
18.99
19.92
20.51
20.53
20.48
20.51
20.51
20.43
20.31
20.21
19.8
19.29
17.65
14.16
12.65
16.87
17.7
18.21
18.46
18.75
19.02
19.21
19.36
19.51
19.65
19.73
19.9
19.92
19.97
20.17
20.12
20.24
20.34
20.68
20.68
18.48
17.82
18.38
19.87
20.87
20.87
20.87
20.87
20.78
20.65
18.87
17.6
10.22
15.6
17.24
17.97
18.33
18.63
18.99
19.21
19.36
19.53
19.6
19.7
19.87
19.92
20.02
20.04
20.12
20.26
20.41
20.51
20.51
20.7
20.7
19.19
17.33
17.38
17.65
18.95
19.51
19.51
19.51
19.48
19.48
19.46
19.48
19.51
18.92
16.72
11.04
13.04
17.11
17.92
18.38
18.65
19.02
19.26
19.51
19.53
19.6
19.73
19.75
19.75
19.78
19.95
19.95
19.95
19.95
20.14
20.14
20.14
20.14
20.14
20.31
20.34
20.51
20.56
20.7
20.7
20.7
20.65
17.8
17.68
19.29
20.51
20.85
20.85
20.8
20.02
19.29
18.85
12.52
9.668
16.11
17.53
18.26
18.55
18.95
19.24
19.43
19.53
19.53
19.73
19.75
19.75
19.82
19.95
19.95
20.14
20.14
20.14
20.14
20.14
20.14
20.19
20.34
20.31
20.43
20.51
20.51
20.51
20.51
17.65
18.02
20.0
20.85
20.78
20.65
20.58
20.43
18.68
17.53
16.75
11.51
12.01
10.75
13.16
15.14
19.58
19.95
19.53
16.58
15.14
13.6
9.375
14.4
16.87
17.5
17.99
18.26
18.55
18.99
19.21
19.36
19.53
19.56
19.73
19.73
19.87
19.95
20.12
20.12
20.26
20.31
20.43
20.61
20.7
20.65
17.87
18.02
20.17
20.65
20.68
20.68
20.68
20.68
20.68
20.65
20.41
19.29
18.99
18.99
18.99
18.9
14.33
9.155
10.41
9.082
10.03
9.363
9.18
9.839
10.96
17.99
20.51
20.63
19.34
17.7
17.65
10.97
9.131
9.912
9.875
9.155
9.375
12.65
19.46
20.73
20.65
18.63
12.74
9.619
9.058
9.131
13.01
19.46
20.8
20.73
18.7
18.24
13.5
9.949
11.43
15.94
19.97
20.34
19.7
16.63
13.26
10.1
8.972
9.143
9.375
10.61
9.045
14.87
20.48
20.83
19.78
17.87
13.72
9.131
13.82
20.09
20.85
20.61
18.14
9.412
6.555
6.409
6.409
6.409
6.409
6.409
6.409
6.409
6.409
6.409
6.409
6.409
6.409
6.409
6.409
7.397
9.985
10.56
17.53
20.61
20.41
18.29
15.84
11.58
10.67
9.68
