0.246
0.2232
0.157
0.1537
0.227
0.3269
0.1328
0.1539
0.3494
0.1045
0.1451
0.354
0.2213
0.317
0.09346
0.08688
0.2602
0.1493
9.537e-05
0.03061
0.489
0.1181
0.1368
0.3418
0.2056
0.2525
0.1612
0.2666
0.1682
0.1471
0.2632
0.1238
0.1181
0.1781
0.1932
0.2659
0.1894
0.3292
0.351
0.1688
0.3658
0.09785
1.614
2.084
2.155
2.173
2.191
2.853
4.73
2.054
1.99
0.322
0.3677
0.1205
0.09136
0.399
0.1434
0.1539
0.2243
0.2396
0.3151
0.1511
0.3193
0.1408
0.8881
1.605
1.828
2.005
2.435
2.426
4.7
3.122
1.532
0.1049
0.1072
0.2083
0.209
0.2117
0.1148
0.2518
0.3803
0.1345
0.1364
0.2937
0.1652
0.2914
0.1089
0.2335
0.1646
1.06
1.807
1.892
1.971
2.097
4.803
1.764
2.008
1.106
0.6485
0.1913
0.3807
0.09804
0.1102
0.2937
0.375
0.2411
0.2136
0.4639
0.3498
0.3742
0.1572
0.3036
0.09508
1.028
1.305
1.277
2.002
2.063
1.907
4.59
1.491
2.707
0.6767
0.2804
0.1938
0.3502
0.3086
0.1358
0.5371
0.4234
0.2819
0.943
0.5447
0.1278
0.2117
0.5127
0.3483
1.892
2.039
2.374
2.209
4.474
3.864
2.213
0.4692
0.5188
0.4181
0.03338
1.633
2.393
2.243
1.978
2.246
4.584
2.512
1.718
0.4868
0.2972
0.9842
1.192
2.429
2.014
2.09
5.359
2.307
2.414
0.2869
1.031
0.4662
0.1383
0.3155
0.396
0.3738
0.4677
0.1242
0.2316
0.1766
0.3635
0.489
0.3605
0.1263
0.3189
0.0002861
9.537e-05
0.0003815
0.0
0.0
0.0007629
0.0
0.2014
0.3201
0.2369
0.2674
0.5005
0.002766
0.2857
0.2399
0.2529
0.2422
0.5135
0.156
0.1202
0.2998
0.1722
0.227
0.1394
9.537e-05
0.0
0.0
0.0
0.0
0.0
0.0
0.0288
0.3326
0.1852
0.2838
0.1804
0.2274
0.2876
0.3838
0.2846
0.124
0.07591
0.2205
0.193
0.1902
0.206
0.359
0.1341
9.537e-05
0.0
0.0
0.0
0.0
0.0
0.0
0.005054
0.2007
0.3674
0.2998
0.2407
0.116
0.1017
0.3204
0.1713
0.1144
0.2567
0.592
0.1394
0.3429
0.3601
0.5966
0.2857
0.09727
0.0988
0.2468
0.1711
0.0001907
0.0002861
0.0
0.0
0.1226
0.1261
0.1173
0.7156
0.09737
0.6462
0.7225
0.2563
0.1116
0.0659
0.2075
0.2392
0.1556
0.1621
0.1251
0.07944
9.537e-05
0.0
0.0
0.0
0.0
0.0
0.0
0.02356
0.3975
0.246
0.8301
0.2926
0.128
0.08039
0.285
0.1675
0.2377
0.209
0.4234
0.2151
0.2026
0.4044
0.1917
0.1207
9.537e-05
0.0
0.0
0.0003815
0.0
0.0
0.0
0.0
0.1581
0.174
0.3017
0.23
0.141
0.09079
0.2892
0.1009
0.2605
0.1472
0.1495
0.3681
0.1505
0.1307
0.1276
0.3464
0.08326
0.0003815
0.0
9.537e-05
0.0001907
0.0
0.0002861
0.0
0.0104
0.2068
0.1629
0.1143
0.2445
0.1434
0.1293
0.2151
0.4173
0.1076
0.2483
0.08488
0.4471
0.08507
0.0843
0.2258
0.2228
0.00248
0.0001907
0.0
0.0
0.0002861
0.0
0.008106
0.5173
0.6531
0.2087
0.3849
0.428
0.1755
0.2434
0.1263
0.09184
0.2651
0.3044
0.3723
0.3693
0.09661
0.09184
0.2285
0.2384
0.3071
1.213
1.35
1.221
1.213
1.111
1.114
1.277
1.309
1.205
1.468
1.134
1.108
1.268
1.32
1.291
1.244
1.112
1.135
1.251
1.257
1.324
1.343
1.512
1.19
1.198
1.195
1.353
1.27
1.3
1.372
1.366
1.288
1.788
1.614
6.311
5.017
2.643
5.566
4.724
7.776
5.511
5.963
4.51
3.326
3.149
1.335
1.256
0.5089
1.341
1.363
1.149
1.193
1.558
1.282
1.433
1.065
1.158
1.17
1.006
1.106
1.21
1.112
1.257
1.286
1.421
1.212
1.366
1.454
1.237
1.212
1.419
1.369
1.476
1.566
1.442
1.372
1.405
1.666
1.804
1.624
2.902
7.19
3.003
5.121
4.779
6.75
7.007
4.803
4.663
3.54
3.778
3.088
1.085
1.178
1.074
1.434
1.53
1.288
1.402
1.251
1.227
1.476
1.498
1.697
1.657
1.654
1.39
1.317
1.164
1.259
1.353
1.289
1.321
1.32
1.302
1.382
1.41
1.277
1.109
1.085
1.344
1.091
1.27
1.138
0.9949
1.042
3.619
6.799
2.817
6.055
5.127
8.594
5.853
6.738
4.578
3.802
3.174
2.197
0.6058
1.306
1.147
1.605
1.797
1.654
1.691
1.669
1.419
1.471
1.271
1.303
1.41
1.329
1.498
1.123
1.149
1.396
1.411
1.128
1.273
1.057
1.064
1.268
1.111
1.039
1.085
1.074
1.196
1.123
1.103
1.129
1.17
0.946
1.181
1.996
7.178
3.497
5.231
3.802
4.181
6.848
4.462
4.797
6.274
4.901
4.285
3.387
2.002
1.694
0.05951
0.8179
1.076
1.134
1.219
3.0
2.322
2.023
1.454
1.125
0.2537
0.5539
0.7439
0.9476
1.03
2.847
1.66
1.125
0.2651
0.2224
0.09422
0.288
0.1286
0.6264
1.024
1.178
2.087
3.253
1.379
0.428
0.6737
1.086
1.242
2.591
2.249
0.8057
0.2419
0.9552
1.21
2.151
2.661
0.9827
0.4128
0.7172
1.305
1.627
1.859
1.675
1.819
1.776
1.578
1.599
1.483
1.785
1.837
1.758
1.389
1.309
1.227
1.129
1.01
1.015
1.071
1.173
1.137
1.14
1.071
1.114
1.106
1.288
1.192
1.23
1.266
1.082
1.23
3.003
6.75
3.091
5.182
4.352
6.592
5.658
4.883
4.761
5.707
3.815
4.395
2.942
1.382
0.5386
1.421
1.706
1.901
1.602
1.804
1.88
1.663
1.666
1.344
1.43
1.143
1.199
1.331
1.172
1.155
1.378
1.422
1.198
1.273
1.208
1.492
1.541
1.724
1.804
1.782
1.801
1.974
1.73
3.406
7.495
2.634
5.646
5.884
8.325
5.688
5.475
4.767
4.187
3.479
2.734
0.7622
1.219
1.138
0.1642
1.062
0.1192
0.8896
1.028
1.413
1.263
1.421
1.172
1.468
1.224
1.318
1.357
1.227
1.314
1.247
1.442
1.315
1.155
1.357
1.207
1.216
1.266
1.263
1.256
1.073
1.221
1.265
1.37
1.207
1.404
1.381
1.329
1.396
2.545
7.471
3.012
5.316
5.255
7.959
5.292
4.993
5.475
3.43
3.79
3.015
0.9552
1.688
0.7179
0.2728
0.08478
0.1175
0.07277
0.2911
0.2895
0.1083
0.0002861
0.1324
0.7248
0.2411
0.09298
0.08564
0.2029
0.2125
0.386
0.1842
0.547
0.441
0.2121
0.1554
0.3422
0.3029
0.3819
0.23
0.1093
0.0741
0.2014
0.1965
0.2346
0.3319
0.08202
0.104
0.1289
0.2392
0.1049
0.37
0.3159
0.05846
0.08802
0.07935
0.2365
0.09117
0.3242
0.3212
0.2972
0.2407
0.2571
0.3513
0.04673
0.1167
0.1135
0.3277
0.1099
0.2823
0.4005
0.2186
0.1057
0.09804
0.2232
0.2224
0.0001907
0.001621
9.537e-05
9.537e-05
0.0
0.0
0.002956
0.0
0.0
0.0
0.00124
0.0
0.0
9.537e-05
0.0
0.0007629
0.0
0.0
0.0
0.03405
0.8118
1.152
0.8942
0.2754
0.2029
0.08564
0.06084
0.07524
0.2327
