14.11
17.43
19.04
16.82
19.12
17.04
17.46
19.68
22.8
19.53
16.67
16.89
14.7
16.72
16.53
16.31
12.55
13.21
17.19
13.13
18.19
24.37
12.82
11.62
9.497
13.38
13.38
13.13
14.45
16.6
20.14
24.15
23.27
20.97
21.95
20.02
17.41
17.94
10.44
9.021
9.924
12.55
12.99
11.85
13.82
14.77
15.72
13.99
13.01
14.82
15.43
17.72
16.06
14.4
19.07
22.49
20.9
21.9
21.56
21.14
20.12
20.56
14.97
17.6
15.82
18.68
15.5
14.31
13.67
12.06
12.84
14.43
16.04
18.85
18.29
18.99
21.17
19.46
22.46
21.51
15.14
17.65
17.48
13.99
9.961
12.16
11.68
14.45
19.65
17.07
11.89
13.43
14.26
11.06
13.72
15.58
15.33
16.94
17.94
16.89
17.16
19.75
23.54
21.63
19.53
19.85
18.55
17.92
14.45
19.75
16.14
11.88
18.53
21.46
13.01
11.32
11.52
10.36
11.38
12.16
14.23
20.92
14.7
20.02
23.39
23.68
20.48
16.16
12.52
10.08
11.22
10.03
10.36
12.44
10.05
10.68
10.88
11.28
9.241
11.34
9.619
9.131
10.63
11.61
15.01
20.21
23.14
22.53
23.54
24.05
24.37
22.46
22.95
23.54
20.61
20.26
18.73
23.12
17.92
18.92
20.43
18.41
17.77
14.94
8.789
10.19
10.78
10.51
8.96
13.87
12.82
11.17
10.88
9.961
11.29
10.89
12.28
11.61
11.02
12.6
13.18
15.21
13.7
16.19
17.11
16.19
16.5
20.14
16.41
19.07
17.82
14.48
12.94
16.6
17.07
16.75
24.58
23.24
22.78
19.73
18.7
19.31
18.19
16.04
15.38
18.16
16.16
16.16
17.02
20.02
17.68
14.79
12.74
12.89
14.26
14.84
14.16
20.73
19.75
18.63
18.58
15.89
13.13
11.33
11.44
13.62
13.04
12.06
8.862
12.41
9.204
9.253
9.338
8.24
9.68
9.045
8.728
10.13
11.68
14.5
14.36
17.09
17.65
17.07
19.7
20.61
17.94
15.06
18.02
19.31
19.36
17.87
18.29
19.56
18.41
14.94
16.38
17.33
16.26
13.43
12.22
11.33
14.92
17.63
15.97
20.14
20.48
20.63
20.51
19.04
19.02
18.73
18.6
18.46
16.11
15.7
14.75
15.38
16.58
14.33
16.82
15.92
16.94
16.06
17.53
14.14
16.89
21.51
15.7
18.26
17.36
18.48
17.11
13.96
16.19
20.0
19.85
22.24
23.46
21.04
19.14
19.73
18.85
16.21
15.48
16.31
18.19
12.96
16.82
19.53
12.94
15.21
13.35
18.21
18.58
16.04
15.58
15.23
19.12
20.36
22.58
21.04
14.94
18.19
15.21
16.97
18.8
21.46
23.07
22.22
23.32
23.54
21.61
17.94
19.6
17.87
18.58
19.8
20.78
18.58
19.26
19.92
21.95
21.92
19.19
18.87
21.34
21.09
17.97
17.8
20.53
18.53
15.48
17.43
20.14
18.51
18.85
17.85
13.55
13.89
15.23
18.12
16.28
16.04
16.97
16.24
15.41
16.55
17.33
17.7
16.5
15.94
17.9
14.77
12.87
17.58
15.62
16.85
14.43
15.62
14.16
11.61
15.28
19.58
11.39
18.68
21.22
24.73
21.88
16.36
23.07
19.41
20.04
18.38
19.65
16.53
15.72
20.85
17.41
15.65
16.63
16.36
21.85
13.57
9.949
11.99
10.69
10.85
8.398
12.67
20.19
18.53
17.04
16.16
15.58
18.55
19.38
16.38
16.21
11.78
11.95
12.74
13.77
12.27
13.57
14.87
14.65
13.79
12.49
13.45
12.84
10.6
9.924
9.399
14.04
13.28
16.55
19.21
19.58
22.68
21.36
18.51
18.04
17.9
17.33
20.04
16.26
17.94
16.8
17.36
17.33
17.26
14.92
12.6
6.409
7.812
9.436
12.7
14.72
20.31
20.24
18.46
20.87
15.84
16.72
15.01
15.92
16.53
15.8
18.26
15.01
18.07
18.02
17.55
14.94
13.11
13.09
14.43
13.6
15.09
14.62
15.04
15.99
14.33
15.77
15.87
16.55
17.9
13.57
15.09
13.57
11.9
16.26
21.66
19.14
20.14
21.61
18.87
14.26
16.7
13.84
12.87
17.21
27.64
27.54
24.37
12.74
14.31
19.19
13.77
13.21
14.92
16.04
14.55
11.72
12.43
13.06
12.96
12.28
12.4
10.56
11.16
12.7
11.51
11.39
11.01
10.47
11.18
12.72
15.38
16.72
21.07
20.51
21.83
20.48
24.34
22.9
22.83
20.29
20.24
22.58
22.41
20.02
18.24
20.19
18.48
17.02
20.17
19.53
20.09
19.36
19.26
16.38
16.99
19.26
19.48
19.43
20.36
17.72
17.38
17.6
17.92
17.46
17.29
19.21
19.48
18.14
18.95
18.73
21.0
17.8
16.92
16.55
15.23
13.72
13.65
10.95
15.01
20.8
22.17
21.34
17.94
20.7
22.68
20.46
18.02
19.21
16.46
15.58
16.38
14.84
13.35
12.05
10.73
13.7
12.92
11.15
10.44
25.93
29.54
27.25
15.33
12.07
13.79
12.96
15.75
13.43
15.62
18.33
17.41
20.92
21.26
15.87
18.41
18.43
19.48
20.41
12.79
14.99
15.89
14.7
13.06
13.55
15.45
18.02
17.5
15.94
18.24
21.63
20.75
19.36
20.12
17.19
19.36
14.89
18.43
20.17
18.31
16.55
13.62
15.11
14.18
16.53
15.28
18.02
15.84
17.38
19.68
20.02
20.75
16.09
16.46
15.01
14.31
14.26
13.18
16.06
15.38
10.34
11.02
12.79
20.26
18.77
10.66
11.63
19.46
17.97
14.82
13.57
15.38
11.82
12.62
10.73
17.94
13.94
15.45
16.65
14.84
21.36
21.63
21.04
20.09
21.46
22.17
15.84
20.9
19.09
21.29
18.73
18.12
18.02
17.11
23.85
32.57
31.84
30.37
17.36
16.14
22.19
19.58
19.53
21.68
22.95
19.43
16.43
17.09
16.11
13.82
12.55
13.89
14.21
12.7
13.48
13.35
14.18
12.41
12.5
12.92
13.26
10.91
9.583
13.35
13.62
15.23
14.89
18.09
22.75
22.46
21.34
20.48
21.66
21.29
19.75
20.53
18.09
17.8
17.26
16.72
14.31
14.53
13.43
13.04
12.89
5.743
7.312
12.5
13.77
17.33
17.09
19.75
21.09
17.94
17.9
17.68
13.01
16.38
16.48
19.02
18.55
22.05
21.12
22.05
19.17
20.78
21.68
17.38
17.38
15.8
17.14
16.21
16.09
15.48
15.87
13.84
19.85
22.17
18.51
16.94
16.53
14.36
17.97
20.83
19.36
18.04
17.02
24.1
22.8
13.57
13.57
12.23
11.33
10.95
16.06
17.92
20.34
17.31
22.12
17.07
15.26
24.07
17.92
14.94
10.22
8.887
6.982
8.85
11.84
9.912
8.203
9.985
10.72
9.814
8.74
8.362
10.23
9.766
12.26
15.45
14.87
17.75
17.55
22.46
19.95
19.41
20.8
17.72
17.58
16.67
17.92
21.09
21.68
20.7
16.33
13.4
13.99
19.07
