20.85
16.89
22.12
15.58
19.36
15.53
19.75
15.97
19.68
15.41
18.55
15.43
20.92
17.26
22.36
16.99
20.8
17.33
21.07
16.65
21.85
15.94
20.02
16.33
19.7
15.99
20.39
16.28
20.09
16.04
20.17
16.31
20.09
15.5
20.63
17.04
19.9
15.82
21.09
16.46
20.29
17.55
20.46
15.94
19.68
15.94
20.61
16.89
20.53
15.65
19.9
17.55
21.22
16.77
20.36
17.04
24.51
18.51
19.9
16.06
20.19
17.19
20.07
16.19
19.85
16.63
19.95
13.67
17.53
14.43
20.24
18.51
17.46
14.16
18.29
13.01
16.46
12.84
12.65
16.92
13.67
25.49
13.77
18.16
18.41
17.63
17.6
13.7
16.7
13.13
17.72
14.09
16.65
12.67
16.87
16.72
13.45
17.87
13.06
25.93
15.21
20.68
11.68
15.7
15.67
16.58
12.96
22.85
15.53
13.06
17.87
14.31
16.55
13.48
15.92
17.68
12.5
15.89
12.32
16.26
12.39
16.38
15.99
16.85
13.55
19.9
20.51
13.23
16.24
22.73
12.06
17.65
12.96
19.78
13.09
11.91
15.21
11.24
20.48
15.65
19.48
15.99
19.31
14.79
28.71
18.36
19.21
17.53
13.7
17.97
15.82
11.39
16.92
12.24
16.11
16.26
23.54
20.92
15.77
18.95
14.97
19.09
17.68
18.21
15.41
22.51
19.73
23.17
21.34
20.53
15.94
19.8
17.11
20.26
19.58
20.29
15.33
21.44
15.67
18.36
16.33
22.92
19.07
20.9
17.04
21.24
17.8
23.22
19.9
22.07
16.75
23.49
16.26
20.43
23.17
32.03
24.95
17.68
22.49
19.17
28.56
21.53
24.71
20.29
21.58
18.36
21.46
18.24
22.41
18.51
22.07
21.68
24.29
19.53
23.88
19.29
22.19
19.95
23.58
20.12
25.93
20.02
21.88
17.82
23.29
20.87
21.85
17.55
21.46
17.36
21.83
18.12
21.97
17.99
24.88
18.55
21.41
17.82
20.53
17.6
21.44
19.02
22.78
19.09
24.27
20.61
23.46
21.07
25.1
19.65
24.41
23.22
26.46
20.87
27.15
21.07
29.79
24.66
28.76
24.12
27.44
23.68
21.92
21.22
24.46
20.61
25.44
20.7
23.58
20.58
24.32
21.07
25.15
25.98
27.83
25.15
29.25
23.49
26.42
22.24
27.44
22.63
25.68
23.32
28.03
24.34
28.52
24.17
27.83
24.78
28.52
24.98
30.18
23.95
32.18
25.59
27.39
26.71
32.28
27.98
29.74
24.27
27.05
21.34
24.05
20.58
24.29
21.36
24.76
24.54
27.34
24.37
26.17
22.29
24.49
21.58
24.46
25.78
29.3
23.88
25.88
22.73
27.64
23.46
25.54
21.26
26.46
25.93
27.98
24.32
28.71
23.46
28.52
24.51
28.08
25.39
28.32
25.49
29.64
26.37
29.59
28.17
28.71
26.86
28.91
24.83
24.56
20.31
26.46
20.75
24.49
21.02
25.15
23.97
28.17
23.19
24.46
23.39
26.81
22.02
22.9
20.97
22.14
19.38
24.0
20.07
21.19
16.87
19.31
19.8
16.94
22.17
20.36
17.31
20.36
18.12
24.22
19.43
21.31
17.9
19.6
18.19
20.02
18.07
19.68
19.78
23.0
22.63
20.78
17.99
20.51
21.26
21.0
20.34
20.09
20.75
20.56
19.43
21.02
19.26
21.7
19.29
21.07
21.53
24.32
23.1
23.93
21.8
21.34
20.17
20.26
18.58
21.95
18.77
23.12
18.97
19.95
17.72
19.85
19.07
21.0
18.43
20.26
17.8
18.92
17.41
17.14
19.07
17.33
19.02
19.19
22.78
25.73
21.56
24.29
20.87
23.17
22.09
26.22
23.27
25.54
21.53
24.05
19.34
21.26
18.68
20.83
20.75
21.31
20.04
21.17
19.29
22.29
22.49
25.39
22.9
26.81
25.73
25.49
24.88
29.39
24.29
26.61
23.97
25.24
24.49
26.22
24.63
26.95
25.88
27.88
25.78
27.83
23.0
26.46
22.49
23.97
22.07
23.93
22.0
24.1
25.1
27.05
27.29
29.74
27.64
28.81
24.02
26.12
24.9
24.93
23.95
27.69
24.8
27.64
23.14
25.15
21.51
23.61
22.02
28.71
24.07
27.78
23.49
27.25
24.27
27.69
23.17
27.05
24.93
27.15
25.44
25.54
28.76
27.25
21.9
24.27
22.71
28.32
22.97
22.24
18.41
24.22
21.48
22.73
19.85
22.83
20.75
24.76
22.41
26.03
21.7
25.05
21.41
24.73
20.09
23.83
22.09
25.34
20.39
22.56
20.53
24.46
23.95
29.64
23.83
26.56
22.95
23.88
21.97
26.51
23.54
24.02
22.68
22.68
24.98
27.15
24.32
24.39
20.21
22.44
19.78
23.46
20.21
25.49
19.63
22.27
18.14
21.36
18.41
23.97
24.73
24.32
28.32
28.81
23.73
27.54
23.56
28.17
26.46
26.9
24.63
27.64
25.83
29.74
21.53
25.24
22.51
25.98
22.29
25.59
22.31
26.37
21.66
25.05
21.61
25.68
21.44
25.34
22.19
26.61
22.09
24.24
21.02
24.93
22.78
28.66
23.14
25.1
22.58
24.71
19.75
24.76
19.75
22.68
20.46
23.68
19.85
24.15
21.22
23.93
21.09
25.83
21.58
23.63
19.78
26.42
19.95
23.17
20.8
24.07
20.09
23.66
20.8
26.46
25.83
27.98
21.51
25.98
19.87
25.15
19.58
22.51
22.66
22.85
23.61
26.66
24.73
27.88
24.17
24.07
22.8
24.54
22.53
24.66
25.83
25.54
19.95
25.24
21.48
23.32
18.51
21.56
21.0
24.93
18.58
23.19
23.56
25.63
20.75
23.9
19.75
21.44
19.53
24.39
21.56
23.71
20.26
26.51
26.12
25.15
21.75
26.32
22.51
25.39
22.12
25.0
23.19
25.54
21.9
26.07
22.07
25.73
21.58
26.32
25.63
28.81
26.32
26.37
20.95
24.8
21.61
28.52
24.07
24.29
21.14
25.2
21.31
24.39
21.63
24.78
20.95
24.46
21.66
25.0
20.97
24.61
21.41
24.51
22.83
29.35
25.78
30.18
25.44
28.08
26.27
28.08
23.07
27.0
24.46
27.69
24.02
27.59
25.1
26.71
23.51
26.66
19.87
24.66
23.97
26.51
23.27
27.25
24.56
30.47
23.39
26.12
23.93
27.93
23.41
27.15
23.88
29.79
25.93
30.27
24.88
30.96
26.12
29.2
26.61
29.79
26.12
29.39
26.42
28.96
26.27
29.64
25.83
29.49
26.17
31.35
25.78
26.86
27.93
27.93
24.27
26.42
21.46
23.68
20.09
24.44
20.95
23.9
20.02
24.56
20.09
23.88
22.85
30.27
24.12
26.66
21.92
24.78
22.02
25.0
19.8
23.68
20.65
24.12
20.95
27.59
21.8
28.17
21.04
23.24
20.83
23.61
19.6
26.95
21.29
23.93
20.0
25.68
21.34
23.56
19.92
23.73
20.63
23.58
20.31
23.9
21.83
26.07
19.92
23.75
17.8
27.15
24.61
25.49
18.33
22.19
18.04
22.41
18.68
23.51
22.56
25.05
21.44
21.34
19.19
26.46
19.63
21.53
17.85
20.56
17.48
20.87
17.21
21.04
17.29
20.51
18.43
20.73
17.36
20.83
16.97
20.02
16.28
