0.0
0.0
0.0
0.0
9.537e-05
0.0
0.0
0.0
0.0
0.0
0.0
0.0
0.0
0.0
0.0
0.0
9.537e-05
0.0
0.0
0.0
0.0
0.0
0.0
0.0002861
0.0
0.0
0.0
0.0
0.0
0.0
0.0
0.0
0.0
0.01888
0.2575
1.538
1.108
0.9979
0.9201
0.8102
1.048
1.199
1.186
1.288
1.349
4.193
1.648
2.576
1.553
0.3841
0.9979
1.067
0.0
0.2819
1.224
1.627
1.877
1.834
1.599
1.648
2.704
3.522
1.929
1.543
0.4532
0.679
1.369
1.831
1.645
1.384
1.694
3.088
5.121
2.271
0.3624
0.1686
0.399
0.9537
2.145
2.277
1.846
2.267
4.236
2.307
1.089
0.473
2.228
2.478
2.155
2.451
5.145
3.003
0.2769
0.4059
0.9796
2.521
2.585
2.405
4.913
3.253
1.37
0.1867
0.1976
0.5753
0.2785
0.1913
0.2899
0.08793
1.419
2.213
2.036
2.219
3.162
2.789
2.585
0.6477
0.3162
0.3166
0.1469
0.222
0.9308
1.776
2.002
1.947
2.585
5.145
3.223
1.199
0.309
0.1846
0.4478
0.2239
0.9781
2.603
2.271
2.57
3.088
6.812
2.954
0.7248
0.7317
0.1524
0.4074
0.09327
0.0002861
0.1017
0.3113
0.5035
0.1459
0.2651
0.2991
0.2903
0.1497
1.318
1.678
2.087
2.191
2.383
4.541
3.491
1.7
0.3914
2.249
2.475
2.383
2.267
2.457
2.072
2.42
2.524
2.554
2.399
2.658
2.499
2.38
2.216
2.197
2.127
2.054
6.232
4.321
3.387
4.95
5.341
6.299
5.438
6.409
4.37
4.004
3.265
1.443
0.5562
0.0006676
0.0
0.0
0.0
0.0001907
0.0
9.537e-05
0.0001907
0.0
0.0
0.0
0.0
0.0
0.0
0.0003815
0.0
0.0
0.0
0.0001907
0.0
0.0003815
0.0
0.0
0.0
0.0
0.0
0.0
0.0
0.0
0.0
0.0
0.0
0.0
0.0
0.0
0.0
0.0
0.0
0.0
0.0
0.0
0.0
0.0
0.0
0.0
0.0
0.0
0.0
0.0
0.0
0.0
0.0
0.0
0.0
0.0
0.0
0.0
0.0
0.0
0.0
0.0
0.0
0.0
0.0
0.0
0.0
9.537e-05
0.0
0.0
0.0
0.0
0.0
0.0
0.0
0.0
0.0
0.0
0.0
9.537e-05
0.0
0.0
0.0
0.0
0.0
0.0
0.0
0.0
0.0
0.0
9.537e-05
9.537e-05
0.0
0.0
0.0
0.0
0.0
0.0
0.0
0.0
0.0
0.0
0.0
0.0
0.0
0.0
0.0
0.0
0.0
0.0
0.0
0.0
0.0
0.0
0.0
0.0
0.0
0.0
0.0
0.0
0.0
0.0
0.0
0.0
0.0
9.537e-05
0.0
0.0
0.0
0.0002861
0.0
0.0
0.0
0.0
0.0
0.0
0.0
0.0
0.0
0.0
0.0
0.0
0.0
9.537e-05
9.537e-05
0.0
0.0
0.0
0.0
0.0
0.0
0.0
0.0001907
0.0
0.0
0.0
0.0
0.0
0.0
0.0
0.0
0.0
0.0
0.0
0.0
0.0
0.0
0.0
0.0
0.0
0.01545
0.03338
1.534
1.871
2.274
2.151
2.399
2.24
2.084
2.087
1.932
1.871
2.072
1.599
1.691
1.862
1.834
1.88
1.822
2.509
4.132
7.104
8.215
10.69
7.861
7.507
5.585
4.608
2.499
0.5447
1.471
1.901
0.7721
1.794
2.271
1.935
2.307
2.228
2.118
1.877
1.944
1.801
1.917
2.206
2.045
2.13
2.252
2.49
2.386
2.402
2.524
7.166
9.265
9.912
9.949
7.593
4.938
4.437
1.996
0.5013
2.246
2.451
2.46
2.313
1.709
2.368
2.667
2.771
2.249
2.106
1.898
1.886
1.849
1.895
1.81
1.804
1.831
1.703
2.271
2.353
7.483
7.275
9.802
8.435
8.557
5.573
5.078
2.289
0.6958
1.804
2.203
2.133
2.313
2.328
2.023
1.898
2.219
2.09
1.938
2.228
2.234
2.17
2.2
2.225
2.155
2.563
2.325
5.884
8.191
8.862
8.496
8.655
6.86
5.011
3.973
1.431
0.5234
1.343
1.524
1.453
1.37
1.358
1.314
1.192
1.247
1.321
1.262
1.416
1.471
1.436
1.92
2.002
1.947
2.014
3.027
3.027
2.097
2.289
2.029
5.774
9.644
7.874
7.556
7.739
6.494
5.627
5.475
4.15
2.219
0.7874
1.767
2.005
1.627
1.599
1.561
1.558
1.608
1.807
1.978
2.133
2.032
1.694
1.53
1.498
1.282
1.558
1.688
1.512
1.361
1.372
2.786
5.396
4.614
3.186
5.542
8.752
6.36
6.396
6.195
4.73
4.095
3.821
1.883
0.2346
1.147
1.234
1.495
1.43
1.419
1.36
1.445
1.926
2.283
2.277
2.359
2.191
2.161
2.24
2.118
2.1
2.094
2.02
2.048
2.377
5.646
7.483
8.875
8.472
9.009
6.689
5.853
4.095
1.633
0.6958
1.469
3.748
2.176
0.07563
1.627
1.99
1.968
1.868
1.843
1.605
1.819
1.706
1.663
1.73
1.724
1.62
1.428
1.543
1.465
1.483
1.691
1.624
2.176
2.023
2.008
2.106
5.902
7.898
7.312
8.044
9.167
7.52
5.408
5.536
2.35
0.8514
1.88
2.121
2.203
2.206
2.133
2.151
1.892
1.688
1.538
1.526
1.52
1.324
1.285
1.514
1.433
1.465
1.434
1.494
1.566
1.396
1.425
1.472
1.207
1.167
2.124
7.056
5.64
4.608
7.178
6.531
6.738
5.688
6.128
4.114
4.724
3.079
1.81
0.0008583
0.0001907
0.7004
2.258
2.304
2.173
2.124
2.188
2.228
2.231
2.264
1.871
2.054
2.328
2.371
2.039
2.243
2.023
2.097
2.13
3.29
7.654
7.8
10.84
9.485
5.322
5.286
3.613
3.845
2.863
1.353
0.8224
0.9827
1.636
0.1875
1.352
1.245
0.2457
1.282
1.208
0.2228
1.669
0.7301
0.4143
1.648
0.7401
0.2411
0.9277
0.9949
0.9384
0.8469
0.827
0.9094
0.9384
1.076
1.064
1.187
1.016
0.9155
0.946
0.9369
1.151
1.192
1.123
1.378
1.318
1.463
1.283
1.344
1.282
1.239
1.163
1.163
1.103
1.042
1.115
1.225
1.215
1.483
1.219
3.375
6.86
5.042
3.674
3.882
6.958
5.035
4.877
5.743
4.712
5.072
3.522
3.827
4.034
1.697
1.469
0.753
0.08974
0.6592
0.779
0.2415
0.2304
0.1089
0.09241
0.2594
0.09422
0.528
0.3849
0.06332
0.6523
0.1438
0.1163
0.09823
0.08955
0.1162
0.2365
0.3719
0.288
0.09098
0.5127
0.3998
0.2396
0.1005
0.2789
0.3014
0.2743
0.2655
0.2846
0.2464
0.3029
0.07076
0.08783
0.1022
0.4021
0.008202
0.0
0.0
0.0
0.02012
0.4738
0.2232
0.1322
0.1045
0.2815
0.1144
0.3132
0.251
0.2666
0.3342
0.2415
0.1247
0.1289
0.2956
0.0004768
0.04444
0.3452
9.537e-05
9.537e-05
0.0
0.0
0.0
9.537e-05
0.0
0.0
0.0
0.0
0.0
0.0
0.0
9.537e-05
0.0
0.0
0.0
0.0002861
0.0
0.0
0.0
9.537e-05
0.0
0.0
0.0
0.132
0.7904
0.0
0.5524
0.4463
