0.3071
0.3586
0.4051
0.2731
0.2968
0.1532
0.4013
0.177
0.2197
0.2239
0.1301
0.1331
0.2743
0.1245
0.0
0.0
0.0
0.0
0.0
0.0
0.0
0.01574
0.3353
0.1474
0.3559
0.1633
0.3799
0.1734
0.3258
0.375
0.1772
0.3651
0.2033
0.1461
0.7591
1.218
1.254
1.259
1.028
2.28
5.701
4.108
2.576
0.6691
0.1938
0.1284
0.01402
0.1556
0.4684
0.9903
1.367
1.186
1.263
5.713
3.644
2.954
0.5524
0.1385
0.4196
0.16
0.3143
0.1068
0.4723
1.175
1.32
1.207
1.245
5.872
4.346
2.264
0.6447
0.3166
0.2262
0.2773
1.231
1.271
1.343
1.111
5.597
4.608
1.434
0.2998
0.6668
0.9598
0.9064
0.9613
0.9232
4.065
5.096
3.284
0.6218
0.9445
1.16
1.048
1.189
3.973
4.962
3.137
0.4929
0.1928
0.3815
0.1652
0.1844
0.4814
0.3799
0.1135
0.9811
1.102
1.236
1.151
4.602
4.352
2.78
0.4066
0.8972
1.138
1.428
1.335
5.835
4.132
1.999
0.4547
0.3704
0.4044
0.4395
0.06123
0.9048
1.097
0.9949
1.064
0.8713
5.341
3.253
3.668
0.5867
0.573
1.068
1.076
1.212
1.132
4.913
3.558
3.073
0.8621
0.4906
0.3922
0.5333
0.2995
0.1757
0.3563
0.3944
0.3006
0.222
0.6432
0.1532
0.264
0.2934
0.4616
0.2483
0.8438
0.9979
1.164
0.8743
0.8621
0.8484
5.444
2.615
2.777
1.057
0.341
0.3914
0.1493
0.2274
0.4517
0.2945
0.1673
0.3902
0.4066
0.3811
0.2026
0.6371
0.1106
0.2586
0.1791
0.0002861
0.0
9.537e-05
0.0002861
0.0
0.0
0.0
0.3498
0.1446
0.1242
0.4486
0.3841
0.3162
0.03128
0.4692
0.3254
0.2831
0.193
0.4097
0.248
0.128
0.2491
0.2625
0.0003815
0.0
0.0
0.0
0.0
0.0
0.0
0.0
0.2045
0.322
0.2106
0.2892
0.2483
0.4448
0.2682
0.3506
0.4028
0.1152
0.1188
0.3773
0.3025
0.132
0.2968
0.1081
0.0002861
0.0005722
0.0
0.0
0.0
0.0
0.0
0.0
0.01764
0.2079
0.5463
0.1184
0.112
0.4005
0.3262
0.1017
0.09012
0.2773
0.2777
0.4524
0.4692
0.4883
0.5196
0.0
0.0006676
0.0
0.0
0.0
0.0
0.0
0.0
0.0
0.01307
0.7225
0.2491
0.1423
0.3513
0.1554
0.1684
0.2239
0.3609
0.1749
0.1076
0.2464
0.2815
0.2399
0.1545
0.3025
0.2151
0.0
9.537e-05
0.0
0.0
0.0
9.537e-05
0.1148
0.3464
0.1589
0.3105
0.09937
0.4288
0.5508
0.2197
0.4898
0.189
0.2171
0.3525
0.3914
0.1753
0.2476
0.2323
0.0002861
0.0001907
0.0
0.0
0.0
0.0
0.0
0.0
0.0
0.0
0.04225
0.5653
0.378
0.1783
0.1455
0.0742
0.3269
0.1736
0.0
0.0
0.00658
0.1141
0.1356
0.1453
9.537e-05
0.0001907
0.0001907
0.0
0.0
0.0001907
0.0
0.0
0.0
0.0
0.008297
0.1308
0.0
0.0
0.0
0.0
0.0
0.0
0.0
0.0
0.0
0.0
0.0
9.537e-05
0.0
0.0
0.0
0.0
0.0
0.0
0.0
0.0
0.0
0.1015
0.6241
0.2003
0.3868
0.1894
0.07954
0.853
0.9033
1.106
1.312
1.28
1.392
1.331
1.057
1.137
1.291
1.256
1.045
0.8606
0.9567
1.057
1.076
1.097
1.292
1.129
1.291
8.716
8.142
10.73
10.44
9.741
8.63
7.153
5.939
3.827
1.411
1.843
0.8392
1.019
1.224
1.26
1.303
1.198
0.9491
0.9415
0.943
1.001
0.9964
1.067
1.001
1.253
1.282
1.225
1.07
1.173
1.401
1.283
5.005
11.84
10.14
11.82
9.192
8.813
7.141
5.634
3.098
3.043
0.856
0.7416
0.7637
1.083
1.215
1.236
0.9171
0.9064
0.9201
0.9109
1.396
1.26
1.358
1.289
1.241
1.146
1.1
1.207
1.192
1.074
1.112
1.422
10.77
8.423
10.88
8.875
10.52
7.434
7.812
4.956
3.046
2.798
2.042
0.03319
1.035
1.118
0.9674
1.14
1.196
1.215
1.166
1.006
0.9827
0.9109
0.8652
1.015
0.9415
0.8911
1.044
1.105
1.057
1.149
0.9796
0.9552
1.147
1.297
8.838
9.424
8.545
9.619
9.07
7.727
8.044
7.312
5.817
4.694
1.978
0.5554
0.8179
1.044
0.9598
0.7591
0.7736
0.8804
0.8987
0.9888
0.9445
1.089
1.048
1.181
1.041
0.9338
0.8438
0.8606
0.8911
0.9109
0.9583
0.9293
0.9827
0.8682
0.9109
5.573
7.52
8.069
11.19
7.825
10.21
7.751
8.386
4.932
4.028
3.18
1.837
0.5241
0.8911
0.914
0.7317
0.7454
0.8331
0.9491
0.9811
1.125
1.056
1.099
1.015
0.9308
0.8301
0.7797
0.8453
0.9354
0.9277
0.9506
1.112
0.9598
0.8179
0.9048
4.053
8.35
9.766
12.27
11.22
12.17
9.045
5.652
3.821
2.106
0.4379
0.827
5.695
1.874
0.3044
0.9079
3.067
4.272
0.592
0.8194
1.843
4.999
0.7393
0.6241
0.7629
1.012
7.336
3.784
0.9155
0.473
0.8133
5.194
2.133
0.165
0.7545
0.7828
5.835
1.514
0.3098
0.824
3.021
4.327
0.7156
0.5859
0.882
5.054
1.932
0.2419
0.8698
2.57
3.992
0.6157
0.5119
0.9491
4.962
1.74
0.05312
1.118
1.265
1.173
1.262
1.073
1.025
1.012
1.224
1.27
1.208
1.094
1.036
1.14
1.163
1.349
1.131
4.694
12.16
12.13
11.62
12.77
9.07
7.007
3.845
1.929
0.4616
1.212
1.253
1.314
1.088
0.972
1.07
1.035
1.152
1.266
1.117
1.1
1.08
1.196
1.164
1.17
1.326
5.121
12.96
10.55
15.48
13.31
8.313
8.606
5.67
3.381
1.286
0.9445
1.175
1.151
1.202
1.245
1.073
0.9766
0.9338
1.097
1.158
1.007
0.8484
0.6966
0.5234
0.4906
0.5219
0.4555
0.444
0.7446
1.161
1.053
2.582
8.582
4.73
6.775
5.865
9.656
8.313
6.299
8.325
5.627
4.828
3.772
2.444
3.186
0.2213
1.648
0.7874
0.1528
0.9888
0.2235
0.2682
0.09899
0.07544
0.07439
0.3162
0.2045
0.3681
0.1032
0.1106
0.5371
0.3487
0.415
0.1772
0.4646
0.8942
0.972
0.3613
1.266
1.329
1.247
1.328
1.198
1.161
1.262
1.279
1.25
1.186
1.227
1.317
1.202
1.283
1.297
1.288
7.703
12.96
10.57
10.66
8.63
9.241
7.178
5.756
2.893
1.541
0.6279
0.75
0.6355
0.8377
0.7484
0.9064
0.7965
0.3601
0.2052
0.3975
0.5219
0.6821
0.4509
0.5486
0.4448
0.3773
0.4265
0.005341
0.02546
0.9338
1.103
1.115
1.233
1.138
0.943
0.9232
0.7843
0.9003
1.051
1.099
1.111
0.8698
1.028
1.025
1.134
1.126
1.173
1.178
1.056
1.007
3.012
7.043
10.78
7.642
10.57
9.045
9.412
8.618
5.383
3.369
3.027
2.06
0.6088
0.2792
0.1274
0.2964
0.3582
0.3746
0.123
0.2449
0.1762
0.0
9.537e-05
0.0
0.0
0.0003815
0.0
0.0
0.0
0.0
0.0
0.0
9.537e-05
0.0
0.0
0.0001907
9.537e-05
0.0
0.0
0.0
0.0
0.0
9.537e-05
0.882
0.6676
0.4257
0.3597
0.7607
0.7561
0.6523
0.2655
