0.1202
0.2235
0.2121
0.2037
0.2361
0.1709
0.4593
0.2449
0.09918
0.3334
0.2441
0.3738
0.141
0.2411
0.1801
0.0005722
0.0
0.0
0.0
0.008869
0.4738
0.1574
0.1417
0.4723
0.1146
0.08392
0.2701
0.1871
0.104
0.4257
0.1635
0.2064
0.4654
0.1497
0.1551
0.1419
0.1991
1.561
1.639
1.262
1.146
1.581
1.663
6.213
3.839
3.699
0.9048
0.2098
0.2293
1.642
2.026
1.73
1.926
2.032
6.042
4.205
1.978
0.2064
0.2426
0.3666
0.1591
0.2731
0.1539
1.003
1.468
1.358
1.175
1.27
1.183
2.045
4.517
1.877
2.783
1.788
0.4616
0.115
0.1759
0.7256
0.7736
0.914
0.9598
0.9628
0.8133
0.8041
0.7629
0.6897
0.7721
3.595
2.701
1.773
2.774
1.788
0.9369
0.3471
0.156
0.1087
0.07248
0.2285
0.2865
0.1965
0.182
0.3193
1.054
0.9842
0.9125
0.9399
0.8606
0.9567
1.132
0.8423
4.102
3.223
2.112
2.631
0.444
0.798
1.761
1.886
1.657
1.804
4.041
3.04
3.351
1.733
0.9247
0.1301
0.9262
0.7538
0.7713
0.7027
0.7187
0.7187
0.6866
0.8301
0.9445
1.498
5.2
2.249
3.168
2.054
1.204
0.5386
0.4173
0.3822
0.1118
0.1007
0.3391
0.2903
0.1167
0.8987
0.9659
0.9171
0.7515
0.8774
0.9064
0.9003
0.914
1.004
0.9079
4.095
2.795
3.302
1.932
0.9506
0.3551
0.5363
0.1801
0.1074
0.07315
0.3571
0.4784
0.2228
0.1015
0.06227
0.2533
0.362
0.6577
0.09861
0.6233
0.4539
0.3895
0.3391
9.537e-05
9.537e-05
0.0
9.537e-05
0.0
0.006008
0.0001907
0.03328
0.415
0.1692
0.1146
0.07305
0.3296
0.2621
0.5829
0.3101
0.1186
0.08259
0.2735
0.3902
0.2396
0.1842
0.2041
0.1036
0.0
0.0
0.0
0.0
0.0
0.005531
0.333
0.275
0.2602
0.2842
0.3517
0.272
0.2007
0.3429
0.4219
0.3139
0.1093
0.1125
0.3429
0.3895
0.09556
0.09642
0.3139
0.2316
0.0007629
0.0008583
0.0001907
0.0
0.0
0.02651
0.2563
0.3666
0.04702
0.09699
0.06418
0.2487
0.5653
0.1562
0.08564
0.3033
0.1766
0.333
0.256
0.2357
0.5486
0.1076
0.1135
0.08144
0.3036
0.2045
0.0006676
9.537e-05
0.0
0.01736
0.6218
0.5043
0.1816
0.1541
0.9262
0.1968
0.2224
0.2338
0.6676
0.0
0.002384
0.0
0.02699
0.1898
0.1873
0.1726
0.2388
0.1944
0.0
0.0
0.0
0.0001907
0.0
0.008583
0.2598
0.3265
0.1587
0.4105
0.1747
0.1183
0.1152
0.3563
0.02565
0.5745
0.2758
0.235
0.2975
0.7965
0.3197
0.1507
0.2838
0.1205
0.0006676
0.0
0.0
0.0004768
0.0
0.03462
0.2129
0.1699
0.3551
0.2003
0.1457
0.3433
0.2136
0.5058
0.1417
0.2827
0.4539
0.08802
0.1223
0.1101
0.3407
0.1551
0.4181
0.1539
0.1223
0.3807
0.03767
0.0007629
0.0
0.005341
0.9399
0.1371
0.2651
0.2121
0.2247
0.1171
0.4807
0.1343
0.2563
0.1328
0.2563
0.2949
0.3094
0.1701
0.3845
0.333
0.1295
0.2525
0.1617
0.001049
0.0
0.0001907
0.0
0.004673
0.5051
0.4189
0.7256
0.4501
0.0
0.0967
0.8316
0.1183
0.1221
1.166
1.494
1.669
2.039
2.237
1.895
2.191
1.804
1.682
2.005
1.929
1.514
1.369
1.44
1.624
1.562
1.575
1.797
1.727
1.84
3.607
6.519
10.73
8.923
10.67
10.28
7.776
8.997
7.532
3.516
3.65
0.2129
1.105
1.468
1.923
1.485
1.512
1.375
1.344
1.349
1.46
1.389
1.34
1.555
1.947
1.904
1.578
1.433
1.529
1.752
1.498
1.703
1.709
1.379
3.729
6.628
9.058
9.753
10.64
7.874
8.948
9.9
6.531
3.601
3.253
2.005
1.434
1.546
1.295
1.645
1.73
1.889
1.871
1.871
1.825
1.657
1.645
1.596
1.709
1.611
1.328
1.289
1.399
1.189
1.526
1.788
1.311
1.266
1.491
5.481
9.924
9.656
7.08
8.606
10.72
6.653
8.948
6.14
3.448
3.253
2.02
0.882
1.552
1.7
1.755
1.767
1.503
1.44
1.532
1.602
1.617
1.569
1.794
1.457
1.43
1.685
1.657
1.749
1.59
1.566
1.21
1.276
1.262
1.981
5.408
10.29
9.058
7.751
9.033
9.204
9.485
7.104
5.249
3.43
2.325
1.016
1.041
1.231
1.353
1.624
1.706
1.552
1.794
1.633
1.285
1.303
1.587
1.59
1.59
1.59
1.549
1.578
1.617
1.422
1.405
1.605
1.706
2.316
9.314
8.435
7.41
8.984
10.13
7.08
8.252
4.883
4.987
3.241
2.408
0.9674
1.198
1.442
1.642
1.761
1.834
1.709
1.45
1.428
1.338
1.431
1.569
1.627
1.572
1.627
1.605
1.302
1.26
1.503
1.512
1.501
1.73
1.712
7.043
8.618
6.567
10.84
7.849
8.508
7.52
7.166
5.688
3.345
3.308
0.5768
1.155
1.299
4.877
1.797
0.2766
1.094
1.164
3.522
1.733
0.8499
0.1766
0.1028
0.4005
0.00515
0.0
0.4189
0.8636
0.824
2.686
2.429
1.364
0.5501
0.856
0.9323
2.731
3.534
1.103
0.2068
0.1051
0.1068
0.4623
0.2075
0.4944
0.5318
0.9888
4.779
1.546
0.4913
0.6805
0.9781
0.9369
1.184
1.039
1.788
1.559
1.41
1.608
1.709
2.045
1.678
1.645
1.633
1.682
1.868
1.907
1.984
1.74
1.825
2.148
2.026
6.311
9.973
9.338
9.534
9.387
8.667
8.813
5.914
3.809
2.972
0.6149
1.392
1.791
1.868
1.654
1.558
1.408
1.39
1.393
1.463
1.222
1.468
1.402
1.283
1.337
1.855
1.73
1.91
1.84
1.999
1.791
1.556
5.292
10.13
9.729
11.58
7.397
8.484
7.629
5.627
4.718
3.418
1.172
1.459
1.491
1.361
1.678
1.712
1.703
1.797
1.877
2.011
2.045
2.191
2.011
1.996
2.1
1.974
2.011
1.883
1.761
1.547
4.681
11.45
6.836
11.43
7.3
10.13
7.593
6.067
4.968
2.881
2.011
0.2789
0.1202
0.08402
0.378
0.4677
1.062
1.439
0.2914
0.2869
0.1545
0.2174
0.3101
0.2773
0.1196
0.08774
0.28
0.1436
0.8789
0.3502
0.08602
0.1232
0.09165
0.3071
0.1209
0.8118
0.7996
0.7904
0.4578
0.4562
0.2457
0.1097
0.07925
0.07915
0.3231
0.3681
0.135
0.6378
0.7668
0.3208
0.4562
0.6615
0.3292
0.5028
0.2304
0.09956
0.07687
0.1366
0.2769
0.4272
0.3777
0.5737
0.1301
0.6508
0.4829
0.06742
0.7622
0.8179
0.827
0.8179
0.7797
0.8118
1.453
1.633
1.715
1.569
1.663
1.514
1.134
0.798
0.6584
0.8469
0.8743
0.9262
0.7454
0.8301
0.8347
0.8621
0.8255
0.8041
0.9399
0.8743
0.8713
0.7965
0.8743
0.7324
0.914
0.9323
1.031
0.8652
0.9094
2.515
7.874
4.077
5.188
3.625
5.042
9.021
6.665
6.433
6.348
6.738
4.688
3.717
4.23
1.736
3.381
0.0
0.0
9.537e-05
0.0
0.0
0.0
0.0
0.0
0.0
0.0
9.537e-05
0.0
0.0
0.0
0.0
0.0
0.02642
0.6897
0.6012
0.001431
0.5371
0.2972
0.2209
0.1169
0.09518
0.3071
0.1362
