8.826
8.936
9.302
16.65
20.8
20.21
13.48
19.29
20.63
16.31
9.29
8.899
15.38
20.83
20.34
11.21
6.689
6.47
6.409
6.824
8.789
9.473
18.26
20.8
16.8
9.241
16.21
20.8
20.41
10.73
9.045
8.911
8.911
8.789
12.94
20.68
20.61
14.94
14.21
16.43
17.14
17.6
18.02
18.33
18.6
18.75
15.92
15.26
13.62
12.84
9.387
8.826
9.033
8.838
14.55
16.41
17.16
17.7
18.09
18.41
18.58
15.84
14.72
12.48
11.38
11.12
15.84
16.89
17.6
18.02
18.38
18.6
17.31
15.19
13.53
12.45
11.82
20.24
20.83
19.95
14.23
9.229
9.131
8.862
8.936
10.21
18.33
20.85
20.48
13.26
13.28
16.19
17.04
17.6
17.94
18.24
18.55
16.82
15.06
13.94
12.43
9.009
9.07
9.094
9.277
9.509
9.204
9.448
16.77
20.83
20.65
15.5
12.43
16.21
17.07
17.6
17.97
18.46
18.6
16.58
15.23
14.75
13.11
9.644
9.753
12.67
20.58
19.82
11.46
15.45
20.7
20.83
19.68
10.29
16.99
20.78
20.56
13.16
12.15
16.04
16.99
17.58
18.07
18.21
18.58
18.75
16.43
15.21
14.5
12.02
9.68
8.728
9.644
15.04
16.85
17.53
17.99
18.26
18.7
18.02
15.41
14.55
12.77
10.84
9.521
9.521
9.448
9.021
9.18
9.424
9.521
9.802
8.728
9.924
9.29
8.984
9.485
8.728
9.68
9.314
9.473
9.399
6.604
6.604
6.494
6.409
6.409
6.409
6.409
6.409
8.972
9.79
18.04
20.83
20.83
15.7
9.07
9.241
9.216
9.155
9.155
9.155
9.045
9.192
9.07
8.484
6.604
6.604
6.604
6.604
6.604
6.604
6.604
6.604
8.85
9.204
8.728
9.045
9.375
8.569
9.106
9.167
9.18
12.52
19.92
20.85
20.85
19.48
13.62
9.119
6.604
6.604
6.604
6.604
6.604
6.604
6.604
6.604
8.386
9.167
15.75
20.73
20.85
20.48
15.36
9.265
9.485
9.253
9.216
9.18
9.558
9.424
13.7
20.46
20.85
20.65
13.72
6.763
6.604
6.604
6.604
6.604
7.458
8.984
8.667
8.496
9.656
8.74
13.7
20.61
20.85
20.02
11.9
9.082
8.887
8.691
8.948
15.04
20.65
20.83
15.23
6.836
6.641
6.604
6.592
6.787
9.192
9.473
10.4
18.14
20.85
20.85
15.7
9.18
9.106
9.167
11.46
19.53
20.85
20.8
19.07
8.765
6.641
6.604
6.604
6.604
6.604
6.604
6.604
6.604
7.202
8.887
15.77
20.83
20.85
20.29
10.02
8.752
9.338
17.09
20.85
19.82
9.277
8.887
9.143
7.642
6.604
6.604
6.604
6.604
6.604
6.604
6.604
6.604
6.604
8.325
8.728
8.362
8.472
9.387
9.033
12.24
20.39
20.83
20.41
15.16
8.74
8.533
8.716
11.28
19.36
20.85
20.83
19.56
7.715
6.726
6.604
6.604
9.241
9.363
14.18
20.68
20.83
19.63
12.21
15.65
17.09
17.65
18.16
18.38
18.6
18.99
19.21
19.34
19.43
19.53
19.53
19.63
19.73
19.73
19.8
19.9
19.97
20.12
20.12
20.12
20.12
20.29
20.29
20.39
20.58
20.7
20.7
20.7
19.51
17.36
18.87
20.48
20.75
20.87
20.87
20.87
20.9
20.53
20.04
18.41
16.75
16.06
15.43
8.411
13.01
16.58
17.36
17.92
18.24
18.48
18.75
18.99
19.21
19.38
19.51
19.56
19.58
19.73
19.92
19.92
19.92
20.07
20.12
20.12
20.12
20.19
20.31
20.34
20.48
20.65
20.68
20.73
19.56
17.55
18.48
19.8
20.68
20.7
20.68
20.63
20.53
20.48
20.02
19.53
19.24
18.95
17.09
15.04
9.351
8.374
14.75
16.8
17.5
17.97
18.33
18.58
18.92
19.24
19.46
19.6
19.73
19.9
20.04
20.12
20.21
20.29
20.46
20.68
20.7
20.26
16.92
17.41
20.07
20.85
20.85
20.65
20.26
18.95
16.77
14.97
7.642
11.82
17.04
18.04
18.6
18.99
19.36
19.53
19.7
19.8
20.0
20.14
20.21
20.34
20.31
20.51
20.7
20.14
18.04
18.73
20.85
20.85
20.75
20.68
20.17
18.24
16.14
9.9
10.4
16.77
18.02
18.55
18.97
19.41
19.53
19.7
19.8
20.0
20.12
20.19
20.31
20.48
20.63
20.78
20.56
18.24
18.21
20.12
20.85
20.85
20.85
20.46
19.02
18.85
10.97
13.6
17.38
18.31
18.8
19.24
19.41
19.58
19.8
19.92
20.09
20.19
20.31
20.31
20.53
20.68
20.7
19.68
18.36
20.73
20.8
20.83
20.53
19.6
19.56
16.26
9.033
15.23
16.97
15.84
14.11
13.65
20.29
14.82
13.09
16.92
15.01
13.38
10.1
16.02
15.7
13.43
10.44
16.09
16.46
13.23
12.05
11.12
16.38
14.94
12.46
11.5
18.7
19.41
10.49
15.36
17.11
13.5
12.62
10.46
16.38
15.53
12.92
10.39
11.6
17.16
18.24
18.7
19.21
19.48
19.63
19.75
19.92
20.0
20.12
20.26
20.31
20.31
20.48
20.61
20.7
20.7
19.7
17.63
19.7
20.24
20.75
20.87
20.87
20.87
20.41
19.26
18.99
16.31
13.18
12.89
12.41
10.08
9.363
8.203
7.776
12.79
16.5
17.26
17.72
18.14
18.38
18.53
18.63
18.95
19.19
19.36
19.48
19.56
19.73
19.75
19.75
19.92
20.02
20.19
20.26
20.34
20.51
20.65
20.7
18.43
18.92
19.9
20.65
20.87
20.87
20.87
20.87
20.8
20.14
19.02
16.6
15.14
15.11
15.11
15.11
13.48
9.521
14.28
12.52
10.44
12.48
13.21
10.82
10.78
11.71
9.778
12.19
12.34
12.55
17.92
20.19
20.41
19.68
13.92
13.04
15.58
19.85
20.14
19.36
13.55
11.76
10.85
10.49
11.84
10.89
12.74
17.5
20.21
18.33
9.875
9.68
9.729
9.338
9.692
9.668
9.9
9.766
9.619
9.949
18.12
20.63
12.65
9.863
9.448
9.705
9.619
10.58
15.31
18.58
19.43
11.23
14.06
16.8
17.68
18.46
18.85
19.21
19.48
19.6
19.73
19.82
19.95
20.12
20.29
20.31
20.41
20.51
20.68
20.7
19.87
18.38
19.53
20.48
20.85
20.85
20.85
20.7
18.14
17.53
15.06
8.118
9.546
9.412
15.36
20.83
19.19
11.77
20.51
20.02
10.07
9.375
9.192
9.351
9.229
9.863
9.155
9.253
8.032
6.604
6.604
6.604
7.898
9.338
9.424
9.106
9.448
9.119
9.351
9.363
9.082
9.338
9.155
8.789
9.094
9.033
8.838
9.546
10.62
19.85
20.53
12.84
6.848
6.641
6.604
6.604
6.604
6.604
6.604
6.604
6.604
6.604
6.604
6.604
6.604
6.604
6.604
6.604
6.604
6.604
6.604
6.604
10.3
9.619
9.436
10.06
11.32
18.41
20.83
20.85
16.67
