0.006104
0.004292
0.004768
0.007915
0.006771
0.009727
0.008297
0.003624
0.006294
0.006866
0.004864
0.008106
0.004387
0.008202
0.007248
0.004005
0.00515
0.005913
0.004387
0.00391
0.006294
0.00658
0.004101
0.00782
0.004959
0.003624
0.005341
0.005531
0.004292
0.005341
0.006485
0.005054
0.004959
0.004005
0.006294
0.005531
0.003719
0.004673
0.004768
0.004292
0.005054
0.006676
0.005245
0.004387
0.007629
0.004482
0.004578
0.004768
0.005817
0.003242
0.003433
0.004864
0.00639
0.003338
0.003433
0.00248
0.00391
0.004292
0.003529
0.003433
0.004578
0.002861
0.004005
0.004292
0.004196
0.004101
0.006104
0.003815
0.005245
0.004482
0.00391
0.003433
0.005722
0.007439
0.007629
0.006294
0.004768
0.006104
0.00515
0.005436
0.00248
0.004292
0.003052
0.002861
0.004959
0.003719
0.004292
0.004959
0.004292
0.004196
0.004196
0.004101
0.005627
0.005722
0.002956
0.00391
0.004005
0.006676
0.004101
0.003338
0.00658
0.003815
0.004196
0.003242
0.005913
0.007153
0.004101
0.03405
0.003529
0.006294
0.006866
0.006008
0.00658
0.004482
0.005627
0.004864
0.006199
0.005817
0.01802
0.2182
0.06905
0.09165
0.1038
0.08707
0.006866
0.006008
0.009632
0.07372
0.003338
0.005913
0.005245
0.004292
0.005054
0.005817
0.006104
0.00658
0.007153
0.007629
0.006676
0.008106
0.008678
0.007915
0.008297
0.004864
0.005054
0.009537
0.008392
0.007915
0.005817
0.008106
0.007629
0.00639
0.007343
0.008202
0.005817
0.01078
0.007343
0.008583
0.005054
0.00639
0.008106
0.006676
0.008965
0.01106
0.008011
0.008106
0.004387
0.01278
0.00658
0.007343
0.007439
0.009727
0.005531
0.005436
0.006962
0.006199
0.006294
0.007915
0.0104
0.00906
0.01125
0.006771
0.009441
0.007629
0.01135
0.01001
0.009155
0.0103
0.01221
0.005913
0.009346
0.007534
0.009251
0.006866
0.008488
0.008488
0.008774
0.007534
0.005627
0.003529
0.003052
0.006676
0.004005
0.006866
0.005245
0.00906
0.005436
0.004482
0.005341
0.007439
0.006485
0.008965
0.008678
0.01116
0.01059
0.01116
0.00639
0.01078
0.009251
0.006866
0.01535
0.007439
0.009155
0.008965
0.01049
0.0102
0.01202
0.008297
0.008202
0.005341
0.006771
0.009346
0.007534
0.009441
0.0124
0.008106
0.006199
0.01144
0.007915
0.005531
0.009251
0.006294
0.006199
0.008774
0.007915
0.007057
0.005722
0.007153
0.006294
0.01011
0.006485
0.00639
0.004864
0.01116
0.007248
0.005436
0.008869
0.008202
0.008869
0.01068
0.004578
0.008106
0.007915
0.005627
0.004768
0.007057
0.00391
0.007153
0.008678
0.006771
0.009155
0.006771
0.003815
0.007629
0.004959
0.006485
0.005817
0.005341
0.007057
0.00515
0.008011
0.006866
0.007915
0.00639
0.006962
0.005913
0.006676
0.005722
0.005341
0.007629
0.009441
0.009251
0.008011
0.008011
0.005817
0.01078
0.005722
0.004864
0.007915
0.004864
0.005531
0.005531
0.008106
0.007248
0.007915
0.00658
0.004578
0.006294
0.005245
0.004578
0.009346
0.008678
0.007439
0.008297
0.006866
0.01068
0.005531
0.00639
0.004482
0.005722
0.006008
0.005531
0.005054
0.01144
0.005913
0.004959
0.008583
0.007057
0.004959
0.005627
0.006008
0.00515
0.004959
0.006676
0.01001
0.004673
0.003242
0.008583
0.004292
0.004673
0.004578
0.00906
0.006962
0.005913
0.00639
0.01125
0.005913
0.004673
0.004005
0.002956
0.003624
0.004864
0.005341
0.004292
0.004005
0.005627
0.006866
0.006199
0.005436
0.003815
0.005245
0.00391
0.005245
0.003433
0.006104
0.003433
0.008774
0.004387
0.003242
0.005341
0.004959
0.00639
0.003052
0.004196
0.003242
0.004768
0.007629
0.01011
0.008965
0.008011
0.005817
0.004768
0.00658
0.00515
0.005627
0.002098
0.00515
0.00391
0.005627
0.003433
0.00391
0.007915
0.006199
0.007343
0.004959
0.004673
0.007248
0.009823
0.008869
0.004482
0.006294
0.007725
0.007915
0.005054
0.006294
0.06733
0.1146
0.03033
0.05589
0.07353
0.1093
0.03557
0.008392
0.005627
0.02317
0.003529
0.004673
0.005817
0.008297
0.004768
0.005817
0.004196
0.006008
0.005627
0.00782
0.008202
0.005245
0.00782
0.01001
0.007629
0.007057
0.007153
0.009537
0.009823
0.008869
0.00782
0.006199
0.006962
0.008202
0.006199
0.008583
0.0659
0.006199
0.009918
0.005341
0.00906
0.004959
0.008106
0.008488
0.008869
0.006485
0.01183
0.007057
0.009251
0.008202
0.0102
0.007248
0.007153
0.007248
0.007439
0.008011
0.009537
0.009918
0.01068
0.008678
0.009251
0.008965
0.007629
0.0103
0.01059
0.008106
0.01249
0.01116
0.01307
0.01183
0.007153
0.01011
0.01202
0.01202
0.009632
0.008583
0.009155
0.008106
0.006485
0.007725
0.007725
0.009537
0.008488
0.01059
0.006294
0.008488
0.008392
0.009537
0.007725
0.00906
0.008106
0.008392
0.01106
0.0124
0.0104
0.005722
0.008392
0.006485
0.009155
0.00639
0.007915
0.01059
0.01287
0.0124
0.009632
0.01011
0.007439
0.008678
0.007725
0.007439
0.008774
0.01116
0.005054
0.008965
0.01545
0.007725
0.008678
0.007725
0.008965
0.007629
0.008392
0.007153
0.01144
0.006676
0.007057
0.005913
0.008106
0.008678
0.009441
0.008965
0.01011
0.008678
0.008392
0.00639
0.005627
0.004959
0.008297
0.008583
0.005722
0.006962
0.005627
0.008106
0.008202
0.006866
0.006294
0.006866
0.007725
0.004959
0.00515
0.004959
0.00515
0.006676
0.009632
0.006008
0.007248
0.007248
0.007153
0.006485
0.005722
0.004864
0.005627
0.004387
0.004768
0.006199
0.005245
0.004768
0.00515
0.004482
0.003815
0.004768
0.002861
0.003815
0.004482
0.004387
0.004578
0.004387
0.003338
0.002956
0.006199
0.003719
0.005817
0.004482
0.003815
0.003529
0.003052
0.00391
0.004101
0.004768
0.003242
0.005913
0.005054
0.006294
0.007153
0.004292
0.004387
0.004482
0.005531
0.004292
0.003529
0.003815
0.003624
0.004005
0.004864
0.003338
0.005627
0.004387
0.004673
0.006008
0.004578
0.005627
0.003719
0.00515
0.004292
0.003719
0.003242
0.004196
0.005627
0.002956
0.004005
0.00515
0.003338
0.00248
0.004482
0.002861
0.003242
0.003147
0.005531
0.003815
0.003529
0.004005
0.004101
0.004959
0.003529
0.003242
0.00391
0.00391
0.002289
0.00391
0.00658
0.004101
0.002575
0.003147
0.002575
0.003433
0.003242
0.005341
0.003338
0.004387
0.005054
0.003624
0.005722
0.004005
0.003815
0.006294
0.003338
0.006104
0.00658
0.003338
0.006866
0.004005
0.00639
0.005436
0.005436
0.007439
0.003433
0.003624
0.007057
0.004864
0.006008
0.005054
0.005627
0.00658
0.005722
0.005054
0.004864
0.004959
0.004768
0.002956
0.003242
0.005722
0.005054
0.007629
0.005531
0.005627
0.004101
0.00391
0.003719
0.006676
0.1143
0.09089
0.04787
0.06704
0.09861
0.1408
0.04158
0.008202
0.008011
0.01497
0.009441
0.005054
0.01373
0.004578
0.004196
0.006008
0.006485
0.005245
0.005245
0.00515
0.00515
0.005054
0.009251
0.004387
0.008297
0.006104
0.004864
0.005054
0.00658
0.01001
0.004864
0.009155
0.005054
0.006294
0.006104
0.007248
0.008678
0.00639
0.006771
0.008297
0.005436
0.005245
0.008488
0.008583
0.00639
0.009918
0.01125
0.009632
0.008488
0.006771
0.007248
0.007915
0.008488
0.007725
0.00782
0.007439
0.008392
0.008488
0.007153
0.007057
0.007057
0.0144
0.07067
0.01383
0.008011
0.01011
0.00906
0.01087
0.01068
0.007343
0.01087
0.006771
0.01059
0.008488
0.00782
0.01297
0.008392
0.009918
0.009823
0.01268
0.01078
0.01173
0.01125
0.009823
0.01116
0.01144
0.01297
0.008011
0.009632
0.009346
0.00906
0.01049
0.01144
0.01154
0.007725
0.01373
0.01068
0.00639
0.01154
0.008583
0.00782
0.008965
0.01287
0.01459
0.008965
0.008774
0.009918
0.008965
0.01554
0.01249
0.008869
0.007915
0.0123
0.01335
0.008869
0.009727
0.01316
0.01307
0.01373
0.01059
0.008488
0.01659
0.01192
0.007057
0.008106
0.009441
0.009727
0.008774
0.01078
0.01183
0.0103
0.01106
0.007725
0.008106
0.01125
0.01125
0.007439
0.00658
0.008583
0.01631
0.008488
0.008011
0.007057
