4.089
4.059
4.065
4.059
4.059
4.059
4.187
4.248
4.248
4.254
4.254
4.254
4.248
4.254
4.248
4.254
4.254
4.254
4.254
4.254
4.254
4.254
4.254
4.254
4.254
4.254
4.254
4.059
4.193
4.26
4.26
4.26
4.26
4.26
4.254
4.254
4.254
4.254
4.254
4.095
4.254
4.254
4.254
4.248
4.248
4.248
4.242
4.242
4.242
4.248
4.242
4.248
4.248
4.248
4.248
4.248
4.248
4.248
4.248
4.248
4.254
4.26
4.26
4.254
4.254
4.254
4.254
4.26
4.26
4.254
4.26
4.26
4.26
4.26
4.26
4.26
4.26
4.26
4.26
4.26
4.26
4.26
4.26
4.26
4.26
4.26
4.26
4.26
4.26
4.26
4.26
4.26
4.407
4.327
4.26
4.26
4.26
4.26
4.26
4.26
4.26
4.26
4.26
4.266
4.266
4.26
4.26
4.26
4.26
4.26
4.26
4.26
4.26
4.26
4.26
4.26
4.26
4.26
4.26
4.26
4.26
4.26
4.26
4.266
4.266
4.266
4.26
4.266
4.266
4.26
4.266
4.26
4.26
4.26
4.26
4.26
4.26
4.26
4.26
4.26
4.26
4.26
4.266
4.266
4.266
4.266
4.266
4.266
4.266
4.26
4.26
4.26
4.26
4.26
4.266
4.26
4.26
4.26
4.26
4.26
4.26
4.26
4.26
4.26
4.26
4.26
4.26
4.26
4.26
4.26
4.26
4.266
4.266
4.266
4.26
4.26
4.26
4.26
4.26
4.26
4.26
4.26
4.26
4.26
4.26
4.26
4.26
4.187
4.211
4.248
4.248
4.23
4.114
4.248
4.248
4.248
4.248
4.224
4.065
3.986
4.059
4.065
4.065
4.15
4.254
4.187
4.254
4.248
4.248
4.254
4.254
4.254
4.175
4.059
4.059
4.089
4.065
4.144
4.26
4.26
4.26
4.26
4.26
4.254
4.254
4.205
4.26
4.218
4.065
4.065
4.065
4.138
4.254
4.138
4.065
4.144
4.126
4.065
4.211
4.254
4.254
4.254
4.26
4.26
4.187
4.23
4.077
4.059
4.065
4.095
4.12
4.248
4.242
4.248
4.248
4.083
4.065
4.065
4.059
4.126
4.26
4.26
4.132
4.205
4.15
4.065
4.059
4.059
4.065
4.059
4.059
4.059
4.065
4.059
4.059
4.059
4.059
4.059
4.059
4.065
4.059
4.059
4.059
4.059
4.059
4.059
4.059
4.059
4.059
4.059
4.059
4.059
4.059
4.059
4.059
4.059
4.059
4.059
4.059
4.059
4.059
4.059
4.059
4.059
4.059
4.132
4.242
4.242
4.248
4.248
4.248
4.248
4.248
4.248
4.242
4.242
4.248
4.242
4.242
4.242
4.242
4.242
4.242
4.242
4.242
4.242
4.242
4.248
4.242
4.242
4.242
4.242
4.242
4.242
4.242
4.248
4.242
4.248
4.254
4.254
4.254
4.254
4.254
4.254
4.254
4.254
4.254
4.254
4.254
4.254
4.254
4.26
4.26
4.431
4.443
4.443
4.26
4.26
4.26
4.26
4.26
4.26
4.26
4.26
4.26
4.26
4.26
4.26
4.431
4.456
4.456
4.456
4.462
4.456
4.462
4.456
4.279
4.26
4.26
4.26
4.26
4.26
4.26
4.26
4.26
4.26
4.26
4.26
4.26
4.26
4.26
4.26
4.26
4.26
4.26
4.26
4.26
4.26
4.266
4.26
4.266
4.266
4.266
4.266
4.266
4.266
4.26
4.26
4.26
4.26
4.26
4.26
4.26
4.26
4.26
4.26
4.26
4.26
4.26
4.26
4.114
4.12
4.12
4.065
4.065
4.065
4.065
4.065
4.065
4.065
4.065
4.065
4.26
4.26
4.26
4.26
4.26
4.26
4.26
4.26
4.26
4.26
4.26
4.26
4.26
4.254
4.26
4.26
4.26
4.26
4.26
4.254
4.26
4.254
4.254
4.26
4.254
4.193
4.169
4.065
4.065
4.065
4.132
4.254
4.15
4.26
4.254
4.26
4.254
4.236
4.248
4.065
4.065
4.065
4.065
4.065
4.065
4.138
4.102
4.077
4.065
4.248
4.26
4.254
4.26
4.254
4.254
4.254
4.211
4.242
4.181
4.248
4.254
4.254
4.254
4.254
4.254
4.26
4.254
4.175
4.248
4.15
4.26
4.144
4.193
4.26
4.26
4.083
4.065
4.23
4.205
4.26
4.26
4.254
4.254
4.193
4.059
4.059
4.059
4.218
4.254
4.199
4.126
4.181
4.254
4.083
4.059
4.059
4.059
4.059
4.102
4.059
4.059
4.059
4.065
4.059
4.059
4.059
4.059
4.059
4.059
4.059
4.059
4.059
4.059
4.059
4.059
4.059
4.059
4.059
4.059
4.059
4.059
4.059
4.089
4.254
4.254
4.26
4.26
4.26
4.26
4.254
4.254
4.254
4.254
4.248
4.254
4.254
4.254
4.254
4.254
4.254
4.248
4.254
4.254
4.254
4.254
4.254
4.254
4.248
4.254
4.254
4.254
4.254
4.254
4.254
4.254
4.254
4.254
4.254
4.169
4.169
4.254
4.065
4.095
4.059
4.059
4.089
4.242
4.242
4.248
4.248
4.254
4.248
4.242
4.242
4.242
4.242
4.242
4.242
4.242
4.242
4.242
4.242
4.242
4.242
4.242
4.242
4.242
4.254
4.254
4.254
4.254
4.254
4.254
4.254
4.254
4.254
4.254
4.254
4.26
4.254
4.254
4.254
4.26
4.26
4.26
4.26
4.26
4.26
4.26
4.26
4.26
4.26
4.26
4.26
4.26
4.26
4.26
4.26
4.26
4.26
4.26
4.26
4.26
4.26
4.26
4.26
4.26
4.26
4.26
4.26
4.26
4.26
4.26
4.26
4.26
4.26
4.26
4.26
4.26
4.26
4.26
4.26
4.26
4.26
4.26
4.26
4.26
4.26
4.26
4.26
4.26
4.26
4.26
4.26
4.26
4.26
4.26
4.26
4.26
4.26
4.26
4.26
4.26
4.26
4.26
4.26
4.26
4.26
4.254
4.26
4.26
4.26
4.26
4.26
4.26
4.26
4.26
4.26
4.254
4.26
4.26
4.26
4.26
4.26
4.26
4.26
4.26
4.26
4.26
4.254
4.254
4.254
4.26
4.26
4.26
4.26
4.26
4.26
4.26
4.26
4.26
4.26
4.254
4.26
4.254
4.205
4.065
4.077
4.254
4.15
4.242
4.254
4.077
4.059
4.059
3.937
4.028
4.065
4.065
4.138
4.26
4.26
4.254
4.254
4.254
4.254
4.254
4.218
4.248
4.095
4.059
4.199
4.254
4.254
4.163
4.205
4.254
4.254
4.254
4.254
4.254
4.254
4.254
4.254
4.254
4.254
4.254
4.218
4.254
4.236
4.242
4.254
4.254
4.254
4.26
4.26
4.254
4.254
4.297
4.395
4.254
4.254
4.211
4.218
4.248
4.26
4.218
4.254
4.254
4.193
4.065
4.187
4.242
