33.64
33.3
34.08
32.57
31.88
26.66
10.24
9.827
9.717
9.802
8.594
8.325
14.48
10.57
21.73
5.005
3.595
3.192
0.5806
0.2369
0.02604
0.02604
0.02604
0.02861
0.02346
0.02861
0.02604
0.02604
0.02604
0.02861
0.02604
0.02861
0.02604
8.044
27.1
35.06
21.68
11.91
0.5028
0.09375
0.02604
0.02861
0.02604
1.633
15.53
14.79
5.573
33.98
33.15
16.55
14.75
19.02
35.94
35.06
35.25
35.25
36.18
35.84
33.25
33.11
17.43
13.99
37.16
37.06
36.82
36.43
34.77
34.42
33.69
34.72
34.47
34.72
35.45
36.08
35.64
35.11
34.86
32.47
34.03
34.86
34.91
33.98
29.05
29.05
26.27
26.27
25.63
28.12
29.74
31.05
29.15
30.86
32.08
25.54
10.47
10.01
10.08
10.57
9.839
7.812
17.21
18.02
9.668
4.37
3.479
5.829
30.62
34.08
34.72
34.67
35.01
35.99
35.6
35.45
16.16
19.65
41.94
39.79
38.57
36.87
35.06
35.69
32.03
33.79
35.64
36.91
35.11
33.74
32.96
30.52
30.76
32.67
34.62
33.94
31.54
31.2
32.18
33.4
32.62
33.01
32.32
33.15
32.13
33.06
32.57
33.4
23.63
10.51
10.35
10.58
9.924
10.42
14.01
19.17
7.861
5.066
3.339
3.979
15.97
31.4
37.01
36.91
36.33
33.11
32.62
31.3
30.81
9.045
28.22
37.21
33.89
34.77
35.55
34.86
36.33
35.74
34.62
32.18
31.88
34.18
34.96
35.69
34.62
34.62
35.4
34.86
35.55
31.64
33.4
33.5
34.28
32.52
32.62
30.66
30.32
30.22
30.96
32.81
32.08
13.53
10.07
10.08
9.253
9.363
7.434
16.24
7.507
21.34
4.718
3.613
3.577
5.957
34.08
32.71
32.42
34.57
35.4
32.96
31.4
29.59
26.32
7.556
30.47
34.62
33.94
33.11
32.76
33.01
32.47
32.81
32.62
32.62
32.42
33.06
33.89
33.64
33.06
32.37
31.4
31.79
33.06
31.98
28.81
28.96
28.22
28.08
28.12
29.25
29.49
30.42
29.15
28.71
30.52
32.18
32.13
29.83
10.36
9.741
9.387
8.997
8.972
5.853
14.4
10.28
20.41
5.115
4.236
3.503
5.762
32.08
33.3
33.54
32.91
32.76
29.54
31.25
29.44
29.64
8.228
29.74
33.89
32.62
31.98
31.74
28.96
27.98
26.81
28.71
29.2
27.88
27.44
28.66
29.1
28.52
26.9
27.64
29.54
29.93
30.42
32.13
31.64
31.49
29.88
30.86
30.71
30.22
28.81
28.56
28.08
28.96
28.12
27.98
25.44
24.85
24.71
20.51
10.73
10.22
10.58
10.16
7.837
15.92
13.09
16.14
4.413
3.247
3.192
0.6592
0.2655
0.03128
0.02604
0.02861
0.02604
0.02861
0.02604
0.02861
0.02604
0.03128
0.02604
0.03128
0.02604
0.02861
0.02346
0.02861
0.02604
0.02861
0.02604
0.02861
0.02861
0.02861
0.02604
0.03128
0.02604
0.02861
0.02861
0.02861
0.02604
0.03128
0.02604
0.02861
0.02604
0.02861
0.02861
0.02861
0.02861
0.02861
0.02604
0.03128
0.02604
0.02861
0.02604
0.02861
0.02861
0.02861
0.02861
0.02861
0.02604
0.02861
0.02861
0.02604
0.02604
0.02861
0.02604
0.02604
0.02604
0.02861
0.02346
0.02861
0.02346
0.02861
0.02604
0.02861
0.02604
0.02861
0.02604
0.02861
0.02346
0.03128
0.02604
0.02604
0.02604
0.02861
0.02604
0.03128
0.02604
0.02861
0.02604
0.02861
0.02604
0.02861
2.414
19.09
31.74
30.91
33.25
31.84
29.49
26.37
24.46
24.83
27.25
28.71
29.1
29.88
31.05
30.22
31.49
29.3
29.15
34.03
36.96
36.87
33.4
32.32
32.86
31.2
33.25
32.57
28.03
25.2
25.44
28.12
31.05
31.93
32.96
10.96
9.851
10.28
10.17
11.99
17.31
11.01
17.46
9.399
4.443
16.87
32.52
29.88
30.62
30.52
30.08
29.39
30.18
31.1
31.84
31.3
31.98
31.1
31.74
30.22
29.25
29.25
28.66
30.22
29.64
30.66
29.98
29.98
30.32
31.01
31.1
31.1
30.96
31.59
31.05
29.39
27.93
28.76
24.29
14.53
9.814
9.204
9.509
9.619
9.326
11.01
16.7
16.33
14.6
5.328
17.92
35.25
34.86
35.6
35.01
32.47
33.69
33.2
33.84
33.89
33.2
33.84
33.5
33.54
34.03
34.62
35.45
35.84
32.71
31.1
33.35
33.45
30.08
29.49
32.08
29.64
31.4
30.52
32.86
31.79
30.42
27.78
9.656
9.229
9.094
9.448
10.01
15.11
17.43
23.27
5.2
5.023
22.85
36.23
36.47
37.35
35.94
34.77
34.77
35.06
32.96
32.42
33.59
33.15
31.15
32.81
34.52
35.4
36.18
34.81
33.45
33.74
31.98
31.88
29.35
28.66
30.91
31.54
31.88
33.4
33.74
32.67
33.15
16.06
10.21
9.851
9.46
10.11
13.96
16.28
19.19
10.91
3.766
6.219
32.81
34.52
35.16
34.96
34.52
34.18
32.86
33.54
34.42
33.01
34.72
33.15
30.91
29.49
33.79
35.74
36.47
33.59
32.76
31.05
32.18
32.28
31.25
31.4
32.47
33.2
34.23
34.33
34.08
31.05
29.39
14.89
10.12
10.75
10.55
11.77
18.38
17.77
15.58
3.693
2.795
20.34
37.35
37.55
37.3
36.23
36.23
36.23
35.01
35.89
35.99
36.28
35.4
34.72
35.11
34.77
35.74
36.43
35.69
34.67
33.94
32.37
30.81
32.18
33.4
34.38
31.01
33.5
35.06
34.77
25.49
10.34
9.998
10.16
10.35
12.38
18.8
19.92
11.28
4.126
16.16
40.19
36.23
35.69
33.84
34.03
35.79
37.21
36.96
35.3
34.42
33.54
32.96
30.47
30.22
29.35
30.13
31.35
30.03
28.52
30.03
30.66
30.66
29.1
29.25
28.91
28.37
28.27
29.83
31.25
32.76
30.37
14.67
8.923
8.984
9.497
9.387
10.8
17.92
13.26
20.0
3.571
5.823
29.69
34.28
34.62
34.72
32.28
31.74
32.71
32.86
34.96
34.86
34.52
34.23
33.15
33.06
31.74
33.54
33.06
33.54
33.74
32.13
32.47
31.49
31.1
30.13
29.98
30.32
30.91
29.98
31.1
31.25
27.54
12.04
9.705
9.741
10.33
11.49
11.3
18.77
16.41
12.39
2.136
0.3384
0.1041
1.712
16.77
37.11
36.91
34.47
32.52
31.93
30.08
30.03
33.25
34.08
32.28
32.28
33.69
32.18
33.74
34.52
34.77
34.57
30.62
31.69
29.83
30.32
30.27
28.56
29.79
26.42
29.1
30.18
31.84
31.05
32.62
32.62
16.82
9.973
9.546
9.57
10.16
11.93
13.26
16.02
20.26
3.284
4.944
28.61
34.86
36.38
35.79
34.13
33.06
34.72
33.06
35.21
34.18
33.4
33.25
30.32
31.05
31.88
34.08
33.11
32.18
34.03
31.25
32.37
30.81
28.86
28.17
29.44
28.61
32.03
31.4
31.59
33.2
32.96
17.29
10.52
10.08
9.753
11.69
13.26
16.94
18.65
10.23
5.347
22.66
