4.224
4.224
4.224
4.224
4.224
4.224
4.224
4.224
4.224
4.224
4.224
4.224
4.224
4.218
4.224
4.218
4.224
4.224
4.224
4.224
4.224
4.224
4.224
4.224
4.224
4.224
4.224
4.224
4.224
4.224
4.224
4.224
4.224
4.224
4.224
4.224
4.224
4.333
4.425
4.425
4.346
4.242
4.242
4.242
4.242
4.242
4.242
4.242
4.242
4.242
4.242
4.236
4.15
4.248
4.242
4.242
4.242
4.242
4.248
4.242
4.248
4.242
4.242
4.248
4.248
4.248
4.242
4.242
4.242
4.242
4.242
4.242
4.242
4.242
4.242
4.242
4.242
4.248
4.242
4.242
4.242
4.242
4.242
4.242
4.248
4.248
4.242
4.248
4.248
4.248
4.248
4.248
4.248
4.248
4.248
4.248
4.248
4.248
4.248
4.242
4.242
4.248
4.248
4.248
4.248
4.248
4.248
4.248
4.248
4.248
4.248
4.248
4.248
4.248
4.248
4.248
4.248
4.248
4.248
4.248
4.248
4.248
4.248
4.248
4.248
4.248
4.248
4.248
4.248
4.248
4.248
4.248
4.248
4.248
4.248
4.248
4.248
4.248
4.248
4.248
4.248
4.248
4.248
4.248
4.248
4.248
4.248
4.248
4.248
4.248
4.248
4.248
4.248
4.248
4.248
4.248
4.248
4.248
4.248
4.248
4.248
4.437
4.437
4.437
4.443
4.443
4.443
4.443
4.346
4.248
4.248
4.346
4.437
4.437
4.437
4.266
4.242
4.242
4.242
4.242
4.242
4.242
4.242
4.248
4.242
4.242
4.242
4.242
4.205
4.047
4.047
4.047
4.053
4.199
4.047
4.047
4.047
4.047
4.047
4.218
4.041
4.126
4.211
4.23
4.242
4.193
4.236
4.242
4.236
4.242
4.236
4.242
4.242
4.211
4.242
4.236
4.236
4.218
4.242
4.242
4.242
4.169
4.163
4.242
4.242
4.12
4.242
4.236
4.242
4.242
4.236
4.236
4.236
4.236
4.236
4.236
4.236
4.15
4.047
4.095
4.089
4.047
4.138
4.242
4.242
4.242
4.242
4.242
4.242
4.236
4.236
4.236
4.236
4.242
4.236
4.236
4.236
4.236
4.236
4.242
4.242
4.236
4.236
4.236
4.236
4.236
4.236
4.236
4.236
4.236
4.236
4.236
4.242
4.242
4.236
4.236
4.236
4.236
4.242
4.236
4.242
4.242
4.242
4.242
4.242
4.242
4.242
4.242
4.242
4.242
4.242
4.242
4.242
4.242
4.236
4.242
4.242
4.242
4.242
4.242
4.236
4.242
4.242
4.242
4.242
4.242
4.242
4.242
4.242
4.242
4.242
4.242
4.242
4.242
4.242
4.242
4.242
4.242
4.242
4.242
4.242
4.242
4.242
4.242
4.242
4.242
4.242
4.242
4.242
4.242
4.242
4.242
4.242
4.242
4.242
4.248
4.248
4.248
4.242
4.242
4.242
4.242
4.242
4.242
4.242
4.242
4.242
4.242
4.242
4.242
4.242
4.242
4.242
4.242
4.242
4.242
4.242
4.242
4.242
4.248
4.242
4.242
4.242
4.248
4.242
4.242
4.248
4.242
4.248
4.248
4.242
4.248
4.242
4.248
4.242
4.248
4.242
4.248
4.248
4.242
4.242
4.248
4.242
4.248
4.248
4.242
4.248
4.248
4.248
4.248
4.248
4.248
4.248
4.248
4.248
4.248
4.248
4.248
4.248
4.248
4.248
4.248
4.248
4.297
4.431
4.431
4.431
4.431
4.431
4.413
4.236
4.242
4.242
4.236
4.236
4.242
4.242
4.236
4.236
4.242
4.242
4.242
4.242
4.242
4.242
4.395
4.425
4.425
4.425
4.425
4.425
4.425
4.425
4.425
4.425
4.425
4.425
4.425
4.425
4.425
4.425
4.242
4.242
4.242
4.242
4.242
4.248
4.242
4.242
4.242
4.242
4.236
4.181
4.242
4.242
4.242
4.242
4.242
4.242
4.236
4.236
4.236
4.242
4.114
4.242
4.132
4.053
4.053
4.199
4.211
4.095
4.059
4.242
4.242
4.242
4.242
4.242
4.242
4.242
4.242
4.242
4.358
4.266
4.26
4.242
4.242
4.242
4.224
4.248
4.248
4.242
4.242
4.248
4.382
4.291
4.242
4.242
4.327
4.333
4.242
4.181
4.236
4.187
4.108
4.248
4.242
4.248
4.248
4.242
4.242
4.242
4.242
4.242
4.321
4.303
4.437
4.266
4.242
4.242
4.242
4.169
4.047
4.047
4.047
4.047
4.053
4.053
4.053
4.047
4.047
4.047
4.047
4.047
4.047
4.132
4.047
4.047
4.205
4.242
4.248
4.248
4.248
4.242
4.242
4.242
4.242
4.242
4.242
4.242
4.242
4.242
4.242
4.242
4.242
4.242
4.242
4.242
4.242
4.242
4.242
4.242
4.242
4.242
4.242
4.242
4.242
4.242
4.242
4.242
4.242
4.242
4.242
4.242
4.242
4.242
4.242
4.242
4.242
4.242
4.242
4.248
4.248
4.248
4.242
4.242
4.242
4.242
4.242
4.242
4.242
4.242
4.242
4.242
4.242
4.242
4.242
4.242
4.242
4.242
4.242
4.242
4.242
4.248
4.242
4.248
4.242
4.248
4.242
4.248
4.242
4.242
4.242
4.242
4.242
4.413
4.437
4.437
4.437
4.437
4.437
4.437
4.437
4.437
4.437
4.437
4.437
4.437
4.437
4.437
4.443
4.443
4.443
4.443
4.443
4.443
4.443
4.443
4.443
4.437
4.437
4.37
4.248
4.248
4.248
4.248
4.248
4.248
4.248
4.248
4.248
4.248
4.248
4.248
4.248
4.248
4.248
4.248
4.248
4.248
4.248
4.248
4.248
4.248
4.248
4.248
4.248
4.248
4.248
4.248
4.248
4.248
4.248
4.248
4.248
4.248
4.248
4.248
4.248
4.248
4.248
4.248
4.248
4.248
4.248
4.248
4.248
4.248
4.248
4.248
4.248
4.248
4.248
4.248
4.248
4.248
4.248
4.248
4.248
4.248
4.248
4.248
4.248
4.248
4.248
4.248
4.248
4.248
4.248
4.248
4.248
4.248
4.248
4.248
4.248
4.248
4.248
4.248
4.248
4.248
4.248
4.242
4.248
4.248
4.242
4.248
4.248
4.248
4.248
4.242
4.248
4.248
4.248
4.248
4.248
4.248
4.242
4.242
4.175
4.053
4.053
4.12
4.053
4.193
4.169
4.248
4.248
4.248
4.242
4.132
4.065
4.053
4.047
4.053
4.053
4.114
4.12
4.248
4.248
4.242
4.242
4.242
4.242
4.242
4.236
4.37
4.242
4.126
4.218
4.242
4.242
4.242
4.242
4.242
4.254
4.254
4.242
4.242
4.236
4.291
4.382
4.242
4.272
4.242
4.242
4.242
4.242
4.242
4.15
4.132
4.248
4.242
4.242
4.242
4.242
4.242
4.242
4.242
4.242
4.242
4.242
4.242
4.242
4.242
4.242
4.242
4.242
