20.21
12.08
9.192
8.984
8.936
8.899
8.752
9.07
8.545
8.777
8.862
8.74
13.53
20.83
17.53
7.202
6.677
6.409
6.409
6.812
8.887
12.7
20.83
15.45
8.96
8.936
12.74
20.58
20.65
17.94
9.192
9.338
8.826
9.741
15.33
16.85
17.6
18.09
18.58
17.07
14.67
12.99
8.911
15.04
17.21
18.02
18.46
17.41
14.79
12.74
8.875
8.704
14.92
20.8
19.26
12.12
8.765
11.06
16.58
17.65
18.21
18.51
15.72
13.87
10.16
14.04
17.09
17.99
18.48
17.72
15.19
12.87
8.789
8.484
9.18
10.71
16.55
17.68
18.24
18.36
15.58
14.53
9.18
16.46
20.83
18.92
15.21
20.83
19.19
14.18
16.63
17.6
18.14
17.82
15.14
12.1
8.643
9.229
8.948
15.62
20.7
13.6
9.265
8.801
8.997
9.277
9.021
8.789
9.021
9.131
12.62
16.92
17.94
18.48
16.89
13.62
10.47
9.766
9.253
9.241
9.363
9.363
9.241
13.13
17.02
17.97
18.48
16.21
15.65
12.82
9.912
18.73
20.53
16.24
12.04
16.75
17.82
18.33
18.63
15.38
14.18
11.08
9.363
9.546
10.55
19.97
19.48
11.58
9.399
10.75
16.53
17.7
18.24
18.68
16.58
14.45
11.67
10.73
18.12
20.83
20.83
15.14
11.54
15.89
16.97
17.63
18.07
18.36
18.6
16.82
15.09
14.33
11.6
8.728
9.241
14.58
20.61
20.83
19.56
10.79
9.583
10.63
18.55
20.85
20.61
13.6
6.824
6.628
6.604
6.604
8.789
9.07
9.045
9.07
9.29
9.192
9.277
9.448
8.704
9.021
9.18
9.204
8.276
8.459
16.41
20.83
20.85
19.43
9.412
6.75
6.604
6.604
6.604
6.604
8.569
8.74
9.131
9.106
9.119
9.045
9.558
9.229
9.021
9.143
8.997
9.106
8.997
8.936
8.936
8.679
6.604
6.604
6.604
6.604
6.604
6.604
6.604
6.604
8.252
8.96
9.082
15.67
20.83
20.17
13.72
15.16
20.75
20.19
14.16
9.509
17.04
20.85
20.78
15.21
6.97
6.641
6.604
6.604
6.604
6.604
6.604
6.604
7.41
9.106
8.862
9.558
8.875
8.606
8.85
12.23
20.31
20.83
17.97
9.167
9.021
9.009
9.021
8.972
6.714
6.604
6.604
6.604
6.604
6.604
6.604
6.934
9.033
8.899
8.997
9.07
9.021
8.96
8.96
8.936
8.923
8.997
8.972
8.96
10.78
20.53
20.04
10.74
6.75
6.604
6.604
6.604
6.604
6.604
6.604
6.604
7.117
8.936
8.521
8.777
9.143
8.704
8.777
8.984
8.716
8.838
9.167
8.887
11.28
19.92
20.85
19.78
11.61
7.117
6.641
6.604
6.604
6.604
6.604
6.604
6.604
8.618
9.009
8.923
8.569
8.557
8.801
8.569
8.813
9.045
16.21
20.83
20.85
19.41
14.65
13.84
20.8
19.87
10.74
7.153
6.641
6.604
6.604
6.604
8.984
15.92
20.83
19.87
15.01
20.83
19.41
12.52
17.33
20.83
16.41
8.997
13.7
20.8
18.87
11.16
9.094
8.728
8.96
14.79
17.31
18.09
18.48
18.85
19.26
19.51
19.6
19.73
19.92
20.02
20.12
20.29
20.31
20.48
20.63
20.7
19.46
18.53
20.68
20.78
20.65
20.65
19.7
17.77
17.46
13.28
12.07
17.07
18.04
18.65
18.95
19.26
19.48
19.73
19.78
19.92
19.95
20.12
20.17
20.31
20.51
20.51
20.61
20.7
20.7
20.29
17.58
20.46
20.85
20.85
20.8
20.02
17.31
17.07
14.53
9.717
15.94
17.48
18.26
18.77
19.14
19.36
19.53
19.65
19.78
19.92
19.92
20.12
20.17
20.26
20.36
20.48
20.65
20.75
20.7
18.85
18.04
20.7
20.85
20.58
20.46
20.46
19.24
18.77
18.63
12.13
13.33
17.04
17.87
18.38
18.68
18.95
19.17
19.34
19.48
19.56
19.65
19.75
19.75
19.92
20.0
20.07
20.14
20.14
20.21
20.34
20.34
20.34
20.53
20.53
20.73
20.73
20.73
19.26
18.21
19.85
20.31
20.87
20.87
20.65
20.48
20.36
19.63
17.53
17.31
17.24
17.19
15.67
9.229
16.16
17.58
18.26
18.58
18.9
19.29
19.56
19.73
19.75
19.75
19.95
19.95
20.02
20.12
20.12
20.24
20.31
20.31
20.39
20.51
20.51
20.7
20.7
20.7
18.41
17.92
19.12
20.04
20.68
20.87
20.85
20.78
20.58
18.19
17.16
16.75
16.67
16.19
11.5
12.0
16.36
17.33
17.8
18.33
18.48
18.6
18.92
19.17
19.36
19.38
19.53
19.65
19.73
19.82
19.95
19.92
19.97
20.12
20.12
20.21
20.31
20.31
20.58
20.7
20.7
20.34
17.46
20.24
20.85
20.73
20.65
20.58
19.9
19.48
18.8
18.24
8.484
14.11
16.77
14.84
13.43
11.99
12.87
16.65
15.58
13.67
10.03
11.15
16.19
16.97
13.67
13.48
9.863
15.55
16.77
14.01
12.99
10.02
14.23
17.21
17.97
18.43
18.75
19.19
19.46
19.53
19.7
19.7
19.8
19.9
20.02
20.14
20.14
20.26
20.26
20.31
20.36
20.68
20.7
20.7
19.34
18.77
20.8
20.85
20.83
20.85
19.87
18.6
18.21
17.33
9.314
15.94
17.53
18.24
18.65
18.99
19.36
19.53
19.7
19.75
19.95
19.95
20.12
20.12
20.31
20.31
20.51
20.63
20.7
20.7
20.14
18.26
20.63
20.85
20.85
20.85
19.7
18.85
18.58
14.87
11.23
16.6
17.65
18.33
18.73
19.12
19.38
19.46
19.6
19.75
19.85
19.85
19.95
20.09
20.14
20.24
20.31
20.36
20.51
20.51
20.68
20.7
20.7
20.19
17.97
20.04
20.46
20.87
20.85
20.73
20.68
19.56
17.48
17.24
17.11
14.48
10.03
11.99
8.948
13.53
16.63
17.63
18.26
18.6
18.92
19.24
19.48
19.58
19.75
19.8
19.95
20.07
20.14
20.14
20.19
20.31
20.48
20.51
20.63
20.7
20.7
19.17
19.12
20.65
20.85
20.85
20.85
19.43
18.38
18.33
17.92
9.9
9.79
9.375
9.241
10.57
9.021
10.29
9.216
9.827
9.668
9.778
16.43
20.75
18.31
9.705
9.216
11.95
20.09
20.75
14.79
10.4
9.448
9.558
10.27
13.38
13.06
19.38
20.29
18.6
10.24
9.375
9.558
12.82
19.82
20.83
20.85
19.31
10.22
9.644
9.363
8.984
9.46
9.57
9.314
11.3
12.35
19.41
20.65
20.41
17.53
9.375
9.973
9.57
16.06
20.75
20.83
19.85
16.26
9.619
9.497
9.473
9.424
9.167
9.058
9.338
11.1
18.85
20.85
20.85
19.58
9.802
6.812
6.628
6.604
6.604
6.604
6.604
6.604
6.604
6.604
6.604
6.604
6.604
6.604
6.604
6.604
6.604
6.604
6.604
9.79
9.131
10.38
10.96
17.46
20.83
20.73
19.02
14.11
