19.24
13.01
12.94
14.58
25.73
21.88
14.31
13.06
13.21
15.04
26.07
20.31
13.53
12.5
10.88
10.88
10.89
10.89
10.89
10.89
10.89
10.89
12.55
20.39
24.76
17.82
26.66
17.75
13.5
12.89
12.96
13.16
15.5
26.03
19.58
22.68
24.76
18.14
26.95
16.43
11.33
10.9
10.89
11.74
15.43
26.07
18.92
13.6
13.6
29.25
30.37
31.64
31.64
31.2
29.15
26.46
25.34
20.7
30.13
41.89
43.07
43.12
43.12
43.12
43.12
43.16
43.12
43.16
43.12
43.12
43.16
43.07
43.12
43.12
43.16
43.16
43.16
43.21
43.21
43.21
43.21
43.21
43.21
43.21
43.21
43.21
43.21
43.16
42.82
42.33
41.89
32.23
27.34
27.2
24.24
23.78
20.92
12.41
13.06
13.16
13.45
13.13
13.16
13.35
13.53
13.11
13.23
13.38
13.55
13.5
24.39
29.88
31.35
31.49
30.66
28.42
24.95
24.73
18.46
31.15
41.21
43.02
42.77
42.19
42.19
42.19
42.19
42.14
42.14
42.14
42.72
42.97
43.02
43.07
43.12
43.12
43.12
43.16
43.16
43.16
43.02
42.82
42.82
42.82
42.77
42.82
42.77
33.3
16.16
16.19
20.43
20.02
18.04
17.97
15.31
12.26
15.7
29.44
30.03
31.35
31.4
31.05
28.27
25.39
24.85
18.87
39.21
42.87
43.07
43.16
43.16
43.16
43.16
43.16
43.12
43.16
43.16
43.16
43.16
43.12
43.07
43.12
43.12
43.16
43.16
43.16
43.21
43.12
43.02
43.02
43.02
43.02
43.02
43.02
43.02
43.02
40.72
18.8
16.63
19.43
19.95
18.16
17.53
17.55
12.84
12.65
24.17
29.93
31.4
31.45
31.1
28.32
25.39
24.73
21.19
34.62
42.04
43.12
42.87
42.77
42.77
42.77
42.77
42.77
42.77
42.77
43.02
43.12
43.07
43.07
43.12
43.16
43.16
43.16
43.16
43.21
43.21
43.21
43.21
43.21
43.26
43.21
43.21
43.21
43.21
42.63
39.99
17.7
18.68
20.48
18.95
19.04
18.92
13.7
12.62
22.46
29.59
31.3
31.45
31.59
28.81
26.95
25.15
20.95
22.92
40.62
42.97
43.02
42.82
42.82
42.82
42.82
42.82
42.82
42.82
42.82
42.87
42.82
42.87
43.12
43.16
43.16
43.21
43.16
43.21
43.21
43.12
43.07
43.07
43.07
43.07
43.07
43.07
43.07
37.11
16.46
15.84
17.99
20.7
18.26
18.12
17.99
13.04
11.66
11.02
10.93
10.93
10.93
10.93
10.93
10.93
10.93
10.93
10.93
10.93
10.93
10.93
10.93
10.93
10.93
10.93
10.93
10.93
10.93
10.93
10.93
10.93
10.93
10.93
10.93
10.93
10.93
10.93
10.93
10.93
10.93
10.93
10.93
10.93
10.93
10.93
10.93
10.93
10.93
10.93
10.93
10.93
10.93
10.93
10.93
10.93
10.93
10.93
10.93
10.93
10.93
10.93
10.93
10.93
10.93
10.93
10.93
10.93
10.93
10.93
10.93
10.93
10.93
10.93
10.93
10.93
10.93
10.93
10.93
10.93
10.93
10.93
10.93
10.93
10.93
10.93
10.93
10.93
10.93
10.93
10.93
10.93
10.93
10.93
10.93
10.93
10.93
10.93
10.93
10.93
10.93
10.93
10.93
10.93
10.93
10.93
10.93
10.93
10.93
10.93
10.93
10.93
10.93
10.93
10.93
10.93
10.93
10.93
10.93
10.93
10.93
10.93
10.93
10.93
10.93
10.93
10.93
10.93
10.93
10.93
10.93
10.93
10.93
12.46
35.45
43.07
43.12
42.77
42.63
42.63
42.63
42.68
42.77
42.77
42.77
42.77
42.77
42.92
42.97
43.07
43.12
43.16
43.16
43.21
43.26
43.26
43.26
43.31
43.26
43.26
43.26
39.4
16.5
18.7
22.49
22.44
12.94
10.93
10.93
10.93
10.93
10.93
10.93
10.93
10.93
10.93
11.46
21.14
42.97
43.12
43.16
43.21
43.21
43.21
43.16
42.97
42.97
43.02
42.97
42.82
42.77
42.72
42.63
42.63
42.72
42.97
43.16
43.12
43.02
43.07
43.07
43.07
43.07
43.07
43.07
43.12
42.97
42.68
30.91
20.09
21.02
21.29
12.87
11.27
10.93
10.93
10.93
10.93
11.04
14.36
39.4
43.12
43.12
43.02
42.87
42.82
42.68
42.38
42.77
42.77
42.63
42.58
42.38
42.38
42.29
42.19
42.97
42.97
42.97
42.97
42.97
43.07
43.07
43.07
43.07
43.12
43.07
43.07
43.12
43.16
37.11
17.02
21.36
22.05
15.65
11.95
11.08
10.93
10.93
13.4
35.79
43.07
43.12
43.16
43.26
43.21
43.21
43.16
43.16
43.21
43.21
43.16
43.16
43.21
43.21
43.16
43.16
43.12
42.82
42.97
43.02
42.97
43.07
43.07
43.07
43.07
43.12
43.07
43.07
42.92
41.65
23.73
16.28
20.7
22.68
17.99
12.34
11.08
10.93
10.93
11.32
17.29
41.75
43.07
43.12
43.21
43.21
43.21
43.16
42.97
42.97
42.97
42.97
42.92
42.97
42.97
42.97
42.97
43.07
43.12
43.12
43.16
43.16
43.26
43.21
43.26
43.26
43.31
43.26
43.26
43.31
41.94
18.36
18.41
19.38
21.19
15.75
11.8
11.01
10.93
10.93
10.93
10.93
10.93
10.93
10.93
10.93
10.93
10.93
10.93
10.93
10.93
10.93
10.93
10.93
10.93
10.93
10.93
10.93
10.93
10.93
10.93
10.93
10.93
10.93
14.04
36.91
42.53
43.12
42.63
42.43
42.43
42.53
42.58
42.97
42.97
42.97
42.97
42.97
42.97
42.97
43.02
43.12
43.21
43.16
43.21
43.26
43.26
43.26
43.26
43.26
43.31
43.26
43.26
42.77
24.61
15.21
16.31
20.95
22.39
17.26
11.3
10.91
10.93
12.6
32.71
42.92
43.12
43.16
43.07
42.87
42.82
42.82
42.82
42.82
42.82
42.82
42.82
42.77
42.82
42.82
42.82
42.82
42.82
42.97
43.12
43.21
43.16
43.21
43.21
43.21
43.26
43.26
43.26
43.26
43.26
43.31
43.31
43.31
42.97
20.41
19.78
22.17
19.75
13.4
11.47
10.93
10.93
10.93
10.93
10.93
10.93
10.93
10.93
10.93
10.93
10.93
10.93
10.93
10.93
10.93
10.93
10.93
10.93
10.93
10.93
10.93
10.93
10.93
10.93
10.93
10.93
10.93
10.93
10.93
10.93
10.93
10.93
10.93
10.93
10.93
10.93
10.93
10.93
10.93
10.93
10.93
10.93
10.93
10.93
10.93
10.93
10.93
10.93
10.93
10.93
10.93
12.0
26.32
42.58
43.07
43.12
42.97
42.63
42.58
42.38
42.63
43.16
43.16
43.12
43.12
43.16
43.16
43.16
43.12
43.07
43.16
43.16
43.16
43.21
43.21
43.26
43.26
43.26
43.26
43.26
43.12
29.79
16.6
21.34
21.85
16.7
11.79
11.1
10.93
10.93
10.93
10.93
10.93
10.93
10.93
