25.15
21.9
29.64
23.95
14.77
14.16
14.33
14.21
13.45
16.82
13.92
14.6
14.48
18.97
25.54
25.68
8.093
0.7126
0.2182
0.02537
0.0267
0.0247
0.0267
9.387
14.6
15.55
15.21
29.59
29.54
8.484
21.44
29.79
24.63
8.325
34.13
36.04
34.81
34.86
33.79
25.83
31.1
25.39
10.01
33.94
36.28
35.94
36.52
31.3
35.6
27.2
18.33
15.94
14.31
16.26
15.97
16.36
30.03
31.98
13.28
12.89
32.62
35.55
34.67
35.69
35.74
27.73
32.81
19.53
13.67
17.29
30.03
32.03
14.67
19.75
17.82
30.27
29.88
13.62
9.937
32.91
32.96
32.18
34.52
33.84
19.65
31.35
24.05
9.338
35.79
36.47
35.79
37.3
31.69
31.4
20.02
13.77
31.3
31.84
10.64
22.51
36.33
38.82
38.09
31.84
36.04
23.66
20.02
29.25
30.47
13.75
5.139
37.79
39.55
39.31
36.77
31.84
33.5
20.02
20.97
19.17
26.37
33.4
20.65
8.289
12.96
23.24
36.82
35.84
36.43
28.61
27.2
30.81
13.57
14.48
23.78
35.55
36.52
37.01
34.03
20.48
34.57
20.95
21.09
19.9
20.58
21.78
8.936
36.57
37.55
38.38
38.13
32.52
31.93
19.7
12.24
22.27
24.49
24.29
23.19
22.71
24.15
21.66
31.79
28.52
18.29
18.73
15.53
13.31
16.14
5.798
5.463
15.16
23.51
24.58
21.85
17.5
17.58
16.77
15.92
22.49
27.83
25.1
5.798
0.6226
0.1328
0.0247
0.02861
10.4
16.21
23.24
26.46
25.34
11.33
6.171
8.374
15.43
1.721
17.92
25.2
26.95
19.58
10.67
23.71
24.95
21.97
14.43
23.14
26.12
16.58
6.384
0.6523
6.787
12.62
13.67
15.5
15.38
18.38
21.26
12.48
16.99
11.99
13.77
20.0
21.92
22.85
16.65
14.7
9.46
16.09
13.7
19.46
24.51
25.68
8.398
0.7317
8.923
17.19
14.79
17.16
18.55
24.9
25.78
20.26
13.89
15.92
15.14
15.55
13.31
17.6
13.21
18.36
19.12
17.36
20.48
24.63
24.49
25.05
8.728
0.7805
8.813
17.31
15.38
19.09
22.83
22.63
14.06
16.26
14.31
15.26
13.21
15.33
14.77
15.09
14.79
14.4
10.58
12.29
13.67
15.21
15.21
14.43
14.92
13.62
6.702
11.78
13.79
13.99
14.16
14.43
15.41
15.45
15.7
10.97
12.33
13.09
13.94
14.16
18.99
14.01
13.99
14.4
12.19
0.2369
0.116
0.02995
0.02604
0.02995
6.458
13.5
14.79
13.31
13.11
12.41
14.48
17.68
19.51
19.04
19.04
12.39
17.41
20.85
20.04
20.0
10.67
13.92
8.997
0.2136
0.09117
0.02861
0.02604
0.02861
6.738
17.48
21.04
23.61
21.39
11.11
13.06
17.97
13.43
16.99
15.36
14.6
16.75
13.94
15.48
28.86
27.44
21.53
2.402
0.6042
0.0885
0.02737
0.02737
0.02737
10.75
14.43
24.34
25.24
22.02
21.22
14.53
15.09
15.43
15.5
15.43
14.62
12.62
9.045
13.75
22.17
29.79
21.36
12.6
14.5
15.97
24.02
23.39
9.375
34.57
35.01
36.52
38.04
37.89
38.38
37.55
35.35
33.89
37.45
36.82
35.94
33.64
31.3
33.25
33.4
33.79
32.57
12.62
26.12
34.91
40.33
38.77
25.59
26.37
27.44
25.44
7.141
25.73
31.49
32.76
32.23
33.3
36.57
37.3
38.23
38.18
37.45
37.01
33.74
35.6
35.74
34.91
35.64
36.18
36.52
25.68
22.9
35.3
31.45
33.2
33.2
31.54
29.83
28.66
13.23
20.24
38.92
38.53
37.65
37.16
36.67
37.11
36.72
33.98
34.38
33.69
30.91
30.52
29.69
29.49
29.59
29.69
28.96
28.96
17.19
15.23
19.26
21.73
22.63
22.61
21.95
25.05
21.56
21.17
21.78
23.93
24.98
4.944
20.26
21.26
23.34
23.8
24.9
26.03
26.71
27.34
27.44
28.08
27.88
27.29
27.98
29.25
29.2
29.35
29.59
28.61
27.2
27.44
27.2
27.0
26.76
27.93
17.31
16.24
16.36
17.5
17.41
20.39
22.44
23.85
20.51
18.53
18.02
24.39
24.85
13.87
13.16
20.85
22.05
24.1
24.93
25.39
24.54
24.46
23.39
24.12
23.97
24.73
24.56
23.83
22.49
22.29
22.02
23.56
24.61
25.2
24.29
23.58
24.39
23.19
21.14
19.53
19.75
19.8
17.04
14.82
17.29
19.65
22.02
22.27
23.61
23.27
19.04
14.72
16.24
16.89
16.48
18.26
17.11
11.32
21.95
22.31
22.24
23.02
20.9
18.48
21.24
21.04
15.94
15.77
16.28
17.26
16.19
10.88
19.17
20.65
19.9
18.19
17.46
20.43
17.33
18.9
20.68
19.46
12.18
14.62
20.87
19.38
19.9
16.58
19.36
20.09
16.8
19.34
19.85
19.36
12.38
19.82
19.02
19.21
16.82
11.98
19.19
20.02
20.9
16.16
18.16
19.56
13.23
15.43
21.9
24.05
22.53
20.31
20.46
20.65
21.17
20.61
21.12
20.43
19.97
20.21
19.56
18.9
19.9
21.0
22.58
23.05
23.95
23.58
23.95
23.68
24.05
25.34
25.83
25.49
26.51
25.78
14.72
18.14
22.14
23.54
27.78
29.2
26.81
20.0
20.26
20.07
19.12
20.19
5.255
20.0
23.88
24.37
24.98
24.15
25.49
25.98
25.15
25.59
26.46
27.1
28.22
28.81
28.61
27.64
26.32
25.49
25.93
27.39
28.27
27.44
27.0
27.44
27.44
17.24
17.29
16.77
17.41
16.02
15.43
15.53
15.65
15.23
15.31
15.72
15.82
15.28
15.04
16.85
19.02
18.41
10.3
16.26
15.62
16.43
17.07
19.17
20.53
18.29
10.9
19.43
19.14
15.41
17.21
12.46
21.41
19.9
14.4
17.63
15.01
16.97
16.31
15.6
16.82
17.41
18.75
16.28
15.67
16.28
16.94
16.33
16.06
15.26
13.11
14.26
17.48
14.75
16.6
17.63
18.36
17.43
15.23
16.26
17.38
18.31
17.7
11.54
16.09
18.68
16.26
17.09
17.9
17.75
14.48
17.09
16.85
19.9
20.43
20.78
18.75
11.68
15.82
14.11
15.82
11.83
16.94
15.38
16.5
18.29
19.63
13.13
13.77
15.84
18.51
19.82
19.65
12.24
15.67
14.62
15.09
16.82
16.67
18.16
19.6
18.02
13.77
17.9
20.39
20.53
15.36
12.04
13.65
14.77
14.21
13.92
15.92
16.04
17.21
19.53
12.12
13.79
14.89
16.65
16.11
17.14
18.36
17.26
12.11
14.6
13.45
14.77
14.53
14.5
17.29
18.68
22.56
17.02
14.7
13.62
14.33
14.99
12.52
14.16
14.09
5.054
17.9
23.02
22.83
16.28
1.216
0.5157
0.05732
0.02604
0.02861
0.02604
0.02861
0.02346
0.02861
0.02346
0.02861
0.02604
0.02604
0.02604
0.02604
13.31
13.11
13.43
18.92
15.19
19.09
29.98
22.73
16.89
19.46
19.51
