0.2468
0.1064
0.1221
0.33
0.177
0.1783
0.2537
0.1976
0.2014
0.206
0.304
0.2419
0.1059
0.07353
0.1146
0.3727
0.02632
0.0001907
9.537e-05
0.0
0.1539
0.2464
0.1127
0.0741
0.2769
0.3452
0.2335
0.1646
0.2384
0.1442
0.1659
0.333
0.2048
0.0741
0.4898
0.6256
0.676
0.631
0.6271
0.4997
0.6569
0.7263
2.435
3.973
2.435
4.108
1.88
0.3136
0.2247
0.2342
0.6805
0.721
0.6729
0.6935
0.6676
0.766
1.172
4.974
2.505
3.546
1.448
0.0006676
0.2148
0.6363
0.6622
0.6592
0.6828
0.6615
0.6813
0.7545
5.444
3.113
3.68
0.9369
0.1225
0.4028
0.2724
0.1915
0.1154
0.2361
0.1081
0.2224
0.1688
0.2907
0.1122
0.0823
0.2357
0.1949
0.2266
0.6851
0.6287
0.769
0.8377
0.7401
0.8621
4.98
1.581
2.707
1.874
0.3891
0.0658
0.4913
0.6958
0.7149
0.7416
0.7675
0.6699
2.539
3.326
2.344
3.098
1.125
0.2384
0.6134
0.5798
0.7996
0.8392
0.8026
0.7782
4.376
2.362
3.412
1.849
0.4723
0.3822
0.4539
0.4021
0.7378
0.2766
0.1232
0.07591
0.2506
0.264
0.6195
0.5005
0.08135
0.14
0.2266
0.2975
0.3044
0.6561
0.7088
0.7591
0.6958
0.769
0.7355
3.809
2.899
3.192
1.654
0.5913
0.3307
0.5043
0.264
0.1534
0.3647
0.5814
0.6485
0.6912
0.7217
0.7805
0.7782
1.7
4.065
2.036
3.522
1.244
0.8057
0.3654
0.4044
0.02851
0.6454
0.2472
0.1074
0.1148
0.3807
0.07219
0.4211
0.6409
0.2949
0.08192
0.104
0.2216
0.1799
9.537e-05
9.537e-05
0.0
0.009441
0.2655
0.1957
0.2808
0.2213
0.2468
0.1797
0.1507
0.4738
0.1703
0.1215
0.09508
0.309
0.2605
0.2048
0.2064
0.2373
0.238
0.3403
0.0
0.0
0.0
9.537e-05
0.0
0.006676
0.4578
0.3197
0.333
0.2617
0.01888
0.6004
0.1568
0.1047
0.06113
0.2136
0.3574
0.2907
0.576
0.0782
0.07715
0.06962
0.2445
0.2956
0.0001907
0.0001907
0.0
0.0
0.0
0.008106
0.5287
0.4501
0.2815
0.2087
0.1698
0.227
0.1562
0.2029
0.2235
0.2773
0.2583
0.2434
0.3704
0.2922
0.07782
0.07429
0.09642
0.3262
0.07648
0.0003815
0.0
0.0
0.0
0.00782
0.3967
0.2167
0.0007629
9.537e-05
0.4356
0.1116
0.09956
0.09212
0.3582
0.8453
0.5241
0.05808
0.1028
0.07057
0.2251
0.4059
0.2754
0.09661
0.06742
0.2098
0.2113
0.003052
9.537e-05
0.007725
0.3677
0.03901
0.4341
0.425
0.2537
0.3304
0.05951
0.3345
0.2403
0.251
0.415
0.2472
0.1991
0.2045
0.3304
0.1904
0.2029
0.1799
0.0
0.0
0.0
0.0
0.0
0.006962
0.1654
0.5325
0.161
0.6042
0.1139
0.1184
0.2083
0.2232
0.2235
0.2037
0.1835
0.1757
0.6851
0.1276
0.1337
0.2186
0.219
0.1844
0.0
0.0
0.0
0.0
0.0
0.006771
0.1547
0.1972
0.2934
0.3242
0.6104
0.1247
0.09489
0.07648
0.2243
0.2289
0.1284
0.5775
0.09317
0.2216
0.4631
0.227
0.1062
0.07906
0.214
0.2647
9.537e-05
9.537e-05
0.0
0.006199
0.01335
0.5684
0.3651
0.206
0.4433
0.3414
0.4974
0.4059
0.0926
0.08659
0.2686
0.2331
0.2686
0.1482
0.2178
0.1827
0.4379
0.4303
0.09518
0.1144
0.1793
0.2625
0.1005
0.5249
0.6172
0.5997
0.7317
0.7446
0.8514
0.8255
0.7126
0.6416
0.6821
0.6874
0.7416
0.8484
0.7385
0.798
0.8209
0.7698
0.8102
0.7431
0.7385
0.7553
0.7904
0.7065
0.4539
0.4974
0.4311
0.5615
2.362
4.675
6.506
4.73
5.713
5.743
9.546
6.494
8.398
5.762
5.969
5.475
3.998
3.546
3.601
1.299
1.129
0.3494
0.5783
0.8011
0.7751
0.769
0.9048
0.7095
0.8545
0.8698
0.7591
0.7454
0.7317
0.7904
0.8621
0.8606
0.8514
0.8194
0.8759
0.8255
0.8026
0.8011
0.7729
0.7523
0.7889
0.8453
4.773
7.739
6.519
6.531
9.912
7.043
6.75
6.812
8.179
4.23
3.619
4.059
2.805
2.582
0.2018
0.634
0.7454
0.7339
0.7416
0.6599
0.7355
0.6927
0.7103
0.573
0.6332
0.5302
0.5295
0.6752
0.5829
0.7042
0.6683
0.5348
0.589
0.6889
0.6668
0.6149
0.5974
0.5142
0.5379
0.4921
0.4829
0.5081
0.5226
0.5112
0.5447
0.4601
0.5585
2.295
6.421
6.531
5.005
7.251
9.204
6.335
6.836
5.127
7.483
6.018
4.309
4.871
2.686
2.243
2.585
0.2415
0.5463
0.6432
0.5051
0.4898
0.4623
0.5386
0.6142
0.5615
0.6271
0.6409
0.7561
0.6851
0.7553
0.7217
0.7645
0.824
0.8881
0.7805
0.7393
0.7416
0.6859
0.6378
0.5753
0.5836
0.6195
0.7233
0.8026
0.7507
1.755
4.425
6.47
6.946
6.909
7.69
8.508
7.178
6.47
7.056
6.799
4.675
3.723
3.986
1.636
0.9003
0.3345
0.544
0.5455
2.634
2.551
1.205
1.112
0.108
0.6393
0.7133
0.8194
0.6851
0.7858
0.7736
0.7164
0.8072
0.7439
0.7164
0.7446
0.7195
0.6248
0.7935
0.6691
0.6325
0.6554
0.6485
0.6813
0.6981
0.7248
0.75
0.6485
0.7309
0.7904
0.7805
0.695
4.523
6.934
3.638
4.486
6.519
5.884
7.178
7.849
7.776
5.304
5.396
4.846
4.016
2.82
3.595
1.73
2.274
0.2483
0.1625
0.09432
0.3029
0.05493
0.457
0.5486
0.6905
0.6958
0.8102
0.7462
0.7195
0.634
0.6203
0.5905
0.5714
0.5974
0.5287
0.5836
0.5745
0.5478
0.5341
0.592
0.6104
0.6836
0.5547
0.5295
0.5753
0.6218
0.6859
0.7416
0.7507
0.8026
0.7263
0.8118
0.8331
2.444
7.52
5.237
4.913
7.361
8.85
7.654
7.251
8.215
5.292
4.767
3.802
3.003
0.946
0.5783
0.6828
0.631
0.7195
0.6966
0.8423
0.8698
0.9415
0.8392
0.7149
0.6416
0.7614
0.6691
0.6836
0.5424
0.5661
0.5348
0.444
0.5302
0.4883
0.4608
0.4753
0.5173
0.5272
0.5684
0.4829
0.6065
0.5981
0.5455
0.4944
0.5424
0.5058
0.5142
1.36
7.959
3.955
4.822
6.482
6.0
8.398
7.141
5.292
6.421
6.604
3.802
3.632
3.986
2.31
3.406
0.4822
1.18
0.124
1.123
0.1705
0.6302
0.8896
0.7301
0.5234
0.676
0.3181
0.1356
0.1112
0.1278
0.3105
0.7179
0.4341
0.9232
0.3922
0.1205
0.08945
0.2342
0.3101
0.3288
0.1167
0.08554
0.2357
0.1837
0.186
0.7378
0.7874
0.6683
0.7263
0.8377
0.7645
0.8453
0.7317
0.6592
0.6584
0.6958
0.6584
0.6584
0.6989
0.5928
0.7034
0.7843
0.7324
0.8301
0.8179
0.8331
0.6561
0.6096
0.6287
0.7607
0.7149
0.724
5.994
6.506
6.14
6.146
8.582
9.875
6.97
7.3
5.707
3.613
4.504
3.046
3.699
1.115
1.53
0.3662
0.3143
0.7233
0.8713
0.8469
0.8636
0.8865
1.096
0.8286
0.8209
0.7645
0.8377
0.8667
0.8209
0.9033
0.8667
0.7729
0.779
0.7683
0.9827
0.9064
0.9247
0.9186
0.9415
1.089
6.677
6.079
7.214
6.219
10.11
8.154
6.714
7.336
6.097
3.894
3.778
2.805
3.766
1.318
1.497
0.0
0.0
0.0
0.0
0.0
0.0
0.0
0.02041
0.7088
0.9384
0.3193
0.08526
0.09785
0.09699
0.3296
0.2342
0.2792
0.5135
