0.03977
0.03862
0.03605
0.03214
0.02899
0.03185
0.03071
0.03099
0.03653
0.04072
0.03319
0.03939
0.03777
0.04168
0.03185
0.04158
0.0349
0.0392
0.03815
0.03805
0.035
0.03757
0.035
0.03967
0.03147
0.03672
0.03443
0.04539
0.03471
0.04139
0.04158
0.04158
0.03653
0.04015
0.04072
0.04711
0.03424
0.04597
0.04292
0.03548
0.02708
0.03796
0.04492
0.04301
0.05817
0.04616
0.04597
0.03901
0.03691
0.02794
0.03653
0.03185
0.02947
0.02651
0.03223
0.03242
0.03386
0.03195
0.033
0.03691
0.02737
0.03767
0.02871
0.02594
0.0289
0.02794
0.02365
0.02623
0.02985
0.0329
0.0371
0.0308
0.03462
0.03424
0.02794
0.02899
0.02947
0.02651
0.03386
0.03824
0.03338
0.0289
0.0289
0.03014
0.02899
0.04215
0.0247
0.02928
0.0288
0.03319
0.03567
0.0186
0.03366
0.02346
0.04492
0.01993
0.0351
0.02708
0.03023
0.0289
0.0268
0.04311
0.03567
0.03986
0.04187
0.02995
0.0206
0.02604
0.02289
0.02689
0.02918
0.02556
0.02565
0.03853
0.03395
0.03204
0.03986
0.05322
0.03643
0.03366
0.03624
0.03557
0.03519
0.03166
0.02918
0.03242
0.02871
0.03366
0.02928
0.02584
0.04263
0.0433
0.0371
0.04139
0.0308
0.03967
0.03033
0.03071
0.04091
0.02956
0.03462
0.02279
0.02718
0.02861
0.02604
0.01993
0.02937
0.02117
0.04177
0.02489
0.03414
0.033
0.02279
0.02012
0.03014
0.02737
0.03357
0.03223
0.02899
0.02384
0.04072
0.03099
0.02871
0.02804
0.0289
0.03576
0.03023
0.03891
0.02651
0.02775
0.0351
0.02623
0.03862
0.03052
0.02451
0.03805
0.02975
0.03109
0.03252
0.02575
0.03376
0.03443
0.03138
0.03586
0.03481
0.0329
0.02842
0.03834
0.02527
0.04196
0.04234
0.04129
0.02995
0.03996
0.04253
0.04692
0.03471
0.0329
0.0391
0.04044
0.03586
0.05102
0.04015
0.0433
0.0371
0.03939
0.04702
0.03223
0.03881
0.04301
0.04025
0.0226
0.02279
0.03176
0.03767
0.03271
0.0576
0.03929
0.04625
0.03786
0.04444
0.03796
0.04072
0.0659
0.03586
0.04301
0.02813
0.05236
0.05159
0.05608
0.05798
0.04435
0.04301
0.03777
0.03443
0.03595
0.03176
0.05283
0.05388
0.04778
0.03834
0.04015
0.03452
0.04225
0.03214
0.04301
0.03986
0.03538
0.05121
0.05417
0.03653
0.03586
0.03138
0.02975
0.02737
0.03576
0.02937
0.02699
0.0349
0.04015
0.0329
0.03862
0.03014
0.03242
0.04015
0.02832
0.02861
0.03138
0.02689
0.02737
0.03862
0.03176
0.03328
0.03433
0.03061
0.03557
0.04444
0.04301
0.04358
0.05121
0.06056
0.03271
0.04292
0.03309
0.04282
0.04368
0.05159
0.04225
0.04501
0.03042
0.05484
0.03672
0.03538
0.03271
0.03481
0.03061
0.0411
0.03586
0.0493
0.04539
0.05112
0.04768
0.06466
0.03986
0.04807
0.04272
0.04797
0.03681
0.04759
0.03967
0.04702
0.04311
0.06371
0.06113
0.03939
0.0618
0.07744
0.04702
0.05016
0.04663
0.05312
0.05627
0.05646
0.04139
0.04578
0.05178
0.04883
0.04177
0.04339
0.0412
0.04368
0.0494
0.04196
0.03986
0.03853
0.05188
0.0474
0.04883
0.03357
0.04692
0.06313
0.05064
0.04721
0.04578
0.04082
0.04091
0.04168
0.0453
0.03357
0.03853
0.04025
0.03519
0.03653
0.03929
0.05217
0.04444
0.03691
0.03748
0.03891
0.0473
0.03977
0.02871
0.03605
0.04272
0.0246
0.02775
0.0392
0.02594
0.03576
0.02785
0.0349
0.03338
0.03176
0.02823
0.05388
0.01755
0.03948
0.01583
0.05627
0.01516
0.05236
0.02766
0.04263
0.02575
0.04463
0.03347
0.05312
0.03357
0.04883
0.02995
0.03567
0.03929
0.02251
0.0371
0.02794
0.04911
0.08459
0.02766
0.03929
0.03376
0.03004
0.03195
0.03338
0.02966
0.04015
0.0268
0.04005
0.03119
0.02594
0.02747
0.02937
0.02518
0.04892
0.04892
0.03815
0.03662
0.02956
0.04177
0.04549
0.05817
0.03099
0.0351
0.03204
0.02918
0.0308
0.03233
0.02956
0.02241
0.0289
0.03748
0.03443
0.0309
0.04025
0.03271
0.02928
0.03357
0.03595
0.03014
0.02594
0.02909
0.04902
0.04292
0.04263
0.03347
0.04377
0.03271
0.03271
0.03786
0.02909
0.03424
0.02718
0.03605
0.0308
0.03109
0.03643
0.03328
0.03395
0.03519
0.03862
0.04349
0.03595
0.037
0.03176
0.0371
0.03376
0.03672
0.04158
0.04549
0.04425
0.03767
0.03843
0.04959
0.04473
0.04902
0.0473
0.04272
0.03262
0.04311
0.03052
0.05007
0.02975
0.02098
0.03672
0.04463
0.03672
0.04549
0.04625
0.03252
0.05398
0.04425
0.05798
0.03967
0.05283
0.05169
0.05884
0.04835
0.06208
0.05636
0.06037
0.04921
0.03757
0.03757
0.06886
0.03567
0.04196
0.05817
0.04721
0.04559
0.04053
0.04206
0.04587
0.03786
0.03157
0.0452
0.03242
0.03843
0.04578
0.04702
0.04406
0.0452
0.03843
0.05493
0.03853
0.05751
0.06351
0.0514
0.05016
0.04644
0.05503
0.03376
0.03366
0.04644
0.04864
0.03567
0.0432
0.04435
0.03843
0.04215
0.0433
0.03881
0.03414
0.03595
0.03834
0.04625
0.03548
0.03395
0.035
0.02337
0.03338
0.02632
0.03347
0.03328
0.03967
0.04568
0.03881
0.04129
0.05322
0.04787
0.04387
0.04244
0.04025
0.0495
0.02966
0.02823
0.03777
0.04482
0.04406
0.03424
0.03901
0.03653
0.03443
0.03862
0.03071
0.04416
0.03633
0.04969
0.04063
0.06046
0.03433
0.03986
0.03166
0.04139
0.04034
0.04072
0.04387
0.04568
0.04282
0.04692
0.04597
0.04416
0.04044
0.05026
0.04301
0.04549
0.04034
0.03538
0.04005
0.04301
0.04339
0.04072
0.03872
0.03738
0.04511
0.04187
0.05436
0.04396
0.03557
0.04129
0.03185
0.03242
0.02851
0.03185
0.03719
0.03128
0.04101
0.03242
0.03681
0.03529
0.04129
0.03443
0.0391
0.0432
0.04988
0.04568
0.04272
0.03967
0.03958
0.04339
0.04406
0.04301
0.03519
0.03157
0.03319
0.03119
0.03185
0.03481
0.0247
0.02861
0.03157
0.04082
0.03138
0.03901
0.03109
0.04025
0.06151
0.03176
0.03014
0.0371
0.03233
0.03052
0.02403
0.03405
0.03271
0.0556
0.01879
0.04225
0.01554
0.06409
0.02174
0.05693
0.03738
0.04015
0.03328
0.03624
0.03052
0.07114
0.03881
0.03223
0.0267
0.02851
0.03328
0.02489
0.03395
0.02346
0.02842
0.02155
0.02012
0.01717
0.02642
0.02441
0.01869
0.03204
0.03357
0.03977
0.03176
0.03414
0.0267
0.0329
0.03557
0.03166
0.03967
0.03109
0.02403
0.02069
0.02546
0.0226
0.02337
0.02861
0.02346
0.02375
0.02661
0.03147
0.02766
0.035
0.02823
0.03214
0.02441
0.03014
0.03147
0.02432
0.02708
0.02222
0.03195
0.02718
0.04063
0.03557
0.05293
0.0288
0.03042
0.02775
0.03624
0.02804
0.03777
0.03586
0.03433
0.03862
0.04234
0.03653
0.02918
0.03166
0.02775
0.03214
0.03691
0.02995
0.03052
0.03309
0.03462
0.02499
0.03233
0.0329
0.04025
0.03672
0.04625
0.0308
0.03242
0.03128
0.03729
0.03853
0.02527
0.0308
0.04139
0.03529
0.04473
0.04425
0.03633
0.03376
0.04396
0.03729
0.03719
0.03071
0.04473
0.03767
0.05035
0.0473
0.04702
0.0392
0.04263
0.04168
0.03529
0.03767
0.02623
0.02565
0.03386
0.03538
0.03691
0.03366
0.04959
0.03366
0.04101
0.0555
0.03557
0.0329
0.03443
0.03748
0.03738
0.03347
0.03586
0.04835
0.04387
0.04025
0.05064
0.04339
0.05569
0.05264
0.04559
0.03653
0.04978
0.04025
0.04826
0.04311
0.04463
0.04463
0.03519
0.03567
0.05112
0.04768
0.02995
0.03328
0.03901
0.0473
0.03338
0.03777
0.02937
0.03548
