18.63
17.85
18.41
16.77
16.5
17.24
17.82
16.53
16.89
17.6
17.65
16.24
15.99
16.46
15.92
16.33
16.75
16.77
17.92
17.29
16.72
17.75
17.43
16.58
17.04
16.92
17.24
17.09
17.36
17.04
17.11
16.87
17.07
17.92
17.09
17.07
16.55
16.72
16.65
18.6
17.16
16.55
16.38
16.53
16.87
17.36
17.9
17.63
16.75
16.7
17.07
17.24
18.21
17.43
17.31
18.65
18.65
19.78
19.36
17.8
19.9
18.8
17.19
17.19
17.31
17.53
16.87
19.34
16.92
18.07
17.04
18.09
16.87
17.92
16.55
16.26
17.5
17.33
17.63
16.77
16.8
24.44
18.95
15.6
15.26
15.31
15.94
15.55
15.87
14.7
15.92
15.33
16.38
16.48
16.26
16.55
16.41
17.04
17.75
17.04
15.89
16.82
15.62
15.65
16.02
15.8
17.04
16.85
15.94
16.26
16.38
15.97
16.31
16.46
16.48
16.89
16.46
16.02
16.38
17.38
16.24
17.04
17.04
18.95
17.46
17.02
18.51
17.82
18.16
17.94
18.07
17.7
17.16
17.8
18.51
17.09
16.53
17.29
16.72
16.67
16.65
16.16
16.36
16.21
17.43
17.33
16.65
17.7
17.36
16.55
16.53
18.14
16.65
16.94
16.94
16.55
16.7
16.85
16.75
17.07
16.67
16.63
17.46
17.65
17.14
16.94
17.02
18.16
18.77
17.6
18.16
17.09
17.11
17.26
16.75
17.14
17.55
17.87
18.21
19.78
18.55
17.7
20.56
21.14
17.8
18.12
17.46
18.73
18.38
19.19
18.48
17.5
17.31
17.85
17.41
18.36
18.68
19.29
18.43
17.07
17.43
18.19
17.99
19.46
18.09
20.09
17.65
16.48
17.02
17.53
17.68
17.07
17.5
16.8
16.97
17.02
16.87
17.14
16.97
17.63
18.65
17.9
17.36
16.82
17.43
16.77
18.55
18.24
18.26
16.8
17.48
17.8
16.72
16.75
16.48
17.02
17.65
17.72
17.21
18.31
17.09
16.89
17.36
17.21
16.85
17.65
19.56
16.75
17.72
17.29
16.92
18.09
16.55
16.7
17.19
17.55
17.04
19.68
17.53
17.75
18.75
19.85
17.53
17.14
18.65
18.26
18.8
18.77
18.87
18.41
17.31
18.33
18.38
17.68
16.36
17.75
16.43
16.72
16.26
16.26
16.46
16.38
17.04
17.24
18.12
18.87
17.55
18.75
16.94
16.89
18.14
17.16
16.7
16.43
16.11
16.99
16.43
17.29
17.21
17.53
16.53
16.72
17.55
16.6
17.36
18.97
17.16
16.77
16.8
16.97
17.85
18.07
17.19
16.55
16.8
16.55
16.67
16.85
17.26
17.31
17.72
17.5
18.38
19.17
18.14
17.58
20.61
19.75
17.33
16.04
16.75
16.58
17.72
16.77
15.33
16.21
15.58
15.84
16.72
16.75
16.09
17.63
16.85
16.09
16.75
16.14
22.8
18.82
15.45
15.94
15.14
14.45
15.62
15.84
15.45
16.26
14.87
15.11
15.62
15.06
16.48
17.14
16.85
17.58
16.38
16.48
15.92
16.28
16.87
17.6
18.33
18.63
16.53
17.33
17.29
16.87
17.9
17.75
16.67
16.75
16.11
16.38
15.97
16.28
16.36
16.89
16.85
16.82
18.19
18.09
16.89
16.11
16.58
17.24
17.29
16.72
16.28
16.97
16.63
17.07
17.29
16.82
17.55
17.33
17.97
18.19
18.04
16.63
16.65
18.9
16.36
17.63
16.87
17.07
17.9
17.6
16.19
16.43
17.07
17.24
17.7
16.5
17.21
16.94
17.9
17.21
16.7
17.07
17.75
16.92
18.53
16.82
16.38
16.36
16.67
16.55
16.8
16.72
17.16
17.31
16.31
16.67
16.6
16.53
17.97
17.85
18.33
18.12
16.82
17.68
17.33
18.41
18.41
17.6
17.8
17.77
16.89
17.53
17.5
18.46
18.16
18.19
18.58
19.41
19.41
18.8
19.51
20.36
17.75
17.94
17.8
18.8
17.87
19.63
18.24
17.31
17.41
16.77
17.19
18.02
17.85
17.97
18.09
17.99
17.43
18.19
17.29
17.48
17.87
19.53
19.09
19.73
16.97
17.6
18.12
18.24
17.75
17.16
17.6
16.87
16.92
16.92
17.07
17.14
18.75
17.48
16.77
16.97
16.89
17.31
18.6
18.43
19.43
16.46
17.48
17.41
16.21
17.38
17.53
16.33
16.31
16.58
16.06
16.36
16.77
16.94
16.5
16.87
16.58
17.55
18.53
16.77
16.82
16.8
17.36
18.53
17.55
16.99
16.85
17.19
16.55
17.92
17.97
17.77
17.26
18.53
17.8
17.09
16.85
16.82
19.31
17.09
18.36
17.14
16.92
17.46
17.77
16.14
15.99
16.14
16.19
16.75
17.48
17.33
17.33
18.07
17.29
17.63
17.24
18.09
17.7
18.55
17.41
16.75
17.14
17.55
19.21
16.89
17.6
17.11
17.11
17.29
17.41
17.92
16.94
17.46
18.29
18.12
17.63
19.43
17.7
17.21
16.89
17.36
18.97
18.73
17.82
17.33
17.14
17.14
16.94
17.26
17.43
17.55
17.21
18.77
18.85
19.58
19.75
18.12
19.24
19.8
18.55
17.43
17.85
18.75
17.53
19.65
19.34
17.92
17.72
17.75
17.33
18.36
17.38
17.16
17.36
17.41
17.7
19.9
18.12
18.58
21.09
26.95
15.65
16.41
16.04
15.41
15.8
15.72
15.55
15.82
15.48
16.55
16.8
17.55
16.99
15.77
16.11
16.41
17.92
17.75
17.43
19.34
16.6
17.63
16.75
16.24
17.85
17.75
16.89
16.28
16.63
15.84
16.09
16.75
16.48
17.55
16.5
16.77
17.58
17.94
17.85
16.21
16.11
17.41
16.14
17.6
16.21
18.09
17.21
17.7
17.92
17.68
17.33
17.63
18.02
18.36
16.65
16.77
19.56
17.38
18.29
16.99
17.14
18.07
17.07
17.87
16.58
17.14
17.21
16.82
17.68
18.87
16.99
16.7
16.82
16.87
17.46
18.41
17.07
18.73
17.21
18.02
16.94
18.38
19.6
17.36
16.77
16.99
16.58
16.87
16.92
17.46
17.02
18.09
17.33
18.38
17.58
19.6
17.6
17.46
18.68
18.46
19.09
17.94
17.09
18.19
18.04
18.85
18.26
18.19
17.97
17.99
17.8
18.46
18.82
21.9
19.46
19.14
18.16
18.24
18.16
18.02
18.33
20.85
19.17
18.36
18.16
18.6
18.38
18.75
19.21
17.31
19.09
19.14
17.75
18.7
17.53
18.14
18.58
20.34
19.14
19.21
18.04
18.6
18.16
16.97
18.63
17.5
17.41
17.5
17.33
16.94
17.82
17.53
19.65
18.36
17.48
17.58
18.99
18.77
17.92
19.43
17.82
18.29
18.16
17.11
18.41
17.92
16.75
16.94
16.8
