15.33
14.62
14.18
16.43
14.84
16.5
14.28
16.63
15.11
15.48
17.21
15.28
16.53
17.29
15.28
17.41
15.41
17.31
14.84
16.5
15.5
15.45
12.89
15.89
13.35
15.41
13.43
15.58
13.43
15.45
14.89
18.7
15.92
14.7
17.68
15.82
16.85
16.04
18.14
16.58
16.5
15.92
17.7
16.36
19.24
17.04
15.72
19.14
17.9
15.48
17.6
18.12
15.11
15.72
17.7
17.29
26.66
20.78
20.19
19.75
16.53
20.56
21.53
15.36
18.58
23.36
20.34
19.97
15.6
17.48
15.97
17.29
17.48
14.97
17.41
15.33
17.6
16.31
18.82
16.89
15.19
17.29
16.82
17.85
15.77
16.72
14.99
17.36
15.67
17.77
14.04
15.26
21.12
15.75
14.5
16.87
14.26
16.7
13.77
16.58
15.89
19.36
16.5
16.97
19.26
15.31
16.16
13.96
15.94
14.23
17.14
17.11
15.55
14.26
16.63
15.65
16.24
14.36
17.58
14.04
15.82
14.31
13.48
16.72
14.92
13.72
17.92
16.11
19.19
15.23
14.84
17.63
16.92
16.16
19.65
16.36
15.23
16.38
14.87
14.21
17.7
19.09
14.48
16.16
17.38
16.09
16.7
16.28
18.85
18.53
15.48
17.85
15.58
19.04
17.09
20.02
16.06
18.02
18.7
19.9
14.82
14.28
16.46
15.92
17.33
19.7
15.65
17.82
20.61
15.21
14.58
14.7
12.52
11.61
15.77
13.82
16.06
14.4
16.09
14.7
19.6
11.98
13.26
11.69
15.09
11.49
13.57
13.31
13.35
10.53
14.36
12.44
14.45
17.04
14.11
13.38
16.41
14.62
17.21
13.67
16.41
14.23
16.14
14.82
17.87
14.82
16.46
14.16
17.29
15.87
17.24
14.16
17.29
15.31
17.43
14.97
17.8
15.6
19.7
16.92
18.36
19.85
16.33
15.26
22.51
17.75
16.24
21.61
19.17
20.0
16.99
22.14
17.11
19.87
18.7
17.72
22.19
20.04
17.24
21.97
17.29
20.61
17.33
19.63
21.34
23.85
16.97
18.38
17.21
19.63
17.85
18.21
22.61
22.46
22.05
23.19
19.14
20.0
18.82
25.83
20.87
22.31
21.29
20.43
18.8
20.41
18.73
22.27
22.27
20.12
17.63
19.51
17.53
21.31
22.19
22.66
18.48
21.0
18.04
21.92
19.12
21.51
18.85
21.34
20.97
25.34
20.29
23.34
21.34
22.27
21.95
21.92
19.6
21.66
18.12
20.61
19.92
21.26
19.82
22.36
20.53
22.71
24.19
25.29
24.05
24.49
22.68
23.9
21.31
24.29
22.61
29.15
23.71
25.05
22.97
25.93
22.95
29.49
28.37
27.05
24.07
25.83
24.05
27.1
25.63
26.17
24.24
26.37
24.07
26.95
26.32
27.98
24.41
28.56
22.36
23.24
21.14
23.58
23.88
23.46
20.73
22.39
20.41
22.88
20.73
23.41
24.88
22.14
21.14
22.12
21.14
23.44
20.31
22.09
22.14
22.78
20.48
21.85
20.26
22.53
19.75
21.46
20.36
22.0
19.51
21.48
17.8
19.31
18.14
19.36
17.85
16.77
19.8
21.29
19.34
16.94
16.11
17.82
19.21
17.48
19.85
17.46
17.21
18.36
23.44
18.41
20.41
17.24
18.85
15.62
14.31
19.85
16.58
17.87
22.68
20.26
23.75
24.68
19.41
21.75
17.31
21.56
16.89
21.19
18.43
17.29
19.17
18.48
20.26
18.31
19.34
22.46
17.99
20.04
18.6
23.51
27.34
24.46
23.54
18.87
17.75
18.95
18.85
17.85
18.8
19.82
19.31
18.65
23.14
20.87
19.6
19.78
21.83
23.22
18.02
18.26
16.11
17.07
17.99
17.65
19.53
17.16
17.19
18.21
20.97
18.85
19.8
21.41
18.65
19.95
17.99
18.97
17.77
23.9
17.97
17.21
16.26
18.31
19.09
19.24
17.09
16.33
19.85
16.94
19.31
17.36
18.26
17.65
21.73
19.58
19.97
24.19
20.63
18.68
20.19
20.8
18.99
18.12
19.92
19.56
19.17
20.34
18.65
21.0
20.46
23.02
20.12
21.17
19.92
21.97
18.97
20.9
19.78
21.97
19.26
20.39
18.99
22.75
18.63
18.92
17.85
18.12
16.82
22.34
20.09
18.38
21.41
24.19
21.39
20.7
18.38
20.78
19.73
20.95
19.04
19.17
19.31
20.9
20.39
22.75
21.17
21.26
19.12
20.04
18.38
19.97
22.97
21.92
20.65
22.17
22.07
22.22
22.39
21.97
21.75
22.53
22.71
21.44
22.12
22.63
21.36
22.05
21.44
23.22
21.48
20.85
19.24
21.26
19.56
21.61
20.95
26.03
20.43
21.95
19.43
22.02
20.04
22.56
21.92
25.68
20.21
24.73
19.68
21.14
18.75
21.53
19.36
21.09
20.85
20.61
18.46
20.36
19.12
23.66
19.97
21.39
20.43
23.73
21.39
21.97
18.09
22.56
19.68
21.68
20.85
24.41
20.0
22.56
23.14
23.95
18.82
21.22
19.51
21.9
20.19
22.36
19.82
22.19
20.34
22.14
19.41
20.8
21.0
25.63
20.19
21.92
22.36
26.03
22.66
22.44
19.7
20.97
18.53
22.31
18.73
20.26
18.73
20.97
23.73
22.14
22.09
23.88
23.44
27.64
25.78
31.4
32.28
22.05
19.38
22.66
21.0
22.51
22.19
23.88
27.88
26.27
20.85
23.75
23.39
23.34
21.83
22.44
22.29
23.34
20.53
27.29
23.29
20.75
18.92
20.78
18.24
20.14
17.99
19.19
17.5
29.1
24.95
19.78
20.19
21.04
18.75
20.43
19.36
21.19
17.87
20.02
16.75
19.56
16.67
19.26
18.07
19.75
16.92
22.39
21.97
24.22
21.31
23.97
21.75
25.83
23.95
22.49
20.61
22.44
22.71
23.8
21.26
22.19
21.07
23.49
20.75
22.56
19.21
21.51
20.85
23.02
20.73
22.63
23.07
23.0
21.66
25.1
23.17
26.27
23.14
26.42
24.19
25.05
22.27
24.56
23.02
24.73
22.71
23.68
22.09
24.61
21.78
24.9
22.61
25.0
21.19
22.49
20.92
24.02
21.53
23.22
21.36
24.68
21.12
22.19
20.51
22.53
23.05
25.78
21.46
22.8
21.51
24.78
23.9
22.19
21.53
25.0
21.73
22.46
20.51
21.85
20.39
22.17
20.43
22.95
20.46
22.61
20.14
24.29
20.48
22.07
20.36
21.73
20.21
23.07
20.8
22.07
20.53
22.22
20.83
22.63
19.97
21.7
19.63
20.61
20.97
21.51
18.36
20.7
18.63
20.48
18.43
20.24
18.92
19.43
18.53
20.31
17.55
19.78
20.65
18.75
16.72
18.21
16.72
18.24
15.38
21.29
20.43
16.67
20.12
18.99
21.51
18.46
18.73
21.7
18.77
23.24
20.56
20.65
18.51
21.39
18.85
21.29
20.04
22.0
18.48
20.87
21.9
22.14
18.6
20.34
18.21
20.31
18.58
20.29
17.48
20.73
18.73
21.0
19.09
24.44
22.02
21.61
20.43
21.85
20.97
23.07
19.7
21.19
20.83
21.34
19.38
22.95
19.12
21.85
19.34
22.46
20.09
20.85
20.02
24.37
21.58
25.63
21.44
23.8
21.51
23.78
22.78
21.97
22.0
21.75
20.58
27.69
23.17
20.48
18.14
18.8
16.85
19.12
16.99
19.63
16.97
17.36
22.51
18.55
19.58
19.63
17.29
19.41
17.58
19.36
17.7
20.14
23.8
19.46
27.73
19.09
15.82
17.14
19.09
15.67
21.61
17.48
18.46
19.24
17.02
17.7
15.82
20.26
16.82
20.95
16.99
17.77
16.14
20.68
16.5
16.77
20.09
19.9
17.21
18.6
17.99
17.97
16.72
17.94
21.92
19.17
17.31
22.05
17.24
18.7
17.41
18.68
22.97
17.92
16.77
22.58
18.58
16.99
16.26
16.77
