0.01011
0.009823
0.0104
0.0102
0.01068
0.0102
0.01068
0.01011
0.01049
0.01059
0.01116
0.01087
0.01049
0.01001
0.01011
0.009918
0.0103
0.01001
0.01001
0.009727
0.01011
0.009823
0.01001
0.009918
0.01011
0.009155
0.01078
0.01059
0.01106
0.01059
0.01097
0.01087
0.2857
10.53
18.92
19.34
21.85
22.66
20.24
19.7
21.36
17.24
19.7
21.73
24.22
10.35
20.85
22.14
21.31
22.24
22.02
22.8
21.02
18.12
19.09
20.34
20.97
14.45
15.23
16.38
16.53
15.92
12.32
8.289
18.41
19.65
20.48
20.39
20.17
20.65
19.87
18.43
16.87
18.68
16.82
18.68
14.97
15.5
18.58
18.92
17.7
10.19
18.33
15.6
17.5
16.97
17.85
10.93
14.43
18.6
18.65
19.41
24.07
24.76
24.12
23.44
24.49
26.27
16.67
13.23
15.38
15.97
15.7
16.46
31.93
35.06
32.37
31.93
30.47
31.35
12.87
10.16
30.86
36.91
35.11
35.55
22.83
32.37
18.41
16.87
14.31
16.24
13.96
17.53
28.32
34.57
35.25
33.11
17.72
26.12
24.93
14.21
13.09
11.22
25.2
31.3
26.32
31.93
32.76
30.03
30.62
18.26
13.62
18.43
13.26
26.12
34.38
35.6
34.57
31.01
26.86
29.79
8.423
24.71
29.69
34.86
35.01
32.76
20.87
26.51
25.63
10.79
25.39
30.81
29.93
30.42
29.93
18.14
25.83
26.03
14.53
16.48
23.8
21.68
11.63
16.43
22.34
25.39
20.41
13.84
24.51
25.68
18.51
2.145
0.4761
0.07782
0.02766
0.02537
13.67
16.89
18.16
29.79
12.79
17.26
9.949
11.61
16.53
23.24
23.58
18.65
13.06
14.14
12.82
11.93
15.53
13.48
0.2102
0.1091
0.02928
0.02632
0.02899
0.02699
14.58
14.06
22.68
25.1
21.83
13.45
16.36
13.21
12.96
12.28
12.08
12.22
16.11
13.53
15.99
13.84
13.31
7.751
0.1797
0.07257
0.02995
0.02604
0.02899
0.02766
13.18
15.26
19.56
22.46
19.82
14.01
15.55
15.67
22.27
12.3
15.06
13.16
15.04
15.38
21.95
24.98
11.8
16.19
0.3407
0.09804
0.02861
0.02575
0.02899
0.0267
13.13
13.94
11.78
13.43
14.65
15.09
15.67
26.46
9.875
16.43
13.5
14.48
14.97
14.55
12.96
12.96
12.96
8.374
0.1745
0.08106
0.02899
0.02604
0.02832
0.02575
13.45
14.67
11.89
12.38
12.7
11.11
14.55
14.21
14.77
16.7
20.0
19.82
17.26
12.33
14.55
13.38
15.19
3.534
0.1657
0.04587
0.02966
0.02699
0.0309
0.02766
9.241
14.09
12.08
12.33
13.82
13.75
16.5
20.31
18.29
18.02
11.21
14.21
19.48
24.9
25.98
12.72
10.22
12.44
0.2041
0.1194
0.02995
0.02632
0.02861
0.02632
3.247
14.16
12.99
14.11
13.65
14.48
14.79
15.31
15.01
13.94
11.49
14.31
15.41
14.72
15.26
15.21
15.16
14.45
2.637
0.5775
0.1148
0.02604
0.02861
0.02575
6.689
16.48
7.104
17.87
15.21
16.11
18.36
28.47
13.96
17.94
25.24
23.9
11.91
16.48
15.7
17.87
16.04
12.3
12.57
18.9
15.58
18.07
13.94
10.55
18.75
19.17
19.92
21.0
20.46
18.68
20.36
21.83
20.83
21.61
22.0
18.92
16.09
19.26
20.87
22.27
23.32
23.61
19.82
21.07
21.92
22.9
27.25
30.52
31.64
31.01
31.69
9.668
14.01
23.66
28.17
32.86
31.64
29.1
22.83
18.51
22.17
15.62
9.68
18.02
28.61
33.25
31.45
29.3
31.79
31.25
31.05
34.08
30.91
33.54
32.91
29.69
27.25
28.27
25.54
24.19
23.32
22.68
20.61
18.48
16.92
14.65
9.29
15.72
20.73
28.32
18.58
18.46
21.14
21.66
15.01
14.82
15.77
16.14
17.65
18.02
8.813
19.36
20.53
20.31
18.43
19.46
20.17
18.16
18.21
18.29
29.25
31.05
28.96
28.03
25.98
24.85
30.32
29.83
26.71
28.76
29.69
30.57
28.27
25.49
23.93
21.66
13.84
18.16
19.68
20.8
18.04
16.77
16.11
15.87
19.48
17.72
16.99
16.8
16.14
17.72
12.57
10.27
18.65
17.65
15.97
17.43
17.16
15.99
17.94
19.7
25.73
27.98
25.98
23.29
21.48
23.07
27.59
27.73
25.78
21.75
23.78
32.67
30.66
29.49
28.27
31.25
28.52
25.59
10.79
14.38
17.07
16.6
20.53
22.53
22.05
23.19
17.19
14.48
16.11
16.36
14.67
15.16
10.91
6.36
15.38
18.19
15.55
16.75
19.51
18.14
18.33
19.02
18.97
21.29
21.61
21.83
30.22
32.47
33.89
34.81
32.67
33.54
33.01
31.69
32.91
34.08
34.81
33.98
10.63
12.5
26.56
33.2
30.86
32.28
27.0
23.49
27.88
24.63
10.72
14.14
23.32
28.86
34.57
18.99
28.08
29.64
12.07
30.86
31.84
19.38
26.95
23.02
20.07
18.48
24.1
16.77
26.86
28.76
16.14
16.26
31.05
33.25
26.03
33.11
9.18
23.83
25.73
33.84
32.81
31.4
29.59
29.15
29.74
35.16
37.55
35.06
33.84
34.62
34.28
32.42
29.69
29.15
31.54
33.06
25.73
10.74
16.16
17.58
17.38
18.14
16.28
15.7
17.14
17.8
19.48
19.6
19.65
16.55
19.85
12.52
14.45
21.83
23.8
22.49
22.58
20.56
18.92
19.7
20.7
20.34
28.71
37.84
37.01
34.72
34.72
33.59
35.84
38.92
36.04
35.06
40.14
24.58
24.29
38.62
40.58
36.82
29.15
28.66
29.2
18.19
19.8
37.55
37.74
39.26
36.87
34.91
36.47
37.4
37.3
36.82
32.96
29.64
29.0
28.81
31.84
29.93
29.54
28.71
30.03
15.8
27.59
31.64
35.25
33.59
25.1
27.39
29.2
24.46
20.19
13.87
27.69
21.53
21.63
18.14
17.87
22.49
21.39
23.97
28.08
25.1
13.67
24.34
21.22
17.26
18.51
30.91
30.57
30.71
32.57
31.25
32.96
32.62
31.64
30.32
33.45
31.01
31.49
32.47
27.64
30.42
29.35
28.81
31.1
33.4
17.26
20.83
27.25
30.13
29.54
29.25
26.37
27.59
27.54
19.46
21.29
14.7
19.31
15.97
19.73
15.82
20.9
28.66
30.08
12.38
19.65
12.48
10.97
10.38
18.8
20.34
23.95
19.26
13.87
16.5
13.92
12.89
15.7
15.48
16.31
17.87
16.72
17.38
14.18
15.09
16.92
17.55
15.55
12.94
13.5
13.77
15.41
17.9
22.07
23.27
15.14
13.16
14.31
15.62
21.85
21.7
19.92
13.09
15.26
12.77
14.43
16.14
17.5
16.94
16.14
13.01
14.94
18.48
17.36
15.7
13.35
13.7
13.7
15.26
15.26
16.19
16.82
17.72
16.85
5.109
0.6508
0.1406
0.02995
0.02604
0.02861
0.02604
0.02861
0.02604
0.02861
0.02604
0.02737
0.02737
0.02861
0.02737
0.02995
4.645
16.28
15.87
13.67
14.92
15.28
25.05
31.01
23.71
16.8
14.58
