0.0103
0.1453
0.3479
0.3922
0.2476
0.4173
0.3819
0.1703
0.3983
0.2499
0.2827
0.2159
0.238
0.2495
0.2785
0.2869
0.1482
0.0002861
0.0
0.1226
0.1579
0.1633
0.1398
0.2232
0.2663
0.2823
0.3826
0.1495
0.3559
0.219
0.322
0.1375
0.3582
0.1608
0.3426
0.169
0.2247
0.2335
0.2934
0.2407
0.2018
0.0001907
0.0
0.1266
0.3685
0.209
0.3288
0.1228
0.4425
0.1688
0.3246
0.2777
0.1696
0.1579
0.3788
0.2735
0.3017
0.2182
0.1713
0.375
0.2731
0.3445
0.2319
0.3311
0.1028
0.7248
0.1255
0.0576
0.03319
0.05207
0.1392
0.4372
0.05808
0.01135
0.01202
0.9201
0.5257
0.4822
0.1987
0.2663
0.2712
0.2853
0.2293
0.2003
0.201
0.227
0.1976
0.2239
0.238
0.2457
0.2068
0.2537
0.5852
0.7843
1.273
1.085
0.6882
1.384
0.824
0.5783
0.4051
0.4631
0.4997
0.5585
0.7355
0.7004
0.8163
0.7622
0.2464
0.01068
0.02069
0.4547
6.348
5.878
3.912
3.491
5.042
2.637
0.1055
0.4318
0.3555
0.04997
0.04206
0.06504
0.1352
0.457
0.0351
0.01802
0.005531
0.975
0.4906
0.486
0.1869
0.2228
0.2491
0.2575
0.2319
0.2377
0.2323
0.2449
0.2533
0.2499
0.2598
0.2373
0.2552
0.3056
1.004
1.27
1.143
0.8224
1.309
0.8514
0.4974
0.3983
0.4791
0.547
0.5669
0.7889
0.7309
0.7217
0.6142
0.1032
0.01392
0.01469
1.608
5.365
4.486
3.271
3.067
3.345
3.979
0.8774
0.09375
0.6165
0.1987
0.05245
0.04921
0.04663
0.2842
0.3113
0.01621
0.01602
0.06819
1.007
0.5386
0.3468
0.23
0.2625
0.2888
0.2567
0.2789
0.2106
0.2369
0.1976
0.1984
0.2262
0.2136
0.1837
0.2445
1.633
1.23
1.193
0.5295
0.8636
1.724
0.6111
0.4028
0.4112
0.4608
0.3952
0.473
0.6744
0.6424
0.7027
0.7858
0.2613
0.01125
0.01459
0.01993
2.637
4.938
2.896
3.217
2.448
3.113
3.131
2.524
0.0003815
0.1122
0.6676
0.1764
0.05236
0.04196
0.04978
0.05598
0.3868
0.1772
0.01097
0.0124
0.4715
0.7599
0.5478
0.1892
0.2117
0.2422
0.2373
0.2079
0.2197
0.2151
0.2308
0.2258
0.2167
0.2365
0.2369
0.2483
0.2625
0.5447
0.8484
1.311
0.8408
0.7057
1.213
1.332
0.5501
0.3983
0.4318
0.4906
0.5272
0.7698
0.7652
0.7347
0.6577
0.1295
0.01316
0.01364
4.059
5.75
3.638
3.583
3.613
3.772
0.7156
0.08984
0.0003815
0.0
0.0
0.0
0.0
9.537e-05
0.0
0.0
0.0
0.0
0.0
0.0
0.0
0.0
0.0
0.0
0.0
0.0
0.0
0.0
0.0
0.0
0.0
0.0
0.0
0.0
0.0
0.0
0.0
0.0
0.0
0.0
0.0
0.0
9.537e-05
0.0
0.0
0.0
0.0
9.537e-05
0.0
0.0
0.0
0.0
9.537e-05
0.0
0.0
0.0
0.0
0.0
0.0
0.0
0.0
0.0
0.0
0.0
0.0
0.0
9.537e-05
0.0
9.537e-05
9.537e-05
0.0
0.0
0.0
0.0
0.0001907
0.0
0.0
0.0
0.0
0.0
9.537e-05
0.0
0.0
0.0
0.0
0.0
0.0
0.0
0.0
0.0
9.537e-05
0.0
0.0
0.0
0.0
0.0
0.0
0.0
0.0
0.0
0.0
0.0
0.0
0.0
9.537e-05
0.0
0.0
0.0
0.0
0.0
0.0
0.0
0.0
0.0
0.0
0.0
0.0
0.0
0.0
0.0
9.537e-05
0.0
0.0
0.0
0.0
0.0
0.0
0.0
0.0
0.0
0.0
9.537e-05
0.0
0.0
0.0
0.0
0.0
0.0
0.0
0.0
0.0
0.0
9.537e-05
0.0
0.0
0.0
0.01659
0.602
0.441
0.4158
0.3834
0.08898
0.2377
0.3052
0.4494
0.5493
0.4807
0.246
0.1659
0.1957
0.1816
0.2197
0.1753
0.1642
0.1694
0.1682
0.1633
0.1587
0.1757
0.1896
0.1705
0.1762
0.1972
0.2018
0.1654
0.1892
0.1562
0.1642
0.1495
0.1797
0.367
0.9094
0.3586
0.4089
1.135
0.663
1.115
0.827
0.9964
0.4616
0.2457
0.338
0.3967
0.2563
0.2281
0.23
0.2384
0.2048
0.07467
0.08745
0.1312
0.1219
0.1347
0.1333
3.168
6.47
5.957
6.299
2.271
0.02775
0.03242
3.168
0.07963
0.01411
0.008011
0.6882
0.2285
0.3422
0.2819
0.2682
0.3719
0.1991
0.1789
0.2441
0.301
0.3479
0.3433
0.349
0.3002
0.2644
0.2434
0.2995
0.1741
0.1619
0.1362
0.1677
0.1631
0.165
0.1915
0.1844
0.1894
0.1696
0.1984
0.194
0.1625
0.1541
0.1764
0.2033
0.1572
0.152
0.1762
0.1936
0.4768
0.6737
0.1858
0.2403
1.131
1.033
1.088
0.9933
0.5562
0.2045
0.2438
0.2579
0.2712
0.2792
0.2979
0.3593
0.1348
0.1245
0.1213
0.1205
0.1526
0.1423
2.359
5.121
4.883
5.817
5.011
1.147
3.229
0.251
0.00391
0.01984
0.5821
0.3254
0.1926
0.2914
0.2434
0.1661
0.4135
0.2361
0.19
0.1759
0.2312
0.2518
0.2579
0.3101
0.3616
0.3494
0.2563
0.2052
0.2544
0.2689
0.211
0.1984
0.206
0.2357
0.2281
0.2338
0.2445
0.2113
0.2029
0.2235
0.2327
0.2197
0.975
0.3178
0.5173
1.469
1.283
1.578
0.4303
0.3132
0.3162
0.3307
0.2659
0.3139
0.3273
0.2666
0.3342
0.3025
0.1343
0.2071
0.1883
0.1339
0.01936
5.615
6.287
6.073
6.311
3.351
0.1663
0.0268
0.00658
0.1348
0.0007629
9.537e-05
0.0
0.0
0.0
0.0
0.0
0.0001907
0.0
0.0
0.0006676
0.0
0.0
0.0
0.0
0.0
0.0
0.0
0.0
0.0
0.0
0.0001907
0.0004768
0.0
0.0
9.537e-05
0.0
0.01869
0.07648
0.7904
0.3502
0.3876
0.3613
0.3311
0.2384
0.4333
0.5486
0.4303
0.3159
0.2804
0.2636
0.2304
0.2464
0.2178
0.2289
0.2102
0.2171
0.2052
0.2411
0.2529
0.2525
0.2323
0.2155
0.2106
0.2243
1.067
0.4913
1.085
2.737
1.064
0.8575
0.3651
0.3479
0.3479
0.3445
0.3189
0.3456
0.37
0.4211
0.3914
0.3906
0.3807
0.4234
0.2289
0.01593
0.009823
0.01144
0.01221
3.018
7.336
6.787
6.775
3.061
0.03147
0.006008
0.0206
0.6401
0.4913
0.3819
0.3883
0.4417
0.2922
0.2468
0.2781
0.428
0.4196
0.4089
0.3777
0.3117
0.256
0.2529
0.2338
0.2239
0.2167
0.209
0.2167
0.235
0.2293
0.2731
0.2789
0.2335
0.23
0.2251
0.2151
0.4318
0.7889
0.3521
0.5409
1.544
1.523
1.353
0.4494
0.2823
0.3407
0.3258
0.3296
0.3712
0.3445
0.3677
0.3304
0.3452
0.1509
0.1898
0.2232
0.0124
0.01783
0.2716
7.41
8.057
10.16
1.306
0.2068
0.006485
0.0003815
0.0001907
0.01316
0.4021
0.6226
0.3811
0.3414
0.3849
0.2487
0.198
0.222
0.3822
0.3376
0.3746
0.362
0.3384
0.2647
0.2747
0.2571
0.2094
0.2151
0.2323
0.2228
0.2193
0.2464
0.2567
0.2728
0.275
0.4059
0.9644
0.6256
1.587
1.938
0.9293
0.3735
0.3628
0.3883
0.3422
0.3765
0.3437
0.3719
0.359
0.6943
0.6401
0.3223
0.01287
0.006866
4.926
8.997
8.521
5.719
0.103
0.02146
0.5844
0.4395
0.4967
0.5432
0.3235
0.3613
0.5516
0.5287
0.4562
0.3197
0.2621
0.2213
0.2316
0.2213
0.2159
0.2064
0.201
0.1923
0.2186
