0.037
0.03262
0.1192
0.02823
0.02899
0.03214
0.04292
0.037
0.04206
0.04129
0.03824
0.03614
0.03929
0.02956
0.03567
0.03681
0.04053
0.03815
0.03729
0.03672
0.03366
0.03929
0.04072
0.0351
0.033
0.02623
0.02766
0.03347
0.03061
0.02909
0.03452
0.03309
0.03462
0.03424
0.02337
0.04034
0.0392
0.01135
0.0453
0.0803
0.03347
0.03633
0.04616
0.03433
0.03471
0.03033
0.04663
0.03376
0.03567
0.04292
0.03366
0.03138
0.03471
0.03872
0.05522
0.0555
0.04025
0.04787
0.04158
0.04044
0.03643
0.04072
0.04358
0.03901
0.04339
0.02489
0.03347
0.02813
0.03214
0.03195
0.03929
0.03328
0.0329
0.03233
0.02775
0.02499
0.02785
0.03071
0.03929
0.07153
0.04921
0.0392
0.04797
0.03777
0.06542
0.03786
0.04444
0.04234
0.02432
0.02642
0.04158
0.03099
0.03433
0.03757
0.03233
0.03004
0.03147
0.0247
0.02832
0.03242
0.03004
0.03748
0.02918
0.033
0.03242
0.0351
0.02851
0.03529
0.02842
0.03176
0.03281
0.03538
0.03614
0.03805
0.03109
0.03014
0.02489
0.03405
0.02451
0.02813
0.02441
0.02756
0.02422
0.1013
0.02556
0.02689
0.03252
0.03805
0.02232
0.03643
0.03662
0.03176
0.03157
0.03281
0.03061
0.03681
0.03357
0.04215
0.04044
0.0
0.03605
0.04101
0.04492
0.03653
0.03757
0.02031
0.03834
0.03824
0.02842
0.001144
0.05283
0.02718
0.02832
0.0
0.03138
0.06018
0.02232
0.02966
0.03176
0.02108
0.02098
0.02298
0.02251
0.0
0.02222
0.02823
0.02851
0.02527
0.02489
0.05341
0.05684
0.002003
0.05836
0.06142
0.0576
0.05779
0.06313
0.06084
0.06247
0.07439
0.0618
0.0658
0.06094
0.06456
0.07572
0.05817
0.0596
0.06895
0.05512
0.06666
0.06857
0.068
0.06046
0.06952
0.09556
0.07086
0.06561
0.05798
0.06666
0.06313
0.05732
0.05569
0.06142
0.04988
0.05598
0.05503
0.05655
0.05484
0.05808
0.05617
0.05531
0.05732
0.05655
0.06075
0.0493
0.05608
0.0576
0.04749
0.05302
0.06056
0.06208
0.04978
0.05255
0.05817
0.0576
0.0577
0.06123
0.06237
0.05894
0.06304
0.0576
0.05741
0.05713
0.06323
0.05703
0.05589
0.06018
0.0577
0.0535
0.05693
0.06046
0.04835
0.04911
0.05522
0.05512
0.06361
0.05579
0.05589
0.05903
0.05836
0.0494
0.05198
0.0474
0.05751
0.05322
0.05627
0.05693
0.05236
0.05836
0.05484
0.05589
0.06266
0.06914
0.06733
0.06723
0.06599
0.06638
0.06342
0.06237
0.05617
0.05207
0.05426
0.06657
0.04902
0.05293
0.06208
0.06752
0.0598
0.05884
0.04549
0.05426
0.04673
0.05522
0.06142
0.0494
0.05655
0.05045
0.04168
0.05274
0.05169
0.04768
0.05083
0.05465
0.06018
0.06676
0.07524
0.06428
0.0577
0.05817
0.06399
0.06447
0.07601
0.05379
0.05617
0.05398
0.05665
0.05789
0.05703
0.04835
0.05436
0.04597
0.06027
0.05369
0.05198
0.05941
0.05445
0.06752
0.07715
0.0495
0.04501
0.05159
0.05121
0.04635
0.04053
0.03557
0.0433
0.05226
0.05665
0.03691
0.03138
0.03672
0.037
0.04368
0.03557
0.03614
0.04206
0.0433
0.03719
0.04072
0.04196
0.04129
0.03452
0.03023
0.03452
0.04463
0.04168
0.05064
0.04253
0.05188
0.04091
0.04549
0.04768
0.04272
0.0494
0.04692
0.03872
0.03967
0.03576
0.03281
0.03614
0.04396
0.03929
0.03939
0.04244
0.0349
0.04463
0.03729
0.04778
0.05159
0.04292
0.04311
0.04826
0.05245
0.05045
0.03901
0.04311
0.05112
0.0556
0.04845
0.04177
0.04511
0.04177
0.03281
0.03872
0.02518
0.03386
0.03967
0.03157
0.02804
0.02127
0.037
0.03262
0.03681
0.03195
0.02832
0.02489
0.02565
0.02651
0.02375
0.03719
0.08039
0.03109
0.03586
0.03099
0.02689
0.001621
0.03605
0.02785
0.03548
0.0371
0.04959
0.03986
0.04997
0.04606
0.0494
0.04692
0.04816
0.0411
0.04787
0.04301
0.0371
0.03662
0.03843
0.03204
0.03242
0.03452
0.03357
0.03986
0.03233
0.03605
0.03748
0.04187
0.0473
0.07181
0.04082
0.04349
0.03862
0.05188
0.0412
0.03519
0.037
0.03691
0.04406
0.02995
0.04053
0.03862
0.03843
0.03452
0.03672
0.03176
0.03338
0.04158
0.04663
0.03424
0.03614
0.03023
0.035
0.03023
0.033
0.03033
0.02823
0.02947
0.02661
0.0267
0.02537
0.02794
0.03004
0.03777
0.03672
0.04005
0.05589
0.05541
0.05655
0.05941
0.06199
0.06466
0.07601
0.06161
0.05693
0.05217
0.04654
0.05636
0.09041
0.03958
0.03538
0.04005
0.03681
0.04492
0.03977
0.03433
0.03376
0.03929
0.02899
0.02918
0.03347
0.03119
0.03262
0.04473
0.04072
0.1162
0.05465
0.05627
0.05598
0.05751
0.04826
0.05665
0.04606
0.05159
0.0494
0.05894
0.04635
0.05512
0.05722
0.06552
0.05827
0.06008
0.06361
0.06142
0.05646
0.06361
0.05112
0.06342
0.06046
0.05856
0.0596
0.06723
0.05178
0.05693
0.07877
0.05169
0.06409
0.05779
0.0618
0.05169
0.05722
0.04406
0.0577
0.06332
0.06046
0.06266
0.05541
0.05407
0.05779
0.04826
0.06647
0.0576
0.0617
0.05856
0.0535
0.05608
0.04416
0.05732
0.05722
0.05789
0.06208
0.05074
0.05369
0.05388
0.06351
0.07086
0.05894
0.04959
0.04902
0.04244
0.05026
0.05493
0.05779
0.0495
0.06561
0.07019
0.06189
0.07229
0.05579
0.05198
0.0432
0.05121
0.04616
0.04826
0.05789
0.05226
0.04911
0.05627
0.05569
0.05569
0.04673
0.0493
0.05045
0.07467
0.06351
0.05236
0.04025
0.04845
0.04559
0.05226
0.04902
0.04797
0.04501
0.04797
0.05093
0.04215
0.05941
0.05894
0.06304
0.05951
0.04854
0.05169
0.06094
0.0432
0.05617
0.06371
0.05856
0.0596
0.0494
0.05379
0.04807
0.03538
0.04663
0.05913
0.04492
0.04444
0.04902
0.04854
0.05178
0.05865
0.06418
0.05159
0.04215
0.04711
0.04559
0.05274
0.06285
0.06113
0.05608
0.06037
0.05274
0.04854
0.05417
0.05331
0.04654
0.04807
0.04797
0.03872
0.04177
0.05369
0.04902
0.0597
0.04368
0.05627
0.04768
0.04444
0.04396
0.08698
0.1488
0.03586
0.03262
0.03557
0.03872
0.03891
0.03862
0.02813
0.03929
0.03662
0.03128
0.02756
0.03042
0.02909
0.03443
0.03424
0.03538
0.03223
0.04177
0.03338
0.04101
0.03328
0.0288
0.03109
0.03042
0.02432
0.03014
0.02375
0.03071
0.02079
0.02317
0.0226
0.02823
0.02165
0.02089
0.02089
0.02928
0.02289
0.02441
0.02365
0.02365
0.02451
0.02327
0.02308
0.02508
0.02775
0.02546
0.02203
0.02651
0.02222
0.0246
0.02365
0.02651
0.02899
0.02403
0.0248
0.02823
0.02375
0.03119
0.02642
0.03042
0.0227
0.0288
0.02193
0.02642
0.02718
0.0247
0.02251
0.03347
0.02728
0.02775
0.02937
0.02251
0.02289
0.02718
0.0226
0.03023
0.02184
0.02594
0.02203
0.02203
0.02441
0.02937
0.02718
0.02813
0.02747
0.03185
0.02899
0.03328
0.0289
0.02375
0.03195
0.03042
0.02604
0.02489
0.02136
0.02956
0.02499
0.02756
0.01936
0.02375
0.02642
0.005627
0.03586
0.03405
0.02708
0.02861
0.02871
0.02842
0.03252
0.03662
0.0289
0.03557
0.03414
0.03471
0.03042
0.03462
0.02928
0.02699
0.03061
0.03471
0.03757
0.03538
0.06666
0.06456
0.02537
0.03529
0.03128
0.02909
0.0288
0.02899
0.02403
0.02842
0.02832
0.02928
0.03023
0.03147
0.02985
0.03366
0.02489
0.03138
0.02756
0.02947
0.0308
0.02775
0.0268
0.04873
0.08593
0.02651
0.02851
0.02699
0.02394
0.03099
0.02518
0.0268
0.03242
0.03424
0.03481
0.03815
0.03023
0.03757
0.03071
0.03643
0.03033
0.03691
0.03967
0.02871
0.02832
0.03176
0.037
0.03595
0.04406
0.03119
0.02708
0.033
0.03052
0.03471
0.03262
0.03719
0.0267
0.03176
0.0246
0.02565
0.03061
0.03328
0.0349
0.03529
0.08144
0.02956
0.033
0.03738
0.01974
0.04101
0.03376
0.02899
0.03147
0.02518
0.02556
0.02995
0.0289
0.03395
0.02413
0.02499
0.03052
0.0308
0.02794
0.02909
0.03357
0.03023
0.02403
0.03624
0.06218
0.03271
0.04587
0.05331
0.02193
0.02756
0.02584
0.02584
0.0248
0.02985
0.02451
0.03357
0.03271
