23.14
19.78
23.24
20.17
23.85
20.21
23.56
20.09
23.27
19.85
23.22
21.12
24.76
25.2
26.61
20.36
22.95
20.48
24.29
19.92
23.71
22.44
23.07
19.92
21.78
18.7
22.22
18.87
22.51
15.67
16.92
15.45
17.11
15.53
17.48
15.97
17.5
14.84
20.39
16.33
18.33
16.31
17.85
14.7
18.68
20.65
14.84
15.45
19.34
14.4
17.87
15.84
18.43
15.45
19.04
16.06
20.97
16.92
17.55
14.99
17.48
14.99
18.51
15.89
18.02
15.94
16.97
13.89
17.43
17.58
17.24
13.48
16.02
13.5
13.31
16.19
14.04
18.9
14.33
14.23
18.02
14.97
17.48
15.84
22.34
16.53
17.75
15.8
17.92
14.72
18.12
15.84
17.16
14.09
24.41
16.43
14.28
21.9
15.38
15.33
16.85
16.16
14.14
17.09
14.16
17.48
14.04
14.21
21.22
16.77
13.89
16.89
13.84
17.02
14.43
18.33
15.26
18.16
15.92
19.12
15.75
18.7
15.06
18.53
15.6
18.41
14.75
19.63
15.62
16.85
15.01
19.17
18.85
23.88
19.51
18.99
18.99
20.26
16.89
18.8
17.43
19.75
17.09
19.09
16.33
19.48
15.94
19.12
16.09
19.02
15.53
21.24
17.46
19.6
16.99
20.36
17.68
21.31
18.36
20.61
19.31
22.46
18.7
21.44
16.14
21.73
16.92
20.95
17.46
19.34
16.33
20.07
17.85
19.63
19.02
22.29
16.7
19.63
16.77
19.9
17.41
21.68
17.68
22.41
18.26
21.97
23.61
24.93
19.17
19.87
17.97
21.48
19.31
19.78
17.65
20.92
24.39
22.68
17.36
21.63
21.36
21.24
19.19
21.34
20.48
21.58
18.73
22.83
19.92
23.88
18.51
22.78
20.14
23.36
19.78
23.83
26.17
28.12
20.02
26.51
25.39
25.0
20.95
23.61
21.48
23.0
21.24
24.88
19.9
22.78
20.19
22.75
19.21
23.85
18.87
23.85
19.41
23.19
19.95
26.03
21.46
23.61
24.44
26.95
23.61
30.52
24.07
24.05
22.51
22.12
19.09
20.29
19.6
20.9
20.8
26.46
17.63
24.34
19.26
22.39
19.48
23.75
22.88
25.05
22.78
24.32
21.26
24.8
22.31
25.78
21.19
23.73
21.31
25.73
23.12
25.63
23.85
25.78
25.29
29.49
23.58
23.36
20.34
24.0
20.85
24.39
21.92
24.17
21.88
24.8
21.17
24.22
22.02
24.41
23.51
27.29
21.17
24.51
23.66
24.54
21.02
24.37
24.93
27.83
20.41
25.39
21.46
24.68
20.65
22.36
20.21
21.58
18.95
21.24
18.58
21.68
20.09
21.46
18.29
22.22
19.73
22.09
18.82
21.68
22.68
22.73
19.68
22.51
20.14
23.34
20.07
23.27
20.0
22.9
20.43
24.49
19.24
23.22
20.12
22.71
20.46
22.22
21.31
23.07
23.56
25.63
19.95
23.73
23.07
23.95
19.8
23.34
19.04
21.09
19.29
20.04
22.29
22.14
20.7
23.75
22.09
23.05
21.41
24.95
21.95
24.24
21.0
22.58
22.12
24.02
22.92
24.12
22.63
22.49
20.04
22.58
19.87
20.97
23.12
21.61
24.46
21.8
22.51
21.41
18.38
22.9
19.36
21.46
19.43
21.02
19.7
20.51
20.63
19.85
18.36
20.19
19.04
20.8
19.04
21.22
19.75
21.41
19.78
21.95
20.65
21.48
21.36
22.44
20.17
22.34
19.46
21.7
21.22
22.56
20.58
22.17
22.88
26.9
25.29
25.15
22.97
24.83
25.54
24.93
23.39
25.1
23.02
23.36
23.24
25.59
26.12
27.25
23.61
25.83
23.22
27.44
24.83
24.49
22.02
23.83
21.56
24.98
22.63
23.61
22.31
23.14
23.17
24.1
27.93
29.35
23.32
23.39
24.51
28.47
25.34
28.17
24.98
27.29
24.93
26.9
25.1
28.66
26.56
27.49
24.46
27.59
26.12
26.32
25.49
26.32
25.59
27.25
26.95
25.83
25.68
27.49
26.03
27.2
29.69
31.49
28.32
29.49
25.88
26.81
25.15
27.2
25.68
29.2
24.41
25.68
23.44
26.17
24.29
26.86
24.76
27.05
25.93
28.37
26.61
27.83
23.07
25.15
23.58
26.46
23.85
28.76
24.85
26.95
24.05
27.0
23.95
26.86
23.83
26.66
22.22
24.95
21.51
25.0
22.44
24.41
26.03
26.71
21.34
24.27
20.68
24.12
20.92
24.44
21.48
24.29
22.63
23.1
22.66
25.29
23.51
24.41
23.39
26.76
24.46
26.27
24.51
25.15
23.39
24.85
22.49
26.71
25.44
24.02
20.53
22.14
19.36
21.63
21.19
23.05
19.51
22.02
19.73
26.22
23.14
25.73
25.68
27.78
24.8
27.59
24.88
27.05
24.07
25.24
26.12
28.17
25.98
30.03
27.0
24.51
22.68
24.95
21.97
24.9
22.88
24.12
22.19
23.07
20.58
22.92
21.73
25.39
22.29
24.9
23.19
22.83
21.92
24.51
22.71
22.73
20.43
22.56
23.29
29.1
19.36
18.16
17.94
22.75
18.07
22.63
21.22
23.54
20.31
26.56
24.05
20.63
17.97
20.07
17.14
20.29
15.7
18.58
19.17
22.88
17.77
19.82
17.87
20.73
17.85
21.0
20.51
22.27
16.55
20.12
17.43
19.73
18.07
19.41
17.68
19.31
18.85
22.46
21.34
22.27
20.46
22.41
23.0
26.12
21.92
28.32
23.83
25.49
23.05
23.24
17.65
21.29
21.46
24.32
17.8
19.92
18.99
20.48
17.24
20.87
19.31
21.58
19.17
22.36
19.19
22.31
20.43
23.68
20.43
22.71
20.21
23.66
21.02
22.66
19.53
21.51
21.41
22.12
20.34
24.54
20.34
20.68
17.92
20.68
19.04
22.34
18.38
20.61
17.85
20.19
17.72
22.66
17.33
19.31
17.97
21.88
19.34
19.97
18.6
20.97
17.87
23.68
21.12
21.04
20.02
20.41
17.99
22.34
19.12
22.27
20.75
25.83
19.75
22.66
20.9
23.32
18.58
20.58
18.63
23.02
18.21
20.09
15.77
17.68
15.33
18.48
13.62
11.45
16.82
17.04
20.36
14.94
17.24
20.02
17.92
20.0
17.14
21.34
18.65
21.66
19.14
25.44
20.75
20.21
18.12
20.41
18.41
22.95
23.1
22.53
21.53
24.78
21.75
21.09
19.58
20.46
18.97
22.61
19.9
22.14
19.43
23.19
20.39
23.49
24.02
24.49
19.85
22.95
20.31
22.07
20.09
22.73
19.38
23.85
20.17
22.97
19.38
22.51
20.26
22.92
19.78
25.44
21.29
24.22
21.7
22.92
21.88
25.15
22.66
27.1
28.56
28.37
22.78
25.2
22.0
24.98
21.26
24.63
20.48
24.95
23.75
22.61
19.65
22.56
26.51
23.39
18.41
23.39
20.24
22.8
20.41
24.51
20.97
22.97
20.09
24.88
18.33
24.9
21.39
24.29
20.39
22.44
19.75
23.46
19.73
25.93
24.02
22.97
19.73
22.0
20.17
22.68
19.92
22.61
21.26
23.73
19.7
21.83
22.27
24.49
18.97
22.14
19.73
19.95
17.26
20.7
17.55
20.14
17.75
