14.72
17.7
23.83
21.75
16.72
16.6
12.55
16.16
16.36
20.56
12.44
12.05
15.65
17.7
11.36
13.6
15.97
14.62
18.75
13.57
16.36
12.82
13.94
10.42
10.06
13.67
13.79
15.01
15.65
21.97
25.1
25.0
25.1
23.24
20.92
19.63
12.37
12.87
8.057
8.569
9.314
10.55
13.72
9.875
12.13
11.69
10.86
12.52
12.45
17.21
15.53
16.72
18.58
17.97
24.63
21.26
21.0
20.65
20.8
21.73
18.8
20.46
18.46
17.7
21.14
21.53
20.34
18.58
14.99
12.72
16.82
18.63
14.06
15.5
16.85
17.75
20.34
20.53
22.24
22.24
15.77
17.29
15.31
12.87
9.058
11.38
12.35
16.36
16.38
17.24
14.18
14.65
13.65
12.99
14.79
16.36
12.67
17.68
14.6
17.77
16.89
20.7
20.19
24.56
23.9
18.87
16.94
17.85
17.87
22.02
17.63
17.68
15.36
12.15
13.18
14.62
13.31
12.12
13.28
14.18
11.66
19.75
16.02
24.46
24.73
23.0
17.41
16.63
16.65
12.99
12.35
10.63
9.595
12.45
11.6
11.68
11.12
10.27
10.9
10.83
9.68
8.875
11.88
11.87
10.79
14.04
24.0
16.94
16.21
17.85
19.53
19.46
17.36
17.85
14.53
15.06
15.97
19.24
17.07
17.99
18.43
17.6
17.26
15.09
10.03
11.88
11.63
10.45
9.18
13.67
11.91
12.38
13.35
14.4
16.46
17.48
19.7
16.94
15.84
16.99
15.53
16.11
16.02
20.36
21.41
20.75
22.9
20.21
16.67
19.46
14.77
17.26
14.77
17.04
15.92
17.63
19.12
23.19
23.93
20.34
23.17
25.24
23.88
19.34
13.4
15.01
13.55
13.06
13.48
14.92
14.65
14.4
14.06
16.77
16.92
16.24
16.09
18.33
18.26
16.77
17.94
18.68
13.87
12.41
14.77
17.63
11.94
8.728
9.167
13.28
10.14
8.972
10.4
8.704
9.668
9.143
9.717
12.52
13.99
13.11
14.06
16.92
16.63
18.85
21.7
20.17
19.9
17.41
17.6
20.75
20.97
24.63
25.05
21.75
18.99
19.19
17.02
16.24
14.38
13.67
11.84
10.53
13.96
18.43
17.92
21.78
20.43
21.17
20.46
20.24
21.12
19.92
18.6
18.7
17.04
15.6
15.09
14.92
16.72
15.55
17.92
19.6
19.8
20.04
18.58
17.94
18.65
18.31
17.99
20.24
24.8
24.29
21.48
19.51
18.33
18.26
19.29
18.19
19.09
18.38
18.82
19.58
17.65
16.38
18.8
15.53
13.06
13.43
14.89
16.77
11.12
12.7
12.84
16.77
20.19
19.92
18.36
20.51
24.19
25.34
24.95
24.0
21.36
23.02
17.58
23.95
23.95
22.41
20.48
17.29
21.17
18.36
19.24
15.21
16.99
15.43
18.6
17.38
20.04
24.98
24.76
23.12
22.22
19.46
14.4
17.26
13.4
16.26
15.26
15.36
17.09
15.38
13.89
17.04
18.9
17.6
17.85
17.58
18.77
18.16
15.21
13.87
17.21
22.41
18.99
15.55
16.06
16.75
18.8
18.82
15.45
13.67
14.58
12.79
13.09
14.04
15.04
15.77
16.8
17.02
14.99
14.75
14.33
21.63
13.77
21.09
24.51
23.0
20.68
20.58
23.68
24.27
22.63
25.24
24.07
21.7
13.96
15.41
15.31
13.77
11.8
12.77
13.45
10.39
9.9
9.424
8.875
9.949
8.752
13.77
14.38
16.72
18.07
15.84
16.55
21.8
19.04
18.73
17.09
17.99
17.38
19.21
20.7
18.43
17.63
18.55
18.33
18.29
16.14
16.48
13.92
13.45
12.49
14.11
21.8
16.92
16.11
17.75
15.38
15.6
14.84
14.65
15.11
15.31
16.14
16.11
17.7
14.87
15.92
14.87
15.21
14.14
12.52
11.79
6.25
7.568
8.203
11.77
14.58
15.48
17.63
16.14
25.05
24.93
19.87
15.8
13.87
12.33
9.827
12.62
12.84
12.55
13.21
10.88
12.67
14.55
17.24
13.6
12.82
12.01
10.85
14.31
19.41
15.21
16.77
15.84
15.84
15.58
12.22
16.8
15.19
13.45
17.24
23.27
18.36
19.02
19.09
13.7
11.93
10.71
9.729
11.23
9.741
9.375
7.849
8.875
12.37
13.4
14.65
14.6
14.31
16.77
18.55
16.28
15.33
13.35
13.92
11.71
13.67
11.55
10.96
10.96
12.87
11.46
11.43
9.314
8.911
9.937
9.021
14.6
13.6
15.06
15.01
17.97
17.8
20.21
21.09
21.36
21.09
19.34
22.66
21.97
19.14
20.39
20.36
19.41
18.04
19.8
19.48
19.82
19.09
19.75
19.19
18.41
24.24
24.51
18.33
18.92
16.72
15.89
17.85
20.39
19.17
15.97
18.33
19.6
18.68
16.89
19.19
18.6
18.04
20.39
19.19
18.36
17.97
18.19
14.33
17.65
17.26
17.63
17.6
17.38
20.8
23.68
19.97
18.9
18.73
14.45
19.41
13.96
14.26
13.4
11.95
10.41
10.8
9.473
9.546
9.668
8.655
8.826
11.41
12.1
13.5
11.88
14.82
14.36
17.16
24.58
24.61
23.19
16.77
20.34
18.19
18.99
15.09
16.31
18.04
14.26
12.7
16.21
17.46
19.07
17.41
14.77
15.04
15.48
15.23
15.14
17.5
16.99
20.21
18.46
16.75
16.63
12.84
14.23
19.24
17.11
14.48
13.62
14.75
15.75
16.33
15.01
16.46
15.01
19.41
23.1
21.17
23.1
20.19
19.53
14.6
13.65
15.01
11.96
13.92
12.82
10.53
10.02
10.62
17.41
14.92
10.5
8.972
18.19
19.24
15.36
16.92
17.24
13.38
19.97
11.76
21.22
17.19
16.87
12.21
16.58
23.71
24.68
25.24
24.9
23.75
23.49
14.79
15.72
19.53
15.89
17.36
14.5
13.94
13.75
15.53
13.55
12.02
14.18
14.16
14.92
21.58
18.65
18.53
17.85
19.58
24.37
21.92
21.14
20.21
18.38
17.75
19.97
18.43
16.87
18.97
17.33
16.97
13.04
13.87
14.53
14.99
12.99
12.34
14.23
14.7
16.58
19.14
19.14
17.94
18.55
20.04
18.65
17.07
16.38
15.77
17.85
16.09
14.94
15.48
15.06
14.5
15.33
12.52
12.62
11.93
5.713
6.921
11.62
13.09
16.6
19.19
20.19
21.09
25.54
25.2
25.2
15.75
13.99
14.72
14.65
12.87
15.19
23.27
24.46
24.24
24.56
24.54
24.54
24.1
20.43
11.0
15.55
20.8
12.65
12.38
12.89
16.48
14.6
14.38
16.55
17.63
13.75
11.45
19.46
18.6
19.58
18.53
16.7
18.87
18.75
18.58
16.28
17.04
13.89
15.94
16.7
21.95
20.83
21.0
15.58
13.5
18.99
13.18
13.31
8.264
9.656
8.13
9.473
10.22
7.996
9.082
7.288
9.509
8.447
9.583
8.191
11.24
11.4
13.28
16.31
16.28
17.65
17.26
20.24
21.41
22.78
18.8
20.09
19.48
17.53
18.24
19.95
20.61
20.53
15.43
12.19
11.95
17.5
