10.55
9.045
9.143
8.997
8.887
9.119
8.936
8.899
8.704
12.55
20.39
20.73
18.33
13.7
16.82
20.8
19.34
10.49
6.824
8.093
8.496
9.229
8.545
8.789
8.838
8.691
9.131
8.801
8.74
8.899
9.302
16.75
20.75
18.55
11.57
15.82
17.33
17.99
18.38
18.77
17.46
15.45
14.7
13.87
8.606
8.838
8.936
8.936
8.594
9.009
8.643
8.801
13.53
20.7
19.85
17.92
9.888
10.13
19.51
20.7
18.14
11.24
13.48
16.72
17.58
18.09
18.51
18.77
15.67
14.79
13.45
9.521
15.28
17.07
17.82
18.33
18.77
15.7
14.6
12.55
16.21
20.78
19.63
18.55
11.56
15.89
16.97
17.5
18.02
18.46
18.73
16.82
15.26
13.87
11.38
9.424
9.18
9.265
9.204
9.033
8.96
9.058
9.18
9.229
9.998
10.21
19.73
20.83
16.6
14.36
20.83
19.34
14.21
16.31
17.41
18.09
18.58
16.77
14.77
12.52
9.473
12.26
20.41
20.61
18.12
15.89
9.033
9.68
9.033
9.949
10.11
9.387
9.485
9.106
9.29
13.57
16.8
17.6
18.19
18.46
18.73
16.04
14.43
11.43
12.82
20.75
19.07
9.949
8.838
14.89
17.31
18.07
18.51
18.19
15.43
13.65
11.05
9.692
12.5
19.9
20.75
19.02
16.28
15.48
16.8
17.38
17.94
18.21
18.46
18.73
15.94
15.06
14.4
9.546
9.485
9.363
9.18
9.241
9.155
9.094
16.06
20.8
19.36
9.521
7.007
6.604
6.604
6.604
6.604
8.704
9.119
9.216
8.655
9.131
9.644
8.691
9.363
16.46
20.7
20.24
18.19
13.04
9.07
8.862
8.789
8.215
6.604
6.604
6.604
6.604
6.604
6.604
6.738
11.67
20.04
20.46
17.14
9.692
9.033
9.009
9.045
9.082
9.167
16.46
20.75
19.56
18.12
11.3
8.862
8.521
6.738
6.689
6.604
6.604
6.604
6.604
7.69
8.899
9.094
8.923
8.923
8.984
9.155
8.997
8.984
8.972
8.984
9.509
18.07
20.8
18.46
9.68
10.23
19.12
20.36
11.9
6.897
6.653
6.653
6.653
7.056
8.435
14.82
20.78
18.7
15.36
9.18
8.594
9.192
9.424
8.789
8.594
9.546
9.644
17.53
20.73
19.92
12.74
7.104
6.641
6.604
6.604
6.604
6.604
6.763
9.241
8.545
9.253
16.5
20.78
18.75
17.9
10.71
8.984
8.936
9.204
9.07
9.106
8.704
8.838
9.033
12.55
19.78
20.51
18.48
10.66
6.824
6.604
6.604
7.19
9.692
19.38
20.58
17.92
12.46
11.33
20.34
20.53
14.89
18.6
20.85
18.73
12.02
9.595
17.75
20.78
19.14
10.86
7.153
6.653
6.604
6.604
6.604
6.604
8.264
9.045
8.936
8.569
8.484
9.033
10.01
18.21
20.85
20.85
18.99
14.94
18.63
20.78
17.21
15.58
20.85
20.36
18.55
7.703
6.824
6.604
6.604
7.605
9.277
9.448
9.558
9.033
17.24
20.85
19.38
17.75
12.87
20.48
20.51
18.73
13.99
18.29
20.85
19.26
16.94
8.936
11.8
16.63
17.58
18.29
18.6
18.87
19.24
19.48
19.6
19.75
19.78
19.95
20.12
20.19
20.34
20.31
20.31
20.48
20.51
20.7
20.7
19.63
17.46
19.12
20.85
20.85
20.85
20.85
20.7
20.34
19.7
19.58
19.26
10.55
15.62
17.65
18.33
18.6
19.09
19.43
19.56
19.7
19.82
19.95
20.07
20.14
20.21
20.34
20.41
20.51
20.56
20.7
20.7
20.75
19.09
18.92
20.85
20.83
20.48
20.26
20.29
19.46
19.36
18.95
11.71
14.97
17.43
18.24
18.6
18.9
19.29
19.48
19.56
19.68
19.87
19.95
19.97
20.14
20.17
20.34
20.34
20.46
20.53
20.63
20.7
20.7
20.14
17.48
19.78
20.85
20.68
20.39
20.07
19.63
18.02
17.11
16.48
11.05
14.4
17.38
18.19
18.63
18.99
19.31
19.51
19.65
19.73
19.85
19.92
20.09
20.12
20.21
20.31
20.31
20.39
20.51
20.65
20.7
20.7
19.53
17.07
18.63
20.0
20.29
20.07
20.04
19.85
19.26
18.55
18.09
12.5
11.89
16.94
17.94
18.51
18.75
19.19
19.53
19.58
19.73
19.82
19.95
20.04
20.26
20.31
20.31
20.31
20.43
20.58
20.7
20.7
20.7
19.68
17.8
19.75
20.87
20.56
20.29
20.29
20.14
20.09
20.09
19.21
16.94
16.67
11.33
15.75
17.53
18.33
18.7
19.17
19.41
19.56
19.58
19.73
19.73
19.92
20.07
20.12
20.26
20.31
20.31
20.41
20.53
20.7
20.7
20.7
18.8
19.21
20.78
20.85
20.63
20.09
19.46
16.89
16.85
15.23
11.35
16.02
17.11
16.26
13.94
13.92
10.69
14.36
16.8
14.65
13.26
10.88
12.7
15.82
16.58
16.97
15.31
12.72
12.89
11.52
11.04
15.55
16.82
14.82
13.28
10.97
12.65
15.92
16.77
17.04
13.87
13.62
10.58
9.717
15.75
17.36
18.14
18.58
18.92
19.29
19.56
19.68
19.75
19.8
19.95
20.07
20.14
20.24
20.31
20.43
20.53
20.51
20.63
20.7
20.7
20.7
19.9
18.65
20.31
20.87
20.87
20.85
20.8
20.63
20.02
19.75
19.58
19.58
14.01
13.99
17.24
17.99
18.46
18.8
19.19
19.46
19.56
19.75
19.85
20.02
20.14
20.34
20.46
20.53
20.53
20.51
20.7
20.7
20.7
20.7
18.9
20.73
20.85
20.83
20.51
20.39
20.29
20.31
20.21
20.0
12.89
8.936
9.985
15.38
17.02
17.63
17.94
18.29
18.46
18.7
18.8
19.12
19.26
19.36
19.43
19.56
19.56
19.7
19.75
19.75
19.78
19.92
19.92
20.12
20.12
20.12
20.17
20.31
20.31
20.31
20.31
20.34
20.51
20.51
20.68
20.7
20.7
20.7
20.7
20.7
17.99
19.24
20.0
20.63
20.87
20.85
20.31
20.14
20.0
19.82
17.65
16.26
16.26
16.26
16.26
15.19
10.31
16.16
20.7
20.85
20.04
16.43
13.28
16.55
17.36
17.85
18.21
18.55
18.75
18.87
19.14
19.31
19.36
19.51
19.53
19.63
19.73
19.73
19.73
19.9
19.92
20.0
20.12
20.12
20.14
20.31
20.31
20.31
20.31
20.31
20.46
20.51
20.7
20.7
20.7
20.7
20.7
19.58
17.26
19.21
19.8
20.21
20.68
20.65
20.65
20.65
20.68
20.34
18.73
17.9
17.68
17.6
14.65
6.787
8.069
9.277
9.656
9.253
9.351
9.46
9.753
9.937
17.8
20.83
20.21
18.9
12.82
9.424
9.46
9.07
9.241
9.302
8.423
6.714
6.604
6.604
6.604
6.604
6.604
6.604
6.604
6.604
6.604
6.604
6.604
6.604
6.604
6.604
6.604
6.604
6.604
6.604
6.604
9.729
9.753
9.595
9.924
10.23
9.753
9.167
9.998
10.38
9.106
