8.826
8.911
9.167
16.26
20.85
19.41
9.338
9.204
9.058
8.557
8.997
9.314
16.97
20.78
20.34
10.46
6.677
6.458
6.458
6.665
8.691
10.72
20.46
20.63
10.02
9.143
8.533
8.777
8.74
8.765
9.448
19.31
20.29
12.12
10.31
16.28
17.53
18.19
18.65
17.68
15.09
10.35
14.72
15.7
16.26
16.6
16.85
17.14
17.33
17.53
15.16
13.67
11.74
9.302
7.166
7.959
8.032
8.142
7.837
8.496
14.23
15.53
16.14
16.67
16.94
17.29
17.43
15.84
13.72
12.28
9.204
7.41
7.178
7.178
9.937
14.53
15.7
16.19
16.7
16.97
17.26
17.5
15.36
13.82
11.84
10.03
7.385
8.459
14.06
15.23
15.84
16.31
16.67
16.85
17.14
17.41
14.65
13.43
10.99
8.899
7.703
8.337
8.13
15.53
19.87
20.43
19.63
12.87
9.07
9.338
14.62
15.87
16.58
17.07
17.43
16.67
14.16
11.29
8.069
8.85
8.215
12.33
15.19
16.04
16.65
17.07
17.43
17.6
15.41
13.84
11.95
10.39
7.605
7.715
13.79
15.62
16.41
16.99
17.31
17.72
16.77
14.26
12.79
11.01
7.593
9.119
9.412
8.374
15.09
19.78
20.34
18.85
10.93
9.351
9.192
9.265
7.959
13.65
15.41
16.09
16.65
17.07
17.29
17.58
16.58
14.31
12.48
10.74
8.337
8.533
8.582
8.704
9.143
8.545
8.936
9.009
9.302
8.35
14.87
19.65
20.26
19.53
13.28
5.621
5.438
5.444
6.445
8.96
8.667
8.557
8.459
8.655
8.655
8.74
8.386
8.374
13.28
19.7
20.29
19.02
12.92
8.203
8.948
8.801
9.265
16.85
20.07
20.19
17.6
8.752
6.555
8.728
8.875
8.777
8.569
8.691
8.716
8.691
8.618
8.691
9.265
16.67
20.0
20.39
18.53
11.95
9.094
8.447
14.31
19.78
20.46
19.26
12.41
5.627
6.396
8.679
8.606
8.582
8.667
8.984
8.716
8.777
8.789
8.655
8.875
8.948
8.618
15.94
19.95
20.21
18.31
11.6
8.704
5.548
5.438
5.444
5.444
5.444
6.653
8.862
8.826
8.521
13.48
19.46
20.41
18.75
12.52
8.655
8.484
8.533
8.362
8.325
12.28
19.21
20.34
20.24
17.21
5.975
5.615
5.444
5.444
5.444
6.433
9.106
8.801
9.314
16.7
20.04
20.14
18.07
13.57
8.777
9.021
9.204
8.728
8.398
12.79
19.19
20.36
20.36
17.68
7.861
5.658
5.475
5.444
5.444
6.384
8.459
8.496
8.557
8.545
8.301
8.179
8.362
8.386
8.435
8.899
8.813
8.35
8.752
15.87
20.53
20.83
19.48
13.4
5.957
5.627
5.634
5.634
5.634
6.47
8.789
8.948
16.46
20.63
20.78
18.8
12.62
10.11
18.63
20.73
20.14
13.72
8.521
10.34
19.09
20.85
20.14
12.77
5.817
5.634
5.634
5.634
5.634
6.482
9.229
10.23
18.29
20.63
20.85
18.99
9.338
7.983
12.22
19.48
20.83
20.36
12.94
9.229
8.13
11.91
19.75
20.85
20.83
16.16
12.07
19.92
20.8
20.0
12.29
12.27
15.77
16.55
17.07
17.46
17.7
17.9
18.14
18.31
18.38
18.53
18.58
18.63
18.75
18.75
18.92
18.95
18.97
19.04
19.14
19.14
19.21
19.34
19.34
19.34
19.34
19.53
19.56
19.73
19.73
19.9
19.92
19.75
16.21
17.16
18.31
19.7
19.9
19.9
19.9
19.9
19.9
19.26
17.58
16.92
16.85
16.87
16.87
9.192
11.67
15.67
16.55
17.04
17.48
17.65
17.87
18.12
18.31
18.43
18.58
18.63
18.82
18.87
18.97
18.97
19.02
19.14
19.14
19.34
19.36
19.53
19.53
19.53
19.6
19.73
19.73
19.9
20.0
20.12
20.02
16.82
17.04
19.21
19.7
20.24
20.26
20.26
20.26
20.26
20.19
19.04
17.09
17.04
17.02
16.58
16.48
9.119
7.922
8.13
10.85
15.11
16.21
16.7
17.16
17.53
17.75
17.87
18.19
18.31
18.48
18.58
18.58
18.77
18.77
18.87
18.97
18.97
19.17
19.17
19.21
19.36
19.36
19.46
19.56
19.58
19.8
19.95
19.92
20.09
20.12
20.12
19.63
15.77
16.99
19.12
19.9
19.9
19.9
19.92
19.9
19.48
18.99
18.33
16.85
16.6
16.33
15.82
13.99
8.13
14.53
16.24
16.82
17.21
17.5
17.6
17.85
18.02
18.26
18.38
18.48
18.58
18.58
18.77
18.77
18.77
18.9
18.97
18.97
18.99
19.17
19.17
19.26
19.34
19.34
19.34
19.51
19.53
19.58
19.85
19.92
20.02
18.8
15.89
17.75
19.26
19.7
19.7
19.7
19.7
19.7
19.63
19.31
16.8
16.26
16.19
15.89
15.41
7.629
12.96
15.8
16.67
17.04
14.48
12.74
12.82
12.26
9.082
14.38
16.04
16.7
15.43
12.46
12.62
9.558
12.15
15.67
16.6
17.09
15.06
13.13
12.92
11.01
15.04
19.24
19.21
16.53
8.838
14.75
16.16
16.77
17.16
17.65
17.82
17.97
18.29
18.41
18.51
18.58
18.58
18.73
18.77
18.77
18.77
18.92
18.97
18.97
18.97
18.97
19.17
19.17
19.26
19.36
19.36
19.36
19.34
19.53
19.53
19.53
19.63
19.73
19.92
19.92
18.29
16.38
17.7
19.02
20.43
20.65
20.65
20.65
20.29
17.9
16.85
16.82
16.26
15.31
9.778
10.67
15.45
16.5
17.02
17.46
17.6
17.75
17.99
18.38
18.41
18.58
18.58
18.68
18.77
18.77
18.77
18.95
18.97
18.97
18.97
19.09
19.17
19.26
19.36
19.36
19.36
19.36
19.36
19.53
19.53
19.7
19.92
19.92
19.92
19.51
15.94
18.16
19.36
20.61
20.87
20.87
20.73
20.53
20.31
19.85
17.97
16.06
15.58
15.31
15.31
8.545
11.83
9.79
10.55
11.41
9.07
9.338
9.534
10.34
17.48
20.26
20.7
19.63
12.4
9.583
9.656
10.51
17.53
20.09
20.29
18.16
10.08
9.68
10.38
17.29
20.07
20.19
18.73
10.83
11.1
9.619
11.06
18.38
20.14
20.26
18.95
12.4
8.826
10.3
9.631
9.473
11.28
18.82
20.41
20.61
18.41
9.082
14.7
16.19
16.82
17.21
17.6
17.72
17.9
18.16
18.31
18.48
18.55
18.68
18.75
18.77
18.97
18.97
18.97
19.12
19.17
19.21
19.34
19.34
19.34
19.46
19.53
19.53
19.53
19.82
19.92
19.92
19.92
19.31
16.48
17.75
19.21
19.9
20.09
20.09
20.09
20.09
19.85
18.51
16.19
15.92
15.36
14.99
10.01
8.752
8.826
8.972
12.52
19.85
20.83
19.24
7.8
5.927
5.713
5.634
5.634
5.634
5.634
5.634
5.634
5.634
5.634
5.634
5.634
5.634
5.634
5.634
8.582
9.094
9.778
10.55
9.485
8.911
9.619
10.19
8.826
9.546
9.778
