0.2144
0.3845
0.1532
0.1616
0.4105
0.2289
0.5402
0.1213
0.1694
0.3067
0.2319
0.3841
0.5081
0.06971
0.1558
0.2197
0.367
0.01364
0.001431
0.0
0.0
0.02308
0.4036
0.2567
0.3365
0.1755
0.3471
0.2563
0.5272
0.1146
0.1837
0.2823
0.2682
0.1717
0.2159
0.7492
0.7339
0.8041
0.7568
0.6805
0.7179
0.6897
5.371
2.905
3.333
3.577
1.534
0.2193
0.2083
0.1587
0.04807
0.6355
0.7889
0.9537
0.856
0.9125
1.016
6.36
2.563
4.419
1.651
0.6538
0.02317
9.537e-05
0.2571
0.7095
0.8682
0.8438
0.721
0.8041
1.051
6.14
2.707
4.114
1.215
0.1408
0.2331
0.4097
0.1184
0.1448
0.3147
0.4532
0.2441
0.2388
0.3998
0.1337
0.1108
0.3151
0.2571
0.3456
0.563
0.6271
0.8133
0.6447
0.8743
0.8423
4.517
4.553
4.254
0.8545
0.243
0.4234
0.7439
0.9674
0.8453
0.8652
0.9628
6.091
4.095
3.085
0.6989
0.7889
1.149
1.106
0.9033
0.972
6.848
5.048
1.077
0.457
0.4745
0.5325
0.4921
0.4883
0.4501
0.1764
0.304
0.3471
0.5119
0.4211
0.1724
0.528
0.7286
0.1804
0.6409
0.9964
1.064
1.057
1.035
5.652
3.552
4.041
0.8347
0.4189
0.7782
0.9872
1.263
1.25
2.637
6.445
4.852
0.7004
0.4204
0.4631
0.3815
0.3147
1.112
1.074
0.9247
0.975
2.609
6.58
4.333
1.292
0.3315
0.3738
0.4257
0.5882
0.5341
0.6165
0.304
0.1905
0.4204
0.5829
0.1904
0.1715
0.4356
0.5142
0.4585
0.1844
0.3422
0.396
0.0
9.537e-05
0.0
0.0
0.0
0.0001907
0.0
0.0
0.0
0.04587
0.3567
0.0
0.2213
0.1776
0.5974
0.2827
0.1476
0.1806
0.4135
0.531
0.3334
0.1606
0.3319
0.2846
0.0001907
9.537e-05
0.001335
0.0
0.0
0.0
0.0006676
0.0
0.0
0.2888
0.2628
0.2193
0.4951
0.4959
0.2087
0.251
0.06266
0.2991
0.3891
0.3063
0.3078
0.322
0.1516
0.3429
0.2209
0.0002861
0.0002861
0.0
0.0
0.0
0.0002861
0.0
0.0
0.03948
0.3246
0.4723
0.3094
0.1331
0.08078
0.2472
0.3639
0.2632
0.2182
0.1348
0.5119
0.5859
0.5508
0.7057
0.0008583
0.0
9.537e-05
0.0
0.0
0.0
0.0
0.0
0.0
0.008678
0.1717
0.3254
0.01411
0.8347
0.2846
0.1348
0.1276
0.4059
0.2235
0.2487
0.2018
0.1802
0.1921
0.3822
0.1774
0.3094
0.1741
0.0006676
9.537e-05
0.0
0.0
0.0
0.0144
0.375
0.03414
0.5486
0.003529
0.4578
0.5219
0.1575
0.4295
0.3719
0.2785
0.4471
0.2258
0.1789
0.2007
0.473
0.0006676
0.0
0.0
0.0
0.0
0.0
0.0
0.0002861
9.537e-05
0.0
0.5386
0.4303
0.3716
0.2148
0.528
0.2251
0.5096
0.2048
0.4509
0.0762
0.2411
0.004578
0.5669
0.1432
9.537e-05
9.537e-05
0.0
0.0
0.0
0.0
0.0
0.0
0.0
0.0
0.008583
0.222
0.4311
0.1657
9.537e-05
0.0
0.0
0.0
0.0001907
0.0
0.0
0.0
0.0
0.0
0.0
0.0
0.0
0.0
0.0
0.0
9.537e-05
0.0
0.0
0.544
0.12
0.4433
0.4944
0.185
0.0555
0.7027
0.9003
0.9888
1.106
1.263
1.157
1.198
0.8911
0.9338
1.012
1.196
0.9338
0.7614
0.9216
1.022
0.9979
0.9918
1.109
1.105
1.047
3.387
7.593
13.35
13.45
12.65
10.24
8.521
9.595
7.751
5.151
4.724
2.393
0.7843
0.7294
1.047
0.9842
1.045
0.8209
0.7919
0.9277
0.8072
0.9155
0.8667
0.8667
1.001
1.126
1.006
0.6966
0.8652
1.123
1.1
1.183
1.17
1.077
1.469
6.75
8.13
6.812
4.028
8.752
10.94
11.08
7.239
7.507
6.97
4.73
4.016
2.353
0.7248
0.4021
0.8209
1.013
1.091
1.03
1.013
1.154
0.9384
0.8209
0.7309
0.8774
0.7797
0.7965
0.9537
0.8545
0.9399
0.9064
0.8133
0.8163
0.8804
0.8759
0.9003
0.766
0.7477
4.321
6.47
10.84
6.787
7.068
10.13
9.241
9.18
9.839
5.658
4.59
3.363
2.82
0.3273
0.7576
0.8881
0.8881
0.8163
0.8804
0.9415
0.7545
0.8423
0.8713
1.035
0.9903
0.8774
0.8148
0.6996
0.7027
0.7301
0.7706
0.7347
0.8575
0.9354
0.9766
0.8133
0.856
0.9125
4.932
5.347
7.996
7.581
9.497
10.22
8.228
10.05
7.422
8.496
7.263
4.578
4.883
1.161
2.1
0.6958
0.5997
0.8514
0.8682
0.8209
0.8774
0.8392
0.7767
0.766
0.8163
0.824
0.8789
0.7683
0.9079
0.8942
0.8408
0.9491
0.8163
0.8469
0.798
0.7271
0.6447
0.6706
0.7248
0.7088
0.8804
7.092
9.875
8.85
11.93
9.998
11.36
6.763
5.847
9.375
5.56
5.212
1.627
2.386
0.4234
0.5692
0.7004
0.6401
3.479
5.75
2.899
1.411
0.5455
0.7698
3.073
4.272
0.8514
0.5165
0.7217
3.369
4.315
1.25
0.2781
0.7172
0.8682
0.9964
6.946
3.766
2.777
0.0002861
0.1535
0.8606
0.9766
1.013
0.8118
0.8957
0.9552
1.009
0.8667
0.8743
0.8911
0.7858
0.8911
0.8377
0.8621
0.9705
0.8682
0.7622
0.8072
0.9583
0.9369
0.8881
0.9888
2.625
5.042
3.912
8.24
8.997
10.44
12.06
9.082
10.78
8.447
8.801
6.897
3.839
3.036
0.1755
0.7675
0.9735
0.9995
0.9537
1.157
1.03
1.059
1.03
0.9674
1.012
1.126
1.109
1.082
1.102
1.122
1.065
1.108
1.259
1.021
0.9613
4.431
6.726
11.71
10.39
10.88
10.36
12.08
9.949
8.765
8.203
3.571
2.753
0.1329
0.9201
1.147
1.204
1.257
1.178
1.172
1.138
1.05
1.085
1.276
1.01
0.8286
1.102
1.041
1.094
1.036
1.228
1.23
1.053
2.774
4.736
7.227
10.93
12.74
11.66
9.143
8.862
7.739
5.084
5.487
2.612
2.292
0.7858
1.511
1.166
0.8026
0.3391
0.1896
0.3052
0.2216
0.7233
2.53
0.2171
2.551
0.6302
1.474
0.4051
1.384
0.3574
0.1547
0.1568
0.3838
1.268
0.3628
0.3769
0.1648
0.1387
0.47
0.2934
1.494
1.314
0.2571
1.672
0.3189
1.353
1.59
0.8682
0.7668
0.6798
0.914
0.8179
0.2335
0.6386
0.7217
0.7721
0.7088
0.3498
0.8179
1.199
0.4745
0.09136
0.1417
0.3155
0.2541
0.8881
0.8194
0.4471
0.2308
0.128
0.2361
0.4036
0.7782
0.5974
0.3944
0.8347
0.2712
0.139
0.1043
0.3376
0.2083
1.007
0.3819
0.2087
0.1301
0.08669
0.2468
0.3635
0.0699
0.7271
0.3479
0.1217
0.09079
0.272
0.3574
0.145
0.7828
0.9109
0.9186
0.9537
0.972
0.9979
0.9323
0.827
0.724
0.5577
0.4517
0.6294
0.8011
0.8286
0.7256
0.8438
0.8957
0.8453
0.8133
0.9048
1.006
0.8377
0.885
0.9018
0.946
0.827
2.786
5.255
9.937
5.92
9.436
7.214
8.215
8.008
6.543
8.789
6.494
3.619
3.552
2.82
1.819
3.036
0.3559
0.009155
0.0
0.0
0.0001907
0.0
0.0
0.0
0.0
0.0
0.0
0.0
0.0
0.0
0.0
9.537e-05
9.537e-05
0.0
0.0
0.0
0.0
0.0
0.0
0.0
0.3269
0.5775
0.3422
0.1097
0.09174
0.09737
0.3433
0.182
