17.41
20.68
17.19
15.43
18.9
18.04
16.65
17.87
19.85
19.75
19.53
19.09
20.34
19.43
17.33
18.14
20.68
22.73
20.12
18.04
18.46
20.46
20.07
20.0
19.36
19.29
19.97
16.92
16.48
18.63
18.97
22.31
21.83
16.87
17.46
19.09
20.61
22.58
14.16
13.92
14.18
15.82
18.73
15.28
14.62
15.38
20.09
17.26
15.72
16.33
20.65
18.53
17.41
14.4
16.33
20.34
16.8
16.48
16.26
16.31
17.8
15.45
14.92
15.55
15.8
16.6
16.5
15.7
17.04
16.14
17.48
16.55
17.53
17.26
16.31
16.43
15.7
14.72
14.36
16.19
15.33
15.53
16.33
15.53
17.33
18.16
16.55
16.14
15.84
16.43
16.94
18.04
14.58
17.33
15.62
14.09
14.58
15.67
15.75
17.14
19.21
19.8
21.07
22.34
21.51
19.7
18.55
17.63
14.79
14.6
15.92
15.67
16.85
19.36
17.16
17.29
18.14
17.92
19.65
18.26
17.41
18.55
18.24
18.14
17.65
15.09
15.48
16.26
22.88
21.07
21.22
18.92
18.38
17.55
18.92
19.14
21.68
20.85
21.07
18.55
18.99
19.6
20.83
20.8
20.21
17.43
20.78
18.33
20.29
19.6
19.41
18.95
18.63
18.19
17.99
18.6
20.31
22.05
18.53
17.97
17.77
20.39
19.51
19.07
18.53
18.09
18.9
20.75
17.7
18.46
17.26
18.09
17.33
19.21
19.12
16.21
17.21
16.97
17.55
18.73
18.36
18.14
17.63
17.92
16.26
16.82
16.38
17.26
18.07
20.34
17.58
17.82
16.72
17.9
18.73
17.68
19.12
20.53
17.58
16.94
16.67
17.72
16.89
19.56
19.6
20.68
18.16
17.11
14.79
17.07
16.99
17.11
19.02
19.21
18.97
18.6
15.01
16.75
16.43
19.65
17.33
18.77
16.11
18.85
18.16
17.31
16.43
17.41
17.68
20.0
21.58
16.89
17.26
17.46
15.33
15.62
18.29
17.82
16.63
17.65
18.51
20.26
17.8
18.26
17.19
17.82
20.09
19.75
17.85
16.97
17.85
17.26
18.04
17.72
18.04
17.75
18.95
17.65
18.46
19.48
17.36
16.53
18.31
18.41
20.29
19.17
17.29
18.6
17.9
18.92
18.63
17.33
16.02
15.99
17.02
18.46
19.36
20.14
20.29
18.87
15.97
19.12
17.16
17.87
19.63
17.63
17.77
15.99
17.36
19.65
20.63
22.95
16.72
14.65
15.75
20.43
21.85
18.53
16.38
15.55
18.21
19.97
21.04
19.24
19.31
20.46
18.33
17.5
18.02
17.65
18.53
17.07
18.55
19.87
18.68
17.87
20.7
22.05
17.24
18.58
16.94
17.9
17.8
18.36
19.43
21.9
20.83
21.19
19.24
17.14
17.5
17.31
16.53
15.55
18.99
16.99
17.29
18.55
18.63
19.24
18.75
19.14
17.19
19.92
18.82
16.82
18.21
18.63
18.58
17.04
19.38
19.14
20.92
18.19
17.16
15.89
15.41
16.77
17.5
17.68
17.31
18.48
17.41
16.89
18.68
19.12
16.99
18.04
15.58
16.8
17.7
18.33
20.8
19.43
18.53
16.09
16.46
17.92
15.06
15.28
18.92
19.38
17.92
15.8
14.94
22.05
19.75
19.34
17.07
16.72
17.6
16.65
17.68
18.58
18.21
20.07
17.75
16.53
18.85
20.07
17.9
17.72
16.75
17.58
17.9
19.48
17.33
18.14
17.72
18.31
17.11
15.58
16.65
15.72
17.65
18.55
21.26
17.87
17.43
16.92
16.87
17.55
16.43
17.31
17.14
16.43
17.38
15.48
17.87
17.8
18.07
16.38
15.45
17.5
17.99
16.7
16.97
19.36
16.87
16.63
18.63
16.7
16.87
19.31
19.24
18.87
13.75
14.94
16.75
18.68
17.58
20.04
21.78
19.43
16.21
16.6
17.43
18.53
19.36
19.12
17.43
16.99
19.09
17.87
19.04
21.83
17.16
16.92
18.26
16.82
19.19
21.29
19.29
18.46
17.24
17.26
17.29
19.19
18.36
18.29
15.99
16.85
18.38
18.87
20.09
21.09
17.41
16.75
15.75
18.58
18.12
16.75
17.04
19.12
19.58
19.9
22.83
16.33
14.97
15.92
17.68
20.56
16.14
17.31
15.67
18.82
18.09
17.24
17.48
21.17
20.17
16.09
17.63
18.53
18.53
17.77
18.87
17.33
15.36
16.87
18.46
19.04
21.09
17.48
17.04
16.97
18.24
17.04
18.58
17.33
17.87
18.55
17.97
18.43
17.82
16.21
16.53
18.19
18.99
17.6
17.29
19.58
17.63
19.26
17.33
19.17
18.38
17.46
16.8
18.43
17.7
16.55
17.9
18.73
20.95
17.14
18.99
17.7
16.94
19.43
16.94
18.99
23.22
18.04
18.65
16.7
16.92
17.7
15.09
16.7
17.63
19.38
19.38
20.19
18.65
19.36
20.87
17.04
16.48
19.31
18.38
18.31
19.43
16.87
17.16
19.07
16.5
16.77
19.43
17.02
17.7
18.14
19.97
20.48
20.51
18.48
18.99
18.16
18.82
17.41
18.6
19.43
20.85
17.21
19.92
17.16
16.55
17.77
17.87
20.04
20.07
20.09
18.75
20.48
21.07
20.46
17.87
18.19
19.6
18.58
18.75
19.75
17.41
19.43
18.41
19.04
18.73
20.43
21.09
18.21
17.87
19.87
20.24
19.29
19.78
21.83
21.73
17.26
17.09
17.7
18.77
16.87
17.53
18.65
18.82
19.07
20.21
18.12
19.02
16.11
17.07
17.5
18.85
20.39
22.02
18.7
17.58
15.77
17.33
18.29
17.53
20.09
18.58
18.68
16.92
17.68
17.75
19.48
18.48
18.38
16.48
16.24
19.34
21.7
19.95
18.99
19.65
20.04
19.29
17.24
17.09
17.43
17.72
19.34
21.53
18.97
18.99
18.24
19.7
22.12
19.92
18.02
18.65
16.85
19.26
19.02
18.48
18.29
19.8
18.95
19.41
19.97
20.07
19.02
19.8
18.95
18.8
17.29
19.12
18.7
17.7
18.21
18.33
22.05
20.87
20.7
16.16
19.97
18.58
21.95
19.41
17.6
20.56
20.58
20.78
17.68
18.77
21.24
19.85
20.21
19.56
18.82
21.14
19.85
18.36
17.72
18.19
19.21
