0.388
0.388
0.388
0.388
0.3876
0.3868
0.3872
0.386
0.3864
0.3868
0.388
0.388
0.388
0.388
0.388
0.388
0.388
0.388
0.388
0.388
0.388
0.388
0.388
0.388
0.388
0.388
0.388
0.388
0.388
0.388
0.388
0.388
0.388
0.388
0.388
0.388
0.388
0.388
0.388
0.388
0.388
0.388
0.388
0.388
0.388
0.388
0.388
0.388
0.388
0.388
0.3876
0.3876
0.388
0.388
0.388
0.3876
0.3872
0.3868
0.3872
0.388
0.388
0.388
0.388
0.388
0.388
0.388
0.388
0.388
0.388
0.388
0.388
0.388
0.3876
0.388
0.388
0.388
0.388
0.388
0.388
0.388
0.388
0.388
0.388
0.388
0.388
0.388
0.388
0.388
0.388
0.388
0.388
0.388
0.388
0.3876
0.388
0.388
0.388
0.388
0.388
0.388
0.388
0.388
0.388
0.388
0.388
0.388
0.388
0.3876
0.388
0.3872
0.388
0.388
0.388
0.388
0.388
0.388
0.388
0.388
0.388
0.3876
0.388
0.388
0.388
0.388
0.388
0.388
0.388
0.388
0.388
0.3876
0.3876
0.3876
0.388
0.3876
0.388
0.3876
0.3876
0.3876
0.3876
0.3876
0.3876
0.3876
0.3876
0.388
0.3876
0.3876
0.388
0.388
0.388
0.388
0.388
0.388
0.388
0.388
0.3876
0.3868
0.388
0.388
0.388
0.3876
0.388
0.388
0.388
0.388
0.388
0.388
0.388
0.388
0.3876
0.388
0.388
0.3872
0.3872
0.388
0.388
0.388
0.388
0.3868
0.3876
0.388
0.3868
0.388
0.3872
0.3876
0.3876
0.3876
0.3876
0.3876
0.3876
0.3876
0.3876
0.3876
0.3876
0.3876
0.3868
0.3876
0.3876
0.3872
0.3876
0.3872
0.3872
0.3876
0.3876
0.3876
0.3876
0.3872
0.3868
0.3876
0.3876
0.3872
0.3876
0.388
0.3876
0.0
0.0
0.0
0.0
1.411
2.905
3.577
3.839
3.839
3.589
4.492
4.73
4.535
4.468
4.272
4.462
4.449
4.321
4.346
4.071
4.071
3.882
3.711
3.656
3.333
3.104
2.814
2.521
2.521
2.167
2.271
3.406
3.687
3.992
4.413
4.73
4.663
4.663
4.657
4.639
0.0
0.0
