30.71
30.47
30.66
30.91
30.18
30.52
0.0
28.71
30.52
30.71
30.37
30.66
30.32
30.62
30.37
30.18
29.88
30.42
30.42
30.52
30.18
30.27
30.03
29.88
29.93
30.22
30.18
30.03
30.08
29.93
30.08
30.27
30.37
30.47
30.27
29.83
29.3
28.96
28.47
28.56
27.73
27.0
26.76
26.32
26.37
25.34
24.49
24.05
23.02
22.39
22.27
22.49
21.83
21.26
20.43
18.41
17.99
18.38
17.82
17.72
16.41
16.02
15.84
15.31
14.75
14.26
14.16
13.94
13.5
12.82
12.1
11.87
11.54
10.9
10.34
9.998
9.705
9.399
9.07
8.667
8.496
8.203
8.142
7.41
7.166
7.056
6.812
6.506
6.409
6.146
5.841
5.658
5.414
5.212
5.054
4.84
4.694
4.59
4.419
4.242
4.15
3.973
4.022
3.723
3.632
3.546
3.351
3.32
3.229
3.067
3.055
2.988
2.927
2.844
2.798
2.896
2.658
2.621
2.579
2.487
2.505
2.56
2.817
2.902
2.859
2.814
2.798
2.692
2.756
2.921
2.914
3.064
3.113
3.149
3.29
3.375
3.552
3.522
3.662
3.601
3.894
3.992
4.211
4.352
4.584
4.651
4.749
4.877
5.2
5.45
5.493
5.566
5.835
6.018
6.14
6.134
6.396
6.836
7.373
7.825
8.398
8.875
10.19
10.75
10.94
11.25
11.67
11.99
12.74
13.11
14.38
14.87
14.77
15.09
15.41
16.09
16.43
16.92
17.07
17.6
17.75
17.77
17.65
18.04
18.97
19.36
0.0
19.41
20.02
20.14
20.63
20.87
21.17
20.9
20.95
21.26
21.68
22.53
22.29
23.1
22.71
23.07
23.17
23.32
23.39
23.24
23.46
23.61
23.49
23.83
23.78
24.0
24.22
24.44
24.63
24.46
24.8
24.71
24.98
25.1
25.63
25.59
25.98
26.66
26.51
27.29
27.0
27.34
26.95
27.69
28.17
28.91
29.59
30.27
30.71
30.57
30.62
30.71
30.66
30.52
30.81
30.66
30.52
30.52
30.13
30.22
30.22
29.98
30.08
30.18
30.27
30.37
30.32
30.81
30.66
30.37
30.42
30.47
30.91
30.62
30.57
30.32
30.57
30.62
30.42
30.47
30.66
30.71
30.71
30.81
30.71
30.47
30.71
31.1
30.76
30.76
0.0
30.42
31.2
30.66
30.91
30.66
31.3
31.1
30.71
30.42
30.22
30.71
30.37
29.88
29.98
30.22
30.03
30.08
29.93
30.42
29.88
30.32
30.08
30.13
29.79
29.88
30.13
29.98
30.03
30.32
30.13
29.93
29.79
29.74
29.79
30.08
29.83
30.13
30.27
30.13
30.42
29.83
29.74
29.79
29.44
29.15
28.52
28.32
27.25
26.76
25.68
25.24
24.95
24.8
23.93
23.34
22.56
22.36
21.46
21.14
20.68
19.73
19.29
18.73
17.46
16.46
15.94
15.14
14.67
14.31
13.65
13.21
12.65
12.08
11.78
11.28
10.63
10.4
10.36
9.998
9.46
8.801
8.63
8.74
8.142
7.971
7.593
7.385
7.068
6.946
6.653
6.409
6.049
5.878
5.621
5.432
5.249
5.023
4.901
4.767
4.535
4.34
4.175
4.095
3.998
3.937
4.034
3.802
3.711
3.485
3.4
3.387
3.326
3.162
3.064
3.088
2.994
2.975
2.85
2.679
2.814
2.859
2.713
2.649
2.704
2.716
2.701
2.716
2.673
2.707
2.744
2.838
2.954
3.162
3.229
3.4
3.583
3.644
3.796
4.028
4.169
4.303
4.333
4.565
4.84
5.09
5.273
5.383
5.463
5.658
5.841
6.042
6.238
6.36
6.567
6.738
6.982
7.141
7.324
7.324
7.654
7.922
8.044
8.508
9.241
9.253
0.0
11.12
11.85
12.37
13.11
13.89
14.4
14.65
15.09
15.58
15.67
15.99
16.19
16.99
17.36
17.6
17.92
17.99
18.29
18.75
19.07
19.02
19.07
19.21
19.19
19.48
19.82
20.39
20.9
20.87
21.34
21.36
21.75
21.88
22.12
22.12
22.29
22.46
22.63
22.73
23.12
23.41
23.61
23.71
23.71
23.95
23.85
23.75
24.15
24.34
24.66
24.71
24.46
24.71
24.58
24.71
24.66
24.73
24.98
24.51
24.24
24.46
24.39
24.46
24.68
24.88
24.68
24.27
24.41
24.41
24.58
24.63
24.58
23.29
22.49
22.39
23.14
23.8
23.9
23.73
23.78
23.61
24.07
24.39
24.88
25.44
25.29
25.83
26.17
26.46
27.49
27.88
28.03
28.52
28.17
28.56
29.1
29.69
29.93
30.57
30.32
30.47
30.52
30.47
30.37
30.66
0.0
30.27
30.22
30.22
30.86
31.15
30.76
31.2
30.91
30.32
31.45
30.96
30.96
30.96
30.96
30.71
30.52
30.57
30.37
30.66
30.57
30.66
30.86
30.76
30.81
30.52
30.81
30.86
31.05
31.1
30.86
30.62
30.76
30.52
30.37
30.37
30.18
30.32
30.13
30.76
30.71
30.81
30.96
30.37
30.52
30.52
30.27
30.37
30.47
30.47
30.42
30.37
30.52
30.71
30.37
30.03
29.2
28.27
28.12
27.39
26.61
25.73
25.15
24.49
23.9
23.29
23.1
22.19
21.75
21.34
20.68
20.02
19.48
18.26
17.87
17.5
17.14
16.28
15.87
15.19
14.67
14.26
13.7
13.21
12.77
12.19
11.41
10.89
10.63
10.35
10.46
0.0
9.192
8.911
8.447
8.289
7.825
7.471
7.361
7.007
6.726
6.628
6.213
6.073
6.219
5.688
5.676
5.707
5.157
4.974
4.932
4.712
4.584
4.291
4.413
4.224
4.169
3.894
3.766
3.687
3.558
3.558
3.448
3.345
3.412
3.308
3.162
3.174
3.091
3.021
3.021
2.975
2.872
2.933
2.905
2.939
2.905
2.93
3.006
2.939
2.914
2.979
3.064
3.122
3.223
3.339
3.485
3.68
3.809
4.016
4.126
4.199
4.327
4.492
4.62
4.852
4.98
5.188
5.371
5.475
5.78
6.348
6.299
6.653
6.921
6.677
6.897
6.982
7.214
7.458
7.837
7.983
8.167
8.423
8.838
9.338
9.863
10.33
11.21
11.94
12.82
13.26
14.36
14.67
15.21
15.62
15.7
15.87
15.99
16.28
16.92
17.58
17.82
18.04
18.24
18.65
18.85
18.92
19.04
19.24
19.48
19.41
20.0
19.92
19.87
20.61
21.07
21.24
21.68
21.75
22.07
22.36
22.61
22.75
23.29
23.49
23.41
23.61
23.78
23.75
24.44
24.49
24.56
24.54
24.63
24.71
24.71
24.83
25.29
25.15
25.29
25.24
25.39
25.44
25.0
25.15
25.24
25.59
26.12
26.12
26.03
26.27
26.37
26.51
26.32
26.95
27.49
27.25
27.44
28.12
28.22
28.66
28.81
29.25
29.98
29.88
30.03
29.98
30.03
30.08
30.22
30.27
30.13
30.22
30.37
30.47
30.52
0.0
