17.38
19.19
20.58
16.43
16.21
15.55
16.14
18.04
17.16
18.68
19.58
17.04
16.31
18.19
16.63
17.38
17.53
18.21
16.85
16.19
18.02
17.31
18.73
14.77
16.38
18.75
19.46
18.77
17.99
17.77
17.94
17.77
19.56
21.29
16.33
15.23
16.02
16.41
19.43
18.82
19.04
20.73
20.58
15.84
17.75
18.04
17.6
16.36
17.72
18.33
17.63
16.87
18.46
17.87
19.53
18.92
17.33
16.82
17.75
14.67
17.21
16.38
16.85
17.43
18.63
19.21
19.82
18.04
15.6
15.19
15.92
17.85
17.97
16.75
17.77
19.12
19.43
17.31
16.46
15.55
15.84
15.53
16.28
17.5
18.31
19.38
18.48
17.58
18.6
16.43
16.87
15.38
16.14
18.75
16.26
17.75
19.29
17.99
17.07
18.55
16.92
16.19
17.24
17.72
17.48
18.41
19.82
17.09
15.11
15.92
15.92
14.36
14.97
17.14
17.87
19.48
19.17
18.85
17.6
16.63
17.24
16.58
17.72
15.38
16.19
17.82
17.7
17.11
16.75
17.31
19.04
16.21
16.55
19.48
19.82
18.8
18.48
19.31
16.38
16.46
16.82
18.63
19.48
19.41
18.85
17.75
17.04
19.75
19.31
17.97
17.75
19.09
19.68
16.7
14.87
16.82
18.41
19.38
20.34
18.12
17.72
17.41
18.12
18.85
19.12
20.0
20.04
18.77
17.43
16.36
17.68
19.21
19.92
19.53
17.33
17.36
21.24
19.87
19.43
18.95
19.68
16.65
18.55
17.82
16.5
17.33
19.85
20.75
19.87
18.36
19.14
19.56
17.7
17.21
15.19
16.5
18.53
18.21
19.09
19.95
17.87
17.41
17.33
18.12
19.8
17.38
17.29
18.48
15.77
16.48
19.17
18.43
18.75
19.6
19.8
19.58
18.6
19.24
16.04
17.04
18.12
18.95
20.36
18.77
18.26
18.75
19.24
16.82
18.75
18.6
19.46
20.65
19.34
19.14
20.04
16.75
15.48
17.21
16.97
18.63
20.0
20.26
16.72
14.99
15.41
16.24
17.68
20.24
19.53
19.46
17.04
15.99
15.92
17.55
18.12
19.82
18.65
19.12
17.02
15.84
16.04
16.7
20.21
19.87
16.31
15.01
18.63
19.73
18.75
18.68
17.21
17.75
18.75
17.24
17.48
17.19
17.94
17.5
19.43
16.77
18.46
18.73
20.09
19.02
16.43
15.8
16.53
18.12
16.06
17.55
18.68
15.82
16.65
19.04
16.43
16.36
18.97
18.07
16.28
17.43
18.87
18.51
18.7
19.51
17.02
18.87
17.63
18.31
19.9
20.04
17.46
17.55
20.48
20.83
16.89
16.82
16.6
16.48
16.53
16.94
19.63
22.29
19.09
17.72
17.43
18.92
16.33
17.5
17.02
16.11
17.72
18.38
19.02
18.19
16.65
16.55
15.36
16.92
16.67
17.48
18.75
19.17
21.44
22.49
19.26
15.94
16.48
17.65
17.68
17.97
18.55
20.04
21.02
20.56
18.48
18.95
19.9
19.65
17.38
18.75
17.72
16.77
18.07
19.82
18.63
17.87
18.8
18.65
18.85
18.99
18.9
18.33
18.55
15.72
16.31
17.24
16.99
16.63
17.5
17.36
18.21
19.7
18.68
20.63
18.63
19.41
20.87
17.16
16.31
15.67
15.65
16.38
17.29
19.63
17.97
17.92
17.24
18.7
19.24
18.07
16.5
16.97
15.82
16.85
18.6
18.68
20.12
19.41
18.02
16.02
17.6
17.58
17.72
17.07
16.16
19.51
19.75
18.51
17.43
16.75
17.41
18.85
19.26
17.97
17.99
18.85
16.58
16.24
17.65
19.43
18.29
19.92
20.61
18.31
19.02
17.46
17.31
18.92
19.09
19.26
17.7
18.58
19.26
19.17
18.46
17.19
20.65
19.48
17.29
17.75
18.77
18.51
17.55
18.04
17.26
16.67
18.85
18.16
22.31
19.6
17.97
16.7
16.85
17.36
18.41
19.04
17.87
16.48
18.36
16.82
17.63
16.97
17.46
18.21
17.87
17.55
19.41
17.19
16.58
18.02
19.53
17.31
17.29
15.92
16.33
18.07
16.21
16.53
18.09
19.24
19.75
18.31
17.31
16.55
16.6
16.63
17.04
17.72
19.31
17.16
17.29
18.14
16.94
17.29
16.55
16.7
16.16
16.82
17.55
16.31
17.02
16.43
17.43
17.75
16.7
17.31
18.8
18.97
18.65
16.82
18.16
15.77
15.5
16.04
16.5
19.43
18.9
18.36
17.02
18.85
16.55
17.31
17.43
17.11
16.38
18.51
19.09
17.65
18.46
19.34
18.43
19.31
16.31
16.82
16.55
17.87
21.02
19.19
17.82
18.12
17.38
18.73
17.97
21.0
20.63
18.65
15.82
16.75
17.55
18.53
21.26
19.34
19.51
18.53
18.21
18.48
19.78
20.87
18.68
20.97
23.32
17.77
16.8
17.46
18.48
20.36
20.34
21.46
19.63
18.73
18.77
20.85
19.58
20.51
18.33
17.72
16.65
15.84
16.87
17.68
19.31
20.83
21.17
20.17
19.17
16.46
18.07
18.75
18.73
19.43
24.85
18.38
18.12
17.65
15.67
15.28
15.6
16.87
18.97
19.17
18.29
17.11
17.58
16.8
15.92
18.36
16.92
15.97
16.92
17.85
17.09
16.87
18.16
18.53
17.07
16.92
18.75
17.8
18.12
20.68
17.09
15.38
15.55
16.41
16.75
17.07
16.38
18.33
17.16
18.38
20.68
18.12
17.99
16.89
16.7
16.77
17.55
17.65
17.94
16.82
17.68
17.63
18.7
17.63
16.09
16.89
16.53
17.87
16.8
18.09
18.48
18.85
18.73
18.65
19.21
17.04
19.09
18.99
17.53
18.77
18.19
19.48
20.09
18.58
17.33
18.9
19.24
15.77
17.14
17.58
18.12
18.8
18.36
18.02
18.31
17.72
20.14
18.41
19.65
18.33
18.87
20.09
17.92
19.51
18.07
19.63
19.73
18.97
19.07
19.78
19.07
18.33
19.19
20.09
19.29
19.38
18.92
17.92
19.38
19.17
18.09
22.9
18.87
19.09
19.21
17.82
19.21
18.95
17.87
17.36
17.9
17.63
18.65
19.7
18.8
19.73
19.24
19.6
19.09
18.12
17.97
18.68
21.0
15.41
17.68
18.33
19.85
19.53
19.75
19.8
19.9
20.8
20.31
20.87
21.09
19.38
18.09
17.75
17.87
17.9
20.21
20.48
18.99
19.04
18.19
19.63
18.19
18.02
16.72
16.67
17.9
19.02
20.17
