5.444
5.444
5.444
5.444
5.444
5.444
5.444
5.444
5.444
5.444
5.444
5.444
5.444
5.444
5.444
5.444
5.444
5.444
5.444
5.444
5.444
5.444
5.444
5.444
5.444
5.444
5.444
5.444
5.444
5.444
5.444
5.444
5.444
6.47
12.33
15.09
15.92
16.43
16.92
17.16
17.46
17.8
15.84
14.33
14.11
12.32
8.679
9.961
14.62
15.65
16.26
16.75
17.09
17.31
17.55
17.63
17.02
14.84
14.06
13.7
13.38
11.61
10.4
15.14
16.38
17.07
17.5
16.97
14.72
14.14
12.7
8.203
10.82
17.46
20.04
19.51
17.24
14.7
9.021
13.11
15.65
16.5
17.07
17.38
17.63
14.67
14.11
14.04
13.84
9.375
13.18
15.53
16.38
16.97
17.29
17.33
14.48
13.57
13.35
10.49
8.875
9.46
16.14
20.07
19.51
17.38
16.33
19.87
20.0
17.77
17.29
16.94
16.72
17.11
17.58
16.99
16.28
16.28
14.92
12.38
10.1
9.521
14.94
20.58
17.29
17.48
20.02
14.26
8.813
9.07
10.27
15.19
16.38
17.02
17.36
16.75
13.75
12.4
9.412
12.23
15.67
16.55
17.09
17.43
16.58
14.18
13.09
11.93
9.143
8.63
9.143
8.374
9.338
8.923
13.6
18.68
19.73
19.41
17.14
15.67
14.89
15.92
16.53
16.99
17.26
17.55
16.82
14.77
14.62
14.36
11.89
8.85
5.438
5.438
5.444
5.444
5.444
5.444
5.444
5.444
5.444
5.444
5.444
5.444
5.444
5.444
5.444
5.444
5.444
5.444
5.444
5.444
5.444
5.444
5.444
5.444
5.444
5.444
5.444
5.444
5.444
5.444
5.444
5.444
5.444
5.444
5.444
5.444
5.444
5.444
5.444
5.444
5.444
5.444
5.444
5.444
5.444
5.444
5.444
5.444
5.444
5.444
5.444
5.444
5.444
5.444
5.444
5.444
5.444
5.444
5.444
5.444
5.444
5.444
5.444
5.444
5.444
5.444
5.444
5.444
5.444
5.444
5.444
5.444
5.444
5.444
5.444
5.444
5.444
5.444
5.444
5.444
5.444
5.444
5.444
5.444
5.444
5.444
5.444
5.444
5.444
5.444
5.444
5.444
5.444
5.444
5.444
5.444
5.444
5.444
5.444
5.444
5.444
5.444
5.444
5.444
5.444
5.444
5.444
5.444
5.444
5.444
5.444
5.444
5.444
5.444
5.444
5.444
5.444
5.444
5.444
5.444
5.444
5.444
5.444
5.444
5.444
5.444
5.444
5.444
5.444
5.444
5.444
5.444
5.444
5.444
5.444
5.444
5.444
5.444
5.444
5.444
5.444
5.444
5.444
5.444
5.444
5.444
5.444
5.444
5.444
5.444
5.444
5.444
5.444
5.444
5.444
5.444
5.444
5.444
5.444
5.444
5.444
5.444
5.444
5.444
5.444
5.444
5.444
5.444
5.444
5.444
5.444
5.444
5.444
5.444
5.444
5.444
5.444
5.444
5.444
5.444
5.444
5.444
5.444
5.444
5.444
5.444
5.444
5.444
5.444
5.444
5.444
5.444
7.886
11.19
15.5
16.5
17.14
17.5
17.85
18.26
18.38
18.51
18.73
18.8
18.95
19.12
19.34
19.34
19.53
19.68
19.82
19.75
16.04
16.14
17.36
17.72
18.41
18.53
18.41
16.7
16.06
12.92
11.93
16.41
17.38
17.82
18.19
18.48
18.65
18.8
18.95
19.09
19.24
19.34
19.46
19.56
19.87
19.92
17.63
19.58
20.7
20.83
20.51
17.58
16.7
11.82
14.62
16.75
17.53
17.9
18.36
18.53
18.73
18.82
19.04
19.14
19.34
19.34
19.46
19.7
19.92
18.8
18.04
19.6
20.65
20.85
20.85
20.78
17.99
16.97
16.85
11.22
10.95
16.19
17.26
17.77
18.33
18.65
18.8
18.87
19.02
19.09
19.21
19.31
19.48
19.48
19.58
19.7
19.87
19.87
17.99
18.9
19.7
20.8
20.8
20.78
18.85
17.77
17.75
11.0
14.82
16.85
17.46
17.94
18.36
18.53
18.73
18.95
19.12
19.19
19.34
19.48
19.53
19.82
19.92
17.7
18.53
20.8
20.83
20.68
19.26
18.55
15.28
11.55
16.43
17.33
17.8
18.29
18.46
18.63
18.82
18.99
19.14
19.34
19.41
19.56
19.63
19.87
19.92
17.9
18.63
20.7
20.83
20.68
19.8
18.75
17.82
10.41
14.45
16.41
17.26
17.7
18.07
18.38
18.58
18.73
18.87
19.02
19.14
19.29
19.34
19.46
19.56
19.73
19.85
19.92
19.95
17.53
19.85
19.9
20.85
20.87
20.85
20.85
19.92
17.63
17.11
17.04
14.99
11.5
15.14
16.14
16.72
16.26
13.7
13.09
13.28
10.08
13.01
15.87
16.8
15.41
13.06
13.04
12.79
18.43
19.07
11.76
13.72
16.6
13.75
11.32
11.69
15.99
16.92
13.89
13.45
10.19
16.06
15.87
13.23
9.753
14.06
16.8
14.45
13.18
10.03
15.92
15.14
12.99
9.558
15.55
15.41
12.77
9.375
13.84
16.58
14.75
13.06
14.33
19.51
13.53
10.1
15.99
17.11
17.7
18.14
18.46
18.63
18.7
18.9
19.07
19.14
19.29
19.31
19.48
19.53
19.58
19.73
19.78
19.9
17.33
18.43
19.65
20.85
20.85
20.87
20.87
17.46
15.48
15.33
15.09
10.91
13.72
16.06
16.7
17.26
17.6
17.87
18.19
18.46
18.6
18.75
18.77
18.95
19.14
19.21
19.34
19.34
19.41
19.56
19.8
19.92
19.51
16.38
18.29
19.95
20.46
20.31
20.09
19.24
17.82
16.63
16.41
10.8
14.4
16.21
16.94
17.38
17.7
18.12
18.38
18.55
18.75
18.75
18.95
19.07
19.14
19.31
19.43
19.51
19.51
19.6
19.9
19.9
17.65
19.07
20.41
20.83
20.83
20.24
17.77
16.63
11.76
9.705
10.33
9.888
10.31
10.16
9.375
9.961
10.52
11.77
17.85
19.09
10.08
10.83
10.51
10.18
10.89
15.53
16.5
17.33
17.8
18.36
18.55
18.75
18.97
19.14
19.21
19.34
19.41
19.53
19.75
19.87
17.65
19.36
20.8
20.85
19.65
17.72
17.38
14.82
14.43
19.19
14.72
9.204
10.79
8.508
9.094
9.167
9.167
9.46
9.082
9.155
9.131
9.058
12.96
16.65
17.53
17.99
18.48
18.73
18.75
18.95
19.09
19.19
19.34
19.48
19.53
19.82
19.92
18.38
18.99
20.85
20.83
20.73
18.97
17.65
13.67
9.082
17.8
20.24
10.88
14.97
16.87
17.6
18.07
18.48
18.68
18.85
18.99
19.14
19.31
19.36
19.51
19.65
19.9
19.97
17.63
20.73
20.8
20.83
19.82
18.14
16.82
8.63
5.634
5.634
5.64
5.64
5.64
5.64
5.64
5.64
5.64
5.64
5.64
5.64
5.64
5.64
5.64
5.64
5.64
5.64
5.64
5.64
5.64
5.64
5.64
5.64
5.64
5.64
5.64
5.64
5.64
5.64
5.64
5.64
5.64
5.64
5.64
5.64
5.64
