20.09
16.99
19.46
20.07
19.14
18.21
17.43
16.26
17.58
18.75
18.19
17.21
17.87
23.29
19.26
19.85
19.31
18.12
19.07
16.02
17.16
17.14
18.99
20.68
19.34
18.95
21.92
21.56
19.31
20.85
16.63
17.11
17.72
18.73
19.51
20.63
18.92
15.62
16.94
18.77
17.92
19.78
21.39
18.38
18.29
15.19
18.58
20.73
20.95
17.99
19.48
18.85
18.85
20.58
20.09
21.97
19.58
17.99
17.41
17.36
18.55
18.43
21.61
15.94
16.8
13.57
14.92
19.43
21.12
20.19
19.7
19.7
20.95
21.17
16.8
17.75
14.84
15.7
16.85
16.11
17.02
17.82
21.73
19.85
20.07
20.31
17.29
18.46
16.09
17.24
16.87
15.48
15.82
15.72
17.21
19.29
20.17
20.24
19.75
20.78
22.39
20.85
14.21
14.28
13.67
14.58
15.84
15.26
16.19
16.38
17.99
18.43
18.02
19.73
18.29
17.11
15.94
17.99
14.67
14.84
14.53
16.26
19.17
18.07
19.31
19.04
19.17
18.92
18.51
18.48
16.65
16.43
15.16
15.75
18.48
15.53
23.71
17.75
16.24
14.21
14.38
15.45
15.72
17.38
17.85
18.73
20.02
19.75
18.6
17.26
15.62
16.82
18.07
19.7
16.36
17.85
19.58
16.46
17.09
19.21
18.92
16.24
16.36
18.97
17.97
17.97
18.09
17.24
18.19
18.7
19.38
18.38
18.92
17.97
18.38
18.31
18.73
17.75
18.99
22.78
20.14
16.41
18.75
18.58
19.43
17.65
20.85
18.97
19.12
19.12
19.68
19.38
21.26
19.36
17.97
19.04
16.8
16.19
18.09
19.02
20.41
18.31
19.73
19.65
20.17
23.78
19.68
15.8
18.04
15.62
14.53
18.36
17.77
17.72
19.38
19.63
18.31
18.29
16.46
14.67
19.04
18.85
16.43
15.36
16.41
18.92
19.48
15.11
16.5
15.72
16.87
19.53
18.77
16.7
16.72
16.24
18.7
17.53
20.63
14.67
16.09
17.63
20.43
17.11
15.58
15.53
15.62
17.07
16.89
18.12
15.97
15.43
17.8
18.26
17.07
17.29
18.02
16.04
19.85
18.95
15.65
16.77
17.63
17.16
18.04
19.07
19.75
18.21
17.43
17.09
14.82
17.29
17.36
19.87
16.97
20.56
16.82
16.77
16.26
18.07
18.73
17.97
19.9
20.0
19.04
18.12
15.97
19.07
17.8
16.63
18.65
19.02
19.63
20.85
19.7
19.14
20.09
18.36
17.72
18.14
18.46
18.19
17.04
19.56
20.43
18.65
17.65
18.82
19.04
18.04
16.24
18.24
15.62
16.19
18.73
20.73
24.58
19.82
19.41
18.38
16.77
18.82
16.92
15.38
16.53
18.43
17.43
17.33
17.43
20.26
16.97
17.72
18.12
17.48
19.48
19.78
21.19
20.24
19.43
17.82
15.6
15.6
16.43
14.5
15.04
16.16
15.99
18.02
19.8
19.41
22.12
21.88
17.94
17.43
18.82
18.92
15.55
14.92
15.38
17.5
18.33
16.5
16.31
19.43
19.46
19.78
19.31
20.09
16.33
14.38
17.55
17.82
15.11
16.11
19.02
22.17
18.33
18.29
16.94
16.46
17.55
18.92
18.14
17.55
19.29
21.46
17.8
18.65
21.02
22.02
19.02
20.04
17.87
17.33
17.09
18.95
19.68
21.97
22.95
22.73
18.58
18.9
18.29
18.9
18.9
16.97
20.53
16.43
17.09
18.77
17.85
17.24
15.87
17.6
18.77
17.26
16.21
16.48
17.97
17.14
18.38
14.94
17.97
17.87
18.38
16.72
18.07
15.36
16.21
16.82
20.07
18.63
19.56
17.36
17.16
16.87
16.99
15.45
17.04
15.16
16.82
14.94
17.8
18.04
18.68
17.97
18.43
16.14
17.53
19.7
16.58
17.31
16.04
15.43
16.41
16.55
18.33
19.19
19.7
18.73
16.31
15.72
14.7
16.43
15.89
19.48
20.43
21.68
20.68
16.06
15.75
17.6
15.14
17.02
16.14
17.09
16.19
16.99
18.85
16.92
17.04
18.12
18.07
17.82
17.46
17.72
15.84
14.75
14.92
17.7
18.77
18.51
17.19
16.06
15.62
19.73
15.33
16.77
16.28
16.72
18.07
20.8
19.26
17.07
18.33
17.48
17.11
18.8
18.87
18.31
17.11
19.6
18.58
17.16
16.38
18.02
18.33
19.17
20.46
17.8
16.41
18.02
19.31
19.92
21.73
18.95
18.9
16.92
15.89
16.28
17.24
20.97
21.63
19.75
18.51
14.84
15.21
18.38
19.24
16.99
18.63
18.92
22.31
18.48
16.75
16.7
16.82
17.75
19.36
17.75
18.12
19.56
23.68
19.65
18.6
17.53
19.34
18.02
18.85
18.33
14.77
17.29
17.94
19.34
19.21
19.53
23.17
19.04
18.04
18.85
21.12
19.46
21.97
19.53
18.75
20.07
19.73
20.39
17.8
19.78
19.36
20.36
20.41
18.87
19.02
18.75
18.21
19.75
17.21
17.14
16.04
16.6
17.53
19.19
19.24
20.68
20.61
20.19
23.14
19.53
15.53
15.6
17.63
16.38
16.5
17.53
16.41
15.82
18.41
19.75
17.7
17.63
17.6
18.36
18.97
18.04
16.7
16.89
15.84
17.33
17.09
18.97
23.14
18.21
18.36
19.38
16.06
17.11
21.39
19.63
17.65
19.85
18.12
19.09
16.63
16.31
16.97
17.99
21.58
19.82
16.11
16.19
16.63
18.7
17.55
19.36
18.38
16.72
17.9
18.53
19.14
20.09
16.92
16.19
16.5
18.92
19.87
18.21
16.38
17.82
16.77
19.19
18.46
17.82
18.68
18.12
18.68
17.55
18.7
17.9
18.33
20.56
18.29
20.02
19.17
15.43
16.55
18.68
18.26
18.55
20.78
19.51
17.46
19.87
18.97
18.53
19.02
23.32
22.12
14.84
16.11
17.68
21.26
20.31
21.88
21.73
18.33
17.85
17.31
18.09
18.41
19.68
16.16
15.48
16.04
18.63
20.53
20.87
22.36
