21.31
21.78
22.0
22.31
21.8
22.73
22.07
21.88
21.41
21.46
21.78
21.46
20.8
20.97
21.66
21.73
21.31
21.29
21.46
21.39
21.88
22.56
22.0
22.07
21.53
21.24
21.68
21.66
21.51
21.75
21.31
21.04
19.12
21.24
21.46
21.07
20.61
20.56
21.14
21.51
21.26
20.83
20.36
20.31
20.24
20.19
19.82
19.53
18.97
19.02
18.73
18.95
18.77
18.51
18.36
17.87
17.85
17.8
18.24
18.07
17.7
17.9
18.41
18.33
18.31
18.41
18.58
18.55
17.99
17.97
18.6
18.85
19.51
19.07
19.12
18.87
18.87
19.14
19.63
19.7
19.97
19.82
20.14
20.24
20.83
21.17
21.92
21.85
21.61
22.0
22.41
22.92
22.9
23.32
22.95
23.05
23.1
23.24
23.58
24.1
24.07
24.44
24.76
24.83
25.15
25.05
25.54
26.22
25.88
26.61
26.46
25.78
25.98
25.93
26.22
26.32
26.12
26.17
26.37
26.95
25.83
26.12
26.22
26.22
26.95
26.46
26.42
28.52
28.52
28.47
28.56
28.22
26.86
26.66
27.15
27.1
27.0
27.34
27.44
27.59
28.03
28.37
28.86
28.76
28.66
28.86
29.79
30.42
30.96
31.05
31.45
32.13
33.01
33.25
33.94
33.94
33.15
33.06
34.67
35.11
35.21
35.25
35.4
35.6
35.94
36.13
36.62
37.26
37.01
36.67
36.62
36.18
37.06
37.26
36.77
36.77
37.3
38.09
38.62
38.23
37.11
37.55
37.7
37.84
37.5
37.84
37.4
37.7
38.09
37.94
38.18
38.04
37.21
36.62
37.35
37.74
37.74
37.55
31.49
27.49
26.71
26.66
26.81
26.71
26.12
26.12
26.46
26.03
27.93
36.91
37.4
38.23
37.79
37.7
37.99
38.09
36.96
37.45
37.55
37.99
38.28
37.84
38.18
37.89
37.74
37.74
37.4
36.87
35.99
36.43
36.47
36.43
36.33
36.23
35.94
36.28
35.84
36.18
35.89
36.04
35.74
35.55
35.55
35.69
35.74
35.55
35.45
35.01
35.11
34.81
34.13
34.67
33.4
33.25
33.06
32.91
33.25
31.93
31.01
31.2
30.27
30.86
30.13
29.25
28.32
27.88
27.88
27.83
28.17
28.52
27.39
26.9
26.32
26.32
26.12
25.63
25.24
24.83
24.63
24.56
23.85
24.22
24.07
24.56
24.0
23.93
23.63
23.56
22.66
22.73
23.46
23.41
23.07
23.19
23.05
23.1
22.88
23.07
22.78
22.9
23.07
23.34
23.63
23.19
23.02
23.61
24.0
24.1
23.97
23.44
23.27
23.71
23.14
23.51
21.04
23.73
23.32
22.95
22.63
22.36
22.56
22.66
22.8
22.75
23.1
24.63
24.56
24.0
23.83
23.93
23.49
23.29
23.58
23.12
22.75
22.56
22.0
22.56
22.41
22.41
22.14
22.02
22.17
22.0
22.0
21.75
21.48
21.17
21.34
20.7
20.36
20.61
20.24
20.09
19.68
19.82
19.9
19.85
19.63
19.87
19.73
19.9
20.09
20.58
20.68
20.78
20.97
21.17
21.61
21.88
21.56
21.41
21.63
22.22
23.19
22.95
22.68
22.95
23.39
23.66
23.95
23.95
23.71
24.56
23.78
24.39
25.1
25.1
25.29
25.29
25.54
25.98
25.83
25.73
25.88
25.93
25.73
26.32
26.76
26.9
26.95
26.81
26.81
26.95
27.0
27.1
27.29
27.15
26.76
26.51
26.51
27.2
27.25
27.1
26.86
27.1
27.34
27.69
27.73
27.49
26.56
27.05
27.59
27.59
27.59
27.73
27.44
28.47
29.83
29.98
29.35
28.96
28.91
30.32
30.27
30.08
30.62
31.1
31.49
31.98
32.91
33.98
33.89
33.89
33.06
33.54
33.89
33.35
33.54
33.59
34.33
34.72
35.11
35.25
35.01
35.01
34.91
35.35
35.55
36.62
36.08
36.33
36.33
36.52
37.01
37.35
37.45
37.26
36.67
37.01
37.4
37.55
37.35
37.6
37.7
16.28
26.81
39.36
39.45
37.89
36.96
37.65
36.62
37.01
36.77
37.5
38.09
37.79
38.13
37.79
37.45
37.11
36.04
36.38
37.16
37.06
36.91
38.72
38.57
37.4
37.3
37.35
37.65
37.16
36.87
36.87
37.55
37.99
37.6
37.99
36.72
36.91
37.65
37.01
36.82
36.77
35.94
36.04
36.33
35.94
35.5
35.5
35.45
34.62
35.21
34.52
33.98
34.08
33.64
33.3
33.79
34.28
34.03
34.03
33.79
34.28
34.77
33.94
32.86
32.32
31.25
31.69
31.88
31.49
31.69
31.45
32.03
32.13
30.76
30.62
30.52
30.13
28.96
28.96
29.05
28.52
27.88
27.54
26.71
26.76
26.27
25.73
25.68
25.54
25.24
25.29
24.37
24.71
24.54
23.24
22.92
22.97
22.78
22.8
23.07
22.75
21.9
21.95
21.75
21.78
21.75
21.66
21.61
23.05
23.07
23.19
23.36
23.24
21.83
21.51
22.0
21.88
21.8
22.63
22.75
23.49
20.19
22.56
23.1
22.75
22.63
22.75
22.73
22.36
21.92
22.34
22.0
22.31
22.19
22.07
22.09
21.92
21.34
21.17
21.7
21.48
21.34
21.56
21.95
21.73
21.73
21.29
21.22
21.07
20.48
20.41
20.14
19.87
19.73
20.04
19.56
19.65
19.75
19.85
19.51
19.31
18.65
19.41
20.02
20.51
20.53
20.7
21.0
21.36
21.02
20.48
20.39
20.39
20.41
20.14
20.46
20.39
20.73
21.17
21.9
22.05
23.02
22.75
22.24
21.97
22.02
23.58
23.24
23.34
23.22
24.05
24.19
24.63
25.24
24.41
24.71
25.05
24.78
25.83
26.12
26.17
25.98
26.07
26.27
26.61
26.56
26.76
27.15
27.0
27.05
27.39
27.54
28.03
27.69
28.37
28.17
29.35
29.15
28.27
28.08
27.98
27.83
27.98
27.78
28.03
26.81
28.71
28.71
28.32
28.32
28.27
28.03
27.93
26.86
27.54
27.73
27.69
28.86
29.25
29.2
29.59
29.83
29.79
30.47
30.52
29.79
30.42
30.91
31.69
32.71
32.76
32.37
33.25
32.13
31.98
33.89
34.28
34.38
34.57
34.77
35.16
34.96
35.55
35.64
37.94
37.21
36.47
36.57
37.11
36.23
35.99
37.01
37.3
37.6
38.38
38.13
38.23
38.72
38.67
38.53
39.26
38.18
38.53
39.75
39.5
38.96
39.11
38.77
39.16
39.36
39.16
38.92
38.28
37.5
37.79
38.09
38.48
38.48
38.43
37.79
37.74
38.43
37.89
38.13
37.89
37.16
37.06
37.06
37.55
37.79
37.65
37.7
38.23
38.33
38.62
37.99
37.94
37.99
37.45
37.99
38.23
38.09
37.45
37.16
37.5
37.26
36.67
36.47
36.57
35.21
35.94
36.82
36.38
35.89
36.67
36.18
36.67
36.04
35.69
35.25
35.74
34.81
34.62
34.81
34.91
34.81
34.96
34.33
34.38
34.38
35.21
35.6
34.42
33.25
33.01
33.15
32.67
32.57
32.96
32.18
31.98
