37.45
27.44
35.89
35.74
18.8
17.41
19.63
16.99
18.51
17.26
18.12
19.24
14.87
19.97
35.74
30.03
5.487
0.6927
0.1225
10.99
17.92
33.84
33.69
18.68
14.62
19.85
15.89
16.48
16.85
14.82
16.85
13.4
12.87
18.14
13.99
18.53
17.31
21.39
34.62
30.08
6.641
0.8148
0.1562
12.92
6.836
11.88
37.45
31.35
14.43
21.41
37.11
30.22
16.43
35.01
34.47
18.02
15.06
23.36
36.91
28.52
15.8
26.46
35.01
23.24
11.12
37.99
37.01
36.47
35.45
36.33
37.16
35.6
33.3
8.105
36.67
38.57
37.55
35.5
35.69
36.96
37.5
37.4
34.13
33.64
32.96
33.15
32.13
32.37
33.98
35.11
33.94
35.3
34.86
31.35
33.06
34.42
32.42
34.47
31.98
33.45
34.18
34.42
33.64
34.67
19.24
10.06
9.607
9.045
10.28
7.703
15.58
14.92
14.31
4.712
3.357
3.314
7.178
39.4
37.74
37.6
37.55
36.96
32.76
33.5
15.7
25.68
37.6
34.18
34.23
34.96
33.15
33.84
34.86
34.62
34.33
35.01
35.3
35.55
36.23
35.74
34.77
36.23
37.3
36.28
31.74
34.91
35.11
35.69
34.91
35.6
35.16
34.72
30.71
33.15
33.64
15.89
11.11
10.96
10.39
6.787
16.33
17.09
10.71
4.474
3.577
3.479
5.389
25.98
31.4
32.67
33.89
34.13
34.33
34.23
33.79
34.67
16.14
18.21
36.91
36.77
36.52
37.26
36.13
36.18
32.91
31.79
31.3
33.01
32.62
33.59
32.28
31.69
30.66
30.37
29.83
31.1
31.15
31.1
30.52
30.91
30.96
29.3
27.25
28.86
27.98
29.25
28.42
29.74
27.69
25.2
26.12
26.22
10.8
9.119
9.363
9.167
9.375
7.971
5.481
14.18
8.057
13.57
12.5
3.491
3.625
2.512
3.247
5.981
30.22
31.49
31.93
32.76
29.3
30.47
30.37
28.52
28.86
22.02
6.158
27.64
33.69
31.59
32.23
29.1
27.98
26.07
25.78
29.69
29.59
30.86
28.66
29.2
31.35
33.25
33.74
31.49
29.3
29.74
29.35
28.32
30.08
30.03
27.69
30.27
30.71
29.93
29.49
29.44
30.08
28.42
29.05
29.0
28.17
28.42
26.27
24.07
9.79
9.351
9.18
9.448
8.667
7.08
5.719
14.94
8.35
17.97
7.495
4.126
2.698
3.168
2.432
0.6149
0.1875
0.02861
0.02861
0.03128
0.02861
0.02861
0.02861
0.03128
0.02861
0.03128
0.02861
0.03128
0.02604
0.03128
0.02861
0.03128
0.02604
0.03128
0.02861
0.03386
0.02604
0.03128
0.02861
0.02861
0.02861
0.03128
0.02604
0.03128
0.02861
0.02861
0.02861
0.03386
0.02861
0.03128
0.02861
0.03128
0.02604
0.03128
0.02861
0.03128
0.02604
0.03128
0.02604
0.02861
0.02604
0.03128
0.02861
0.03128
0.02604
0.03128
0.02861
0.02861
0.02604
0.02861
0.02604
0.03128
0.02861
0.03128
0.02861
0.03128
0.02861
0.03128
0.02604
0.03128
0.02861
0.03128
0.02604
0.02604
0.02604
0.02861
0.02604
0.03128
0.03128
0.03128
0.02861
0.02861
0.02861
0.02861
0.02604
0.03128
0.02604
0.03128
0.02604
0.02861
0.02861
0.02861
0.02861
0.03128
0.02604
0.03128
0.02604
0.03128
0.02604
0.03128
0.02604
0.03128
0.02604
0.03128
0.02861
0.03128
0.02861
0.02861
0.02861
0.02861
0.02604
0.02861
0.02604
0.03128
0.02604
0.03128
0.02604
0.03128
0.02861
0.03128
0.03643
0.03128
0.02861
0.03128
0.02604
0.02861
0.02861
0.02861
0.02604
0.02861
0.02604
0.02861
0.02604
0.03128
0.02604
0.03128
0.02604
0.02861
0.02861
0.02861
0.02604
0.02861
0.02861
0.02861
0.02604
0.03128
0.02604
0.03386
0.02604
0.03128
5.133
33.45
35.79
34.72
34.77
33.89
33.35
34.13
35.06
34.08
34.03
35.16
35.55
33.64
34.81
33.35
33.74
36.67
34.28
32.42
31.88
30.27
29.25
30.22
30.71
29.98
29.64
32.47
32.03
30.62
32.37
30.32
23.1
10.31
9.79
9.497
9.277
10.49
17.72
12.89
22.24
3.864
1.962
0.3567
0.0885
0.02861
0.02604
0.02861
0.02604
1.003
9.509
33.11
33.15
35.16
36.08
34.28
32.86
32.62
31.2
36.08
35.45
31.59
31.1
30.91
28.96
32.52
32.96
35.5
34.38
34.62
31.69
33.74
31.93
29.64
27.44
29.2
31.2
30.42
31.49
29.59
28.32
29.44
22.73
27.05
15.87
9.827
9.424
8.923
9.18
9.619
14.23
14.5
20.31
9.363
3.558
0.4684
4.01
21.92
33.74
34.23
34.38
35.06
33.35
34.72
34.03
34.23
32.86
33.45
34.33
35.25
33.79
33.35
35.64
37.06
33.89
31.98
30.03
32.03
30.42
30.32
29.98
31.84
32.03
31.93
32.08
31.79
32.37
30.81
30.47
10.31
9.985
9.888
9.778
10.78
14.62
15.6
17.38
13.5
4.089
13.87
34.81
33.45
35.06
35.11
31.64
31.25
30.86
28.03
30.52
30.03
30.22
31.64
30.32
28.08
26.66
30.57
32.71
29.2
32.08
29.74
30.18
25.59
30.86
30.96
27.88
26.12
26.61
28.17
29.83
29.35
30.18
28.76
30.03
30.81
26.32
10.36
9.814
8.704
8.838
9.167
11.19
19.07
11.91
20.7
3.949
1.135
0.2605
0.05207
0.02604
0.03128
0.02604
0.03128
0.02604
0.02604
0.02604
0.03128
0.02604
0.03128
0.02604
0.03128
0.02604
0.03128
0.02604
0.03128
0.02604
0.03128
0.02604
0.03128
0.02604
0.03128
0.02604
0.03128
0.02604
0.03128
0.02604
0.02604
0.02604
0.03128
0.02604
0.03128
0.02604
0.03128
0.03128
0.03128
1.688
4.163
10.5
10.57
9.924
9.46
9.399
7.886
6.531
13.01
34.62
36.33
35.79
33.74
30.42
30.71
30.81
30.03
32.57
31.93
31.79
35.4
35.01
33.89
32.81
31.88
33.59
35.3
34.13
33.3
30.22
31.88
29.49
30.71
31.59
30.42
28.91
26.07
29.2
31.05
29.05
31.35
23.05
9.57
8.801
8.569
9.143
9.155
11.51
11.4
17.29
15.77
12.41
2.298
0.354
0.1041
0.02604
0.03128
0.02604
0.03128
0.02604
0.03128
0.02604
0.02604
0.02604
0.03128
0.02604
0.03128
0.02604
0.03128
0.02604
0.03128
0.03128
0.03128
0.02604
0.03128
0.03128
0.02604
0.03128
0.03128
0.02604
0.03128
0.02604
0.03128
0.03128
0.03128
0.02604
0.03128
0.02604
0.03128
0.02604
0.03128
0.02604
0.03128
0.02604
0.03128
0.02604
0.02604
0.03128
0.02604
0.02604
0.03128
0.02604
0.03128
0.02604
0.03128
0.02604
0.02604
0.02604
0.03128
0.02604
0.03128
0.03128
0.02604
0.02604
0.03128
0.02604
0.03128
0.02604
0.03128
0.02604
0.03128
0.02604
0.02604
0.03128
0.02604
0.02604
0.03128
0.03128
0.02604
0.02604
0.03128
0.02604
0.03128
0.02604
0.02604
0.03128
0.02604
0.02604
0.03128
0.02604
0.02604
0.02604
0.03128
0.03128
0.03128
0.02604
0.02604
0.03128
0.02604
0.02604
0.03128
0.02604
0.03128
0.02604
0.03128
0.02604
0.03128
0.02604
0.03128
0.02604
0.03128
0.02604
0.03128
0.02604
0.03128
0.02604
0.03128
0.02604
0.03128
0.02604
0.03128
0.02604
0.03128
0.02604
0.03128
