0.0
0.0
0.0
0.0
0.0
0.0
0.0
0.0
9.537e-05
0.0
0.0
0.0
0.0
0.0
0.0001907
0.0
0.0
0.0
0.0
0.0
0.0
0.0
0.0
0.0
0.0
0.0
0.0
0.0
0.0
9.537e-05
0.0
0.0
0.0
0.2808
2.945
2.924
2.963
2.963
5.072
4.681
2.203
0.7233
3.058
3.308
2.762
2.631
5.432
1.822
2.374
1.199
0.01497
0.0005722
0.2193
2.744
3.217
2.762
2.542
2.393
4.81
2.518
1.549
0.2827
2.301
3.461
3.632
5.347
5.017
1.352
0.2777
0.3563
0.08707
0.169
0.518
0.2331
0.1377
0.1295
0.3841
0.1717
0.3464
0.09899
0.115
0.3407
0.2407
0.08526
2.042
3.595
1.749
1.849
2.142
2.829
3.918
1.855
1.074
0.1814
0.3937
0.1299
0.1139
0.1001
0.4097
0.1728
0.4166
0.0329
0.1104
0.1135
0.317
0.4601
0.3296
0.6386
2.161
2.505
2.441
2.527
2.795
4.181
1.794
0.6699
0.3551
0.3185
0.618
0.3696
0.3723
0.3811
0.4166
0.3822
0.4059
0.3593
0.4097
0.4204
0.441
0.2956
0.4425
0.3815
0.5852
0.8057
0.3445
0.211
0.415
0.05083
1.532
2.887
3.638
2.432
3.656
3.632
2.075
0.7088
0.4669
0.4082
0.2918
0.3197
0.3063
1.859
2.661
2.545
2.829
1.697
4.23
2.118
1.773
1.027
0.2781
1.703
2.185
2.545
2.341
2.496
4.517
2.414
1.923
0.4295
0.3143
0.3952
0.3662
0.3922
0.3426
0.3769
0.07696
0.153
0.2251
0.2476
0.3201
0.3529
0.0
0.0
0.0
0.0
0.0
0.0
0.0
0.0
9.537e-05
0.0
0.006676
0.02155
0.4707
0.3174
0.2464
0.4311
0.1602
0.3056
0.1688
0.1965
0.1987
0.1604
0.05922
0.0
0.0
0.0
0.0
0.0
0.0
0.0
9.537e-05
0.0
0.0001907
0.0
0.0
0.0
0.3757
0.07401
0.1322
0.07887
0.2537
0.2186
0.009441
0.2407
0.0
0.008106
0.2445
0.0
0.0
0.0
0.0
0.0
0.0
0.0
0.0
0.0003815
0.0002861
0.0
9.537e-05
0.06618
0.4089
0.3525
0.1154
0.2018
0.3147
0.3922
0.09956
0.09422
0.1005
0.3834
0.3323
0.1215
0.001335
0.0
9.537e-05
0.0
0.0
0.0
0.0001907
0.0
0.0
0.0
0.0
0.0
0.0
0.0
9.537e-05
0.0
0.0
0.0
0.0
0.0
0.189
0.06237
0.243
0.3262
0.1455
0.3078
0.1757
0.0003815
0.0
0.0
9.537e-05
0.0
0.0
0.004578
0.7095
0.4997
0.0007629
0.259
0.3399
0.4227
0.2731
0.6065
0.4723
0.1129
0.0001907
0.0
0.0
0.0
0.0
0.0
0.0
0.0
0.0
0.0
9.537e-05
0.0
0.0
0.0
0.0
0.0
0.0
0.0
0.0
0.0
0.0
0.0
0.0
0.0
0.0
0.0
0.0
0.0
0.0
0.0
9.537e-05
0.0
0.0
0.0
9.537e-05
0.0
0.0
0.0
0.0
0.0
0.0
0.0
9.537e-05
0.0
0.0
0.0
0.0
0.0
9.537e-05
0.0
0.0
0.0
0.0
0.0
0.0
0.0
0.0
0.0
0.0
0.0
0.0
0.0
0.0
0.0
0.0
0.009918
2.274
2.966
2.945
3.204
3.091
3.156
3.098
2.93
3.546
3.442
3.43
3.418
3.174
3.302
3.168
4.602
8.801
11.12
10.21
7.703
5.585
3.906
1.051
2.148
0.0
1.691
2.325
4.224
4.944
0.7812
1.917
3.644
3.473
3.827
3.638
3.558
3.619
3.979
3.571
3.522
3.43
3.491
3.564
3.339
9.863
6.653
9.839
8.545
6.616
5.164
2.344
0.8179
0.7027
3.522
3.04
3.412
3.369
3.198
3.339
3.4
3.461
3.357
3.302
3.241
3.265
3.4
3.394
5.908
10.02
8.276
8.875
6.702
5.42
4.675
1.88
0.03281
2.2
3.079
3.149
3.174
2.786
3.098
3.079
3.076
2.969
2.533
2.557
2.274
2.255
2.185
2.274
2.426
2.161
2.786
8.411
3.058
5.408
7.227
7.507
5.316
6.274
4.712
3.644
1.91
1.234
3.156
2.777
3.137
3.052
2.979
2.963
2.905
3.333
3.168
3.098
3.546
3.073
2.64
3.018
4.279
8.777
7.556
9.717
7.556
6.219
4.498
3.098
1.19
2.017
3.217
3.253
3.082
3.079
3.168
2.896
3.088
3.302
3.107
2.722
2.563
3.302
3.131
2.994
4.773
7.983
6.36
8.948
7.751
7.251
5.444
3.687
1.503
1.157
3.253
3.162
3.024
3.265
3.284
3.253
3.442
3.149
2.744
3.198
3.137
3.11
3.314
3.448
4.541
9.082
7.837
10.72
7.19
5.408
4.858
3.333
1.166
2.13
3.271
3.4
3.522
3.162
3.284
3.51
3.29
3.339
2.887
3.326
3.143
3.223
3.131
3.085
10.03
7.007
9.229
7.104
6.445
4.431
2.939
0.6805
1.813
3.491
2.835
0.1968
1.569
2.026
3.735
4.272
1.518
0.5196
1.807
2.081
5.072
3.174
0.4417
2.167
2.884
2.893
2.759
2.96
3.052
2.985
2.957
3.113
2.951
3.076
3.186
3.055
3.082
3.229
5.334
9.79
8.789
9.009
6.909
5.566
3.772
1.474
1.204
3.094
3.241
3.125
3.314
3.168
3.192
3.137
3.345
3.192
3.284
3.122
3.198
3.223
3.387
7.227
9.412
10.06
8.337
4.663
4.23
3.741
2.24
1.611
0.4494
1.402
1.537
1.558
1.715
1.813
1.892
1.91
2.002
2.017
2.527
3.284
3.546
3.387
3.11
3.198
3.241
3.247
3.363
5.493
9.338
8.191
9.802
7.043
5.725
4.175
1.617
1.602
2.991
3.394
3.21
3.131
3.259
2.997
2.982
2.832
2.914
3.091
3.296
3.162
3.51
3.424
5.225
9.485
8.826
9.131
7.043
4.694
4.181
1.506
1.103
1.234
1.642
1.62
1.715
1.657
1.605
1.816
1.534
1.846
1.974
2.002
1.993
1.944
1.974
2.866
3.168
2.921
2.747
2.539
2.457
2.118
1.558
1.405
5.249
5.145
2.713
6.36
7.324
7.605
6.372
4.126
4.578
2.115
1.746
1.038
1.421
1.54
0.222
3.094
3.186
3.076
3.198
3.137
3.012
3.186
3.174
3.326
3.04
3.082
3.073
3.21
3.558
3.259
6.689
9.961
9.607
7.642
7.751
4.944
3.485
1.312
2.289
3.186
3.479
3.564
3.79
3.741
3.76
3.986
3.528
3.503
3.558
3.442
3.809
3.577
10.11
8.24
9.314
8.606
6.323
4.749
1.996
0.3761
0.4036
0.7057
0.4944
0.4066
0.3929
0.4257
0.3059
2.924
3.503
3.601
3.595
3.503
3.656
3.516
3.564
3.51
3.461
3.473
3.436
3.741
3.674
8.899
7.629
10.58
8.386
5.701
4.663
2.234
0.1467
0.3368
0.3147
0.2865
0.3433
0.5722
0.2071
0.3761
0.3292
0.5493
0.2575
0.4089
0.3323
0.2964
0.267
0.6111
0.2506
0.3597
0.3235
9.537e-05
0.0002861
0.0
0.0
0.0
0.0
0.0
0.0
0.0
0.0
0.0
0.0
0.0001907
0.0
0.0
0.0
0.0
0.0
0.0
0.0
0.0
0.001621
0.0
0.4204
0.1875
0.5867
0.9216
0.3365
0.3746
0.5516
