9.351
9.473
9.424
9.326
9.326
9.387
9.424
9.375
9.351
9.375
9.351
9.326
9.424
9.363
9.375
9.338
9.326
9.363
9.363
9.387
9.363
9.375
9.363
9.387
9.436
9.363
9.363
9.424
9.424
9.436
9.338
9.338
9.412
9.485
9.497
9.497
9.497
9.46
9.497
9.497
9.497
9.497
9.497
9.497
9.497
9.497
9.497
9.497
9.473
9.473
9.46
9.497
9.497
9.497
9.497
9.497
9.509
9.448
9.497
9.473
9.448
9.46
9.497
9.473
9.485
9.473
9.473
9.46
9.485
9.485
9.497
9.485
9.497
9.497
9.497
9.497
9.497
9.497
9.497
9.399
9.46
9.485
9.497
9.485
9.485
9.46
9.497
9.497
9.485
9.497
9.485
9.485
9.473
9.46
9.485
9.485
9.485
9.485
9.497
9.351
9.326
9.387
9.338
9.375
9.387
9.399
9.412
9.412
9.375
9.338
9.338
9.363
9.326
9.448
9.338
9.351
9.363
9.351
9.314
9.436
9.338
9.351
9.424
9.485
9.485
9.412
9.436
9.485
9.363
9.338
9.314
9.338
9.363
9.387
9.399
9.314
9.387
9.338
9.338
9.314
9.351
9.399
9.448
9.399
9.485
9.399
9.351
9.387
9.473
9.412
9.424
9.338
9.326
9.363
9.326
9.375
9.338
9.314
9.326
9.314
9.326
9.338
9.338
9.314
9.351
9.314
9.314
9.314
9.338
9.375
9.399
9.338
9.436
9.314
9.326
9.314
9.351
9.338
9.387
9.473
9.363
9.326
9.351
9.314
9.314
9.314
9.314
9.387
9.424
9.485
9.375
9.326
9.326
9.351
9.375
9.363
9.399
9.399
9.387
9.375
9.375
9.387
9.448
9.424
9.436
9.424
9.473
9.473
9.436
9.436
9.485
9.46
9.473
9.46
9.473
9.485
9.46
9.485
9.485
9.485
9.436
9.436
9.387
9.351
9.436
9.326
9.387
9.363
9.351
9.338
9.424
9.351
9.314
9.314
9.326
9.314
9.326
9.314
9.326
9.375
9.363
9.326
9.314
9.412
9.387
9.375
9.363
9.326
9.424
9.363
9.375
9.351
9.399
9.326
9.351
9.326
9.326
9.314
9.314
9.387
9.326
9.424
9.351
9.412
9.399
9.424
9.424
9.387
9.448
9.424
9.448
9.497
9.473
9.436
9.412
9.485
9.387
9.387
9.424
9.46
9.351
9.338
9.436
9.46
9.46
9.436
9.399
9.485
9.436
9.448
9.448
9.46
9.387
9.399
9.326
9.473
9.424
9.412
9.436
9.387
9.497
9.473
9.473
9.399
9.436
9.399
9.399
9.338
9.387
9.387
9.387
9.412
9.436
9.424
9.399
9.473
9.497
9.509
9.485
9.473
9.509
9.509
9.497
9.497
9.509
9.509
9.485
9.497
9.509
9.497
9.509
9.509
9.509
9.509
9.509
9.509
9.509
9.509
9.509
9.509
9.497
9.485
9.497
9.497
9.509
9.497
9.497
9.485
9.509
9.497
9.509
9.497
9.509
9.509
9.497
9.485
9.497
9.497
9.485
9.497
9.497
9.497
9.497
9.497
9.497
9.485
9.473
9.473
9.485
9.473
9.473
9.46
9.473
9.485
9.473
9.436
9.424
9.412
9.46
9.473
9.399
9.351
9.363
9.351
9.399
9.448
9.424
9.424
9.412
9.399
9.375
9.412
9.399
9.412
9.363
9.363
9.375
9.399
9.351
9.436
9.424
9.326
9.46
9.448
9.448
9.46
9.497
9.485
9.509
9.509
9.509
9.509
9.351
9.387
9.351
9.326
9.412
9.473
9.387
9.46
9.375
9.375
9.399
9.399
9.351
9.46
9.399
9.375
9.363
9.399
9.351
9.326
9.375
9.424
9.46
9.46
9.473
9.46
9.485
9.46
9.448
9.448
9.46
9.46
9.46
9.473
9.473
9.448
9.412
9.412
9.375
9.399
9.448
9.412
9.338
9.363
9.387
9.424
9.448
9.436
9.424
9.436
9.412
9.412
9.412
9.448
9.326
9.375
9.375
9.436
9.46
9.351
9.387
9.412
9.448
9.448
9.351
9.375
9.375
9.375
9.314
9.436
9.473
9.424
9.351
9.399
9.399
9.314
9.326
9.314
9.314
9.314
9.314
9.314
9.314
9.424
9.387
9.375
9.399
9.326
9.326
9.338
9.448
9.351
9.338
9.314
9.314
9.351
9.326
9.436
9.448
9.363
9.448
9.473
9.448
9.473
9.314
9.314
9.326
9.326
9.338
9.314
9.338
9.326
9.412
9.326
9.387
9.424
9.351
9.351
9.412
9.326
9.338
9.363
9.351
9.326
9.326
9.375
9.338
9.326
9.351
9.338
9.351
9.363
9.363
9.412
9.473
9.436
9.485
9.46
9.424
9.485
9.375
9.448
9.46
9.436
9.412
9.399
9.387
9.424
9.448
9.375
9.412
9.46
9.473
9.485
9.473
9.448
9.424
9.412
9.338
9.387
9.387
9.399
9.497
9.497
9.509
9.509
9.497
9.436
9.509
9.509
9.375
9.399
9.497
9.497
9.509
9.509
9.509
9.509
9.509
9.509
9.509
9.509
9.509
9.509
9.497
9.497
9.497
9.509
9.509
9.497
9.509
9.509
9.509
9.509
9.509
9.509
9.509
9.509
9.509
9.509
9.509
9.509
9.509
9.509
9.509
9.509
9.509
9.509
9.509
9.509
9.509
9.509
9.509
9.509
9.509
9.509
9.509
9.509
9.509
9.509
9.509
9.509
9.509
9.509
9.509
9.509
9.509
9.509
9.509
9.509
9.509
9.509
9.509
9.509
9.509
9.509
9.509
9.509
9.509
9.497
9.497
9.509
9.509
9.509
9.509
9.497
9.497
9.497
9.509
9.509
9.509
9.509
9.509
9.509
9.509
9.497
9.509
9.509
9.509
9.497
9.509
9.509
9.497
9.497
9.497
9.497
9.497
9.497
9.497
9.497
9.497
9.497
9.509
9.509
9.509
9.497
9.509
9.509
9.497
9.497
9.497
9.497
9.497
9.497
9.412
9.485
9.509
9.46
9.509
9.509
9.509
9.497
9.509
9.509
9.509
9.497
9.509
9.509
9.509
9.509
9.497
9.509
9.509
9.509
9.509
9.509
9.509
9.497
9.509
9.509
9.509
9.509
9.497
9.497
9.497
9.509
9.509
9.509
9.497
9.497
9.497
9.509
9.509
9.509
9.497
9.497
9.46
9.497
9.497
9.485
9.485
9.497
9.473
9.473
9.424
9.497
9.497
9.485
9.485
9.497
9.497
9.485
9.473
9.448
9.485
9.46
9.497
9.497
9.448
9.497
9.46
9.46
9.473
9.448
9.338
9.387
9.424
9.46
9.424
9.412
9.399
9.436
9.497
9.46
9.485
9.473
9.399
9.448
9.387
9.46
9.497
9.509
9.497
9.387
9.399
9.338
9.436
9.412
9.436
9.338
9.326
9.436
9.436
9.448
9.485
9.497
9.485
9.485
9.399
9.338
9.399
9.424
9.387
9.473
9.375
9.412
9.326
9.351
9.338
9.351
9.412
9.448
9.387
9.338
9.314
9.326
9.338
9.314
9.387
9.363
9.326
9.314
9.314
9.314
9.387
9.375
9.375
9.436
9.436
9.375
9.412
9.399
9.326
9.387
