4.303
4.303
4.303
4.303
4.303
4.303
4.303
4.303
4.303
4.303
4.303
4.303
4.303
4.303
4.309
4.303
4.303
4.303
4.303
4.291
4.108
4.132
4.297
4.108
4.108
4.187
4.108
4.114
4.248
4.205
4.108
4.108
4.108
4.114
4.108
4.114
4.108
4.108
4.108
4.108
4.108
4.108
4.108
4.108
4.108
4.156
4.108
4.108
4.108
4.114
4.114
4.114
4.199
4.309
4.309
4.309
4.309
4.309
4.309
4.309
4.303
4.309
4.175
4.309
4.309
4.309
4.309
4.309
4.309
4.218
4.114
4.309
4.309
4.309
4.309
4.309
4.309
4.309
4.309
4.309
4.303
4.303
4.303
4.303
4.309
4.303
4.309
4.309
4.309
4.309
4.303
4.303
4.303
4.309
4.309
4.309
4.309
4.309
4.309
4.309
4.309
4.309
4.309
4.309
4.309
4.309
4.309
4.309
4.309
4.309
4.309
4.309
4.309
4.309
4.309
4.309
4.309
4.309
4.309
4.309
4.309
4.309
4.309
4.321
4.309
4.309
4.309
4.309
4.309
4.309
4.309
4.309
4.309
4.309
4.309
4.309
4.309
4.309
4.309
4.309
4.309
4.309
4.309
4.309
4.309
4.309
4.309
4.309
4.309
4.309
4.309
4.309
4.309
4.309
4.309
4.309
4.309
4.309
4.309
4.309
4.309
4.309
4.309
4.303
4.303
4.303
4.303
4.303
4.303
4.266
4.175
4.309
4.303
4.303
4.303
4.303
4.303
4.309
4.309
4.303
4.303
4.199
4.114
4.114
4.114
4.114
4.114
4.248
4.175
4.279
4.199
4.303
4.303
4.303
4.303
4.303
4.303
4.248
4.138
4.108
4.108
4.108
4.114
4.095
4.108
4.083
4.083
4.108
4.108
4.114
4.266
4.309
4.303
4.272
4.303
4.248
4.108
4.108
4.108
4.108
4.108
4.108
4.211
4.303
4.303
4.303
4.303
4.303
4.303
4.303
4.303
4.303
4.12
4.108
4.108
4.108
4.108
4.205
4.26
4.108
4.108
4.108
4.15
4.114
4.279
4.303
4.303
4.303
4.303
4.303
4.303
4.169
4.236
4.108
4.108
4.108
4.108
4.108
4.108
4.108
4.108
4.108
4.114
4.108
4.114
4.102
3.918
3.955
4.108
4.108
3.931
3.912
3.912
3.918
3.918
4.028
4.108
4.108
4.108
4.114
4.114
4.108
4.108
4.114
4.108
4.108
4.108
4.108
4.108
4.108
4.108
4.108
4.108
4.108
4.108
4.108
4.108
4.108
4.108
4.108
4.108
4.108
4.108
4.108
4.108
4.108
4.108
4.108
4.108
4.108
4.108
4.108
4.108
4.108
4.108
4.108
4.108
4.108
4.108
4.193
4.309
4.309
4.309
4.309
4.309
4.309
4.303
4.303
4.303
4.303
4.303
4.303
4.303
4.303
4.309
4.303
4.303
4.303
4.303
4.303
4.303
4.303
4.303
4.303
4.303
4.303
4.303
4.303
4.303
4.303
4.303
4.303
4.303
4.303
4.303
4.303
4.303
4.303
4.303
4.303
4.303
4.303
4.303
4.303
4.309
4.309
4.309
4.309
4.309
4.309
4.309
4.309
4.309
4.309
4.309
4.309
4.309
4.309
4.309
4.309
4.309
4.309
4.309
4.309
4.309
4.309
4.309
4.309
4.309
4.309
4.309
4.309
4.309
4.309
4.309
4.309
4.309
4.309
4.309
4.309
4.309
4.309
4.309
4.309
4.309
4.309
4.309
4.309
4.309
4.309
4.309
4.309
4.309
4.309
4.303
4.309
4.309
4.309
4.309
4.309
4.309
4.309
4.309
4.309
4.309
4.309
4.309
4.303
4.303
4.309
4.309
4.303
4.309
4.309
4.303
4.303
4.303
4.309
4.309
4.114
4.108
4.114
4.114
4.114
4.108
4.108
4.108
4.12
4.199
4.108
4.108
4.108
4.108
4.108
4.108
4.114
4.108
4.108
4.108
4.108
4.108
4.114
4.108
4.205
4.199
4.211
4.266
4.266
4.303
4.144
4.108
4.108
4.108
4.108
4.108
4.211
4.303
4.303
4.303
4.303
4.303
4.303
4.303
4.303
4.303
4.303
4.169
4.108
4.138
4.108
4.114
4.193
4.266
4.303
4.303
4.303
4.303
4.303
4.248
4.242
4.108
4.065
4.108
4.108
4.108
4.108
4.12
4.114
4.187
4.205
4.132
4.266
4.303
4.303
4.303
4.266
4.163
4.108
4.108
4.108
4.108
4.108
4.108
4.108
4.108
4.108
4.108
4.108
4.108
4.108
4.108
4.114
4.114
4.108
4.108
4.108
4.102
4.108
4.108
4.108
4.108
4.108
4.108
4.108
4.102
4.108
4.108
4.108
4.108
4.108
4.108
4.108
4.108
4.108
4.102
4.102
4.102
4.102
4.102
4.102
4.102
4.108
4.108
4.108
4.108
4.108
4.163
4.108
4.108
4.108
4.108
4.108
4.218
4.132
4.108
4.108
4.108
4.108
4.108
4.114
4.108
4.108
4.108
4.163
4.303
4.303
4.303
4.303
4.303
4.303
4.303
4.303
4.303
4.303
4.303
4.303
4.303
4.303
4.303
4.303
4.303
4.303
4.297
4.297
4.303
4.303
4.303
4.303
4.303
4.303
4.303
4.303
4.303
4.303
4.303
4.303
4.303
4.303
4.303
4.303
4.303
4.303
4.303
4.303
4.303
4.303
4.413
4.504
4.504
4.504
4.504
4.504
4.498
4.309
4.309
4.309
4.309
4.309
4.309
4.309
4.309
4.48
4.504
4.504
4.504
4.419
4.309
4.309
4.309
4.309
4.309
4.309
4.309
4.309
4.309
4.309
4.309
4.309
4.309
4.309
4.309
4.309
4.309
4.309
4.309
4.309
4.309
4.309
4.309
4.309
4.309
4.309
4.309
4.309
4.309
4.309
4.309
4.309
4.309
4.309
4.309
4.309
4.309
4.309
4.309
4.309
4.309
4.309
4.309
4.309
4.132
4.114
4.114
4.187
4.309
4.309
4.309
4.309
4.309
4.23
4.114
4.114
4.114
4.199
4.291
4.291
4.254
4.114
4.236
4.309
4.309
4.309
4.187
4.114
4.114
4.114
4.114
4.114
4.108
4.114
4.108
4.108
4.114
4.169
4.303
4.303
4.303
4.303
4.285
4.108
4.108
4.114
4.114
4.108
4.114
4.108
4.108
4.108
4.242
4.181
4.303
4.144
4.114
4.108
4.114
4.114
4.108
4.108
4.114
4.114
4.126
4.156
4.23
4.279
4.126
4.114
4.108
4.114
4.108
4.23
4.26
4.309
4.169
4.224
4.309
4.303
4.266
4.303
4.303
4.303
4.254
4.272
4.303
4.297
4.23
4.211
4.108
4.132
4.108
4.108
4.108
4.114
4.297
4.205
4.114
4.108
4.248
4.303
4.303
4.303
4.309
4.236
4.108
4.108
4.108
4.108
4.108
4.108
