20.14
18.92
22.49
15.6
18.41
15.5
18.68
16.19
20.56
16.36
19.85
17.8
18.87
14.21
19.48
15.65
18.53
16.87
14.01
14.92
16.97
14.87
18.75
14.18
12.46
18.09
14.31
24.51
15.99
14.89
20.46
17.14
16.04
18.43
18.9
17.38
19.34
18.53
19.73
20.65
17.07
19.9
17.8
19.9
15.99
20.31
16.63
22.0
18.75
19.92
17.65
19.63
18.41
18.65
16.38
19.43
15.92
20.21
16.87
19.21
18.58
22.02
18.55
22.61
20.17
22.07
17.87
22.63
18.65
24.54
13.26
16.36
12.7
14.16
15.41
15.21
14.04
16.55
12.33
16.7
16.58
12.94
15.82
12.82
18.24
14.18
17.63
12.46
16.16
13.04
16.33
15.65
12.5
12.16
17.97
14.53
21.24
21.56
15.19
19.09
15.58
19.41
16.67
18.51
16.67
19.53
15.92
19.02
15.87
19.63
17.41
20.63
16.02
17.99
14.48
17.29
14.45
13.28
22.22
17.16
13.72
17.46
14.5
17.77
14.43
19.78
18.7
18.65
17.68
19.04
13.6
17.19
13.84
18.73
19.75
18.68
20.73
17.16
19.38
12.87
16.7
18.92
19.97
15.09
14.06
13.23
18.48
16.09
26.56
14.16
17.21
14.11
12.96
18.41
16.28
17.46
13.94
20.19
18.85
17.11
17.04
19.46
12.48
15.82
12.57
12.79
16.04
13.89
16.65
14.55
12.65
24.85
18.09
14.7
26.22
16.92
13.26
16.94
14.7
18.58
14.67
18.36
14.84
18.14
15.36
20.02
16.72
18.63
15.14
21.31
17.85
21.26
13.77
18.6
13.53
13.31
16.11
13.48
18.36
22.39
16.28
11.87
19.19
14.65
12.49
18.46
14.26
16.89
14.33
12.82
16.46
16.11
17.68
14.16
16.92
23.68
19.19
15.28
17.94
15.53
16.46
16.41
15.31
11.52
17.94
15.11
18.43
14.87
18.65
21.0
15.28
20.73
19.38
18.85
16.5
20.61
15.84
20.58
18.63
24.63
21.63
21.73
17.99
22.92
20.09
27.54
24.85
22.17
16.11
22.31
17.43
21.04
18.82
22.68
21.9
25.05
18.55
23.88
19.43
23.58
19.34
25.93
22.19
18.82
16.11
18.65
16.16
19.29
16.89
20.46
16.8
19.58
15.67
19.19
17.31
20.92
17.07
20.46
17.77
21.92
18.29
20.26
19.36
21.34
18.6
23.27
20.29
21.0
18.8
21.17
16.82
21.17
17.92
21.92
18.58
22.61
18.38
22.56
19.17
24.12
22.09
22.31
19.48
22.29
18.21
21.75
18.26
21.83
18.99
23.32
19.65
25.68
21.41
28.17
24.0
24.78
20.0
23.66
22.78
27.15
25.54
27.69
23.12
26.37
21.61
25.24
22.51
25.93
22.29
26.17
21.53
25.59
22.63
26.86
21.07
24.07
22.34
24.51
22.14
25.34
23.29
27.54
23.22
27.69
23.27
26.71
22.83
26.27
24.73
27.93
25.44
27.49
23.85
27.2
24.29
27.59
24.17
27.1
24.1
26.81
26.61
29.1
25.88
27.93
24.17
26.9
24.22
28.66
23.51
28.96
25.88
27.29
25.34
28.12
23.66
26.27
24.24
27.49
22.51
25.49
23.88
27.44
22.85
26.42
24.46
25.88
23.12
25.78
22.44
23.54
22.22
25.0
22.68
23.12
22.78
25.39
21.8
23.17
20.46
23.1
18.48
19.41
17.26
16.72
19.26
19.65
18.09
19.65
17.92
20.61
18.7
19.87
17.46
20.65
17.92
18.7
17.33
20.07
18.21
18.87
18.6
19.17
17.72
20.48
18.09
18.53
17.53
20.04
18.43
18.58
17.5
19.17
19.65
19.26
16.7
25.0
17.75
15.48
17.68
17.19
19.04
16.43
16.97
24.76
25.73
20.09
20.17
17.33
19.75
17.68
19.36
17.48
19.73
17.26
17.8
18.75
17.99
19.56
16.89
20.78
17.33
16.26
18.8
17.41
20.65
20.75
18.14
16.53
18.24
17.04
16.63
20.19
22.22
26.07
18.97
16.72
18.82
17.26
18.24
16.72
18.9
16.85
17.87
16.7
26.37
16.6
18.41
16.28
17.97
18.14
15.92
18.04
17.68
16.63
19.92
16.75
18.07
17.07
26.42
17.99
17.7
20.14
17.36
18.7
21.14
18.48
19.56
17.82
20.02
18.51
19.36
17.46
19.46
18.36
20.56
18.53
20.7
18.51
20.73
20.21
21.12
20.02
21.66
20.46
22.22
21.48
22.66
20.7
23.66
25.29
22.56
20.95
22.49
21.36
24.15
26.27
27.49
25.54
28.86
25.83
29.98
25.49
27.1
24.98
24.83
20.68
23.51
20.65
22.49
20.63
23.02
23.34
26.03
26.37
21.63
18.26
21.53
18.31
21.39
18.19
21.19
18.38
21.12
20.19
21.85
15.28
17.33
12.12
16.26
17.09
14.18
17.63
14.36
21.19
17.36
17.43
19.26
17.38
20.63
17.6
20.19
15.41
18.19
17.09
28.56
21.34
21.66
21.97
23.78
18.19
19.78
20.36
22.88
19.56
21.51
20.39
25.54
18.92
21.19
17.55
21.63
18.26
21.39
18.12
20.73
17.19
20.83
18.21
24.02
17.55
18.99
19.92
25.39
21.66
21.9
19.87
25.63
22.31
29.59
25.93
26.56
24.15
27.15
24.39
27.29
25.49
27.05
21.14
24.41
25.24
26.46
18.55
21.04
17.53
20.46
18.09
20.29
17.41
21.07
17.6
21.02
19.58
21.19
20.09
21.31
18.02
19.97
17.02
23.83
19.09
20.92
18.43
20.24
19.24
22.88
19.85
22.39
19.58
23.49
22.51
23.24
20.07
22.34
19.21
22.71
19.43
23.34
20.34
23.02
21.53
23.27
19.17
22.49
19.73
23.54
20.61
23.19
20.12
22.46
20.43
23.12
22.29
25.59
19.17
22.56
19.46
20.29
17.8
22.07
18.26
20.87
20.14
23.14
15.48
19.78
15.21
19.21
18.36
27.64
22.07
25.15
21.68
22.83
19.14
19.12
18.75
19.56
15.82
18.16
16.99
23.49
14.84
16.46
19.34
16.06
20.97
16.87
23.27
17.07
19.48
17.04
20.46
22.02
22.17
18.95
20.83
16.28
21.8
17.46
19.75
17.5
20.26
17.94
21.78
21.53
21.78
17.68
20.26
18.43
21.26
19.04
22.14
18.43
24.27
19.38
21.61
17.99
21.04
18.14
20.95
17.68
21.41
18.43
28.42
17.9
18.43
21.12
17.97
21.95
19.6
25.73
16.19
20.61
18.36
21.41
19.48
24.63
20.46
23.93
20.75
23.41
21.41
24.15
23.39
24.32
19.07
23.44
19.19
23.36
22.39
22.41
21.56
22.36
14.55
18.65
18.7
21.34
17.87
23.41
18.9
21.88
18.48
22.07
19.34
22.63
19.87
24.07
19.48
22.63
20.02
23.27
19.75
23.24
20.51
25.93
23.07
23.54
19.51
22.53
18.19
20.9
19.21
24.85
23.63
26.17
24.0
26.03
21.07
24.83
25.05
24.83
18.48
20.43
17.02
20.73
18.24
22.88
19.78
21.92
18.92
24.27
20.68
21.9
18.31
21.53
19.7
26.12
22.97
26.71
23.1
26.17
22.46
27.2
24.15
24.02
21.09
21.34
18.04
23.05
19.38
21.26
18.8
24.07
16.11
20.14
18.38
21.34
18.02
20.95
20.26
20.78
17.68
21.0
18.75
21.24
21.9
20.14
18.04
19.92
21.0
21.0
16.26
23.71
19.97
22.9
19.34
22.0
19.36
23.85
18.36
21.83
20.17
21.9
19.07
22.39
17.87
21.92
18.46
21.39
19.17
21.75
19.14
21.39
19.51
20.53
17.72
24.02
18.55
21.73
18.87
21.95
18.73
21.92
18.26
