0.1633
0.3036
0.259
0.296
0.2377
0.2422
0.2583
0.4997
0.293
0.1591
0.149
0.4333
0.3738
0.1925
0.0
0.0001907
0.0
0.0
0.0
0.0
0.0
0.0
0.1545
0.3277
0.2548
0.3059
0.2934
0.1877
0.1577
0.1881
0.1932
0.5081
0.2026
0.1377
1.17
1.289
1.369
1.271
1.065
1.259
1.41
1.305
1.225
4.254
1.907
1.74
2.203
1.102
0.4463
1.109
1.215
1.317
1.273
1.135
1.324
1.274
1.3
1.16
3.925
2.072
2.243
2.014
0.9949
0.1589
1.375
1.205
1.227
1.299
1.262
1.114
1.176
1.222
1.19
4.858
1.556
2.673
1.135
0.2499
1.184
1.321
1.321
1.294
1.366
1.146
1.289
1.222
4.724
1.343
1.797
1.611
0.7401
0.4921
1.007
1.146
0.9918
1.041
1.056
1.157
1.373
1.291
4.962
2.396
1.959
0.4021
0.2125
0.3613
0.4288
0.4997
0.3517
0.1276
0.1123
0.2541
0.275
0.0003815
0.0001907
1.108
1.227
1.193
1.189
1.36
1.27
1.559
2.545
4.041
2.185
1.675
0.4486
0.325
1.495
1.385
1.201
1.263
1.422
1.271
1.669
1.358
4.681
1.331
2.359
1.036
0.6226
0.2613
0.5066
0.5188
0.4776
0.5219
0.09222
0.1581
0.1516
0.3559
0.3349
0.5447
0.4356
0.1144
0.1696
0.1497
0.3899
0.1427
0.7721
1.228
1.192
1.727
1.602
1.492
1.466
1.913
3.827
1.349
2.075
0.8209
0.5554
0.1591
0.1543
0.1371
0.3376
0.1387
0.4677
0.428
0.4677
0.05665
0.1471
0.09413
0.3101
0.1223
0.0005722
0.0
0.0
0.0
0.0
0.0
0.0
0.007629
0.6157
0.01526
0.2655
0.2167
0.1513
0.139
0.296
0.4311
0.07591
0.3845
0.3311
0.1184
0.1041
0.2335
0.2396
0.01535
0.0002861
0.0
0.0
0.0
0.0
0.0
0.0
0.002956
0.3506
0.4433
0.09279
0.1444
0.1333
0.4143
0.4303
0.2632
0.2068
0.5615
0.5882
0.3174
0.1394
0.09069
0.2499
0.1865
0.0002861
0.0
0.0
0.0
0.0
0.0
0.0
9.537e-05
0.1987
0.2068
0.1793
0.5188
0.4379
0.4295
0.4219
0.2953
0.1488
0.1774
0.3857
0.4608
0.1425
0.5424
0.0
0.0004768
0.0
0.0
0.0
0.0002861
0.0
0.0
0.0
0.0
0.4089
0.1524
0.1572
0.4181
0.1003
0.06733
0.1719
0.8163
0.1513
0.08259
0.6302
0.1381
0.1677
0.4295
0.0001907
9.537e-05
0.0
0.0
0.0
0.0
0.0
0.0
0.0
0.006866
0.2914
0.5013
0.3975
0.139
0.1616
0.4311
0.05159
0.2094
0.1926
0.1598
0.4791
0.03757
0.7111
0.08888
0.1928
0.3254
0.2453
0.0001907
0.0
0.0
0.0
0.0
0.0
0.0
0.0
9.537e-05
0.0
0.008297
0.181
0.0001907
0.0
0.0
0.0
0.0
0.0
9.537e-05
0.0
0.0
0.0
0.0
0.0
0.0
0.0
0.0
0.0
0.0
0.0
0.0
0.0
0.0
0.0
0.0
0.0
9.537e-05
0.0
0.0001907
0.0
0.0
0.0
0.0
0.0
0.0
0.0
0.0
0.0
0.0
9.537e-05
0.0
0.0
0.0
0.0
0.0
0.5005
0.08984
0.0
0.08268
0.1509
1.282
1.34
1.309
1.062
1.469
1.178
1.265
1.376
1.254
1.18
1.271
1.091
1.167
1.234
1.199
1.509
1.917
1.828
1.721
2.963
3.204
3.229
3.326
3.473
3.351
9.827
8.386
8.679
9.045
6.299
4.504
2.881
0.9521
2.64
3.101
2.988
3.043
3.204
3.204
3.314
3.168
2.817
2.42
2.805
2.795
2.902
3.0
3.448
3.406
6.104
8.777
9.204
8.74
6.836
5.396
3.461
1.173
2.243
3.156
3.497
3.516
3.406
3.156
3.156
3.192
3.156
2.991
3.101
3.192
3.186
3.241
3.006
9.326
7.434
9.143
7.935
6.921
4.633
2.606
1.027
1.263
1.825
2.032
1.66
1.794
1.855
1.825
1.907
1.941
2.048
2.237
2.09
2.316
2.341
2.234
2.182
2.319
2.255
2.194
2.472
2.582
2.502
6.134
4.987
2.747
5.731
6.171
6.238
5.145
3.857
5.06
3.766
3.241
3.406
1.218
1.128
1.21
1.755
1.804
1.569
1.688
1.706
1.321
1.445
1.282
1.222
1.324
1.202
1.373
1.173
1.231
1.222
1.433
1.367
1.675
1.553
1.512
1.617
1.736
1.898
2.008
1.877
1.749
3.0
7.361
3.217
5.896
4.724
7.129
6.958
6.555
6.219
4.468
4.907
2.185
0.6622
3.503
3.253
3.21
3.241
3.192
3.091
3.339
3.241
3.143
3.174
3.259
3.046
3.012
3.043
2.911
9.753
8.691
8.704
7.214
6.555
4.443
3.497
1.164
2.158
2.802
2.71
2.823
2.798
2.701
2.71
2.301
2.89
2.725
2.426
2.557
2.509
2.948
2.365
2.933
8.496
7.288
10.45
7.532
7.556
5.09
4.291
2.103
0.7286
2.097
4.694
1.511
0.7027
2.02
4.285
1.486
1.178
1.895
2.234
5.756
2.139
0.4395
2.014
3.528
2.74
0.4982
1.776
2.594
4.7
0.7408
0.9644
2.13
4.663
1.311
1.042
2.786
3.174
2.908
2.924
2.838
2.777
2.82
2.805
2.689
2.805
2.78
2.777
2.551
2.841
4.822
9.509
9.9
11.54
8.203
5.542
4.834
2.405
0.6073
2.679
2.774
2.417
2.258
2.271
2.161
2.127
1.926
2.017
2.209
2.078
1.797
1.901
1.901
1.791
2.753
3.265
4.883
9.277
9.399
8.887
8.752
4.626
5.127
1.852
1.256
2.942
3.091
3.247
2.899
2.988
3.131
2.902
3.125
2.93
2.853
3.259
3.241
3.156
3.308
5.225
9.973
11.34
7.947
8.032
5.798
3.888
1.59
1.1
2.783
2.808
2.667
2.454
2.56
2.213
2.06
2.075
1.91
1.971
1.843
2.475
2.838
2.802
2.798
2.661
3.107
2.832
6.616
6.702
9.18
9.546
8.74
6.787
4.523
3.51
2.139
0.2922
0.2762
0.227
0.3456
0.128
1.515
0.3632
0.8926
0.8057
1.62
0.1867
1.569
0.1806
1.5
0.8987
0.7614
1.3
0.396
1.672
0.2174
0.6287
0.8026
0.8011
0.3765
0.753
0.5035
0.9033
0.3174
0.2224
0.4433
0.396
0.2167
0.3483
0.3899
0.9918
0.4723
0.9506
0.8621
0.7362
0.4387
0.2243
0.1957
0.3643
0.473
0.8926
0.4654
0.2651
0.3502
0.2842
0.322
0.8408
0.3689
0.425
1.086
1.468
2.606
2.838
2.475
2.939
2.96
2.432
2.689
2.948
2.618
2.618
2.869
2.643
2.454
2.792
2.814
2.441
9.619
7.227
10.12
7.52
7.361
4.553
3.491
2.005
0.304
0.1272
0.3914
0.1316
0.3521
0.2892
0.6096
0.259
0.3212
0.1419
0.2754
0.0
0.0
0.0
0.02184
0.3853
0.3639
0.3483
0.4929
0.4791
0.2193
0.2621
0.4028
0.3494
0.3803
0.4158
0.3475
0.7385
0.2384
0.4684
0.5394
0.3448
0.3662
0.0001907
0.0001907
0.0
0.0
9.537e-05
0.0
0.0
0.0
0.0
0.0
0.0
0.0
0.0
0.0
0.0
0.0
0.0
0.0
0.0
0.0
0.0
9.537e-05
0.01049
1.192
0.8377
0.5096
1.038
0.2632
0.3048
0.9567
