19.07
19.51
24.93
25.29
27.15
17.11
16.11
15.97
19.58
23.78
25.1
26.46
14.89
13.82
26.27
25.0
18.12
0.8362
0.3929
10.55
13.99
17.21
19.78
27.1
28.42
16.14
14.31
11.08
13.62
14.65
17.19
23.51
27.83
24.66
10.71
3.32
14.79
25.78
26.95
24.27
10.82
30.66
32.18
32.71
34.81
33.79
26.51
33.69
23.44
8.765
34.57
34.03
34.52
32.32
31.3
27.44
31.84
16.43
13.96
17.09
14.45
13.04
18.58
34.77
35.5
34.77
34.57
21.53
32.18
27.88
15.41
11.96
19.29
11.56
24.8
32.42
20.0
17.41
14.14
18.07
14.99
19.17
13.57
14.75
9.998
29.3
29.69
30.32
33.98
32.76
21.34
33.01
26.22
14.62
27.34
28.56
20.92
19.9
25.05
30.76
19.56
21.53
27.93
31.01
14.58
23.49
32.81
32.13
33.06
31.2
20.29
35.4
21.26
17.87
30.96
33.64
36.33
35.74
28.91
31.1
18.19
19.78
18.75
17.8
13.01
13.31
17.02
15.36
19.68
14.23
14.43
17.11
28.81
30.32
29.69
29.93
32.23
18.38
28.56
23.17
13.4
16.82
15.33
25.44
27.93
21.17
13.13
30.76
32.52
33.11
31.1
27.25
25.88
27.49
19.07
17.68
20.26
26.56
24.0
23.41
6.689
29.2
28.52
28.12
26.71
28.32
24.95
12.04
27.64
22.51
10.79
12.44
17.24
23.51
25.24
22.22
17.65
14.65
15.7
16.8
19.17
17.97
0.6302
0.1484
0.03386
0.02346
0.02861
4.279
17.94
16.24
14.82
14.99
16.02
17.16
5.627
10.27
25.44
25.44
18.85
16.38
16.04
17.82
16.14
17.9
16.67
15.45
0.544
0.1406
0.03386
0.02604
0.03128
3.577
15.72
16.97
17.21
16.53
17.63
19.12
23.88
19.36
17.94
14.21
14.67
13.65
16.92
15.97
15.84
10.58
16.11
3.607
0.198
0.04692
0.02861
0.02604
0.03128
3.333
12.38
15.58
22.85
24.02
25.59
12.77
9.985
15.6
18.58
21.53
18.16
15.58
11.58
14.97
15.43
13.92
17.68
21.09
13.21
0.7759
0.3567
0.02604
0.02861
3.674
16.65
12.82
15.14
15.72
14.6
22.73
23.1
25.24
13.87
15.38
13.7
11.61
14.06
24.0
23.61
25.83
15.33
24.9
25.1
22.83
1.219
0.5707
0.05207
2.548
14.84
13.4
15.58
14.09
16.33
15.06
15.89
8.215
11.38
20.04
22.97
21.9
16.5
15.11
16.67
20.17
23.88
23.49
22.12
2.2
0.6615
0.09899
0.02861
3.027
14.89
13.62
15.36
13.75
16.02
15.99
13.67
13.26
11.36
16.06
14.67
13.75
15.87
25.29
24.73
25.05
13.77
11.93
0.2762
0.1041
0.02604
0.02604
0.02861
0.9323
15.36
14.5
15.87
14.21
15.94
13.89
12.6
17.41
13.94
16.21
28.56
30.52
21.51
28.56
31.84
14.7
17.33
9.912
0.2449
0.09632
0.02861
0.02346
0.02861
3.516
19.68
21.34
26.22
30.66
25.39
14.33
6.86
15.65
13.11
15.72
15.84
13.11
28.37
29.0
18.46
20.63
23.24
26.95
29.83
23.95
28.12
25.2
7.666
33.79
30.22
31.15
33.84
33.64
34.42
34.67
32.57
33.11
33.54
34.08
31.05
32.76
33.4
34.08
33.2
36.33
34.86
30.52
10.36
17.11
34.28
34.77
29.69
26.07
25.49
24.0
22.66
20.07
20.14
3.067
28.52
28.71
24.24
31.2
33.94
33.35
32.37
34.62
31.93
31.64
30.18
29.83
30.66
33.06
31.98
31.01
29.64
29.59
26.51
29.0
29.54
14.26
23.34
26.03
25.98
30.42
34.08
28.08
27.59
27.49
21.36
2.942
18.73
31.01
29.35
29.35
28.86
33.15
33.25
32.76
30.66
25.68
28.22
30.52
31.93
32.57
30.08
26.37
26.81
28.52
29.49
29.64
29.44
26.27
10.96
20.83
29.83
29.05
29.79
32.47
24.63
23.85
23.34
21.56
10.36
9.045
31.25
32.13
30.03
29.15
31.1
30.22
30.47
31.59
30.86
26.42
24.17
26.95
27.25
27.78
28.61
32.18
31.79
30.96
29.35
32.81
32.71
11.95
8.594
16.36
28.76
29.49
29.44
29.83
30.13
24.24
24.71
21.29
9.302
3.143
9.558
31.74
31.05
31.15
30.03
27.88
30.96
30.47
29.25
27.88
29.54
28.91
29.49
29.88
29.49
28.03
29.1
29.0
30.18
29.3
29.0
25.98
23.22
5.127
12.22
25.34
27.25
29.35
27.64
30.76
22.58
16.11
18.19
9.961
5.902
16.6
11.12
3.253
27.73
29.25
27.05
27.88
28.96
28.32
27.49
28.76
29.98
29.39
29.05
28.96
28.81
30.03
29.25
23.78
30.18
26.81
29.25
27.2
23.88
29.88
20.09
12.01
26.32
32.08
29.54
27.0
26.27
24.63
23.75
23.85
19.63
9.668
13.21
24.34
22.53
21.58
11.8
28.17
29.54
22.49
22.34
27.0
11.47
25.98
27.98
19.95
20.58
25.15
10.82
26.12
28.32
22.44
13.53
24.24
14.55
17.31
26.46
29.39
30.71
32.42
30.91
33.06
32.76
29.2
27.54
29.25
29.83
32.42
30.57
29.64
28.71
26.76
24.58
21.78
20.73
19.19
19.6
18.63
16.58
11.25
18.14
18.9
20.07
20.19
18.31
15.8
15.87
15.45
14.84
15.65
15.06
15.62
15.67
16.53
8.728
5.798
20.39
16.85
15.87
15.38
15.28
15.92
15.5
15.7
15.65
17.36
17.63
16.09
16.63
21.68
23.88
24.49
24.66
23.36
24.8
37.74
35.64
33.89
33.25
36.23
37.16
38.67
17.53
11.93
15.19
30.57
26.95
33.59
36.18
33.25
27.2
26.81
15.58
18.53
33.25
23.39
25.63
20.43
33.01
22.73
27.29
22.83
23.71
16.06
21.02
25.49
23.49
19.09
15.36
14.99
14.4
22.51
14.94
16.31
15.31
17.16
25.0
24.44
21.24
16.31
19.24
20.39
15.01
18.92
15.84
16.02
14.31
14.14
16.48
16.63
16.72
15.38
18.41
17.46
19.41
27.0
20.0
17.07
20.34
20.87
19.95
20.46
27.73
29.1
14.01
16.36
34.62
31.01
28.61
35.16
35.69
36.82
35.94
32.81
32.52
34.23
35.94
35.94
36.13
33.5
32.37
34.81
35.55
34.08
17.41
16.41
25.78
25.54
24.85
26.27
26.07
21.29
18.53
24.15
24.66
14.77
6.11
12.6
16.26
14.75
15.04
16.36
18.9
18.73
16.33
19.46
21.26
20.61
18.7
13.87
16.09
18.55
19.17
19.26
8.789
0.6798
0.2319
13.18
14.62
18.99
21.09
23.58
13.48
24.98
23.44
22.53
13.16
16.21
13.57
14.92
16.46
16.46
19.36
18.95
12.6
11.84
0.3437
0.1068
0.02861
0.02346
0.02604
0.02604
0.02861
0.02604
0.02861
0.02346
0.02861
0.02604
0.02604
0.02604
0.02604
0.02604
0.02604
0.02604
0.02604
13.01
13.77
14.06
16.55
13.99
15.19
15.62
19.87
19.29
19.87
13.45
