0.2064
0.1316
0.1694
0.396
0.2251
0.9079
0.1839
0.3613
0.4654
0.2304
0.3586
0.1141
0.3059
0.1278
0.0
0.0
0.0
0.0
0.0
0.0
0.004673
0.002861
0.4616
0.2003
0.5722
0.2769
0.4189
0.4036
0.3242
0.4272
0.1255
0.1808
0.2533
0.3162
0.2083
0.3746
0.1587
0.1886
0.0
9.537e-05
9.537e-05
9.537e-05
0.0
0.04168
0.206
0.145
0.1591
0.2117
0.1162
0.1879
0.08888
1.045
0.02747
0.07458
0.03681
0.06142
0.02489
0.4478
0.2888
0.008678
0.01078
0.5066
0.6958
0.5554
0.4776
0.2903
0.2968
0.3094
0.2537
0.2575
0.3342
0.2533
0.3338
0.2819
0.2766
0.3162
0.3254
0.2533
0.2949
0.779
0.9583
1.489
0.8179
0.3857
0.7339
1.404
1.66
0.4326
0.5112
0.5104
0.4852
0.4982
0.6432
2.097
0.7561
0.8682
0.4135
0.1419
0.0102
4.535
8.496
6.073
5.133
5.206
5.92
0.1923
0.1329
0.4166
0.2556
0.9399
0.1089
0.07668
0.0515
0.04921
0.3239
0.3632
0.01545
0.01163
0.1711
1.089
0.6516
0.4372
0.2518
0.2884
0.3616
0.3277
0.2796
0.2762
0.2327
0.267
0.2708
0.267
0.2583
0.272
0.2861
0.2625
0.2983
0.4601
1.1
1.439
1.071
0.6416
1.143
1.36
1.132
0.5089
0.5127
0.6027
0.6012
0.7889
0.9171
1.03
0.4616
0.2525
0.01125
2.814
7.153
6.372
4.614
3.906
5.988
3.961
0.1123
0.08926
0.9796
0.03262
0.06266
0.03185
0.05684
0.09403
0.5333
0.05302
0.01144
0.01583
0.4753
0.9735
0.5478
0.2262
0.2693
0.3193
0.3021
0.2907
0.2827
0.2808
0.3189
0.3006
0.312
0.3033
0.3117
0.4349
0.4524
0.8026
1.212
1.599
0.6996
0.444
0.8194
1.566
1.03
0.4997
0.4784
0.5486
0.4753
0.6302
0.8682
0.9033
0.9201
0.4372
0.7996
0.01097
0.5249
4.59
5.853
4.98
3.723
5.438
5.841
3.265
0.1135
0.4143
0.6119
0.01373
0.05589
0.0267
0.04311
0.02337
0.4303
0.2663
0.01297
0.01678
0.09785
0.9933
0.5142
0.4059
0.1961
0.2289
0.2262
0.251
0.2201
0.2323
0.2308
0.2254
0.2266
0.2464
0.2201
0.2216
0.3368
0.2323
0.222
0.3147
0.6279
1.208
1.057
0.5966
0.9445
0.9323
0.8286
1.962
0.7698
1.134
1.234
1.143
1.416
0.6729
0.1844
1.057
7.129
8.105
5.933
5.103
5.969
0.003433
0.06008
1.164
0.03223
0.07458
0.0823
0.06037
0.6149
0.02203
0.006866
0.3937
1.076
0.8545
0.3391
0.3422
0.103
0.0
0.0001907
0.0
0.0
0.0
0.0
0.0
0.0
0.0
0.0
0.0
0.0
0.0
0.0
0.0
0.0
0.0
0.0
0.0
0.0
0.0
0.0
0.0
9.537e-05
0.0
0.0
0.0
9.537e-05
0.0
0.0
0.0
0.0
0.0
0.0
0.0
0.0
0.0
0.0
0.0
0.0
0.0
0.0
0.0
0.0
0.0
0.0003815
0.0
0.0
0.0
0.0
0.0
0.0
0.0
0.0
0.0
0.0
0.0
0.0
0.0
0.0
0.0
0.0
0.0
0.0
0.0
0.0
0.0
0.0
0.0
0.0
0.0
0.0
0.0
0.0
0.0
0.0
0.0
0.0
0.0
0.0
0.0
0.0
0.0
0.0
0.0
0.0002861
0.0
0.0
0.0
0.0
0.0
0.0
0.0
0.0
0.0
0.0
0.0
0.0002861
0.0
0.0
0.0
0.0
0.0
0.0
0.0
0.0
0.0
0.0
0.0
0.0
0.0
0.0
0.0001907
0.0
0.0
0.0
0.0
0.0003815
0.0
0.0
0.0
0.0
0.0
0.0
0.0
0.0
0.0
0.0
0.0
0.0
0.0
0.006294
0.1444
0.695
0.136
0.2716
0.2728
0.3922
0.2708
0.2602
0.3922
0.3929
0.4906
0.4555
0.2041
0.1883
0.2453
0.2323
0.2903
0.2857
0.2911
0.2945
0.2247
0.2026
0.2361
0.2609
1.079
0.5028
1.514
2.066
0.9186
0.4494
0.4189
0.4128
0.3975
0.5737
0.6866
0.5585
0.3006
0.1902
0.009823
0.1041
7.275
6.921
8.228
3.448
0.1749
0.005722
0.0
0.01373
0.7919
0.2819
0.4433
0.3738
0.2605
0.2815
0.4097
0.3906
0.3899
0.322
0.2106
0.227
0.2163
0.2182
0.2453
0.23
0.2262
0.1972
0.1728
0.2102
1.407
0.8835
1.877
1.451
0.6363
0.3281
0.3082
0.4005
0.3975
0.4921
0.5295
0.5386
0.6058
0.6523
0.1774
0.01059
0.01431
0.01087
6.543
7.166
6.836
4.266
1.938
0.005913
0.0164
0.7996
0.267
0.3944
0.457
0.2705
0.2205
0.3578
0.399
0.4089
0.2964
0.2731
0.222
0.2052
0.1911
0.2342
0.248
0.2296
0.2495
0.1987
0.2041
0.2216
0.7774
1.3
1.871
1.147
1.085
0.3635
0.3914
0.4135
0.3651
0.5142
0.6271
0.6691
0.7423
0.4181
0.03414
0.009918
0.01307
2.71
7.422
6.519
6.287
4.382
0.02022
0.0206
0.06542
0.8102
0.2972
0.3723
0.4318
0.296
0.3075
0.3525
0.3746
0.4341
0.3452
0.2743
0.2655
0.238
0.2533
0.2563
0.2529
0.2277
0.2182
0.2224
0.2655
1.349
1.52
2.399
0.9705
0.8255
0.3582
0.3277
0.3639
0.3716
0.5875
0.6454
0.5951
0.7217
0.3571
0.102
0.01183
0.02337
1.437
6.311
6.75
6.494
4.98
0.8682
0.00515
9.537e-05
0.01497
0.6592
0.3368
0.3643
0.3651
0.4097
0.3036
0.4204
0.4837
0.4036
0.2979
0.2972
0.251
0.2613
0.2743
0.2785
0.2518
0.2777
0.2705
0.2495
0.4066
1.552
1.566
1.366
1.482
0.428
0.4402
0.4349
0.4547
0.5753
0.6447
0.7195
0.6935
0.5669
0.03099
0.01259
0.009441
4.23
9.546
7.788
5.603
0.9399
0.005245
0.0391
0.7141
0.3765
0.4097
0.4814
0.2693
0.412
0.4051
0.4349
0.3563
0.2697
0.272
0.2644
0.2518
0.2445
0.256
0.2636
0.28
1.041
1.308
1.712
1.138
0.9552
0.3983
0.4646
0.4761
0.5028
0.6256
0.5882
0.7042
0.7202
0.3792
0.008869
0.008202
0.008392
7.849
8.521
7.336
4.529
0.005054
0.0
0.0144
0.8362
0.3227
0.4486
0.486
0.3117
0.4402
0.4951
0.4539
0.3696
0.3044
0.2899
0.2575
0.2766
0.2522
0.235
0.2274
0.251
0.2666
0.7553
1.581
2.066
1.675
0.6599
0.4341
0.4875
0.5119
0.7263
0.8133
0.8484
0.679
0.1534
0.01135
0.0102
3.748
9.888
3.0
5.859
1.555
0.005531
0.0164
0.8804
0.2663
0.4341
0.5119
0.3204
0.4509
0.4951
0.5188
0.3147
0.2357
0.2678
0.285
0.2934
0.2953
0.2552
0.2495
0.256
0.3902
1.682
1.312
1.682
1.375
0.7904
0.3887
0.4234
0.4395
0.4463
0.4227
0.6081
0.5661
0.6935
0.7294
0.515
0.01163
0.01421
0.01402
0.01602
1.801
8.264
7.202
4.187
4.303
1.373
0.02136
0.06094
0.7812
0.2815
0.3723
0.3078
0.4395
0.2293
0.3494
0.412
0.4173
0.351
0.2777
0.2281
0.2243
0.2079
0.238
0.222
0.2659
0.2514
0.2491
0.2075
0.2117
0.2377
1.288
0.9735
1.691
1.299
0.795
0.3281
0.2983
0.3944
0.4677
0.3334
0.3201
0.4845
0.5783
0.6577
0.1867
0.2029
0.01116
0.01154
0.01411
3.223
5.969
8.081
6.061
3.156
0.02985
0.0165
0.3513
0.5356
0.3231
0.3929
0.4578
0.2541
0.3124
0.3937
0.3807
0.3258
0.2785
0.2144
0.2041
0.1917
