20.8
17.19
9.424
9.143
8.875
8.813
8.752
8.972
17.14
20.83
19.87
17.68
9.448
11.82
20.58
19.87
9.912
7.019
6.482
6.409
6.409
6.421
8.643
9.033
15.28
20.8
16.97
8.899
14.62
20.8
19.9
9.558
9.155
8.655
14.31
16.58
17.38
17.92
18.29
18.65
18.6
15.6
15.06
13.35
10.07
10.66
20.36
19.87
14.58
9.265
11.58
15.94
16.99
17.72
18.21
18.7
17.55
15.31
13.65
10.79
13.4
16.85
17.82
18.26
18.68
16.7
14.99
14.09
12.55
9.094
8.765
8.557
9.253
8.508
9.094
9.485
18.31
20.8
19.78
14.04
8.765
17.07
20.8
20.0
18.46
12.17
19.7
20.73
17.29
12.67
16.48
17.33
17.99
18.48
18.24
16.02
15.41
15.16
9.045
9.473
15.43
16.97
17.72
18.21
18.6
17.04
15.43
14.84
9.729
15.38
16.87
17.72
18.33
17.68
15.43
14.6
10.03
9.9
19.09
20.68
13.48
9.717
8.96
14.75
17.02
17.97
18.51
17.58
15.38
14.43
12.57
9.387
15.19
16.77
17.7
18.24
18.65
15.94
14.87
13.7
10.39
9.058
9.412
11.06
9.583
9.351
15.82
20.75
19.53
9.412
9.338
9.961
11.12
18.85
20.8
18.53
11.39
9.644
10.78
19.46
20.83
14.4
12.84
16.21
17.09
17.72
18.09
18.46
18.19
15.43
14.79
13.62
12.62
8.826
8.997
9.436
9.058
9.387
9.497
8.826
9.216
8.569
6.543
6.409
6.409
6.409
6.409
6.409
6.409
6.409
6.409
9.009
18.53
20.73
16.94
8.96
17.82
20.78
14.04
18.31
20.65
14.23
9.326
8.801
9.094
8.252
6.567
6.409
6.409
6.409
6.409
6.409
6.409
6.409
6.409
8.13
8.655
9.033
9.021
9.802
17.16
20.83
20.85
19.95
18.51
12.18
8.691
8.813
9.375
7.251
6.604
6.421
6.409
6.409
6.409
6.409
6.409
6.409
6.409
7.373
9.167
8.96
9.082
8.96
8.96
9.106
9.192
9.094
9.119
9.277
9.009
9.973
9.265
9.705
7.471
6.604
6.421
6.409
6.409
6.409
6.409
6.409
6.409
6.433
12.13
20.29
20.85
17.68
8.923
11.0
20.14
20.75
18.87
11.41
13.09
20.26
20.83
19.68
10.86
6.641
6.458
6.409
6.409
6.409
6.409
6.409
6.555
8.85
9.509
11.3
20.63
18.99
9.277
8.655
9.326
18.87
20.53
12.62
9.473
18.95
20.53
11.4
6.75
6.494
6.409
6.409
6.409
6.409
6.409
6.409
6.409
6.409
7.263
8.02
8.521
8.63
8.838
8.093
7.715
8.972
6.86
6.506
6.409
6.409
8.484
8.484
6.604
6.555
6.409
6.409
6.409
6.409
6.409
6.409
6.409
6.409
6.531
12.82
20.29
20.85
20.83
17.8
6.909
6.58
6.409
6.409
6.409
6.409
6.409
6.409
6.409
6.409
6.409
6.409
6.409
6.409
6.409
6.409
6.409
8.813
8.801
9.68
8.118
8.691
12.77
16.41
17.24
17.65
18.09
18.36
18.55
18.8
19.07
19.17
19.17
19.36
19.36
19.48
19.56
19.56
19.75
19.87
19.95
19.95
19.95
20.14
20.14
20.26
20.34
20.46
20.51
20.61
20.53
20.7
20.7
19.56
17.14
18.82
20.07
20.8
20.85
20.87
20.7
20.48
20.48
20.36
19.6
16.67
16.11
16.09
16.02
15.38
8.362
12.72
16.63
17.48
18.07
18.33
18.63
18.92
19.14
19.34
19.53
19.53
19.58
19.73
19.73
19.82
19.92
20.0
20.12
20.12
20.26
20.31
20.31
20.36
20.61
20.7
20.7
20.68
17.48
18.21
20.39
20.85
20.85
20.85
20.85
20.85
20.75
19.04
17.82
17.65
17.26
16.55
10.16
11.88
16.28
17.14
17.65
17.9
18.21
18.41
18.58
18.68
18.99
19.14
19.26
19.34
19.34
19.53
19.53
19.58
19.73
19.73
19.75
19.82
19.92
20.02
20.0
20.12
20.12
20.31
20.31
20.31
20.46
20.53
20.7
20.7
20.7
20.7
20.7
18.14
18.97
20.51
20.83
20.83
20.83
20.85
20.7
19.09
16.85
16.85
16.85
16.8
12.7
9.973
15.7
17.02
17.63
18.14
18.51
18.68
18.99
19.34
19.36
19.46
19.56
19.58
19.75
19.75
19.75
19.92
19.92
19.92
19.97
20.12
20.12
20.31
20.31
20.31
20.31
20.31
20.46
20.51
20.7
20.7
20.7
20.7
20.7
20.0
17.14
17.38
18.51
20.65
20.68
20.68
20.51
20.29
20.07
19.7
19.38
18.26
18.21
17.55
16.87
14.67
11.56
15.31
16.28
16.92
17.21
15.04
13.35
13.65
13.06
9.729
14.75
16.16
16.77
16.48
13.18
13.18
11.65
15.31
19.48
20.19
19.87
16.92
9.509
14.58
16.19
16.72
16.85
14.53
12.87
13.01
9.778
12.52
15.94
16.7
16.58
12.67
12.84
11.15
15.77
19.48
20.17
20.12
17.87
10.16
14.26
16.21
16.89
17.19
14.82
13.35
13.21
11.12
10.55
16.16
17.33
17.92
18.31
18.51
18.8
19.09
19.26
19.34
19.36
19.56
19.56
19.6
19.75
19.75
19.75
19.85
19.95
19.92
19.95
20.12
20.12
20.12
20.12
20.26
20.31
20.31
20.31
20.31
20.48
20.63
20.7
20.7
20.7
20.68
17.65
18.73
19.82
19.92
20.68
20.58
19.95
19.68
19.65
18.53
17.58
17.29
16.77
10.34
8.887
8.936
14.43
16.97
17.63
18.02
18.36
18.58
18.87
19.09
19.34
19.46
19.53
19.56
19.73
19.9
19.92
19.97
20.12
20.12
20.12
20.17
20.31
20.31
20.31
20.46
20.58
20.7
20.7
20.7
18.6
18.12
19.51
19.92
20.51
20.68
20.46
20.29
20.17
20.0
19.78
19.14
18.77
18.77
18.7
18.46
17.55
9.656
12.04
9.277
12.4
9.424
12.4
10.28
14.33
13.21
19.14
20.26
20.07
16.53
10.41
10.24
12.06
19.6
20.85
20.85
17.16
10.62
9.485
10.89
9.253
15.36
17.02
17.65
18.24
18.53
18.65
18.92
19.19
19.38
19.53
19.56
19.73
19.73
19.82
19.92
19.92
20.09
20.12
20.12
20.24
20.31
20.31
20.51
20.51
20.58
0.0
0.5417
6.628
7.825
8.447
9.57
7.776
8.679
9.79
17.21
19.41
18.97
16.41
16.28
15.48
12.21
10.99
16.04
19.46
19.68
18.63
16.75
16.67
14.33
11.65
17.16
19.02
18.77
16.41
14.06
5.743
5.273
5.249
5.249
6.384
10.14
17.68
19.56
19.43
17.75
14.92
6.171
5.603
5.255
5.249
5.249
5.249
5.249
5.249
5.249
5.249
5.249
5.249
5.249
5.249
5.249
5.249
5.249
5.249
5.249
5.249
5.249
5.249
5.249
5.249
5.249
5.249
5.249
5.249
5.249
5.249
5.249
5.249
5.249
5.249
5.249
5.249
5.249
5.249
