21.95
22.22
22.85
22.66
21.92
22.88
22.63
22.44
22.27
22.19
22.58
22.17
21.78
21.56
19.65
22.27
21.85
21.73
21.66
21.75
22.19
22.63
22.31
22.49
21.83
21.73
22.19
22.12
22.02
22.19
21.9
21.66
22.0
21.88
22.07
21.48
21.19
21.22
21.56
21.85
21.66
21.26
20.85
20.92
21.29
20.9
20.53
20.0
19.34
19.46
19.38
19.97
19.7
19.34
19.24
19.12
19.07
18.92
18.95
18.9
18.26
18.41
19.12
18.68
18.75
18.87
19.36
19.51
18.85
18.73
19.04
19.07
19.38
19.48
19.75
19.58
19.7
19.82
20.29
20.48
20.63
20.53
20.85
21.04
21.14
21.41
21.83
21.88
22.07
22.36
22.83
23.34
23.51
23.97
23.46
23.49
23.54
23.88
24.05
24.49
24.44
25.05
25.24
25.39
25.63
25.44
25.73
26.37
26.17
27.0
26.9
26.12
26.27
26.27
26.27
26.42
26.17
26.32
26.51
27.34
25.98
26.17
26.37
26.37
27.34
26.66
26.71
28.56
28.76
28.71
28.76
28.42
26.9
26.95
27.25
27.49
27.25
27.44
27.25
27.78
28.12
28.22
28.86
28.81
28.37
28.61
29.44
29.98
30.57
30.66
30.81
31.49
32.52
32.76
33.54
33.25
32.71
32.57
33.98
34.52
34.62
34.67
34.81
35.06
35.16
35.45
36.08
36.67
36.47
36.18
36.13
36.33
37.06
37.11
36.62
36.57
37.11
38.04
38.62
38.09
36.91
37.4
37.5
37.55
37.55
37.89
37.35
37.7
38.13
38.04
38.18
37.99
37.16
36.72
37.35
37.7
37.7
37.5
31.54
27.64
26.86
26.86
26.81
26.95
26.42
26.42
26.61
26.76
28.03
36.67
37.45
37.94
37.99
37.65
37.89
37.89
36.77
37.5
37.65
38.13
38.23
37.84
38.23
37.94
37.94
37.89
37.5
37.06
36.13
36.33
36.43
36.57
36.52
36.47
36.13
36.52
36.08
36.38
36.18
36.08
35.84
35.84
35.79
35.84
35.74
35.55
35.5
35.06
35.01
35.06
34.33
34.91
33.54
33.4
33.3
33.06
33.3
32.18
31.35
31.35
30.47
31.05
30.42
29.3
28.61
27.88
28.08
27.83
29.3
28.47
27.49
27.0
26.42
26.51
26.46
25.83
25.44
24.85
24.78
24.76
24.07
24.56
24.24
24.54
24.37
24.24
24.19
24.17
23.34
23.17
23.73
21.0
23.54
23.75
23.63
23.66
23.49
23.58
23.39
23.34
23.44
23.58
23.78
23.56
23.44
24.05
24.44
24.46
24.61
24.0
23.85
24.17
23.78
24.1
24.46
24.19
23.93
23.07
22.68
22.22
22.58
22.63
22.63
23.1
23.51
24.98
24.56
23.97
23.73
23.78
23.58
23.36
23.63
23.14
22.83
22.53
22.12
22.56
22.29
22.41
22.68
22.12
21.73
22.0
22.36
21.95
22.0
21.85
21.92
21.34
21.0
21.07
20.7
20.39
20.14
20.36
20.19
20.12
19.29
19.63
19.41
19.75
19.92
20.46
20.46
20.8
20.8
21.17
21.73
21.92
21.61
21.48
21.68
22.31
23.34
23.32
23.19
23.17
23.1
23.27
23.46
23.83
23.9
24.76
23.95
24.44
25.1
25.15
25.39
25.39
25.59
26.07
25.83
25.68
25.93
25.93
25.83
26.42
26.81
26.95
26.86
26.71
26.81
27.05
26.95
26.81
27.25
27.05
26.56
26.46
26.37
27.05
27.15
27.05
26.86
27.1
27.25
27.34
27.69
27.25
26.37
27.05
27.59
27.49
27.44
27.54
27.49
28.52
29.93
30.13
29.25
28.91
28.86
30.27
30.32
30.13
30.42
31.1
31.45
31.74
32.52
33.59
33.74
33.54
32.96
33.35
33.89
33.35
33.79
33.84
34.28
34.72
35.06
35.45
35.06
35.01
34.86
35.3
35.64
36.62
36.23
36.43
36.47
36.67
37.21
37.6
37.65
37.45
36.91
37.16
37.74
37.74
37.65
37.74
37.74
18.53
26.9
39.5
39.65
38.09
36.96
37.74
36.77
36.96
37.01
37.7
38.23
37.89
38.13
37.94
37.6
37.26
36.18
36.62
37.35
37.16
37.11
38.96
38.82
37.74
37.79
37.55
37.65
37.3
36.91
37.01
37.65
38.18
37.84
38.13
36.82
37.16
37.79
37.11
36.91
37.01
36.04
36.04
36.33
36.04
35.55
35.79
35.55
34.72
35.25
34.52
34.03
34.13
33.84
33.4
33.89
34.38
34.03
34.13
33.89
34.42
34.86
33.89
32.91
32.47
31.15
31.74
31.84
31.3
31.49
31.25
31.84
31.74
30.37
30.18
30.08
29.69
28.61
28.66
28.81
28.37
27.69
27.2
26.32
26.42
26.03
25.54
25.63
25.44
25.2
25.34
24.44
21.85
24.51
24.0
23.0
23.12
23.1
22.97
23.12
22.73
21.85
21.66
21.83
21.66
21.75
21.61
21.61
22.78
22.83
23.14
23.49
23.34
22.05
21.66
22.05
21.9
21.8
22.61
22.9
23.93
23.19
22.88
23.68
23.36
23.17
23.19
22.9
22.58
22.29
22.49
22.09
22.36
22.27
22.02
22.09
21.97
21.29
21.34
21.85
21.75
21.53
21.95
22.22
22.22
22.0
21.56
21.61
21.39
21.0
20.63
20.31
20.14
20.12
20.21
19.97
19.87
20.09
19.87
19.6
19.43
18.7
19.12
19.73
20.19
20.29
20.43
20.68
21.14
21.09
20.34
20.21
20.36
20.12
20.02
20.34
20.39
20.61
21.24
21.68
21.88
22.88
22.88
22.39
21.8
22.05
23.58
23.14
23.07
23.1
23.66
23.93
24.17
24.9
24.19
24.29
24.68
24.49
25.63
25.88
25.93
26.22
25.93
25.93
26.37
26.66
26.56
27.0
26.81
26.71
26.86
27.15
27.59
27.39
27.73
27.73
28.86
28.91
27.88
27.78
27.73
27.39
27.69
27.54
27.78
26.42
28.37
28.47
27.98
28.03
28.03
27.83
27.73
26.66
27.29
27.39
27.49
28.81
29.05
29.1
29.44
29.69
29.69
30.32
30.42
29.64
30.37
31.05
31.69
32.71
32.86
32.62
33.35
31.93
31.93
33.84
34.18
34.33
34.77
34.96
35.35
35.16
35.79
35.84
19.36
36.38
36.38
37.01
36.18
35.99
36.91
37.06
37.35
37.65
37.89
38.23
38.18
38.53
38.09
38.82
37.99
38.23
39.11
38.82
38.28
38.67
38.57
38.67
39.01
38.72
38.67
38.33
37.45
37.55
38.13
38.33
38.18
38.23
37.7
37.7
37.79
37.26
38.23
37.5
36.87
36.87
36.62
37.4
37.35
37.35
37.26
37.45
37.89
38.13
37.65
37.35
37.65
37.11
37.65
38.33
38.09
37.6
37.26
37.35
37.35
36.77
36.52
36.62
35.35
35.99
36.77
36.04
35.84
36.77
36.38
36.87
36.13
35.89
35.4
35.79
35.06
34.91
35.06
34.81
35.01
35.06
34.57
34.57
34.67
1.614
14.94
34.62
34.23
34.42
34.33
33.74
34.08
33.45
33.15
