20.65
14.89
20.29
19.63
16.02
8.582
8.569
8.997
8.472
13.35
20.8
18.09
9.216
8.301
6.604
6.445
6.409
6.409
6.409
6.409
6.409
6.409
6.409
7.544
8.386
8.765
8.154
7.727
9.009
7.776
8.264
8.386
8.459
8.862
11.06
16.7
17.8
18.31
18.65
15.62
13.5
10.41
11.35
16.55
17.72
18.29
18.65
15.62
13.7
10.3
8.813
8.569
8.765
8.777
8.655
14.43
17.19
18.07
18.55
16.55
13.21
10.74
13.06
17.09
17.99
18.53
18.99
19.29
19.36
19.53
19.63
19.78
19.92
20.02
20.12
20.26
20.48
20.56
18.43
19.97
20.85
20.43
19.68
18.65
16.97
16.8
14.7
10.07
16.21
17.48
18.14
18.24
15.38
11.91
9.155
9.058
8.752
10.06
16.26
17.53
18.16
17.72
14.89
11.57
9.363
9.033
15.67
17.31
18.07
18.51
15.92
12.99
9.961
14.55
17.16
17.99
18.43
15.55
13.18
8.997
8.936
9.473
9.216
8.74
13.67
17.09
18.02
18.48
16.04
15.38
13.62
10.06
9.46
9.326
9.314
15.99
17.5
18.19
18.7
16.8
16.31
11.78
9.509
9.253
9.155
9.302
11.24
16.65
17.8
18.36
18.46
15.33
12.52
10.05
9.106
11.57
20.65
19.12
9.692
15.04
16.67
17.36
17.9
18.21
18.53
17.58
15.23
13.6
11.83
9.729
9.18
9.119
9.265
9.57
9.448
9.509
9.302
8.777
9.106
12.23
20.07
20.8
20.02
10.24
6.702
6.482
6.409
6.409
6.409
6.409
6.409
6.409
9.412
8.569
8.875
9.094
8.716
8.154
13.6
20.8
16.82
14.97
20.8
18.95
9.448
19.29
20.36
11.27
6.75
6.519
6.409
6.409
6.409
6.409
6.409
6.409
8.276
17.55
20.85
19.97
11.65
14.79
20.61
20.83
19.19
12.89
8.777
9.009
9.619
17.43
20.85
20.85
16.38
6.787
6.567
6.409
6.409
6.409
6.409
6.409
8.557
9.058
9.143
9.045
9.29
9.033
9.302
8.826
7.861
8.386
10.14
9.351
8.887
9.204
6.604
6.604
6.433
6.409
6.409
6.409
6.409
6.409
6.409
6.409
6.567
9.399
8.264
6.604
7.727
7.581
8.325
7.935
9.094
16.04
20.75
20.85
20.29
14.82
7.324
6.775
6.409
6.409
6.409
6.409
6.409
6.409
6.409
7.141
12.65
20.04
20.85
20.85
15.99
7.654
9.058
9.143
12.45
19.85
20.85
20.83
15.23
6.836
6.604
6.409
6.409
6.409
6.409
6.409
6.409
6.409
6.409
6.409
6.409
6.409
6.409
6.409
7.727
8.936
7.922
6.604
6.482
6.409
6.409
6.409
6.409
6.409
6.409
6.409
6.409
6.409
6.409
6.409
6.409
6.409
6.409
6.409
6.409
6.409
6.409
6.409
6.409
6.409
6.409
6.409
6.409
6.409
6.409
6.409
6.409
6.409
6.409
6.409
6.409
6.409
6.409
6.409
6.409
6.409
6.409
6.409
6.409
7.788
6.604
7.581
13.35
16.48
17.26
17.75
18.16
18.43
18.9
19.29
19.46
19.53
19.78
19.92
20.12
20.12
20.19
20.31
20.53
20.7
20.7
19.41
18.04
19.97
20.7
20.85
20.46
20.46
19.92
18.02
17.63
17.33
9.705
14.65
17.55
18.29
18.6
19.12
19.31
19.51
19.63
19.82
19.92
20.0
20.12
20.21
20.31
20.31
20.51
20.7
20.7
20.7
18.38
17.46
19.65
20.85
20.85
20.78
20.48
19.29
18.53
17.94
13.43
13.18
16.92
17.8
18.33
18.6
19.02
19.29
19.38
19.56
19.73
19.73
19.92
19.92
20.09
20.12
20.12
20.24
20.41
20.68
20.7
20.68
16.8
18.68
20.7
20.8
20.26
20.29
18.8
17.36
17.11
13.21
11.74
16.33
17.26
17.9
18.43
18.87
19.24
19.51
19.65
19.75
19.9
20.02
20.09
20.29
20.29
20.41
20.65
20.7
19.26
17.87
20.58
20.48
20.24
20.0
19.19
17.33
2.997
11.02
15.94
16.82
17.24
17.72
17.99
18.14
18.33
18.51
18.63
18.77
18.95
18.97
19.19
19.38
19.53
19.53
17.09
17.29
20.0
20.43
19.48
19.38
17.99
16.14
15.14
11.36
10.36
15.84
16.92
17.36
17.87
18.12
18.26
18.43
18.58
18.7
18.77
18.95
19.07
19.14
19.24
19.51
19.53
19.53
17.29
16.72
18.16
18.92
19.29
19.31
19.31
19.31
18.99
17.9
17.68
17.63
13.01
12.77
15.53
16.36
16.92
17.26
17.55
17.9
18.14
18.31
18.38
18.53
18.58
18.63
18.77
18.87
18.95
18.95
19.02
19.14
19.14
19.21
19.51
19.53
19.53
19.34
16.09
18.29
20.09
20.65
20.65
20.46
17.9
16.87
16.43
14.75
15.28
16.38
15.89
15.11
15.09
14.62
15.04
16.14
14.16
13.94
14.79
18.99
17.5
16.28
16.26
16.41
16.16
16.04
9.619
14.65
16.33
17.04
17.43
17.77
18.14
18.33
18.38
18.51
18.63
18.77
18.77
18.92
18.97
19.14
19.17
19.17
19.26
19.36
19.41
19.68
19.73
19.75
19.75
19.53
16.28
18.07
19.14
19.34
19.51
19.51
19.51
19.51
19.51
19.24
17.58
16.28
15.94
15.75
14.55
8.948
13.7
15.87
16.7
17.24
17.5
17.92
18.19
18.41
18.58
18.73
18.85
18.95
19.07
19.14
19.31
19.34
19.43
19.73
19.73
19.73
16.82
17.7
18.9
20.51
20.85
20.85
20.85
18.43
17.11
17.04
15.65
9.546
14.79
15.8
16.36
16.75
17.11
17.31
17.43
17.6
17.72
17.99
18.16
18.36
18.38
18.38
18.43
18.58
18.58
18.77
18.77
18.77
18.77
18.97
18.97
18.97
19.17
19.17
19.17
19.17
19.26
19.36
19.36
19.36
19.53
19.56
19.58
19.75
19.75
19.75
19.75
17.87
16.67
18.82
19.51
19.68
20.17
20.12
19.36
15.28
15.28
14.28
11.5
19.92
19.17
10.16
9.619
9.033
9.18
9.216
9.143
9.18
8.643
9.131
8.936
8.948
8.984
8.789
12.79
16.41
17.26
17.58
18.12
18.38
18.53
18.73
18.95
18.99
19.14
19.17
19.34
19.41
19.63
19.78
19.9
16.94
19.78
20.85
20.83
20.85
19.34
17.7
17.43
13.23
9.192
8.85
9.399
11.69
12.04
19.09
18.38
10.16
8.606
12.57
19.36
20.61
19.19
11.63
16.21
20.48
20.12
17.63
9.546
8.691
8.887
8.789
8.533
5.829
5.829
5.829
6.024
8.545
9.583
19.78
19.82
10.74
9.204
11.29
20.0
20.17
13.43
9.045
8.96
8.948
10.62
18.92
20.73
16.63
6.232
5.792
5.64
5.64
5.64
5.64
5.64
5.64
5.64
5.64
5.64
5.64
5.64
5.64
5.64
5.64
5.64
5.64
5.64
5.64
5.64
5.64
5.64
5.64
5.981
10.31
9.888
8.887
9.058
9.18
9.155
