0.1833
0.3544
0.2125
0.2018
0.1596
0.1657
0.4379
0.08297
0.1513
0.2007
0.2735
0.2148
0.3681
0.1097
0.1213
0.2205
0.2445
0.001621
0.0002861
0.0
0.0
0.0
0.01135
0.388
0.1715
0.1341
0.1549
0.2872
0.135
0.2258
0.3868
0.227
0.1657
0.1884
0.198
1.03
1.347
1.19
1.259
1.126
1.3
1.08
1.213
1.352
4.883
1.039
1.691
1.862
0.9338
0.3494
0.9995
1.176
1.299
1.404
1.485
1.262
1.131
1.266
3.906
1.974
1.602
2.051
0.7187
0.1638
1.192
1.312
1.176
1.096
1.088
1.036
0.9399
0.9842
1.965
3.534
1.552
2.054
1.401
0.4066
0.3769
0.06571
0.106
0.08049
0.2735
0.1377
0.6813
1.131
0.9827
1.212
1.825
1.575
1.553
4.791
2.017
2.029
0.6912
0.1226
0.1633
0.4318
0.211
0.1814
0.3819
0.04311
0.111
0.2094
0.2483
0.1984
0.3204
0.2876
1.033
1.065
1.73
1.584
2.017
2.081
5.084
2.817
0.9857
0.3128
0.2918
0.4601
0.37
0.1188
0.1097
0.3582
0.1293
0.4494
0.5478
0.3834
0.1411
0.1419
0.3674
0.06933
0.9415
1.248
1.566
1.84
1.447
1.418
1.427
4.681
1.253
2.881
0.8926
0.3826
0.3639
0.141
0.1305
0.3937
0.2243
0.2541
0.7507
1.332
1.221
1.186
1.059
1.108
0.9918
1.079
1.007
4.382
1.12
1.361
1.657
0.7385
0.3998
0.1545
0.2754
0.4028
0.214
0.1217
0.07353
0.2304
0.2464
0.3517
0.3258
0.2155
0.5058
0.2094
0.2033
0.2972
0.4562
0.1106
0.0
0.0
0.0
0.0
0.0
0.0
0.0
0.0
0.0
0.00515
0.2537
0.3235
0.2659
0.4379
0.03862
0.2827
0.2945
0.3094
0.2274
0.2319
0.325
0.2956
0.03853
0.1333
0.0002861
0.0
0.0
0.0002861
0.0
0.0
0.0002861
0.0
9.537e-05
0.006962
0.211
0.3159
0.2247
0.1797
0.2777
0.1953
0.3265
0.2182
0.1745
0.2781
0.211
0.256
0.4654
0.3883
0.1331
0.2457
0.2525
0.001717
0.0006676
0.0
9.537e-05
0.0
0.0
0.00639
0.3075
0.428
0.3265
0.2811
0.1213
0.1774
0.2872
0.2048
0.5051
0.2289
0.1492
0.2628
0.4761
0.1209
9.537e-05
0.0
0.0
0.0
0.0
0.0
0.0
0.0
0.0001907
0.0
0.1436
0.3292
0.1249
0.1753
0.3082
0.1337
0.08478
0.7538
0.362
0.09975
0.08411
0.256
0.3399
0.2548
0.1772
0.3777
0.1343
9.537e-05
0.0003815
0.0
0.0
0.0
0.0
0.02193
0.2964
0.009918
0.3914
0.3372
0.2808
0.1862
0.2758
0.1944
0.2026
0.1591
0.3754
0.1493
0.3162
0.2415
0.00248
0.0004768
0.0001907
0.0
0.0
0.0
0.0
0.0
0.0
0.0
0.0
0.428
0.1392
0.2861
0.2632
0.004482
0.0002861
0.0
0.0
0.0
0.0003815
0.0
0.0
0.0
0.0
0.0
0.0
9.537e-05
0.0
0.0
0.0
0.0
0.0
0.0
0.0
0.0
0.0
0.0
0.0
0.0
0.0
0.0
9.537e-05
0.0
0.0
0.0
0.0
0.0
9.537e-05
0.0
0.0
9.537e-05
0.0
0.0
0.0
0.0
0.0
0.01192
0.2064
0.1202
0.002384
0.09756
0.4829
0.3521
0.1257
0.2537
0.2884
0.457
0.1074
0.1322
0.4379
0.4349
0.1308
0.1431
1.103
1.28
1.013
1.05
0.9842
1.111
1.141
2.127
1.987
1.776
1.694
1.715
2.161
2.121
2.145
2.167
2.179
2.112
2.136
1.965
2.185
2.274
2.209
4.865
7.349
5.75
10.16
8.032
6.799
6.372
4.535
4.26
2.158
0.4356
1.883
2.072
2.118
2.1
2.078
2.014
1.971
2.148
2.145
1.999
2.112
2.194
2.158
2.09
2.158
2.234
2.197
2.109
2.228
1.956
4.266
6.274
2.637
4.626
2.701
6.36
4.724
5.127
4.083
5.414
4.089
3.796
2.191
1.088
0.0003815
0.8682
2.261
2.213
2.161
2.222
2.237
2.112
1.984
1.733
1.898
2.139
2.182
2.261
2.255
2.222
2.158
2.219
2.109
1.99
2.112
2.448
2.313
7.751
6.982
5.591
10.1
6.934
4.803
5.237
3.577
3.131
1.059
0.9674
1.846
2.313
2.237
2.292
2.216
2.246
2.188
2.078
2.255
2.097
2.115
2.145
1.99
2.029
2.151
1.801
1.932
1.794
1.883
1.779
2.045
1.926
4.163
7.288
5.316
6.165
7.068
7.69
5.035
3.973
4.291
3.168
1.587
0.2815
1.727
1.743
1.63
1.764
2.167
1.889
2.216
2.124
2.045
2.045
1.935
1.791
2.246
2.194
2.036
2.213
2.161
2.066
2.258
2.383
2.368
2.216
5.707
6.543
6.171
11.12
6.921
5.933
4.962
3.784
3.766
1.476
1.189
1.794
2.213
2.13
2.237
2.13
2.081
1.935
2.097
2.17
2.039
2.078
2.094
2.02
1.941
2.13
2.075
2.24
2.115
2.243
2.274
2.039
4.395
7.69
5.615
8.167
6.97
6.421
5.072
3.613
3.906
1.694
1.111
0.9476
1.45
3.241
2.148
0.322
1.173
1.978
2.063
1.917
2.115
2.026
1.962
1.959
1.913
1.941
2.1
2.258
2.271
2.106
2.142
2.039
2.078
2.002
2.194
2.328
2.13
2.179
9.033
5.554
5.328
7.446
7.568
4.852
3.583
3.625
2.71
1.076
0.7759
1.944
2.118
2.094
1.99
1.636
1.541
1.324
1.277
1.154
1.208
1.379
1.131
0.9842
1.024
1.024
1.091
0.9583
1.025
1.028
1.065
1.108
1.112
1.074
1.154
1.268
1.393
1.347
1.357
1.602
2.768
7.373
3.079
6.799
9.045
7.092
5.872
5.017
4.163
4.266
2.008
1.151
1.184
1.868
2.094
2.13
2.188
2.106
2.005
1.865
1.776
2.005
1.868
1.831
1.962
1.999
1.95
1.883
2.045
1.88
2.045
1.974
1.868
2.09
8.289
5.377
4.749
9.363
6.689
5.518
5.292
3.693
2.853
1.314
1.466
0.4143
0.8865
0.4211
1.837
0.5928
1.201
0.1585
9.537e-05
0.4349
0.9735
0.2075
1.093
0.1392
0.2594
0.08593
0.06714
0.1429
0.3231
0.4898
1.018
1.315
0.3017
1.414
0.2274
1.463
0.6004
0.189
0.5981
0.8331
0.8209
0.0762
1.285
1.575
1.855
1.694
1.779
1.807
1.709
1.561
1.666
1.736
1.672
1.62
1.712
1.666
1.709
1.825
1.785
1.785
1.706
1.828
1.877
1.938
1.984
1.855
5.548
6.75
5.725
9.729
6.628
7.825
4.651
4.797
3.491
2.93
1.112
1.562
0.4333
0.3628
0.4044
0.5081
0.2602
0.1419
0.1266
0.359
0.3723
0.399
0.3845
0.333
0.4478
0.2415
0.1677
0.2533
0.2247
0.5775
1.791
2.057
1.81
1.865
1.901
1.834
1.984
1.901
1.706
1.84
1.819
1.617
1.743
1.773
1.569
1.657
1.642
1.596
1.617
1.849
2.145
2.356
2.328
2.097
4.028
7.935
5.463
7.227
6.158
7.019
4.669
3.4
3.491
2.808
1.44
0.5844
0.0001907
0.0
9.537e-05
0.0
0.0
0.0
0.0
0.0
0.0
0.0
0.0
0.0
0.0
0.0
0.0
9.537e-05
0.0
0.0004768
0.1911
0.798
0.7111
0.7904
1.028
0.4539
0.4654
0.4395
