20.83
23.63
24.78
13.99
11.72
17.36
17.65
22.27
24.12
17.11
15.09
13.92
15.67
15.58
17.7
19.6
21.56
8.35
0.618
9.265
11.01
14.28
13.45
11.8
15.33
13.28
16.43
15.8
11.78
12.7
14.84
15.58
20.78
22.0
15.87
15.43
5.823
17.33
21.78
21.58
20.39
8.997
20.31
28.12
27.2
28.71
30.66
29.54
19.75
24.07
23.83
17.72
16.67
19.31
22.78
23.68
12.7
12.37
12.13
15.84
26.51
25.98
26.07
27.34
28.56
22.44
19.17
20.97
15.72
16.65
14.67
13.77
14.04
12.74
14.82
13.18
21.12
21.97
24.56
14.23
14.09
14.31
14.01
13.92
11.84
11.5
14.23
24.41
25.39
26.17
26.56
25.29
21.19
23.61
23.39
19.43
12.39
14.53
13.45
14.09
14.06
19.17
22.78
24.41
14.77
13.06
12.82
14.31
26.66
27.69
27.15
29.44
27.64
26.9
25.0
18.85
18.31
12.74
15.28
14.06
0.3853
10.93
18.87
22.71
26.17
15.41
15.53
13.87
13.96
13.84
16.04
17.9
18.85
18.95
14.97
15.43
17.99
19.14
22.0
14.43
19.04
17.14
26.17
25.63
16.6
15.67
18.55
25.24
25.34
17.53
13.45
16.21
16.75
16.36
19.82
23.41
24.73
15.67
17.99
26.46
30.13
30.37
28.47
24.54
22.07
26.17
22.58
10.02
16.75
21.04
21.88
20.85
16.43
21.34
23.8
24.02
14.82
16.41
15.75
15.41
17.55
17.94
0.5173
0.1314
0.02995
0.0247
0.02604
3.345
14.84
15.31
15.01
16.09
6.897
0.1667
7.019
11.66
15.53
15.92
16.21
15.6
14.58
14.67
17.8
20.85
24.8
23.78
1.14
0.4951
0.0638
0.02604
0.02995
3.766
16.55
15.67
14.7
16.26
14.99
17.8
19.07
21.0
21.92
14.82
19.26
19.48
22.05
22.9
15.09
15.5
15.04
12.06
0.2422
0.1211
0.03252
0.02604
0.02861
3.064
11.62
12.34
15.53
13.01
15.04
14.94
19.87
22.51
14.77
13.79
14.77
14.09
15.48
16.26
17.9
15.92
19.09
8.423
0.1602
0.06638
0.02737
0.02346
0.02995
3.687
9.473
15.06
21.9
23.9
23.83
11.95
13.45
13.53
10.49
12.7
16.92
21.12
23.17
23.34
11.95
16.48
22.14
22.31
22.12
6.47
0.6599
0.1654
0.02737
3.015
14.82
12.55
14.31
14.01
14.48
11.56
11.62
14.36
22.75
22.83
20.09
16.72
20.8
22.83
21.04
14.77
14.16
12.7
0.2121
0.1171
0.02861
0.0247
0.02737
3.174
13.23
12.35
12.74
14.7
15.09
16.14
16.55
16.53
11.98
12.74
12.79
14.11
16.46
12.44
14.36
14.58
14.84
10.97
0.2163
0.09766
0.02737
0.0247
0.03252
3.284
15.11
13.23
16.21
14.82
12.94
12.74
16.26
11.47
18.26
13.13
16.02
16.92
23.1
25.63
20.7
22.71
22.78
23.36
6.812
0.6393
0.1797
0.02995
0.02861
3.168
19.43
24.66
27.15
18.19
18.12
13.77
13.09
15.53
17.04
16.38
22.17
10.01
14.99
16.5
18.9
27.0
26.03
17.41
25.78
26.66
16.04
15.72
26.51
27.2
26.76
28.17
29.93
29.98
29.79
29.2
27.93
27.25
27.73
27.59
26.9
27.59
26.95
29.69
29.69
29.05
28.96
25.59
25.73
28.37
16.31
21.73
25.1
24.46
25.98
20.29
20.83
22.22
20.92
24.78
21.19
17.68
3.088
22.36
25.54
29.44
30.76
31.3
30.22
30.42
29.0
28.17
28.61
30.03
29.2
29.44
30.32
28.52
27.64
29.79
31.01
31.3
31.49
29.1
15.53
26.37
31.3
31.49
31.54
28.03
23.19
23.14
22.34
15.23
5.792
20.58
25.39
28.27
29.54
29.64
29.93
27.34
27.78
29.05
29.59
30.52
29.59
27.34
26.71
27.69
29.64
28.76
28.66
29.93
29.25
29.88
21.73
15.06
20.43
26.51
22.41
25.88
25.29
24.95
23.29
24.85
24.71
13.89
16.21
20.39
22.24
21.17
20.24
19.12
20.04
20.21
21.04
21.02
21.09
22.29
22.58
22.83
30.47
28.42
28.12
30.71
30.47
28.27
27.98
27.98
28.91
29.35
29.54
26.86
14.97
30.13
30.08
28.12
27.49
26.27
18.85
22.75
23.27
15.53
9.045
2.148
18.29
24.49
23.19
21.92
23.36
22.9
23.24
23.61
21.12
21.48
23.14
24.98
28.76
28.71
27.39
22.17
22.0
21.73
22.49
23.22
23.51
25.05
25.34
25.2
24.71
28.96
14.09
24.37
29.64
28.03
29.64
30.08
23.34
25.39
23.61
18.14
6.665
19.92
26.95
24.71
23.46
20.14
19.14
20.92
22.0
11.51
22.83
22.95
23.05
21.9
22.75
28.66
23.05
18.73
30.42
29.39
27.73
26.66
29.74
15.5
16.24
18.24
17.53
18.73
16.58
18.41
24.68
13.01
28.32
28.32
22.17
27.49
10.24
23.88
28.12
28.52
28.22
28.32
28.42
27.83
27.64
27.69
28.42
29.39
29.05
26.27
26.46
27.78
28.52
28.61
29.0
28.47
29.39
30.22
26.81
22.39
30.52
27.05
22.97
26.37
27.34
24.93
25.05
25.24
14.09
3.217
28.86
28.27
29.74
29.39
29.64
30.86
30.32
30.52
28.86
26.42
24.0
21.85
19.43
19.04
24.58
29.74
25.49
22.34
18.46
17.48
16.77
16.09
19.17
27.2
16.58
12.19
16.41
16.24
15.55
22.39
31.05
28.52
22.78
26.56
20.04
23.8
9.68
19.07
30.91
29.59
28.71
31.49
31.88
30.91
28.12
26.51
26.61
28.17
26.27
23.78
26.66
26.71
26.46
26.17
23.19
17.02
14.82
14.97
14.84
14.92
15.11
14.79
14.58
14.97
17.36
18.36
16.85
16.04
16.16
17.87
28.22
27.0
28.37
27.88
18.92
16.67
24.0
27.88
26.22
20.51
23.49
24.8
25.49
12.12
20.09
28.81
28.22
24.58
20.56
17.58
15.58
16.24
27.1
31.79
31.49
31.64
31.35
31.3
30.96
29.98
30.66
30.52
29.79
29.98
30.66
30.18
18.38
30.76
32.32
31.59
31.54
28.08
27.54
28.52
22.07
11.25
14.58
15.77
0.2762
7.361
12.37
17.82
17.36
19.82
18.31
18.43
22.29
25.49
25.1
24.07
20.61
27.54
28.66
19.51
27.73
25.83
18.99
18.38
19.65
23.51
25.54
27.1
17.33
17.77
19.43
15.89
16.06
15.5
22.05
24.8
26.12
18.95
26.37
27.0
16.28
15.8
17.36
15.65
18.65
21.58
27.2
26.03
2.512
0.5234
0.07811
15.38
14.58
20.04
27.73
28.12
17.33
24.56
26.56
25.93
13.35
18.21
15.48
23.49
27.25
28.81
15.84
21.04
25.88
25.88
14.65
0.6981
0.2865
0.02604
0.02604
0.02604
0.02604
0.02604
0.02604
0.02346
0.02861
0.02346
0.02604
0.02346
0.02604
0.02346
0.02604
0.02346
0.02604
12.11
20.12
5.75
23.27
26.17
27.29
22.56
18.68
6.58
0.1953
12.52
