0.01726
0.02127
0.01841
0.01488
0.01907
0.01497
0.0185
0.0164
0.02031
0.01879
0.01926
0.01783
0.01974
0.01545
0.01802
0.01583
0.01726
0.02394
0.01526
0.01774
0.02022
0.02413
0.02041
0.02432
0.01831
0.02165
0.02556
0.0227
0.01755
0.0206
0.02069
0.01812
0.0226
0.0206
0.0164
0.01926
0.01783
0.02031
0.01717
0.02022
0.01888
0.02842
0.01888
0.01945
0.02394
0.0226
0.02451
0.02289
0.02079
0.02308
0.01822
0.02193
0.02155
0.02108
0.01593
0.01898
0.01965
0.01802
0.01593
0.03195
0.02003
0.01822
0.01574
0.01707
0.01907
0.01802
0.02403
0.01488
0.01602
0.02689
0.0205
0.02279
0.02155
0.02251
0.01669
0.02031
0.02413
0.03185
0.02375
0.01669
0.02031
0.02012
0.0186
0.0226
0.01583
0.01755
0.01354
0.0165
0.01354
0.01612
0.01822
0.02708
0.01497
0.01745
0.01907
0.02146
0.01793
0.01583
0.01907
0.01574
0.02651
0.01822
0.02193
0.01793
0.02203
0.0186
0.02747
0.01955
0.02975
0.02298
0.02089
0.01926
0.01688
0.01955
0.02518
0.01717
0.0205
0.01478
0.02918
0.02508
0.02079
0.02003
0.01869
0.01841
0.01535
0.02651
0.01659
0.01364
0.02069
0.0205
0.02985
0.01678
0.01831
0.01707
0.0226
0.02003
0.01745
0.01926
0.01926
0.02661
0.01869
0.01888
0.02069
0.01802
0.01984
0.02708
0.01841
0.01678
0.02317
0.01955
0.02203
0.01698
0.01535
0.01917
0.03166
0.01907
0.01917
0.01888
0.01926
0.02356
0.01936
0.01936
0.01755
0.01774
0.02127
0.02174
0.01736
0.02117
0.0268
0.03281
0.0164
0.02279
0.02089
0.01535
0.01898
0.01717
0.01869
0.03338
0.01812
0.02089
0.02184
0.02813
0.02422
0.01965
0.01688
0.01726
0.02127
0.01993
0.02804
0.02565
0.01955
0.02651
0.01726
0.02022
0.01926
0.02346
0.02375
0.01984
0.02565
0.02422
0.01669
0.01678
0.01726
0.0186
0.01631
0.01879
0.0186
0.02413
0.01535
0.01392
0.01945
0.03605
0.02108
0.03119
0.02079
0.01631
0.0185
0.01965
0.01879
0.02594
0.02136
0.01631
0.01974
0.03681
0.02069
0.01755
0.01554
0.0185
0.02365
0.01764
0.0165
0.01678
0.01659
0.01669
0.02127
0.01907
0.01593
0.01774
0.01802
0.01936
0.01993
0.01745
0.02642
0.02356
0.01736
0.01688
0.01535
0.01984
0.01802
0.02136
0.02203
0.01497
0.02203
0.01841
0.02165
0.0165
0.01411
0.01583
0.01688
0.02508
0.01764
0.01879
0.01574
0.02146
0.0226
0.01545
0.01717
0.01936
0.01516
0.01316
0.01602
0.02155
0.01945
0.01888
0.02918
0.01831
0.01869
0.02117
0.02861
0.01926
0.01898
0.01717
0.02155
0.0205
0.01936
0.01841
0.02155
0.02298
0.01774
0.01736
0.01831
0.01621
0.02422
0.02022
0.01993
0.03099
0.02241
0.01507
0.01955
0.0186
0.02041
0.01469
0.01812
0.01841
0.01383
0.02499
0.0164
0.01955
0.01898
0.01812
0.01926
0.03223
0.02203
0.0186
0.02117
0.01793
0.01802
0.01793
0.01526
0.01755
0.01831
0.02069
0.02031
0.01707
0.02089
0.01926
0.01736
0.01726
0.01707
0.01774
0.01879
0.01745
0.01793
0.01602
0.02584
0.01783
0.01831
0.01831
0.02432
0.03262
0.01869
0.02003
0.01764
0.01841
0.01869
0.01602
0.02203
0.01802
0.01574
0.01459
0.01917
0.01812
0.01287
0.01726
0.01669
0.0206
0.01831
0.0145
0.01621
0.01574
0.01554
0.02041
0.0205
0.01841
0.04568
0.01497
0.01917
0.01554
0.01736
0.01469
0.01593
0.02346
0.01841
0.01745
0.02394
0.01469
0.02213
0.01774
0.01869
0.02069
0.01421
0.01459
0.01631
0.01574
0.02184
0.02213
0.01793
0.01802
0.01488
0.01431
0.01783
0.01411
0.01926
0.02003
0.02117
0.01488
0.02699
0.01574
0.02346
0.02012
0.01812
0.01554
0.01802
0.02289
0.01802
0.02041
0.01717
0.01669
0.02775
0.01745
0.01621
0.01888
0.03986
0.0248
0.01564
0.01707
0.01774
0.01783
0.02337
0.01593
0.01621
0.01583
0.01717
0.02565
0.02089
0.02394
0.01564
0.01965
0.01755
0.01564
0.01793
0.01469
0.01774
0.01669
0.0164
0.02422
0.01993
0.01965
0.01755
0.01802
0.0185
0.02165
0.01411
0.0164
0.0164
0.01869
0.01831
0.02222
0.01898
0.0205
0.01841
0.01593
0.01688
0.01926
0.0205
0.0227
0.02441
0.01745
0.02041
0.02012
0.01888
0.01793
0.02203
0.02527
0.01945
0.02232
0.02203
0.0226
0.02613
0.02213
0.01488
0.02232
0.02251
0.0165
0.02089
0.02184
0.02098
0.02155
0.02222
0.01802
0.02098
0.0144
0.01936
0.01774
0.0164
0.01812
0.0205
0.01755
0.02127
0.01621
0.01602
0.0165
0.01554
0.01783
0.01698
0.01993
0.01411
0.01564
0.02527
0.01736
0.02174
0.01755
0.01802
0.01574
0.02384
0.02089
0.0247
0.03481
0.01621
0.01402
0.01831
0.01774
0.0165
0.01612
0.01764
0.0226
0.01783
0.02165
0.02394
0.02117
0.01869
0.02174
0.01574
0.02518
0.01945
0.02079
0.01822
0.01755
0.01669
0.01917
0.01993
0.01764
0.01602
0.01783
0.01516
0.02098
0.01345
0.02689
0.01507
0.01917
0.02203
0.02098
0.0248
0.01621
0.01621
0.0165
0.02174
0.02871
0.02451
0.01526
0.01831
0.02069
0.01678
0.01755
0.01307
0.01574
0.02527
0.01621
0.01545
0.01545
0.01993
0.02117
0.02098
0.02117
0.02499
0.02337
0.02222
0.02041
0.0206
0.02012
0.01783
0.02174
0.01364
0.02203
0.01698
0.02518
0.01984
0.01812
0.01936
0.02041
0.01841
0.0144
0.01335
0.01717
0.01736
0.02089
0.01106
0.01888
0.01774
0.01488
0.01564
0.02098
0.01755
0.01774
0.01945
0.01564
0.02146
0.01554
0.01202
0.01478
0.01698
0.01659
0.01659
0.01421
0.01802
0.01974
0.01659
0.01345
0.03014
0.01488
0.01478
0.01917
0.01545
0.01726
0.01163
0.01965
0.01745
0.01621
0.01822
0.01631
0.01526
0.01688
0.01621
0.01669
0.01955
0.01392
0.01564
0.01955
0.01612
0.01812
0.01688
0.01345
0.01755
0.01602
0.01411
0.01602
0.0165
0.01326
0.01497
0.01783
0.01516
0.0185
0.01879
0.01554
0.01411
0.01698
0.01431
0.02489
0.01602
0.06847
0.03519
0.0185
0.01564
0.02451
0.02031
0.03462
0.02394
0.01707
0.01669
0.01345
0.01793
0.02184
0.01745
0.01554
0.01812
0.01307
0.01564
0.01745
0.01717
0.02232
0.01755
0.01945
0.02155
0.01755
0.01593
0.01688
0.01736
0.01574
0.01793
0.01736
0.01974
0.0247
0.01736
0.01917
0.01602
0.01621
0.01726
0.02232
0.01421
0.02098
0.03052
0.02165
0.01526
0.02632
0.01535
0.0185
0.02193
0.02089
0.01726
0.02728
0.0186
0.02489
0.01955
0.02069
0.01974
0.02069
0.0185
0.01783
0.01955
0.02184
0.01993
0.02909
0.01898
0.02518
0.01936
0.02222
0.03138
0.01879
0.01993
0.02575
0.01669
0.0164
0.02155
0.02079
0.02155
0.01688
0.0206
0.02289
0.01631
0.02537
0.01917
0.02565
0.02298
0.01745
0.02136
0.01764
0.02174
0.02441
0.02146
0.02899
0.02308
0.02184
0.0186
0.01926
0.05884
0.01898
0.008392
0.008106
0.007343
0.0102
0.006866
0.005913
0.006294
0.0103
0.01345
0.01488
0.01106
0.009346
0.01459
0.01316
0.01192
0.01278
0.008488
0.01459
0.01488
0.01507
0.01049
