21.78
14.14
16.24
16.33
19.97
24.15
25.15
19.12
23.95
24.78
17.09
17.07
14.14
8.191
0.1589
0.06514
0.0247
0.02346
0.02604
0.02346
0.02737
0.02346
1.611
21.9
23.83
23.61
9.302
12.45
12.23
16.02
13.84
10.72
12.67
22.71
23.8
23.44
11.07
25.98
26.51
26.81
26.27
26.17
26.76
25.83
26.17
21.44
12.4
17.33
26.51
27.0
26.12
25.68
25.98
24.37
25.34
23.32
17.53
19.07
22.12
24.32
15.16
18.55
26.56
26.46
26.27
26.12
26.07
25.15
26.03
24.37
13.21
12.23
21.68
25.63
26.61
26.32
26.03
24.9
25.1
23.73
18.87
14.77
13.16
18.7
21.73
24.68
10.38
26.9
27.44
27.49
26.46
25.29
23.63
24.51
22.29
15.97
14.38
13.99
12.67
24.22
24.85
23.58
25.54
25.29
22.95
24.44
24.29
15.84
15.11
9.998
20.31
25.83
26.37
27.2
26.95
24.98
25.73
24.02
18.55
17.19
20.48
22.36
24.37
14.82
15.62
15.5
16.21
15.5
14.82
17.38
16.5
19.78
23.78
25.34
21.12
3.455
0.4593
20.09
27.69
27.98
28.12
28.61
27.0
28.56
23.97
14.99
20.19
24.66
25.54
20.12
16.09
16.28
12.92
15.33
14.72
14.31
12.21
13.43
14.01
16.5
24.0
24.19
9.119
28.08
28.56
27.29
25.15
23.78
20.26
23.54
25.44
15.89
17.77
15.99
13.26
14.18
14.99
13.77
14.31
15.06
16.04
17.02
17.7
6.445
0.5394
0.1667
0.02604
0.02346
0.02604
0.02213
0.02737
0.7393
13.84
13.55
12.84
11.98
12.7
13.16
12.21
11.6
12.96
12.45
12.45
13.04
13.09
11.56
0.1627
0.09508
0.02604
0.02346
0.0247
0.02346
0.02604
0.0247
0.02737
0.02604
13.48
13.84
13.57
13.31
10.89
12.82
10.41
11.8
12.89
13.43
15.33
16.16
17.9
18.19
5.817
0.4593
0.1289
0.02213
0.0247
0.02346
0.02861
0.02737
0.03128
0.02604
11.27
11.36
13.53
13.11
14.45
15.41
15.99
15.65
11.65
13.01
15.33
13.84
11.33
9.29
0.164
0.07811
0.02737
0.0247
0.02737
0.0247
0.02737
0.0247
0.02995
0.0247
6.171
9.534
4.114
0.1238
14.67
10.91
10.6
9.949
14.62
11.79
20.09
21.58
23.78
11.3
0.6287
0.2121
0.0247
0.02346
0.0247
0.02213
0.02604
0.02346
0.02604
2.921
13.48
7.019
20.95
25.54
24.9
17.26
21.73
21.0
22.09
13.67
12.99
11.13
11.66
0.1562
0.1184
0.02346
0.02737
0.02737
0.02861
0.02346
0.02604
0.0247
0.02604
0.02346
0.02604
0.02346
0.02604
0.02213
10.46
0.1184
0.08078
0.02213
0.0247
0.02079
0.02346
0.02346
0.02604
0.02346
0.02604
0.02079
0.0247
0.02213
0.02604
0.02346
0.0247
0.02213
0.02737
0.02079
0.02737
0.0247
0.02861
0.0247
0.02604
0.02346
0.02737
0.02346
0.02861
0.02995
0.03386
0.02346
0.02737
0.0247
0.0247
0.02604
0.02604
0.02346
0.02737
0.0247
0.02604
0.0247
0.02604
0.0247
10.97
8.118
0.1654
8.728
12.08
13.5
11.95
16.92
12.67
10.41
10.72
14.97
18.29
22.24
15.06
11.3
14.43
22.53
23.14
22.34
22.05
22.75
22.44
26.42
28.22
27.54
26.07
26.9
25.88
25.24
26.22
27.25
24.9
22.05
21.07
19.78
21.53
22.78
22.95
24.78
21.68
20.07
26.12
25.44
24.15
26.32
22.02
19.46
18.14
17.87
17.58
19.34
7.324
19.95
20.63
21.14
25.24
27.98
28.08
28.37
27.83
28.37
28.17
27.93
28.22
25.78
24.12
27.29
28.22
26.17
22.41
22.36
22.95
22.92
22.53
19.04
19.14
22.88
22.53
23.14
22.36
22.75
22.8
21.58
23.54
26.61
13.45
8.789
23.02
23.24
23.14
28.17
26.56
23.39
23.22
23.41
22.83
23.12
23.27
27.83
27.83
26.42
22.46
22.88
22.88
23.39
23.14
23.27
22.68
22.56
25.49
23.88
23.19
23.63
24.8
26.61
26.51
27.0
22.66
22.66
25.34
16.65
17.19
25.15
22.49
21.56
21.29
21.29
20.68
21.07
19.48
20.68
21.22
21.8
20.95
21.24
20.92
21.19
20.92
20.85
20.85
20.92
22.49
26.46
22.97
22.83
22.53
22.29
22.51
22.73
17.7
26.22
22.66
22.44
28.42
21.44
22.0
22.73
26.86
23.97
12.32
16.24
23.9
20.56
15.84
18.9
22.07
23.07
22.36
22.12
26.42
28.08
27.88
25.49
23.32
25.54
26.9
26.66
26.42
24.46
22.95
22.02
25.24
26.07
21.95
20.87
18.41
15.8
21.85
20.46
20.39
19.26
21.19
21.0
20.7
21.51
19.73
20.26
22.09
1.941
21.83
23.44
26.61
25.98
24.29
25.73
18.77
15.62
22.95
22.85
21.09
20.07
21.36
14.58
25.49
21.75
21.04
20.73
20.92
12.92
19.34
21.31
21.56
19.65
20.29
19.9
16.36
18.07
18.53
19.43
9.851
7.544
21.46
22.07
22.07
21.83
21.48
19.9
18.82
18.55
17.65
16.31
17.92
19.38
18.68
16.99
16.24
16.09
15.45
15.16
15.75
17.43
18.53
19.38
19.09
19.51
19.48
19.87
20.17
19.17
16.92
20.53
22.24
16.04
21.75
22.22
24.98
26.66
25.98
25.93
24.58
20.36
21.0
16.14
9.753
23.0
25.78
26.71
25.98
26.22
24.15
25.63
26.46
23.32
25.73
26.9
26.56
26.9
22.56
22.8
23.02
23.46
23.14
22.63
22.9
23.36
22.8
19.7
17.21
13.26
17.92
17.97
19.09
17.68
17.75
17.85
21.73
20.48
21.09
22.07
21.31
10.21
22.61
22.78
22.73
23.0
23.39
23.12
19.9
16.58
19.38
20.83
21.12
21.02
21.19
21.09
20.48
22.02
22.36
22.49
26.46
23.02
22.78
20.39
21.26
21.17
24.66
25.39
18.14
22.09
20.19
23.9
24.34
20.29
21.78
24.24
19.58
18.75
21.12
22.29
13.21
18.41
13.89
16.43
15.8
15.67
16.97
17.75
18.41
15.09
16.89
17.33
18.16
18.85
14.04
16.09
16.67
15.62
15.41
16.36
16.04
14.53
14.92
15.92
17.65
18.14
17.29
16.46
11.95
17.8
15.87
15.7
15.23
16.48
14.11
16.16
17.63
14.99
15.33
15.75
15.53
16.21
12.94
16.87
12.89
16.77
23.14
23.95
22.49
16.89
20.04
22.27
23.63
16.63
16.28
18.58
18.97
19.6
15.26
14.04
8.667
27.25
26.12
22.27
26.22
26.27
26.22
26.37
22.56
20.97
21.12
21.26
21.14
21.09
21.09
20.83
20.95
20.75
20.65
20.31
20.75
20.83
21.07
21.46
22.39
23.93
23.19
17.46
22.92
23.27
22.63
22.8
23.12
26.56
25.83
24.85
24.66
3.729
0.09375
0.03128
0.02861
0.02604
0.02861
0.02604
0.02604
0.02604
0.02604
0.02604
0.02861
0.02346
0.02861
0.02346
0.02861
0.02346
0.02861
0.02604
0.02604
0.02604
6.897
14.43
14.38
14.43
14.79
15.09
11.15
12.13
