15.31
10.72
12.99
13.21
14.36
15.43
15.19
14.65
14.82
12.57
12.67
13.23
14.28
16.46
19.46
8.325
0.5234
0.1667
0.02346
5.573
14.14
14.99
14.94
14.87
15.01
11.98
14.43
15.14
15.26
14.65
15.21
11.56
14.16
15.19
15.28
15.43
14.99
10.56
10.93
17.14
16.33
17.53
18.53
19.24
17.48
17.46
17.14
18.09
16.28
15.41
15.48
17.46
13.77
10.84
12.84
12.18
13.31
10.74
11.45
11.9
14.65
14.4
14.48
14.87
15.87
5.92
15.99
15.04
14.75
15.38
14.97
15.28
15.62
15.14
14.92
16.38
15.38
16.11
16.7
15.43
14.04
11.24
13.33
13.53
13.33
14.21
13.7
14.26
11.08
13.35
17.75
17.48
16.92
16.06
15.06
14.89
15.75
15.84
18.21
16.5
17.63
17.41
16.75
12.94
11.6
14.5
12.62
14.01
15.67
22.56
28.27
17.5
12.18
21.09
25.1
23.02
17.8
17.16
17.77
20.04
23.9
20.17
13.75
14.36
10.93
7.043
18.68
18.43
18.73
18.38
19.36
20.53
21.12
21.39
17.97
17.75
13.43
13.11
13.96
11.22
11.13
14.5
12.13
12.4
13.21
13.89
12.65
14.5
14.01
13.72
14.26
14.28
9.375
13.4
13.62
13.82
14.06
14.21
14.21
13.82
7.788
19.26
18.85
20.29
20.51
19.41
18.6
18.31
18.09
15.5
15.38
15.09
16.33
16.09
11.87
12.55
13.82
14.55
16.65
21.73
25.68
4.12
0.6226
0.1041
0.02346
0.02861
0.02346
3.369
16.38
14.14
9.705
13.31
8.093
6.86
10.28
12.89
13.67
13.92
14.18
14.58
11.29
14.92
8.557
9.094
13.11
12.5
13.43
13.87
14.36
7.251
0.56
2.109
13.62
13.31
14.11
13.65
13.62
14.31
11.74
11.87
11.83
13.09
12.21
12.77
12.02
13.7
13.75
14.09
13.82
14.48
6.909
0.6149
0.2396
0.02861
0.02346
1.938
13.57
14.16
14.4
14.06
14.28
14.62
15.36
24.54
26.27
16.5
14.92
13.04
15.09
18.82
12.96
10.79
13.04
16.58
0.164
0.1068
0.01822
0.02346
0.02079
2.005
14.6
12.13
13.4
14.58
14.31
14.58
13.6
8.875
8.606
12.34
13.21
13.5
14.28
14.58
9.485
11.32
11.74
11.96
0.2029
0.1171
0.02079
0.02604
0.02079
1.569
13.26
13.06
11.58
11.29
12.48
11.56
5.524
4.901
13.79
14.43
14.26
14.4
14.99
13.75
12.44
12.77
13.94
12.44
1.353
0.1459
0.03128
0.02861
0.02604
1.898
16.33
14.94
15.06
11.85
12.67
13.31
17.53
20.78
20.0
14.65
12.74
11.32
12.77
13.4
22.58
26.37
25.73
4.37
0.5524
0.1015
0.02346
0.02604
0.02346
2.176
14.94
12.72
13.38
15.67
15.45
15.62
15.43
15.23
15.26
12.27
15.77
14.75
15.14
15.48
17.02
14.75
19.12
18.63
19.17
19.12
3.491
0.5363
0.0885
1.99
15.92
15.06
6.494
17.53
11.72
15.23
16.21
12.84
11.49
16.11
17.02
15.97
17.16
16.92
11.44
15.28
14.94
15.75
15.14
15.99
15.11
8.264
19.97
18.12
16.36
17.29
20.65
23.58
24.56
25.1
23.68
22.68
23.02
21.04
23.32
23.73
22.78
22.97
24.07
28.32
30.42
32.81
36.62
38.82
39.65
38.72
20.04
31.45
38.82
33.25
35.99
32.91
29.59
32.67
22.75
4.688
38.48
39.5
41.21
39.01
36.47
35.25
35.16
33.74
32.42
31.88
25.34
14.58
14.55
14.97
16.02
15.62
15.43
17.04
18.21
16.55
16.16
16.43
15.33
15.67
25.1
20.07
22.22
23.73
22.34
24.98
26.12
25.59
19.75
19.29
18.19
19.95
20.07
7.629
16.72
26.12
26.07
28.03
28.71
27.64
27.73
25.68
25.39
26.71
28.08
28.12
27.44
30.18
29.98
28.37
30.81
30.13
30.96
30.96
30.76
29.44
26.56
20.17
32.37
33.11
32.37
33.2
25.0
25.0
26.12
27.39
12.39
14.23
38.33
34.96
20.48
36.18
37.74
36.52
24.02
22.34
24.1
21.29
21.78
26.37
25.93
27.15
26.27
26.95
28.27
29.0
27.59
27.73
27.78
27.93
19.14
17.41
25.29
21.26
22.22
25.44
23.41
23.58
17.92
19.9
19.24
19.65
16.53
0.3204
12.72
27.49
27.54
27.2
28.61
29.69
28.71
28.56
26.61
27.39
26.42
24.1
25.93
27.0
26.71
27.1
27.54
29.88
30.71
29.88
30.52
29.1
28.61
17.53
17.36
31.1
32.57
32.91
33.2
29.15
23.22
23.8
23.1
15.72
14.55
27.64
37.55
33.25
22.58
38.04
16.55
36.62
19.87
22.05
22.56
17.09
21.12
21.53
14.31
21.97
30.42
25.83
25.49
21.58
14.55
24.32
24.61
23.32
19.7
22.78
14.06
19.53
25.63
27.34
20.21
20.87
18.7
15.97
24.71
25.34
20.19
22.61
21.39
9.729
16.06
18.29
17.36
17.92
11.01
27.54
28.47
21.85
26.86
21.29
10.22
30.18
30.42
30.08
30.86
30.57
31.74
30.62
31.1
28.91
31.3
31.3
32.71
34.42
32.18
32.28
30.27
27.93
26.42
24.34
20.97
15.43
15.99
16.48
20.12
21.78
24.12
25.63
25.98
29.54
31.1
32.32
30.91
6.409
41.46
39.79
40.87
41.75
41.55
42.09
41.21
40.67
40.67
41.65
41.94
42.33
42.38
42.72
32.52
11.44
15.04
15.87
15.21
15.82
14.99
15.65
15.8
14.89
15.31
15.21
14.01
14.28
14.26
14.21
14.18
14.28
8.533
11.82
18.58
17.09
15.8
16.48
16.55
15.16
15.01
16.33
17.41
17.41
17.04
16.24
16.26
16.63
15.87
16.04
18.19
19.02
19.51
18.63
16.89
16.55
18.36
19.92
19.53
20.21
20.24
23.71
24.54
24.56
15.97
14.48
16.09
17.75
14.58
14.16
13.16
14.97
14.99
14.97
15.23
15.06
15.62
16.14
15.36
14.92
14.31
14.31
14.62
14.48
14.53
14.5
14.38
7.996
11.68
14.26
14.28
14.11
14.31
14.62
10.17
15.55
14.31
14.72
15.62
15.67
10.75
15.58
13.57
15.21
14.75
14.28
14.36
17.48
13.7
16.24
17.46
19.17
20.85
13.5
12.12
12.52
14.58
15.75
11.24
22.73
21.73
23.14
22.39
24.34
24.1
26.37
27.83
28.12
29.64
29.54
29.79
29.93
21.31
15.01
14.62
15.06
15.82
15.45
15.82
16.46
16.65
16.43
16.75
15.28
14.89
14.92
15.33
14.77
14.77
14.87
14.45
15.14
16.38
16.43
16.48
15.04
14.65
14.82
15.77
15.92
14.6
14.67
14.5
14.99
15.09
16.55
15.6
3.619
0.1041
0.04168
0.02604
0.02604
0.02604
0.03128
0.02604
0.02604
0.02604
0.02604
0.02604
0.02604
0.02604
0.02079
0.02079
0.02604
0.01564
0.02604
0.02079
7.983
12.44
15.23
13.38
12.15
13.6
11.67
13.79
14.11
14.09
14.26
