0.02584
0.0351
0.02565
0.04292
0.06599
0.0246
0.03014
0.03109
0.03014
0.02718
0.02842
0.02451
0.0002861
0.03014
0.02155
0.01516
0.02851
0.03538
0.02766
0.03195
0.02213
0.02556
0.02823
0.0205
0.02537
0.02537
0.0267
0.02203
0.03672
0.01326
0.02632
0.02937
0.03166
0.02203
0.02918
0.02623
0.03481
0.02947
0.02308
0.02699
0.0308
0.02565
0.02775
0.03061
0.0
0.02756
0.02851
0.0246
0.02451
0.0308
0.03262
0.02489
0.0247
0.02518
0.02918
0.02947
0.03052
0.02537
0.03529
0.02604
0.03405
0.03653
0.03214
0.03529
0.06084
0.0494
0.02756
0.02756
0.0308
0.02279
0.02394
0.02756
0.03262
0.03157
0.02804
0.0247
0.02546
0.02413
0.02518
0.02956
0.02785
0.02623
0.02728
0.02661
0.0227
0.0246
0.02708
0.02785
0.02813
0.03071
0.03138
0.02842
0.01793
0.02804
0.02356
0.02766
0.02489
0.02489
0.01879
0.01888
0.0226
0.02546
0.1516
0.05398
0.02251
0.02432
0.02499
0.02031
0.02661
0.01974
0.03004
0.01822
0.03223
0.02384
0.02546
0.01822
0.02594
0.0268
0.02518
0.02165
0.02899
0.02174
0.01926
0.02413
0.0205
0.02804
0.02117
0.02899
0.02956
0.0
0.02546
0.0267
0.02651
0.02441
0.03662
0.02394
0.03519
0.02499
0.04025
0.02184
0.02441
0.02604
0.02623
0.02785
0.0288
0.02584
0.02966
0.0268
0.02241
0.02337
0.03071
0.02527
0.04082
0.02708
0.02661
0.06084
0.03033
0.03014
0.02842
0.02432
0.04005
0.03119
0.03281
0.03071
0.02661
0.03109
0.03395
0.02642
0.02546
0.02785
0.02565
0.02394
0.02394
0.02537
0.02451
0.02041
0.05121
0.0494
0.02127
0.04129
0.04816
0.04711
0.04578
0.04749
0.04663
0.05274
0.0555
0.06104
0.05112
0.07372
0.05312
0.04454
0.05083
0.05217
0.04644
0.04921
0.05264
0.05121
0.05341
0.05083
0.04873
0.05159
0.05856
0.05264
0.04053
0.05455
0.04711
0.04616
0.04959
0.0005722
0.05121
0.05255
0.07858
0.00639
0.07639
0.03986
0.05369
0.05131
0.04501
0.05245
0.06371
0.05875
0.05274
0.05856
0.06247
0.06094
0.05598
0.05636
0.04864
0.05608
0.05636
0.05093
0.05636
0.05512
0.0452
0.05722
0.0556
0.05026
0.05398
0.05054
0.0495
0.05817
0.05674
0.05045
0.05484
0.05722
0.05074
0.05293
0.05894
0.06323
0.04921
0.05884
0.04625
0.06447
0.04787
0.06475
0.05665
0.05054
0.04759
0.05207
0.04883
0.05331
0.05064
0.04492
0.0495
0.04301
0.08354
0.03605
0.05379
0.05217
0.0432
0.05322
0.05198
0.05646
0.05322
0.05856
0.04692
0.05064
0.05045
0.05274
0.05751
0.05445
0.05684
0.05636
0.04768
0.05093
0.05016
0.05074
0.05207
0.0473
0.04597
0.05274
0.0493
0.04673
0.04711
0.05522
0.04845
0.04902
0.04969
0.04587
0.05322
0.05884
0.04539
0.05484
0.05083
0.05016
0.04454
0.04282
0.04263
0.04711
0.05245
0.04597
0.0494
0.1614
0.05236
0.0556
0.04396
0.05608
0.04454
0.04873
0.04692
0.04568
0.05121
0.0495
0.04807
0.05417
0.03853
0.04168
0.05093
0.04263
0.0453
0.05569
0.04034
0.05083
0.0474
0.04807
0.04492
0.04301
0.03595
0.0474
0.04063
0.04559
0.04768
0.04244
0.04206
0.0494
0.04101
0.04101
0.04063
0.04702
0.04759
0.04559
0.04349
0.04396
0.04759
0.04072
0.04091
0.04501
0.04282
0.04244
0.03319
0.04053
0.04501
0.04425
0.04339
0.04511
0.04444
0.05169
0.03948
0.04444
0.04215
0.04416
0.04406
0.03557
0.03195
0.03748
0.04072
0.03777
0.04148
0.04263
0.03328
0.04826
0.04225
0.04635
0.03834
0.04559
0.04797
0.04349
0.04253
0.04425
0.03881
0.03872
0.03662
0.03881
0.03157
0.03643
0.0371
0.03881
0.03328
0.03061
0.03977
0.02947
0.02708
0.02689
0.03185
0.03271
0.03128
0.03414
0.03462
0.02956
0.02728
0.04177
0.0351
0.03567
0.0308
0.03433
0.03834
0.03462
0.02995
0.02737
0.02909
0.03395
0.03281
0.0288
0.0308
0.03328
0.02708
0.03176
0.0267
0.03738
0.04683
0.03157
0.0351
0.03786
0.07076
0.06971
0.02689
0.02804
0.03338
0.02651
0.02689
0.07439
0.0349
0.03109
0.02928
0.0288
0.02718
0.02851
0.02832
0.02489
0.02584
0.02823
0.03252
0.02747
0.03052
0.02699
0.03204
0.03481
0.03128
0.03395
0.03471
0.03376
0.02985
0.02594
0.02489
0.02146
0.02279
0.01907
0.02604
0.02441
0.04969
0.02413
0.01936
0.0226
0.02184
0.07362
0.0309
0.02022
0.0227
0.02737
0.12
0.02556
0.02642
0.03099
0.02441
0.03023
0.0267
0.02661
0.02918
0.03147
0.01993
0.02155
0.0206
0.02594
0.02575
0.02127
0.02308
0.02165
0.02775
0.02012
0.01802
0.0246
0.0248
0.02451
0.02174
0.01907
0.02241
0.02365
0.02508
0.0247
0.02708
0.03214
0.03233
0.1123
0.0288
0.0288
0.08869
0.02947
0.03252
0.0309
0.0289
0.03176
0.02966
0.03538
0.03119
0.03033
0.03099
0.03281
0.03252
0.03996
0.03862
0.03681
0.02728
0.03233
0.06189
0.06399
0.03052
0.03929
0.03834
0.03405
0.03557
0.03204
0.03138
0.0267
0.03462
0.03605
0.04473
0.03586
0.03347
0.02604
0.03233
0.0267
0.0329
0.02708
0.0289
0.03042
0.03309
0.02546
0.03071
0.02642
0.02146
0.02384
0.03023
0.02251
0.0206
0.02441
0.02327
0.02441
0.02918
0.03834
0.06227
0.02661
0.02642
0.02298
0.0206
0.02279
0.02213
0.02108
0.03481
0.03099
0.02947
0.02565
0.03023
0.02232
0.02241
0.02146
0.02651
0.02041
0.02012
0.02728
0.02556
0.02441
0.02117
0.02317
0.02346
0.01898
0.02689
0.02623
0.02594
0.03204
0.02012
0.01965
0.02279
0.02928
0.02365
0.02441
0.02813
0.02661
0.02289
0.01841
0.02146
0.02794
0.02661
0.02813
0.0246
0.02537
0.02651
0.02251
0.02308
0.0268
0.02537
0.01965
0.02031
0.02136
0.02623
0.0185
0.01965
0.0186
0.02193
0.02489
0.02079
0.02089
0.02031
0.02508
0.02537
0.02346
0.02775
0.02565
0.02527
0.01917
0.02756
0.03128
0.01879
0.0186
0.02146
0.02604
0.02289
0.02403
0.02003
0.02279
0.01726
0.02289
0.02365
0.02394
0.02508
0.02127
0.02222
0.0267
0.02203
0.0289
0.02079
0.02069
0.0268
0.04482
0.02527
0.02565
0.02823
0.02184
0.02365
0.02193
0.02365
0.03042
0.02985
0.02689
0.02222
0.0289
0.03357
0.02565
0.02432
0.02546
0.02375
0.02518
0.02575
0.02728
0.02518
0.0227
0.0003815
0.02728
0.02489
0.02136
0.02241
0.01974
0.02108
0.02222
0.02337
0.02451
0.02251
0.02422
0.02613
0.033
0.02117
0.02098
0.02127
0.02337
0.02089
0.02995
0.02546
0.02279
0.02556
0.02623
0.02317
0.02327
0.02403
0.02451
0.02193
0.02651
0.01974
0.02346
0.02222
0.02193
0.02489
0.0268
0.03071
0.02785
0.03414
0.02508
0.02279
0.02069
0.02184
0.02689
0.03099
0.02413
0.02642
0.0227
0.02966
0.02604
0.02289
0.08698
0.02842
0.03195
0.02451
0.07753
0.03214
0.02346
0.03185
0.02213
0.0268
0.02489
0.02728
0.02556
0.02832
0.02394
0.02279
0.0577
0.05217
0.0205
0.02594
0.02661
0.02413
0.02489
0.06533
0.03901
0.02499
0.01659
0.02375
0.02747
0.03462
0.02136
0.03061
0.02928
0.02756
0.03195
0.03386
0.03605
0.03681
0.03538
0.0412
0.0351
0.03281
0.04654
0.04015
0.0391
0.0392
0.03853
0.03548
0.03576
0.03319
0.03242
0.03233
0.03796
0.03576
0.02565
0.03462
0.08039
0.03567
0.03376
0.03147
0.03624
0.037
0.03729
0.03319
0.03166
0.03901
0.03834
0.03729
0.04129
0.03815
0.04005
0.04702
0.04339
0.04015
0.04225
0.04482
0.04654
0.03939
0.03939
0.05035
0.05503
0.04673
0.04511
0.05159
0.05369
0.05007
0.03328
0.03777
0.03939
0.0007629
0.04339
0.0493
0.03777
0.04597
0.04759
0.03366
0.05226
0.04463
0.03548
0.04539
0.04005
0.03824
0.0433
0.04005
0.04187
0.04101
0.04416
0.04025
0.0371
0.04101
0.04311
0.05083
0.06123
0.09146
0.04435
0.04663
0.02632
0.04177
0.04683
0.03805
0.0392
0.05169
0.03395
0.03729
0.03405
0.1335
0.03929
0.0453
0.03891
0.0329
0.04187
0.04349
0.03414
0.05045
0.03767
0.03328
0.04025
0.0411
0.04358
0.03557
0.04129
0.03757
0.02918
0.03929
0.1228
0.0823
0.03824
0.03939
0.04139
0.0329
0.03204
0.0
0.04082
0.04292
0.03691
0.03557
0.03815
