13.53
12.72
13.77
14.16
13.89
14.31
14.06
10.82
13.28
12.79
12.94
13.67
14.38
14.33
14.72
13.11
1.024
0.4608
0.05732
1.959
13.6
15.43
17.19
19.82
18.65
13.28
16.5
14.58
14.31
13.79
12.29
14.5
17.09
18.36
13.89
14.26
12.99
12.21
13.87
13.38
13.48
15.33
17.46
12.84
13.26
14.82
15.23
14.26
14.26
14.06
8.435
14.97
17.9
15.67
14.94
15.55
15.06
15.04
15.6
15.26
15.5
15.58
15.38
15.26
14.65
24.19
11.88
16.94
15.92
16.89
17.63
18.31
18.29
19.17
19.26
19.36
16.36
16.24
14.94
14.87
16.94
8.594
10.38
12.79
12.62
13.92
13.55
14.11
11.54
11.1
17.77
16.43
17.65
18.53
17.8
17.11
16.55
17.31
15.8
14.87
15.11
15.11
14.45
11.88
13.84
13.48
13.84
13.99
14.58
13.94
3.833
20.85
18.24
19.17
20.29
19.92
19.14
18.19
19.12
16.28
15.01
16.04
14.72
18.16
13.82
17.65
25.2
31.01
21.07
16.7
14.53
14.45
15.82
14.4
16.28
17.77
5.963
18.58
16.06
15.41
17.63
17.87
17.97
17.19
17.21
17.63
15.6
15.6
17.29
16.87
18.46
11.41
12.57
10.75
13.92
13.65
13.99
14.18
14.14
14.33
13.96
9.204
18.55
18.29
17.09
16.02
15.09
14.92
14.62
15.04
15.26
15.36
15.45
15.82
16.24
14.6
14.45
10.38
11.83
12.41
14.72
12.87
4.425
0.1616
0.0495
0.02861
0.02346
2.234
14.82
17.38
20.56
26.17
16.14
5.45
15.72
12.99
12.57
12.62
12.06
12.94
14.87
14.18
13.57
12.29
12.38
5.377
0.1484
0.06247
0.02079
0.02346
0.02346
1.962
11.51
9.009
11.58
13.99
14.45
14.04
14.36
8.911
12.62
12.62
12.1
14.04
14.01
14.04
13.89
14.28
13.11
12.48
1.099
0.1692
0.03128
0.02604
0.02079
1.282
12.82
13.31
13.45
13.26
13.7
12.43
14.33
12.84
12.17
12.79
13.26
13.96
14.06
14.16
14.45
14.45
13.38
6.726
0.2552
0.05732
0.02346
0.02604
0.02346
2.103
18.68
13.96
12.57
16.97
14.65
9.216
11.83
13.01
13.57
14.11
14.09
15.14
10.14
13.48
14.11
14.38
15.77
12.07
13.21
10.1
0.5524
0.2968
0.02604
0.9018
13.82
11.45
11.57
13.57
13.43
14.58
13.87
14.11
14.28
10.31
11.74
14.16
13.65
13.94
14.21
14.58
10.11
12.45
0.3647
0.1198
0.02079
0.02604
0.02604
1.031
11.76
13.96
13.55
14.14
14.18
14.16
14.14
13.62
12.22
17.53
20.95
27.44
17.31
14.04
12.62
13.13
11.8
3.253
0.1354
0.05465
0.02346
0.02604
0.02346
1.697
15.92
12.79
6.177
3.04
16.11
19.73
20.85
16.41
16.21
14.58
17.16
11.27
17.07
17.97
20.17
22.34
15.72
4.828
0.3929
0.07296
0.02346
0.02861
0.02604
0.8728
17.07
15.53
16.11
18.07
20.53
14.4
13.62
9.656
19.7
21.51
23.44
23.75
24.07
25.63
26.9
28.47
28.52
27.93
28.37
27.49
27.25
25.83
24.85
25.15
24.29
23.0
22.75
23.75
24.56
25.39
26.61
25.83
25.44
14.53
14.62
20.56
20.21
21.19
22.36
21.88
20.73
16.36
15.41
19.04
27.88
25.49
5.389
12.23
20.14
19.14
18.9
20.29
21.26
19.65
19.7
19.19
18.8
18.19
17.92
17.02
18.97
19.43
18.85
19.17
20.19
20.34
19.07
17.99
20.51
22.97
23.73
22.27
22.31
22.97
23.14
21.9
23.58
24.39
20.39
12.26
16.92
19.97
19.97
20.9
15.38
16.85
19.38
18.19
15.53
16.36
17.43
20.29
21.02
9.399
2.78
10.33
21.29
23.78
24.76
25.73
24.66
22.44
22.46
23.29
27.88
27.73
27.44
27.88
26.61
27.59
26.46
25.15
25.78
26.03
24.22
23.27
24.46
25.54
26.66
26.51
27.2
15.06
9.497
17.92
26.12
26.9
27.39
26.56
26.03
13.65
19.21
20.09
19.21
17.7
7.446
13.6
31.01
29.93
32.71
32.52
33.98
32.03
30.86
30.22
31.84
34.72
24.24
39.7
41.06
41.06
33.74
17.85
23.66
20.65
21.8
24.44
24.71
7.556
14.43
27.39
26.07
26.61
24.15
22.46
21.17
17.85
18.21
19.56
19.63
17.38
4.669
13.57
27.2
26.81
26.81
24.19
22.44
23.85
23.93
24.05
24.24
26.32
26.71
27.73
27.44
28.17
28.96
27.78
25.93
26.61
26.71
25.78
26.86
29.3
25.68
25.05
13.53
16.87
26.37
28.91
26.76
29.0
28.42
24.78
25.63
26.07
23.12
10.9
31.45
35.6
26.81
33.74
17.85
36.38
28.61
31.05
28.96
39.06
17.82
40.72
30.52
39.89
18.77
25.44
21.46
22.36
16.24
21.31
14.48
20.46
27.1
26.81
23.66
26.51
15.84
16.19
16.5
16.09
18.43
6.982
24.29
23.56
23.75
24.61
26.76
25.29
25.15
26.42
26.12
27.78
26.12
25.73
25.73
26.66
27.05
25.49
26.56
24.71
24.34
25.39
28.08
30.76
29.69
25.78
21.51
13.53
16.89
15.45
15.09
15.14
15.16
14.99
14.99
15.87
15.16
14.94
15.21
15.65
21.95
27.88
17.14
3.339
21.02
16.02
15.8
18.53
18.02
18.09
17.6
18.6
22.68
24.61
24.9
25.49
25.05
21.09
16.8
15.75
16.14
15.75
15.5
15.45
15.77
15.77
16.82
15.43
15.67
17.58
17.02
15.65
15.89
15.77
15.28
15.16
15.33
15.41
15.36
13.31
16.06
15.38
15.62
15.65
15.43
15.53
15.48
15.48
14.4
14.43
13.79
14.23
14.26
14.6
14.55
14.48
11.76
5.737
17.43
14.45
13.79
12.74
14.53
11.44
13.38
13.87
13.96
13.99
14.14
14.53
13.31
10.23
14.84
13.26
13.28
14.28
14.01
14.38
14.28
14.65
13.55
14.28
8.667
20.04
17.38
15.21
14.89
14.92
15.58
15.72
15.77
16.43
15.97
16.53
15.94
15.06
16.21
19.56
19.29
19.6
19.51
17.65
17.48
17.41
17.33
16.99
17.92
18.58
19.02
18.68
17.16
17.07
17.58
16.58
17.36
20.17
19.29
19.26
20.17
15.7
17.99
18.6
21.56
23.07
16.63
16.58
18.29
19.07
18.55
20.48
20.78
21.7
19.46
1.109
18.12
16.92
17.82
16.41
17.36
12.89
16.04
16.75
17.21
16.99
17.77
14.43
16.24
14.77
17.55
18.46
18.46
11.68
0.5783
15.19
13.6
14.84
15.43
15.26
17.75
19.56
19.46
15.16
16.28
16.8
16.99
18.12
12.82
17.82
15.94
14.43
15.45
2.35
0.1303
0.03643
0.02079
0.02604
0.02604
0.03128
0.02604
0.02604
0.02604
0.02604
0.02604
0.02604
0.02079
0.02604
0.02604
0.02604
0.02604
0.02604
0.02079
11.74
15.6
14.84
16.04
15.84
15.55
15.6
15.45
15.62
14.5
15.41
