0.1961
0.1579
0.3281
0.209
0.1183
0.1728
0.264
0.1764
0.3033
0.05512
0.09222
0.07105
0.201
0.1171
0.0002861
0.0
0.0
0.0
0.0
0.004482
0.1554
0.128
0.1827
0.2823
0.1968
0.1595
0.2304
0.2453
0.1301
0.1875
0.2605
0.09117
0.08411
0.1554
0.2048
0.1207
1.068
1.137
1.335
1.285
1.34
1.505
1.572
4.083
2.24
1.807
3.125
1.503
0.6897
0.4631
1.126
1.117
1.164
1.031
1.114
1.503
1.346
1.216
1.3
5.115
2.939
2.533
0.9369
0.2811
1.651
2.008
2.31
1.315
1.561
5.084
2.917
1.923
1.091
0.3197
0.1122
0.0927
0.2773
0.1213
0.2495
0.473
2.246
2.408
1.837
1.501
1.009
0.9857
4.437
1.599
2.487
1.53
0.4845
1.062
1.736
1.52
1.816
1.587
1.77
4.993
2.2
2.216
1.263
0.3922
0.4303
0.4974
0.1049
1.526
1.819
1.968
1.938
1.825
2.365
4.98
2.216
1.057
0.2014
1.733
2.28
2.405
2.499
2.31
4.688
2.93
1.846
0.7774
0.386
0.4936
0.5516
0.2693
0.1074
0.1001
0.3048
0.4852
0.2701
0.1251
0.1265
0.2308
0.1831
0.6989
2.243
2.505
2.557
5.231
3.296
1.102
0.4822
0.2857
0.1961
0.3586
0.5318
0.4822
0.5165
2.808
1.549
1.865
2.158
2.243
4.956
2.893
1.66
0.8026
0.1608
2.042
2.057
1.74
1.917
2.017
4.999
3.778
1.974
0.6233
0.515
0.111
0.02947
0.09661
0.06695
0.3017
0.1322
0.4028
0.3654
0.3422
0.2884
0.04482
0.1009
0.1045
0.2964
0.01259
9.537e-05
0.01535
0.3082
0.4471
0.1488
0.115
0.08469
0.2892
0.02813
0.3147
0.2625
0.3403
0.06208
0.1225
0.201
0.1738
0.1917
0.3201
0.4189
0.1358
0.1081
0.2651
0.08717
9.537e-05
0.0
0.1909
0.4906
0.333
0.243
0.2251
0.3689
0.1781
0.2392
0.3483
0.4478
0.4364
0.3304
0.2102
0.1932
0.2583
0.185
0.544
0.4799
0.4646
0.3109
0.1535
0.2171
0.06208
0.0002861
0.02728
0.2182
0.1806
0.2022
0.2052
0.3563
0.259
0.2319
0.2342
0.135
0.2586
0.2251
0.06495
0.09432
0.05417
0.193
0.1923
0.2647
0.1102
0.1005
0.0556
0.1953
0.1577
9.537e-05
0.01516
0.1467
0.2659
0.1324
0.1335
0.1564
0.1856
0.1434
0.1177
0.2022
0.7996
0.08354
0.1034
0.09899
0.2731
0.0329
0.1308
0.3159
0.04978
0.107
0.201
0.1396
0.0005722
0.0
0.05302
0.5821
0.206
0.2178
0.309
0.4654
0.2621
0.0006676
0.2407
0.2354
0.2106
0.3899
0.6134
0.1295
0.1614
0.3731
0.2762
0.1747
0.1575
0.3288
0.1635
0.3456
0.0268
0.0001907
0.01392
0.3044
0.144
0.2308
0.3201
0.1535
0.399
0.1858
0.1286
0.4066
0.1331
0.4829
0.3292
0.235
0.1181
0.1266
0.4074
0.3342
0.1001
0.0
0.0
0.0
9.537e-05
0.0
0.005913
0.1871
0.1383
0.2464
0.1545
0.1163
0.08802
0.2396
0.2121
0.1675
0.2579
0.2178
0.3273
0.3895
0.1493
0.3098
0.1282
0.1816
0.3304
0.0004768
0.0
0.0
0.0
0.0
0.02308
0.161
0.2178
0.3613
0.3269
0.4707
0.2556
0.1575
0.2945
0.111
0.1953
0.08869
0.3613
0.2129
0.3242
0.001526
9.537e-05
0.4471
0.05894
0.1289
0.2468
0.2041
0.473
1.207
1.352
2.121
2.283
2.542
2.472
2.979
2.414
2.438
2.368
2.649
2.335
1.907
2.148
2.368
2.96
4.639
12.02
11.46
11.58
9.546
9.814
7.117
4.883
2.136
0.3872
1.758
2.161
2.054
2.139
2.551
2.527
3.131
2.786
2.765
2.643
2.844
2.725
2.606
2.814
2.899
4.205
7.678
10.78
12.15
11.56
8.044
6.824
5.872
3.156
0.4135
2.426
3.333
3.302
2.28
2.051
2.026
2.234
2.362
2.377
2.38
2.628
2.02
2.411
2.069
2.521
1.361
1.241
1.158
1.411
3.326
5.701
8.008
7.996
8.215
8.533
8.459
6.689
5.219
3.839
3.436
3.4
2.087
1.527
0.5249
1.764
1.898
1.929
2.2
1.743
1.849
2.011
1.801
1.543
1.448
1.672
1.562
1.529
1.288
1.556
1.532
1.654
1.996
2.115
1.923
1.935
1.654
1.37
2.151
5.823
7.8
8.594
7.483
8.35
7.251
7.068
5.774
5.2
3.9
2.765
1.743
0.7515
1.396
1.5
1.691
1.871
1.752
1.91
1.852
1.743
1.782
1.654
1.682
1.935
1.971
1.99
1.558
1.95
1.669
1.593
1.399
2.701
6.982
3.851
6.873
6.097
10.99
7.617
7.69
7.556
5.054
5.151
2.628
1.877
0.5074
1.241
0.8575
0.7767
0.975
1.044
1.147
1.224
1.248
1.053
1.221
1.141
1.132
1.26
1.015
1.059
1.018
1.379
1.283
1.37
1.376
1.379
1.318
1.645
1.965
1.736
1.52
1.657
1.651
1.537
2.625
4.956
6.531
6.824
8.655
7.263
8.435
7.446
7.3
4.553
4.089
2.664
2.35
0.7248
0.6729
0.914
1.19
3.284
4.047
1.277
0.2476
0.9613
1.297
4.181
1.471
0.544
0.1724
0.1019
0.2781
0.4707
1.115
2.341
4.156
0.9384
0.2052
0.09804
0.3181
0.375
1.215
1.282
4.37
2.448
0.7645
0.1965
0.4539
0.2621
0.2995
0.3696
0.1968
0.425
0.2476
0.3674
0.0289
1.691
2.42
2.658
2.032
2.011
1.566
1.724
1.849
1.923
2.167
2.185
2.136
2.298
2.359
2.237
2.46
2.432
2.097
5.225
6.458
6.665
6.25
8.508
9.729
6.702
8.057
4.956
5.762
3.455
2.731
0.2911
1.187
1.337
1.929
2.176
2.179
2.124
2.274
2.213
2.017
2.084
2.405
2.405
2.292
2.136
2.213
1.877
1.849
2.258
2.667
2.316
6.384
6.201
6.726
6.238
8.777
3.961
4.211
5.774
5.109
4.449
3.955
4.553
3.143
2.228
1.62
2.048
1.476
0.5943
2.521
0.515
0.8987
2.353
0.3101
2.106
0.9186
0.4639
1.051
1.337
0.3944
0.1833
0.1245
0.08812
0.06866
0.06447
0.2171
0.3372
0.1116
0.256
0.05054
0.08755
0.08526
0.2178
0.1858
0.3002
1.294
0.544
1.195
0.8957
0.7431
0.7324
0.349
0.176
0.3239
0.7828
0.8392
0.3407
0.1633
0.2789
0.6371
1.018
0.9384
0.8484
0.3525
0.1316
0.178
0.2354
0.7744
0.2911
0.1431
0.3338
0.2285
1.926
1.938
1.92
2.005
2.106
2.145
1.99
1.978
2.206
2.347
2.432
2.258
2.051
2.023
2.017
2.182
2.087
2.249
2.011
4.401
5.981
5.371
5.835
9.924
9.753
8.618
8.813
6.799
4.443
1.544
0.6699
0.3506
0.3395
0.5791
0.367
0.3895
0.2647
0.322
0.5478
0.3181
0.3635
0.2197
0.2754
0.3414
0.4478
0.5547
0.4204
0.1692
0.3605
0.0002861
0.4204
0.312
0.4959
0.2739
0.3288
0.3334
0.4372
0.2792
0.2914
0.3132
0.5432
0.3643
0.4555
0.367
0.3555
0.2247
0.2666
0.2792
0.359
0.3452
0.1751
0.3292
0.004196
0.0
0.0
0.0
0.0
0.0
0.0
0.0
0.0
0.0
0.0
0.0
0.0
0.0
0.0
0.0
0.3567
0.4433
0.5516
0.6638
0.9583
0.8759
0.1495
0.6226
0.4562
0.375
0.4639
