19.26
18.58
15.55
16.85
0.3048
4.865
17.02
21.0
25.73
31.3
16.02
14.04
18.33
22.12
35.11
7.996
0.7347
0.1511
0.02604
6.702
14.16
18.8
26.37
23.58
13.84
16.92
15.97
17.38
26.51
27.15
18.02
17.24
14.38
13.87
16.63
31.54
31.15
28.32
27.44
23.05
26.12
29.79
35.4
18.31
14.62
28.22
29.93
29.49
27.39
23.34
27.88
29.69
27.25
16.36
13.79
18.85
25.39
18.26
19.82
11.76
15.58
12.6
11.04
28.71
25.68
33.79
31.98
21.51
21.58
26.32
22.41
17.6
13.01
11.9
17.58
28.86
30.47
28.76
30.52
30.62
29.44
26.37
19.17
14.62
8.545
10.05
11.25
10.83
14.11
15.55
16.77
11.54
5.939
6.177
12.77
15.31
17.41
17.72
18.19
11.4
13.48
15.23
25.73
27.78
26.37
26.42
28.76
21.95
25.29
18.92
14.62
10.84
29.54
29.1
25.63
26.81
28.96
25.15
28.66
19.53
13.67
18.14
16.58
16.21
16.58
14.38
13.45
15.55
16.14
15.09
17.43
25.05
31.25
14.06
26.17
37.84
37.74
37.89
30.18
35.06
28.32
17.02
20.43
22.73
26.12
29.25
19.9
30.57
33.35
16.65
12.74
17.53
11.88
13.45
16.19
19.19
20.85
8.191
21.75
25.88
30.62
33.11
32.76
28.91
13.7
15.94
16.33
15.53
10.96
14.87
15.11
14.65
17.21
16.02
16.72
11.77
16.31
16.55
12.15
15.84
14.36
14.16
16.94
17.94
16.21
0.7317
0.4089
0.02346
0.02604
6.604
16.02
15.33
12.04
15.55
13.84
5.524
9.216
14.87
14.99
14.94
14.55
14.16
14.11
14.18
17.58
8.228
0.2056
0.06771
0.03128
0.02604
0.02861
0.02604
0.02861
9.363
17.5
18.73
15.72
13.65
14.31
12.39
14.14
15.7
17.21
11.8
16.04
15.31
18.8
21.92
12.99
11.67
0.4272
0.07553
0.02079
0.02346
0.02346
0.02346
0.02604
3.436
13.16
14.45
14.28
15.6
16.06
15.7
14.79
16.38
11.13
11.52
12.35
15.58
17.09
16.24
17.29
20.36
6.36
0.6409
0.1902
0.02346
0.02861
0.02346
0.02861
0.02604
11.29
16.89
22.46
24.85
11.33
17.82
21.46
25.24
26.71
14.18
14.48
13.79
21.02
18.24
16.26
4.34
0.1692
0.05465
0.03128
0.02604
0.02861
0.02604
0.02861
18.29
33.79
29.39
16.77
8.13
4.877
25.29
35.25
26.71
27.78
33.45
22.95
14.65
25.73
35.74
30.47
15.87
0.9583
0.1537
0.03386
0.02346
0.02861
0.02604
0.02861
0.02604
12.02
21.0
34.33
32.37
14.11
9.998
28.03
35.84
18.92
14.55
15.19
15.21
15.36
16.8
24.66
34.52
23.95
0.8926
0.4372
0.02861
0.02861
0.02346
0.02604
0.02346
6.482
13.55
16.06
25.2
33.84
25.68
35.94
33.5
12.94
18.6
14.67
13.55
14.38
14.87
14.67
12.49
0.2892
0.1276
0.02861
0.02861
0.03128
0.02604
0.03128
3.741
21.61
24.07
13.55
13.31
14.09
14.11
10.38
15.16
14.45
13.04
17.02
19.19
21.09
14.11
15.06
12.72
6.714
14.87
16.14
16.21
16.65
34.23
38.09
38.48
39.89
40.14
40.48
39.55
39.7
39.84
39.55
38.82
37.26
36.87
38.04
30.27
28.27
40.58
38.18
36.87
28.71
28.56
30.47
22.12
2.164
24.8
37.6
38.23
38.57
38.28
38.28
40.87
41.5
40.09
38.82
39.84
41.21
40.48
40.28
41.02
40.09
22.53
19.14
37.11
34.86
36.52
32.71
26.81
30.42
18.29
15.8
2.856
30.08
42.19
39.01
38.04
38.96
39.31
41.94
36.23
18.24
23.24
21.9
21.85
23.02
26.37
26.71
26.66
28.27
29.49
30.76
30.03
22.17
8.386
12.7
24.41
24.29
24.07
23.83
22.63
20.78
14.55
18.73
19.09
19.58
19.26
6.171
17.7
25.73
24.95
27.88
28.03
27.88
26.66
26.9
27.25
27.64
28.27
27.34
28.32
27.39
25.59
28.61
28.47
29.3
29.15
31.88
27.93
25.88
27.05
18.82
13.99
28.37
29.54
29.25
28.47
20.92
23.12
18.97
16.04
15.82
10.53
19.7
5.176
16.7
35.64
36.13
34.42
30.57
32.13
22.95
35.64
36.52
39.01
39.79
40.19
40.33
39.55
40.23
40.48
34.62
42.09
10.4
25.83
34.47
29.54
37.45
32.76
27.93
28.96
25.05
6.299
25.54
24.1
19.09
21.34
20.29
21.63
23.75
25.93
27.54
29.44
29.05
28.66
28.56
27.73
27.59
28.12
27.05
24.93
23.75
25.05
25.2
21.41
24.63
23.83
24.1
21.14
14.43
27.0
26.27
24.0
22.0
24.39
21.83
16.19
17.77
18.6
20.46
19.7
2.655
21.04
28.91
28.03
22.78
25.88
14.31
28.71
28.76
31.64
21.85
28.12
26.9
9.497
23.83
30.13
24.17
27.05
22.8
23.75
25.29
26.22
12.84
35.21
35.69
27.88
25.78
21.22
33.94
31.35
28.61
23.14
23.14
23.63
31.84
13.5
33.74
40.28
21.75
37.16
4.669
39.26
39.21
39.6
37.7
35.99
36.72
39.4
40.58
41.85
40.97
40.23
39.36
40.48
40.53
41.16
34.33
16.46
32.76
32.57
17.29
20.68
20.0
27.34
33.54
14.62
18.92
15.62
3.51
41.06
39.55
39.01
39.99
40.58
40.82
41.41
40.38
39.79
40.77
41.5
41.5
41.6
42.24
41.85
25.88
34.86
35.01
42.63
34.28
28.66
27.44
27.93
9.619
32.32
40.43
41.85
42.33
41.8
39.4
34.23
19.36
22.19
23.9
23.56
24.19
24.58
24.02
26.32
28.27
26.56
28.56
28.86
29.15
28.76
17.75
22.97
24.73
23.8
25.15
24.63
24.41
17.6
18.73
18.04
19.82
17.92
8.691
15.36
14.14
9.534
14.6
13.7
14.28
14.14
14.16
14.58
9.497
14.16
20.43
29.05
29.64
30.76
31.93
31.3
31.35
31.69
31.98
33.11
30.13
31.93
32.52
32.62
31.2
30.62
33.84
34.47
33.4
28.66
18.65
33.2
38.96
41.21
33.79
28.37
21.07
26.9
19.17
3.638
38.67
38.43
37.94
40.28
41.26
42.63
41.8
39.45
38.67
39.31
41.26
40.33
40.72
38.96
39.01
33.84
18.68
42.48
40.72
41.94
30.47
27.49
29.64
25.24
10.64
21.7
13.31
12.87
17.85
20.36
15.11
12.92
16.58
28.22
38.67
38.33
38.87
39.75
40.14
40.28
36.87
40.14
40.28
40.77
41.06
40.62
40.48
39.79
39.6
20.48
17.26
35.6
38.77
38.43
36.77
31.74
31.2
22.8
5.939
19.21
20.14
21.66
38.23
23.58
18.87
19.14
36.82
33.2
19.31
3.198
0.211
0.04168
0.02861
0.02346
0.02861
0.02346
0.02861
0.02604
0.03128
0.02604
0.02861
0.02604
0.02861
0.02346
0.02861
0.02604
0.02604
0.02604
0.02604
0.02604
13.04
22.34
23.9
22.05
20.12
21.24
20.53
20.31
21.44
21.34
