0.0
0.05407
0.2586
0.0002861
0.003624
0.3025
0.1087
0.0
0.0
0.0
0.0
0.0
0.0
0.0
0.0
0.0
0.0
0.0
0.0
0.0
0.0
0.0
0.0
9.537e-05
0.0
0.0001907
0.0
0.0
0.0
0.0
0.0
0.0
0.0
0.04063
0.6142
0.7919
0.8087
0.7637
0.8362
0.6569
0.7568
5.707
1.776
3.748
2.628
1.033
0.107
0.6844
0.7103
0.7622
0.7996
0.8072
0.885
3.687
2.936
3.055
1.981
0.6775
0.1266
0.1131
0.6287
0.6493
0.8545
0.8575
0.9216
0.9766
4.755
1.733
2.49
2.765
0.9537
0.1715
0.3288
0.1276
0.2914
0.753
0.9552
0.882
0.9476
1.013
5.151
1.953
3.516
1.06
0.721
0.1343
0.3845
0.5936
0.7057
0.7713
0.6721
0.7675
0.7645
3.528
2.792
2.231
2.951
1.721
0.3128
0.1501
0.1602
0.2434
0.7935
0.9644
0.8621
0.8865
0.8408
5.231
2.026
2.341
2.576
0.5959
0.5333
0.7729
0.7034
0.7607
0.9796
0.9491
3.876
2.939
3.07
2.31
0.7668
0.5203
0.2506
0.1419
0.259
0.1999
0.5501
0.547
0.4456
0.5135
0.2106
0.9476
0.4105
0.1472
0.4082
0.2357
0.9491
1.048
0.9735
1.001
5.597
4.889
2.191
0.4013
0.3544
0.3418
0.4082
0.3799
0.7797
1.19
1.018
1.085
3.223
4.565
3.796
1.001
0.1442
0.2583
0.1867
0.7408
0.943
0.7797
0.9506
0.9705
5.835
4.425
2.005
0.856
0.3452
0.1759
0.354
0.3422
0.4913
0.3304
0.2819
0.3178
0.00248
0.2995
0.288
0.2174
0.0
0.0
0.0
0.0
0.0
9.537e-05
0.0
0.0
0.0
0.0
0.004482
0.02213
0.4799
0.3262
0.1675
0.3723
0.3109
0.2804
0.2392
0.2842
0.02222
0.2823
0.2724
0.0
0.0
0.0
0.0
0.0
0.0
0.0
0.0
0.0
0.0
0.0
0.0
0.01583
0.2361
0.3609
0.3319
0.2285
0.172
0.5135
0.01965
0.486
0.0948
0.4997
0.227
0.1324
0.322
0.001431
9.537e-05
0.0
0.0
0.0
0.0
0.0
0.0
0.0
0.0
0.1217
0.2041
0.1677
0.3891
0.128
0.235
0.2029
0.4005
0.3601
0.1598
0.3613
0.3853
0.3448
9.537e-05
9.537e-05
0.0
0.0001907
0.0
0.0
0.0
9.537e-05
0.0
0.0003815
0.0
0.0
0.0
0.0
0.0
0.0
0.0
0.0002861
0.0
0.06332
0.5867
0.3658
0.127
0.1305
0.1307
0.2972
0.0002861
9.537e-05
0.0
0.0
0.0
0.0
0.0
0.001049
0.6706
0.3265
0.2625
0.1123
0.4051
0.1665
0.1265
0.2312
0.1802
0.0002861
0.0
0.0
0.0
0.0001907
0.0
0.0
0.0
0.0
9.537e-05
9.537e-05
0.0
0.0
0.0
0.0
0.0
0.0
0.0
0.0
0.0
0.0
0.0
0.0
0.0
0.0
0.0
0.0
0.0
9.537e-05
0.0
0.0
0.0
0.0
0.0
0.0
0.0
0.0
0.0
0.0
0.0
0.0
0.0
9.537e-05
0.0001907
0.0
0.0
0.0
0.0
0.0
0.0
0.0
0.0
9.537e-05
0.0
0.0
0.0
0.0
0.0
0.0
0.0
0.0
0.0
0.0
0.0
0.0
0.0
0.008011
0.3311
0.6432
0.753
0.8408
1.038
1.151
1.088
1.302
0.9598
0.9644
0.946
0.9491
0.9125
0.721
0.7576
0.6714
0.6523
0.827
1.154
1.086
1.08
1.028
1.097
6.104
9.363
8.508
10.45
9.351
9.827
7.507
9.338
4.114
4.48
2.89
2.274
1.859
0.3426
0.7294
0.798
0.7088
0.7339
0.6706
0.695
0.5943
0.6409
0.7477
1.033
0.9796
0.7591
0.9064
1.033
0.9903
1.007
0.9628
0.9125
0.8926
0.8057
0.8789
0.7637
0.8469
0.9155
6.604
7.153
5.737
6.36
10.6
8.228
8.179
8.667
5.817
4.169
4.059
2.591
2.527
2.155
0.473
0.663
0.724
0.6927
0.6607
0.6111
0.6203
0.6203
0.6439
0.7576
0.576
0.7156
0.65
0.6966
0.6386
0.7439
0.8331
0.7683
0.7393
0.6187
0.6104
0.6287
0.6226
0.6493
0.7065
0.6927
0.6409
0.7637
0.6119
0.6241
3.687
7.751
5.786
4.742
5.695
9.717
6.616
7.69
6.396
6.348
6.458
3.943
4.059
2.316
2.948
2.039
0.1701
0.5096
0.4921
0.5669
0.5493
0.7843
0.8163
0.8499
0.798
0.724
0.7706
0.798
0.8255
0.7538
0.6767
0.7767
0.8179
0.7195
0.9598
0.9827
0.9567
0.9232
0.8331
0.8804
0.7202
0.8591
0.7317
4.248
6.372
7.202
4.749
4.041
10.12
5.347
6.348
5.096
6.287
6.348
5.841
3.333
4.059
2.774
1.843
2.679
2.176
0.3044
0.5676
0.5379
0.5371
0.4753
0.6226
0.5684
0.5859
0.7401
0.6531
0.5974
0.7149
0.5722
0.6012
0.634
0.6248
0.6073
0.6172
0.6706
0.6653
0.5836
0.6516
0.679
0.6493
0.7477
0.7072
0.7164
0.6554
0.8072
0.7874
0.8591
0.7065
2.405
7.922
4.858
5.927
6.128
9.595
6.006
6.482
4.962
9.265
4.755
4.608
3.21
1.92
2.301
2.148
0.1467
0.415
0.3983
0.4242
2.548
2.927
0.9659
1.021
0.2083
0.4036
0.4189
0.5768
2.908
2.643
1.018
1.213
0.174
0.08421
0.07734
0.1329
0.4013
0.1667
0.4662
0.515
0.6149
3.119
2.515
1.083
0.6104
0.47
0.6058
0.6744
0.6508
0.5905
0.6248
0.6584
0.621
0.6149
0.7553
0.6691
0.6378
0.5844
0.5302
0.4944
0.5363
0.5379
0.547
0.5051
0.5783
0.5554
0.5554
0.5226
0.573
0.5508
0.4562
0.5402
0.4753
0.5569
0.5203
0.5043
0.5478
0.518
0.4341
0.4906
0.5898
0.5592
0.5295
0.5531
5.981
6.848
4.987
4.712
5.444
7.996
6.085
5.237
4.651
7.471
7.19
4.211
3.888
3.091
2.908
1.352
2.975
1.329
0.3456
0.6439
0.6165
0.6096
0.5692
0.708
0.6821
0.6439
0.6683
0.634
0.6096
0.5875
0.6119
0.5951
0.6325
0.6256
0.6721
0.7744
0.8102
0.7645
0.7347
0.7538
0.7385
0.7072
0.6195
0.8362
0.6905
0.6195
0.6599
0.7919
0.8591
0.737
6.03
7.812
3.772
4.346
5.701
6.97
4.816
5.603
5.072
5.322
6.946
6.073
3.833
4.041
3.857
2.551
2.289
2.209
0.7271
0.6981
0.3174
0.486
0.7812
0.1484
0.7088
0.28
0.1163
0.07811
0.2007
0.4776
0.3185
0.1055
0.08059
0.2354
0.362
0.3338
0.1535
0.1026
0.272
0.1331
0.5341
0.6691
0.6287
0.592
0.6432
0.7431
0.7118
0.7187
0.6531
0.6592
0.6416
0.7446
0.7767
0.6241
0.6012
0.6371
0.7767
0.7599
0.6287
0.602
0.7057
0.5524
0.6218
0.6866
0.7248
0.6882
0.7004
0.6996
0.6447
0.753
0.6226
0.7019
4.938
7.825
7.104
3.607
4.98
8.118
7.019
5.09
6.958
7.324
6.128
5.853
4.645
1.855
3.662
9.537e-05
0.0
0.0
0.0
0.02508
0.3635
0.4051
0.3242
0.09069
0.08755
0.2102
0.2384
0.3769
0.3155
0.2247
0.0988
0.6149
0.1923
0.3147
0.1518
0.2514
0.2525
0.285
0.0
0.0
0.0
0.0
0.0
0.0
0.0
0.0
0.0001907
0.0
0.0
0.0
0.0
0.0
0.0
0.0
0.0
0.0
0.0
9.537e-05
0.0
0.0004768
0.0
0.3212
0.5516
0.4539
0.3201
0.1682
0.4211
0.528
