19.41
16.26
12.65
20.51
19.29
11.71
18.7
20.56
17.68
13.31
16.38
20.48
19.56
13.55
6.165
5.591
5.438
5.444
5.438
5.444
6.146
8.569
8.13
13.92
20.7
18.51
11.63
9.106
12.06
20.61
19.34
11.55
8.801
8.093
14.48
16.43
17.21
17.58
17.92
15.38
14.82
14.36
12.45
10.27
8.582
11.05
19.31
20.63
18.68
14.72
9.241
8.557
8.411
8.472
10.86
19.14
20.8
19.31
13.09
8.606
8.679
8.191
13.45
15.53
16.36
16.87
17.26
17.58
17.8
17.24
14.6
13.31
11.71
11.21
8.716
14.45
15.84
16.48
17.09
17.29
17.68
16.75
14.43
13.77
12.96
12.46
8.63
7.764
9.216
14.53
15.92
16.65
17.07
17.36
17.68
16.31
14.38
13.57
12.5
9.18
8.618
8.484
8.838
9.814
17.92
20.53
20.17
16.67
14.43
20.53
18.99
12.49
15.09
16.5
17.19
17.65
16.94
14.55
13.45
8.716
8.691
8.679
10.91
15.55
16.67
17.33
17.8
16.87
14.4
14.28
13.7
10.84
9.29
9.18
8.105
13.92
16.06
16.92
17.38
17.8
17.63
14.5
13.79
12.28
9.18
8.398
9.021
8.923
9.009
9.094
9.021
8.301
14.65
16.31
17.11
17.55
17.87
14.75
13.99
12.84
9.607
12.41
16.11
17.02
17.43
17.75
16.5
14.23
14.92
12.99
9.46
8.801
8.911
8.667
8.496
8.618
14.65
20.53
19.31
16.63
9.57
7.068
5.676
5.634
5.634
5.634
5.634
5.634
5.634
5.634
6.238
15.48
20.58
18.38
15.62
7.581
8.398
8.813
8.948
17.02
20.8
18.85
13.55
8.582
8.875
6.604
5.695
5.634
5.634
5.634
5.634
5.634
5.634
5.634
6.067
8.35
8.777
8.813
9.119
16.92
20.46
19.87
16.97
10.38
8.435
10.85
19.48
20.78
18.38
12.94
5.811
5.634
5.634
5.634
5.634
5.634
5.634
5.634
5.939
9.277
8.789
8.545
8.557
8.594
8.289
9.326
8.594
10.24
19.78
20.68
17.55
11.29
9.155
9.167
5.823
5.804
5.634
5.634
5.634
5.634
5.634
5.634
5.634
8.313
8.923
14.7
20.75
18.63
15.8
8.582
15.06
20.8
17.8
8.521
8.521
14.14
20.75
19.34
10.57
6.177
5.682
5.634
5.634
5.634
5.634
5.634
7.959
8.35
9.119
8.826
8.826
8.594
8.557
11.06
19.51
20.51
17.85
11.6
20.04
20.19
13.57
7.129
5.841
5.701
5.634
5.634
5.634
5.634
5.634
5.634
5.634
7.666
8.557
11.39
20.12
20.29
13.5
8.936
8.13
14.38
20.73
19.51
15.11
7.764
8.752
8.582
5.829
5.829
5.731
5.634
5.634
5.634
5.634
5.634
5.634
5.634
7.788
10.79
18.36
20.7
20.73
18.16
15.45
8.801
13.11
19.87
20.83
19.95
15.16
7.19
5.841
5.829
5.829
5.829
5.829
5.829
5.829
5.829
6.519
9.534
10.45
19.38
20.02
17.29
9.509
10.41
19.38
20.78
15.99
8.606
8.154
9.094
18.46
20.8
15.41
8.96
12.12
16.11
17.04
17.68
17.92
18.31
18.55
18.75
18.77
18.97
19.14
19.14
19.14
19.29
19.34
19.34
19.51
19.53
19.53
19.53
19.68
19.73
19.85
19.97
20.09
20.09
20.09
20.12
17.72
16.26
17.9
19.12
19.87
19.87
19.87
19.87
19.68
19.58
19.21
17.75
17.48
17.09
16.06
8.557
14.16
16.09
16.77
17.26
17.65
17.9
17.99
18.31
18.63
18.8
18.77
18.97
18.97
19.14
19.24
19.34
19.34
19.46
19.53
19.53
19.58
19.73
19.73
19.73
19.75
20.02
20.12
20.12
20.12
20.17
18.6
16.72
17.68
19.46
19.9
20.29
20.63
20.56
20.39
20.19
19.46
17.58
16.85
16.85
16.63
12.67
7.935
11.12
15.99
16.97
17.6
17.87
18.24
18.6
18.7
18.92
18.97
19.14
19.19
19.34
19.34
19.51
19.53
19.7
19.73
19.82
19.97
20.12
20.12
19.58
16.31
17.92
20.85
20.85
20.85
20.85
20.87
20.51
19.6
19.53
18.7
10.14
15.21
16.75
17.46
17.92
18.24
18.53
18.75
18.95
18.99
19.04
19.17
19.34
19.34
19.53
19.53
19.65
19.73
19.78
20.0
20.12
20.12
18.33
16.85
18.99
20.19
20.41
20.43
20.43
20.36
19.58
18.92
18.77
17.9
9.9
15.48
16.85
17.6
17.9
18.21
18.55
18.7
18.9
18.95
19.09
19.14
19.21
19.34
19.48
19.53
19.53
19.53
19.7
19.73
19.73
20.0
20.09
20.09
17.94
16.94
19.51
20.65
20.63
20.65
20.65
20.68
19.87
18.16
17.97
16.41
10.86
16.09
16.11
13.23
11.72
12.96
15.84
16.89
16.36
13.77
13.55
10.49
12.65
16.28
16.87
13.43
13.21
10.06
13.72
16.55
17.31
17.77
18.02
18.41
18.7
18.8
18.95
19.04
19.14
19.17
19.34
19.34
19.41
19.53
19.53
19.63
19.73
19.73
19.8
20.07
20.12
20.12
20.12
20.12
18.7
16.53
18.41
19.12
19.41
19.51
19.48
19.51
19.51
19.51
19.07
17.8
17.43
17.11
16.85
14.01
10.28
15.45
16.41
16.89
17.29
17.6
17.8
17.97
18.16
18.46
18.58
18.7
18.77
18.9
19.04
19.14
19.21
19.34
19.51
19.53
19.53
19.58
19.73
19.73
19.73
19.73
19.85
20.0
20.09
20.09
20.29
20.31
19.65
17.26
19.63
20.07
20.87
20.87
20.75
20.56
20.48
20.39
19.19
18.68
18.46
18.02
16.55
16.46
15.06
9.644
14.33
11.66
9.595
12.07
9.705
11.71
13.72
11.21
10.27
14.23
11.57
9.46
13.57
12.45
9.998
11.19
10.62
12.38
11.65
17.24
19.46
19.56
18.7
15.41
9.204
12.1
8.997
12.28
9.668
10.73
11.65
8.533
14.43
16.28
16.99
17.55
17.92
18.04
18.36
18.58
18.7
18.77
18.87
18.97
18.97
19.14
19.17
19.29
19.34
19.36
19.53
19.68
19.73
19.73
19.87
19.97
20.12
20.12
20.29
20.31
18.19
18.02
19.21
20.09
20.87
20.85
20.85
20.85
20.87
20.09
18.65
17.43
17.19
17.04
17.04
13.89
9.399
8.752
9.631
10.22
15.58
16.63
17.19
17.65
17.94
18.24
18.65
18.8
18.95
18.95
19.12
19.14
19.14
19.31
19.34
19.36
19.53
19.53
19.53
19.7
19.73
19.73
19.73
19.82
19.92
20.12
20.12
20.12
20.26
20.29
17.63
17.04
18.6
19.6
19.8
19.75
19.6
19.24
19.12
19.12
18.63
16.48
16.26
16.26
16.06
13.21
6.226
5.829
5.829
5.829
5.829
5.829
5.829
5.829
5.829
5.829
5.829
5.829
5.829
5.829
5.829
5.829
5.829
5.829
5.829
5.829
7.373
9.363
10.25
9.253
9.558
10.73
18.53
20.17
20.12
