0.7256
1.993
1.5
4.376
4.871
1.682
1.306
1.819
4.395
4.346
2.817
1.55
2.896
4.846
2.841
2.734
2.759
1.186
2.634
1.608
2.24
4.218
4.706
1.593
1.375
2.243
4.907
4.028
0.6065
1.456
3.339
2.542
1.508
1.941
1.392
4.541
2.884
1.004
1.044
1.138
0.8789
1.189
0.0
0.0
0.0009537
0.0
0.0
0.001144
0.0
0.0
0.0
9.537e-05
0.0
0.001049
0.0
0.0
0.0
0.0
0.0
0.0
0.0
0.0
0.0
0.0
0.0
0.0
0.0
0.0
0.0
0.0
0.0
0.0
0.0
0.0
0.0
0.0
0.0
0.0
0.0
0.0
0.0
0.0
0.0
0.0
0.0
0.0
0.0
0.0
0.0
0.0
0.0
0.0
0.0
0.0
0.0
0.0
0.0
0.0002861
0.0
0.0
0.0
0.0
0.0
0.0
0.0
0.0
0.0
0.0
0.0
0.0
0.0
0.0
0.0
0.0
0.0
0.0
0.0
0.0
9.537e-05
0.0
0.0
0.0
0.0
0.0
0.0
0.0
0.0
0.0
0.0
0.0
0.0
0.0
0.0
0.0
0.0
0.0
0.0
0.0
0.0
0.0
0.0
0.0
0.0
0.0
0.0
0.0
0.0
0.0
0.0
0.0
0.0
0.0
0.0
0.0
0.0
0.0
0.0
0.0
0.0
0.0
0.0
9.537e-05
0.0
0.0
0.0
0.0
0.0
0.0
0.0
0.0
0.0
0.0
0.0
0.0
0.0
0.0003815
0.0104
2.087
1.81
1.178
2.237
1.009
1.349
0.5013
0.3098
0.3368
0.5066
0.2377
0.03424
2.148
4.926
1.46
0.2426
0.3048
0.7248
1.694
0.5157
1.413
2.777
2.338
1.157
2.115
1.192
0.9644
1.541
3.265
4.413
3.046
0.8423
1.497
0.3685
1.19
0.8743
0.02737
1.143
1.358
4.211
4.504
2.121
0.7385
1.627
0.1213
0.1938
0.2041
0.2007
0.1534
0.1848
0.1921
0.1877
0.1637
0.174
0.181
0.04139
0.0
2.652
5.145
4.742
1.463
0.9354
2.194
2.216
1.366
2.6
1.398
1.172
0.6653
0.5089
1.758
0.1684
0.1318
0.1122
0.1404
0.1316
0.107
0.1074
0.1026
0.1188
0.1295
0.1196
0.1114
0.1392
0.1343
0.06571
0.02861
4.059
4.987
3.162
1.146
1.132
0.9537
0.7736
4.346
4.993
1.225
0.272
0.2357
0.1894
0.2048
0.14
0.6111
1.158
0.7149
1.329
0.6607
0.544
1.266
0.4166
1.212
0.4265
0.5035
0.5997
0.5745
0.8072
0.9552
0.5432
1.056
0.3849
0.396
1.657
4.419
1.411
0.5028
1.003
0.8484
3.104
1.422
2.246
1.715
1.051
1.883
3.098
1.404
1.566
1.691
1.155
0.7858
1.611
1.158
1.051
1.308
1.213
0.8881
1.755
1.807
2.066
1.543
2.319
0.9903
1.201
1.176
0.6042
1.599
0.5775
1.491
1.367
2.283
5.243
4.572
0.6287
0.3471
0.8194
1.27
1.529
2.209
4.077
4.425
0.5714
0.1772
0.23
0.2041
0.2071
0.2171
0.2144
0.2037
0.2151
0.227
0.1909
0.2151
3.18
3.754
3.772
2.338
0.5249
1.109
0.6096
0.6523
0.5173
4.34
5.145
1.244
1.393
1.302
3.235
3.381
0.5173
1.73
0.4898
0.6996
0.8087
0.6943
3.51
3.754
4.065
1.584
1.413
1.003
1.028
0.5806
1.308
1.234
0.8286
1.315
1.152
1.326
3.772
4.559
2.084
0.7057
2.432
1.727
2.133
0.9933
1.23
0.7812
1.572
0.6981
1.366
1.581
2.972
4.315
3.9
0.3498
0.8469
1.204
1.479
0.2388
0.1968
0.2983
0.1743
0.1877
0.1635
0.193
0.1951
0.1816
0.1921
0.2003
0.2014
3.11
3.122
3.943
2.518
0.386
1.266
1.642
0.5844
1.3
0.8698
0.9842
1.904
0.2621
0.1371
1.216
1.071
0.8057
1.143
0.7462
1.266
1.169
0.8041
1.402
1.254
2.444
2.811
1.105
2.164
0.5905
0.2769
1.697
2.927
1.566
0.8957
2.051
0.6439
0.3361
0.3193
1.205
0.605
1.575
1.186
3.503
2.884
0.7141
1.462
0.6744
1.494
1.276
0.9995
0.1965
0.2239
0.1968
0.1759
0.2277
0.1822
0.2052
0.1949
0.1795
0.2094
0.1987
0.9445
2.579
4.163
3.479
1.941
0.6851
1.051
1.294
0.9918
1.213
0.9384
1.112
1.062
1.108
1.518
1.974
4.23
3.723
3.308
1.112
1.015
1.73
1.288
1.129
1.163
1.505
1.691
4.175
4.596
2.631
1.035
1.167
3.418
4.504
3.308
0.7668
1.419
1.349
2.612
4.529
3.302
1.785
2.438
1.141
2.554
0.824
0.1654
0.2136
0.182
0.178
0.2132
0.2193
0.1774
0.2003
0.2026
0.2144
0.189
1.302
2.335
4.694
3.174
1.416
1.091
0.9369
1.434
1.639
0.4478
1.59
0.6607
1.476
0.6454
1.385
1.7
0.2834
0.6561
0.9048
0.8087
3.656
4.645
4.242
0.766
1.405
0.5623
1.338
0.8743
1.334
3.024
3.979
1.276
1.027
1.26
1.685
4.114
1.572
0.8392
0.9811
1.442
1.636
2.444
4.144
1.749
4.449
1.027
1.378
0.7195
1.457
0.8987
0.4814
0.9537
0.9903
1.543
0.5699
1.164
1.492
1.898
3.699
4.028
3.125
0.2724
1.52
2.444
0.8286
2.264
0.8072
0.1764
0.1801
0.2106
0.1728
0.2007
0.1936
0.222
0.2682
0.2102
0.2239
0.1545
3.583
4.529
5.353
2.515
1.292
0.856
1.108
3.455
5.017
2.499
0.7484
1.457
1.172
0.8881
0.2964
0.3277
0.3098
0.9537
1.433
1.48
3.662
4.547
3.363
0.7332
1.627
0.8759
1.137
3.79
2.057
2.264
2.057
3.479
0.9445
2.09
0.8347
1.596
0.4646
1.497
1.028
1.053
1.366
0.9628
1.086
1.544
0.4555
1.45
0.3525
0.798
0.9262
1.617
3.748
4.37
3.18
0.769
1.472
0.8377
2.576
2.6
1.413
1.697
1.299
1.041
1.956
3.778
1.271
2.097
0.8911
1.355
0.8438
0.9552
2.89
2.274
1.009
2.179
3.21
2.051
1.779
1.562
1.602
0.444
1.491
2.444
4.602
4.73
1.256
3.632
1.489
2.325
1.212
1.532
0.856
0.9094
0.2323
1.518
0.4341
1.466
0.4539
1.416
1.43
3.0
0.9674
1.28
2.127
0.605
1.321
1.384
2.405
5.206
2.75
0.647
1.329
0.5516
1.428
1.143
0.6577
0.7629
1.134
5.084
1.155
1.009
1.393
0.9155
0.8591
2.905
5.206
2.679
0.5402
0.1022
0.7111
0.824
1.498
5.017
0.9598
1.331
0.7965
0.9659
1.076
1.566
0.5371
1.712
0.9323
1.083
1.282
0.9766
1.208
3.54
4.7
3.314
1.166
1.476
3.436
4.718
3.265
1.051
2.786
0.9293
1.596
3.018
5.023
3.882
1.016
1.547
0.5775
1.379
1.5
0.5463
1.498
0.5005
1.547
0.4013
1.39
1.126
1.036
4.565
2.249
0.383
0.3788
1.056
1.219
4.846
2.283
1.334
1.593
4.199
4.602
3.11
1.405
0.6264
0.824
0.8133
0.5981
2.188
4.712
4.877
1.157
1.392
0.8713
0.7042
1.12
1.152
0.05407
3.104
1.549
1.776
1.315
1.5
0.8209
1.442
0.7469
1.642
0.5478
1.657
0.853
