11.19
9.045
9.68
14.01
20.83
17.99
15.14
20.83
19.92
13.57
8.875
12.92
20.75
19.85
9.631
6.787
6.604
6.604
6.604
7.458
8.606
9.045
9.229
8.557
8.862
8.948
8.594
9.595
18.6
20.83
18.51
10.1
8.777
15.28
20.83
15.43
9.058
8.777
10.74
15.72
16.87
17.68
18.26
18.55
18.38
15.65
14.55
12.62
8.899
8.655
8.85
8.911
8.948
8.63
10.89
16.06
17.26
18.04
18.6
17.41
15.19
12.79
10.75
8.899
10.36
15.62
16.87
17.8
18.31
18.36
16.04
14.26
10.93
9.583
16.11
17.55
18.14
18.63
17.29
15.11
10.96
8.606
15.43
20.83
20.21
15.84
14.62
16.31
17.04
17.6
18.09
18.58
16.55
15.16
12.89
8.801
8.96
12.49
20.17
20.48
12.62
17.46
20.56
12.87
9.46
17.43
20.83
15.23
9.326
9.326
12.21
16.09
17.02
17.75
18.16
18.58
17.65
15.41
13.43
10.31
13.84
20.7
20.34
12.46
9.607
9.302
10.01
10.01
9.033
10.13
13.96
20.8
18.7
9.729
10.69
20.02
20.14
11.19
13.84
17.07
18.09
18.55
18.95
19.24
19.48
19.58
19.73
19.85
20.09
20.12
20.31
20.31
20.39
20.61
20.68
20.14
17.92
19.63
20.85
20.83
20.85
20.85
20.83
18.77
17.04
17.04
16.77
13.09
9.082
9.607
9.119
13.4
20.73
20.41
14.28
9.912
9.351
9.143
9.46
9.351
9.302
9.314
6.604
6.604
6.604
6.604
6.604
6.604
6.604
7.239
8.972
9.18
8.63
8.984
10.85
20.21
20.26
13.01
15.92
20.78
20.85
16.8
13.28
20.43
20.68
14.16
7.19
6.677
6.604
6.604
6.604
6.604
6.604
7.214
8.997
9.155
9.082
9.131
9.241
8.997
9.131
8.899
9.094
10.53
19.6
20.65
15.53
9.229
9.033
7.544
6.604
6.604
6.604
6.604
6.604
6.604
6.604
6.677
9.314
9.07
9.546
17.24
20.85
20.51
18.46
11.36
9.448
9.29
9.155
9.058
9.546
9.302
10.49
8.936
6.604
6.604
6.604
6.604
6.604
6.604
6.604
6.604
8.337
8.569
8.838
8.667
8.838
8.765
9.448
10.58
19.31
20.85
20.41
13.6
9.253
8.972
8.948
7.996
6.604
6.604
6.604
6.604
6.604
6.604
6.604
7.617
9.546
9.216
9.265
9.094
9.192
9.521
9.595
9.253
9.583
9.79
9.119
8.984
8.813
8.923
8.765
8.667
6.604
6.604
6.604
6.604
6.604
6.604
6.604
6.604
8.093
9.509
18.02
20.83
16.85
8.948
8.887
8.716
8.813
9.949
19.78
20.31
13.87
8.862
8.875
8.24
6.604
6.604
6.604
6.604
6.604
6.604
6.604
6.604
6.812
8.752
8.496
8.997
9.705
19.68
20.39
13.01
12.55
20.83
19.92
13.7
8.667
8.63
9.326
14.89
20.8
20.75
17.58
7.605
7.043
6.628
6.604
6.763
9.583
9.998
9.741
15.94
20.85
20.34
12.65
15.26
16.97
17.68
18.26
18.58
18.92
19.34
19.43
19.6
19.73
19.78
19.92
19.92
20.07
20.12
20.17
20.31
20.41
20.51
20.56
20.7
20.7
19.12
17.33
19.36
20.87
20.87
20.85
20.85
20.85
20.51
17.9
16.67
16.14
9.961
12.72
16.94
17.9
18.43
18.68
19.04
19.29
19.46
19.56
19.58
19.73
19.87
19.92
20.09
20.12
20.31
20.31
20.34
20.51
20.63
20.7
20.73
17.87
19.17
20.85
20.8
20.26
20.29
20.29
18.21
18.02
17.85
15.55
8.655
15.01
17.04
17.8
18.33
18.65
18.92
19.34
19.53
19.7
19.75
19.9
20.07
20.17
20.31
20.31
20.51
20.63
20.7
20.7
20.68
17.97
18.82
20.34
20.75
20.83
20.7
20.34
20.04
19.6
17.53
16.67
15.8
9.412
16.26
17.9
18.63
18.99
19.29
19.51
19.58
19.73
19.87
20.0
20.12
20.14
20.31
20.48
20.51
20.58
20.7
20.7
20.7
19.29
17.07
15.6
17.33
17.58
17.8
20.48
20.78
20.85
20.7
20.46
20.43
19.24
18.21
16.92
15.23
9.314
15.75
17.65
18.46
18.82
19.21
19.48
19.68
19.8
19.9
20.09
20.09
20.29
20.31
20.34
20.46
20.51
20.61
20.73
20.78
20.19
18.02
18.85
20.26
20.8
20.85
20.85
20.8
19.73
17.82
17.24
17.14
17.04
13.75
10.31
16.43
17.82
18.48
18.92
19.24
19.53
19.73
19.87
19.9
20.04
20.14
20.31
20.29
20.41
20.58
20.75
20.83
20.8
19.24
19.41
20.51
20.04
19.9
19.9
19.9
19.8
19.46
17.43
16.48
16.09
11.58
11.76
15.65
16.94
16.02
13.72
13.7
9.045
13.87
15.97
16.82
17.36
15.09
13.72
13.4
11.41
10.21
15.84
16.75
13.33
12.52
10.49
15.5
16.7
13.26
12.89
9.424
14.7
16.77
15.62
13.38
11.34
12.11
16.14
16.94
14.75
13.16
10.89
12.67
17.16
18.02
18.51
18.85
19.24
19.48
19.58
19.75
19.92
19.92
20.12
20.14
20.31
20.41
20.51
20.51
20.65
20.7
20.7
20.7
20.7
20.7
20.61
17.97
19.97
20.12
20.8
20.87
20.87
20.87
20.87
20.85
20.34
18.92
17.72
17.58
17.11
10.01
15.5
17.58
18.36
18.7
19.07
19.36
19.48
19.7
19.8
19.97
20.12
20.29
20.31
20.46
20.56
20.73
20.73
20.31
18.02
19.51
20.85
20.83
20.31
20.02
18.63
17.04
16.87
16.67
11.85
13.31
16.5
17.29
17.8
18.31
18.65
19.02
19.34
19.53
19.73
19.8
20.0
20.12
20.12
20.29
20.34
20.51
20.51
20.65
20.7
20.73
20.68
18.63
19.87
20.85
20.85
20.85
20.51
18.9
18.04
17.65
17.07
16.31
10.01
15.97
17.31
17.99
18.41
18.68
19.09
19.41
19.6
19.73
19.87
20.0
20.12
20.29
20.31
20.41
20.51
20.58
20.7
20.75
19.95
18.41
20.41
20.85
20.51
19.87
19.8
17.94
16.82
16.82
10.93
10.02
10.89
9.363
10.34
11.21
18.63
20.83
20.29
11.05
10.3
9.351
10.22
10.16
9.863
18.55
20.83
13.92
10.36
11.5
16.46
17.46
18.04
18.46
18.7
19.07
19.36
19.53
19.65
19.78
19.92
19.97
20.12
20.26
20.31
20.48
20.51
20.56
20.7
20.73
20.68
18.33
19.53
20.41
20.85
20.87
20.43
19.9
19.34
17.26
17.04
17.04
12.39
9.216
9.265
9.351
9.521
9.326
9.424
9.363
15.65
20.83
14.55
9.57
9.448
9.705
9.302
9.351
9.753
7.629
6.799
6.653
6.604
6.604
6.604
6.604
6.604
6.604
6.604
6.604
6.604
6.604
6.604
6.604
6.604
6.604
6.604
6.604
6.604
6.604
7.776
9.534
9.363
9.509
10.22
11.12
19.21
20.83
18.95
10.68
