0.4868
0.0823
0.1289
0.09127
0.3681
0.4364
0.1776
0.1839
0.2163
0.1749
0.164
0.1898
0.3418
0.1818
0.0
0.0
9.537e-05
0.0
0.0
0.004768
0.2705
0.4135
0.1686
0.1377
0.09918
0.5196
0.2319
0.1236
0.2113
0.5241
0.2285
0.3403
0.108
0.09298
0.2789
0.375
0.296
0.1743
0.3052
1.402
1.561
1.526
1.46
1.396
1.428
1.45
1.605
5.072
2.097
2.841
0.6622
0.1841
0.1699
0.8286
1.434
1.773
1.801
1.404
1.718
3.888
6.335
2.487
0.2747
2.353
2.679
2.472
2.487
4.62
3.168
2.786
0.8911
0.2041
0.1465
0.301
0.3578
0.1387
0.136
0.2556
0.182
0.1316
0.16
1.035
1.727
3.021
2.823
4.065
4.968
2.786
0.2243
2.164
2.844
2.802
3.116
6.14
2.567
0.4463
0.1749
0.3342
0.08726
1.559
2.835
2.759
2.603
5.603
3.369
0.9125
0.2502
0.6737
0.1825
0.3498
0.02737
2.011
2.78
3.043
3.278
5.878
2.908
0.5531
0.412
0.4372
0.4349
0.6363
0.2838
0.3338
0.1898
0.573
2.814
2.893
3.137
6.323
3.436
1.532
0.7683
0.4105
1.291
3.21
3.302
3.247
6.274
3.168
0.8514
0.5241
0.4601
0.4494
0.4486
0.7179
0.3906
0.4761
0.6592
0.4196
0.5997
0.251
0.3708
0.4578
0.3532
0.3895
0.4082
2.258
3.088
2.805
3.076
6.061
3.186
1.305
0.3365
0.528
0.211
0.3521
0.1522
0.3952
0.5623
0.4425
0.5463
0.473
0.3944
0.3708
0.5501
0.457
0.4761
0.3666
0.3525
0.3387
0.0
0.0
0.0
0.0
0.0
0.0
0.0
0.0
0.2464
0.3139
0.312
0.3139
0.3429
0.1711
0.3304
0.2979
0.3078
0.5501
0.1654
0.3113
0.1099
0.4555
0.1379
0.3254
0.07772
9.537e-05
0.0005722
0.0
0.0
0.0
0.0
0.0
0.2354
0.3292
0.4135
0.6348
0.4257
0.3876
0.2384
0.4593
0.1509
0.08802
0.0
0.1659
0.5081
0.1707
0.1471
0.1305
9.537e-05
9.537e-05
0.0
0.0
0.0001907
0.0
0.0
0.0
0.4318
0.174
0.1871
0.3983
0.4654
0.4845
0.1904
0.2003
0.3891
0.1757
0.415
0.378
0.4509
0.5791
0.2289
0.544
0.0002861
0.0
0.0
0.0
0.0
0.0
0.0
0.0
0.005531
0.6287
0.1242
0.1774
0.09718
0.3284
0.1408
0.3952
0.4639
0.1722
0.144
0.6989
0.4539
0.2132
0.1968
0.2831
0.0005722
0.0002861
0.0
0.0
0.0
0.0
0.0
0.002956
0.3628
0.9308
0.5547
0.3384
0.6554
0.4738
0.3891
0.1892
0.1968
0.4585
0.1392
0.1705
0.1501
0.2861
0.2132
0.3868
0.3292
0.4883
0.0005722
9.537e-05
0.0
9.537e-05
0.0
0.0
0.008106
0.5577
0.4776
0.2438
0.3765
0.177
0.1562
0.2941
0.2411
0.3479
0.2453
0.2754
0.4761
0.1417
0.3609
0.08068
0.0001907
0.0
0.0
0.0
0.0
0.0
0.0008583
0.0
0.0
0.1514
0.1305
0.1968
0.6958
0.1408
0.1118
0.3658
0.1284
0.1068
0.2609
0.1961
0.3845
0.2205
0.5501
0.259
0.1442
0.1371
0.4219
0.0001907
9.537e-05
0.0
0.0
0.0001907
0.4875
0.5966
0.1589
0.3784
0.108
9.537e-05
0.1368
0.2201
0.2151
0.1369
0.1877
0.7889
0.1873
0.428
0.1511
0.1366
0.3143
0.2296
0.1677
0.4082
0.2026
2.927
3.21
3.29
3.412
3.271
3.098
3.076
3.204
3.18
3.156
3.198
3.198
3.29
2.948
3.21
6.299
8.484
11.69
8.264
7.751
6.396
3.821
1.7
0.5287
1.855
2.097
2.719
2.563
2.56
2.863
2.57
2.472
2.774
2.49
2.399
2.478
2.554
2.109
2.246
2.322
2.637
2.481
2.618
2.475
7.593
4.156
5.389
5.115
8.337
5.243
6.616
4.047
4.919
1.862
1.083
1.172
2.063
1.904
1.685
1.715
2.008
1.917
2.029
1.947
2.094
2.225
2.353
2.466
2.505
2.356
2.39
2.377
2.38
2.194
2.518
2.24
2.267
2.124
5.09
5.817
3.033
4.523
3.864
4.474
6.433
4.047
5.017
4.175
3.143
2.96
3.296
2.979
0.8804
1.344
0.9262
1.825
1.685
1.776
1.788
2.008
1.669
1.923
1.74
1.538
1.666
1.688
1.523
1.495
1.669
1.553
1.697
1.718
1.534
1.703
1.761
1.59
1.73
1.764
1.88
1.697
4.999
5.566
2.948
4.388
5.048
5.261
7.031
5.225
7.019
5.334
4.443
3.491
1.587
0.2678
1.198
1.155
1.326
1.375
1.764
1.993
2.246
2.191
1.88
1.648
1.678
1.364
1.617
1.868
1.938
1.584
1.877
1.794
1.816
1.959
2.039
2.277
2.155
2.112
2.161
5.682
4.962
4.016
3.967
4.614
6.47
4.791
6.274
3.741
3.961
3.278
4.193
3.21
1.491
0.5638
2.072
2.423
5.939
2.386
0.6935
2.036
2.17
5.914
2.49
0.5211
1.611
3.351
3.058
0.4723
1.274
2.164
4.138
0.1925
1.398
2.002
5.182
1.956
0.5997
2.167
3.259
2.936
0.4639
0.489
0.9872
1.109
2.057
2.631
1.553
0.7401
0.5119
1.5
1.62
1.718
1.63
2.087
1.825
1.981
1.898
1.53
1.682
1.898
1.675
1.855
1.892
1.749
1.898
1.889
1.761
1.767
1.532
1.347
1.447
1.407
1.315
1.469
4.517
5.811
3.006
5.493
4.572
5.573
5.353
4.242
4.413
4.791
3.76
2.689
3.067
2.652
1.408
1.385
0.4456
1.035
1.176
1.169
1.366
1.224
1.129
1.16
1.088
1.151
1.205
1.358
1.285
1.262
1.207
1.366
1.205
1.332
1.254
1.251
1.225
1.436
1.326
1.221
1.306
1.282
1.355
1.54
1.63
1.324
1.213
1.218
1.608
1.503
1.938
1.791
4.755
6.348
4.437
6.555
6.885
7.642
6.445
5.566
4.803
3.577
1.308
0.7103
1.381
1.448
1.45
1.308
1.517
1.437
1.575
1.253
1.328
1.602
1.561
1.99
1.947
1.868
1.947
1.984
2.164
2.097
1.88
1.913
1.849
1.575
1.282
1.079
1.244
1.395
1.241
1.512
1.898
8.179
4.889
4.309
5.188
8.936
5.56
6.775
4.962
4.016
3.363
1.343
1.405
0.9018
0.3098
0.08869
0.1137
0.09356
0.2979
0.1383
1.192
0.2079
0.1919
0.1289
0.08831
0.243
0.1696
0.2735
1.514
1.852
1.889
1.956
1.855
1.749
2.084
1.862
2.13
1.947
1.959
1.688
1.859
1.95
1.886
1.935
1.706
1.663
1.852
1.63
1.773
1.834
1.736
1.546
1.552
1.48
1.323
1.411
6.982
4.181
3.729
4.382
4.431
8.118
4.187
4.663
5.951
3.967
4.504
3.497
1.546
1.491
0.4013
0.4219
0.3166
0.5203
0.304
0.2068
0.2987
0.08879
0.1032
0.2399
0.1446
0.0009537
0.01812
0.4318
0.2357
0.09241
0.07629
0.1009
0.3071
0.3441
0.3056
0.3326
0.2823
0.2708
0.4608
0.3757
0.2392
0.1122
0.1232
0.3162
0.001907
0.001907
0.0
0.0
0.0
0.0
0.0
0.0
0.0
9.537e-05
0.0
0.0
0.0
0.0001907
0.0
0.0
0.0
0.0
0.0
0.0
0.0002861
0.0
0.3681
0.08736
0.1152
0.169
0.3326
1.033
0.2102
0.1617
0.1101
