7.422
7.422
7.422
7.422
7.422
7.422
7.422
7.422
7.422
7.422
7.422
7.422
7.422
7.422
7.422
7.422
7.422
7.422
7.422
7.422
7.422
7.422
7.422
7.422
7.422
7.422
7.422
7.422
7.422
7.422
7.422
7.422
7.422
7.568
10.63
15.72
16.7
17.21
17.6
17.92
15.77
15.31
14.87
11.05
8.484
14.89
16.43
17.14
17.63
17.8
15.6
15.16
13.84
9.753
9.839
19.04
20.46
19.17
18.95
18.65
18.48
18.41
18.41
17.46
15.97
15.75
12.07
14.14
16.21
16.99
17.5
17.29
15.38
14.62
11.87
10.13
15.36
16.5
17.19
17.63
17.19
15.58
14.84
12.04
19.19
20.58
19.09
18.85
18.82
18.82
18.82
18.73
18.6
18.24
16.77
15.87
11.72
13.33
16.11
16.87
17.46
17.8
18.19
18.43
18.6
18.73
18.8
18.97
19.04
19.19
19.26
19.38
19.38
19.53
19.75
19.85
19.87
17.8
20.31
20.87
20.87
20.9
20.87
18.51
17.36
16.99
13.18
9.998
9.338
9.424
9.363
9.448
13.31
20.12
19.14
12.39
14.82
16.38
17.14
17.5
17.75
15.04
14.62
12.15
13.75
20.21
18.55
17.36
10.97
15.48
16.72
17.26
17.7
16.8
14.82
13.62
9.192
9.009
9.729
15.06
16.19
16.87
17.26
17.5
17.82
15.65
14.72
14.38
9.961
9.229
9.094
6.641
6.641
6.653
6.653
6.653
6.653
6.653
6.653
6.653
6.653
6.653
6.653
6.653
6.653
6.653
6.653
6.653
6.653
6.653
6.653
6.653
6.653
6.653
6.653
6.653
6.653
6.653
6.653
6.653
6.653
6.653
6.653
6.653
6.653
6.653
6.653
6.653
6.653
6.653
6.653
6.653
6.653
6.653
6.653
6.653
6.653
6.653
6.653
6.653
6.653
6.653
6.653
6.653
6.653
6.653
6.653
6.653
6.653
6.653
6.653
6.653
6.653
6.653
6.653
6.653
6.653
6.653
6.653
6.653
6.653
6.653
6.653
6.653
6.653
6.653
6.653
6.653
6.653
6.653
6.653
6.653
6.653
6.653
6.653
6.653
6.653
6.653
6.653
6.653
6.653
6.653
6.653
6.653
6.653
6.653
6.653
6.653
6.653
6.653
6.653
6.653
6.653
6.653
6.653
6.653
6.653
6.653
6.653
6.653
6.653
6.653
6.653
6.653
6.653
6.653
6.653
6.653
6.653
6.653
6.653
6.653
6.653
6.653
6.653
6.653
6.653
6.653
6.653
6.653
6.653
6.653
6.653
6.653
6.653
6.653
6.653
6.653
6.653
6.653
6.653
6.653
6.653
6.653
6.653
6.653
6.653
6.653
6.653
6.653
6.653
6.653
6.653
6.653
6.653
6.653
6.653
6.653
6.653
6.653
6.653
6.653
6.653
6.653
6.653
6.653
6.653
6.653
6.653
6.653
6.653
6.653
6.653
6.653
6.653
6.653
6.653
6.653
6.653
6.653
6.653
6.653
6.653
6.653
6.653
6.653
6.653
6.653
6.653
6.653
6.653
6.653
6.653
6.653
9.009
15.26
16.6
17.26
17.6
18.02
18.31
18.53
18.73
18.75
18.95
19.12
19.14
19.29
19.29
19.48
19.51
19.68
19.85
19.9
19.95
17.63
18.41
20.04
20.68
20.9
20.9
20.9
20.92
19.48
18.46
17.8
12.4
12.77
15.92
16.89
17.53
17.8
18.16
18.41
18.58
18.68
18.82
18.8
18.99
19.02
19.19
19.19
19.38
19.38
19.38
19.58
19.78
19.9
19.97
19.97
18.31
17.38
19.21
20.17
20.61
20.61
20.51
20.19
18.58
18.31
17.82
11.08
14.72
16.55
17.21
17.65
17.85
18.26
18.55
18.68
18.8
18.92
19.02
19.19
19.19
19.38
19.38
19.48
19.58
19.73
19.95
19.97
19.95
17.19
18.36
20.17
20.51
20.51
20.51
20.51
20.53
19.31
18.85
18.58
14.55
13.38
16.24
17.11
17.6
17.94
18.31
18.53
18.65
18.82
18.8
18.95
19.09
19.21
19.34
19.38
19.43
19.58
19.58
19.8
19.97
19.97
19.19
16.85
18.41
20.53
20.7
20.7
20.7
20.73
19.56
18.07
17.9
16.94
12.55
14.89
16.43
17.21
17.63
17.94
18.31
18.58
18.68
18.82
18.82
18.92
18.99
19.17
19.26
19.38
19.38
19.53
19.58
19.82
19.97
20.07
20.17
18.21
17.21
19.73
20.24
20.31
20.31
20.31
19.82
18.82
18.43
16.85
11.78
15.77
16.67
17.29
17.68
17.97
18.38
18.63
18.73
18.95
18.99
19.12
19.19
19.38
19.38
19.38
19.58
19.63
19.85
19.97
20.07
18.26
17.72
20.09
20.8
20.9
20.9
20.92
18.68
17.94
15.62
12.55
15.72
16.67
16.09
13.48
13.43
10.08
15.33
16.02
12.94
11.15
14.33
16.11
16.82
15.94
13.35
13.43
12.72
12.27
15.6
16.58
16.87
13.82
13.01
13.01
10.9
13.06
15.99
16.28
12.79
12.72
9.509
14.97
16.38
14.94
12.84
10.13
12.21
16.19
17.02
17.58
17.82
18.12
18.53
18.63
18.77
18.95
19.14
19.14
19.34
19.51
19.53
19.53
19.58
19.78
19.95
19.97
18.8
16.63
19.02
20.58
20.9
20.9
20.9
20.0
19.07
16.87
11.99
16.19
17.14
17.6
17.9
18.33
18.63
18.75
18.87
18.92
18.99
19.17
19.29
19.31
19.48
19.48
19.56
19.68
19.87
19.87
20.07
17.36
18.92
20.51
20.51
20.51
20.51
20.43
18.63
18.29
17.63
11.28
15.6
16.82
17.5
17.82
18.31
18.53
18.63
18.8
18.99
19.02
19.14
19.19
19.29
19.38
19.41
19.58
19.58
19.58
19.85
19.97
19.97
17.94
18.73
20.36
20.8
20.8
20.8
20.63
19.21
18.77
18.21
13.11
13.26
9.851
11.07
11.6
14.65
19.21
19.19
17.02
14.99
13.79
16.04
19.04
19.26
17.55
15.26
14.75
16.41
17.19
17.65
17.99
18.36
18.58
18.8
18.8
18.95
18.99
19.17
19.24
19.38
19.38
19.46
19.58
19.63
19.78
19.92
19.97
20.02
17.43
19.14
20.31
20.31
20.31
20.31
20.34
20.31
18.9
18.24
17.99
12.13
12.74
16.06
16.89
17.55
17.85
18.24
18.6
18.63
18.8
18.82
19.02
19.02
19.14
19.19
19.29
19.41
19.38
19.38
19.53
19.63
19.78
19.87
19.97
19.97
17.63
18.51
19.9
20.9
20.83
20.51
20.51
20.12
18.82
18.75
15.09
9.021
9.204
9.082
8.801
10.47
18.02
20.0
17.26
9.851
9.68
9.558
9.558
9.521
9.363
9.57
9.387
9.326
8.655
7.996
8.008
8.008
8.008
8.008
8.008
8.008
8.008
8.008
8.008
8.008
8.008
8.008
8.008
8.008
8.008
8.008
8.008
7.849
7.812
7.812
7.812
7.812
7.812
7.812
7.812
7.812
7.812
7.812
7.812
7.812
7.812
7.812
7.812
7.812
7.812
7.812
7.812
7.812
7.812
