19.17
22.19
19.63
18.55
19.73
17.16
19.87
18.58
19.78
18.07
16.94
19.78
18.65
17.07
15.55
16.46
15.33
17.53
15.75
17.75
17.6
17.41
18.16
18.99
18.9
19.38
16.6
16.77
17.5
18.14
18.09
18.19
17.8
16.99
18.07
17.48
16.67
17.11
17.82
18.12
19.14
18.55
16.6
17.68
18.77
18.41
18.12
18.14
16.97
17.68
20.09
17.99
15.36
15.65
15.75
17.43
16.63
17.46
16.7
17.21
17.11
18.55
15.38
15.41
17.02
16.58
16.14
19.56
16.75
17.09
18.95
15.87
16.85
23.12
16.16
15.55
14.92
16.48
15.7
16.24
15.89
15.94
16.14
15.94
16.28
16.6
17.24
16.89
15.55
17.11
14.58
16.33
16.31
16.19
15.58
15.11
16.5
15.55
14.62
15.19
15.01
14.62
15.6
15.75
15.8
15.01
15.33
16.94
16.89
15.62
15.09
15.28
14.79
14.01
13.43
14.23
14.26
14.36
14.67
14.58
15.23
12.74
13.6
14.28
16.8
15.26
14.45
15.75
15.23
15.04
15.06
14.65
16.77
16.19
15.04
15.82
15.99
14.84
17.16
14.75
13.99
14.62
15.7
16.5
17.46
19.58
17.46
19.02
17.04
16.82
15.28
17.36
17.33
18.02
16.46
16.31
16.55
17.65
16.63
15.84
14.94
15.58
15.19
15.26
18.04
16.36
16.77
15.65
16.09
16.6
17.55
17.02
17.75
21.34
16.31
15.94
14.82
14.65
14.65
15.01
17.11
15.16
15.8
14.06
15.16
14.82
15.6
14.26
14.31
17.43
14.6
16.63
14.82
13.67
13.92
14.18
15.04
15.38
14.77
15.01
14.84
14.48
15.7
13.77
13.7
13.5
15.31
15.43
16.43
15.84
15.8
17.63
16.04
15.33
14.72
14.55
13.79
13.82
15.72
14.92
14.5
15.31
14.38
14.36
13.89
17.31
16.04
16.04
16.16
17.29
14.67
15.92
15.55
14.99
15.31
14.75
16.58
14.58
14.84
14.16
13.7
14.5
15.19
14.62
14.18
14.62
15.6
17.38
17.14
15.16
15.77
15.19
14.75
16.31
17.11
15.48
15.11
15.36
14.43
14.7
15.33
15.11
16.19
15.6
16.04
15.92
16.63
15.45
14.67
13.99
14.94
14.31
16.53
16.09
16.8
15.14
15.23
15.99
15.38
15.23
15.53
16.38
16.24
16.46
18.58
16.46
16.36
15.97
15.99
15.72
17.97
16.99
16.46
18.63
16.99
17.92
16.7
15.01
15.26
15.97
17.29
15.84
17.02
16.36
16.24
16.55
15.89
15.75
16.16
15.87
16.7
15.48
18.04
15.58
16.11
17.36
15.38
17.46
22.68
16.04
16.21
16.11
14.99
15.09
16.43
15.55
15.75
15.55
15.09
14.45
15.38
14.92
15.8
15.55
16.43
15.77
16.28
16.02
16.21
15.72
15.06
15.75
14.06
15.97
16.65
14.53
14.92
16.41
14.21
15.01
15.06
14.6
14.94
16.41
16.5
16.09
17.16
16.5
15.41
15.38
14.7
16.04
15.48
16.94
18.41
15.48
16.26
14.55
16.36
16.7
15.26
15.62
15.31
16.09
18.46
16.16
18.12
16.65
17.07
16.7
15.87
17.02
15.45
14.94
15.87
15.45
15.53
18.12
16.53
16.87
16.63
16.38
16.5
15.89
15.84
16.06
17.63
15.84
15.72
15.72
16.58
17.31
16.77
16.8
16.14
15.92
16.11
17.82
16.38
16.53
16.75
16.67
17.48
18.14
16.48
17.6
17.24
17.8
17.31
19.56
20.02
17.9
21.36
19.9
16.63
16.11
15.38
16.31
15.92
17.55
15.97
16.24
16.85
17.24
15.7
16.8
15.16
15.33
16.33
14.92
16.55
14.16
14.75
14.62
14.65
14.6
16.19
17.87
15.87
16.55
18.38
18.53
19.46
16.31
15.99
14.87
15.58
16.43
14.55
15.58
14.77
15.82
18.58
17.33
17.21
16.82
16.04
16.8
17.85
16.5
18.02
16.87
15.87
15.89
15.38
15.87
16.06
16.48
15.99
15.48
18.77
15.5
17.82
18.68
15.04
16.55
17.02
18.02
17.07
16.19
16.65
16.58
16.31
17.36
17.38
17.04
18.87
17.46
16.43
16.46
16.43
17.16
19.97
18.02
18.19
16.5
16.8
16.87
20.85
17.97
18.95
18.46
17.46
19.8
17.14
19.38
16.5
16.46
16.99
18.92
16.67
16.19
15.6
16.5
17.21
16.36
17.75
17.7
18.09
16.77
16.02
17.48
17.11
16.58
18.07
18.31
17.24
16.65
17.55
16.67
16.89
17.38
17.11
16.53
17.41
16.7
16.8
17.82
16.7
18.31
18.92
17.43
20.31
18.36
17.53
16.99
17.43
18.68
17.21
18.53
19.17
17.8
17.7
17.87
17.6
17.11
18.53
16.99
16.77
19.92
17.07
18.41
16.02
16.19
22.05
21.83
13.89
14.4
13.65
14.48
15.48
14.92
13.7
14.16
14.45
13.77
14.48
13.89
14.89
14.87
15.65
16.63
13.79
15.89
14.28
15.21
15.72
14.04
13.75
14.16
14.31
14.4
15.14
15.72
17.07
16.48
16.8
14.99
16.6
15.72
14.31
16.02
16.87
15.94
15.23
14.72
15.01
17.92
16.33
14.67
15.41
15.33
16.87
14.7
15.77
15.75
15.65
19.95
15.94
18.36
15.75
17.02
15.99
16.43
19.6
16.87
16.67
15.84
15.41
16.21
17.29
16.33
15.92
16.67
16.77
16.55
16.55
17.92
17.04
17.65
15.94
16.26
15.45
15.92
17.02
18.55
17.75
16.97
17.11
16.63
16.6
16.48
16.53
16.77
17.7
16.67
17.48
18.46
19.58
17.07
15.77
16.09
16.09
16.87
17.9
16.89
17.65
21.02
17.8
16.97
18.14
17.02
19.29
17.53
18.63
17.72
17.43
17.97
17.24
16.94
18.36
17.63
16.41
17.53
16.02
17.07
18.43
15.06
15.89
16.26
15.94
16.77
17.29
18.26
16.11
16.75
16.55
17.68
17.97
19.68
17.38
17.07
17.26
17.65
16.89
17.82
16.92
17.09
17.9
17.58
17.9
16.72
16.41
19.36
18.09
18.04
15.84
17.19
18.19
16.5
17.97
