8.545
7.703
5.096
4.23
5.219
6.006
6.262
7.385
8.032
4.547
8.167
9.534
10.88
8.069
5.048
5.347
6.824
7.056
8.093
7.031
5.286
5.664
6.299
6.677
6.702
6.897
7.275
7.617
7.605
7.739
7.202
6.86
8.936
11.13
10.39
4.956
4.901
5.945
7.239
7.263
8.032
9.29
4.346
3.339
3.339
3.339
3.339
3.339
3.339
3.339
3.339
3.339
3.339
3.339
3.339
3.339
3.339
3.339
3.339
3.339
3.339
3.339
3.339
3.339
3.339
3.339
3.339
3.339
3.339
3.339
3.339
3.339
3.339
3.339
3.339
3.339
3.339
3.339
3.339
3.339
3.339
3.339
3.339
3.339
3.339
3.339
3.339
3.339
3.339
3.339
3.339
3.339
3.339
3.339
3.339
3.339
3.339
3.339
3.339
3.339
3.339
3.339
3.339
3.339
3.339
3.339
3.339
3.339
3.339
3.339
3.339
3.339
3.339
3.339
3.339
3.339
3.339
3.339
3.339
3.339
3.339
3.339
3.339
3.339
3.339
3.339
3.339
3.339
3.339
3.339
3.339
3.339
3.339
3.339
3.339
3.339
3.339
3.339
3.339
3.339
3.339
3.339
3.339
3.339
3.339
3.339
3.339
3.339
3.339
3.339
3.339
3.339
3.339
3.339
3.339
3.339
3.339
3.339
3.339
3.339
3.339
3.339
3.339
3.339
3.339
3.339
3.339
3.339
3.339
3.339
3.339
3.339
3.339
3.339
3.339
3.522
4.749
6.982
8.923
8.582
8.081
7.629
7.08
6.482
5.902
5.133
5.75
8.459
10.02
9.412
11.06
6.311
7.996
9.009
10.56
7.715
6.873
7.202
7.349
8.069
7.764
4.871
5.042
4.803
5.304
7.153
9.802
10.34
11.25
6.641
7.153
7.971
7.617
7.605
8.276
8.118
5.841
6.482
7.007
7.507
8.069
8.289
4.553
5.566
6.122
6.421
6.274
6.25
6.824
7.874
8.435
4.865
4.773
4.681
5.579
5.859
6.567
6.641
6.848
7.458
7.41
7.959
8.093
7.959
7.605
6.555
7.312
9.106
10.78
12.67
7.605
4.102
4.919
5.676
5.792
4.572
5.066
4.541
4.852
4.492
5.371
4.596
5.054
5.835
6.049
6.897
6.177
5.237
4.626
4.852
4.938
3.992
3.467
4.565
5.505
4.578
5.621
4.73
4.773
5.151
4.651
5.09
4.803
4.419
4.877
5.939
4.81
4.785
4.449
4.919
5.06
5.145
4.559
4.846
4.736
5.823
5.005
5.524
4.968
4.321
6.104
6.335
7.104
4.883
5.2
4.883
6.409
6.909
7.349
4.797
4.492
6.641
10.06
10.03
11.45
5.231
5.255
4.84
5.682
5.804
7.104
5.316
5.127
4.425
5.139
5.603
9.424
9.729
10.56
4.614
4.706
5.048
5.933
6.445
6.763
7.104
7.764
8.057
8.301
8.398
8.618
8.765
7.568
7.227
9.57
11.72
12.6
5.859
5.188
5.243
6.97
6.75
7.825
8.301
4.663
5.859
6.299
7.373
4.681
5.469
4.773
4.932
6.604
6.36
7.581
8.398
5.438
6.433
7.019
7.935
8.643
4.62
5.389
6.348
6.567
7.275
8.911
7.568
5.182
4.73
6.189
6.958
8.118
7.922
5.042
4.242
5.548
5.212
5.499
4.626
5.566
4.675
4.59
5.219
4.565
5.426
4.395
4.926
5.072
5.328
4.987
4.675
4.987
4.584
5.389
5.042
5.353
7.349
8.142
8.325
7.593
5.06
4.474
4.822
5.17
4.7
4.553
5.017
4.779
5.389
4.547
5.945
4.517
4.242
4.626
5.518
4.657
4.773
4.95
5.365
4.633
6.201
6.763
7.727
8.813
4.724
5.573
4.333
5.353
6.244
6.47
7.654
6.812
7.812
9.424
10.67
6.421
5.31
5.994
6.494
6.946
7.654
5.902
8.972
9.57
11.12
7.397
5.139
4.895
5.536
5.927
6.232
7.092
7.129
7.471
7.556
7.8
8.154
7.556
6.665
8.447
10.52
12.13
5.408
5.182
4.468
4.883
4.95
4.346
4.974
5.005
6.677
6.75
7.8
9.363
5.493
4.779
5.054
5.444
9.216
9.631
11.12
5.2
4.785
4.724
5.719
5.249
4.431
5.133
5.426
7.104
7.581
8.643
7.812
6.189
6.982
7.544
9.045
5.969
8.398
9.912
11.17
9.668
5.176
4.456
5.316
4.504
4.462
6.653
6.934
7.617
9.509
5.939
5.573
4.565
5.115
4.34
5.682
5.243
5.963
6.445
7.739
5.017
6.921
6.885
7.8
9.668
5.164
4.749
5.042
4.59
5.28
4.364
5.682
5.542
4.999
5.389
3.925
3.839
4.492
4.584
5.792
6.122
7.422
4.285
4.468
4.614
4.608
4.675
5.719
6.421
6.812
7.837
8.899
5.237
6.738
7.129
8.374
7.422
4.541
4.297
5.011
3.979
4.749
4.877
4.199
5.438
6.036
5.261
4.816
5.621
6.067
5.933
7.581
7.117
4.376
4.315
4.785
4.26
4.84
5.792
9.778
9.888
11.57
7.019
4.681
4.108
4.327
4.895
3.986
5.194
4.321
4.858
4.846
5.756
6.421
6.097
3.931
6.244
6.567
7.666
9.351
4.828
4.913
5.298
4.504
5.524
6.36
6.458
7.581
8.545
5.414
4.968
4.291
4.559
5.084
9.143
9.265
10.94
6.195
9.07
9.058
10.77
8.032
5.225
6.274
6.11
7.385
7.971
4.706
5.139
4.559
3.973
5.151
4.23
5.261
4.852
6.433
6.995
7.385
8.643
5.627
4.797
6.158
8.472
10.11
8.325
5.603
4.694
5.237
4.639
4.211
5.084
6.494
6.262
7.812
9.229
6.543
6.409
9.338
10.25
7.141
4.846
4.407
4.327
4.877
4.37
5.438
4.34
5.237
4.23
5.481
4.37
5.176
4.852
5.066
4.523
4.059
5.054
5.768
6.543
6.604
4.504
5.017
8.948
9.851
9.497
4.724
4.962
7.947
9.473
10.39
7.727
4.999
6.201
6.158
7.471
8.789
4.346
4.767
5.353
5.92
6.116
7.41
7.385
4.041
5.212
5.786
7.324
5.237
5.499
6.274
7.446
9.131
4.98
5.67
6.47
7.19
8.826
6.812
5.518
6.58
6.726
7.874
9.741
4.639
4.779
4.547
5.737
5.695
6.689
6.079
4.645
4.456
5.267
4.248
5.054
5.792
5.627
6.738
6.433
3.296
3.296
3.296
4.211
5.328
4.236
5.316
6.335
6.543
7.764
7.886
4.944
5.438
5.939
6.47
6.836
6.689
7.312
7.263
7.751
7.886
7.471
6.287
7.837
9.998
11.73
5.774
6.25
6.409
7.483
9.216
4.517
4.926
4.431
4.572
4.352
5.261
4.584
5.005
4.742
4.48
5.341
4.053
4.565
5.444
6.226
6.738
5.121
5.347
4.34
4.767
4.62
5.066
4.749
5.017
4.797
4.523
4.974
4.541
4.468
4.773
4.474
5.878
6.482
7.117
7.031
4.84
4.456
4.987
4.474
5.072
4.218
5.151
5.823
7.129
6.531
7.446
8.984
8.948
5.548
6.519
6.909
7.605
7.458
4.498
