6.067
6.067
6.067
6.067
6.067
6.067
6.067
6.067
6.067
6.067
6.067
6.067
6.067
6.067
6.067
6.067
6.067
6.067
6.067
6.067
6.067
6.067
6.067
6.067
6.067
6.067
6.067
6.067
6.067
6.067
6.067
6.067
6.067
6.86
8.496
15.14
16.87
17.58
18.16
18.38
15.28
14.72
13.79
8.435
8.203
8.215
13.89
16.8
17.65
18.12
17.77
15.04
12.46
9.998
8.472
13.84
16.82
17.7
18.16
17.29
14.36
12.05
9.143
14.75
16.97
17.75
18.19
16.6
13.72
11.78
8.533
8.545
10.72
16.24
17.36
17.99
17.26
14.7
12.55
9.656
15.62
17.19
17.85
18.31
15.75
14.06
11.95
9.717
15.72
16.92
17.68
18.12
15.21
12.87
10.18
8.716
8.691
9.253
8.972
8.618
8.704
8.862
8.936
8.496
8.691
8.936
9.204
10.41
20.09
19.7
11.76
15.31
16.99
17.77
18.24
16.99
14.33
11.63
9.119
9.155
9.131
9.033
9.595
18.53
20.31
13.01
9.607
15.36
16.72
17.41
17.94
18.24
15.28
13.45
10.56
11.38
16.24
17.31
17.92
18.29
16.31
13.26
10.89
9.351
9.216
9.167
8.887
9.131
11.32
16.31
17.41
17.94
18.36
15.84
12.38
8.74
9.131
12.28
16.43
17.24
17.85
18.21
16.48
13.11
9.558
8.386
8.447
14.53
16.77
17.55
17.97
18.29
15.65
12.45
9.937
6.25
6.122
6.067
6.067
6.067
6.067
6.067
6.067
6.067
6.067
6.067
6.067
6.067
6.067
6.067
6.067
6.067
6.067
6.067
6.067
6.067
6.067
6.067
6.067
6.067
6.067
6.067
6.067
6.067
6.067
6.067
6.067
6.067
6.067
6.067
6.067
6.067
6.067
6.067
6.067
6.067
6.067
6.067
6.067
6.067
6.067
6.067
6.067
6.067
6.067
6.067
6.067
6.067
6.067
6.067
6.067
6.067
6.067
6.067
6.067
6.067
6.067
6.067
6.067
6.067
6.067
6.067
6.067
6.067
6.067
6.067
6.067
6.067
6.067
6.067
6.067
6.067
6.067
6.067
6.067
6.067
6.067
6.067
6.067
6.067
6.067
6.067
6.067
6.067
6.067
6.067
6.067
6.067
6.067
6.067
6.067
6.067
6.067
6.067
6.067
6.067
6.067
6.067
6.067
6.067
6.067
6.067
6.067
6.067
6.067
6.067
6.067
6.067
6.067
6.067
6.067
6.067
6.067
6.067
6.067
6.067
6.067
6.067
6.067
6.067
6.067
6.067
6.067
6.067
6.067
6.067
6.067
6.067
6.067
6.067
6.067
6.067
6.067
6.067
6.067
6.067
6.067
6.067
6.067
6.067
6.067
6.067
6.067
6.067
6.067
6.067
6.067
6.067
6.067
6.067
6.067
6.067
6.067
6.067
6.067
6.067
6.067
6.067
6.067
6.067
6.067
6.067
6.067
6.067
6.067
6.067
6.067
6.067
6.067
6.067
6.067
6.067
6.067
6.067
6.067
6.067
6.067
6.067
6.067
6.067
6.067
6.067
6.067
6.067
8.24
14.21
16.46
17.19
17.75
18.14
18.36
18.73
18.87
18.99
19.17
19.38
19.38
19.41
19.58
19.58
19.75
19.82
19.95
19.95
20.04
20.34
20.39
20.53
18.24
19.21
20.68
20.43
20.12
20.12
19.68
19.21
18.73
16.94
10.85
16.06
17.33
17.97
18.24
18.63
18.9
18.99
19.17
19.38
19.38
19.56
19.65
19.78
19.97
19.97
20.14
20.19
20.36
20.53
19.43
18.97
20.78
20.87
20.87
20.9
20.46
20.02
18.99
15.84
10.55
16.5
17.65
18.19
18.53
18.95
19.12
19.24
19.38
19.51
19.58
19.75
19.85
19.95
20.02
20.14
20.14
20.36
20.39
20.48
18.19
19.58
20.85
20.87
20.65
20.51
19.68
19.31
18.51
13.04
12.74
16.85
17.8
18.21
18.63
18.95
19.17
19.24
19.38
19.56
19.7
19.75
19.92
20.02
20.14
20.14
20.39
20.53
20.36
19.21
20.19
20.87
20.7
20.68
20.56
20.09
19.29
19.07
12.62
10.67
16.21
17.36
18.04
18.38
18.82
19.12
19.26
19.41
19.56
19.75
19.75
19.8
19.95
20.12
20.14
20.24
20.56
20.7
20.7
20.75
20.73
20.73
20.61
20.29
20.31
20.29
20.17
20.17
19.8
9.045
15.14
17.16
17.94
18.41
18.75
19.12
19.21
19.36
19.41
19.58
19.68
19.75
19.95
19.97
20.14
20.14
20.14
20.24
20.51
20.53
19.68
19.78
20.87
20.9
20.41
20.31
20.24
20.04
19.78
19.73
14.84
13.77
16.77
17.55
18.16
18.33
18.73
18.95
19.12
19.29
19.53
19.6
19.75
19.8
19.95
19.95
20.14
20.17
20.43
20.51
20.56
20.17
20.14
20.87
20.78
20.68
20.65
20.12
19.92
19.78
18.87
10.82
16.11
16.75
13.26
11.12
12.04
16.36
16.11
13.23
10.99
11.55
16.26
16.82
13.4
13.04
10.31
14.04
16.38
16.75
12.99
12.37
9.155
14.77
16.28
16.8
13.38
12.57
8.826
13.13
16.77
17.63
18.16
18.51
18.87
19.14
19.29
19.36
19.43
19.56
19.73
19.75
19.95
19.95
20.07
20.14
20.31
20.34
20.53
19.68
18.07
20.87
20.87
20.87
20.9
20.68
19.87
19.19
18.8
11.21
13.6
16.94
17.75
18.26
18.58
18.95
19.14
19.36
19.43
19.6
19.6
19.78
19.95
19.95
20.02
20.14
20.29
20.53
20.53
20.53
18.68
19.09
20.87
20.7
20.39
20.12
20.14
19.63
19.41
19.41
19.41
19.17
17.85
9.387
15.23
16.5
17.09
17.46
17.87
18.02
18.14
18.31
18.51
18.73
18.97
19.02
19.19
19.24
19.36
19.43
19.58
19.58
19.58
19.7
19.8
19.95
20.02
20.14
20.21
20.34
20.48
20.53
20.56
19.56
18.63
19.65
20.61
20.7
20.14
20.12
19.51
18.73
18.51
18.04
10.82
11.29
13.04
14.7
19.63
18.85
16.33
13.65
10.01
9.436
9.216
11.32
9.766
9.851
9.253
9.204
9.363
9.9
9.399
9.351
9.717
9.778
8.875
12.65
16.21
17.14
17.8
18.16
18.41
18.9
19.12
19.31
19.38
19.53
19.6
19.75
19.87
19.97
20.0
20.17
20.24
20.51
20.53
20.09
17.07
19.53
20.87
20.87
20.78
20.56
19.82
18.16
17.46
16.97
10.93
8.618
8.923
8.899
9.033
8.923
9.082
8.997
9.045
8.984
8.96
15.92
20.85
19.04
13.84
9.045
8.923
6.409
6.262
6.262
6.262
6.262
6.262
6.262
6.262
7.007
8.521
8.936
9.875
6.36
6.262
6.262
6.262
6.262
6.262
6.262
6.262
6.262
6.262
6.262
6.262
6.262
6.262
6.262
6.262
6.262
6.262
6.262
6.262
6.262
6.262
6.262
6.262
6.262
6.262
6.262
6.262
6.262
6.262
6.262
6.262
6.262
6.262
6.262
6.262
6.262
6.262
6.262
6.262
6.262
