4.254
4.254
4.254
4.254
4.254
4.254
4.254
4.254
4.254
4.254
4.254
4.254
4.254
4.254
4.254
4.254
4.254
4.254
4.254
4.254
4.254
4.248
4.254
4.248
4.254
4.254
4.254
4.254
4.254
4.254
4.254
4.254
4.254
4.254
4.254
4.254
4.254
4.254
4.254
4.254
4.254
4.254
4.254
4.254
4.254
4.254
4.254
4.254
4.254
4.254
4.254
4.254
4.254
4.254
4.254
4.254
4.254
4.254
4.254
4.254
4.254
4.254
4.254
4.254
4.254
4.254
4.144
4.193
4.26
4.26
4.26
4.26
4.12
4.065
4.083
4.26
4.26
4.26
4.26
4.26
4.26
4.26
4.26
4.26
4.26
4.26
4.26
4.26
4.26
4.26
4.26
4.26
4.26
4.26
4.26
4.26
4.26
4.26
4.26
4.26
4.26
4.26
4.26
4.26
4.26
4.26
4.26
4.26
4.26
4.26
4.26
4.26
4.26
4.26
4.26
4.26
4.26
4.26
4.26
4.26
4.26
4.26
4.26
4.26
4.26
4.26
4.26
4.26
4.26
4.26
4.26
4.26
4.26
4.26
4.26
4.26
4.26
4.26
4.26
4.26
4.26
4.26
4.26
4.26
4.26
4.26
4.26
4.26
4.26
4.26
4.26
4.26
4.26
4.26
4.26
4.254
4.254
4.254
4.26
4.26
4.26
4.26
4.26
4.26
4.26
4.26
4.26
4.254
4.254
4.254
4.26
4.26
4.26
4.254
4.254
4.26
4.26
4.26
4.26
4.26
4.254
4.254
4.26
4.254
4.26
4.254
4.254
4.254
4.254
4.254
4.254
4.254
4.254
4.254
4.254
4.254
4.26
4.34
4.254
4.254
4.254
4.144
4.059
4.065
4.059
4.065
4.089
4.126
4.254
4.254
4.254
4.254
4.254
4.254
4.254
4.254
4.211
4.242
4.254
4.218
4.254
4.218
4.218
4.254
4.254
4.254
4.254
4.254
4.254
4.254
4.254
4.254
4.126
4.059
4.12
4.26
4.242
4.205
4.26
4.254
4.254
4.254
4.254
4.254
4.254
4.254
4.254
4.254
4.254
4.254
4.254
4.254
4.254
4.254
4.077
4.065
4.175
4.254
4.254
4.254
4.254
4.254
4.254
4.254
4.254
4.26
4.144
4.065
4.065
4.248
4.254
4.254
4.254
4.102
4.218
4.126
4.095
4.248
4.132
4.254
4.254
4.254
4.254
4.218
4.059
4.059
4.059
4.169
4.254
4.254
4.254
4.254
4.089
4.242
4.199
4.059
4.059
4.077
4.059
4.059
4.059
4.163
4.199
4.065
4.23
4.254
4.26
4.254
4.254
4.254
4.254
4.254
4.254
4.254
4.144
4.254
4.254
4.254
4.254
4.254
4.254
4.254
4.083
4.224
4.254
4.254
4.254
4.26
4.254
4.254
4.254
4.254
4.254
4.254
4.254
4.254
4.254
4.254
4.26
4.26
4.254
4.254
4.254
4.254
4.254
4.254
4.254
4.254
4.254
4.254
4.254
4.254
4.254
4.26
4.254
4.254
4.26
4.254
4.26
4.26
4.26
4.26
4.26
4.26
4.26
4.26
4.26
4.26
4.26
4.26
4.26
4.26
4.26
4.26
4.26
4.26
4.26
4.26
4.407
4.456
4.456
4.456
4.456
4.456
4.456
4.456
4.456
4.456
4.456
4.456
4.456
4.456
4.456
4.456
4.456
4.456
4.425
4.26
4.26
4.26
4.26
4.364
4.456
4.456
4.456
4.456
4.285
4.26
4.26
4.26
4.26
4.26
4.26
4.26
4.26
4.26
4.26
4.26
4.26
4.26
4.26
4.26
4.26
4.26
4.26
4.26
4.26
4.26
4.346
4.456
4.456
4.456
4.456
4.321
4.26
4.26
4.26
4.26
4.26
4.26
4.26
4.26
4.26
4.26
4.26
4.26
4.26
4.26
4.26
4.26
4.26
4.065
4.065
4.065
4.065
4.059
4.065
4.065
4.059
4.059
4.065
4.065
4.065
4.065
4.23
4.156
4.059
4.059
4.059
4.205
4.254
4.224
4.126
4.095
4.205
4.193
4.205
4.224
4.254
4.236
4.083
4.089
4.144
4.254
4.254
4.224
4.187
4.23
4.236
4.248
4.254
4.254
4.23
4.248
4.248
4.248
4.254
4.254
4.254
4.132
4.12
4.254
4.254
4.254
4.254
4.254
4.254
4.254
4.254
4.254
4.254
4.248
4.254
4.242
4.205
4.199
4.114
4.187
4.077
4.199
4.254
4.254
4.254
4.254
4.242
4.23
4.126
4.181
4.059
4.059
4.059
4.059
4.059
4.059
4.059
4.059
4.138
4.12
4.083
4.059
4.126
4.059
4.059
4.059
4.059
4.059
4.059
4.059
4.059
4.059
4.059
4.059
4.059
4.059
4.059
4.059
4.059
4.059
4.059
4.059
4.059
4.059
4.059
4.059
4.065
4.169
4.254
4.254
4.254
4.254
4.254
4.254
4.254
4.254
4.254
4.254
4.254
4.144
4.199
4.248
4.248
4.248
4.248
4.248
4.248
4.248
4.248
4.248
4.248
4.248
4.248
4.248
4.248
4.248
4.248
4.248
4.248
4.248
4.248
4.248
4.254
4.254
4.254
4.254
4.254
4.254
4.254
4.254
4.254
4.254
4.254
4.254
4.254
4.254
4.254
4.254
4.254
4.254
4.254
4.254
4.254
4.254
4.254
4.254
4.254
4.254
4.254
4.254
4.254
4.254
4.254
4.254
4.254
4.26
4.254
4.254
4.26
4.254
4.254
4.254
4.26
4.26
4.254
4.26
4.26
4.26
4.26
4.26
4.26
4.26
4.26
4.26
4.26
4.26
4.26
4.26
4.26
4.26
4.26
4.26
4.26
4.26
4.26
4.26
4.26
4.26
4.26
4.26
4.26
4.26
4.26
4.26
4.26
4.26
4.26
4.26
4.26
4.26
4.26
4.26
4.26
4.26
4.26
4.26
4.26
4.26
4.26
4.26
4.26
4.26
4.26
4.26
4.26
4.26
4.26
4.26
4.26
4.26
4.26
4.26
4.26
4.26
4.26
4.26
4.26
4.26
4.26
4.26
4.26
4.26
4.26
4.26
4.26
4.26
4.26
4.26
4.26
4.26
4.26
4.26
4.26
4.26
4.254
4.26
4.254
4.254
4.26
4.26
4.26
4.26
4.254
4.254
4.254
4.254
4.254
4.254
4.254
4.254
4.254
4.254
4.254
4.254
4.254
4.254
4.254
4.254
4.254
4.254
4.254
4.248
4.254
4.254
4.254
4.12
4.114
4.236
4.077
4.059
4.059
4.059
4.083
4.059
4.211
4.065
4.126
4.199
4.254
4.254
4.23
4.187
4.254
4.254
4.23
4.132
4.23
4.254
4.254
4.254
4.254
4.236
4.254
4.254
4.254
4.254
4.254
4.254
4.254
4.254
4.254
4.254
4.254
4.254
4.254
4.254
4.254
4.254
4.254
4.254
4.254
4.254
4.254
4.254
4.254
4.254
4.254
4.254
4.254
4.254
4.254
4.254
4.254
4.254
4.254
