0.03662
0.04091
0.03366
0.03777
0.03128
0.03157
0.03538
0.03834
0.02813
0.03443
0.03529
0.03128
0.03309
0.035
0.0391
0.03166
0.0308
0.0288
0.03939
0.03338
0.0392
0.03042
0.03738
0.03157
0.03805
0.03376
0.05436
0.04091
0.03567
0.03729
0.0474
0.04368
0.05016
0.03986
0.0329
0.03185
0.03633
0.03309
0.02956
0.0308
0.03242
0.03233
0.03595
0.03548
0.03901
0.03557
0.0392
0.03824
0.04272
0.04654
0.0515
0.09766
0.04225
0.03767
0.04272
0.03681
0.02661
0.02985
0.02909
0.02842
0.03119
0.03996
0.03548
0.04225
0.03872
0.03185
0.03328
0.03614
0.03443
0.03901
0.05178
0.03586
0.03843
0.03471
0.03347
0.03338
0.03929
0.02651
0.02613
0.03147
0.02871
0.02623
0.02766
0.02699
0.1415
0.03119
0.03157
0.03014
0.02794
0.03223
0.0638
0.139
0.03414
0.03157
0.03204
0.03624
0.03662
0.03424
0.03481
0.0351
0.04034
0.0289
0.03014
0.02508
0.02947
0.03319
0.02756
0.02632
0.02756
0.03452
0.03862
0.03386
0.0309
0.02985
0.02975
0.03681
0.03843
0.0349
0.03414
0.02813
0.03014
0.02861
0.03252
0.03052
0.0309
0.03004
0.03271
0.03119
0.03386
0.03643
0.03176
0.03815
0.02651
0.03786
0.04072
0.02975
0.02661
0.02928
0.03147
0.02718
0.02947
0.02899
0.05188
0.0617
0.0699
0.06704
0.06065
0.0598
0.07315
0.07925
0.05903
0.06762
0.06762
0.07191
0.06323
0.06695
0.06685
0.06676
0.07067
0.06323
0.05426
0.05655
0.05445
0.0598
0.05474
0.05856
0.06351
0.04959
0.05627
0.06046
0.05522
0.05312
0.05999
0.05598
0.05436
0.05436
0.05293
0.06199
0.05894
0.05941
0.06104
0.06809
0.05846
0.06866
0.05875
0.06428
0.04873
0.06304
0.05026
0.1217
0.0535
0.06475
0.05693
0.06018
0.05741
0.06371
0.05999
0.05646
0.06561
0.06227
0.06275
0.06638
0.05922
0.068
0.06895
0.07105
0.05646
0.0597
0.06905
0.05856
0.05598
0.05703
0.06943
0.06123
0.05713
0.05636
0.05999
0.06514
0.05846
0.06247
0.06781
0.07162
0.05798
0.06618
0.05445
0.05226
0.05455
0.05913
0.06418
0.07515
0.05493
0.06151
0.06247
0.07248
0.08078
0.07219
0.07343
0.0576
0.1568
0.05035
0.06065
0.06933
0.0535
0.06247
0.06371
0.04644
0.05569
0.06742
0.06723
0.06933
0.06304
0.05884
0.06247
0.04892
0.0576
0.05264
0.05388
0.07153
0.04225
0.05074
0.04082
0.04082
0.04644
0.0515
0.05398
0.04997
0.05646
0.05608
0.05693
0.05503
0.04072
0.05865
0.04978
0.04616
0.05455
0.0452
0.04454
0.05322
0.04702
0.05226
0.04835
0.0535
0.0452
0.04768
0.04997
0.08383
0.04435
0.05512
0.05007
0.05369
0.09937
0.06685
0.04463
0.06618
0.04416
0.04673
0.03881
0.04358
0.04787
0.0515
0.04387
0.04377
0.04387
0.0474
0.0412
0.03729
0.03796
0.0391
0.04416
0.04578
0.04263
0.05045
0.0432
0.04034
0.04063
0.0452
0.04406
0.04587
0.04711
0.05026
0.04549
0.04902
0.04549
0.05198
0.04425
0.05665
0.05493
0.0453
0.03929
0.03729
0.03567
0.04215
0.04625
0.04129
0.04625
0.05627
0.0411
0.0515
0.06733
0.04635
0.05035
0.04244
0.05436
0.0452
0.05283
0.04263
0.04482
0.04311
0.04158
0.03414
0.03529
0.03843
0.03891
0.03643
0.03986
0.03834
0.03538
0.03405
0.03099
0.03119
0.03042
0.03939
0.03128
0.03366
0.037
0.03071
0.03138
0.02975
0.03843
0.02632
0.03529
0.03166
0.0288
0.02985
0.03471
0.03099
0.03986
0.03576
0.03576
0.03777
0.03777
0.03633
0.03824
0.03138
0.0371
0.03557
0.04129
0.03386
0.03815
0.02947
0.035
0.03185
0.03605
0.03901
0.03624
0.0432
0.06294
0.0391
0.03691
0.03586
0.03986
0.03624
0.04616
0.03929
0.04234
0.0329
0.03138
0.03977
0.03338
0.04511
0.04539
0.03347
0.03691
0.0391
0.04616
0.03853
0.04206
0.04053
0.08163
0.03767
0.03433
0.03443
0.03595
0.0351
0.0288
0.03967
0.03691
0.0351
0.03138
0.03834
0.03424
0.04148
0.03023
0.02966
0.03538
0.03862
0.03471
0.03777
0.04463
0.06399
0.04435
0.05026
0.05722
0.05379
0.05121
0.05579
0.04911
0.04683
0.05026
0.04787
0.03901
0.06266
0.04272
0.04072
0.04339
0.06666
0.04349
0.04473
0.04988
0.04063
0.03557
0.03834
0.03214
0.033
0.03977
0.05207
0.04549
0.04625
0.04845
0.04787
0.05074
0.05102
0.07048
0.05207
0.04578
0.05026
0.0514
0.05159
0.05455
0.05426
0.05398
0.06094
0.05894
0.04778
0.05398
0.05627
0.04444
0.0495
0.04692
0.04654
0.05264
0.05169
0.04568
0.04492
0.05388
0.04702
0.04978
0.0576
0.0473
0.05732
0.05894
0.05379
0.0598
0.05503
0.06084
0.05026
0.05789
0.05379
0.05436
0.05846
0.05808
0.0596
0.06342
0.06561
0.06027
0.06361
0.05093
0.05512
0.05894
0.07296
0.1297
0.0597
0.06237
0.05569
0.05913
0.06704
0.05093
0.06342
0.06075
0.06018
0.0701
0.08707
0.05789
0.06418
0.0536
0.05398
0.05932
0.05627
0.05722
0.07162
0.06094
0.05388
0.06065
0.06065
0.06552
0.05713
0.07067
0.06189
0.05322
0.04864
0.0473
0.04578
0.04063
0.04787
0.04864
0.05684
0.0515
0.04358
0.04883
0.04196
0.04807
0.04644
0.04482
0.03881
0.03986
0.0392
0.04034
0.04864
0.0555
0.04368
0.05493
0.0536
0.04711
0.05331
0.05493
0.04864
0.05293
0.05255
0.05026
0.04807
0.0514
0.05159
0.04482
0.03405
0.04082
0.04025
0.04082
0.04387
0.0432
0.05207
0.05121
0.04683
0.04797
0.04148
0.04759
0.05264
0.04158
0.05922
0.05293
0.05617
0.04759
0.04892
0.05045
0.05198
0.04654
0.04454
0.04835
0.04034
0.04377
0.04625
0.0453
0.05579
0.04578
0.05236
0.06132
0.05455
0.06552
0.04597
0.04549
0.03271
0.02794
0.02766
0.03691
0.03204
0.03729
0.02956
0.03004
0.03281
0.03271
0.03853
0.03386
0.02956
0.03557
0.03481
0.03223
0.02356
0.0247
0.0268
0.0309
0.03576
0.03166
0.02575
0.0268
0.0247
0.02995
0.03128
0.02584
0.02804
0.02403
0.02613
0.02346
0.02728
0.03071
0.0329
0.05617
0.1369
0.03166
0.02155
0.03462
0.0248
0.03872
0.02508
0.03662
0.03548
0.02642
0.02451
0.02441
0.02642
0.0248
0.03986
0.07162
0.02203
0.02823
0.02308
0.02747
0.0227
0.0267
0.02222
0.02499
0.02308
0.03042
0.0288
0.02851
0.03242
0.03214
0.02661
0.03595
0.03052
0.03233
0.02565
0.03424
0.02928
0.03223
0.03462
0.04206
0.04044
0.07534
0.0
0.03471
0.03052
0.04101
0.03538
0.03853
0.03681
0.03948
0.03624
0.04425
0.03881
0.04559
0.04721
0.04959
0.03729
0.04301
0.03815
0.04854
0.04616
0.04292
0.03624
0.035
0.02871
0.0391
0.04196
0.04473
0.03614
0.04959
0.03996
0.02956
0.03548
0.04091
0.0514
0.05789
0.07849
0.05159
0.06552
0.06142
0.05112
0.04997
0.04988
0.04683
0.04883
0.04425
0.04463
0.04663
0.03757
0.04702
0.04492
0.04473
0.07343
0.0453
0.05312
0.04492
0.04368
0.05655
0.05894
0.06504
0.1118
0.05608
0.06905
0.05283
0.05875
0.05217
0.06075
0.06275
0.07
0.07849
0.06475
0.05445
0.04997
0.04444
0.05932
0.05093
0.05207
0.06104
0.0577
0.06294
0.04425
0.0514
0.04826
0.05293
0.05741
0.05083
0.05236
0.05894
0.05312
0.04845
0.05503
0.05112
0.0495
0.05417
0.05112
0.05093
0.05007
0.04635
0.05217
0.06075
0.06504
0.06046
0.06151
0.05493
0.0535
0.05255
0.06466
0.04921
0.06561
0.04835
0.05598
0.05131
0.03948
0.05608
0.05693
0.04797
0.04902
0.08268
0.05827
0.05045
0.05026
0.05903
0.0618
0.06094
0.06084
0.05531
0.0555
0.05512
0.05531
0.06542
0.04778
0.0617
0.05674
0.05732
0.04854
0.0555
0.05293
0.05913
0.05665
0.05798
0.05608
0.08526
0.07
0.05369
0.05207
