10.89
10.89
10.89
10.89
10.89
10.89
10.89
10.89
10.89
10.89
10.89
10.89
10.89
10.89
10.89
10.89
10.89
10.89
10.89
10.89
10.89
10.89
10.89
10.89
10.89
10.89
10.89
10.89
10.89
10.89
10.89
10.89
10.89
11.27
22.34
24.27
13.35
12.48
10.88
10.88
10.89
10.89
10.89
10.89
12.7
13.13
12.72
13.16
12.67
18.21
29.93
30.71
31.49
31.35
30.81
28.81
25.39
24.93
19.43
30.32
41.85
43.07
43.12
43.16
43.16
43.16
43.16
43.12
43.16
43.16
43.16
43.16
43.07
43.12
43.12
43.16
43.16
43.12
43.16
43.21
43.21
43.21
43.21
43.21
43.21
43.21
43.21
43.21
43.26
43.31
43.36
43.31
43.36
43.21
39.84
30.03
19.09
17.63
19.87
18.85
12.45
12.84
12.96
13.99
29.05
30.03
31.25
31.25
31.4
28.61
27.49
24.78
24.73
17.82
33.25
41.65
43.12
43.21
43.16
43.02
43.02
43.02
43.02
43.02
43.02
43.02
43.07
43.07
43.07
43.02
43.02
43.02
43.07
42.92
42.87
42.92
42.68
42.63
42.63
42.63
42.63
42.63
42.58
42.63
42.58
41.94
30.18
16.19
15.65
17.41
19.46
19.63
20.14
20.48
14.97
12.21
17.72
29.3
30.42
31.35
31.25
30.57
28.42
24.93
24.54
18.55
34.67
41.99
43.02
42.72
41.46
41.41
41.41
41.41
41.41
41.41
41.41
41.41
41.55
41.6
41.75
43.07
43.07
43.12
43.16
43.12
43.16
43.16
43.16
43.21
43.21
43.21
43.21
43.21
43.21
43.21
43.21
43.21
43.12
40.67
18.33
17.5
20.26
19.17
19.75
19.7
15.48
12.1
16.53
28.42
30.22
31.25
31.25
30.52
28.27
27.29
26.66
26.22
31.64
41.5
43.07
42.92
42.77
42.63
42.58
42.58
42.58
42.53
42.58
42.58
42.58
42.68
43.07
43.12
43.12
43.12
43.12
43.16
43.16
43.16
43.21
43.21
43.21
43.21
43.26
43.21
43.21
43.12
41.8
23.49
16.02
17.46
19.75
19.41
20.34
20.48
14.58
12.49
22.24
29.39
31.01
31.2
31.2
29.39
28.12
24.76
24.49
17.53
39.99
42.68
43.12
41.89
41.02
40.97
40.97
40.97
41.21
40.97
40.97
41.26
41.31
42.53
43.12
43.02
43.07
43.07
43.07
43.12
43.12
43.16
43.16
43.12
43.16
43.16
43.12
43.12
42.09
19.43
16.26
15.87
19.58
20.12
18.87
19.24
16.31
12.26
10.88
10.88
10.89
10.89
10.89
10.89
10.89
10.89
10.89
10.89
10.89
10.89
10.89
10.89
10.89
10.89
10.89
10.89
10.89
10.89
10.89
10.89
10.89
10.89
10.89
10.89
10.89
10.89
10.89
10.89
10.89
10.89
10.89
10.89
10.89
10.89
10.89
10.89
10.89
10.89
10.89
10.89
10.89
10.89
10.89
10.89
10.89
10.89
10.89
10.89
10.89
10.89
10.89
10.89
10.89
10.89
10.89
10.89
10.89
10.89
10.89
10.89
10.89
10.89
10.89
10.89
10.89
10.89
10.89
10.89
10.89
10.89
10.89
10.89
10.89
10.89
10.89
10.89
10.89
10.89
10.89
10.89
10.89
10.89
10.89
10.89
10.89
10.89
10.89
10.89
10.89
10.89
10.89
10.89
10.89
10.89
10.89
10.89
10.89
10.89
10.89
10.89
10.89
10.89
10.89
11.19
16.55
41.46
43.07
43.07
43.07
42.77
42.77
42.58
42.58
42.82
42.77
42.77
42.63
42.43
42.38
42.33
42.72
43.07
43.12
43.12
42.97
43.02
43.02
43.02
43.02
43.07
43.02
43.07
43.07
33.64
16.06
17.04
20.75
23.27
14.36
11.41
12.17
32.28
43.07
43.07
43.12
43.16
43.16
43.16
43.07
43.12
43.12
43.12
43.12
43.12
43.12
43.12
43.12
43.12
43.07
43.12
43.12
43.21
43.21
43.21
43.21
43.21
43.21
43.26
43.26
25.29
15.87
19.56
22.68
19.31
11.95
12.16
30.22
42.82
43.07
43.12
43.21
43.16
43.16
42.97
42.92
43.02
42.97
42.97
42.92
42.97
42.92
42.82
42.72
42.92
43.07
43.16
43.12
43.16
43.16
43.21
43.21
43.21
43.21
43.26
43.21
43.26
43.26
33.15
15.55
18.31
20.92
22.51
13.62
11.27
12.52
30.57
42.97
43.07
43.12
43.16
43.16
43.16
43.12
43.12
43.12
43.12
43.12
43.12
43.12
43.12
43.12
43.12
43.12
43.07
43.16
43.12
43.12
43.21
43.21
43.21
43.21
43.26
43.21
43.26
43.26
42.29
18.99
15.8
19.9
21.88
19.07
12.07
11.63
20.26
42.82
43.07
43.12
43.16
43.21
43.16
43.12
43.12
43.16
43.16
43.12
43.12
43.12
43.12
43.12
43.12
43.12
42.97
43.12
43.12
43.12
43.21
43.21
43.21
43.21
43.26
43.21
43.21
43.12
42.82
29.54
15.65
20.0
22.85
18.21
11.95
11.21
15.53
41.41
43.07
43.07
43.16
43.16
43.16
43.16
43.12
43.16
43.12
43.12
43.12
43.12
43.12
43.12
43.12
43.07
43.12
43.16
43.12
43.21
43.21
43.21
43.21
43.26
43.21
43.21
43.26
43.31
39.5
16.24
18.68
21.14
20.85
13.01
11.57
17.9
42.19
43.07
43.07
43.16
43.16
43.16
42.97
42.92
42.77
42.72
42.72
42.72
42.72
42.72
42.72
43.07
43.07
43.12
43.16
43.16
43.21
43.21
43.21
43.26
43.21
43.21
43.26
41.26
17.48
17.02
20.7
23.22
15.72
11.88
16.92
41.94
43.07
43.07
43.16
43.21
43.16
43.12
43.12
43.07
42.82
42.68
42.53
42.33
42.38
42.33
42.48
43.07
43.12
43.16
43.16
43.16
43.16
43.21
43.21
43.21
43.26
43.21
43.26
43.16
36.87
15.75
18.43
20.48
20.43
13.48
11.29
11.94
26.66
42.97
43.07
43.12
42.97
42.63
42.58
42.48
42.38
42.72
43.16
43.16
43.12
43.12
43.16
43.12
43.16
43.12
43.07
43.12
43.12
43.16
43.12
43.21
43.21
43.21
43.21
43.26
43.26
43.26
43.31
43.26
41.94
18.63
19.17
22.17
20.0
12.92
11.85
22.02
42.97
43.07
43.12
43.16
43.21
43.16
43.12
43.12
43.12
43.16
43.12
43.12
43.12
43.16
43.12
43.12
43.07
43.12
43.12
43.16
43.21
43.21
43.21
43.21
43.21
43.26
43.21
43.26
43.26
41.8
28.37
16.38
20.43
22.19
18.36
12.28
11.05
11.3
17.75
40.92
43.07
43.07
43.16
43.21
43.16
43.16
43.12
43.12
43.16
43.16
43.12
43.16
43.12
43.12
43.12
43.12
43.07
43.12
43.12
43.12
43.16
43.21
43.21
43.21
43.21
43.26
43.21
43.31
43.26
36.57
15.48
19.34
22.44
17.77
12.7
11.18
12.15
29.2
42.82
43.07
43.12
43.21
43.21
43.16
43.16
43.12
43.12
