6.024
6.024
6.024
6.024
6.024
6.024
6.024
6.024
6.024
6.024
6.024
6.024
6.024
6.024
6.024
6.024
6.024
6.024
6.024
6.024
6.024
6.024
6.024
6.024
6.024
6.024
6.024
6.024
6.024
6.024
6.024
6.024
6.024
7.239
13.75
16.82
17.6
18.16
16.26
13.11
10.23
13.28
16.67
17.53
18.12
16.33
13.82
9.961
14.72
16.99
17.8
17.82
15.21
12.57
9.375
15.82
17.24
17.85
17.09
13.99
11.22
8.972
15.48
17.09
17.85
17.38
14.65
12.13
8.655
8.545
8.362
9.888
20.34
16.94
8.997
10.69
16.28
17.41
18.04
16.16
13.65
9.644
15.65
17.19
17.87
16.97
14.31
10.64
14.75
16.99
17.77
16.97
13.92
10.52
8.533
8.679
8.997
15.55
17.11
17.82
16.99
13.87
10.64
8.862
8.936
15.62
17.16
17.82
17.19
14.01
11.24
10.86
16.21
17.36
18.02
16.46
13.7
10.13
9.253
9.143
9.119
8.752
11.3
16.48
17.53
18.09
16.02
13.23
9.827
12.52
16.65
17.6
18.21
16.14
13.28
9.155
14.62
17.07
17.75
18.02
15.97
13.5
9.448
14.43
16.92
17.7
18.16
15.58
13.43
9.314
12.87
20.83
13.79
8.972
9.082
11.22
16.38
17.43
18.02
17.33
13.92
11.16
11.51
16.46
17.48
18.07
16.55
13.57
10.45
8.948
9.631
8.557
6.628
8.057
6.213
6.213
6.213
6.213
6.213
6.213
6.213
6.213
6.213
6.213
6.219
6.219
6.219
6.213
6.219
6.213
6.219
6.219
6.213
6.213
6.219
6.213
6.213
6.219
6.219
6.219
6.219
6.219
6.219
6.219
6.219
6.219
6.219
6.213
6.213
6.219
6.213
6.219
6.219
6.219
6.219
6.213
6.219
6.213
6.213
6.213
6.219
6.219
6.219
6.219
6.213
6.219
6.219
6.219
6.219
6.219
6.219
6.219
6.219
6.219
6.219
6.219
6.219
6.219
6.219
6.219
6.219
6.213
6.219
6.219
6.213
6.213
6.213
6.219
6.219
6.219
6.219
6.219
6.219
6.213
6.213
6.219
6.213
6.219
6.219
6.219
6.219
6.219
6.219
6.219
6.219
6.213
6.213
6.219
6.213
6.213
6.219
6.219
6.219
6.219
6.219
6.219
6.219
6.219
6.219
6.219
6.219
6.219
6.213
6.219
6.213
6.213
6.213
6.213
6.219
6.219
6.219
6.219
6.219
6.219
6.219
6.219
6.219
6.219
6.219
6.219
6.219
6.213
6.219
6.219
6.219
6.219
6.213
6.219
6.219
6.219
6.219
6.213
6.219
6.219
6.219
6.219
6.219
6.219
6.219
6.219
6.213
6.213
6.219
6.219
6.219
6.213
6.213
6.213
6.213
6.213
6.213
6.213
6.213
6.213
6.213
6.213
6.213
6.213
6.213
6.219
6.219
6.219
6.219
6.213
6.219
6.213
6.213
6.219
6.219
6.213
6.213
6.219
6.219
6.219
6.219
6.213
6.219
6.219
6.219
6.213
6.219
6.219
6.213
6.274
9.326
19.51
19.75
9.119
9.021
8.35
8.569
14.45
17.04
17.75
18.16
18.58
18.85
18.97
19.14
19.31
19.38
19.56
19.56
19.75
19.82
19.92
20.04
20.31
19.02
20.41
20.85
20.83
20.19
18.63
17.72
12.46
13.45
17.09
17.92
18.41
18.87
19.04
19.24
19.36
19.48
19.68
19.73
19.9
20.02
20.29
20.31
18.51
20.51
20.85
20.48
20.12
18.46
18.29
18.21
11.54
15.72
17.36
18.04
18.51
18.9
19.07
19.29
19.36
19.48
19.7
19.73
19.92
20.02
20.14
20.31
18.95
20.78
20.85
20.83
20.0
18.36
17.99
11.77
15.33
17.33
18.02
18.51
18.9
19.09
19.31
19.48
19.53
19.68
19.87
19.87
20.12
20.29
20.41
18.8
20.68
20.65
20.29
18.85
17.99
16.53
11.08
16.77
17.85
18.33
18.9
19.09
19.29
19.46
19.58
19.65
19.78
19.92
20.02
20.29
20.31
19.07
20.73
20.7
20.26
19.65
19.34
18.87
10.57
16.31
17.53
18.12
18.63
18.9
19.07
19.31
19.46
19.56
19.75
19.92
19.92
20.17
20.31
19.34
19.87
20.85
20.36
20.12
18.55
18.21
12.08
14.11
17.29
18.07
18.53
18.92
19.14
19.26
19.43
19.56
19.73
19.82
19.92
19.97
20.21
20.31
19.85
18.77
20.87
20.85
20.41
19.87
19.92
19.8
17.14
12.18
16.89
17.87
18.31
18.77
18.99
19.17
19.34
19.43
19.63
19.73
19.82
19.92
20.12
20.34
19.7
18.85
20.85
20.43
19.92
18.41
16.75
16.43
10.91
16.33
14.6
12.22
11.43
16.82
17.77
18.21
18.68
18.97
19.09
19.24
19.36
19.51
19.65
19.73
19.85
19.92
20.12
20.24
20.0
18.7
20.65
20.8
20.85
20.68
19.7
18.21
17.99
11.74
12.6
16.89
17.82
18.19
18.65
18.9
19.14
19.17
19.34
19.43
19.56
19.7
19.75
19.92
20.02
20.29
20.26
18.55
20.68
20.65
19.85
18.46
17.41
16.82
8.508
15.19
17.41
18.04
18.51
18.92
19.12
19.31
19.43
19.56
19.7
19.73
19.92
20.0
20.14
20.31
20.31
18.04
20.56
20.7
20.85
20.83
19.87
19.02
17.46
17.41
11.5
13.35
17.07
17.87
18.26
18.75
18.97
19.17
19.34
19.46
19.58
19.73
19.8
19.92
20.07
20.31
18.65
20.17
20.7
20.85
20.78
20.65
19.65
17.24
16.85
16.5
10.05
15.72
16.97
17.63
18.04
18.43
18.8
19.04
19.19
19.36
19.36
19.38
19.56
19.65
19.75
19.75
19.75
19.82
19.95
19.95
19.95
20.04
20.26
20.31
18.82
20.39
20.87
20.83
19.7
19.68
17.92
17.33
16.11
12.19
9.875
10.23
10.17
10.6
10.11
9.656
10.03
10.57
10.85
12.05
17.92
19.63
11.54
9.863
11.0
11.49
11.98
17.55
19.82
11.44
9.863
9.497
9.326
10.29
16.48
17.55
18.14
18.58
18.95
19.17
19.36
19.43
19.56
19.68
19.8
19.95
19.95
20.12
20.12
20.31
20.43
20.51
18.43
20.0
20.53
20.87
20.85
20.68
20.41
19.65
17.99
17.33
16.67
11.38
9.473
9.827
9.79
9.192
9.192
9.509
9.705
9.143
9.778
9.595
8.679
15.01
16.99
17.85
18.26
18.63
18.99
19.19
19.36
19.46
19.58
19.73
19.87
19.97
20.12
20.14
20.41
20.51
20.51
18.95
20.07
20.7
20.85
20.85
20.68
19.95
18.99
17.97
15.16
8.24
19.21
18.87
8.997
8.679
9.131
8.862
8.582
8.752
6.873
8.118
6.409
6.299
6.213
6.213
6.213
6.213
6.213
6.213
6.213
6.213
6.219
6.219
6.219
6.213
6.213
6.213
6.213
6.213
6.219
6.219
6.213
6.213
6.219
6.219
6.219
6.219
6.219
6.219
6.213
6.219
6.213
6.213
6.213
6.219
6.219
