19.21
17.26
16.11
16.55
17.92
18.51
17.38
17.77
17.99
17.21
16.87
16.06
17.11
17.94
18.48
18.24
18.12
20.63
17.85
20.31
19.31
18.48
20.04
16.87
17.58
18.12
18.51
18.48
19.92
21.22
19.24
21.29
17.41
18.46
17.24
17.55
19.19
19.31
17.82
21.29
20.04
19.58
18.77
17.41
18.99
17.99
19.46
20.61
17.21
18.85
17.97
18.12
17.41
18.92
17.21
19.53
18.21
16.89
17.48
20.53
17.92
18.21
16.48
17.63
18.33
17.11
18.14
19.46
22.27
20.09
17.11
18.6
22.07
17.9
17.48
17.16
15.84
14.82
16.11
15.48
16.94
16.65
17.75
18.63
18.46
19.95
17.41
17.6
17.87
17.14
16.58
15.99
18.16
17.24
19.51
15.7
16.5
13.23
14.79
15.92
17.21
16.7
18.26
18.85
20.0
20.0
17.68
13.94
14.58
17.41
16.82
17.16
17.46
19.12
18.51
18.07
17.14
17.65
17.99
19.19
19.51
17.41
16.75
16.38
15.5
16.99
19.36
20.02
17.31
16.04
17.02
17.41
19.36
18.53
17.07
17.99
19.56
20.21
19.41
17.87
18.24
17.21
17.43
18.68
19.7
20.9
19.17
19.73
20.29
20.36
19.53
19.29
21.46
21.46
17.58
20.34
17.33
18.77
17.43
18.04
18.14
18.48
20.09
20.39
18.02
17.63
19.58
18.87
19.48
18.68
19.78
17.92
17.21
19.82
17.9
19.92
18.41
18.04
19.63
19.85
17.87
18.65
19.21
17.55
18.24
19.21
20.43
16.89
16.94
17.92
16.02
16.8
17.63
18.41
18.24
17.31
17.33
16.09
16.75
16.14
18.43
17.87
18.8
19.24
18.43
15.19
18.36
17.21
18.87
19.24
17.68
18.29
17.31
18.04
18.65
19.38
20.24
20.34
16.75
15.62
15.92
16.65
18.04
18.92
18.33
19.82
20.19
18.75
17.72
16.82
16.16
17.5
16.72
18.7
17.92
17.24
18.07
18.77
17.82
19.58
18.77
18.55
19.41
17.92
19.82
18.26
15.99
18.26
17.43
16.65
15.7
16.85
19.02
18.07
17.36
14.5
15.48
16.28
18.38
17.55
15.97
15.97
16.94
16.94
17.21
16.36
14.7
16.7
17.29
16.33
15.82
16.55
18.73
17.68
18.75
17.19
15.94
15.33
15.8
16.5
17.48
18.7
18.7
20.73
15.8
15.14
14.84
16.41
17.87
17.31
18.55
19.02
17.16
17.41
15.84
16.24
18.63
16.46
21.75
21.12
17.04
15.55
16.09
16.41
16.7
21.17
19.14
18.55
18.8
19.53
17.85
19.48
15.8
16.02
16.85
18.48
20.29
21.31
16.31
16.09
18.09
18.07
17.75
19.29
18.9
17.5
18.21
17.63
16.65
18.09
17.97
16.11
16.41
16.55
17.02
18.48
19.02
18.26
20.46
18.51
17.58
18.6
20.53
22.46
19.14
14.97
14.75
17.31
18.12
18.85
15.65
16.19
15.99
15.62
17.16
18.51
18.51
16.89
17.48
16.87
18.99
15.55
16.89
15.87
18.51
16.65
18.36
18.12
17.7
16.82
18.12
17.38
17.07
18.51
18.29
17.33
17.38
16.31
17.5
16.89
18.82
17.04
16.14
17.99
19.41
18.92
20.17
18.75
16.36
15.62
16.72
15.6
17.41
18.41
18.92
23.66
18.9
16.87
15.31
14.77
14.99
16.94
17.19
16.7
18.14
18.92
16.6
20.07
14.89
17.04
16.09
18.04
18.38
21.09
18.9
20.51
19.04
17.04
15.77
17.48
16.11
16.67
18.7
18.8
16.85
16.75
17.72
16.36
19.92
18.6
21.48
18.33
17.58
18.16
17.09
16.67
16.75
18.09
19.85
18.8
18.75
15.92
16.94
15.82
17.04
19.95
20.73
20.61
19.85
17.07
16.63
16.89
17.65
17.24
18.82
19.65
16.89
20.34
17.68
16.63
17.53
18.87
21.88
18.97
18.63
17.68
20.02
20.46
15.33
15.77
16.16
16.06
15.94
16.16
16.8
16.33
14.99
15.89
14.92
16.72
18.41
15.6
17.87
18.46
17.68
16.02
16.85
18.41
17.6
16.97
18.48
17.87
18.48
18.29
18.68
16.43
17.26
14.5
17.92
18.85
20.24
18.29
19.48
14.38
15.65
16.31
16.85
18.38
20.19
17.31
17.77
18.92
17.55
16.94
19.95
20.09
17.94
18.8
19.07
17.53
19.82
19.14
17.75
18.19
19.9
16.43
17.75
20.21
19.8
18.46
18.51
19.21
18.02
17.6
18.97
19.8
17.55
18.38
19.26
20.21
21.66
19.17
20.75
18.43
18.51
16.16
19.34
18.6
18.04
20.02
19.07
19.6
24.15
23.41
16.55
15.53
16.31
15.43
16.43
17.72
20.75
16.65
16.11
16.94
16.55
15.21
15.04
15.33
17.94
15.77
16.11
16.55
15.31
15.67
15.45
13.92
14.53
16.65
16.6
15.77
18.21
17.19
16.41
17.33
17.33
18.51
16.33
17.48
18.51
18.82
18.29
18.85
17.97
19.87
18.99
19.65
21.19
19.58
15.7
17.21
18.53
17.02
18.95
18.24
21.29
19.24
20.02
20.95
22.71
20.48
19.82
17.97
19.09
15.77
16.99
17.48
17.85
19.8
20.24
20.34
19.87
20.87
18.85
20.46
21.04
22.29
21.29
20.19
18.99
18.29
19.09
18.85
17.99
18.38
19.8
20.53
22.31
19.51
18.53
16.55
18.51
20.34
20.85
20.14
18.63
20.61
18.58
17.92
20.46
20.34
22.73
16.38
18.53
19.46
17.63
19.34
20.51
16.24
16.31
16.55
17.6
17.7
20.17
18.97
16.31
16.99
18.31
19.95
17.75
17.31
17.07
20.04
20.31
18.24
22.44
20.61
21.24
18.26
18.63
20.07
17.75
17.36
15.21
15.31
17.16
15.72
17.97
17.75
17.33
19.24
19.36
18.36
16.16
18.38
17.14
19.73
20.12
20.31
20.36
18.07
19.56
16.55
16.85
19.09
18.29
20.46
18.65
15.84
18.41
17.24
19.6
19.97
20.43
21.04
17.72
18.26
18.95
