0.0
0.6561
0.7332
1.846
17.65
17.5
16.46
18.24
16.33
17.94
18.41
17.9
18.09
19.24
18.95
17.21
17.33
17.75
17.04
18.43
17.53
17.97
18.02
16.82
17.24
18.43
17.5
18.53
17.85
17.97
17.55
18.07
18.02
16.94
17.92
15.97
15.67
15.77
17.38
15.8
15.53
17.9
17.8
17.58
17.63
16.87
14.01
16.14
17.48
14.36
16.72
16.87
16.19
17.21
14.84
16.04
16.75
17.02
17.55
17.26
17.11
17.02
15.89
17.29
16.36
17.31
15.7
16.55
17.36
16.97
16.97
17.65
16.11
15.11
16.26
13.82
17.75
17.21
16.99
15.33
15.04
15.55
17.04
12.92
14.67
15.75
14.28
16.7
17.46
14.82
13.96
16.5
15.06
17.02
17.21
17.19
16.67
17.29
17.43
17.02
16.28
14.14
18.38
16.31
13.72
17.6
17.48
16.5
16.58
14.43
16.6
18.68
15.31
17.41
16.92
16.14
13.48
16.09
16.99
17.21
15.31
17.24
15.62
16.14
16.82
17.82
16.41
17.58
13.67
16.26
15.5
13.18
15.55
17.92
16.38
17.31
17.09
16.82
16.36
15.45
15.06
15.97
11.46
14.28
16.46
14.5
13.65
14.14
16.14
16.72
14.16
14.84
14.67
16.28
14.65
15.6
15.16
12.41
10.38
13.48
14.99
11.39
15.48
12.19
14.67
14.92
12.74
11.02
13.26
15.5
13.6
15.84
14.84
13.55
15.6
13.87
14.94
16.28
16.16
12.94
13.77
14.67
17.9
15.48
14.55
16.38
12.57
13.45
15.77
16.7
15.23
14.43
16.02
13.94
12.08
11.89
10.23
10.46
10.8
12.94
15.5
15.94
18.36
17.85
17.97
16.58
18.8
16.92
17.48
17.9
17.9
17.87
17.55
14.45
14.65
13.11
16.14
17.33
