0.1387
0.243
0.2899
0.4753
0.2033
0.2762
0.2628
0.3487
0.2441
0.3262
0.3323
0.3159
0.5638
0.1919
0.3532
0.08926
0.0002861
0.0
0.0
0.0
0.0
0.01221
0.1938
0.235
0.2491
0.4013
0.2205
0.3902
0.2644
0.1598
0.194
0.1616
0.4539
0.1495
1.378
1.733
1.5
1.962
2.46
2.878
5.444
1.913
2.835
1.031
0.165
1.422
2.597
2.798
2.728
2.499
4.749
1.917
2.362
0.7286
0.1896
0.3632
0.3433
0.1722
0.3937
0.5066
0.2354
0.4196
0.1022
0.0003815
0.6386
2.679
2.722
3.027
2.695
5.011
3.406
0.943
0.1175
0.2151
0.1823
0.6233
0.1225
0.1331
0.3517
0.1411
0.1606
0.2602
0.2213
0.1451
0.3426
0.07257
1.941
2.386
2.802
2.679
5.182
1.913
2.716
0.5806
0.1213
0.3777
9.537e-05
0.3551
0.1472
0.1358
0.3242
0.428
2.49
2.631
2.426
2.066
4.761
1.855
2.155
0.9979
0.2945
0.8682
1.355
1.749
1.819
1.947
1.691
1.633
4.651
1.335
1.935
0.9003
0.2819
1.128
1.474
1.895
1.596
1.599
1.448
1.572
3.687
3.271
2.414
0.5074
0.2293
1.442
1.685
1.509
1.224
1.21
1.222
1.311
1.398
1.443
4.15
1.178
1.431
1.161
0.5188
0.2182
1.523
1.584
1.389
1.332
1.198
1.402
1.257
1.773
2.762
3.296
1.508
1.63
0.6432
0.5386
0.3223
0.3139
0.3109
0.3502
0.367
0.005341
0.4349
0.267
0.1558
0.09165
0.267
0.2266
0.5005
0.2411
0.09651
0.08764
0.08678
0.3269
0.04168
9.537e-05
0.0003815
0.0
0.0
0.0004768
0.0
0.0
0.0
0.4417
0.106
0.1003
0.2674
0.3864
0.2182
0.1362
0.1041
0.2834
0.1616
0.5348
0.2438
0.1286
0.0865
0.1936
0.2232
0.005627
0.0002861
0.0003815
0.0
0.0
0.0
0.0
0.0
0.07458
0.312
0.1987
0.2144
0.1968
0.5516
0.1305
0.1265
0.528
0.2472
0.4311
0.1766
0.1638
0.1635
0.3777
0.0
0.0007629
0.0
0.0
0.0
0.0001907
0.0
0.0
0.0
0.02565
0.1709
0.1764
0.3609
0.1574
0.1116
0.09403
0.2689
0.1068
0.2075
0.3231
0.721
0.4265
0.4166
0.3185
0.1003
0.1713
0.1453
0.3479
0.0001907
0.001621
0.0
0.0
0.0
0.1377
0.2453
0.1398
0.2048
0.3193
0.1667
0.7729
0.2022
0.7996
0.008297
0.168
0.7133
0.1553
0.1554
0.1677
9.537e-05
0.0002861
0.0
0.0
0.0
0.0001907
0.001144
0.0
0.01831
0.4585
0.3265
0.1827
0.2136
0.4517
0.2884
0.383
0.2518
0.1833
0.5257
0.1623
0.3365
0.1059
0.0007629
0.1484
0.0001907
0.0
0.0
0.0
0.0
0.0
0.0
0.0001907
0.0
0.0
0.3578
0.3773
0.1486
0.4562
0.3666
0.3548
0.1081
0.3242
0.2426
0.3796
0.3464
0.243
0.4745
0.3342
0.3937
0.08574
9.537e-05
0.0
0.0
0.0
0.0
0.0
0.0
0.0
0.0124
0.1286
0.1162
0.0001907
0.0
0.0
0.0
9.537e-05
0.0
0.0
0.0
9.537e-05
0.0
0.0
0.0
0.0
0.0
0.0
0.0
0.0
0.0
0.0
0.0
0.5836
0.1476
0.08554
0.2441
0.3536
0.2155
1.485
1.852
1.944
1.993
2.014
2.011
2.17
2.133
2.203
2.087
2.234
2.139
2.658
2.448
2.353
2.313
2.533
2.899
2.96
3.143
2.982
6.274
7.361
8.472
8.35
6.47
5.64
3.65
1.01
1.312
3.247
3.491
3.259
3.091
2.96
2.884
3.259
3.235
2.982
2.921
2.762
2.765
2.457
2.286
2.182
2.097
2.332
5.554
6.519
5.212
6.946
5.261
5.06
6.097
3.558
3.235
2.756
1.335
0.4974
2.048
2.463
2.46
2.258
2.103
1.99
2.277
2.005
1.965
1.935
1.996
1.7
1.822
2.155
2.38
2.835
2.42
2.188
2.097
1.941
2.155
2.277
2.335
2.631
5.505
5.414
1.773
4.73
4.401
7.776
5.566
5.212
4.114
3.491
3.113
1.559
1.018
0.5714
1.932
2.432
2.441
2.319
2.359
2.42
2.676
2.383
2.255
2.161
1.92
1.91
1.761
1.874
2.048
1.822
1.901
2.457
2.234
2.307
2.142
1.758
1.855
1.688
2.118
5.365
5.292
2.286
5.31
7.263
6.531
5.524
4.803
3.412
3.442
2.85
0.9277
1.048
1.099
1.361
2.2
1.929
1.785
1.633
1.39
1.466
1.439
2.188
2.176
1.77
1.904
1.773
1.469
1.645
1.691
1.831
1.736
2.081
1.913
2.008
1.654
1.593
1.559
1.605
2.063
2.286
2.777
7.349
3.333
5.072
5.719
6.299
5.402
4.065
4.858
2.902
3.104
2.847
1.009
1.077
1.378
2.365
2.396
2.438
2.374
2.106
1.749
2.274
2.28
1.877
1.837
1.721
1.633
1.764
2.017
1.813
1.773
1.544
1.657
1.917
2.167
2.414
2.597
2.652
4.089
6.714
2.765
4.901
5.377
7.263
5.402
7.19
4.504
4.382
2.826
1.932
0.1783
1.436
2.002
3.424
1.169
0.3551
1.324
2.115
4.01
1.117
0.2125
0.1526
0.1471
0.4036
0.2247
1.167
1.52
3.186
2.53
0.6386
0.2102
0.1455
0.1328
0.3685
0.3017
0.9827
1.083
2.255
2.997
0.6363
0.6104
2.139
2.13
2.661
2.625
2.509
2.786
2.423
2.802
2.515
2.661
2.368
2.216
2.026
2.02
1.758
1.822
2.725
3.043
3.473
7.312
6.982
9.241
7.214
6.165
3.375
2.661
3.851
1.495
0.5745
1.996
2.032
2.032
2.252
2.35
2.731
2.783
2.774
2.933
2.823
3.046
3.018
2.872
3.04
3.046
3.241
3.18
5.988
8.972
6.775
9.216
6.97
7.129
4.51
2.625
1.082
1.657
2.667
2.96
2.817
2.765
2.64
2.444
2.554
2.399
2.457
2.545
2.579
2.014
2.078
2.02
1.892
2.176
3.314
3.156
2.829
8.752
6.036
8.411
7.104
5.792
3.992
3.29
3.607
2.527
1.128
0.7034
1.331
0.1574
1.349
0.2308
0.3422
0.06142
0.09823
0.06733
0.1133
0.2796
0.1526
1.382
0.172
1.376
0.1738
0.5882
1.132
0.1534
1.485
0.1574
0.9262
0.4662
0.8774
0.2789
0.05074
0.1089
0.1173
0.3094
0.185
1.189
0.1633
0.2235
0.1472
0.1362
0.3632
0.7561
0.1633
0.9354
0.7614
0.2636
0.6241
0.6393
1.761
2.042
1.804
2.252
2.444
2.426
2.286
2.515
2.075
2.002
1.99
1.837
1.956
2.045
1.81
1.834
1.91
2.335
2.203
2.026
2.167
2.234
2.103
1.941
1.74
1.822
5.725
5.688
5.029
3.882
6.616
5.182
4.718
4.37
4.474
2.649
4.041
2.893
2.271
1.535
0.3197
0.2541
0.359
0.09718
0.1251
0.0782
0.3063
0.08011
0.0005722
0.0
0.007439
0.399
0.3666
0.4166
0.3899
0.518
0.2892
0.1221
0.1343
0.3914
0.333
0.3117
0.2178
0.2926
0.4288
0.2377
0.1238
0.1068
0.246
0.2075
0.0003815
0.0006676
0.0
9.537e-05
0.0009537
0.0
0.0
0.0
0.0
0.0
0.0
0.0
0.0
0.0
0.0
0.001144
9.537e-05
0.0
0.0
0.0
0.0007629
0.5753
0.396
0.7591
0.8575
0.4158
0.235
0.4753
0.4906
