4.254
4.254
4.254
4.26
4.254
4.254
4.254
4.254
4.254
4.26
4.132
4.059
4.059
4.059
4.059
4.059
4.163
4.248
4.248
4.254
4.254
4.254
4.254
4.254
4.248
4.248
4.248
4.248
4.248
4.248
4.248
4.254
4.254
4.254
4.248
4.254
4.254
4.254
4.254
4.254
4.254
4.254
4.254
4.254
4.254
4.254
4.254
4.254
4.254
4.254
4.254
4.254
4.254
4.254
4.254
4.254
4.254
4.254
4.254
4.254
4.254
4.254
4.254
4.254
4.254
4.26
4.26
4.12
4.083
4.187
4.236
4.102
4.065
4.065
4.065
4.065
4.065
4.065
4.181
4.26
4.23
4.065
4.144
4.26
4.26
4.26
4.26
4.26
4.26
4.26
4.26
4.26
4.26
4.26
4.26
4.26
4.26
4.26
4.26
4.26
4.26
4.26
4.26
4.26
4.26
4.26
4.26
4.26
4.26
4.26
4.26
4.26
4.26
4.26
4.26
4.26
4.26
4.26
4.26
4.26
4.26
4.26
4.26
4.26
4.26
4.26
4.26
4.26
4.26
4.26
4.26
4.26
4.26
4.26
4.26
4.26
4.26
4.26
4.26
4.26
4.26
4.26
4.26
4.26
4.26
4.26
4.26
4.26
4.26
4.26
4.26
4.26
4.26
4.26
4.26
4.26
4.26
4.26
4.26
4.26
4.26
4.26
4.26
4.26
4.26
4.26
4.26
4.089
4.065
4.065
4.205
4.254
4.254
4.254
4.071
4.065
4.065
4.065
4.065
4.065
4.065
4.065
4.205
4.26
4.26
4.199
4.065
4.065
4.205
4.26
4.254
4.065
4.12
4.254
4.254
4.114
4.065
4.156
4.089
4.095
4.065
4.065
4.065
4.059
4.065
4.065
4.181
4.193
4.26
4.254
4.071
4.065
4.254
4.26
4.26
4.26
4.254
4.26
4.156
4.224
4.26
4.26
4.193
4.071
4.181
4.15
4.254
4.254
4.193
4.065
4.065
4.254
4.254
4.254
4.254
4.114
4.059
4.211
4.059
4.138
4.26
4.254
4.181
4.065
4.065
4.065
4.065
4.065
4.065
4.059
4.205
4.26
4.211
4.254
4.26
4.254
4.254
4.254
4.254
4.254
4.254
4.12
4.059
4.059
4.065
4.059
4.059
4.059
4.059
4.059
4.059
4.059
4.059
4.059
4.059
4.144
4.26
4.26
4.26
4.26
4.26
4.26
4.254
4.254
4.248
4.254
4.254
4.254
4.254
4.254
4.254
4.254
4.254
4.254
4.254
4.26
4.254
4.254
4.254
4.254
4.254
4.254
4.254
4.254
4.132
4.138
4.254
4.254
4.254
4.254
4.254
4.248
4.248
4.248
4.175
4.248
4.26
4.26
4.26
4.254
4.254
4.254
4.26
4.254
4.254
4.254
4.254
4.254
4.254
4.254
4.254
4.254
4.254
4.254
4.254
4.254
4.254
4.254
4.254
4.254
4.254
4.254
4.254
4.254
4.254
4.254
4.254
4.254
4.254
4.254
4.254
4.26
4.26
4.254
4.26
4.26
4.26
4.26
4.26
4.26
4.26
4.26
4.26
4.26
4.26
4.26
4.26
4.26
4.26
4.26
4.26
4.26
4.26
4.26
4.26
4.26
4.26
4.26
4.26
4.26
4.26
4.26
4.26
4.26
4.26
4.26
4.26
4.26
4.26
4.26
4.26
4.26
4.26
4.26
4.26
4.26
4.26
4.26
4.26
4.26
4.26
4.26
4.26
4.26
4.26
4.26
4.26
4.26
4.26
4.26
4.26
4.26
4.26
4.26
4.26
4.26
4.26
4.26
4.26
4.266
4.26
4.26
4.26
4.26
4.26
4.26
4.26
4.26
4.26
4.26
4.26
4.26
4.26
4.26
4.26
4.26
4.26
4.26
4.26
4.26
4.26
4.26
4.26
4.26
4.26
4.26
4.23
4.065
4.065
4.065
4.23
4.102
4.26
4.065
4.065
4.065
4.065
4.065
4.065
4.065
4.065
4.065
4.102
4.065
4.089
4.065
4.15
4.26
4.254
4.254
4.254
4.254
4.126
4.065
4.065
4.102
4.065
4.065
4.065
4.065
4.065
4.065
4.144
4.156
4.144
4.224
4.248
4.23
4.138
4.071
4.071
4.248
4.248
4.254
4.254
4.254
4.254
4.254
4.254
4.181
4.077
4.114
4.211
4.254
4.26
4.254
4.254
4.23
4.156
4.163
4.059
4.205
4.065
4.187
4.077
4.065
4.242
4.26
4.242
4.26
4.26
4.254
4.254
4.26
4.23
4.065
4.065
4.065
4.065
4.065
4.065
4.065
4.065
4.059
4.059
4.059
4.059
4.059
4.059
4.059
4.065
4.059
4.059
4.065
4.059
4.059
4.065
4.059
4.059
4.053
4.077
4.059
4.059
4.065
4.065
4.059
4.059
4.059
4.059
4.211
4.065
4.059
4.059
4.065
4.059
4.059
4.059
4.059
4.059
4.059
4.059
4.065
4.065
4.065
4.193
4.26
4.26
4.26
4.26
4.26
4.26
4.26
4.26
4.26
4.26
4.254
4.26
4.26
4.26
4.26
4.26
4.26
4.26
4.254
4.254
4.254
4.254
4.254
4.254
4.254
4.254
4.254
4.254
4.254
4.254
4.254
4.254
4.254
4.254
4.254
4.254
4.254
4.254
4.254
4.254
4.26
4.254
4.254
4.254
4.254
4.254
4.254
4.254
4.254
4.26
4.254
4.254
4.254
4.254
4.26
4.26
4.26
4.26
4.26
4.26
4.26
4.26
4.26
4.26
4.26
4.26
4.26
4.26
4.26
4.26
4.26
4.26
4.26
4.26
4.26
4.26
4.26
4.26
4.26
4.26
4.26
4.26
4.26
4.26
4.26
4.26
4.26
4.26
4.26
4.26
4.26
4.26
4.26
4.26
4.26
4.26
4.26
4.26
4.26
4.26
4.26
4.26
4.23
4.065
4.065
4.065
4.065
4.071
4.065
4.065
4.065
4.071
4.071
4.071
4.071
4.071
4.071
4.071
4.071
4.071
4.071
4.071
4.071
4.071
4.071
4.071
4.065
4.071
4.089
4.26
4.26
4.26
4.26
4.26
4.26
4.26
4.26
4.26
4.26
4.26
4.26
4.26
4.26
4.26
4.26
4.26
4.26
4.26
4.26
4.26
4.26
4.26
4.26
4.26
4.26
4.254
4.254
4.26
4.26
4.26
4.26
4.254
4.26
4.254
4.254
4.095
4.065
4.089
4.071
4.065
4.065
4.144
4.26
4.132
4.065
4.065
4.065
4.065
4.065
4.065
4.065
4.181
4.114
4.26
4.26
4.26
4.193
4.132
4.065
4.01
4.065
4.065
4.065
4.077
4.26
4.254
4.205
4.26
4.26
4.26
4.254
4.254
4.254
4.254
4.254
4.254
4.218
4.095
4.059
4.077
4.059
4.065
4.132
4.138
4.248
4.248
4.248
4.248
4.248
4.248
4.248
4.248
4.248
4.248
4.248
4.224
4.053
4.059
4.059
4.15
4.169
