0.02604
0.02346
0.02346
0.02346
0.02604
0.02346
0.02604
0.02079
0.02604
0.02346
0.02346
0.02346
0.02604
0.02346
0.02604
0.02346
0.02604
0.02346
0.02346
0.02346
0.02604
0.02346
0.02346
0.02346
0.02604
0.02346
0.02604
0.02079
0.02604
0.02079
0.02604
0.02346
0.02604
3.021
23.49
25.78
25.63
27.1
26.61
26.76
23.71
24.71
24.22
14.33
8.411
21.7
23.24
23.63
26.22
28.37
30.22
24.66
26.81
22.92
15.04
13.21
18.16
22.39
25.83
27.39
29.54
29.64
23.56
21.9
23.75
10.3
23.88
23.68
32.91
32.81
33.15
29.15
31.84
16.89
13.72
19.97
22.53
24.76
25.05
25.34
24.0
23.27
26.95
17.31
17.53
23.1
26.17
26.42
26.86
27.05
25.1
28.56
20.09
12.96
13.28
13.48
21.73
23.61
25.83
28.47
29.83
25.39
29.69
20.31
14.18
14.53
15.33
10.95
19.34
22.46
22.75
24.17
26.46
28.22
23.05
23.39
20.39
14.18
14.36
14.82
13.72
15.21
12.34
14.18
15.01
11.94
13.62
15.87
13.38
14.36
15.41
16.55
20.04
22.49
18.12
12.34
23.22
25.63
26.37
26.71
29.59
25.44
26.27
26.12
14.97
14.48
13.99
15.94
16.53
16.63
18.12
18.38
12.5
10.68
17.92
21.78
23.66
25.98
27.88
29.15
25.39
26.51
25.39
16.43
15.26
14.72
15.82
18.26
34.96
21.56
19.02
18.21
11.95
0.1667
0.06771
0.02346
0.02346
0.02604
0.02604
0.02346
0.02604
0.02346
0.02604
0.02604
0.02604
0.02346
0.02861
0.02346
0.02861
0.02346
0.02604
0.02604
0.02604
0.02346
0.02861
0.02604
0.02861
0.02604
0.02861
0.02604
0.02604
0.02346
0.02604
0.02604
0.02861
0.02346
0.02604
0.02604
0.02861
0.02604
0.02861
0.02861
0.02861
0.02861
0.02861
0.02604
0.02861
0.02604
0.02861
0.02604
0.02861
0.02604
0.03128
0.02346
0.03128
0.02604
0.02861
0.02604
0.02861
0.02604
0.02861
0.02604
0.02861
0.02604
0.02604
0.02604
0.02604
0.02604
0.02604
0.02346
0.02604
0.02604
0.02604
0.02346
0.02604
0.02346
0.02604
0.02346
0.02604
0.02346
0.02604
0.02346
0.02604
0.02346
0.02604
0.02346
0.02861
0.02346
0.02604
0.02604
0.02346
0.02346
0.02604
0.02346
0.02604
0.02346
0.02604
0.02346
0.02604
0.02346
0.02604
0.02346
0.02861
0.02346
0.02604
0.02346
0.02604
0.02346
0.02604
0.02346
0.02604
0.02346
0.02604
0.02346
0.02604
0.02346
0.02604
0.02346
0.02604
0.02346
0.02861
0.02346
0.02604
0.02346
0.02604
0.02346
0.02604
0.02346
0.02861
0.02346
0.02604
0.02346
0.02604
0.02346
0.02861
0.02346
0.02861
0.02346
0.02861
0.02346
0.02604
0.02346
0.02604
0.02346
0.02604
0.02346
0.02604
0.02346
0.02604
0.02346
0.02604
0.02346
0.02346
0.02346
0.02604
0.02346
0.02604
0.02346
0.02346
0.02346
0.02604
0.02346
0.02861
0.02346
0.02346
0.02346
0.02604
0.02346
0.02604
0.02346
0.02346
0.02346
0.02604
0.02346
0.02604
0.02346
0.02604
0.02604
0.02604
0.02346
0.02861
0.02346
0.02604
0.02346
0.02604
0.02079
0.02346
0.02079
0.02346
0.02079
0.02604
0.02346
0.02604
1.767
21.92
19.41
19.63
14.09
8.24
21.75
20.58
18.73
12.15
15.45
21.41
22.66
24.78
26.56
27.34
29.79
31.64
32.71
33.2
39.7
43.21
43.8
40.87
39.5
42.24
42.43
34.67
19.8
20.48
22.9
27.15
28.86
29.15
28.17
28.61
30.22
17.31
19.02
22.8
27.59
44.73
43.7
43.6
43.65
43.46
43.65
42.33
38.43
38.67
39.4
37.45
36.52
25.93
19.41
23.17
28.08
32.91
34.62
32.42
31.1
30.37
11.87
38.96
43.51
43.51
43.21
41.99
43.55
44.34
44.48
43.12
42.82
43.26
43.16
43.41
34.23
42.09
45.46
42.63
36.43
35.4
29.98
11.13
23.34
26.27
26.81
27.59
30.22
29.15
28.76
29.35
29.35
28.52
30.13
32.13
32.57
31.84
30.76
31.64
30.66
30.18
30.32
24.49
20.73
22.88
24.73
24.85
25.39
26.66
22.8
25.78
27.2
20.48
13.75
21.83
22.36
23.8
25.83
25.39
25.93
26.76
30.27
30.96
30.32
31.1
32.47
31.74
31.93
31.98
31.2
31.35
30.22
31.25
31.4
15.99
21.51
22.61
22.27
24.85
24.98
25.68
24.12
21.34
22.39
24.54
6.146
22.22
21.63
22.41
24.98
27.59
29.25
31.25
33.15
33.59
32.03
31.88
32.23
33.4
33.64
34.42
34.62
34.38
34.86
35.16
19.09
23.9
25.54
27.39
28.32
29.74
28.81
29.44
26.56
13.82
18.46
23.97
27.34
27.98
29.3
30.52
29.25
28.52
27.78
29.74
29.98
28.86
29.88
31.79
32.81
33.64
34.08
32.86
32.62
29.69
17.48
20.24
20.48
22.58
22.97
25.98
26.81
25.88
25.34
24.98
18.99
14.14
23.1
24.98
25.15
25.73
26.12
25.83
25.68
27.69
27.39
27.73
29.3
30.08
29.64
30.03
29.44
28.76
28.27
28.81
28.76
28.81
27.69
16.6
17.24
19.68
20.39
22.56
24.37
26.61
27.39
24.15
21.41
21.26
12.11
1.459
11.87
22.09
22.02
22.05
23.78
23.46
22.97
22.9
24.44
24.98
26.03
27.88
28.61
28.71
27.69
27.54
25.15
21.85
21.8
20.87
19.6
20.02
22.36
22.49
22.19
17.92
19.95
22.17
22.46
23.12
24.98
29.25
25.68
20.53
23.73
24.19
10.56
21.7
25.63
27.15
27.25
29.54
31.54
32.28
31.25
31.84
33.3
33.98
34.77
34.42
33.79
32.42
32.52
32.47
31.88
24.1
16.65
20.21
23.71
25.78
26.95
29.3
29.2
30.27
30.71
15.72
21.73
25.34
27.05
28.52
29.05
29.59
30.62
30.96
31.93
32.71
34.13
34.33
33.98
34.57
34.86
34.38
33.79
32.03
27.64
21.26
25.93
25.49
25.49
28.17
28.52
24.34
17.29
17.46
22.09
16.82
15.97
15.89
16.65
15.7
12.6
16.58
15.09
17.48
16.77
18.07
20.65
19.85
16.38
16.8
18.14
20.19
22.66
13.31
13.75
17.26
15.45
14.65
17.5
16.41
14.99
14.36
14.92
17.19
16.06
15.65
13.99
15.06
13.82
12.84
15.7
24.71
28.08
27.73
28.52
28.08
28.22
30.32
31.35
29.98
29.2
30.18
31.59
32.67
32.62
32.81
32.91
32.47
30.66
30.76
17.82
19.85
19.58
20.65
23.36
27.64
30.32
30.08
30.18
29.0
13.84
14.53
14.75
16.65
20.26
21.75
15.53
13.21
14.6
14.16
14.21
12.89
26.61
30.37
31.4
32.08
32.86
33.15
34.18
34.47
34.23
34.86
35.06
33.79
33.64
34.18
34.33
33.25
33.15
22.19
24.83
28.56
28.86
31.15
30.42
29.35
29.05
25.88
0.2655
0.07811
0.02079
0.02604
0.02079
0.02604
0.02079
0.02604
0.02604
0.02604
0.02079
0.03128
0.02079
0.02604
0.02604
0.02604
0.02079
0.02604
0.02604
0.02604
0.02604
0.02604
0.02079
0.02604
0.02604
0.02604
0.02604
0.02604
0.02604
0.02604
0.02079
0.02604
0.02079
