5.829
5.829
5.829
5.829
5.829
5.829
5.829
5.829
5.829
5.829
5.829
5.829
5.829
5.829
5.829
5.829
5.829
5.829
5.829
5.829
5.829
5.829
5.829
5.829
5.829
5.829
5.829
5.829
5.829
5.829
5.829
5.829
6.226
9.998
14.79
15.92
16.5
16.89
17.33
17.6
17.9
18.19
16.97
14.58
13.5
12.21
12.01
9.814
8.972
14.53
20.09
20.68
19.78
17.63
12.1
15.19
16.16
16.7
17.14
17.36
17.58
17.77
17.99
18.14
17.82
14.72
14.18
14.14
13.84
13.77
9.253
9.131
13.4
19.02
20.46
20.41
17.99
17.75
17.43
17.43
17.24
16.99
17.11
17.38
17.58
17.8
17.99
17.99
16.92
15.11
14.79
14.36
14.16
12.79
9.521
16.46
20.36
20.78
20.02
17.97
17.97
15.14
13.35
12.37
15.36
16.31
16.82
17.26
17.53
17.72
18.04
18.14
16.19
14.5
14.11
13.11
9.277
9.399
9.448
16.06
20.48
20.63
19.36
13.4
10.3
9.082
14.72
19.34
20.12
19.95
18.14
17.14
16.77
9.839
9.509
10.56
17.55
20.17
20.41
19.02
17.5
17.24
12.0
11.62
18.43
20.19
20.17
18.02
17.16
12.52
9.082
9.485
9.79
8.606
9.326
10.13
16.06
20.04
20.29
19.92
17.38
15.28
14.33
15.67
16.31
16.72
17.14
17.33
17.58
17.68
17.92
18.12
16.7
14.38
14.14
13.99
13.57
12.67
10.53
9.814
9.351
10.21
18.33
20.83
20.26
13.72
6.348
6.995
8.923
8.899
9.045
8.923
9.265
8.911
7.861
8.667
16.14
20.14
20.68
19.17
17.8
16.65
9.888
10.6
17.33
19.87
20.43
20.0
17.48
13.45
6.018
7.166
9.045
8.679
8.801
12.12
18.85
20.48
20.24
17.82
17.26
14.84
8.838
8.923
9.18
8.887
8.777
8.74
8.667
7.312
6.024
6.024
6.024
6.024
6.024
7.251
8.85
8.838
8.85
7.739
8.057
7.947
8.154
8.459
8.728
8.228
8.13
8.264
8.63
8.569
8.948
9.277
8.154
8.472
5.243
5.243
5.249
5.249
6.097
8.618
8.032
8.85
8.85
8.325
15.09
20.04
19.53
10.35
8.838
8.704
8.35
8.643
8.911
9.998
20.29
19.92
9.473
5.518
5.292
5.249
5.249
5.249
6.128
8.411
9.216
9.888
20.29
19.78
9.717
8.728
9.79
8.85
8.496
8.435
8.374
8.716
8.594
8.691
8.337
7.971
7.788
5.438
5.438
5.444
5.444
5.444
6.171
8.533
17.8
20.7
15.21
8.752
8.655
8.508
17.8
20.56
13.75
8.545
8.362
8.386
8.252
8.008
12.12
20.56
20.31
12.52
5.658
5.524
5.444
5.444
6.171
8.02
8.35
8.179
8.142
7.825
8.154
8.167
7.715
14.14
20.8
17.09
8.35
8.301
8.728
8.752
7.959
7.812
7.52
5.438
5.438
5.444
5.444
5.444
6.134
8.337
8.887
8.984
10.89
18.36
20.26
20.48
18.51
8.826
13.45
20.19
20.83
19.87
11.18
8.972
18.36
20.8
17.26
9.595
18.21
20.7
20.02
12.18
11.51
15.43
16.33
17.19
17.68
18.04
18.46
18.55
18.73
18.87
18.95
18.97
19.14
19.21
19.34
19.41
19.53
19.78
19.9
19.85
16.6
18.02
20.8
20.83
20.85
20.78
18.7
17.43
17.04
16.82
12.01
12.1
16.28
17.14
17.63
18.04
18.33
18.55
18.75
18.85
18.95
19.14
19.14
19.34
19.36
19.53
19.58
19.78
19.95
19.8
16.31
18.85
20.83
20.83
20.85
19.97
18.07
17.82
17.82
10.47
14.77
16.58
17.31
17.72
18.24
18.38
18.55
18.75
18.8
18.95
19.14
19.17
19.34
19.34
19.38
19.6
19.78
19.9
18.6
15.62
16.72
19.6
20.83
20.7
20.63
20.19
19.73
19.43
18.43
9.937
15.77
16.85
17.46
17.7
18.14
18.38
18.51
18.73
18.9
18.95
19.09
19.21
19.34
19.36
19.53
19.6
19.87
19.92
19.92
16.92
16.87
20.34
20.85
20.68
20.63
18.85
18.09
17.82
17.29
12.82
12.82
16.09
16.94
17.48
17.77
18.16
18.41
18.65
18.75
18.9
18.95
19.02
19.14
19.31
19.43
19.53
19.53
19.56
19.8
19.92
19.9
16.67
17.48
20.58
20.85
20.87
20.87
20.85
20.73
19.29
18.6
18.43
17.6
9.18
14.79
16.38
17.14
17.53
17.82
18.24
18.48
18.63
18.8
18.95
18.95
19.14
19.14
19.34
19.34
19.43
19.53
19.53
19.73
19.9
19.65
16.02
18.85
20.83
20.85
20.83
19.29
17.7
16.89
16.53
9.656
15.48
16.72
13.26
11.16
12.06
16.31
13.96
11.55
13.16
16.26
16.53
13.23
13.31
12.28
9.839
14.89
16.26
16.8
14.04
12.27
9.082
15.5
16.89
13.67
12.65
10.4
16.04
15.7
12.82
10.38
11.82
16.31
14.94
12.33
10.45
11.52
16.33
13.77
11.8
10.44
15.14
16.65
13.43
11.44
17.33
18.26
10.02
14.36
16.85
17.55
17.92
18.41
18.63
18.73
18.9
18.99
19.14
19.21
19.34
19.36
19.53
19.53
19.6
19.9
19.92
18.33
17.7
19.36
20.39
20.85
20.85
20.85
20.73
17.29
15.09
14.77
14.72
14.6
14.09
8.423
15.62
16.94
17.55
17.97
18.38
18.58
18.77
18.85
19.04
19.21
19.31
19.51
19.56
19.82
19.9
18.6
17.04
20.04
20.83
20.83
19.29
17.21
16.89
13.21
11.78
15.58
16.43
16.89
17.38
17.55
17.72
17.8
18.09
18.36
18.36
18.46
18.68
18.75
18.8
19.04
19.12
19.29
19.41
19.51
19.51
19.6
19.85
19.9
19.51
16.41
19.7
20.83
20.83
20.78
19.43
18.16
16.85
16.75
16.65
10.84
11.5
11.19
12.22
18.51
19.43
17.87
11.43
12.17
14.94
18.95
18.12
10.68
9.521
9.277
18.53
19.82
11.05
12.28
16.41
17.33
17.72
18.16
18.48
18.68
18.73
18.87
18.99
19.14
19.31
19.36
19.41
19.53
19.65
19.82
19.9
18.04
17.85
20.8
20.7
20.65
20.48
18.36
17.63
17.48
12.5
9.058
9.668
19.31
19.95
11.54
8.972
16.26
20.61
17.75
9.253
9.058
9.009
9.351
10.02
8.911
17.99
20.24
12.23
13.43
20.68
19.19
9.692
9.058
8.826
8.777
9.216
8.862
8.838
18.41
20.75
15.82
9.155
9.155
8.96
9.326
17.26
20.68
20.8
14.94
9.082
8.96
9.277
9.521
18.21
20.78
15.33
10.31
19.63
20.07
12.74
9.167
9.131
8.447
14.53
20.78
19.85
8.374
5.896
5.707
5.634
5.634
5.634
5.634
5.634
5.634
5.634
5.634
5.634
5.634
5.634
5.634
5.634
5.634
5.634
5.634
5.634
8.276
9.119
9.631
10.14
9.778
9.583
10.85
18.21
20.17
20.36
19.07
