10.63
10.28
10.18
10.29
10.27
10.45
10.6
10.41
10.41
10.55
10.52
10.68
10.84
10.84
10.77
10.84
10.84
10.84
10.84
10.86
10.84
10.86
10.85
11.07
11.04
11.1
11.04
11.06
11.17
11.35
11.38
11.22
10.86
10.78
10.55
10.64
11.0
10.57
10.46
10.38
10.31
10.27
10.38
10.96
10.45
10.36
10.4
10.56
11.65
10.78
10.52
10.73
10.99
11.05
10.9
10.77
10.86
11.16
11.4
11.55
11.23
10.85
10.73
11.21
11.46
11.23
11.04
11.04
11.11
11.01
10.84
11.1
10.91
10.66
10.89
10.84
11.25
13.28
13.18
13.38
13.6
13.28
12.99
13.04
13.18
13.18
13.31
13.31
13.16
13.09
12.37
12.11
12.01
12.16
12.45
12.21
12.29
11.72
11.24
11.06
10.94
10.27
9.436
9.302
9.326
9.326
9.485
9.534
9.485
9.534
9.668
9.668
9.766
9.863
9.863
9.888
10.27
9.875
10.23
10.27
10.23
10.06
9.875
9.9
10.16
10.08
10.14
10.27
10.42
10.1
9.827
9.509
9.656
9.814
9.839
10.02
10.07
10.21
10.1
10.36
10.19
10.31
10.42
10.34
10.21
10.24
10.44
10.33
10.42
10.45
10.51
10.64
10.56
10.53
10.66
10.45
10.51
10.16
10.3
10.27
9.9
9.949
10.19
10.29
10.12
10.35
10.44
10.44
9.961
10.07
10.25
10.25
10.33
10.51
10.62
10.53
10.63
10.73
10.49
10.35
10.51
10.36
10.18
10.42
10.61
10.71
10.79
10.46
10.47
10.52
10.78
10.66
10.31
10.44
10.35
10.41
10.35
10.41
10.55
10.94
10.84
10.86
10.88
10.46
10.62
10.42
10.25
10.27
10.46
10.74
10.71
10.8
10.5
10.18
10.29
9.985
10.18
10.45
10.47
10.45
10.31
10.6
10.35
10.33
10.46
10.72
10.86
10.86
10.93
11.72
11.12
10.72
10.77
10.84
10.93
10.89
11.05
11.21
11.41
11.23
11.23
10.91
10.64
10.89
10.93
11.07
11.02
10.84
10.53
11.72
11.27
11.93
11.69
11.8
11.65
11.56
11.41
11.56
11.82
11.55
11.58
11.62
11.84
11.99
12.08
12.19
12.02
11.8
11.94
12.08
12.28
12.52
12.37
12.05
12.02
11.39
11.36
11.43
11.17
11.5
11.55
11.34
11.27
11.54
11.66
11.77
11.07
11.11
11.18
11.04
10.93
11.06
11.05
11.23
11.36
11.67
11.46
11.23
10.72
10.8
10.91
11.04
11.04
11.0
11.23
11.17
11.06
11.13
10.99
10.72
10.66
10.42
10.61
10.99
11.05
11.07
11.23
11.38
11.44
11.69
11.77
11.63
11.66
11.29
10.96
11.13
11.22
11.25
10.91
10.95
11.12
10.95
10.69
10.71
10.6
11.12
10.39
10.47
10.46
10.51
10.64
10.64
10.52
10.78
10.29
10.19
10.14
10.07
10.07
10.19
10.27
10.33
10.46
10.64
10.79
10.86
11.06
11.16
11.07
11.04
10.9
10.84
10.95
11.17
11.05
11.16
10.72
10.5
11.84
11.96
11.83
11.65
11.82
12.0
11.9
11.94
11.87
12.0
12.04
12.28
12.55
12.29
12.46
12.7
12.6
12.65
12.65
12.49
12.4
12.5
12.6
12.7
12.87
12.77
12.92
12.7
11.84
11.88
11.43
11.51
11.62
11.13
11.23
11.33
11.51
10.88
10.97
11.12
11.22
11.46
11.32
11.61
11.24
11.36
11.61
11.87
11.23
11.52
11.23
11.6
11.67
11.66
11.52
11.74
11.41
11.23
11.23
11.1
11.17
11.07
11.23
11.23
11.34
11.67
11.91
11.94
12.05
11.54
11.33
11.4
11.13
11.33
11.41
11.4
11.29
11.28
10.88
10.45
10.36
10.31
10.17
10.27
10.4
10.78
10.1
10.06
9.875
10.16
10.3
10.35
10.55
10.53
10.61
10.5
10.68
10.74
10.84
10.79
10.9
11.02
11.25
11.23
11.23
11.21
11.12
10.88
11.16
10.89
10.79
10.8
10.99
11.12
11.19
11.05
12.06
12.27
11.41
11.25
11.25
11.51
11.43
11.47
11.24
11.28
11.43
11.62
11.71
11.94
11.83
11.74
11.95
11.95
11.73
11.24
11.39
11.5
11.34
11.16
11.23
11.23
11.29
11.25
11.45
11.5
11.01
10.97
11.15
11.15
11.22
11.27
11.61
11.55
11.28
11.32
11.13
11.24
11.38
11.46
11.29
11.4
11.57
11.34
11.13
10.97
11.18
11.68
11.25
11.32
11.23
11.24
11.36
11.52
11.28
11.24
10.85
10.85
11.07
11.25
11.19
11.56
14.84
14.99
14.92
15.21
15.21
15.11
15.11
14.92
14.18
13.94
14.11
14.14
14.09
14.04
14.04
14.04
14.18
14.04
14.09
13.99
13.7
13.57
13.38
13.4
13.09
13.09
13.31
13.18
13.28
13.57
13.45
13.5
11.94
11.94
12.0
12.05
11.93
11.88
12.04
12.21
12.19
12.15
12.4
12.62
12.6
12.6
12.62
12.65
12.48
12.52
12.44
12.55
12.4
12.6
12.84
12.19
12.17
12.01
12.02
11.43
11.32
11.35
11.52
11.5
11.43
11.43
11.57
11.62
11.47
11.61
11.79
11.83
11.98
12.21
12.26
12.01
11.63
11.67
11.9
12.22
12.1
12.19
12.35
12.29
11.93
12.17
11.63
11.66
11.91
10.89
10.74
11.0
11.22
11.05
11.19
10.93
10.91
10.64
10.73
11.02
10.93
11.23
11.3
11.19
11.24
11.16
11.18
11.25
11.25
11.49
11.57
11.41
11.19
11.3
11.12
11.06
11.05
11.16
11.23
11.4
11.47
11.71
11.46
11.45
11.63
10.97
11.24
10.88
10.97
11.0
10.95
11.17
11.13
11.07
11.27
11.23
11.3
11.4
11.4
11.23
11.3
11.19
11.06
10.84
10.89
10.97
10.97
10.84
10.94
11.06
11.02
10.8
10.74
10.52
10.17
9.949
10.05
10.01
9.973
10.39
10.63
10.75
