0.1904
0.1904
0.1902
0.1902
0.1902
0.1902
0.1905
0.1904
0.1904
0.1904
0.1904
0.1904
0.1907
0.1904
0.1905
0.1902
0.1905
0.1904
0.1904
0.19
0.1907
0.1904
0.1905
0.1907
0.1907
0.1904
0.1904
0.1902
0.1902
0.1905
0.1904
0.1904
0.1907
0.1907
0.1904
0.1902
0.1898
0.0
0.0
0.1942
0.1902
0.19
0.1898
0.19
0.1904
0.1904
0.19
0.1905
0.19
0.1898
0.1904
0.1902
0.1902
0.1894
0.1884
0.0
0.0
0.0
0.1936
0.1904
0.1904
0.1904
0.1902
0.1905
0.1902
0.1909
0.1902
0.1902
0.1902
0.1904
0.1904
0.1902
0.1904
0.1904
0.1902
0.1902
0.1904
0.1905
0.1938
0.1942
0.1942
0.194
0.1942
0.1944
0.1942
0.193
0.1902
0.1902
0.1902
0.1902
0.1902
0.1902
0.1904
0.1904
0.1902
0.1902
0.1902
0.19
0.19
0.19
0.1898
0.1902
0.1904
0.1902
0.1902
0.1902
0.19
0.1902
0.1902
0.1902
0.1902
0.1902
0.1902
0.1902
0.1902
0.1902
0.1911
0.1902
0.1902
0.1902
0.1902
0.1904
0.1902
0.1902
0.1905
0.0
0.0
