22.71
19.21
29.25
22.09
28.37
30.66
20.14
29.98
25.44
8.02
22.14
18.75
31.4
26.17
22.56
27.93
30.57
14.99
13.38
24.85
14.36
21.09
24.63
29.54
27.64
34.03
24.0
9.802
31.1
19.14
32.18
13.04
28.32
24.83
26.51
26.61
34.62
33.15
33.64
25.73
8.813
0.1497
0.02346
0.02079
0.02213
0.02079
0.02346
0.02079
0.0247
0.02213
0.02346
0.02346
0.0247
0.02346
0.02604
0.02346
0.0247
0.02346
0.0247
0.0247
0.02604
0.02213
0.0247
0.02213
0.02346
0.01955
0.02346
0.02213
0.02346
0.02213
0.02346
0.02213
0.02346
0.02346
0.0247
0.02213
0.0247
0.02213
0.02604
0.02346
0.02604
0.02346
0.0247
0.02346
0.0247
0.02213
0.0247
0.02213
0.0247
0.02346
0.02604
0.02346
0.0247
0.0247
0.02604
0.02346
0.02604
0.0247
0.02604
0.02346
0.02604
0.02346
0.0247
0.02346
0.02604
0.02213
0.02604
0.0247
0.02604
0.02346
0.0247
0.02346
0.0247
0.02213
0.0247
0.02346
0.0247
0.02346
0.02604
0.02213
0.0247
0.02213
0.0247
0.02213
0.02346
0.02213
0.02346
0.02346
0.02737
0.02604
0.02604
0.02604
0.0247
0.02346
0.0247
0.02346
0.0247
0.02213
0.02861
0.02346
0.02604
0.0247
0.0247
0.02346
0.0247
0.02213
0.0247
0.02213
0.0247
0.02213
0.0247
0.02346
0.02604
0.0247
0.02604
0.0247
0.02604
0.02346
0.02737
0.0247
0.02737
0.02604
0.02737
0.0247
0.02604
0.02346
0.02604
0.0247
0.02861
0.02346
0.0247
0.02346
0.02604
0.02346
0.02604
5.42
11.68
6.946
0.0
14.4
17.92
11.99
12.49
4.01
5.109
24.12
26.46
12.94
14.92
15.16
17.16
14.99
5.194
21.19
9.326
4.639
2.649
15.06
8.704
2.942
28.17
20.97
26.42
16.31
15.99
13.82
27.49
26.12
17.68
23.39
16.75
24.39
13.92
15.65
14.09
15.09
13.67
14.31
10.41
12.37
25.78
18.43
12.28
2.85
10.46
21.85
2.994
0.0246
0.5424
30.57
31.25
13.48
29.44
18.8
25.05
26.71
20.68
22.66
15.7
9.033
23.07
18.63
9.021
13.57
4.517
14.75
14.33
21.02
17.04
15.45
21.07
18.9
5.298
10.36
15.09
12.11
16.19
4.816
6.232
6.445
4.108
11.23
3.864
13.06
20.41
17.16
20.24
9.961
21.26
23.22
12.1
9.583
17.65
25.68
13.89
25.0
10.69
14.82
23.93
21.02
26.37
21.29
13.06
19.41
27.39
19.97
23.22
25.15
15.14
9.314
9.253
34.03
17.6
27.88
26.76
15.14
10.57
29.2
16.11
33.64
28.71
24.37
17.48
11.65
10.29
26.9
30.76
27.25
8.301
11.23
7.104
11.58
5.707
11.24
7.959
14.14
9.607
10.78
13.92
12.57
29.39
20.12
34.23
29.3
26.61
20.56
14.18
35.01
22.58
27.83
21.14
8.215
11.98
24.51
22.88
32.37
29.39
24.93
10.75
11.13
4.694
34.62
27.34
30.03
20.7
16.53
18.58
23.1
23.05
16.67
14.77
33.64
24.17
27.34
24.27
9.644
23.9
17.9
22.05
18.21
14.43
14.55
16.77
17.94
15.5
27.83
20.78
31.98
35.35
19.26
19.12
31.49
23.05
12.7
30.96
22.8
20.9
12.0
9.753
27.34
13.23
26.56
30.47
21.95
20.19
15.33
7.605
12.33
30.52
20.7
34.57
21.85
7.458
23.41
16.82
30.32
31.79
30.22
14.79
18.24
26.51
16.82
25.63
22.44
20.36
23.44
22.61
22.68
15.09
9.937
27.49
31.35
31.59
34.18
23.97
8.459
18.19
17.46
23.12
27.73
22.73
15.38
12.87
16.06
19.17
19.82
27.1
22.27
21.48
23.51
10.36
3.821
28.76
26.27
28.37
22.92
8.313
26.81
15.28
24.71
17.85
15.38
22.9
9.9
8.862
14.72
15.77
10.58
10.97
16.5
14.5
12.02
13.96
11.06
11.02
18.95
27.98
15.62
22.63
22.97
10.89
3.094
31.54
31.59
29.39
13.65
31.45
32.47
30.81
17.53
29.3
22.14
26.03
11.13
17.16
10.08
11.38
16.75
11.5
10.52
9.631
14.33
14.75
8.325
10.46
14.6
20.46
25.88
27.39
14.45
5.615
20.58
21.68
15.38
6.995
8.105
5.188
14.84
13.01
31.05
26.66
20.04
25.88
17.31
22.75
22.07
20.87
22.41
32.52
25.59
7.91
16.09
17.24
11.44
17.85
5.2
2.89
8.362
23.66
16.53
22.09
22.0
25.49
20.63
24.63
23.51
17.41
23.44
16.85
26.37
29.79
27.88
25.39
14.62
33.84
28.08
19.82
14.36
18.21
19.51
17.14
6.14
20.83
26.95
25.73
17.02
14.65
14.77
19.02
19.53
19.07
20.58
15.75
17.77
30.86
23.85
23.14
30.42
28.56
19.07
20.36
27.34
35.11
31.2
27.78
13.43
17.92
24.83
29.0
31.64
33.45
33.2
16.55
10.3
9.741
9.937
11.87
11.04
9.314
9.753
11.49
13.4
12.94
17.58
27.88
16.97
19.53
18.16
18.55
8.24
24.24
20.95
35.16
28.37
26.46
18.55
18.46
5.273
21.17
25.59
18.99
16.06
29.69
23.63
21.68
24.46
17.41
19.48
33.4
25.73
25.78
20.34
9.204
30.52
29.93
19.04
15.41
28.22
25.83
14.65
26.86
30.03
36.13
21.29
14.92
18.29
17.53
23.14
27.29
32.57
31.84
30.52
13.75
21.56
28.42
28.47
24.07
30.47
18.95
18.43
14.48
11.5
15.67
32.23
21.44
24.05
21.19
6.372
31.4
13.04
22.49
24.05
19.58
16.77
29.88
24.73
8.386
33.3
23.71
27.0
26.42
10.12
21.14
17.87
22.68
20.58
17.04
19.8
25.59
32.08
23.19
23.61
11.83
11.87
13.38
8.411
13.62
12.57
10.68
16.02
10.49
12.0
12.01
30.76
24.95
25.49
20.36
8.704
21.31
33.06
29.1
26.46
8.496
21.75
28.03
21.75
22.58
29.15
20.29
16.48
18.43
26.66
23.41
28.08
20.46
9.753
23.8
22.88
27.44
7.007
24.32
22.88
30.52
22.24
16.06
16.85
12.67
9.302
27.05
23.58
13.75
23.88
20.26
24.39
22.73
17.75
14.4
25.2
26.27
29.35
10.79
28.42
9.314
22.9
15.58
32.57
16.14
20.97
25.0
15.36
31.1
24.9
8.044
28.08
28.12
32.42
24.63
3.284
0.1055
0.02213
7.52
13.94
17.04
17.68
17.02
12.38
21.92
27.15
19.19
6.799
30.52
24.51
20.36
22.14
17.94
13.23
30.18
22.92
10.73
21.68
19.07
19.7
18.14
14.79
0.0
27.0
10.31
19.8
22.05
28.76
20.51
27.0
27.59
25.68
31.1
23.27
17.26
19.21
25.29
15.01
28.42
24.73
27.29
33.69
31.45
27.0
11.13
21.78
29.49
31.45
27.88
27.34
22.0
13.18
35.01
32.37
27.98
19.9
15.84
30.96
31.84
19.78
19.31
6.885
9.192
8.289
7.251
9.912
19.29
12.29
7.288
5.225
15.33
12.96
16.06
14.62
13.6
19.41
15.5
10.19
13.89
14.16
10.64
9.79
27.15
18.33
