18.02
16.89
17.36
19.12
16.06
14.04
16.46
16.21
13.35
16.48
13.67
17.29
13.82
18.04
14.38
18.31
15.36
16.94
14.26
23.83
17.26
19.26
19.21
21.61
18.21
14.65
17.19
14.87
17.58
16.38
13.35
17.46
15.26
17.53
19.21
20.31
19.68
16.43
16.75
19.58
21.39
16.63
16.7
17.19
14.14
17.99
15.04
19.7
17.29
24.76
19.56
13.89
15.19
19.63
12.92
15.97
18.75
17.92
15.84
12.84
11.18
16.11
14.36
17.04
14.6
17.07
15.55
27.69
16.5
11.87
17.85
14.79
22.46
18.65
18.07
19.31
14.62
11.13
14.11
18.53
12.62
16.82
14.65
16.36
13.82
27.44
15.7
15.58
16.11
13.35
13.18
16.99
12.35
20.0
19.95
12.3
24.8
14.75
13.77
17.68
11.62
15.26
13.35
20.36
13.94
18.63
14.28
12.72
12.57
15.11
12.01
13.28
21.7
13.82
15.16
13.33
11.52
19.36
16.04
20.97
16.97
14.26
16.58
15.11
13.11
22.56
17.85
16.58
13.5
15.92
16.8
25.63
20.24
17.41
14.58
15.72
18.26
14.84
12.43
15.19
14.09
15.5
18.97
13.75
14.53
18.73
15.31
26.86
16.09
14.6
14.72
14.6
11.22
14.26
14.11
13.75
12.3
14.75
14.92
20.14
17.85
10.62
14.62
12.4
11.08
15.16
13.72
16.38
13.96
17.07
13.4
15.87
13.35
15.84
12.94
15.28
12.38
15.36
12.23
17.72
13.7
17.07
19.85
15.89
14.53
21.0
19.8
20.24
23.51
17.21
13.67
17.63
17.97
16.63
26.9
20.87
18.02
21.19
18.85
21.24
22.68
26.12
23.34
23.1
20.24
21.24
19.51
25.34
25.34
26.12
24.39
25.44
22.51
27.29
24.63
25.29
21.58
24.49
21.36
24.58
22.85
27.15
24.29
27.1
24.51
25.0
22.14
24.9
22.83
30.66
23.44
25.2
22.8
25.29
22.24
25.1
24.76
24.02
21.58
24.8
24.29
24.76
22.9
24.51
22.75
25.34
22.09
30.18
23.39
23.68
21.12
23.85
21.88
25.83
21.41
24.24
23.49
26.51
20.75
22.44
21.41
22.09
20.61
23.32
20.26
24.8
23.0
24.68
22.46
22.83
20.21
23.14
18.75
22.14
20.19
21.63
19.48
21.56
19.09
23.07
17.68
21.02
19.24
22.46
22.68
23.39
20.48
20.56
17.24
21.24
21.95
21.41
20.07
24.39
18.51
19.92
19.19
25.0
22.24
21.02
22.61
24.07
20.78
22.17
21.12
23.63
17.97
22.19
18.46
26.12
20.65
22.73
28.12
24.63
25.0
19.97
26.27
21.26
23.54
21.83
22.61
22.0
24.39
22.27
24.27
20.58
24.58
20.8
23.36
20.73
24.12
20.92
23.24
20.97
23.66
21.19
24.32
20.85
27.25
24.68
24.56
21.12
26.71
25.93
27.25
23.41
27.59
25.59
26.12
26.9
27.54
24.37
25.15
22.88
24.95
21.88
24.63
23.66
27.29
22.63
25.63
22.66
26.71
23.02
26.17
23.58
26.32
23.1
27.39
27.34
24.63
23.34
24.88
26.46
27.98
23.85
25.1
21.31
23.54
24.54
23.24
22.34
24.32
21.02
23.51
22.56
26.71
19.56
20.65
19.9
22.36
18.9
23.73
17.63
19.7
17.04
19.9
20.21
25.39
21.75
22.19
17.38
24.12
22.36
22.07
17.11
19.43
16.63
17.19
18.53
16.72
18.48
21.17
22.53
20.07
17.77
18.9
21.97
20.48
17.33
16.99
16.26
17.85
18.38
16.31
16.55
18.6
19.31
17.87
22.14
25.05
22.44
19.07
19.7
18.26
23.36
22.71
20.51
16.8
17.7
20.07
15.01
19.46
18.82
18.9
19.6
17.85
19.65
18.02
19.53
18.14
19.95
19.78
19.02
18.92
21.68
24.85
23.71
23.22
24.19
23.0
25.49
22.12
21.22
18.9
19.73
17.99
19.56
19.14
22.73
20.19
21.34
21.97
21.95
21.92
21.34
21.04
21.09
18.92
20.8
20.46
23.97
25.1
29.3
24.19
23.63
22.19
24.0
21.7
23.05
21.24
23.8
25.98
27.73
25.83
27.34
26.61
25.73
24.76
29.79
27.93
27.15
24.39
25.54
27.2
27.0
25.15
26.03
24.0
26.07
26.03
29.05
26.22
26.71
27.78
27.78
23.66
24.1
23.05
24.58
23.05
24.56
24.66
29.15
29.35
30.76
25.1
25.68
24.88
29.1
28.96
25.83
23.51
25.29
23.66
25.1
23.24
26.03
24.71
29.59
28.17
29.74
25.54
30.22
27.83
26.71
23.54
27.39
23.9
30.22
25.98
27.69
24.54
24.61
23.0
26.12
22.8
27.05
25.49
28.52
26.32
29.0
24.56
23.88
21.07
24.61
21.46
24.83
23.95
27.59
22.95
24.88
23.12
25.34
22.41
25.2
22.29
25.88
21.88
25.68
23.73
25.54
22.09
24.63
21.66
24.12
23.05
24.54
25.68
26.56
22.73
28.17
25.1
23.68
19.75
22.95
23.34
24.76
23.1
25.44
19.82
21.39
20.09
24.19
20.41
25.63
23.29
23.14
19.24
21.66
20.51
23.51
22.09
30.62
31.54
26.37
23.12
26.56
24.32
29.25
29.3
30.62
22.97
24.61
24.0
25.1
23.07
25.93
22.83
26.07
22.68
24.71
22.41
25.83
23.44
24.17
22.0
25.15
21.97
23.93
21.7
23.73
21.02
23.75
21.85
24.61
22.24
21.95
20.46
23.24
21.24
21.7
18.85
22.51
21.39
26.03
20.75
27.34
22.71
25.34
24.19
23.19
21.53
23.41
20.97
23.93
23.95
27.44
24.73
23.61
20.68
23.17
21.53
27.05
25.49
26.95
22.9
23.49
19.07
21.88
19.75
22.09
19.46
21.9
18.46
21.26
20.78
21.44
21.73
23.61
19.6
24.19
21.39
22.24
20.85
22.73
19.56
22.34
18.31
21.92
19.36
22.34
19.63
21.26
19.12
21.53
17.41
19.53
17.24
22.58
19.43
19.19
17.68
18.85
17.48
22.83
18.6
21.12
22.34
19.07
17.65
21.83
21.04
24.95
22.05
20.56
18.09
20.0
17.58
21.58
17.24
18.58
18.07
19.29
18.21
21.7
18.48
21.22
19.04
23.97
21.53
19.46
16.21
18.26
16.33
19.29
16.65
19.14
15.5
21.17
19.9
13.79
13.55
16.7
17.77
21.0
16.26
18.95
17.8
20.87
19.51
23.32
20.36
22.09
20.34
22.9
21.61
26.81
15.72
18.07
16.09
25.39
20.04
17.97
26.27
17.21
16.36
18.36
16.41
29.79
16.06
12.84
17.6
17.43
21.19
19.14
22.71
20.46
18.09
23.85
19.21
19.65
22.36
26.86
20.48
22.9
20.56
25.2
24.73
23.75
18.87
26.37
20.04
26.46
22.58
21.73
18.77
20.9
19.21
24.0
21.61
28.76
21.56
22.19
21.31
22.53
19.6
26.37
23.71
28.52
27.54
26.12
23.54
24.76
23.95
29.2
25.63
30.42
25.24
25.73
21.83
24.1
21.22
23.58
23.32
24.41
21.31
26.42
23.22
26.42
27.34
25.59
22.46
25.44
22.73
24.49
22.63
28.76
23.19
24.98
22.05
24.56
20.14
22.88
20.46
22.83
19.97
22.58
20.04
23.0
20.36
26.07
26.61
25.54
20.09
22.63
20.97
21.83
19.85
22.71
20.97
26.71
24.61
24.61
22.12
21.56
18.65
22.83
20.73
18.53
16.38
20.61
18.14
17.65
15.36
24.46
18.24
15.92
18.9
14.5
16.6
18.9
16.67
18.73
16.28
20.46
17.5
20.39
18.65
20.17
18.97
23.17
18.07
21.66
18.36
