0.02604
0.02604
0.02604
0.02604
0.02861
0.02604
0.02604
0.02604
0.02604
0.02604
0.02861
0.02604
0.02861
0.02346
0.02861
0.02604
0.02604
0.02604
0.02604
0.02604
0.02604
0.02604
0.02861
0.02346
0.02861
0.02346
0.02604
0.02604
0.02604
0.02346
0.02604
0.02604
0.02604
8.948
22.49
23.75
24.39
23.12
23.68
22.53
19.73
18.19
14.89
20.58
20.19
24.73
7.373
2.798
15.62
10.11
27.54
38.87
35.94
32.76
28.66
16.43
19.58
24.56
20.31
18.33
22.24
24.15
21.85
8.789
19.53
19.8
21.04
22.09
22.51
22.29
22.8
17.29
17.55
18.43
18.51
14.43
17.02
20.73
22.97
27.1
28.96
30.18
21.85
17.63
16.72
18.12
19.87
9.558
18.55
20.31
21.02
20.17
21.19
19.26
18.9
17.68
15.82
17.04
17.55
18.63
7.336
19.43
20.21
21.53
20.04
17.8
17.43
15.82
15.82
16.31
9.131
18.95
20.97
20.87
4.242
0.1926
14.92
20.65
21.22
20.14
17.92
17.77
17.07
16.97
15.75
20.07
16.7
17.55
17.6
9.973
12.08
12.3
20.51
19.68
19.63
20.48
21.58
21.56
21.34
17.9
17.46
18.41
23.61
18.92
17.65
16.94
17.09
19.04
21.17
25.68
25.54
9.546
13.23
21.34
23.22
24.56
25.44
25.24
23.0
16.14
21.34
22.66
25.2
13.92
15.04
3.821
0.3567
21.88
20.43
18.55
16.53
15.45
15.67
15.82
16.28
16.53
16.09
15.99
15.65
16.21
18.85
2.209
0.1432
0.0391
0.02861
0.02346
0.02861
0.02346
0.02861
0.02346
0.02604
0.02604
0.02604
11.47
14.21
14.67
11.65
5.334
10.08
5.042
0.1459
0.07811
0.02861
0.02604
0.02861
0.02604
0.02861
0.02604
0.02861
0.02604
0.03386
0.02604
0.02861
0.02604
0.02861
0.02861
0.02861
0.02861
0.02861
0.02604
0.02861
0.02604
0.03128
12.94
1.926
0.1589
0.04692
0.02346
0.02861
0.02604
0.02861
0.02604
0.02861
0.02346
0.02861
0.02604
0.03128
0.02604
0.02861
0.02604
0.02861
0.02604
0.02861
0.02604
0.02861
0.02604
0.03386
0.02604
0.02861
0.02346
0.2838
16.33
4.126
0.1719
0.0495
0.02604
0.02861
0.02604
0.02861
0.02604
0.03128
0.02604
0.02861
0.02604
0.02861
0.02604
0.02861
0.02604
0.02861
0.02604
0.02861
0.02604
0.03128
0.02604
0.03128
0.02861
0.02861
0.02604
0.02861
0.02604
0.03128
0.02604
0.02861
0.02604
0.03128
0.02604
0.02861
0.02604
0.02861
13.99
17.04
15.43
17.65
16.28
15.23
2.264
0.5127
0.07553
0.02861
0.02346
0.02861
0.02604
0.02861
0.02604
0.02861
0.02604
0.02861
0.02604
0.02861
0.02604
0.02861
0.02604
0.02861
0.02346
0.02861
0.02604
0.02604
0.02604
0.02604
0.02604
0.02604
0.02346
0.03128
0.02604
0.02861
0.02604
0.02861
0.02604
0.02861
0.02604
0.02861
0.02604
0.02861
0.02346
0.02861
0.02604
0.02604
0.02861
0.02861
0.02346
0.02861
0.02346
0.02813
0.02394
0.02861
0.02861
0.02861
0.02861
0.02861
0.02604
0.02861
0.02861
0.02861
0.02604
0.02861
0.02604
0.02861
0.02346
0.02604
0.02604
0.02604
0.02346
0.02861
5.206
11.3
31.54
31.3
31.79
31.1
29.54
28.22
25.44
22.85
21.17
38.57
37.16
35.79
33.35
30.96
30.81
32.32
31.1
32.13
38.67
38.67
13.96
20.92
38.38
38.67
36.67
29.83
25.29
29.59
26.32
7.41
17.85
37.89
34.67
34.96
37.6
36.57
35.99
34.77
34.42
33.89
35.01
34.91
33.89
35.21
38.18
37.06
32.37
33.69
33.06
13.38
27.93
37.6
37.65
37.11
31.98
30.37
31.01
16.48
11.65
35.94
37.65
38.57
35.11
34.38
36.82
35.69
33.45
35.99
34.52
35.5
37.01
38.13
39.84
38.82
38.72
36.91
11.67
12.57
28.86
39.26
36.52
35.94
27.54
31.98
31.15
14.38
5.707
33.06
35.55
37.11
38.23
37.4
34.72
34.18
35.11
36.67
36.18
35.84
33.98
32.32
34.62
34.96
36.18
37.7
36.72
10.99
24.9
37.01
36.67
37.55
31.79
26.12
29.74
26.86
5.176
14.21
37.01
38.13
37.01
36.72
33.84
33.3
34.13
33.74
34.47
36.18
37.4
36.67
35.06
34.47
37.16
36.62
34.47
33.25
11.33
18.46
38.33
38.38
39.36
33.54
30.76
31.15
21.12
1.746
18.85
36.18
36.67
36.47
35.69
35.69
34.86
36.82
36.62
34.67
34.03
35.94
37.55
37.3
36.67
36.72
35.06
35.45
22.17
22.63
34.77
33.69
31.05
27.25
23.68
16.11
15.77
14.16
17.68
14.11
15.36
0.1875
0.2449
12.79
21.88
23.17
24.32
26.37
28.08
28.61
29.54
28.32
26.76
26.03
25.78
25.98
25.0
24.27
25.98
27.29
27.05
28.27
30.03
29.54
28.17
29.88
31.45
17.68
18.53
34.03
38.43
39.89
35.25
31.15
30.37
27.69
6.348
0.7812
24.54
38.38
27.44
36.28
17.16
21.24
36.47
25.1
34.52
19.21
30.81
36.91
27.83
30.18
28.47
33.2
20.75
27.93
36.91
27.59
33.89
17.58
17.11
22.17
23.78
20.41
16.48
32.13
26.9
33.89
21.46
13.77
38.23
39.01
39.21
38.72
35.89
35.4
36.33
37.5
38.62
37.01
33.59
31.88
27.78
24.44
23.02
22.46
19.6
19.8
20.14
18.7
15.21
14.6
16.97
17.8
15.75
16.7
17.33
19.95
21.46
20.53
15.8
16.21
16.77
16.09
17.46
17.19
3.503
36.23
39.89
38.33
35.35
33.2
31.93
31.88
32.18
31.84
32.47
31.69
31.4
30.86
31.69
31.79
31.3
28.91
27.39
27.83
17.48
13.35
19.48
21.19
23.14
21.95
20.24
17.53
15.43
14.53
15.53
16.24
15.58
16.48
17.68
15.84
1.364
18.14
18.43
15.87
16.09
19.51
17.77
15.58
16.11
14.38
19.58
16.31
13.72
15.75
22.17
20.68
26.9
20.63
29.83
25.88
25.1
19.07
15.84
18.51
16.11
12.96
16.6
17.07
17.14
17.48
16.6
16.43
19.04
18.9
12.32
34.86
35.21
35.5
35.99
34.81
33.01
31.49
30.71
29.49
26.61
28.61
28.08
28.17
28.56
26.86
25.93
24.24
26.61
29.54
28.96
24.0
13.38
17.29
22.78
22.17
22.05
25.24
29.69
24.27
21.34
21.97
23.07
21.8
6.177
15.45
13.79
15.19
13.33
16.72
13.7
16.7
12.74
13.13
17.38
15.23
14.99
14.09
16.26
16.11
16.04
17.04
18.68
19.87
13.16
14.94
14.33
13.45
10.66
13.84
21.8
22.68
23.54
24.29
24.44
25.98
26.12
27.54
27.49
26.76
28.12
29.15
29.49
28.71
28.27
28.76
29.1
28.42
28.66
27.05
24.93
24.05
24.49
19.68
14.43
30.32
30.08
29.88
30.47
28.66
22.53
21.92
21.7
22.95
7.458
0.1354
0.04692
0.02604
0.02604
0.03128
0.02079
0.03128
0.02604
0.02604
0.02604
0.02604
0.02604
0.02604
0.02604
0.03128
0.02079
0.03128
0.02604
0.02604
2.921
10.03
8.997
16.7
14.43
10.61
16.33
