0.0247
0.02346
0.02737
0.02346
0.02737
0.02213
0.0247
0.02213
0.0247
0.02346
0.0247
0.02213
0.0247
0.02213
0.02604
0.02213
0.02604
0.02346
0.02346
0.02213
0.0247
0.02213
0.0247
0.02213
0.02604
0.02213
0.0247
0.02213
0.0247
0.02213
0.02604
0.02213
2.844
21.0
22.0
21.97
21.41
24.24
24.19
23.51
27.25
26.42
22.83
28.66
27.73
23.02
13.53
15.45
15.5
22.14
25.2
25.83
26.95
27.0
26.27
26.03
23.58
25.88
33.79
25.05
12.79
13.87
18.92
23.14
26.95
27.83
32.62
32.42
26.51
20.02
22.24
22.66
26.56
17.58
15.55
14.55
19.46
20.02
16.09
18.21
15.31
19.95
23.73
27.15
27.54
30.86
31.64
29.05
24.93
23.32
24.02
16.82
17.85
14.75
14.38
14.72
14.36
16.58
15.94
16.94
19.87
23.02
17.36
16.67
15.28
15.8
15.89
17.21
16.72
19.07
18.77
7.385
21.44
21.22
21.41
25.1
27.93
29.69
31.35
18.95
15.48
24.24
19.29
19.04
13.01
15.06
16.58
18.12
19.97
17.87
16.26
17.04
20.63
23.8
22.58
12.82
23.02
21.19
26.12
27.15
23.34
22.14
20.7
18.75
15.38
16.85
16.85
17.07
13.5
10.68
17.29
10.5
24.22
25.83
25.83
26.07
25.93
25.05
26.81
21.29
24.15
27.25
23.51
13.09
15.75
16.24
15.16
15.87
12.89
18.26
18.58
18.7
17.87
14.79
18.31
18.12
17.11
18.85
15.45
14.82
15.06
14.58
15.04
15.01
16.82
16.48
15.38
14.14
15.53
14.28
13.79
15.16
6.213
15.04
14.06
14.18
13.33
15.01
16.31
15.65
15.38
15.14
15.6
14.48
15.36
14.75
17.41
18.12
16.55
15.16
7.312
12.7
15.45
15.23
16.77
16.16
16.06
15.7
14.5
15.65
1.016
14.72
12.62
14.26
15.21
15.38
15.84
15.65
17.97
19.56
16.26
15.94
16.85
17.24
16.33
15.01
14.18
15.19
16.26
16.41
16.65
19.17
14.18
13.11
13.92
15.06
15.23
15.53
15.38
14.62
13.43
18.48
16.75
16.11
15.7
18.04
18.41
20.41
10.06
13.77
15.31
15.04
13.35
0.211
2.09
14.43
17.55
26.9
26.76
30.13
17.55
13.96
16.7
18.77
31.01
21.63
14.65
16.87
18.16
18.9
22.36
23.68
3.516
13.96
15.84
13.38
13.57
15.99
20.68
23.02
23.14
16.38
15.65
14.82
18.24
21.8
21.36
20.92
14.67
14.75
14.4
14.53
28.61
26.9
25.54
4.486
0.6508
13.62
13.6
16.46
14.11
15.43
15.16
14.11
13.53
19.78
17.85
22.07
23.12
17.38
24.51
23.95
20.56
16.06
15.8
14.89
20.46
18.31
17.43
17.55
0.9247
11.94
13.45
15.62
15.38
17.8
16.58
16.41
16.94
14.82
18.58
19.41
16.8
24.49
14.01
20.24
20.04
18.33
16.63
15.55
25.49
36.08
11.65
27.44
31.69
22.83
18.48
17.43
14.33
18.07
15.94
18.9
18.6
12.92
14.04
16.21
15.75
18.99
28.71
28.32
13.21
15.82
17.9
19.19
20.39
16.43
13.28
18.77
22.49
23.44
24.73
36.13
35.74
32.96
33.25
33.01
36.23
37.06
36.23
35.3
34.77
31.69
31.45
31.93
31.2
30.18
31.69
31.01
32.32
36.62
24.61
10.89
23.1
26.37
17.43
18.33
19.6
16.5
18.07
19.19
24.93
20.8
15.77
17.53
19.85
19.46
15.16
5.719
18.14
19.9
23.1
28.37
32.76
33.54
32.32
31.74
31.35
31.2
30.32
27.88
27.44
26.95
27.44
26.42
27.0
25.2
21.75
23.46
24.19
25.34
25.39
27.0
28.27
34.08
27.93
25.93
3.943
3.986
12.46
10.61
14.38
15.26
15.28
14.04
20.46
15.36
15.58
17.75
20.73
17.5
17.16
15.5
14.26
15.19
12.06
14.6
10.5
3.162
23.75
25.0
23.73
21.09
30.71
31.01
30.86
30.86
35.21
34.23
35.69
33.64
32.42
35.5
33.3
32.42
30.37
32.96
31.35
26.46
23.46
23.95
24.07
25.78
27.73
26.76
7.996
10.58
16.77
19.34
13.01
18.73
20.07
15.55
15.19
17.94
17.5
17.41
17.85
17.21
16.24
15.19
16.06
14.7
14.67
4.517
5.194
22.85
19.31
19.53
19.29
27.93
28.76
28.52
26.81
27.44
24.12
24.15
25.39
25.78
25.49
25.73
21.51
17.63
19.24
22.75
22.85
22.71
20.41
18.38
16.14
17.99
21.09
21.29
19.02
17.43
17.24
16.63
18.65
21.66
22.27
14.6
10.46
19.68
21.39
21.09
17.43
17.29
14.75
17.75
15.65
17.82
19.58
19.29
16.75
15.55
15.23
15.04
11.79
13.96
0.2476
13.16
23.05
28.37
27.25
16.46
17.72
22.58
16.16
18.55
18.68
22.56
17.11
19.48
24.95
27.25
22.41
17.99
18.19
22.0
16.11
21.53
18.29
19.46
20.95
16.99
23.68
21.8
18.26
16.06
17.38
20.0
16.63
17.68
16.89
16.5
18.02
18.26
15.5
17.7
19.14
17.29
20.12
21.58
21.36
8.594
12.26
20.29
19.95
21.68
22.27
23.12
22.51
15.97
16.75
16.16
17.53
19.19
16.38
16.92
17.29
18.41
16.19
16.41
20.43
18.36
17.55
16.53
19.7
17.9
17.21
17.07
15.92
20.26
16.89
16.04
16.67
16.5
18.65
21.0
20.17
18.7
22.46
24.61
26.27
26.76
17.87
12.02
19.53
18.07
19.95
19.48
20.46
19.31
21.51
18.73
18.07
17.02
15.23
14.75
15.01
19.07
16.33
15.38
7.288
12.35
17.04
21.29
23.12
22.68
22.46
18.38
17.92
17.14
20.65
20.43
16.48
16.36
17.41
19.43
18.99
18.99
16.63
17.21
19.41
18.48
17.8
19.78
16.87
15.36
15.43
15.43
15.7
15.87
15.55
15.6
16.21
15.89
16.04
16.31
15.84
15.5
15.41
18.14
19.56
16.53
18.14
17.97
14.31
8.911
17.33
18.65
17.77
17.63
19.43
16.89
14.55
18.24
17.58
23.14
16.09
14.89
15.21
16.77
15.01
16.11
15.26
9.583
6.409
17.21
15.84
17.8
15.8
18.87
21.73
17.9
17.41
17.31
17.43
19.68
21.22
21.85
21.95
20.92
17.7
15.41
15.53
15.92
16.16
15.41
16.26
15.94
16.26
16.8
19.48
16.97
15.55
16.19
16.67
16.21
15.53
18.73
19.02
16.19
17.43
17.33
16.58
17.11
16.97
16.92
18.43
18.14
13.5
2.383
15.97
22.17
12.99
22.49
17.63
18.33
18.48
16.02
17.36
19.7
16.63
14.45
15.19
15.23
15.53
14.16
14.48
10.96
0.3281
12.52
14.5
15.89
17.58
15.89
16.21
15.01
10.73
0.692
0.3178
0.02079
0.02861
0.02079
0.02604
0.02346
0.02604
0.02079
0.02604
0.02346
0.02604
0.02346
0.02604
0.02346
1.364
20.0
16.46
15.36
17.72
17.16
14.92
14.72
16.85
15.5
13.33
17.55
