17.65
37.06
33.45
12.96
27.93
11.83
27.39
16.09
19.43
32.13
40.33
15.92
27.88
21.41
30.71
34.86
31.93
21.36
4.504
25.54
24.1
21.02
17.19
22.68
26.42
19.95
26.03
10.45
27.15
19.14
28.61
21.39
8.276
26.81
19.02
21.92
17.04
18.87
28.56
30.81
27.64
9.229
0.02737
0.02737
0.02604
0.02737
0.02346
0.02346
0.0247
0.02861
0.02604
0.02737
0.02604
0.02604
0.0247
0.02604
0.0247
0.0247
0.02346
0.0247
0.02346
0.02604
0.0247
0.02604
0.0247
0.02604
0.0247
0.0247
0.02346
0.0247
0.0247
0.02604
0.02213
0.0247
0.02346
0.02604
0.02346
0.02604
0.02213
0.02604
0.02346
0.0247
0.0247
0.0247
0.0247
0.02604
0.02604
0.02346
0.02346
0.02604
0.02604
0.02737
0.02737
0.02861
0.02604
0.02737
0.02604
0.02604
0.02604
0.02604
0.02604
0.02737
0.02604
0.02604
0.02737
0.02995
0.02604
0.02737
0.02604
0.02737
0.0247
0.02861
0.02604
0.02861
0.02604
0.02604
0.0247
0.02737
0.02604
0.03128
0.02604
0.02737
0.0247
0.02604
0.0247
0.02737
0.0247
0.02861
0.02861
0.02737
0.02604
0.02737
0.02737
0.02737
0.02604
0.02604
0.0247
0.02861
0.0247
0.02604
0.02604
0.02604
0.0247
0.02737
0.0247
0.02604
0.0247
0.02861
0.02346
0.02737
0.0247
0.02604
0.0247
0.02604
0.02604
0.02604
0.02604
0.02861
0.02604
0.02737
0.02604
0.02737
0.02737
0.02995
0.02737
0.02861
0.0247
0.03128
0.02861
0.02737
0.02604
0.02604
0.02604
0.02604
0.02604
0.02861
1.547
10.83
24.66
18.95
28.47
27.54
9.851
9.07
9.937
11.3
14.21
27.54
18.75
9.204
12.26
10.6
11.3
9.888
10.07
10.67
8.521
10.27
10.11
24.71
25.68
15.09
14.38
18.41
18.21
31.3
28.81
23.9
5.719
21.63
14.33
8.228
9.534
8.911
22.73
26.42
11.61
31.15
24.54
4.675
11.55
11.76
17.48
5.859
19.29
13.06
24.12
17.24
0.853
2.17
12.11
4.431
6.348
13.77
9.387
11.21
9.338
9.802
8.569
6.335
22.39
26.86
24.37
30.37
12.24
26.27
17.24
17.19
21.53
21.58
27.44
8.35
14.38
23.46
24.78
19.65
20.75
9.131
17.53
17.5
15.14
26.66
22.29
4.773
13.65
14.26
12.74
12.41
11.0
9.424
2.609
5.768
30.27
14.72
18.31
25.78
36.43
17.04
18.63
22.29
26.66
18.19
25.44
20.61
27.73
10.55
7.703
5.359
18.07
17.55
3.003
18.46
21.14
19.97
19.14
21.95
9.705
14.06
12.72
3.54
13.55
23.19
10.68
27.29
27.05
17.29
16.85
34.96
33.11
14.5
22.17
14.18
9.888
15.55
21.73
25.78
19.85
22.29
0.7202
22.27
14.26
23.41
13.62
20.8
21.09
25.54
12.65
13.11
15.14
14.72
20.21
26.27
18.85
21.78
25.59
16.19
15.43
24.07
2.966
4.388
24.17
7.959
29.05
14.55
35.21
17.53
9.058
23.73
13.28
23.73
3.668
16.26
24.78
34.38
29.54
25.78
10.6
10.57
26.37
21.85
14.04
28.76
33.35
30.08
7.373
27.34
11.16
31.45
34.13
27.69
17.58
16.53
13.28
26.42
19.41
23.41
22.71
23.58
18.85
30.18
15.62
17.85
26.22
33.4
20.02
12.19
25.83
12.16
24.63
22.41
7.959
8.459
28.32
33.35
23.02
14.11
7.104
16.55
15.75
7.153
20.36
21.63
22.34
23.61
27.2
31.59
18.48
26.07
28.61
29.2
22.9
3.479
24.83
31.88
28.91
18.48
5.133
25.05
22.71
24.46
24.98
28.32
17.36
18.8
31.88
32.08
22.66
3.68
26.81
31.93
28.76
17.82
1.862
27.25
13.79
27.39
22.61
24.41
6.311
25.54
6.421
16.55
18.12
19.92
19.43
7.446
5.121
9.802
10.6
21.85
24.8
20.83
23.83
15.84
17.29
7.837
31.93
32.23
29.15
11.65
26.66
13.99
1.926
0.6012
5.786
13.65
20.36
23.66
12.99
13.6
6.287
26.66
22.73
30.08
30.91
14.31
6.946
4.523
14.75
34.28
30.81
24.02
3.259
19.56
20.58
25.63
16.89
26.03
28.71
31.45
30.96
8.594
24.95
21.66
25.83
30.66
29.49
28.08
17.68
6.604
27.0
20.46
22.46
25.39
22.29
20.65
25.78
11.57
3.253
14.36
22.63
8.789
7.837
7.825
9.167
7.8
8.02
7.666
9.045
7.825
8.35
8.765
7.764
7.922
18.55
18.68
24.05
24.29
12.96
2.478
8.85
10.21
11.12
10.67
21.53
26.27
28.76
13.75
17.29
23.9
28.56
22.63
22.78
24.98
11.99
16.02
35.6
32.08
20.46
3.479
24.39
27.93
35.99
31.69
12.99
24.39
17.16
8.276
8.374
9.143
9.595
8.313
9.534
8.35
9.424
9.119
8.386
12.67
26.71
25.83
25.1
8.008
2.472
17.21
17.29
17.55
22.66
25.98
15.41
29.3
22.19
4.846
29.74
18.63
36.62
16.7
16.89
17.58
10.1
13.48
12.28
18.12
16.48
11.22
25.59
8.936
14.92
19.43
23.29
24.8
18.82
27.1
20.58
5.389
31.64
34.47
26.07
12.45
18.8
17.11
19.19
21.31
13.57
25.24
36.28
29.54
28.12
12.67
14.72
23.14
25.24
9.302
0.7965
21.0
23.58
23.51
23.32
25.63
23.93
11.96
29.98
23.22
31.4
21.46
4.828
27.44
28.32
28.12
18.97
12.21
15.36
7.239
11.01
35.79
22.34
22.88
12.7
12.05
24.95
20.17
27.44
26.56
23.61
30.62
16.7
10.57
26.95
14.26
24.46
19.6
23.73
32.81
29.05
28.61
11.69
1.514
24.98
10.31
32.32
36.04
28.71
12.7
25.78
39.4
30.91
25.93
7.751
22.12
13.65
14.36
20.43
19.85
8.398
9.204
9.399
10.68
8.533
9.729
9.216
9.753
8.386
9.692
10.9
27.83
24.1
24.15
6.836
17.31
17.72
13.77
28.08
17.7
28.37
18.97
4.596
26.22
30.32
31.35
28.42
18.26
8.777
24.05
12.72
28.03
28.61
28.81
13.57
15.14
19.75
11.01
14.72
14.7
13.23
14.28
7.227
11.17
29.64
20.63
3.223
15.11
21.8
22.09
20.8
13.67
21.24
16.36
21.09
14.04
24.19
12.02
26.17
23.22
8.899
15.72
25.68
37.3
31.15
25.29
7.336
0.3906
0.02604
0.02604
0.02604
11.35
10.6
9.607
10.31
10.64
9.106
13.09
20.07
17.94
9.167
15.94
17.53
4.596
19.41
17.53
29.1
16.67
33.89
27.88
27.78
17.43
7.471
37.79
26.61
25.34
9.644
11.54
25.05
28.12
15.8
23.68
13.16
13.23
20.51
17.94
35.01
29.88
24.41
5.682
30.96
27.83
20.21
11.52
26.32
21.04
30.96
35.79
31.64
20.65
3.4
14.62
17.75
19.85
16.63
27.25
20.92
19.17
24.56
29.2
34.47
27.49
18.68
4.706
18.77
23.19
27.78
18.95
22.58
26.95
20.19
19.43
27.93
36.04
30.32
18.73
2.429
37.26
31.2
17.99
9.204
2.673
20.29
14.38
