0.02604
0.02346
0.02604
0.02604
0.02604
0.02346
0.02604
0.02346
0.02604
0.02346
0.02604
0.02346
0.02604
0.02346
0.02604
0.02346
0.02604
0.02346
0.02604
0.02346
0.02604
0.02346
0.02604
0.02346
0.02604
0.02346
0.02604
0.02346
0.02604
0.02604
0.02604
0.02346
0.02861
9.033
22.9
24.22
26.27
26.46
26.32
26.61
22.66
23.1
26.12
12.52
11.29
22.29
23.44
22.22
22.58
24.0
25.59
23.14
21.66
21.85
21.8
14.94
16.06
16.89
17.21
18.38
12.22
11.41
19.68
21.26
21.51
21.73
21.07
21.73
23.19
20.17
19.9
23.02
19.68
14.53
15.06
16.09
17.33
17.82
19.92
11.22
21.51
23.49
24.07
23.78
23.97
25.59
20.12
20.31
20.29
15.33
14.45
21.39
21.68
22.68
22.75
21.88
21.9
18.21
19.9
20.97
16.58
15.97
15.38
14.04
7.019
22.29
20.58
20.63
23.29
24.83
26.56
9.998
22.39
30.08
16.21
18.46
21.31
23.02
24.17
24.68
25.63
23.02
23.63
21.19
18.53
18.7
29.3
27.29
15.82
16.85
20.85
19.92
26.32
13.94
14.6
20.85
19.65
19.8
27.1
37.55
35.74
34.86
19.92
13.5
14.82
17.31
21.31
33.74
22.46
17.77
34.33
35.94
35.55
31.79
26.37
26.95
20.39
13.75
13.01
21.73
23.02
25.98
28.91
26.86
22.0
20.14
22.27
17.97
15.31
29.49
29.79
18.85
17.29
14.89
14.5
14.58
13.13
0.7446
0.4166
0.0391
0.02604
0.02604
0.02604
0.02346
0.02861
0.02346
0.02604
0.02346
0.02861
0.02346
0.02604
0.02604
0.02604
0.02604
0.02604
0.02346
0.02861
0.02346
0.02861
0.02604
0.02604
0.02604
0.02604
0.02604
0.02861
0.02346
0.02604
0.02346
0.03128
0.02346
0.02861
0.02604
0.02861
0.02604
0.02861
0.02604
0.02861
0.02604
0.02604
0.02604
0.02861
0.02604
0.02861
0.02604
0.02861
0.02604
0.02861
0.02604
0.02861
0.02346
0.02861
0.02604
0.02861
0.02604
0.02861
0.02604
0.02604
0.02604
0.02604
0.02346
0.02861
0.02346
0.02861
0.02346
0.02604
0.02604
0.02604
0.02346
0.02861
0.02346
0.02861
0.02346
0.02861
0.02346
0.02604
0.02346
0.02861
0.02346
0.02604
0.02604
0.02604
0.02346
0.02604
0.02604
0.02604
0.02346
0.02604
0.02346
0.02861
0.02346
0.02861
0.02346
0.02861
0.02346
0.02604
0.02604
0.02861
0.02346
0.02604
0.02604
0.02604
0.02346
0.02604
0.02346
0.02604
0.02604
0.02604
0.02346
0.02604
0.02346
0.02861
0.02346
0.02604
0.02604
0.02604
0.02346
0.02861
0.02346
0.02604
0.02604
0.02604
0.02346
0.02604
0.02604
0.02604
0.02346
0.02604
0.02346
0.02861
0.02346
0.02604
0.02346
0.02861
0.02346
0.02861
0.02346
0.02861
0.02604
0.02604
0.02346
0.02604
0.02346
0.02604
0.02604
0.02604
0.02346
0.02604
0.02604
0.02604
0.02346
0.02604
0.02346
0.02861
0.02346
0.02604
0.02346
0.02861
0.02346
0.02604
0.02346
0.02604
0.02346
0.02861
0.02346
0.02604
0.02346
0.02604
0.02346
0.02604
0.02346
0.02604
0.02346
0.02861
0.02346
0.02604
0.02346
0.02604
0.02346
0.02604
0.02346
0.02604
0.02346
0.02604
3.024
14.33
16.65
18.31
19.65
10.75
15.19
15.67
15.16
16.58
16.53
12.11
8.875
22.27
36.18
34.86
32.32
30.22
28.03
25.83
28.03
28.91
28.86
26.76
25.54
25.78
23.93
22.73
22.71
21.19
21.7
21.83
23.44
22.58
19.78
19.14
16.89
20.46
21.61
21.75
22.24
19.92
21.95
21.56
22.12
22.34
22.61
17.02
13.13
21.36
22.05
21.97
20.85
20.68
20.17
19.68
20.83
23.14
27.64
27.25
26.12
23.34
21.85
23.05
22.9
24.61
26.56
25.63
24.63
25.73
25.59
26.03
24.19
22.02
16.5
33.64
35.3
32.32
29.05
26.61
25.78
29.0
18.02
16.21
25.44
33.35
29.98
29.59
30.32
27.83
26.37
25.39
24.24
21.83
21.24
21.0
18.55
17.8
16.94
16.82
17.41
16.38
17.7
17.94
18.16
18.43
18.63
18.55
18.7
18.26
15.5
16.53
19.12
17.9
18.97
18.04
25.78
34.23
26.12
26.76
28.03
12.34
20.58
26.81
34.77
33.54
32.37
30.91
29.98
27.93
28.61
33.35
30.62
28.47
26.81
25.88
0.4791
27.0
27.78
28.56
27.1
27.1
26.86
26.03
25.93
26.66
25.2
25.93
25.63
26.27
27.59
26.95
27.15
26.9
26.32
26.37
24.66
24.68
16.11
19.97
21.56
25.39
26.12
26.17
27.1
25.93
26.71
26.9
13.06
22.07
24.05
24.46
26.27
26.37
25.1
24.95
24.22
24.61
27.44
28.12
26.95
27.05
24.88
24.17
24.39
24.44
26.71
26.03
26.22
24.49
24.51
24.29
16.11
19.92
23.32
24.46
26.22
28.96
28.08
27.49
25.83
24.76
17.21
20.61
23.66
21.44
12.82
22.34
22.22
22.56
23.85
19.21
21.0
21.92
17.72
16.75
21.17
22.07
20.24
16.36
18.29
17.11
14.92
18.21
19.43
22.71
19.68
21.24
17.21
16.8
19.31
20.24
20.29
16.65
16.04
15.6
16.19
15.41
15.58
15.28
15.31
15.14
6.195
20.75
19.65
18.36
16.38
15.5
16.53
17.31
16.94
17.04
15.48
15.36
15.45
15.5
15.58
15.48
15.58
15.41
15.75
16.31
15.55
15.55
15.48
15.55
15.6
15.58
15.65
15.8
17.36
17.26
16.82
16.06
16.26
16.06
18.16
20.95
21.75
16.87
18.95
21.51
24.54
27.1
31.79
31.69
31.01
30.22
21.07
17.6
22.88
25.2
25.73
25.24
26.22
26.71
29.0
28.22
26.17
26.51
26.17
25.34
22.41
22.05
22.09
22.02
23.14
22.8
21.88
19.51
17.07
15.43
16.65
19.7
16.89
17.09
18.48
19.56
20.9
20.61
22.14
23.24
22.36
20.92
22.14
23.61
21.56
15.67
15.99
16.28
14.45
17.9
12.26
17.72
23.83
24.78
23.61
22.58
20.41
20.75
21.26
21.12
19.38
19.26
17.07
16.48
16.97
17.33
16.31
18.38
17.94
16.85
17.16
18.41
18.65
18.58
19.21
20.14
20.75
19.07
18.51
19.46
20.8
21.51
17.75
15.99
15.72
17.58
18.97
21.41
22.9
23.22
22.75
22.02
22.61
29.98
21.58
18.41
16.43
17.24
7.971
21.56
22.07
22.41
21.8
21.92
22.36
23.49
23.9
22.83
23.88
22.63
19.85
20.56
21.63
23.07
24.46
22.75
20.21
17.46
16.99
16.33
16.02
19.19
20.8
21.39
20.31
18.14
17.99
17.33
15.8
17.43
18.43
17.8
16.94
18.21
17.21
17.38
15.97
18.82
22.46
24.19
22.19
15.09
15.09
15.06
14.67
14.45
14.16
15.19
12.89
8.521
0.1595
14.26
15.28
18.6
21.44
22.56
7.727
0.6897
0.1915
0.02604
0.02213
0.0267
0.02537
0.02804
0.02604
0.0267
0.0247
0.02604
0.02279
0.0267
0.02413
0.02537
0.02346
0.0267
0.0247
0.0267
0.0247
0.0267
0.02537
11.4
17.75
16.97
15.65
17.63
18.68
17.31
16.16
