3.741
1.596
0.8621
0.7469
0.7111
2.39
2.826
4.401
1.102
1.569
3.546
4.395
1.749
0.6859
1.289
2.393
1.978
1.688
1.627
0.9033
1.079
1.364
0.9949
1.657
3.705
3.815
0.9491
1.495
2.53
4.852
2.359
0.7141
1.447
1.636
1.373
1.271
3.992
1.447
0.795
1.81
0.7843
1.082
9.537e-05
0.0
9.537e-05
0.0
0.0
0.0007629
0.0
0.0
0.0
0.0
0.0
0.001526
0.0
0.0
0.0
0.0
0.0
0.0
0.0
0.0
0.0
0.0
0.0002861
0.0
0.0
0.0
0.0
0.0
0.0
0.0
0.0
0.0
0.0
0.0
0.0
0.0
0.0
0.0
0.0003815
0.0
0.0
0.0
0.0
0.0
0.0
0.0
0.0
0.0
0.0
0.0
0.0
0.0
0.0
0.0
0.0
0.0
0.0
0.0
0.0
0.0
0.0
0.0
0.0
0.0
0.0
0.0
0.0
0.0
0.0
0.0
0.0
0.0
0.0
0.0
0.0
0.0
0.0
0.0
0.0
0.0
0.0
0.0
0.0
0.0
0.0
0.0
0.0
0.0
0.0
0.0
0.0
0.0
0.0
0.0
0.0
0.0
0.0
0.0
0.0
0.0
0.0
0.0
0.0
0.0
0.0
0.0
0.0
0.0
0.0
0.0
0.0
0.0
0.0
0.0
0.0
0.0
0.0
0.0
0.0
0.0
0.0
0.0
0.0
0.0
0.0
0.0
0.0
0.0
0.0
0.0
0.0
0.0
0.0
0.0005722
0.003624
0.1886
0.6432
1.569
1.584
1.678
1.428
0.8911
2.267
2.49
2.194
0.8743
1.95
1.503
1.006
0.8865
0.5684
0.5905
0.6966
1.086
3.815
4.376
1.082
0.2541
0.3021
0.3242
0.4387
1.587
0.5592
0.9842
2.57
4.144
0.7484
1.59
3.088
4.211
2.209
0.8652
1.439
0.6607
1.155
1.926
2.151
2.972
2.542
0.6027
0.8789
1.271
3.387
1.538
0.1736
0.0
0.002193
0.006771
0.2037
1.413
1.1
1.167
1.434
1.367
2.203
0.8881
1.151
0.7935
1.239
0.6378
1.43
1.012
1.195
0.1493
0.2209
0.1829
0.2594
0.1654
0.04349
1.329
0.7004
0.7088
0.4921
0.4501
1.23
1.349
0.7385
1.465
0.9247
1.41
1.12
1.26
0.7629
0.2132
4.443
4.468
0.4791
0.2235
1.312
0.7843
1.346
1.457
4.34
4.327
0.6477
0.4608
0.3574
0.3895
0.3197
0.4471
0.6279
4.333
4.474
1.039
0.4288
0.4532
1.01
1.541
2.383
4.169
2.301
0.4402
1.294
0.2041
1.303
0.5539
0.362
1.408
0.1474
1.138
0.8484
1.198
1.129
0.6218
1.295
0.6271
1.111
1.46
0.5806
1.721
1.201
1.263
1.157
3.662
4.309
1.17
1.32
1.042
1.024
1.302
0.9262
0.9033
0.7675
0.6935
0.4478
3.333
2.679
1.892
1.926
1.294
1.385
3.491
1.944
1.443
2.289
4.138
2.756
0.6554
0.6378
1.065
1.328
2.286
3.937
4.004
0.824
0.9872
1.486
0.6096
1.476
0.5432
1.764
1.529
0.914
1.343
1.215
0.9995
3.345
0.2655
0.7767
2.063
0.8652
1.241
0.4715
1.254
2.832
1.419
2.39
0.9415
1.329
0.5127
1.1
0.7599
1.517
0.1719
0.1497
0.05455
0.1884
0.209
0.1673
0.1757
0.1558
0.1614
0.1755
1.207
2.615
4.102
3.055
0.7591
1.328
1.299
0.5356
1.141
0.346
1.239
0.139
0.2193
0.1999
0.2293
0.2377
0.2029
0.2083
0.2296
0.2186
0.2117
1.033
3.076
3.522
3.809
1.62
0.9781
0.5157
1.306
1.286
1.173
2.139
1.654
2.136
1.337
1.605
2.686
4.224
2.731
0.4402
0.7538
1.517
1.216
1.855
2.078
1.834
2.228
0.5867
1.172
1.578
3.204
3.394
2.493
0.8026
0.7172
0.6073
3.229
3.122
2.847
0.621
1.385
0.3922
0.2613
1.227
0.6165
1.491
1.584
0.8606
1.1
1.418
0.5714
1.596
0.1654
0.119
1.421
0.4669
1.651
1.157
2.301
2.319
1.128
2.014
0.7553
1.375
0.9796
0.6729
3.662
3.693
1.675
0.2094
1.483
0.4745
1.263
0.3235
0.3311
0.2827
1.495
1.154
0.9552
0.8102
2.771
3.809
2.716
2.066
2.795
1.198
2.243
0.8438
1.62
0.9338
0.972
0.8438
0.4028
1.222
0.6226
1.443
0.9277
1.041
1.535
0.8347
0.8865
0.1995
0.2472
0.6096
1.083
0.2121
0.2083
0.2003
0.1688
0.2022
0.1995
0.2274
0.1802
0.1762
0.2956
2.094
2.841
3.278
2.939
1.947
1.12
1.251
0.943
1.749
3.448
3.577
2.417
0.8499
1.013
1.41
1.256
3.943
1.427
0.6119
1.506
1.018
4.303
1.129
0.6821
1.1
0.8591
1.35
1.445
4.144
0.8682
0.975
1.767
1.752
3.699
3.455
0.5615
1.338
0.5424
1.201
0.4768
1.486
0.9521
1.46
1.697
3.723
2.145
2.386
1.993
2.927
1.721
1.155
1.334
0.1047
1.306
3.061
1.395
2.298
1.375
1.112
1.033
1.448
1.085
1.088
1.813
0.6439
1.26
0.6874
1.378
1.163
0.5203
1.494
0.705
1.297
0.576
0.6874
0.6645
2.161
4.077
4.083
0.6271
1.428
0.6989
1.094
0.9384
1.408
1.279
0.02174
0.3235
1.353
0.6157
0.7507
0.6218
3.986
4.199
1.682
0.8148
0.6767
0.7744
2.841
2.89
2.155
2.075
0.7645
0.8759
0.8438
1.558
1.453
2.765
4.492
2.136
0.7233
2.515
3.049
1.038
2.231
0.8896
0.9857
1.169
2.277
2.124
1.251
2.682
1.703
2.487
4.352
2.975
0.7156
1.318
0.2316
1.424
0.1968
0.2796
0.3124
0.444
1.183
1.543
0.2296
0.1642
0.1913
0.1652
0.1759
0.1726
0.1581
0.1476
0.1745
0.1587
0.1921
2.722
3.687
2.911
1.672
1.128
1.283
1.453
1.196
3.815
3.912
0.7683
1.175
0.7202
1.276
1.27
0.8804
1.228
1.361
0.6844
1.398
0.2056
0.173
0.1749
0.1732
0.2026
0.1699
0.1387
0.173
0.2022
0.2193
0.2232
1.672
2.542
4.504
4.718
2.02
1.222
0.7828
1.532
1.073
0.7607
3.461
4.498
1.456
1.109
0.5905
1.286
0.1625
0.173
1.366
0.708
1.347
2.509
3.931
2.148
0.4417
1.007
0.4745
1.482
2.194
1.23
2.347
1.053
1.411
1.292
0.7324
0.9232
3.235
2.902
1.175
1.556
0.8484
1.18
1.558
0.6187
0.547
0.8102
4.59
2.377
0.367
1.347
0.1493
0.0
0.0008583
0.001717
0.0
0.3353
0.3407
0.5081
0.4295
0.4173
2.316
4.62
3.296
0.6676
1.009
1.201
1.451
1.463
1.36
1.19
0.5363
1.221
0.4303
1.207
1.749
3.326
3.925
0.8102
1.482
0.6912
2.438
3.101
1.329
2.222
0.8865
1.372
0.8041
1.108
1.593
3.091
4.321
2.048
1.489
1.852
4.584
4.712
1.587
0.8926
1.086
1.387
0.3304
1.724
1.553
1.691
2.994
4.193
2.576
0.7156
1.593
1.314
2.185
3.271
3.357
1.813
2.777
1.106
1.491
1.54
0.946
0.9033
0.9186
2.64
2.753
1.096
2.063
1.096
1.26
0.9567
1.366
2.521
2.17
1.605
2.02
0.6645
1.257
0.7149
1.746
1.201
