13.28
15.84
18.95
15.87
18.09
12.82
14.4
19.12
17.29
17.07
14.92
14.45
11.71
12.0
12.6
12.46
12.65
15.01
19.43
10.84
10.1
16.26
18.99
17.5
17.92
12.04
12.72
12.34
14.21
15.19
17.41
19.36
19.36
19.14
17.58
19.26
17.68
20.17
14.62
9.924
8.984
12.89
13.45
11.1
12.89
11.13
11.56
12.5
13.48
17.41
16.82
17.85
18.43
19.92
20.85
18.6
17.02
16.82
17.33
17.99
18.07
21.02
14.97
16.63
18.9
18.33
17.65
15.8
12.82
11.9
15.48
19.6
16.04
18.26
14.7
15.6
18.38
21.19
21.39
18.99
12.77
15.41
15.14
10.94
8.081
12.02
11.76
14.62
18.85
12.62
10.77
14.53
7.483
10.39
14.26
13.7
14.23
17.97
18.24
19.75
18.92
19.14
18.7
19.04
21.85
16.28
12.62
15.41
16.48
21.46
13.82
15.28
11.4
10.9
11.49
12.5
13.6
12.74
14.04
12.79
15.84
18.48
14.79
20.19
23.85
22.22
17.33
13.99
14.67
12.82
12.3
10.11
8.093
11.33
8.582
8.96
8.435
7.8
6.812
8.032
7.214
8.154
10.86
10.14
10.17
18.24
17.63
19.17
17.58
19.58
19.68
20.21
16.94
16.92
14.62
13.92
14.58
18.38
15.62
14.99
16.21
16.7
14.09
16.16
8.801
11.05
10.29
10.79
10.21
14.01
12.16
11.69
13.01
13.06
17.87
19.21
20.34
20.73
18.87
17.16
17.55
18.58
18.29
19.41
18.43
15.21
21.04
18.87
16.7
17.99
18.43
14.72
13.96
14.33
15.6
20.29
21.63
22.78
24.66
24.12
21.0
24.54
22.02
21.26
15.43
16.09
14.45
14.38
12.99
14.65
15.43
13.53
14.26
15.16
18.19
15.67
16.53
18.55
17.87
16.28
18.31
17.72
13.82
13.28
14.23
14.58
14.72
9.961
9.778
14.14
10.13
8.997
10.18
8.752
9.375
9.326
10.96
11.74
14.94
14.6
15.26
16.46
16.19
17.31
20.51
20.65
19.46
17.09
18.51
20.0
22.68
19.85
21.09
21.73
19.7
17.82
14.48
13.7
12.29
11.87
13.06
11.96
14.53
20.26
20.43
22.83
21.51
22.83
23.68
23.17
21.88
21.12
20.58
20.78
18.8
15.48
17.07
14.89
18.14
15.7
16.63
18.07
19.51
21.02
23.02
18.26
16.77
20.31
18.55
20.21
18.14
16.48
17.7
19.97
20.02
18.48
21.02
20.24
22.49
19.7
17.38
16.58
19.43
17.63
20.07
18.55
18.46
16.04
17.11
14.4
9.412
11.58
12.62
14.28
15.94
15.7
15.01
18.38
19.87
21.88
24.73
20.8
20.83
23.27
16.5
18.7
18.02
20.63
22.12
19.7
19.34
20.17
18.65
17.16
14.77
14.43
19.82
14.89
18.12
16.82
20.19
19.09
20.83
23.14
21.29
19.92
18.14
16.26
15.45
16.38
17.46
15.58
15.06
16.11
20.7
20.14
22.31
20.09
18.02
18.92
12.89
15.36
16.04
14.18
15.82
18.02
17.16
17.29
18.85
21.09
20.31
20.56
20.41
13.96
12.57
13.48
13.94
14.89
16.58
15.14
16.97
17.19
18.12
20.12
13.23
17.21
23.27
22.58
15.84
21.8
18.87
18.73
18.8
21.8
23.27
17.9
11.96
14.21
15.21
12.32
13.79
13.75
13.06
11.08
11.22
8.643
9.338
10.79
9.924
15.89
17.11
19.8
15.89
16.24
15.48
17.11
18.75
19.38
15.16
16.43
15.45
16.43
17.9
16.16
17.33
17.29
17.77
18.16
17.19
17.5
15.41
12.84
11.85
12.52
17.43
16.6
19.41
21.83
18.68
17.7
14.92
18.21
17.07
13.87
16.67
17.85
16.67
17.02
15.65
19.29
14.23
13.26
11.89
11.5
5.621
8.069
8.228
10.51
12.26
16.65
16.28
15.5
17.82
15.21
19.82
19.38
17.24
16.31
16.99
18.75
16.72
15.14
13.65
14.87
16.28
19.21
17.7
14.04
16.14
14.16
13.38
13.33
17.7
13.75
17.82
14.53
14.04
15.67
11.52
16.31
15.01
15.38
19.19
21.14
19.97
19.36
19.78
13.5
11.29
10.44
10.72
9.485
11.4
11.33
7.922
10.44
12.07
13.11
15.99
15.45
16.67
18.48
17.77
17.16
16.14
15.7
13.31
12.38
13.6
11.28
12.32
10.85
12.07
10.84
10.91
10.13
8.936
10.47
9.668
13.7
15.8
18.26
16.67
18.68
19.07
20.73
23.02
23.68
21.53
20.8
20.56
22.51
22.17
20.58
21.8
21.29
21.0
22.39
21.17
21.44
18.97
18.85
17.77
17.68
20.73
20.46
18.41
19.58
21.58
23.61
22.61
22.71
20.17
17.97
18.6
20.24
19.78
20.17
21.8
21.56
18.97
23.61
17.43
15.72
16.43
16.72
14.72
18.29
22.68
22.53
23.73
20.9
20.07
21.19
21.8
20.78
20.17
15.67
14.67
17.21
16.06
18.8
11.67
9.375
10.18
9.534
11.72
11.39
9.924
9.534
10.42
9.68
12.4
11.01
14.5
15.77
17.94
20.21
21.68
22.68
21.85
21.63
17.82
21.61
21.34
18.14
19.09
17.43
16.26
15.55
16.06
15.41
15.04
15.62
15.67
16.43
23.41
19.6
19.29
17.7
19.38
18.38
17.14
18.09
13.57
16.7
18.55
19.07
17.26
17.21
16.65
14.06
17.04
16.31
17.99
13.94
15.31
21.39
20.68
21.78
18.92
17.04
14.84
16.63
16.19
14.79
14.21
13.21
10.41
8.325
10.31
15.82
14.82
8.752
8.118
18.21
18.12
17.11
15.38
15.41
14.55
18.41
18.48
19.56
13.72
17.04
13.35
18.14
21.56
21.39
23.17
23.88
24.22
23.14
21.66
15.19
14.4
15.33
16.48
14.72
14.58
15.99
14.11
14.87
13.48
13.55
13.11
16.16
15.38
17.31
19.02
18.92
21.24
23.44
23.73
21.97
19.31
17.14
17.53
17.21
16.38
14.97
16.31
14.11
14.31
12.99
15.21
15.45
15.23
13.33
12.34
15.62
14.84
17.21
18.09
18.29
15.48
18.55
19.04
19.97
17.6
19.26
16.7
18.7
16.43
13.99
14.33
14.77
13.55
14.14
14.38
12.22
11.61
5.701
6.677
12.52
14.21
17.9
18.6
19.9
17.48
20.0
19.82
19.65
15.11
16.38
20.12
21.75
21.39
21.66
23.12
21.95
21.46
22.39
19.41
16.19
19.48
15.92
14.77
17.31
16.21
14.77
14.23
21.31
16.85
15.72
15.31
18.14
21.29
15.75
13.92
20.0
23.1
21.41
24.29
15.53
13.4
12.52
13.53
11.96
12.04
10.75
13.43
17.75
19.31
19.24
20.83
17.21
15.6
23.71
16.82
13.92
10.88
7.935
7.556
9.009
8.948
8.081
7.91
6.946
8.862
7.068
7.104
7.104
9.473
10.14
11.61
15.11
14.18
16.8
17.36
20.02
21.12
21.83
22.9
20.85
19.73
18.02
20.14
20.43
21.02
19.82
15.14
13.33
15.14
18.04
