20.7
16.85
20.63
16.87
21.24
15.65
19.58
17.07
19.75
15.72
20.21
14.67
17.77
14.04
18.07
14.6
17.94
15.41
17.94
14.5
18.65
22.66
15.04
18.65
18.41
14.75
18.92
14.75
21.39
15.89
19.17
15.14
19.09
16.63
19.09
15.21
20.36
15.36
21.36
15.99
18.38
15.04
26.22
18.12
18.07
14.4
18.21
15.43
19.26
15.14
18.87
19.38
19.6
13.67
17.72
14.55
12.17
21.36
16.77
16.04
20.09
18.26
14.79
29.49
18.02
14.65
23.0
17.94
16.85
13.23
16.38
13.84
10.01
12.44
21.39
14.87
14.75
16.19
12.79
19.82
15.87
15.43
13.99
11.98
15.77
12.4
16.48
16.09
12.34
16.8
13.92
16.14
11.66
15.7
11.33
14.94
14.55
17.38
13.31
18.12
16.41
25.68
16.16
15.14
16.85
15.48
12.17
15.89
11.41
14.53
15.87
11.94
15.48
14.38
17.77
11.9
15.45
12.19
10.94
18.09
12.1
15.14
11.77
15.5
12.52
15.21
11.79
15.19
13.62
11.83
15.33
20.39
13.16
16.38
14.01
16.21
13.26
11.9
15.55
14.36
12.87
16.28
13.26
18.97
14.58
13.16
12.17
15.8
13.04
15.89
13.21
11.96
17.29
18.95
12.79
15.84
13.94
17.14
13.75
15.62
13.94
17.07
14.48
15.65
12.22
15.82
12.46
17.29
13.33
15.75
12.4
18.43
15.87
19.31
18.14
23.58
36.08
31.93
18.95
15.67
20.56
17.94
20.7
17.02
20.75
18.09
23.88
20.36
20.97
16.8
21.61
16.94
21.75
19.21
26.17
21.34
22.97
18.85
23.44
20.09
23.49
19.8
22.56
19.75
25.34
19.85
24.46
20.34
23.73
20.19
26.03
21.04
26.95
24.63
26.81
23.78
25.59
22.51
26.51
22.92
26.46
21.24
23.83
20.12
24.95
21.0
25.24
23.51
28.47
27.2
30.66
25.1
26.86
22.41
24.83
22.29
25.49
21.53
24.44
19.24
23.68
20.73
29.49
23.36
24.83
21.29
23.71
20.46
24.63
24.98
24.58
19.65
22.75
19.53
21.48
19.51
22.9
18.02
20.92
18.36
21.97
19.7
23.14
19.73
22.92
21.95
23.9
20.95
25.49
22.24
25.44
20.41
22.95
20.41
23.0
19.46
23.63
19.73
28.47
21.51
24.46
20.85
24.68
22.27
24.73
21.02
24.9
24.9
27.1
24.61
26.17
21.26
24.78
21.36
26.37
23.27
27.64
25.54
30.66
28.17
32.81
29.05
29.54
28.61
33.25
31.59
30.47
28.42
32.28
30.32
33.64
31.3
34.52
31.1
34.13
31.3
32.86
31.15
33.11
29.15
33.25
33.4
35.11
31.45
32.91
28.08
31.79
31.59
34.96
30.81
35.11
29.83
30.86
31.25
33.59
29.0
30.86
27.64
33.64
31.45
31.79
28.56
31.45
30.96
30.96
27.59
30.08
28.22
31.3
30.57
33.54
30.18
33.01
29.64
31.69
29.1
32.37
30.03
33.01
29.69
32.37
28.81
31.45
28.03
28.91
27.0
29.54
27.78
29.15
26.27
29.49
27.98
28.22
24.32
27.29
25.0
27.29
23.44
25.59
24.12
26.17
23.93
23.46
20.24
22.56
20.78
24.0
19.75
21.53
21.07
22.19
20.31
21.63
20.58
21.9
20.85
21.46
20.24
23.71
21.63
21.97
22.14
22.61
20.19
22.05
20.87
21.88
20.68
22.19
20.12
21.12
19.53
20.12
19.14
19.65
18.65
20.17
17.85
21.09
20.19
21.97
20.92
21.46
19.53
20.04
18.92
19.78
21.63
24.54
22.83
23.71
25.49
24.12
22.36
22.66
21.41
21.9
20.24
23.36
21.95
23.14
20.9
23.0
21.8
24.1
24.58
23.95
21.95
23.83
20.75
23.27
23.41
30.18
30.32
29.35
26.9
28.47
26.56
27.59
26.51
27.88
25.39
28.52
26.17
25.44
22.66
21.19
19.21
22.51
22.78
24.49
23.93
24.63
22.19
23.14
23.1
24.54
22.17
24.15
23.51
24.44
22.17
22.9
19.31
21.39
19.17
21.44
18.51
20.29
18.53
20.41
20.83
22.41
20.9
22.39
22.07
22.61
25.15
29.2
22.17
24.88
23.07
25.15
24.41
27.1
26.56
29.49
27.44
29.15
27.1
32.28
24.66
27.25
23.34
27.59
27.1
30.18
25.78
29.98
28.27
29.69
28.08
21.34
18.65
20.0
18.8
20.83
20.19
23.46
21.78
24.27
20.07
23.32
21.26
23.83
20.31
24.02
23.05
28.61
25.73
26.56
21.7
25.78
23.07
23.73
22.24
24.37
19.31
24.41
22.39
24.66
20.7
24.19
23.36
25.54
23.9
25.98
24.8
27.34
23.88
26.42
23.51
26.51
23.93
24.85
23.14
25.54
22.29
28.22
23.56
26.56
22.51
25.05
25.05
24.71
22.73
25.54
23.32
25.49
23.73
26.17
25.78
27.83
26.42
28.37
28.47
29.44
27.44
31.49
28.71
28.27
25.98
29.59
25.88
26.86
24.9
27.73
24.61
27.59
24.83
28.32
28.56
30.22
24.76
27.73
24.51
29.35
24.66
27.88
24.05
25.05
23.66
24.8
25.0
27.59
22.75
24.27
19.14
20.73
20.36
26.61
22.41
24.49
22.14
24.54
22.31
25.1
22.66
24.07
21.07
24.22
21.97
25.24
21.17
24.61
21.22
23.95
20.46
22.8
20.24
22.95
19.82
23.63
20.7
23.88
20.8
24.76
21.95
24.71
19.92
22.51
23.9
25.73
22.29
21.56
18.14
21.09
20.73
23.07
20.24
22.95
19.68
24.78
22.29
23.12
18.43
21.51
20.07
24.19
19.68
22.31
19.26
22.34
19.38
22.36
20.46
23.27
19.12
25.78
22.56
23.71
20.04
23.02
20.36
23.1
20.21
23.39
20.95
23.36
22.05
24.19
21.78
25.24
20.63
23.46
21.07
26.86
22.22
23.66
20.31
23.27
20.9
23.27
20.83
23.8
20.7
25.1
25.88
25.54
23.24
25.39
24.0
24.61
19.92
22.29
20.09
24.41
20.97
23.46
20.19
23.1
19.73
22.36
20.09
22.85
19.65
22.41
19.92
22.41
19.97
23.02
21.88
24.51
20.53
24.46
20.87
23.12
20.02
22.9
20.75
23.68
20.51
23.34
19.21
18.46
16.06
18.51
13.06
20.73
18.29
15.6
21.0
20.24
17.21
19.63
16.43
20.24
16.53
18.92
17.36
21.78
18.29
22.09
17.75
21.09
18.75
21.0
18.53
21.22
18.8
21.73
18.46
21.51
18.14
20.46
18.9
20.63
17.07
20.29
17.68
20.58
18.48
20.48
17.94
21.46
18.53
26.9
19.65
17.5
20.63
18.36
21.61
20.07
21.9
18.58
23.68
19.12
21.39
17.8
21.26
18.46
21.73
18.73
21.61
19.19
21.85
18.7
22.56
21.09
22.19
23.07
25.63
21.36
23.14
21.22
21.63
17.02
21.66
17.46
19.12
18.95
31.1
19.46
16.6
21.39
16.48
19.38
17.16
22.14
21.0
21.34
17.31
21.19
20.19
21.31
20.29
23.29
18.24
21.36
24.71
19.9
13.87
20.9
19.04
19.48
17.99
24.98
22.56
23.29
19.56
21.31
17.63
18.82
16.02
20.14
17.38
29.98
23.0
17.75
18.31
23.61
19.85
19.9
16.38
18.6
16.28
19.78
15.75
18.92
16.94
18.48
15.82
23.39
15.72
16.75
21.41
16.16
17.02
