0.0
0.0
0.0
0.0
0.0
0.0
0.0
0.0
9.537e-05
0.0
0.0
0.0
0.0
0.0
0.0
0.0
0.0
0.0
0.0
0.0
0.0
0.0
0.0
0.0
0.0
0.0
0.0
0.0
0.0
0.0
9.537e-05
0.0
0.0
0.0104
1.254
2.011
2.063
2.103
2.112
2.176
5.579
1.938
2.744
0.6165
0.08593
1.535
1.874
2.039
2.148
2.325
2.902
4.901
3.049
1.221
0.4608
0.1778
0.827
1.773
2.173
2.341
2.435
2.493
4.865
2.234
2.222
0.2666
1.228
1.99
2.759
2.643
3.082
4.98
2.835
0.3593
0.3296
1.425
1.755
1.993
2.155
2.078
3.784
3.055
2.625
0.6546
0.7645
1.779
2.151
2.151
2.399
3.174
4.175
2.789
0.8621
0.259
0.2594
0.3307
1.697
1.956
2.124
2.39
2.466
5.267
2.985
0.7584
0.2518
0.2533
0.3609
0.3395
1.059
1.715
1.807
2.066
2.042
2.567
4.907
2.145
1.208
0.2995
0.7126
0.2377
0.3056
0.4112
0.4562
0.4501
0.4265
0.1266
0.5653
0.5379
0.1684
0.2716
0.5531
0.2781
0.1095
0.141
0.5142
0.1953
1.694
2.026
2.13
2.255
2.704
5.328
2.533
2.051
0.325
0.2094
0.3876
0.6447
0.3002
0.1101
0.1236
0.3132
0.1377
0.4791
0.8148
1.66
2.02
2.023
2.252
2.368
5.139
2.448
1.752
0.3094
0.4196
0.428
0.6447
0.2914
0.2457
0.4608
0.4929
0.5302
0.4532
9.537e-05
0.0
0.0
0.0
0.0
0.0
0.0
0.0
0.0
0.0
0.0
0.0
0.0
0.0
0.0
0.0
0.0
0.0
0.0
0.0
0.0
0.0001907
0.0
0.0
0.0
0.0
0.0
0.0
0.0
0.0
0.0008583
0.0
0.0
0.0
0.0
0.0
0.0
0.0
9.537e-05
0.0
0.0
0.0
0.0
0.0
0.0
0.0
0.0
0.0
0.0
0.0
0.0
0.0
0.0
0.0
0.0
0.0
0.0
0.0
0.0
9.537e-05
0.0
0.0
0.0
0.0
0.0
0.0
0.0
0.0
0.0
0.0
0.0
0.0
0.0
9.537e-05
0.0
0.0
0.0
0.0
0.0
0.0
0.0
0.0
0.0
0.0
9.537e-05
0.0
0.0
0.0
0.0
0.0
0.0
0.0
0.0
0.0
0.0
0.0
0.0
9.537e-05
0.0
0.0
0.0
0.0
0.0
0.0
0.0
0.0
0.0
0.0
0.0
0.0
0.0
9.537e-05
0.0
0.0
0.0
0.0
0.0
9.537e-05
0.0
0.0
0.0
0.0
0.0001907
0.0
0.0
0.0
0.0
0.0
0.0
0.0
0.0
0.0
0.0
0.0
0.0
0.0
0.0
9.537e-05
0.0
0.0
0.0
0.0
0.0
0.0
0.0
0.0
0.0
0.0
0.0
0.0
0.0
0.0
0.0
0.0
0.0001907
0.0
0.0
0.0
0.0
0.0
0.0
0.0
0.0
0.0
0.0
0.0
0.0
9.537e-05
0.0
9.537e-05
9.537e-05
0.0001907
0.0
0.0
0.0
0.0
0.0
0.0
0.0
0.0
0.0
0.0
0.0
0.0
0.0
9.537e-05
0.0
0.0
0.0
0.0
0.09804
0.3582
0.1585
0.2518
0.4234
0.2625
0.1381
0.135
0.4196
0.2262
0.5173
1.669
1.743
2.002
2.09
2.237
2.298
2.71
2.527
2.823
3.381
3.796
3.809
3.448
3.21
3.644
3.699
4.59
7.166
2.71
5.829
7.52
7.422
6.653
5.2
4.449
3.259
1.26
0.8804
1.715
2.286
3.723
3.79
3.583
3.528
3.68
3.662
3.461
3.101
3.137
3.192
3.18
2.96
5.579
5.67
3.729
7.385
9.302
6.909
6.555
4.51
2.448
1.186
2.466
3.723
3.564
3.656
3.394
3.534
3.986
3.906
3.583
3.552
3.418
3.625
3.839
7.446
8.398
10.51
8.179
6.323
5.151
1.907
0.4341
1.779
2.081
2.158
2.264
2.368
2.39
2.521
2.2
2.393
2.408
2.625
2.56
2.798
2.493
2.664
2.411
2.591
2.631
2.448
6.232
4.816
5.286
4.932
6.75
6.824
6.445
3.693
4.297
3.351
1.308
0.4936
1.561
1.666
1.74
2.115
2.017
1.996
2.087
2.347
2.292
2.286
2.53
2.481
2.603
2.499
2.481
2.545
2.46
2.213
2.277
2.481
6.921
4.504
4.999
5.127
7.458
6.122
6.097
3.888
3.729
3.143
1.474
0.6775
1.186
1.706
1.59
2.042
2.179
2.411
2.515
2.747
2.625
2.704
2.548
2.612
2.652
2.826
2.832
2.96
3.046
2.948
3.11
7.776
3.821
5.566
7.288
7.214
6.958
5.127
4.303
2.512
1.172
0.8194
1.794
1.965
1.962
2.142
2.399
2.133
2.069
2.011
2.036
2.292
2.167
2.234
2.429
2.448
2.444
2.39
2.438
2.228
2.399
8.337
3.143
4.95
5.219
6.421
7.117
6.384
4.95
3.772
3.131
1.424
0.4509
1.532
1.727
1.886
1.877
2.002
1.984
1.974
2.124
1.99
2.008
2.048
2.237
2.167
2.057
2.026
2.072
1.953
2.231
2.17
1.987
2.029
6.458
4.456
4.688
3.918
6.36
6.873
6.335
5.542
4.462
3.54
1.428
1.282
0.004005
0.4875
1.433
1.54
1.433
1.794
1.688
1.822
1.62
1.791
1.755
1.828
1.929
2.109
2.237
2.023
1.904
1.703
1.411
1.521
1.338
1.425
1.456
1.648
1.779
1.636
5.487
5.579
5.188
4.449
6.702
7.532
6.86
4.926
3.442
3.455
1.494
0.8194
1.7
2.106
2.225
2.167
2.481
2.628
2.344
2.432
2.338
2.481
2.579
2.679
2.621
2.872
2.649
2.686
2.634
2.713
3.473
6.812
3.625
5.377
7.3
7.239
7.104
6.421
4.474
3.406
1.237
1.201
2.109
2.289
2.304
2.548
2.359
2.484
2.679
2.478
2.686
2.835
2.982
2.817
2.884
2.893
2.731
2.887
2.826
4.407
7.019
6.189
5.2
8.472
6.335
7.153
4.388
3.473
2.954
1.337
1.378
0.2728
0.09041
0.09079
0.1043
0.2869
0.3376
1.482
0.2754
0.3639
0.1209
0.0946
0.2804
0.3281
0.3468
0.1352
0.1225
0.3105
0.178
0.9094
0.8591
0.2354
0.9308
0.9277
0.8636
0.2064
0.7523
0.8148
0.9003
0.4311
0.4333
0.8118
0.7935
0.1467
0.8713
0.5234
1.773
2.164
2.289
2.38
2.148
2.219
2.402
2.542
2.292
2.219
2.612
2.396
2.631
2.481
2.634
2.78
2.603
2.615
2.487
7.788
3.357
5.145
4.437
6.995
7.239
6.714
4.321
4.584
1.712
0.8621
0.2956
0.6111
0.2422
0.1608
0.2399
0.272
0.4044
0.4143
0.3796
0.3159
0.296
2.02
2.747
2.557
2.704
2.783
2.798
2.689
2.948
2.707
3.015
3.088
2.771
2.905
2.811
2.975
3.076
2.765
7.532
4.175
6.897
7.239
7.849
6.311
4.901
4.346
1.825
0.3017
9.537e-05
0.0
0.0
0.0
0.0
0.0
0.0
0.0
0.0
0.0
0.0
0.0
0.0
0.0
0.0
0.0
0.0
0.0
0.0
0.0
0.0
0.0
0.0
0.0
0.0
0.0
0.0
0.0
0.0
0.0
0.0
0.0
