8.325
8.606
8.984
8.044
8.362
7.8
8.496
7.776
12.01
20.61
20.53
14.23
15.75
20.85
19.02
6.787
6.36
6.262
6.262
6.262
6.262
6.262
6.262
6.262
6.262
6.262
6.262
6.262
6.262
6.262
6.262
6.262
8.423
9.192
15.48
17.04
17.77
18.19
18.51
16.63
14.55
11.85
9.033
8.325
14.7
16.67
17.55
17.97
18.41
16.82
14.6
12.52
9.729
8.643
15.01
16.85
17.68
18.04
18.46
15.84
14.16
12.37
9.497
15.65
17.02
17.68
18.09
18.04
15.14
12.4
10.24
9.338
18.9
20.53
15.99
9.119
15.16
16.85
17.55
18.04
18.38
15.58
13.23
10.64
8.508
8.862
17.14
20.85
19.53
9.851
14.89
16.77
17.6
18.04
18.33
15.06
11.58
9.216
9.143
8.667
14.94
16.89
17.68
18.14
17.38
14.48
11.91
9.583
9.082
9.644
18.68
20.73
15.65
12.02
16.36
17.29
17.94
18.36
15.55
13.7
11.08
9.204
9.265
9.021
9.204
9.302
9.583
8.752
9.485
13.75
20.43
20.34
15.53
9.827
9.656
18.16
20.61
16.48
9.656
15.7
17.04
17.8
18.26
18.16
14.97
11.27
8.374
9.57
9.045
8.801
9.021
9.07
8.972
9.106
9.155
12.26
16.53
17.5
17.97
18.41
16.92
13.96
11.77
8.838
8.862
9.082
9.058
9.131
8.96
9.973
8.923
8.984
9.253
8.887
8.887
9.082
13.28
20.68
20.29
14.11
9.29
9.253
17.6
20.83
15.92
6.543
6.409
8.057
8.862
8.496
9.009
16.97
20.85
18.38
8.521
17.82
20.85
18.31
12.96
20.68
19.97
12.32
9.204
8.813
8.691
8.459
12.08
20.56
20.0
11.85
6.531
8.118
9.009
8.569
8.838
8.789
9.241
8.667
8.813
9.106
8.826
9.314
9.9
19.02
20.83
18.19
10.33
8.936
8.984
9.204
16.63
20.85
18.97
8.008
6.531
7.959
8.728
8.789
8.923
8.936
9.802
18.58
20.83
19.09
15.36
9.729
8.948
8.862
8.911
8.984
14.84
20.48
20.73
19.48
11.96
14.23
20.78
20.07
10.16
8.179
9.18
8.789
8.386
9.399
8.569
8.594
8.728
8.63
8.459
9.07
8.752
8.96
16.16
20.83
20.09
12.79
14.21
20.73
20.14
11.77
6.616
6.445
6.458
7.886
8.838
9.155
12.6
20.51
20.78
14.62
9.094
9.045
9.143
13.82
20.7
20.07
12.79
9.045
9.082
9.021
8.74
13.84
20.8
20.24
12.62
6.641
6.445
8.289
8.496
12.48
20.63
20.34
17.07
9.204
8.472
8.667
8.728
9.534
18.87
20.85
16.67
9.045
9.167
9.119
8.472
8.923
13.62
20.73
19.87
10.67
6.616
8.24
8.496
8.582
9.131
15.21
20.75
20.83
19.73
11.66
8.63
8.984
8.398
8.667
12.48
20.73
20.17
14.31
11.0
20.0
20.83
18.21
6.873
6.543
6.458
8.203
9.204
9.314
9.521
9.241
14.82
20.83
20.19
19.04
10.93
15.82
17.33
18.07
18.51
18.9
19.17
19.38
19.58
19.58
19.58
19.63
19.78
19.85
19.95
19.97
20.12
20.14
20.17
20.34
20.48
20.68
20.7
18.55
17.85
20.14
20.87
20.9
20.9
20.63
17.72
17.31
16.85
13.4
12.17
16.8
17.7
18.26
18.6
18.9
19.21
19.38
19.53
19.65
19.78
19.78
19.97
20.02
20.17
20.17
20.31
20.36
20.56
20.7
20.73
18.38
18.12
20.7
20.7
20.63
20.51
19.17
17.63
17.48
17.26
12.99
13.4
17.07
17.92
18.36
18.75
19.07
19.26
19.43
19.58
19.75
19.78
19.92
20.07
20.17
20.17
20.19
20.34
20.43
20.53
20.7
20.63
16.97
17.48
19.12
20.68
20.61
20.02
19.92
19.43
17.04
16.53
16.36
14.21
11.96
16.82
17.77
18.26
18.51
19.02
19.29
19.41
19.58
19.6
19.75
19.92
19.97
20.07
20.17
20.31
20.36
20.39
20.58
20.73
20.73
18.95
16.75
17.55
19.21
20.87
20.9
20.63
20.34
19.29
18.24
17.68
16.94
16.46
11.32
15.28
16.89
17.55
18.07
18.38
18.53
18.82
19.12
19.24
19.41
19.38
19.51
19.63
19.75
19.78
19.95
20.02
20.17
20.17
20.21
20.36
20.39
20.63
20.73
20.73
18.29
17.38
19.29
20.63
20.31
20.31
20.19
19.34
17.68
17.68
17.55
16.7
10.4
16.43
17.63
18.29
18.6
19.02
19.29
19.43
19.58
19.58
19.78
19.85
19.97
20.09
20.14
20.21
20.34
20.34
20.48
20.61
20.73
20.09
17.19
19.58
20.7
20.58
20.46
20.19
18.55
16.5
16.5
16.5
15.36
10.5
15.87
16.77
13.48
12.11
10.63
15.99
16.87
13.38
12.89
10.19
15.97
16.89
13.4
12.79
10.22
15.77
16.8
13.96
12.94
12.74
18.77
19.97
15.7
9.778
15.45
16.87
14.14
13.11
12.23
18.99
20.12
14.97
16.16
20.0
19.09
12.39
13.28
17.09
17.94
18.43
18.68
19.17
19.36
19.51
19.7
19.7
19.75
19.87
20.07
20.14
20.14
20.14
20.29
20.34
20.39
20.56
20.73
20.7
17.36
18.16
19.82
20.68
20.73
20.73
20.73
20.73
20.73
20.7
17.41
16.31
16.11
15.92
15.67
15.38
11.67
12.38
16.26
17.07
17.55
17.99
18.31
18.43
18.6
18.99
19.19
19.21
19.38
19.38
19.48
19.53
19.75
19.73
19.78
19.8
19.97
20.07
20.14
20.24
20.34
20.34
20.51
20.63
20.73
20.73
18.24
17.29
18.53
20.61
20.7
20.7
20.73
20.7
20.48
19.14
18.43
18.43
18.26
15.09
13.43
18.33
19.9
16.55
12.92
14.82
19.82
18.09
10.79
13.89
10.71
10.36
11.66
12.15
12.24
17.72
20.12
19.43
13.72
13.21
17.02
19.68
18.53
11.55
12.48
10.3
10.22
9.558
9.448
9.18
9.497
9.729
9.9
9.302
9.912
15.84
20.7
18.51
10.6
18.16
20.83
16.89
10.08
9.839
10.12
18.99
20.8
16.85
14.5
14.31
18.38
19.46
17.92
10.8
9.717
8.911
9.363
9.595
9.155
8.96
9.595
9.448
9.106
10.71
19.07
20.63
15.33
9.607
9.546
15.45
20.8
20.46
15.48
12.74
15.31
20.14
18.43
10.14
8.948
9.253
9.07
9.204
9.326
9.143
8.606
9.558
9.082
11.27
20.31
20.68
14.87
9.485
9.18
8.936
9.204
16.16
20.83
18.97
7.812
6.689
9.058
9.021
9.155
9.131
9.29
9.46
9.387
9.387
9.241
9.265
9.412
9.167
18.29
20.83
16.16
9.253
9.192
9.265
10.42
14.82
20.56
19.14
9.167
6.641
6.506
6.458
6.458
6.458
6.458
6.458
6.458
6.458
6.458
6.458
6.458
6.458
6.458
6.482
9.619
9.351
9.412
9.985
9.363
10.11
8.569
10.9
10.24
18.38
20.8
