18.16
18.77
18.26
15.06
15.38
23.78
14.92
17.24
24.83
19.51
15.43
17.94
16.06
18.8
19.24
22.19
16.21
18.43
18.65
20.24
16.77
18.41
16.48
18.95
15.65
20.43
17.19
19.46
16.26
21.39
21.24
21.51
15.45
18.99
20.7
19.04
16.09
20.46
18.87
21.04
16.41
18.36
15.33
18.04
20.19
21.04
28.32
21.44
14.45
16.89
15.09
13.89
19.12
16.75
25.05
17.63
18.12
15.94
20.19
17.7
16.6
22.58
17.43
18.82
18.19
16.04
16.89
21.31
12.27
18.38
15.21
19.12
20.34
17.07
14.87
18.58
22.24
14.6
21.09
18.09
15.23
18.6
16.6
18.6
15.8
22.95
23.07
24.61
21.14
23.34
15.06
17.48
18.73
19.6
19.07
17.85
13.79
17.53
19.19
14.48
16.72
17.26
20.87
17.26
18.36
17.77
17.41
13.87
16.48
17.97
15.94
20.02
21.0
17.8
15.97
16.55
13.96
17.14
14.01
16.5
14.55
17.31
15.72
21.41
19.29
16.77
17.41
16.26
14.18
16.92
18.95
14.14
16.89
13.96
17.09
14.38
18.53
14.26
17.85
16.94
14.79
22.31
18.58
24.73
17.58
17.29
18.97
17.41
22.68
16.58
15.16
13.01
12.28
15.94
13.04
16.19
13.5
20.02
16.04
14.18
14.31
16.6
14.14
18.55
19.36
17.11
16.67
12.96
15.58
16.55
14.11
12.39
15.65
12.72
15.55
12.37
15.53
12.17
17.7
13.6
16.72
14.53
17.75
19.63
14.58
16.97
18.7
21.85
16.02
17.41
15.09
17.24
24.17
17.36
19.31
15.82
18.33
14.92
16.82
14.31
19.65
17.38
13.5
16.41
17.41
20.41
16.92
21.26
17.92
22.09
19.73
22.71
17.11
19.51
15.77
19.95
16.8
19.7
16.16
25.2
26.86
18.51
16.58
19.82
16.94
18.68
15.21
19.24
16.16
19.63
16.85
19.36
16.58
20.19
16.24
20.09
18.85
30.08
22.17
20.46
22.14
17.36
20.87
17.07
19.51
17.8
20.7
20.53
25.15
20.53
17.29
14.87
19.8
20.24
15.72
18.36
15.8
19.9
16.31
20.73
14.65
17.75
15.19
20.7
17.02
15.8
20.26
15.41
18.04
15.36
14.36
18.58
16.33
20.39
16.6
19.17
16.92
21.44
18.14
21.02
19.31
19.43
17.5
22.29
17.21
19.56
20.39
16.85
19.29
18.85
18.75
20.02
16.46
24.07
18.55
19.6
21.61
19.87
23.02
19.65
18.95
20.61
21.04
25.54
24.78
23.93
20.56
24.78
19.82
24.39
20.97
22.09
22.78
25.63
21.73
24.37
22.56
24.56
21.56
23.83
23.63
29.25
24.51
25.98
23.51
25.34
26.46
26.32
23.29
27.54
21.97
25.78
23.54
25.63
22.95
25.98
22.73
25.68
24.07
27.78
23.93
22.75
21.95
27.39
23.68
24.51
20.21
23.44
19.92
23.19
19.82
22.39
20.21
22.27
21.44
24.0
19.9
22.22
20.7
22.39
19.19
21.8
19.26
22.66
19.73
22.83
19.56
25.29
23.0
24.24
20.63
21.14
20.04
23.58
17.21
20.48
16.46
18.58
17.53
21.0
17.04
16.7
19.41
15.89
18.68
15.87
19.41
16.55
18.95
16.21
19.14
25.88
17.21
19.6
16.89
20.85
19.19
17.87
22.09
21.07
18.43
26.27
23.78
25.73
19.04
22.39
19.97
22.14
18.75
20.09
18.58
22.09
21.26
25.2
18.77
20.17
18.12
20.51
18.92
21.22
19.09
20.09
18.75
23.56
19.09
19.51
18.19
22.0
19.87
23.8
20.24
21.83
20.9
24.29
21.48
22.8
21.29
26.42
22.46
23.32
22.66
23.12
21.22
22.07
20.87
22.66
21.88
23.0
22.63
24.19
20.07
21.53
21.22
22.92
24.78
24.17
25.39
26.95
23.02
22.34
20.48
22.05
22.51
23.19
22.66
25.1
27.34
24.73
20.04
23.07
22.71
24.9
20.73
23.85
22.78
22.88
21.07
27.44
23.32
24.17
22.24
25.63
24.1
23.19
21.22
22.9
20.97
22.0
20.65
22.85
21.51
23.27
22.02
23.75
22.31
23.68
22.51
24.71
24.27
26.56
22.39
23.73
25.44
25.63
21.88
24.17
20.85
26.51
23.29
24.1
20.83
21.75
23.34
21.41
21.48
21.51
19.04
24.24
24.37
28.27
26.22
26.61
24.66
23.73
24.56
24.19
24.1
24.19
22.41
24.58
22.44
23.71
22.92
24.0
21.09
22.27
22.53
26.95
21.85
23.71
21.88
25.2
21.36
24.22
20.12
21.95
18.55
22.31
18.99
22.19
23.46
23.63
19.17
22.12
22.8
24.66
18.73
25.59
25.34
23.71
19.87
22.05
19.12
21.75
19.02
22.05
18.41
20.78
18.53
20.75
18.95
21.07
19.46
20.95
20.36
21.75
18.41
20.83
20.8
24.98
22.31
20.26
17.65
21.95
18.46
20.26
20.7
31.59
24.02
18.99
19.31
19.46
16.46
16.67
14.92
17.72
14.72
16.85
20.34
15.87
16.75
20.48
14.26
15.06
18.38
16.28
19.63
14.53
15.28
19.02
28.91
21.78
20.87
18.8
19.95
18.85
16.63
19.12
19.21
21.22
20.04
25.29
26.07
24.9
25.05
26.27
22.88
25.39
26.81
29.49
24.44
29.74
26.9
28.66
28.56
29.44
22.61
26.03
23.05
25.73
24.98
30.66
23.93
25.83
23.36
25.73
23.1
26.56
26.46
27.64
21.78
24.66
22.36
25.15
21.85
23.51
24.83
25.68
22.53
24.07
21.61
24.32
21.12
25.34
23.32
27.64
23.05
25.0
25.39
27.64
23.29
27.05
25.63
26.46
19.85
22.41
22.85
24.54
22.14
24.12
20.9
24.9
21.58
23.95
21.29
24.93
24.02
25.05
20.73
24.19
22.24
23.17
19.65
22.19
18.99
21.09
18.21
19.63
16.85
19.6
17.07
22.51
24.34
22.22
17.04
19.87
17.31
21.56
19.43
23.32
20.51
24.41
21.07
22.02
19.36
19.8
17.07
20.39
16.24
19.48
17.41
19.82
17.02
20.0
16.92
23.41
20.0
22.53
16.94
20.97
18.75
20.48
17.68
19.95
17.43
20.9
21.53
22.51
21.85
24.49
18.26
23.0
20.56
20.95
17.33
22.41
18.36
21.31
22.44
22.05
17.09
19.19
21.66
21.39
20.78
20.85
22.9
23.39
20.53
22.8
20.8
20.17
16.87
19.87
17.87
21.9
17.36
20.97
19.36
20.92
18.65
21.66
19.21
23.05
19.95
24.0
18.65
21.63
17.85
21.8
19.04
21.61
19.12
22.46
16.02
20.02
19.04
21.92
19.36
21.51
19.12
23.14
23.85
21.9
19.43
21.85
19.09
23.22
21.39
25.63
21.39
21.85
18.48
21.07
18.07
21.46
18.48
21.61
18.41
20.95
19.02
20.63
17.68
21.02
18.48
23.32
21.68
21.39
19.02
21.73
18.65
21.68
21.53
22.97
18.36
23.17
19.14
20.56
18.12
23.71
20.41
23.8
20.46
24.46
20.53
24.85
20.09
25.73
21.39
23.71
20.92
23.29
20.56
25.15
21.56
26.95
26.03
21.41
16.26
19.46
18.12
22.49
18.9
20.68
19.75
21.14
18.46
21.44
19.14
22.53
18.55
21.78
16.8
18.75
15.84
17.94
15.06
19.12
16.5
18.99
15.67
18.04
13.43
24.95
23.51
16.65
19.92
20.14
22.78
18.53
23.1
18.29
22.14
19.04
28.71
24.27
22.83
17.11
21.61
17.53
20.24
17.04
20.48
17.36
24.15
21.95
24.78
21.56
24.49
17.31
19.24
18.19
21.7
16.6
20.31
16.5
18.21
12.65
15.04
