0.6668
0.2304
0.1249
0.415
0.3372
0.2686
0.2682
0.1179
0.6783
0.1102
0.06876
0.1936
0.3998
0.3326
0.1406
0.2533
0.3658
0.001335
9.537e-05
0.01316
0.5379
0.2048
0.1724
0.1707
0.3021
0.4486
0.157
0.2708
0.3265
0.5386
0.3345
0.2308
0.1778
0.2277
0.248
0.3197
0.2937
0.1675
0.2438
0.3483
0.1123
0.8286
1.01
0.8163
1.06
1.309
1.472
1.472
1.186
6.348
2.887
3.055
1.782
0.1873
0.1791
0.1688
0.2323
0.1654
0.8713
1.239
1.054
1.129
1.038
1.35
1.285
5.371
2.96
4.175
1.401
1.044
0.4448
0.1217
0.09975
0.4196
0.06313
0.9842
1.399
1.086
1.212
1.346
1.358
4.047
3.729
3.253
2.267
1.027
0.09861
0.8163
1.233
1.19
1.074
1.134
1.266
1.163
6.091
2.603
3.711
1.514
0.2934
0.1343
0.2224
0.3311
0.6088
0.3281
0.4257
0.2991
0.2926
0.4601
0.3803
0.5981
0.3151
0.1736
0.2609
0.2575
0.4524
1.208
1.463
1.466
1.274
1.216
1.176
5.988
2.734
2.957
1.543
0.02995
0.7805
1.004
1.088
0.9628
0.8545
0.8804
1.044
1.022
6.287
2.118
3.632
1.709
0.2144
0.5714
1.038
1.26
1.399
1.207
1.271
3.192
4.132
3.552
1.895
0.5836
1.103
1.314
1.001
1.079
1.436
1.053
1.164
5.951
1.414
1.962
2.899
1.385
0.104
0.6088
0.7156
0.798
0.9232
0.7515
0.8896
0.7751
1.111
2.234
6.348
2.377
2.863
1.596
0.4425
0.499
0.1858
0.3899
0.3174
0.3696
0.0
0.0001907
0.0
0.0
0.0
0.0
0.0
0.008011
0.3277
0.349
0.03052
0.2243
0.2281
0.1776
0.2983
0.1102
0.09613
0.1862
0.3231
0.4684
0.06142
0.1202
0.08154
0.3204
0.1884
0.001907
0.00124
0.0
0.0
0.0
0.003624
0.0392
0.3391
0.3914
0.4181
0.3712
0.4189
0.359
0.05646
0.1019
0.06676
0.219
0.3017
0.3132
0.2831
0.2045
0.3628
0.5531
0.001621
0.0
9.537e-05
0.0
0.0
0.0001907
0.0
0.01307
0.2342
0.2697
0.5692
0.2556
0.1926
0.4417
0.1476
0.1013
0.05188
0.246
0.3887
0.4318
0.04959
0.09365
0.0741
0.2499
0.2602
0.0002861
0.0
9.537e-05
0.0
0.0
0.0
0.0
0.2029
0.2064
0.1539
0.1648
0.2701
0.2655
0.1156
0.06714
0.2541
0.296
0.2186
0.2651
0.2445
0.2018
0.1711
0.2048
0.1143
0.0
0.0001907
0.0
0.0
9.537e-05
0.0
0.01183
0.2754
0.04959
0.4738
0.386
0.3937
0.2396
0.1892
0.1856
0.2113
0.2697
0.6531
0.3094
0.06142
0.1028
0.07811
0.2121
0.2491
0.0003815
9.537e-05
9.537e-05
0.0
0.0
0.0
0.0
0.4089
0.1904
0.4456
0.05035
0.09747
0.07372
0.2575
0.2789
0.4135
0.4944
0.1202
0.07887
0.2415
0.4128
0.3613
0.1154
0.07124
0.285
0.2502
0.001717
0.0002861
0.0
0.0001907
0.0
0.1953
0.2232
0.1501
0.2293
0.3105
0.3826
0.1375
0.1543
0.2987
0.6096
0.1003
0.1616
0.3044
0.2991
0.1749
0.2296
0.0
0.0
0.0
0.0001907
0.0
0.0
0.0
0.02728
0.7965
0.7965
0.3891
0.1369
0.08125
0.2197
0.3044
0.4295
0.06323
0.141
0.2567
0.285
0.2506
0.2228
0.1841
0.1745
0.1492
0.2113
0.1339
0.6989
0.9262
0.8194
0.8804
1.079
1.021
1.054
1.111
0.9827
0.9323
0.7774
0.9247
0.9491
0.8774
0.8591
1.004
1.161
1.178
1.106
1.141
0.8194
0.9323
1.178
1.089
1.05
0.6989
0.8453
0.8301
0.8011
0.9659
2.383
4.944
7.654
10.06
8.74
8.423
9.412
9.363
8.167
6.506
7.764
6.653
2.887
2.927
2.225
0.9674
0.4631
1.022
1.082
1.16
0.8514
0.8759
1.042
1.183
1.282
0.9399
0.9079
1.018
0.9003
1.335
1.334
1.404
1.334
1.154
0.9628
0.9628
0.9384
0.9811
0.8591
0.856
1.151
1.204
1.158
1.26
1.001
0.8987
1.012
4.071
7.031
8.093
6.018
8.374
10.12
9.741
8.459
7.3
7.141
5.658
4.291
3.009
3.003
3.07
0.3677
1.045
1.045
1.1
1.079
1.173
0.9476
0.9827
1.109
1.05
0.9201
1.291
1.143
1.305
1.117
1.158
0.9048
0.8575
0.9171
0.8484
0.8652
0.9857
1.158
1.137
1.076
0.9277
1.17
1.201
0.972
0.9567
0.8514
0.9644
2.017
5.811
8.716
9.167
5.347
6.567
7.751
6.885
7.703
6.946
5.054
6.592
6.335
4.852
3.156
4.462
1.999
1.18
0.6424
0.9277
1.195
1.154
1.152
1.326
0.9827
1.21
1.39
1.067
1.064
0.9201
1.03
0.885
0.9064
1.013
1.123
1.17
1.204
1.367
1.225
1.083
1.01
1.154
1.189
1.18
1.343
1.222
1.303
4.767
8.777
10.05
8.447
7.532
8.374
9.021
7.202
6.714
9.68
4.95
3.394
2.789
2.408
0.4227
0.7454
0.8026
2.933
3.186
1.712
0.486
0.7019
0.8545
0.8682
1.028
5.334
3.729
2.307
0.7706
0.4105
0.7332
0.8224
3.131
2.692
1.472
0.1942
0.6638
0.6836
0.6607
2.896
3.845
1.794
0.1108
0.6035
0.6653
0.7156
2.893
3.247
1.562
0.531
0.4288
0.8408
0.769
2.704
3.259
1.578
1.01
0.4959
0.9628
1.074
1.134
1.138
1.349
1.367
1.198
1.044
0.9018
1.056
1.06
1.25
0.9705
0.737
0.6599
0.6744
0.8072
1.19
0.8972
1.065
1.221
1.385
1.408
1.436
1.387
1.421
1.118
2.475
5.298
10.77
7.349
7.275
9.167
4.443
7.825
4.657
6.36
4.919
8.459
4.437
2.844
2.655
2.737
0.5936
1.237
1.239
1.102
0.943
1.176
1.27
0.9766
0.7439
0.8636
1.219
1.224
0.9918
0.7133
0.6393
0.9781
1.167
1.089
0.6775
0.6348
0.7111
0.7889
1.558
1.352
0.8652
0.9735
1.025
1.109
1.071
0.7668
0.6317
0.6691
5.011
8.936
5.804
5.542
5.341
9.644
6.848
7.507
5.817
6.024
6.091
2.896
4.242
2.533
2.182
3.235
0.1141
1.144
0.2335
0.2579
0.08659
0.07181
0.07315
0.2239
0.2087
0.6729
0.8148
0.2296
1.34
0.1938
0.3529
0.1015
0.08984
0.2075
0.3574
0.354
0.1024
0.06905
0.2472
0.2678
0.9491
0.5112
0.6401
1.009
0.4333
0.6859
0.8072
0.1738
0.8118
0.576
0.3883
0.4028
0.1175
0.0741
0.07906
0.2728
0.3246
0.5699
0.4433
0.4677
0.8499
0.2964
0.6271
0.3853
0.08478
0.1165
0.06905
0.3132
0.4166
0.3609
0.06266
0.1333
0.06971
0.2201
0.3067
0.6241
0.1968
0.5997
0.3803
0.06046
0.1028
0.07706
0.2605
0.2991
0.5005
0.2758
0.1492
0.4883
0.301
0.08917
0.06313
0.06676
0.2403
0.2831
0.4791
0.3704
0.06351
0.1013
0.09384
0.2884
0.4166
0.2518
0.09365
0.07534
0.2396
0.3357
0.06762
0.6241
0.3532
0.1154
0.07629
0.2506
0.3681
0.4044
0.4539
0.3033
0.1987
0.3937
0.8438
0.4768
0.3551
0.4074
0.09918
0.06371
0.1108
0.3334
0.08554
9.537e-05
0.0
0.0
0.0
0.0
0.0
0.0
0.0
0.0
0.0
0.0
0.0
0.0
0.0
0.0
0.0
0.0
9.537e-05
0.04425
0.8102
0.7118
0.2419
0.8942
0.3307
0.05007
0.09508
0.04759
0.1724
