0.0
0.4547
0.5867
1.422
17.43
15.99
17.82
17.72
18.8
19.21
18.6
18.53
18.65
19.21
18.73
19.04
13.82
17.63
18.19
16.06
16.7
17.41
17.97
18.53
17.38
18.16
18.21
17.58
17.33
18.12
15.84
17.07
16.24
16.06
17.58
18.97
18.7
18.12
17.53
17.04
16.94
14.43
17.46
15.62
18.19
17.92
16.99
14.67
16.97
12.79
14.82
15.36
14.99
15.19
15.97
16.53
17.11
15.87
16.94
16.33
14.97
14.79
15.8
16.55
15.82
15.97
16.28
16.72
17.09
16.02
16.5
16.26
13.96
14.67
17.14
16.97
15.8
17.65
16.82
15.84
16.43
16.21
16.92
17.02
17.82
18.14
16.26
17.77
16.33
17.21
16.26
17.04
16.46
15.06
17.63
15.21
15.55
15.14
16.46
16.53
15.77
17.38
14.97
17.46
18.04
18.36
17.14
18.38
18.36
17.29
16.85
16.82
17.6
17.14
14.48
17.92
18.38
17.33
16.75
16.67
17.63
16.89
13.67
14.72
13.45
13.31
15.62
16.06
15.55
17.19
16.53
14.87
16.33
14.28
14.11
13.21
15.8
14.28
14.7
15.36
17.02
13.87
12.96
15.43
13.94
15.72
16.43
16.92
15.55
16.14
16.02
15.55
15.23
16.55
13.94
15.14
15.48
15.31
14.26
13.77
16.48
15.67
14.77
13.09
15.48
14.99
14.09
15.26
16.55
15.94
14.89
15.41
15.94
13.48
15.92
14.01
16.14
14.4
14.92
17.02
17.16
18.02
16.89
15.55
15.84
17.24
16.92
18.09
18.46
17.87
15.58
19.14
17.09
17.55
19.6
19.68
20.02
18.38
19.24
18.73
18.19
18.14
17.87
19.46
18.6
17.97
18.99
19.31
18.16
18.8
17.94
18.58
18.16
19.36
19.26
18.58
19.38
18.55
