0.4234
0.246
0.362
0.1932
0.1951
0.2052
0.5363
0.209
0.2628
0.3315
0.2254
0.3704
0.1333
0.2411
0.1352
9.537e-05
9.537e-05
0.0
0.0008583
0.0
0.0
0.0
0.0
9.537e-05
0.0
0.2983
0.0
0.0
0.0144
0.1516
0.0
0.1047
0.309
0.1446
0.3422
0.1261
1.517
1.651
1.396
1.054
0.943
2.515
4.651
5.89
3.29
0.4585
0.4692
0.246
0.1816
0.2659
0.5005
1.99
2.243
2.295
2.191
6.0
4.205
3.033
0.3891
0.1448
0.1146
0.1284
1.501
2.234
2.219
2.133
2.316
6.567
4.498
2.783
0.1976
0.6004
0.1348
0.3193
0.2125
0.3574
0.2544
0.354
0.3891
0.5096
1.883
1.974
1.749
1.624
2.969
5.89
4.169
0.9598
0.8926
2.109
2.231
2.264
2.533
5.768
4.993
1.794
0.1638
0.1589
0.3906
1.724
2.481
2.667
2.469
5.914
4.761
2.127
0.5028
0.7401
1.007
1.868
2.39
2.542
3.772
6.104
3.012
0.8636
1.239
0.5295
0.5013
0.6203
0.663
0.3078
0.3498
0.4082
0.1499
0.7317
0.3117
0.1324
0.4532
0.1814
1.642
1.938
2.124
1.981
2.878
6.226
4.138
1.381
0.4425
1.959
1.95
2.158
2.432
6.195
4.364
2.383
0.3387
0.2113
0.3422
0.4944
0.6111
0.1219
1.697
1.852
2.112
2.054
2.454
6.323
4.181
1.285
0.3391
2.252
2.084
1.956
1.999
3.827
5.75
3.217
1.289
0.4623
0.4509
0.3643
0.5135
0.4486
0.4128
0.3788
0.124
0.4822
0.0001907
0.3654
0.3353
0.3105
9.537e-05
9.537e-05
9.537e-05
0.0
0.0
0.02365
0.4204
0.4745
0.341
0.2014
0.246
0.3506
0.3296
0.486
0.3887
0.5554
0.5707
0.3284
0.396
0.2579
0.1169
0.3281
0.3788
0.0741
0.2758
9.537e-05
0.0
0.0
0.0
0.02213
0.6561
0.3212
0.2327
0.3719
0.3311
0.2449
0.1581
0.2678
0.2796
0.2632
0.04282
0.4723
0.3189
0.4066
0.2457
0.1915
0.176
0.2148
0.0003815
0.0003815
0.0001907
0.0
0.0
0.009823
0.2285
0.425
0.2144
0.2331
0.4532
0.1213
0.1049
0.2804
0.3769
0.1614
0.1324
0.1791
0.2811
0.3254
0.8041
0.7698
0.5508
0.4539
0.1787
0.2171
0.127
0.149
0.3395
0.06838
0.5821
0.4761
0.1787
0.0
0.1921
0.7423
0.3365
0.2903
0.8392
0.1495
0.1467
0.2205
0.1753
0.4105
0.1301
0.1043
0.3098
0.3029
0.1524
0.3757
0.09975
0.0003815
0.0
0.07315
1.028
0.2625
0.2716
0.3998
0.02403
0.2548
0.3548
0.3704
0.4578
0.853
0.1423
0.1167
0.3983
0.2987
0.3521
0.222
0.1827
0.2674
0.0
0.0
0.0
0.0
9.537e-05
0.01459
0.2918
0.2094
0.1558
0.161
0.4807
0.1499
0.322
0.1291
0.1453
0.2331
0.1263
0.2663
0.3044
0.1606
0.3887
0.2403
0.1762
0.3437
0.03529
0.0003815
0.0
0.0
0.0
0.008583
0.5898
0.3315
0.2304
0.1059
0.0905
0.2495
0.1558
0.4051
0.1335
0.2193
0.3029
0.1848
0.264
0.2087
0.157
0.3006
0.1257
0.1341
0.0
0.0
0.0
0.0
9.537e-05
0.007343
0.3311
0.3551
0.6935
0.2102
0.6996
0.9308
0.1171
0.6851
0.1236
0.1682
0.4303
0.3132
0.1623
0.3777
0.4257
0.09556
0.1411
0.6447
0.1059
0.1129
0.0742
0.2403
0.1799
0.4051
1.715
2.051
2.216
2.167
2.341
2.209
1.959
2.051
2.063
2.145
2.075
1.859
2.06
2.472
2.588
2.78
2.484
4.95
4.553
11.67
13.23
13.04
9.412
8.301
7.983
4.517
3.943
2.127
0.6485
2.167
2.466
2.039
2.008
1.645
1.633
2.136
2.277
2.13
2.087
2.155
1.926
1.727
1.63
1.944
2.017
2.423
2.515
1.981
4.401
5.817
11.71
11.54
11.23
7.227
6.726
10.08
6.11
4.15
2.127
0.9995
1.791
2.029
1.672
1.901
1.749
1.617
1.605
1.691
1.724
1.95
1.932
1.807
1.874
2.054
2.28
1.953
1.968
1.804
1.627
1.865
5.804
7.532
10.28
11.94
10.6
7.971
8.008
6.995
4.419
3.302
1.913
0.5005
1.617
1.675
1.944
1.489
1.877
1.947
1.395
1.526
1.593
1.451
1.758
1.556
1.335
1.167
1.157
1.079
1.518
1.672
1.804
1.99
2.164
1.724
2.206
5.225
6.195
7.751
10.44
10.45
10.36
7.19
9.302
6.299
3.9
3.302
2.179
0.02079
1.221
1.614
1.489
1.801
1.804
1.807
1.825
1.688
1.715
1.73
1.529
1.581
1.865
1.904
1.981
1.855
1.92
1.743
1.868
2.139
1.956
3.876
4.639
7.654
8.411
10.56
13.99
9.998
7.654
8.411
6.86
4.395
2.084
1.794
0.8469
1.584
1.526
1.672
1.743
1.73
1.727
1.788
1.721
1.724
1.645
1.465
1.797
1.743
1.852
2.075
1.987
1.874
1.849
1.907
1.776
4.425
5.707
7.593
12.37
10.61
10.01
8.801
8.765
5.542
3.979
2.759
0.7446
0.9796
1.198
3.174
4.01
1.064
0.2186
0.1417
0.4196
0.3307
1.122
1.328
3.973
3.528
0.972
0.3834
0.6607
0.8194
0.7492
3.098
3.247
1.541
1.172
0.1553
0.1499
0.05856
0.1133
0.4089
0.06418
0.5363
0.6409
0.7629
2.93
2.399
1.154
0.8194
0.4494
1.236
1.309
0.9888
0.9979
1.131
1.091
1.331
1.128
1.126
0.9796
1.028
0.8911
1.03
0.8789
1.019
0.9064
0.9491
0.8453
1.06
1.054
0.9445
0.9247
0.8728
0.9033
1.19
1.076
1.059
0.9796
1.158
0.8713
0.9033
1.041
1.056
1.154
1.385
1.324
1.556
5.414
6.982
8.752
4.279
5.902
9.314
5.408
6.946
5.927
4.352
8.606
4.901
6.494
4.474
1.471
1.097
2.682
2.457
2.356
1.965
1.971
2.118
2.029
2.185
2.057
1.779
1.66
1.424
1.627
1.549
1.7
1.413
1.66
1.849
1.788
1.944
2.142
7.996
10.83
12.16
12.24
10.23
8.289
7.495
6.689
4.059
1.797
2.31
0.8286
0.8118
2.374
0.3723
1.405
0.1019
0.3033
0.1064
0.3006
0.3368
0.3578
0.1404
0.2052
0.3597
0.5386
1.978
1.913
1.862
1.95
2.042
2.112
2.142
2.087
2.142
1.978
2.023
1.868
1.907
1.987
1.846
1.782
1.874
1.788
1.91
1.761
2.011
5.841
10.29
11.51
8.643
10.88
7.593
8.801
6.311
4.425
3.116
1.761
0.4364
0.5806
0.4875
0.3277
0.1038
0.1562
0.3117
0.721
0.37
0.383
0.6683
0.7698
0.4921
0.1862
0.5135
0.5608
0.3292
0.0864
0.1112
0.3658
0.1459
0.6081
0.4478
0.293
0.1085
0.1083
0.09327
0.2506
0.1162
0.4372
0.4288
0.3647
0.1347
0.6592
0.1453
0.3365
0.473
0.7141
0.1274
0.6996
0.2827
0.1287
0.2056
0.2216
0.3124
0.4875
0.3815
0.08965
0.1165
0.2701
0.1167
0.5074
0.2201
0.09375
0.07534
0.2892
0.1268
0.3967
0.4265
0.2365
0.0927
0.08621
0.2609
0.1196
0.0001907
0.0
0.0
0.0
9.537e-05
0.0
0.0
0.0
0.0
0.0
0.0
0.0
0.0
0.0
0.0
0.0
0.0
0.0
0.1785
0.8194
0.2064
0.09146
0.09565
0.1047
0.4173
0.518
0.5981
0.5234
0.5768
