0.0
9.537e-05
0.0
0.0
0.0
0.0
0.0
0.0
0.0
9.537e-05
0.0
0.0
0.0
0.0001907
0.0
0.0
0.0
9.537e-05
0.0
0.0
0.0
0.0
0.0
0.0
0.0
0.0
0.0
0.0
0.0
0.0
0.0
0.0
0.0
0.1926
0.1204
0.2811
0.1482
0.1066
0.2483
0.08726
0.0
0.0
0.0
0.004101
0.153
0.1619
0.01478
0.211
0.04864
0.6905
0.1432
0.0206
0.0371
0.01602
0.02899
0.03138
0.003242
0.3223
0.3284
0.02718
0.005627
0.003719
0.01135
0.198
0.7904
0.338
0.3635
0.2094
0.1518
0.176
0.2178
0.2201
0.1942
0.1717
0.2029
0.2224
0.1749
0.157
0.1825
0.2117
0.1991
0.2148
0.1844
0.1791
0.1448
0.1652
0.1881
0.2388
0.766
0.4242
1.151
0.6317
0.5287
0.1581
0.1556
0.1781
0.1741
0.2167
0.3178
0.5348
1.057
0.8682
0.3586
0.3139
0.2983
0.3147
0.333
0.2869
0.3407
0.3777
0.3254
0.2434
0.2441
0.2842
0.01116
0.108
3.796
3.589
6.152
2.808
3.43
3.601
2.649
0.1701
0.09155
0.6927
0.1568
0.03519
0.04539
0.01106
0.03157
0.02689
0.02337
0.3311
0.1772
0.0473
0.01068
0.0185
0.00658
0.7706
0.2888
0.3437
0.1289
0.2235
0.1537
0.1497
0.211
0.2533
0.2277
0.2243
0.2029
0.182
0.2129
0.1526
0.1444
0.1556
0.1568
0.1581
0.1534
0.1688
0.1858
0.1726
0.1793
0.2079
0.1608
0.1684
0.3426
0.5356
0.441
0.6767
0.9018
0.6432
0.4036
0.1976
0.2434
0.3834
0.8286
0.8469
1.215
0.3773
0.2865
0.3151
0.3258
0.4456
0.5432
0.4181
0.2872
0.3937
0.8881
3.625
4.437
4.23
6.0
3.345
2.673
0.04082
0.08383
0.5852
0.2708
0.0309
0.04015
0.03195
0.03452
0.00391
0.3422
0.2594
0.01354
0.008106
0.008392
0.2632
0.8713
0.5402
0.1722
0.1677
0.1564
0.1976
0.1991
0.185
0.1753
0.1711
0.1644
0.1457
0.1606
0.1799
0.161
0.2106
0.1741
0.1822
0.1968
0.1894
0.222
0.2701
0.7774
0.8118
1.251
0.6813
0.4036
0.5478
0.8453
1.115
0.5722
0.2789
0.3105
0.3372
0.3548
0.322
0.3651
0.383
0.4005
0.3704
0.4219
0.2213
0.2407
0.1041
0.007343
3.644
5.908
4.37
3.845
3.015
3.857
0.7828
0.0845
0.6523
0.2468
0.02356
0.03986
0.02499
0.03996
0.01831
0.19
0.2422
0.09394
0.007057
0.004482
0.01297
0.007248
0.7919
0.3517
0.3292
0.383
0.1894
0.211
0.238
0.2014
0.1802
0.1724
0.1778
0.1682
0.1455
0.1513
0.1337
0.1713
0.1659
0.1558
0.3311
0.1556
0.1781
0.144
0.3426
0.4829
0.7416
1.212
1.102
0.5363
0.9949
1.289
0.7355
0.2975
0.3128
0.3876
0.3571
0.4051
0.7263
0.4204
0.4028
0.5768
0.4883
0.1558
0.0124
0.01059
3.711
4.865
3.302
3.143
2.777
4.041
3.32
0.08402
0.0006676
0.0004768
0.0
0.0001907
0.0
0.0
9.537e-05
0.0
0.0
0.0
0.0
0.0
0.0
0.0
0.0
0.0
9.537e-05
0.0
9.537e-05
0.0
0.0001907
0.0
0.0
0.0
9.537e-05
0.0
0.0
0.0
0.0
0.0
9.537e-05
0.0
0.0
0.0
0.0
0.0
0.0
0.0
0.0
0.0
0.0
0.0006676
9.537e-05
0.0
0.0
0.0
0.0
0.0
0.0
0.0
0.0
0.0
0.0
0.0
0.0
0.0
0.0
0.0
0.0
0.0
9.537e-05
0.0
0.0
0.0
0.0
0.0
0.0
0.0
0.0
0.0
0.0
0.0
9.537e-05
0.0
0.0
0.0
0.0004768
0.0
0.0002861
0.0
9.537e-05
0.0
9.537e-05
0.0
9.537e-05
0.0
0.0
0.0
0.01297
0.01631
0.7027
0.2281
0.2243
0.275
0.1965
0.3513
0.1755
0.1074
0.1753
0.1516
0.1921
0.3185
0.333
0.2838
0.3185
0.3342
0.2796
0.1883
0.1814
0.1673
0.1455
0.1583
0.1677
0.1709
0.1631
0.1757
0.1574
0.193
0.1501
0.2155
0.1791
0.1987
0.1711
0.144
0.1495
0.1612
0.1724
0.1518
0.164
0.1743
0.4478
0.8072
0.2354
0.4662
1.19
0.7462
0.695
1.381
1.065
0.2613
0.256
0.2483
0.08678
0.1198
0.119
0.1179
0.1226
4.614
6.195
6.384
5.963
0.8362
0.03643
0.1444
2.975
0.00267
0.01049
0.4898
0.2808
0.1656
0.2136
0.2201
0.169
0.354
0.1677
0.1234
0.1823
0.1965
0.296
0.272
0.23
0.2369
0.2876
0.2335
0.2232
0.2457
0.2148
0.211
0.1984
0.2171
0.2308
0.1528
0.1619
0.1883
0.2052
0.1682
0.209
0.1633
0.1938
0.1549
0.1577
0.1101
0.173
0.1816
0.1625
0.1642
0.7324
0.4311
0.2163
0.3849
1.132
0.6233
0.6912
0.618
1.083
0.9537
0.6577
0.3052
0.2724
0.2579
0.2056
0.08211
0.09995
0.07811
0.07935
0.1379
1.648
7.458
6.897
6.519
4.108
0.1484
0.03271
0.003433
0.01116
0.5455
0.3632
0.2304
0.2281
0.2502
0.1652
0.3609
0.1593
0.1467
0.1747
0.1577
0.1514
0.2281
0.251
0.2819
0.2602
0.3418
0.3345
0.206
0.2235
0.1724
0.1701
0.1699
0.09689
0.1991
0.1919
0.1913
0.1755
0.2045
0.2342
0.2312
0.1923
0.1789
0.1678
0.1913
0.1633
0.222
0.2151
0.3105
0.9644
0.3422
1.457
1.212
1.642
1.132
0.4295
0.3643
0.3021
0.3098
0.2575
0.09241
0.08993
0.1341
0.1869
0.2502
7.812
7.361
7.593
0.2323
3.113
0.04082
0.003242
0.0
0.002193
0.00267
0.0
0.0
0.0
0.0
0.0
0.0
9.537e-05
0.0
0.0
0.0
0.0
0.0
0.0
0.0
9.537e-05
0.0
0.0
0.009727
0.0906
0.8591
0.2045
0.2861
0.293
0.4318
0.2506
0.2228
0.2453
0.3223
0.386
0.3353
0.3319
0.3014
0.2789
0.2354
0.2243
0.1926
0.2159
0.2129
0.2445
0.2682
0.2659
0.2415
0.211
0.2163
0.2373
0.2403
0.2892
1.021
0.589
1.299
1.66
1.578
0.5501
0.3551
0.3094
0.3269
0.3109
0.3342
0.3777
0.1104
0.1389
0.1644
0.2514
3.003
8.24
7.812
5.591
1.384
0.03939
0.01459
0.528
0.3521
0.235
0.3082
0.2449
0.415
0.2167
0.1961
0.2468
0.3048
0.4143
0.3372
0.346
0.3265
0.2747
0.185
0.1856
0.2449
0.201
0.2102
0.219
0.2319
0.2457
0.2197
0.2491
0.2247
0.2357
0.2235
0.2411
0.6454
0.827
1.115
1.718
1.367
0.9613
0.3101
0.3273
0.3899
0.3822
0.3895
0.5417
0.1726
0.3162
0.3437
0.1551
7.275
6.787
7.495
2.612
1.608
0.08678
0.007439
0.01106
0.4631
0.4601
0.2464
0.3128
0.2651
0.3998
0.209
0.2369
0.2941
0.3853
0.4097
0.3944
0.3147
0.267
0.2247
0.2274
0.1873
0.2075
0.2327
0.2224
0.2304
0.2151
0.2422
0.2571
0.2522
0.2174
0.248
0.6126
0.8286
0.7675
1.666
2.701
1.071
0.6866
0.2914
0.3284
0.3433
0.3441
0.4044
0.4547
0.2613
0.2357
0.2319
0.1371
0.009251
6.14
7.239
7.666
4.645
0.174
0.005245
0.009727
0.4204
0.4707
0.2415
0.3284
0.3906
0.3002
0.2258
0.3143
0.3796
0.3605
0.3395
0.2838
0.2407
0.198
0.198
0.2525
0.2602
0.2819
0.2712
0.2949
0.2926
0.2537
0.2686
0.3056
1.395
1.158
2.057
1.636
0.4066
0.4654
0.499
0.4913
0.4471
0.5638
0.5302
0.2327
0.1961
0.01287
0.0103
2.237
5.682
7.849
