0.0
0.0
4.407
0.004196
0.004005
0.004578
0.003242
0.004005
0.003242
0.00267
0.003719
0.003338
0.004005
0.004387
0.004101
0.004101
0.003338
0.006294
0.004673
0.003719
0.005054
0.008392
0.003433
0.003338
0.003147
0.00391
0.003147
0.004864
0.003624
0.00391
0.00248
0.004292
0.00267
0.005627
0.00515
0.003719
0.004864
0.003242
0.00267
0.003815
0.008488
0.004959
0.006676
0.003719
0.003338
0.005531
0.004196
0.004673
0.004578
0.004673
0.005627
0.004005
0.005913
0.005531
0.005245
0.004959
0.003338
0.005913
0.03338
0.0
0.0
