8.899
9.241
8.643
8.691
10.82
19.6
20.73
20.26
13.23
16.8
20.73
20.83
17.94
8.252
6.653
6.458
6.458
6.458
6.458
6.458
6.458
6.458
6.458
7.629
8.911
8.545
8.423
14.75
20.73
20.73
18.04
9.167
10.28
19.04
20.83
19.14
9.033
8.997
11.95
15.84
16.85
17.53
18.02
18.29
18.63
17.43
15.28
13.09
12.22
8.496
8.838
8.972
9.802
17.99
20.85
20.85
17.6
10.97
15.75
16.77
17.43
17.92
18.14
18.48
18.68
16.53
15.06
12.87
10.84
8.679
8.789
9.717
17.72
20.75
20.65
14.01
8.679
8.752
9.18
16.97
20.83
20.17
11.94
20.21
20.83
20.36
11.58
15.01
16.43
17.11
17.68
18.04
18.43
17.21
15.06
12.48
10.12
9.192
13.31
16.24
17.09
17.65
17.99
18.41
17.6
15.19
12.96
10.99
9.363
9.534
8.752
8.74
9.875
15.43
16.85
17.53
17.99
18.36
18.55
15.62
13.87
10.96
9.021
9.106
9.29
9.595
9.631
9.827
9.412
8.997
9.961
9.302
9.546
9.424
9.412
15.6
20.75
20.21
11.96
13.43
16.43
17.29
17.9
18.26
18.53
17.55
15.23
13.04
11.01
9.644
10.78
15.75
16.82
17.38
17.85
18.19
18.46
18.19
15.75
14.01
12.02
9.583
13.79
16.41
17.24
17.85
18.07
18.41
17.65
15.28
13.16
12.01
9.473
8.984
9.302
9.485
9.668
9.558
8.74
9.473
10.17
17.92
20.83
20.39
12.92
6.738
6.567
6.543
9.155
10.69
18.7
20.85
19.87
10.77
8.74
13.06
20.39
20.85
19.63
10.25
9.18
8.96
9.302
9.106
9.058
7.275
6.604
6.604
6.604
6.604
6.604
6.665
9.314
8.96
9.216
10.11
18.19
20.83
20.41
14.33
9.302
9.143
9.058
9.155
9.827
8.997
9.204
9.045
13.84
20.34
20.85
20.19
12.62
6.738
6.604
6.665
9.009
9.07
9.119
9.021
9.204
9.192
9.204
9.131
9.07
9.058
9.265
9.18
9.241
9.216
9.753
9.363
9.29
8.777
6.604
6.604
6.604
6.604
6.604
6.677
9.68
9.485
9.558
9.961
17.9
20.75
20.7
16.99
8.997
10.79
18.73
20.8
20.8
18.51
9.802
9.68
9.741
7.373
6.641
6.519
6.458
6.458
6.458
6.506
9.082
9.143
9.155
9.802
17.82
20.75
20.61
14.62
9.277
9.18
9.509
8.716
9.021
9.009
9.021
9.424
9.937
18.02
20.73
20.75
16.19
6.885
6.665
6.677
8.74
8.826
8.875
9.07
8.728
8.728
8.899
8.862
8.923
9.375
8.948
9.009
8.838
8.972
15.7
20.73
20.58
14.28
6.885
6.677
6.653
6.653
6.653
6.665
8.691
12.79
20.09
20.73
20.58
14.4
9.363
8.582
8.911
9.216
8.594
8.679
8.63
8.618
9.766
17.92
20.73
20.73
14.11
6.873
6.677
6.653
6.653
6.653
9.29
9.241
9.717
9.192
9.521
9.302
17.85
20.83
19.95
11.91
20.14
20.85
17.16
14.16
20.78
20.78
15.14
16.46
20.75
20.78
16.26
11.74
16.48
17.43
18.09
18.46
18.82
19.09
19.34
19.41
19.58
19.58
19.75
19.78
19.82
19.97
19.97
20.09
20.17
20.17
20.34
20.46
20.56
20.56
20.7
20.36
17.9
20.07
20.7
20.9
20.9
20.9
20.58
17.85
17.6
17.46
10.64
13.7
16.75
17.58
18.14
18.41
18.6
18.9
19.17
19.26
19.41
19.53
19.58
19.6
19.78
19.78
19.95
19.97
19.97
20.14
20.17
20.17
20.17
20.34
20.46
20.56
20.56
20.73
20.75
19.82
18.77
20.56
20.58
20.73
20.73
20.04
19.95
19.95
18.29
17.14
16.65
16.65
10.78
15.97
17.16
17.77
18.33
18.55
18.8
19.07
19.21
19.36
19.53
19.56
19.68
19.75
19.85
19.95
20.0
20.14
20.12
20.21
20.34
20.31
20.51
20.73
20.7
20.7
20.21
17.82
19.87
20.87
20.87
20.83
19.85
19.53
19.31
17.48
16.31
16.16
16.06
15.77
9.07
14.97
16.87
17.5
17.99
18.38
18.48
18.63
18.97
19.12
19.26
19.36
19.51
19.56
19.56
19.65
19.73
19.82
19.92
19.95
19.95
19.95
20.14
20.14
20.21
20.31
20.31
20.31
20.48
20.63
20.7
20.7
20.7
19.97
17.41
19.65
20.07
20.65
20.87
20.48
19.6
19.51
18.82
16.87
16.19
15.87
15.82
15.48
9.937
15.33
16.82
17.38
17.72
18.16
18.41
18.51
18.65
18.87
19.04
19.24
19.36
19.36
19.48
19.58
19.73
19.87
19.92
19.92
20.07
20.12
20.12
20.12
20.31
20.31
20.31
20.48
20.68
20.7
20.7
17.94
18.73
19.75
20.43
20.87
20.8
20.56
19.07
17.8
17.72
14.31
18.21
18.87
11.68
15.11
16.8
13.53
10.94
13.94
16.82
14.04
12.52
18.33
19.41
12.18
12.82
17.26
18.12
18.58
19.02
19.31
19.51
19.7
19.8
19.9
19.97
20.12
20.29
20.29
20.39
20.58
20.65
20.34
18.29
20.73
20.83
20.83
20.61
19.09
18.04
17.02
16.16
9.973
14.45
16.77
17.33
17.72
18.16
18.33
18.46
18.58
18.9
19.12
19.26
19.36
19.46
19.56
19.56
19.56
19.65
19.75
19.75
19.82
19.95
19.95
20.09
20.14
20.14
20.31
20.34
20.31
20.39
20.51
20.51
20.7
20.68
18.16
20.04
20.61
20.87
20.87
20.14
19.95
19.85
17.36
16.09
16.06
16.06
15.7
9.546
15.7
17.04
17.68
18.16
18.46
18.92
19.29
19.58
19.73
19.78
19.92
20.02
20.14
20.31
20.41
20.58
20.7
19.34
18.92
20.85
20.7
20.63
19.95
19.78
16.85
9.497
10.17
10.84
11.9
18.8
20.41
12.77
11.18
11.08
10.08
11.32
14.11
20.53
18.9
10.71
9.937
9.741
9.583
9.692
9.656
9.668
14.55
20.8
17.87
10.53
10.11
10.62
18.53
20.41
12.99
10.11
9.827
9.241
15.45
17.68
18.43
18.77
19.21
19.36
19.53
19.65
19.73
19.92
19.92
19.95
20.12
20.12
20.26
20.31
20.31
20.31
20.48
20.51
20.65
20.7
20.7
20.7
18.68
18.38
20.26
20.87
20.87
20.73
20.63
19.85
17.75
17.19
16.06
16.02
10.74
9.68
9.131
9.631
8.936
9.766
9.314
9.229
9.705
17.6
20.78
20.04
11.4
9.424
9.534
19.02
20.85
18.55
6.982
6.738
8.984
9.192
8.948
9.167
9.277
9.253
14.75
20.85
15.87
16.16
20.8
13.99
17.55
20.78
14.06
9.326
9.473
8.923
9.448
6.653
6.641
6.653
6.653
6.653
6.653
6.653
6.653
6.653
6.653
6.653
6.653
6.653
6.653
6.653
6.653
6.653
6.653
6.653
8.35
9.827
9.448
9.375
9.448
9.473
9.729
9.778
10.08
9.692
9.998
