10.56
18.68
20.7
20.73
17.94
9.692
8.936
9.302
8.533
8.826
8.765
9.07
8.582
8.801
11.8
19.53
20.7
20.7
17.8
8.679
9.412
16.7
20.68
20.7
19.43
12.27
9.021
8.74
8.691
8.557
8.813
8.765
8.765
8.74
8.887
8.887
8.74
8.63
11.32
19.51
20.7
20.68
16.26
9.912
15.16
16.38
16.97
17.48
17.85
18.12
18.36
18.58
17.77
15.65
14.84
12.57
10.03
8.398
8.716
8.496
8.655
8.826
12.01
15.75
16.53
17.04
17.43
17.8
17.92
18.14
18.38
18.53
16.38
14.77
13.38
12.44
9.692
8.411
8.618
8.655
8.801
8.521
10.9
18.75
20.7
20.73
19.34
15.89
15.31
16.43
17.04
17.53
17.82
18.09
18.29
18.41
16.21
14.58
11.95
10.9
8.777
14.65
16.16
16.82
17.26
17.63
17.82
18.04
18.24
18.26
15.53
13.92
11.99
9.79
11.55
15.8
16.7
17.24
17.68
17.94
18.24
18.43
16.97
14.72
13.4
12.05
9.949
8.716
14.38
16.31
16.99
17.55
17.94
18.24
17.63
15.16
13.23
11.29
8.545
10.95
15.62
16.6
17.11
17.55
17.82
17.99
18.21
18.41
16.85
14.75
12.79
11.66
9.302
9.827
9.326
15.87
20.73
20.85
20.65
16.31
11.04
15.41
16.38
16.99
17.36
17.72
17.92
18.09
18.33
18.43
16.85
14.94
12.87
11.11
8.337
9.241
9.253
9.583
9.106
8.875
9.094
13.13
19.82
20.7
20.61
17.6
7.19
6.592
6.97
8.887
9.045
9.021
8.411
8.777
12.48
19.7
20.7
19.92
17.53
10.83
8.911
9.033
9.021
8.948
8.984
8.13
6.445
6.458
6.458
6.458
6.458
6.458
7.385
9.094
12.87
19.9
20.85
20.39
16.77
9.338
9.106
9.534
8.813
9.082
8.911
8.899
8.984
9.473
9.18
15.53
20.63
20.7
19.19
9.57
6.812
6.458
7.91
8.862
8.862
8.948
8.789
8.948
9.436
8.984
8.887
8.984
8.997
9.045
9.045
8.984
10.06
9.534
9.192
9.546
6.445
6.458
6.458
6.458
6.458
6.458
8.118
9.07
14.01
20.31
20.7
20.29
15.41
9.546
8.936
12.07
19.75
20.73
19.56
13.77
14.4
20.48
20.7
19.97
12.87
6.775
6.458
6.458
6.458
6.458
7.874
8.936
9.033
8.972
9.424
11.35
19.02
20.7
20.36
14.5
9.314
11.13
18.38
20.7
20.68
19.02
10.64
8.801
6.445
6.458
6.458
6.458
6.458
6.458
6.458
8.154
9.973
18.51
20.75
19.87
12.62
8.936
8.643
9.058
13.77
20.51
20.78
15.23
9.009
14.79
20.61
20.8
18.51
7.385
6.702
6.458
6.458
6.458
6.458
7.214
8.496
8.398
8.728
14.99
20.7
20.73
18.58
9.558
8.777
8.374
8.557
8.447
8.777
15.28
20.65
20.73
19.21
8.313
6.995
6.494
6.458
6.458
6.458
8.521
9.265
9.509
9.534
8.643
8.459
8.643
13.01
16.5
17.41
17.8
18.24
18.38
18.8
19.04
19.19
19.26
19.38
19.48
19.58
19.58
19.7
19.78
19.8
19.8
19.8
19.97
19.97
20.0
20.19
20.17
20.17
20.31
20.36
20.48
20.56
20.56
18.82
20.21
20.36
20.73
20.73
20.73
20.29
20.12
19.14
16.94
16.87
16.87
15.21
11.51
16.16
17.11
17.63
18.12
18.33
18.6
18.92
19.19
19.31
19.41
19.56
19.65
19.8
19.78
19.95
20.04
20.17
20.17
20.24
20.36
20.46
20.56
20.56
19.19
19.36
20.26
20.63
20.73
20.73
20.51
20.19
19.65
17.63
17.33
17.16
16.77
9.741
15.72
17.16
17.9
18.31
18.65
18.99
19.24
19.34
19.38
19.53
19.58
19.73
19.73
19.85
19.95
20.09
20.09
20.12
20.29
20.41
20.48
20.61
20.68
20.68
18.82
20.19
20.63
20.78
20.85
20.9
20.9
20.65
18.53
17.46
17.46
17.07
10.9
15.14
16.92
17.63
18.14
18.41
18.77
19.07
19.21
19.41
19.46
19.6
19.68
19.78
19.78
19.97
20.09
20.17
20.17
20.17
20.26
20.36
20.43
20.56
20.56
19.07
19.53
20.46
20.39
20.73
20.7
20.51
20.12
20.14
19.34
18.43
18.43
18.26
18.24
15.48
9.546
15.62
17.04
17.6
17.97
18.24
18.46
18.85
19.02
19.17
19.36
19.48
19.6
19.65
19.78
19.87
19.97
19.97
20.0
20.17
20.19
20.36
20.56
20.56
19.9
18.55
20.14
20.36
20.92
20.78
20.31
20.26
18.33
17.36
16.75
16.7
13.21
12.19
15.58
16.63
17.21
14.7
13.43
13.5
10.85
13.65
16.63
17.41
17.97
18.31
18.58
18.9
19.17
19.29
19.41
19.51
19.6
19.75
19.78
19.85
19.97
20.09
20.17
20.19
20.39
20.56
20.56
20.51
18.53
20.73
20.73
20.7
20.7
20.7
20.58
17.77
16.58
16.36
16.31
14.67
10.88
15.36
16.53
17.21
14.45
13.06
13.16
11.08
11.72
16.26
17.24
17.87
18.31
18.6
18.95
19.19
19.41
19.43
19.58
19.68
19.78
19.97
19.97
20.12
20.17
20.17
20.17
20.34
20.51
20.68
20.75
19.46
19.73
20.53
20.68
20.7
20.7
20.7
20.56
17.99
17.46
17.36
17.09
12.96
12.07
16.43
17.48
18.12
18.41
18.75
19.02
19.21
19.38
19.51
19.63
19.6
19.78
19.8
19.97
19.97
20.17
20.17
20.17
20.34
20.56
20.56
20.56
20.61
18.77
20.02
20.7
20.7
20.46
19.75
19.26
16.75
16.48
16.31
14.77
12.5
13.26
10.14
11.71
11.21
13.23
12.23
17.65
20.02
20.26
18.65
10.68
14.26
11.78
9.607
11.95
11.3
12.57
16.55
19.97
20.24
17.6
9.937
11.56
9.497
12.1
9.241
12.26
9.29
12.26
9.802
11.71
16.28
17.16
17.68
18.14
18.38
18.55
18.99
19.21
19.41
19.56
19.6
19.7
19.78
19.9
19.97
20.17
20.17
20.17
20.26
20.36
20.56
20.58
20.75
20.48
18.12
20.58
20.56
20.73
20.65
20.39
19.75
18.8
16.94
16.36
16.31
12.77
9.351
8.667
10.07
9.619
9.412
12.94
20.34
20.73
18.82
9.814
9.839
12.72
20.07
20.7
20.14
12.12
9.814
9.741
9.143
9.888
9.79
15.67
17.04
17.65
18.16
18.43
18.58
18.97
19.19
19.29
19.41
19.48
19.6
19.68
19.8
19.82
20.0
20.0
20.04
20.19
20.19
20.36
20.39
20.53
20.56
20.56
19.29
19.46
20.21
20.58
20.7
20.63
20.17
19.87
17.5
17.26
17.26
15.8
6.47
6.458
6.458
6.458
6.458
6.458
6.458
6.458
6.458
6.458
6.458
6.458
6.458
6.458
6.458
6.458
6.458
6.458
6.458
6.592
10.01
9.534
14.28
20.26
20.7
19.41
12.3
10.55
9.29
14.01
