11.07
11.15
11.4
11.55
11.55
11.43
11.43
11.63
11.27
10.88
10.61
10.42
10.23
10.56
10.75
10.74
10.75
10.78
10.83
10.57
10.71
10.88
11.02
10.95
10.79
10.94
11.08
11.04
11.15
11.35
11.34
11.23
11.17
11.06
10.96
10.94
11.07
11.19
11.12
11.94
11.44
11.41
11.34
11.4
11.39
11.35
11.51
11.51
11.61
11.78
11.98
11.54
11.5
11.44
11.6
11.65
11.51
11.8
11.72
11.43
11.61
11.73
11.22
11.33
11.56
11.23
10.77
10.75
10.79
10.84
10.9
10.95
11.1
11.16
11.73
11.9
11.72
11.72
11.79
12.52
11.85
11.72
11.72
11.73
11.73
11.6
11.74
11.72
11.83
12.33
11.72
11.8
11.67
11.65
11.79
11.93
12.11
12.12
12.28
12.49
12.48
12.41
12.39
12.49
12.48
12.37
12.15
12.33
12.15
11.79
11.66
11.68
11.33
11.21
11.15
11.25
11.36
11.54
11.55
11.68
11.19
11.28
11.33
11.46
11.47
11.46
11.57
11.38
11.4
11.01
11.25
11.1
10.56
9.9
10.01
10.11
10.05
10.06
10.02
10.25
10.42
10.07
9.973
9.973
10.03
10.05
10.12
10.39
10.56
10.58
10.58
10.46
10.45
10.41
10.75
10.46
10.4
10.77
10.95
10.77
10.71
10.74
10.64
11.99
11.22
10.77
10.93
10.94
10.64
10.8
10.68
10.69
10.94
10.95
11.0
10.85
10.56
10.64
10.45
10.6
10.55
11.56
10.5
10.68
10.66
10.74
10.6
10.74
10.94
10.96
11.41
11.82
10.61
10.52
10.68
10.74
10.78
10.89
10.82
11.17
11.27
11.19
11.23
11.36
11.13
11.22
11.17
11.23
11.34
11.5
11.52
11.52
11.54
11.36
11.33
11.49
11.62
11.73
11.72
11.43
11.56
11.27
11.33
11.33
11.36
11.35
11.36
10.99
10.99
10.84
10.75
10.95
11.13
11.16
10.85
10.8
10.94
11.17
11.34
11.43
10.88
10.73
10.58
10.49
9.985
10.11
10.33
10.35
10.41
10.69
10.57
10.49
10.6
10.57
10.56
10.73
10.82
11.1
10.96
10.95
11.13
11.21
11.56
11.39
10.9
10.91
10.95
11.12
11.17
11.43
11.56
11.72
11.76
11.15
11.0
10.99
11.12
11.39
11.65
11.38
11.33
11.57
11.1
11.1
11.43
11.62
11.46
11.43
11.72
11.62
11.29
11.19
11.05
10.75
10.86
10.75
11.78
10.9
10.64
10.86
11.1
11.13
11.13
11.24
10.95
11.11
11.52
14.53
14.82
14.77
14.92
15.36
14.21
14.09
14.16
14.09
14.28
14.48
14.48
14.48
14.33
14.48
14.48
14.48
14.48
14.26
13.92
14.09
14.09
13.65
13.62
13.77
13.5
13.55
13.57
13.5
12.94
13.13
12.94
13.35
13.16
13.26
13.35
13.33
13.16
13.33
12.84
13.09
12.67
12.65
12.65
12.82
12.11
11.66
11.57
11.47
11.67
12.26
12.46
12.79
12.89
12.44
12.29
12.38
12.41
12.35
12.43
12.28
12.49
12.08
12.17
12.12
12.0
11.56
11.51
11.51
11.46
11.49
11.66
11.74
11.85
11.96
11.66
11.68
11.69
12.16
12.07
12.07
12.13
12.24
12.12
11.85
11.85
12.0
11.93
11.99
12.13
12.23
12.49
12.7
12.62
12.41
12.33
12.28
12.55
12.24
12.57
12.62
12.62
12.55
12.4
12.32
12.52
12.7
12.74
12.92
13.18
12.65
11.67
11.74
11.89
12.1
12.39
12.05
11.79
11.9
11.68
11.55
11.71
11.28
11.17
10.72
10.85
11.08
11.34
11.3
11.3
11.6
11.66
11.29
11.27
11.18
12.23
12.01
11.45
11.67
11.08
11.29
11.22
11.38
11.29
11.43
11.39
11.29
11.32
11.29
11.47
11.65
11.74
11.85
11.91
11.84
11.67
11.66
11.68
11.69
11.85
11.71
11.87
11.99
12.12
12.27
12.23
11.87
11.98
11.89
12.21
12.43
12.15
11.51
11.44
11.38
11.69
11.76
11.52
11.11
11.08
11.24
11.17
11.11
11.0
11.08
11.1
11.61
11.87
11.41
11.28
11.73
11.96
11.29
10.95
11.0
10.55
10.34
10.79
10.97
11.07
10.89
11.15
10.75
11.34
10.75
10.8
11.08
11.21
11.41
11.27
11.39
11.55
11.56
11.46
11.07
11.07
11.15
11.55
11.6
11.67
11.82
11.68
11.99
12.05
11.54
11.36
11.4
12.01
11.47
11.63
11.58
11.47
11.71
11.87
11.91
11.76
11.29
11.4
11.41
11.46
11.52
11.66
11.28
11.41
11.4
10.89
10.9
11.13
11.15
10.73
10.69
10.88
10.91
10.91
11.01
11.08
11.54
11.4
11.08
11.28
13.87
14.31
14.36
14.38
14.43
14.31
13.65
13.6
13.62
13.6
13.77
13.89
13.79
13.89
14.04
14.04
14.04
14.18
14.33
14.75
14.62
14.77
15.06
14.48
14.18
13.99
13.99
13.99
14.01
14.21
14.31
14.04
14.14
14.5
14.67
13.99
13.79
13.79
13.75
13.48
13.43
13.16
14.75
13.92
13.21
13.11
12.87
12.65
12.62
12.45
12.62
12.72
12.89
12.72
12.65
12.65
12.77
12.82
12.6
12.05
12.0
11.46
11.45
11.02
11.11
10.96
10.89
11.13
10.91
10.85
10.69
11.39
10.89
11.22
10.86
10.5
10.61
11.39
11.17
11.08
10.84
11.12
11.08
11.05
10.85
10.88
10.89
11.08
11.16
11.18
11.27
11.3
11.58
11.15
10.86
10.8
11.56
11.23
11.32
11.51
11.38
11.27
11.39
11.43
11.12
11.22
11.34
11.39
11.27
11.38
11.12
11.07
11.06
10.9
11.18
11.28
11.17
11.51
10.89
10.91
11.08
11.19
11.3
11.46
11.65
11.65
11.18
11.28
11.33
11.52
11.67
11.73
11.67
11.51
11.17
11.1
11.27
11.35
11.46
11.49
11.46
11.47
12.11
12.02
11.78
11.79
11.85
12.15
11.96
11.85
11.54
11.47
11.72
11.85
11.96
12.05
12.04
