0.4868
0.2106
0.1822
0.4028
0.2327
0.1169
0.08068
0.2716
0.206
0.383
0.1513
0.1322
0.3403
0.141
9.537e-05
9.537e-05
0.0
0.0
0.0
0.0
0.0
0.0
0.0
0.0001907
0.003529
0.2087
0.0
0.0
0.00267
0.1265
0.0
0.002193
0.2167
0.3342
1.006
1.059
1.077
0.9781
5.78
1.651
2.841
3.049
1.094
0.08879
0.5104
0.6142
1.085
1.068
1.015
6.946
4.645
1.489
0.349
0.1915
0.3002
0.1806
0.4745
0.2083
0.3906
0.3281
0.189
0.3799
0.0452
0.00248
0.1984
0.9659
1.001
0.9186
0.8453
6.091
4.193
1.43
0.1886
0.1484
0.1842
0.4158
0.3067
0.1511
0.3582
0.2499
0.9109
0.9766
0.7843
0.7668
5.75
3.894
3.024
0.3197
0.6844
0.8209
0.7561
0.8652
1.093
6.665
3.833
0.1383
0.3174
1.355
3.479
3.583
2.902
4.626
2.444
0.7805
0.2541
0.1707
0.3826
0.1642
1.788
1.971
2.405
2.267
5.06
1.978
1.685
0.4021
0.3265
0.3155
0.3304
0.9995
2.173
1.956
2.161
2.017
4.706
2.582
0.9369
0.001431
0.02956
1.773
1.855
2.014
2.002
2.246
4.498
2.002
1.517
0.8926
0.47
2.081
2.432
2.267
2.316
4.132
2.441
1.877
0.322
0.285
1.752
2.313
2.557
1.889
2.209
4.761
2.646
1.132
0.3178
0.07505
1.314
2.032
2.261
2.127
2.246
4.449
2.725
0.6264
0.2991
0.1801
0.3284
0.1444
0.3853
9.537e-05
0.04425
0.2193
0.0
0.0
9.537e-05
0.0
0.0
0.0
0.0
0.0
0.0001907
0.0005722
0.0
0.0
0.0
9.537e-05
0.0
0.0
0.0
0.0
0.0
0.0
0.0
0.0
0.0
0.0
0.0
0.0
0.0
0.0
0.0
0.0
0.0
0.0
0.0
0.0
0.0
9.537e-05
0.0
0.0
9.537e-05
0.0
0.0
0.0
0.0
0.0
0.0
0.0
0.0
9.537e-05
0.0
0.0
0.0
0.0
0.0
0.0004768
0.0
0.0
0.0
0.0
0.0
0.0
0.0
9.537e-05
0.0
0.0
0.0
0.0
0.0
0.0
0.0
0.0
0.0
0.0
0.0
0.0
0.0
9.537e-05
0.0
0.0
0.0
0.0
0.0
0.0
0.0
0.0
0.0
0.0
0.0
0.0
0.0
0.0
0.0
0.0
0.0
0.0
0.0
0.0
0.0
0.0
0.0
0.0
0.0
0.0
0.0
0.0
0.0
0.0
0.0
0.0
0.0
9.537e-05
0.0
0.0
0.0
0.0
0.0
0.0
0.0
0.0
0.0
9.537e-05
0.0
0.0
0.0
0.0
0.0
0.0
0.0
0.0
0.0
0.0
0.0
0.0
0.0003815
9.537e-05
0.0
0.0003815
0.0
0.0
0.0
0.0
0.0
9.537e-05
0.0
0.0
0.0
0.0
9.537e-05
0.0
0.0
0.0
0.0
0.0003815
0.0
0.0
0.0
0.0
0.0
0.0
0.0
0.0
0.0
0.0001907
0.0
0.0
0.0
9.537e-05
0.0
0.0
0.0
0.0
0.0
0.0
9.537e-05
0.0
0.0
0.0
0.0
0.0
0.0
0.0
0.0
0.0
0.0
9.537e-05
0.0
0.0
0.0
0.0
0.006294
0.4028
1.057
1.186
1.932
2.222
2.118
2.087
2.234
1.801
1.424
1.353
1.338
1.234
1.097
1.41
1.408
1.385
1.535
1.712
1.709
1.871
1.779
1.91
5.249
8.496
6.049
7.104
5.627
6.97
5.316
3.394
4.181
2.13
1.357
0.002384
1.109
1.95
1.715
1.691
1.642
1.66
1.718
1.703
1.767
1.816
2.213
2.231
2.203
1.965
1.715
1.703
1.608
2.188
2.472
2.109
1.92
5.969
5.804
6.873
8.984
6.14
7.227
4.181
3.674
3.375
1.205
1.053
0.0006676
0.9933
1.801
1.941
1.941
2.362
2.377
2.222
2.176
2.066
1.843
2.005
1.941
2.124
1.947
2.048
2.145
1.968
2.209
2.02
1.569
3.784
6.323
4.395
4.993
6.238
6.384
6.323
5.585
4.199
3.479
2.951
1.895
1.477
0.3662
0.9674
1.064
0.9979
1.608
1.627
1.581
1.593
1.813
1.843
1.666
1.752
1.666
1.886
1.822
2.103
2.155
1.965
1.546
1.506
1.561
1.41
1.463
3.491
6.372
5.554
5.469
8.63
6.897
5.963
4.114
4.712
2.988
1.224
0.001621
0.1654
1.691
1.752
1.959
1.944
2.02
1.917
1.663
1.45
1.369
1.297
1.535
1.624
1.482
1.428
1.505
1.454
1.485
1.379
1.349
1.427
1.328
1.584
5.353
7.959
4.974
8.289
7.385
7.483
5.756
5.2
4.346
2.899
1.81
0.7919
0.943
1.346
2.02
1.779
1.724
1.448
1.381
1.259
1.144
1.242
1.271
1.332
1.236
1.472
1.419
1.445
1.483
1.364
1.341
1.343
1.442
1.274
1.471
1.593
1.508
1.605
1.245
2.606
4.608
5.17
3.015
3.967
7.69
5.225
6.47
5.78
4.694
4.089
3.375
1.941
0.8148
0.05569
0.6866
0.8041
0.885
0.8667
1.62
4.016
2.795
1.364
0.4395
0.4807
0.7065
1.039
2.112
2.365
0.8026
0.1339
0.8118
1.08
1.526
3.436
1.056
0.3143
0.9521
1.346
2.31
2.6
0.8865
0.09613
0.0
0.2789
1.5
1.782
1.929
2.075
2.179
1.959
1.706
1.828
2.008
1.675
1.688
1.956
1.859
1.782
1.694
1.859
2.356
2.194
2.179
3.857
8.618
7.263
8.276
8.081
7.812
4.767
5.414
2.786
1.553
0.9064
1.7
1.813
1.819
1.715
1.837
1.907
2.139
1.883
1.865
2.1
2.151
2.048
2.295
2.237
2.286
2.365
1.92
1.694
1.439
4.419
5.713
4.529
4.547
4.98
8.911
6.946
6.775
4.724
4.553
3.467
1.256
0.6332
0.4822
1.254
1.294
1.46
1.454
1.468
1.648
1.627
1.466
1.474
1.401
1.541
1.773
1.712
1.816
1.645
1.712
1.428
1.527
1.44
1.495
1.369
1.262
1.987
1.843
2.698
7.117
4.535
4.584
7.654
8.081
5.109
5.334
3.693
4.425
2.298
2.069
0.7256
1.117
0.1562
1.436
0.23
1.198
0.1514
0.2468
0.1501
0.1883
0.2842
0.7256
0.9247
1.813
1.785
1.712
1.685
1.518
1.445
1.376
1.366
1.476
1.534
1.672
1.855
1.767
1.767
1.63
1.498
1.614
2.032
1.666
1.483
1.733
2.313
2.274
5.902
8.728
7.288
6.812
7.141
8.215
4.23
4.797
2.841
1.459
0.2537
0.165
0.2857
0.09136
0.5577
0.4166
0.3834
0.3788
0.354
0.5051
0.2377
0.1564
0.1772
0.2525
0.317
0.2811
0.3136
0.3113
0.2876
0.3273
0.2773
0.3708
0.2987
0.246
0.1961
0.4005
0.3418
0.1436
0.2941
0.1183
0.3765
0.2823
0.1837
0.3399
0.02346
9.537e-05
0.2438
0.3788
0.2682
0.165
0.3448
0.4463
0.322
0.3403
0.2785
0.267
0.4517
0.3883
0.3479
0.3658
0.04835
9.537e-05
0.0493
0.2972
0.0
9.537e-05
9.537e-05
0.0
0.0
0.0
0.0
0.0
0.0
0.0
0.0
9.537e-05
0.0
0.0
0.0
0.0
0.0
0.0
0.0
0.0
0.0
0.0
9.537e-05
0.0
0.0001907
0.1257
0.2434
0.1062
0.09756
0.3029
