0.4471
0.7439
0.4204
0.4555
0.8102
0.7065
0.9354
0.6508
0.7576
0.8102
0.5569
0.946
0.4707
0.621
0.6973
0.5669
0.7492
0.2808
0.2239
0.4128
0.5547
0.9415
0.9521
0.7332
0.8438
0.7515
0.4417
0.5173
0.6065
0.547
0.9735
0.8499
0.6363
0.6599
0.7095
0.528
0.7645
0.6233
1.074
0.8423
1.053
0.8713
1.114
0.9384
1.07
0.9811
0.8469
1.059
0.4387
0.4654
0.6195
0.7217
0.9918
1.035
0.9872
0.4677
0.7713
0.7797
0.8713
0.5592
0.7675
1.041
0.4059
0.2689
1.27
0.6538
1.111
0.3819
0.9781
1.173
0.6882
0.7523
0.679
0.9369
0.3399
0.6264
0.8469
0.6287
0.2441
2.93
