0.0
0.0
0.0
0.0
0.0
0.0
0.0
0.0
0.0
0.0
0.0
0.0
0.0
0.0
0.0
0.0
0.0
0.0
0.0
0.0
0.0
0.0
0.0
9.537e-05
0.0
0.0
0.0
0.0
0.0
0.0
0.0
0.0
0.01068
0.03757
0.5264
0.634
0.7202
0.6897
0.6729
0.666
0.7088
0.6889
4.919
2.716
3.241
1.962
0.8301
0.3151
0.2098
0.1516
0.1352
0.2193
0.2071
0.1415
0.05512
0.5753
0.6874
0.6767
0.6973
0.6592
0.7706
0.7393
5.145
1.898
2.954
2.704
0.5409
0.4066
0.4845
0.5074
0.7431
0.602
0.7629
0.6332
0.7584
4.968
1.804
2.823
1.544
0.8881
0.2354
0.5852
0.4608
0.5806
0.5173
0.5302
0.4738
0.5089
0.4662
3.625
2.637
2.032
2.6
1.329
0.885
0.1566
0.2094
0.1976
0.1713
0.1585
0.1532
0.33
0.08011
0.104
0.1717
0.3014
0.2552
0.1743
0.4097
0.139
0.7103
0.9521
1.131
1.071
1.52
5.621
3.827
1.091
0.3162
0.5196
0.2571
0.1696
0.3265
0.3952
0.05836
0.6592
0.1474
0.1295
0.4761
0.753
0.206
0.634
0.4562
0.531
0.06008
0.7217
0.8606
0.7858
0.6454
0.6721
3.137
4.803
4.486
1.95
0.4997
0.5241
0.3563
0.3891
0.4021
0.3021
0.3746
0.6912
0.8057
0.7736
0.9628
0.8698
5.438
3.796
3.241
0.6042
0.4669
1.015
0.9964
0.8286
0.8301
5.725
3.271
2.71
0.8728
0.4456
0.1175
0.112
0.3922
0.3864
0.4387
0.4028
0.2903
0.1081
0.08659
0.2701
0.1318
0.243
0.0001907
0.0001907
0.0
0.0
0.0
0.004673
0.2026
0.2201
0.1768
0.1995
0.3605
0.2724
0.2773
0.09451
0.06027
0.1837
0.2666
0.2644
0.3822
0.06866
0.09861
0.1638
0.2323
0.2979
9.537e-05
0.001431
0.0002861
0.0008583
0.002003
0.02594
0.3239
0.3838
0.08001
0.1272
0.1209
0.3323
0.1947
0.6302
0.2605
0.4852
0.06571
0.107
0.07505
0.2556
0.194
0.3769
0.2178
0.09785
0.1072
0.3426
0.116
0.0002861
9.537e-05
0.003433
0.2693
0.1768
0.1671
0.1612
0.4425
0.1036
0.0721
0.1722
0.2403
0.2277
0.1837
0.1654
0.2209
0.3998
0.189
0.116
0.08373
0.2277
0.186
0.0001907
0.0
9.537e-05
0.0
0.0008583
0.2186
0.1583
0.1719
0.1381
0.2098
0.7919
0.1953
0.1125
0.08545
0.2632
0.1268
0.1404
0.338
0.2106
0.1003
0.06809
0.2052
0.2285
0.0002861
9.537e-05
0.0
0.0
0.0
0.0
0.02861
0.00267
0.3033
0.2346
0.5287
0.1364
0.4883
0.201
0.09918
0.06351
0.1999
0.2308
0.153
0.486
0.1616
0.1377
0.1839
0.1369
0.0
0.0001907
0.0
0.0
0.0
0.0
0.1328
0.2113
0.1381
0.1785
0.1503
0.3052
0.4395
0.1471
0.1295
0.1101
0.001526
0.1551
0.2121
0.1089
0.139
0.238
0.4532
0.1225
0.0
0.0
0.0
0.0
0.0
0.0
0.1949
0.1881
0.2205
0.1392
0.1165
0.00248
0.09604
0.3864
0.1434
0.2968
0.1217
0.1108
0.3944
0.1629
0.3498
0.4089
0.1316
0.2201
0.2094
9.537e-05
0.0
0.0
0.0
9.537e-05
0.5608
0.6851
0.3807
0.174
0.4143
0.2129
0.3143
0.1093
0.367
0.1734
0.1068
0.7759
0.9689
0.9155
0.9811
0.9552
0.8469
0.8987
0.8286
1.025
0.8575
0.7492
0.7378
0.9079
0.8148
0.8591
0.8972
0.9079
0.9277
1.094
1.015
0.8972
1.645
5.847
9.436
9.167
10.72
7.776
11.4
7.251
6.824
4.688
4.34
2.182
0.3139
0.5692
0.7324
0.7095
0.7057
0.7904
0.8224
0.769
0.7919
0.8896
0.9949
0.9583
0.8926
0.9338
1.048
0.9598
0.975
0.9674
0.9262
0.9903
0.8835
0.827
0.8865
5.463
9.094
8.496
9.46
9.338
10.24
6.836
9.814
6.384
3.894
2.298
1.489
0.4272
0.9109
1.14
1.018
0.9827
1.024
0.8102
0.7706
0.7652
0.8591
0.6844
0.7294
0.9323
0.9293
0.9415
0.9506
0.7668
0.7645
0.8774
1.085
0.9674
0.9094
3.424
4.95
8.569
5.786
10.94
6.897
10.46
6.641
8.765
6.458
4.468
3.65
1.883
0.4906
0.798
0.7828
0.7812
0.8118
0.795
0.7919
0.9064
0.8163
0.7683
0.9125
0.9827
1.047
0.8728
0.8652
0.7423
0.6622
0.7034
0.7187
0.7347
0.8942
0.914
2.792
6.714
8.301
8.752
7.422
8.081
6.946
7.727
5.28
7.739
5.695
3.497
2.994
1.779
0.4898
1.007
0.9598
0.8453
0.7751
0.8286
0.9369
0.9445
0.9308
0.8255
0.7256
0.6615
0.6683
0.6866
0.6485
0.6493
0.7301
0.7111
0.6973
0.5714
0.6912
0.6195
0.6531
0.5951
0.4478
0.5043
0.5219
4.779
6.445
5.719
4.48
5.06
5.261
9.546
6.47
6.396
3.912
6.158
4.822
6.018
4.181
3.137
3.766
1.59
0.7874
0.2922
0.4517
0.4776
0.4547
0.5196
3.098
2.817
3.546
1.88
1.436
0.2167
0.3754
0.5608
2.536
2.597
1.215
0.8484
0.259
0.144
0.08421
0.3593
0.05178
0.3345
0.5478
0.4707
1.404
3.973
1.654
1.102
0.1181
0.4036
0.5608
0.6798
3.741
2.164
0.9323
0.2468
0.1297
0.08345
0.2777
0.1652
0.2983
0.4524
0.7004
2.853
3.522
1.126
0.1104
0.4547
0.5371
0.4272
1.974
3.143
1.491
1.137
0.169
0.08869
0.09298
0.4181
0.07381
0.7408
0.8209
0.7019
0.7568
0.6325
0.8133
0.8331
0.8606
0.7828
0.8102
0.7492
0.8041
0.9048
0.8499
0.8789
0.9552
0.9949
0.946
0.9369
1.035
0.9949
0.8209
0.7446
0.7233
0.8194
0.9048
4.346
2.991
3.802
6.958
5.133
9.167
8.35
8.508
7.849
6.396
6.946
4.095
3.735
1.965
0.441
1.184
1.123
0.9933
1.047
1.164
1.242
1.16
1.097
1.161
1.068
1.035
1.141
1.172
1.181
1.022
0.9583
0.9048
2.82
11.29
10.47
11.24
11.06
7.739
7.544
6.067
5.219
3.723
1.852
1.009
0.515
2.084
0.4623
1.372
0.3952
0.1707
0.1217
0.2975
1.216
0.2613
0.972
1.147
0.267
2.13
0.1852
0.9415
0.5394
0.7889
0.2674
0.1217
0.1247
0.4539
0.1005
0.2285
0.1059
0.07849
0.1593
0.2213
0.1537
1.163
0.08659
1.271
0.589
0.1186
0.6996
0.7492
0.2979
0.1417
0.4143
0.2769
0.1591
0.3136
0.7637
0.4021
0.7751
0.2041
0.1459
0.2659
0.0002861
0.6195
0.3395
0.1364
0.2735
0.288
0.2373
0.1289
0.2628
0.1371
0.605
0.9186
0.2663
0.1457
0.2483
0.2457
0.2296
0.1514
0.3544
0.3166
0.7278
0.293
0.1463
0.2846
0.104
0.3887
0.6104
0.2876
0.1171
0.259
0.1278
0.3536
0.4875
0.2457
0.1259
0.09155
0.3052
0.3254
0.3269
0.4051
0.2495
0.1326
0.2098
0.2037
0.2308
0.3899
0.1554
0.1133
0.288
0.07648
0.7263
0.9354
0.9308
0.9628
0.8575
0.8286
1.021
0.8423
0.8408
0.8911
0.8041
0.975
0.9888
0.9003
0.7889
0.8194
0.7607
0.7591
0.9033
0.9384
0.9171
0.8652
3.796
8.069
3.882
7.812
7.91
8.533
8.13
7.227
7.812
4.608
5.243
3.168
3.857
1.279
1.512
0.0005722
0.0003815
0.0
0.0
0.0
0.0
0.0
0.0
0.0
0.02031
0.8072
0.853
0.325
0.3685
0.8041
0.827
0.4509
0.2056
0.4402
0.9125
