6.024
6.024
6.024
6.024
6.024
6.024
6.024
6.024
6.024
6.024
6.024
6.024
6.024
6.024
6.024
6.024
6.024
6.024
6.024
6.024
6.024
6.024
6.024
6.024
6.024
6.024
6.024
6.024
6.024
6.024
6.024
6.024
6.024
7.019
12.82
15.97
16.8
17.33
17.65
18.12
17.14
14.87
13.38
11.71
10.08
9.631
15.09
16.28
16.87
17.43
17.85
18.09
15.36
13.06
11.68
8.521
9.521
15.01
16.14
16.65
17.14
17.48
17.82
18.09
16.72
14.28
11.77
9.729
8.533
8.435
8.582
9.216
17.53
20.83
20.21
13.33
8.667
8.386
8.582
8.606
8.801
8.887
14.58
16.04
16.77
17.29
17.65
18.04
16.02
14.11
11.77
9.619
8.447
8.667
8.337
8.557
8.826
8.496
8.936
13.33
16.55
17.38
17.94
15.89
13.04
10.05
8.752
8.704
12.89
15.94
16.82
17.5
17.85
18.02
15.04
12.62
9.57
9.204
9.143
16.5
20.65
12.7
9.18
9.375
10.08
9.131
15.48
20.43
20.24
12.17
19.56
19.58
8.972
14.6
16.5
17.31
17.85
17.85
15.19
13.48
10.83
9.143
9.802
14.28
20.75
13.55
11.04
20.19
18.04
9.79
9.436
8.679
9.485
9.412
9.131
10.51
16.28
17.36
17.99
17.94
15.16
13.31
11.63
9.497
9.094
8.997
9.033
9.216
13.33
20.36
20.83
16.92
6.543
6.146
6.024
6.024
6.024
6.024
6.024
6.024
6.024
6.024
6.024
6.024
6.024
6.024
6.024
6.024
6.024
6.024
6.024
6.024
6.024
6.024
6.024
6.024
6.024
6.024
6.024
6.024
6.024
6.024
6.024
6.024
6.024
6.024
6.024
6.024
6.024
6.024
6.024
6.024
6.024
6.024
6.024
6.024
6.024
6.024
6.024
6.024
6.024
6.024
6.024
6.024
6.024
6.024
6.024
6.024
6.024
6.024
6.024
6.024
6.024
6.024
6.024
6.024
6.024
6.024
6.024
6.024
6.024
6.024
6.024
6.024
6.024
6.024
6.024
6.024
6.024
6.024
6.024
6.024
6.024
6.024
6.024
6.024
6.024
6.024
6.024
6.024
6.024
6.024
6.024
6.024
6.024
6.024
6.024
6.024
6.024
6.024
6.024
6.024
6.024
6.024
6.024
6.024
6.024
6.024
6.024
6.024
6.024
6.024
6.024
6.024
6.024
6.024
6.024
6.024
6.024
6.024
6.024
6.024
6.024
6.024
6.024
6.024
6.024
6.024
6.024
6.024
6.024
6.024
6.024
6.024
6.024
6.024
6.024
6.024
6.024
6.024
6.024
6.024
6.024
6.024
6.024
6.024
6.024
6.024
6.024
6.024
6.024
6.024
6.024
6.024
6.024
6.024
6.024
6.024
6.024
6.024
6.024
6.024
6.024
6.024
6.024
6.024
6.024
6.024
6.024
6.024
6.024
6.024
6.024
6.024
6.024
6.024
6.024
6.024
6.024
6.024
6.024
6.024
6.024
6.024
6.024
6.024
6.024
6.024
6.024
6.024
6.024
6.024
6.024
6.024
8.899
8.191
9.998
20.34
15.87
11.58
16.82
17.8
18.31
18.73
19.02
19.14
19.26
19.51
19.63
19.73
19.9
19.95
20.12
18.99
18.95
20.83
20.83
20.75
19.65
19.07
15.43
12.92
16.38
15.75
14.01
10.29
13.23
17.11
18.02
18.43
18.87
19.07
19.26
19.38
19.58
19.75
19.87
19.97
20.26
20.31
19.14
19.48
20.73
20.85
20.83
19.7
18.41
18.16
10.55
16.46
17.65
18.09
18.53
18.82
19.04
19.19
19.36
19.56
19.68
19.73
19.92
20.02
20.24
18.92
19.53
20.85
20.51
20.02
18.99
18.48
13.57
13.48
16.99
17.87
18.33
18.75
18.97
19.14
19.31
19.43
19.65
19.73
19.87
19.97
20.17
20.34
19.95
17.92
20.63
20.7
20.39
19.41
18.24
17.77
11.0
16.06
17.58
18.19
18.73
19.02
19.21
19.31
19.46
19.65
19.73
19.73
19.85
19.92
20.29
19.34
19.34
20.83
20.26
20.02
18.87
15.43
14.99
9.741
15.38
16.67
17.41
18.02
18.38
18.77
18.97
19.14
19.34
19.38
19.53
19.68
19.73
19.9
19.97
20.12
20.31
19.34
19.04
20.65
20.75
20.09
18.73
17.43
17.26
12.52
13.6
16.97
17.82
18.29
18.73
18.95
19.12
19.29
19.34
19.41
19.53
19.53
19.7
19.75
19.92
20.02
20.12
20.31
19.31
19.12
20.51
20.83
20.26
20.21
18.99
18.51
18.07
14.53
12.65
16.26
17.11
17.72
18.04
18.33
18.7
18.82
18.97
19.19
19.19
19.34
19.48
19.6
19.73
19.75
19.92
20.0
20.19
20.0
17.43
20.41
20.7
20.63
20.29
19.48
18.58
18.58
14.87
13.09
16.58
14.67
13.21
10.14
15.89
15.77
13.26
10.22
15.5
16.16
13.26
9.814
15.23
17.14
17.94
18.24
18.73
18.95
19.21
19.34
19.46
19.56
19.73
19.73
19.9
19.97
20.17
20.34
20.48
18.73
19.31
19.85
20.8
20.85
20.83
20.83
20.83
20.85
20.04
16.99
16.26
16.26
16.26
16.26
13.18
13.43
16.85
17.6
18.02
18.21
18.55
18.75
18.82
18.97
18.97
19.09
19.17
19.17
19.17
19.31
19.36
19.36
19.38
19.56
19.56
19.56
19.56
19.7
19.75
19.75
19.75
19.82
19.95
19.97
20.12
20.12
20.14
17.9
19.92
20.21
20.87
20.85
20.73
20.61
18.63
16.65
16.65
16.65
12.37
13.31
16.41
17.19
17.75
18.07
18.31
18.58
18.75
18.92
18.95
18.95
19.14
19.14
19.17
19.34
19.34
19.34
19.53
19.53
19.53
19.65
19.73
19.73
19.73
19.75
19.92
19.92
19.97
20.09
20.24
20.31
20.31
18.73
19.09
20.09
20.41
20.87
20.87
20.87
20.65
20.43
20.24
17.87
16.65
16.65
16.65
16.58
13.65
11.06
10.74
10.13
0.0
8.801
9.68
17.41
19.78
19.56
16.89
10.3
10.19
9.436
10.35
17.77
19.68
19.7
16.87
9.753
8.862
9.18
9.827
9.363
7.996
13.28
15.67
16.28
16.75
17.11
17.38
17.6
17.75
17.99
18.19
18.36
18.38
18.53
18.58
18.7
18.77
18.77
18.87
18.97
18.99
19.17
19.17
19.29
19.36
19.34
19.34
19.38
19.56
19.68
19.73
19.73
19.73
16.75
17.11
18.97
19.7
19.87
19.9
19.9
19.9
19.9
19.9
19.75
18.8
17.43
17.43
17.29
11.67
5.798
5.304
5.249
7.471
8.813
8.984
9.119
9.204
9.558
8.813
8.167
15.92
20.31
20.58
19.19
12.72
8.972
8.887
9.082
8.569
9.131
5.457
5.286
5.249
5.249
5.249
5.249
5.249
5.249
5.249
5.249
5.249
5.249
5.249
5.249
5.249
5.249
5.249
5.249
5.249
5.249
5.249
9.204
9.241
9.326
9.045
9.253
9.875
9.485
9.644
9.399
10.22
