10.36
10.53
10.46
10.25
10.07
10.07
10.18
10.24
10.21
10.49
10.58
10.66
10.47
10.21
9.924
10.06
9.937
10.05
10.07
10.02
9.924
10.17
10.55
10.53
10.49
10.41
10.45
10.52
10.51
10.57
10.72
10.5
10.68
10.85
10.8
10.68
10.64
10.21
9.875
9.9
10.12
10.35
10.45
10.46
10.4
10.47
10.34
10.22
10.11
10.46
10.56
10.38
10.45
10.73
10.93
10.94
10.72
10.5
10.51
10.63
10.74
11.06
10.73
10.64
10.75
10.66
10.74
10.66
10.69
10.56
10.5
10.57
10.53
12.99
14.58
14.65
14.5
14.4
14.53
14.5
14.58
14.67
14.38
14.36
14.28
14.33
14.43
14.5
14.48
14.33
14.33
14.21
14.23
14.33
13.96
13.94
13.94
13.62
13.45
13.4
13.55
13.35
13.4
13.38
13.65
13.26
13.21
13.43
13.13
13.16
12.99
12.82
12.84
12.96
13.06
13.06
12.79
12.6
12.4
12.33
12.17
11.96
12.05
12.01
12.01
12.18
12.0
12.01
12.1
11.74
11.98
11.35
11.23
11.39
11.23
11.27
11.39
11.27
11.08
11.21
11.32
11.32
11.41
11.47
11.5
11.68
11.55
11.65
11.8
11.94
12.17
11.78
12.08
11.82
11.82
11.44
11.61
11.73
11.65
11.61
11.58
11.6
11.61
11.78
11.84
11.94
11.76
11.68
11.65
11.62
11.62
11.63
11.8
11.98
12.15
12.02
12.05
11.66
11.63
11.82
11.91
11.96
11.34
11.43
11.43
11.43
11.55
11.71
11.68
11.74
10.86
10.47
10.52
10.84
10.9
10.77
10.57
10.74
10.73
10.67
10.44
10.58
10.69
10.95
11.02
10.9
10.86
11.01
11.15
10.93
10.78
10.78
10.84
10.56
10.64
10.69
10.96
11.02
10.88
10.89
10.91
10.96
11.12
11.55
11.3
11.46
11.12
11.0
11.02
10.91
10.73
10.97
10.72
10.74
10.94
10.73
10.85
11.06
10.46
10.18
10.31
10.31
10.3
10.55
10.67
10.95
10.28
10.39
10.46
10.39
10.31
10.07
9.998
10.07
10.25
10.46
10.46
10.46
10.38
10.01
9.985
9.985
9.961
9.973
10.11
10.27
10.64
10.74
10.79
10.52
10.49
10.64
10.84
10.84
10.86
10.89
11.1
11.23
11.06
11.12
10.14
10.07
10.1
10.17
10.33
10.34
10.27
10.42
10.53
10.75
10.96
10.49
10.45
10.28
10.27
10.45
10.63
10.71
11.0
11.66
10.74
10.39
10.72
10.64
10.68
10.74
10.77
10.9
10.74
10.62
10.42
10.58
10.64
10.64
10.66
10.69
10.74
10.64
10.94
14.92
15.53
15.55
15.62
15.33
15.21
15.26
15.21
15.01
15.01
15.04
15.21
15.43
15.6
15.7
15.45
15.28
14.92
14.75
14.72
14.79
14.84
14.58
14.82
14.72
14.77
15.01
14.99
14.97
15.11
15.11
15.38
15.06
14.38
14.53
14.48
14.21
13.84
13.55
13.55
13.55
13.13
13.06
12.79
12.79
12.79
12.87
12.87
12.52
12.49
12.6
12.62
12.19
12.23
12.52
12.57
13.01
12.99
13.18
12.67
12.38
12.23
12.46
11.39
11.23
11.55
11.43
11.62
11.68
11.82
11.73
11.52
11.44
11.67
11.84
11.87
12.07
12.33
12.05
12.18
12.21
12.32
12.49
12.39
12.37
12.19
11.84
11.34
11.33
11.27
10.95
11.23
11.24
11.41
11.36
11.4
11.46
11.4
11.19
11.22
11.11
11.41
11.43
11.67
11.63
11.9
11.67
11.58
11.36
11.16
11.24
10.91
11.21
11.35
11.51
11.72
11.46
11.0
11.15
10.95
11.08
11.1
11.01
10.95
11.1
11.23
11.08
11.21
10.86
10.82
10.82
10.71
10.68
10.74
10.93
11.13
11.04
11.13
11.23
11.13
11.04
11.06
11.05
11.01
10.64
10.84
10.85
10.86
10.99
11.22
11.35
11.34
11.04
11.06
11.16
11.22
10.99
11.11
11.23
11.41
11.29
11.98
11.5
11.43
11.28
11.29
11.25
11.22
10.77
10.46
10.67
10.89
10.99
11.13
10.73
10.64
10.79
10.68
10.75
11.01
10.91
10.74
10.61
10.73
10.99
10.61
10.19
10.27
10.51
10.82
10.78
10.61
10.55
10.63
10.45
10.5
10.53
10.57
10.93
10.77
10.67
10.27
10.27
10.49
10.84
10.79
10.58
10.45
10.5
10.73
10.85
10.69
10.8
10.85
11.11
11.04
11.18
10.94
11.07
11.22
11.11
11.24
11.41
11.21
10.79
10.99
10.94
10.24
10.38
10.49
10.63
10.78
10.74
10.83
10.69
10.86
10.63
10.49
10.39
10.29
10.64
10.64
10.64
10.69
10.66
10.84
10.93
11.05
10.49
10.58
10.36
10.44
10.27
10.57
10.5
12.19
10.6
10.64
10.56
10.68
10.69
10.68
10.89
10.73
10.79
14.77
16.06
16.09
16.06
16.09
16.09
16.09
16.09
16.09
16.06
16.09
16.09
16.06
16.09
16.06
16.06
16.06
16.09
16.06
16.06
16.06
16.09
16.09
16.09
16.09
16.09
16.09
16.11
16.09
16.06
16.06
16.09
16.06
16.06
16.09
16.06
16.06
16.09
16.06
16.06
16.09
16.09
15.94
15.84
16.06
15.11
14.94
15.01
15.21
15.16
15.26
15.11
15.14
15.28
15.09
14.92
15.06
14.99
15.09
15.21
14.97
14.62
14.4
14.62
14.4
13.72
12.67
12.45
11.43
11.52
11.38
11.3
11.43
11.29
11.54
11.79
11.62
11.78
11.82
11.87
12.11
12.3
12.19
12.13
12.04
12.41
11.98
11.85
11.23
11.32
11.73
11.95
12.17
12.13
12.16
12.04
12.18
11.76
11.63
11.39
10.97
11.25
11.23
11.34
11.41
11.55
11.06
11.1
11.11
11.28
11.41
11.52
11.61
11.28
11.24
11.33
11.24
11.04
10.85
10.73
10.71
10.97
11.18
11.5
11.22
11.08
10.9
10.68
10.99
11.21
11.23
11.24
11.41
11.52
11.88
11.68
11.44
10.94
11.13
11.16
11.46
11.39
11.22
11.3
11.23
11.23
11.32
11.46
11.4
