17.02
18.26
16.48
19.6
19.73
15.14
19.12
21.34
18.85
16.26
16.43
13.72
13.65
11.16
9.521
11.4
11.3
12.87
13.65
13.75
13.33
14.14
12.94
13.13
13.43
17.19
17.24
16.5
18.92
20.0
23.58
26.12
26.07
26.76
24.76
22.75
20.83
19.68
12.67
10.64
10.55
11.88
14.58
12.07
15.99
15.8
14.75
13.65
14.28
15.7
14.84
16.94
15.48
17.02
19.04
24.24
22.22
19.95
18.46
19.17
17.43
20.83
17.02
19.68
19.41
17.77
17.85
17.33
11.11
11.32
14.94
16.94
17.77
22.02
18.36
19.63
22.53
20.04
20.87
22.12
14.18
19.7
17.94
13.4
8.081
11.18
8.301
12.82
15.8
15.26
13.67
10.53
12.55
11.38
13.5
13.53
12.13
16.6
17.5
18.29
21.73
23.46
25.29
21.39
20.83
15.33
14.38
20.02
13.87
18.97
13.96
16.38
13.89
13.7
15.21
15.65
19.46
23.8
24.66
20.12
12.35
16.11
12.84
14.99
18.95
20.31
15.26
12.77
12.4
9.412
10.42
9.033
10.38
12.79
10.36
10.17
12.6
8.337
9.204
10.47
8.215
9.094
10.07
10.83
11.28
18.38
20.63
20.92
22.36
23.44
23.95
20.43
20.92
18.29
22.34
19.24
20.43
23.93
20.7
19.07
17.8
18.97
16.16
17.09
10.17
10.4
10.34
11.39
9.668
13.11
12.62
12.38
15.16
13.65
15.7
13.16
11.54
10.83
10.71
12.7
12.99
15.01
14.72
15.92
17.14
16.11
22.22
20.85
21.63
20.19
18.75
16.94
15.48
14.33
13.57
15.11
18.9
24.63
23.44
23.73
19.58
21.24
18.12
17.16
16.8
18.82
18.09
15.92
16.55
18.65
18.8
12.7
13.04
15.84
16.38
15.75
16.19
21.9
20.31
16.46
19.95
19.41
13.35
13.5
13.82
13.92
12.7
12.67
10.39
13.62
10.88
9.387
10.28
8.35
9.277
9.497
9.875
11.4
12.49
15.62
14.75
17.72
16.5
17.04
20.97
20.83
21.12
17.6
19.82
19.38
19.48
18.6
17.99
17.92
19.58
16.46
16.26
17.31
14.82
12.99
12.29
12.3
16.67
18.82
19.31
22.17
22.39
20.75
20.9
21.39
21.56
20.31
19.43
20.24
17.14
16.19
17.53
15.45
18.46
16.21
16.82
21.12
18.6
18.92
16.8
16.28
16.67
19.09
15.94
16.87
18.43
18.6
17.33
15.89
19.75
20.56
21.66
21.9
18.07
17.04
17.6
20.8
16.38
15.09
17.72
15.41
13.04
15.06
18.73
18.19
13.55
15.55
16.36
17.5
16.6
13.96
16.02
17.21
18.46
20.31
24.22
18.75
16.48
20.29
13.94
16.85
21.97
20.12
23.63
22.22
23.22
23.07
22.53
22.0
19.63
19.31
18.92
17.75
20.21
17.46
18.46
19.65
19.68
20.8
16.06
16.97
22.19
19.14
15.43
16.6
18.24
15.28
14.16
16.26
15.94
17.41
16.36
14.11
14.26
14.5
14.09
15.89
16.63
14.6
16.53
19.26
16.7
20.46
17.8
16.85
15.53
16.19
18.14
15.21
16.41
17.94
14.5
16.65
16.06
13.6
15.94
12.49
13.96
18.02
11.41
18.8
24.19
25.78
16.8
19.12
22.31
20.92
23.46
22.36
23.75
22.71
20.12
21.0
15.94
16.92
15.09
15.75
22.44
14.82
9.912
11.16
9.79
9.692
9.949
15.01
17.6
15.94
16.58
16.16
16.6
16.24
14.55
20.24
17.8
15.38
10.71
10.89
12.32
11.8
13.4
14.7
16.06
14.72
12.22
13.18
11.4
9.827
8.252
8.362
13.16
12.15
14.92
17.8
18.46
22.05
20.14
19.07
19.68
18.46
18.75
20.53
18.8
17.99
18.33
16.77
16.75
16.63
14.89
11.76
6.396
7.922
8.838
12.16
14.31
17.16
18.63
19.41
21.0
14.89
13.87
13.28
14.79
14.16
13.21
15.87
16.8
17.82
19.73
22.78
18.92
17.72
18.41
16.7
13.62
14.43
15.45
14.62
18.29
15.21
14.82
15.99
14.23
16.14
14.87
14.11
13.13
15.14
17.8
19.21
15.97
20.17
18.55
15.01
8.752
12.87
14.5
10.42
10.75
10.71
7.483
8.972
18.48
14.75
19.31
15.65
15.77
17.26
18.38
17.58
13.55
14.99
12.16
12.79
12.94
10.83
9.949
11.04
11.33
11.6
11.61
11.54
10.24
10.89
9.912
14.04
16.04
18.48
19.07
22.61
21.61
21.8
19.73
18.75
18.87
17.58
18.04
20.12
17.77
19.78
19.04
19.65
19.26
18.97
19.04
17.14
20.46
17.21
15.26
14.89
18.58
19.14
20.7
21.78
19.6
19.68
18.16
16.6
16.24
16.33
17.14
19.7
18.21
20.85
21.04
18.65
17.29
16.38
17.16
13.57
16.48
15.99
15.75
17.21
22.71
20.48
20.56
16.89
20.43
24.58
21.97
19.43
18.31
14.31
12.12
17.21
17.48
13.87
12.17
14.04
13.26
15.11
18.87
19.68
13.45
9.998
10.12
12.22
10.07
11.57
10.71
11.57
14.53
18.33
19.82
23.63
22.73
23.32
19.82
20.26
16.97
15.89
16.67
14.01
15.72
15.31
14.33
13.96
15.8
16.6
15.89
18.68
16.8
17.77
19.29
18.38
19.87
18.48
16.36
19.65
13.21
17.72
16.75
19.82
15.14
13.18
14.75
12.74
15.84
15.23
18.87
14.72
19.04
20.75
19.56
20.68
16.65
18.38
15.31
15.06
16.38
15.21
15.21
16.8
11.07
9.497
12.0
18.7
17.77
10.62
11.45
20.17
15.77
12.55
14.99
15.77
11.61
12.65
12.6
20.29
17.58
17.16
13.87
18.04
21.46
21.95
24.88
23.9
25.29
23.46
21.41
24.66
21.53
20.14
18.8
19.92
18.55
25.68
19.14
14.58
12.77
13.16
12.27
14.26
14.75
19.31
23.71
28.76
23.71
18.16
16.5
17.14
14.82
13.57
12.34
13.94
12.52
11.63
15.31
15.36
14.62
11.46
14.21
13.31
13.28
11.5
10.78
14.55
15.26
16.02
16.21
20.17
25.05
21.66
21.31
20.73
20.07
21.78
19.97
21.14
18.09
17.07
16.77
14.84
14.99
16.16
13.96
13.87
11.8
5.505
7.153
13.87
14.43
17.09
16.38
18.04
23.36
25.73
26.51
21.12
13.16
15.21
14.6
16.28
14.7
15.21
20.21
20.46
20.85
20.17
21.34
17.6
15.82
15.48
15.53
18.99
23.12
15.31
14.4
16.97
16.94
16.92
13.72
12.99
14.5
12.37
11.1
16.36
18.36
16.8
16.7
14.65
15.43
14.94
15.75
15.6
13.35
14.48
16.89
21.88
23.95
22.58
22.9
17.99
15.19
25.29
17.46
12.79
8.679
7.324
6.824
9.204
10.93
8.032
8.716
8.386
10.82
10.18
9.79
9.68
12.55
11.44
13.5
17.58
16.58
18.43
19.07
21.58
23.58
21.97
23.49
20.43
18.97
20.48
19.8
23.44
21.46
19.48
15.89
12.79
11.39
20.02
