0.06371
0.06981
0.07076
0.05999
0.1228
0.06618
0.07076
0.1743
0.4288
0.06714
0.1331
0.07334
0.09308
0.07086
0.08421
0.06857
0.1015
0.05827
0.06771
0.07744
0.06552
0.07973
0.1028
0.06199
0.06285
0.05865
0.05064
0.05865
0.1173
0.05903
0.05417
0.06514
0.06618
0.05894
0.115
0.06227
0.0433
0.0495
0.06886
0.07277
0.1072
0.06104
0.05941
0.04244
0.0535
0.04959
0.04559
0.0474
0.05255
0.03834
0.0515
0.0473
0.04559
0.04873
0.04549
0.04854
0.09785
0.03862
0.04358
0.03214
0.06485
0.07992
0.05674
0.03271
0.0371
0.03824
0.03786
0.07524
0.0473
0.04072
0.03939
0.02813
0.03719
0.08001
0.03462
0.03309
0.02718
0.02375
0.02556
0.0309
0.03099
0.02403
0.03042
0.02136
0.02718
0.03376
0.02365
0.03014
0.03014
0.03052
0.02909
0.07124
0.03138
0.02651
0.02594
0.02966
0.03328
0.0843
0.02813
0.02975
0.02575
0.02928
0.02537
0.05941
0.04005
0.02022
0.02356
0.0247
0.02317
0.09785
0.02661
0.02098
0.02718
0.02117
0.02661
0.07544
0.02708
0.01945
0.02155
0.02136
0.02537
0.06504
0.02508
0.02375
0.02909
0.02546
0.02813
0.1522
0.02565
0.0289
0.02308
0.02098
0.0248
0.07133
0.02203
0.02871
0.03357
0.0351
0.0227
0.03004
0.02584
0.02728
0.02766
0.02851
0.02556
0.02995
0.02708
0.02232
0.02375
0.01783
0.02384
0.02556
0.0248
0.02966
0.0226
0.02632
0.03147
0.0762
0.01755
0.03138
0.02594
0.03223
0.02699
0.07687
0.03328
0.02794
0.03452
0.02947
0.04177
0.07839
0.03796
0.03967
0.03872
0.03099
0.08717
0.03843
0.033
0.04196
0.03529
0.04025
0.09623
0.04168
0.0391
0.04816
0.04854
0.04349
0.09689
0.0392
0.0391
0.04873
0.04492
0.05178
0.07381
0.07763
0.07505
0.05665
0.05741
0.04625
0.05445
0.05102
0.05608
0.06399
0.05941
0.05951
0.05484
0.06075
0.04435
0.04883
0.04721
0.04263
0.04253
0.1312
0.1675
0.04597
0.04501
0.03529
0.04749
0.04368
0.04034
0.03405
0.05093
0.03777
0.05102
0.04492
0.0556
0.05474
0.06065
0.0514
0.04063
0.04845
0.05093
0.0555
0.04501
0.0453
0.05064
0.04635
0.05913
0.04969
0.05903
0.05884
0.0515
0.04883
0.05579
0.05322
0.0597
0.04606
0.05341
0.05751
0.05369
0.0432
0.04587
0.05188
0.05417
0.05531
0.04673
0.05312
0.04101
0.05198
0.04244
0.05512
0.05283
0.05312
0.06762
0.05398
0.05751
0.06027
0.05341
0.05312
0.05331
0.06323
0.05636
0.05836
0.04749
0.05674
0.05198
0.05083
0.05302
0.05245
0.0493
0.06886
0.05207
0.3414
0.2609
0.04911
0.08869
0.04873
0.07515
0.05007
0.06208
0.05331
0.06304
0.05922
0.06046
0.06752
0.05827
0.06857
0.06132
0.0596
0.0494
0.05941
0.05217
0.06075
0.05112
0.04997
0.05035
0.04883
0.0495
0.04425
0.05064
0.05178
0.05217
0.04711
0.0617
0.07801
0.05693
0.05369
0.05884
0.06104
0.05121
0.05322
0.05226
0.0577
0.05226
0.05255
0.05445
0.05293
0.05102
0.04559
0.05703
0.06018
0.05341
0.04768
0.04559
0.04473
0.04568
0.05178
0.04473
0.06237
0.04644
0.04406
0.05884
0.05054
0.04978
0.05064
0.04101
0.04396
0.04272
0.04759
0.0493
0.04358
0.04463
0.03595
0.03443
0.02851
0.037
0.04416
0.03252
0.03271
0.03443
0.02222
0.03853
0.03223
0.02508
0.04015
0.03748
0.03786
0.03166
0.03605
0.02928
0.033
0.05026
0.03443
0.02518
0.03557
0.02031
0.03586
0.02594
0.0288
0.02232
0.02499
0.02832
0.02699
0.01717
0.04826
0.03033
0.04501
0.0349
0.03166
0.02604
0.03214
0.02775
0.03242
0.03157
0.05445
0.02413
0.02546
0.02251
0.03405
0.02651
0.02537
0.02947
0.0268
0.02527
0.02375
0.02289
0.02241
0.02623
0.03223
0.02537
0.02441
0.02031
0.02632
0.02346
0.03023
0.03157
0.03681
0.03357
0.03424
0.02813
0.0248
0.0226
0.03071
0.02756
0.037
0.02651
0.03204
0.02403
0.02995
0.03138
0.04015
0.05112
0.0351
0.04549
0.03891
0.03986
0.03195
0.0474
0.04778
0.05045
0.05121
0.06018
0.04816
0.04187
0.03786
0.02861
0.04406
0.03643
0.04597
0.04025
0.04768
0.04416
0.05054
0.04759
0.05083
0.05093
0.04807
0.5493
0.05445
0.07248
0.06056
0.06084
0.06065
0.04969
0.05226
0.05312
0.03824
0.04826
0.04435
0.04616
0.04702
0.07
0.06714
0.05503
0.05474
0.05169
0.04387
0.0535
0.04768
0.04826
0.05398
0.05426
0.05283
0.07896
0.04654
0.04787
0.04683
0.06065
0.06533
0.072
0.05245
0.05865
0.04921
0.0515
0.04654
0.04635
0.0474
0.0617
0.06876
0.04625
0.05102
0.04482
0.05579
0.05026
0.04482
0.04625
0.04854
0.07019
0.05074
0.04311
0.04921
0.0536
0.05751
0.03862
0.04807
0.05589
0.06475
0.05226
0.05207
0.05646
0.0493
0.06371
0.04473
0.03948
0.0474
0.04435
0.05465
0.04807
0.08831
0.0639
0.04692
0.05169
0.04263
0.05312
0.06733
0.06418
0.05417
0.08106
0.05112
0.07801
0.07057
0.05999
0.05484
0.0843
0.06065
0.06104
0.05913
0.06342
0.07105
0.06628
0.0721
0.05817
0.07591
0.07153
0.6165
0.07486
0.06561
0.08097
0.05989
0.08192
0.06409
0.07172
0.07467
0.05713
0.07248
0.06933
0.07219
0.07849
0.06046
0.04711
0.0536
0.06886
0.06771
0.07877
0.07019
0.0576
0.09117
0.0536
0.0823
0.06552
0.05198
0.05941
0.07849
0.06618
0.06723
0.06828
0.08354
0.06275
0.05426
0.06361
0.07029
0.05312
0.06866
0.07658
0.05894
0.05989
0.068
0.06742
0.08202
0.09375
0.0782
0.08392
0.06924
0.06742
0.05741
0.06075
0.06218
0.07257
0.06704
0.04568
0.05054
0.04454
0.06466
0.0494
0.05894
0.04578
0.04234
0.04663
0.05407
0.08955
0.06428
0.06399
0.06866
0.05732
0.04663
0.04911
0.05369
0.04902
0.05932
0.05655
0.04654
0.0535
0.05569
0.04196
0.0576
0.07858
0.04425
0.05207
0.04387
0.03605
0.03862
0.02975
0.03557
0.03157
0.03986
0.04272
0.04349
0.04549
0.03958
0.03996
0.03681
0.03958
0.05074
0.04225
0.04263
0.03719
0.02928
0.04835
0.04158
0.03538
0.04101
0.04711
0.03633
0.0433
0.03662
0.04845
0.03443
0.04387
0.03042
0.06046
0.0391
0.03319
0.05751
0.03777
0.03691
0.03347
0.02813
0.03958
0.0309
0.03262
0.03119
0.03633
0.04225
0.04044
0.0267
0.04692
0.03204
0.03853
0.03424
0.03214
0.03605
0.03939
0.02432
0.03519
0.03843
0.04349
0.02737
0.0371
0.03004
0.03605
0.03071
0.03891
0.03357
0.03786
0.03414
0.04864
0.01907
0.03424
0.03366
0.04454
0.03176
0.03099
0.4929
0.06485
0.05178
0.0598
0.05941
0.05732
0.05713
0.04406
0.05035
0.0597
0.05207
0.0555
0.07982
0.05398
0.04959
0.05083
0.02966
0.07019
0.06065
0.04826
0.06208
0.05474
0.0515
0.04206
0.04215
0.05188
0.03643
0.04606
0.04654
0.05102
0.0474
0.05341
0.05445
0.05083
0.05636
0.05293
0.05884
0.0474
0.06523
0.04635
0.05169
0.04644
0.04044
0.04416
0.05112
0.05264
0.03872
0.04959
0.04272
0.04091
0.04473
0.04358
0.05407
0.07153
0.06409
0.0535
0.06199
0.05398
0.04749
0.05331
0.05484
0.04845
0.05808
0.06762
0.06905
0.06514
0.05369
0.05417
0.06094
0.06542
0.0453
0.04883
0.06084
0.0555
0.07668
0.09127
0.08688
0.0742
0.06809
0.06275
0.05941
0.04854
0.05283
0.06657
0.06485
0.07629
0.07401
0.0761
0.06084
0.05903
0.05913
0.06275
0.07582
0.05598
0.06485
0.05941
0.05732
0.05608
0.07477
0.04625
0.06952
