0.02346
0.02861
0.02346
0.02861
0.02346
0.02861
0.02346
0.02861
0.02861
0.02861
0.02604
0.02861
0.02604
0.02861
0.02604
0.02861
0.02604
0.02861
0.02604
0.02861
0.02604
0.02861
0.02604
0.02861
0.02604
0.02861
0.02604
0.02604
0.02604
0.02861
0.02346
0.02861
1.617
13.94
17.43
16.28
15.6
17.09
17.48
17.31
17.36
16.16
15.26
15.36
12.55
18.46
17.55
18.41
17.75
10.55
6.445
19.97
16.92
15.36
15.55
16.21
15.89
15.43
15.84
16.94
15.53
15.01
17.43
16.19
16.38
17.58
10.35
18.04
16.75
15.31
15.5
17.36
16.63
3.278
18.41
17.07
27.83
14.62
17.11
17.53
14.01
14.04
10.55
36.72
39.7
40.67
40.04
33.69
33.2
11.73
12.92
15.65
13.94
38.13
42.04
41.16
42.29
41.85
41.8
40.97
40.77
41.02
40.58
40.23
40.33
34.57
26.46
44.19
43.8
40.19
32.71
35.25
30.57
17.72
23.49
34.23
31.1
14.06
18.82
6.873
11.8
18.14
13.62
12.38
18.6
24.39
33.84
28.27
10.28
29.15
39.5
39.06
39.6
20.61
25.49
31.1
16.38
19.95
20.17
0.2075
0.1068
12.94
20.65
13.94
18.97
21.75
17.7
19.68
20.65
17.48
13.65
14.67
15.11
16.26
18.12
27.0
10.8
11.9
20.58
20.9
18.99
28.66
35.6
28.08
36.18
26.9
18.12
17.75
17.82
20.12
15.84
19.21
16.67
17.92
19.85
17.04
15.75
0.2033
0.09518
0.02422
0.0267
0.02441
6.287
23.66
30.52
25.63
15.41
11.91
14.6
15.87
8.069
13.43
14.99
20.07
28.66
30.03
12.16
10.55
26.9
29.54
13.82
0.8041
0.37
0.02537
0.02699
0.02508
4.492
2.277
12.18
13.31
15.6
15.45
15.6
16.67
14.72
16.19
13.89
13.45
13.43
16.75
16.5
14.43
19.56
23.05
24.8
14.99
0.795
0.4021
0.03748
0.02632
5.359
11.99
19.9
27.39
27.98
14.77
17.41
22.8
25.98
22.29
12.34
10.14
18.68
18.21
14.5
13.94
16.92
21.58
16.65
4.156
0.1657
0.04854
0.02899
0.02632
6.116
15.16
19.75
26.12
29.69
13.01
10.05
16.24
27.78
27.78
12.5
13.01
5.579
12.0
0.7217
6.897
13.79
15.58
10.36
0.1968
0.08888
0.02575
0.02832
0.02604
4.651
15.19
13.87
14.89
15.94
14.62
2.341
12.17
15.01
18.65
15.36
15.43
18.33
21.68
21.88
20.31
14.45
14.7
13.16
0.2357
0.1303
0.02699
0.02861
0.02575
4.846
15.26
14.14
13.57
14.92
17.53
22.19
23.73
19.73
12.4
15.87
18.63
11.32
12.62
16.43
15.06
15.6
25.05
27.0
21.36
2.264
0.5486
0.08402
0.02508
5.627
13.75
11.88
14.97
12.99
15.09
18.36
18.73
16.99
13.38
13.62
15.77
15.36
14.53
13.31
16.5
23.75
25.0
13.75
1.074
0.4372
0.04625
0.02966
0.0247
5.908
20.85
14.94
15.33
17.97
32.47
31.45
12.67
15.09
11.16
20.29
22.61
36.52
17.31
16.14
13.21
16.09
15.89
15.48
15.55
13.48
10.34
19.09
19.8
20.87
31.45
40.72
39.6
41.41
41.99
40.92
41.16
41.41
40.33
35.6
38.53
38.13
40.28
38.33
16.75
37.21
36.38
27.34
39.5
24.73
27.69
17.8
22.17
13.57
40.28
39.99
39.94
40.14
41.75
41.7
41.11
40.19
39.5
41.7
40.67
40.53
41.41
41.02
37.79
13.45
25.83
30.62
34.23
40.38
30.52
30.96
29.83
23.12
6.86
42.09
42.72
40.28
40.82
36.18
33.2
33.5
34.33
37.7
41.6
38.38
40.14
38.53
38.77
40.82
28.12
22.44
42.97
39.65
42.68
28.56
23.75
29.44
18.65
22.19
41.02
39.36
39.55
39.89
39.89
40.92
40.82
40.48
41.55
41.26
40.58
41.02
39.79
37.7
30.96
16.46
29.2
29.05
27.54
37.35
33.84
31.01
30.96
17.11
10.27
23.24
24.02
24.93
26.81
28.86
28.08
28.22
27.98
28.17
28.91
28.22
28.86
31.1
32.08
31.35
31.35
31.3
30.57
29.15
28.86
30.47
18.02
16.24
22.83
25.15
23.58
32.18
33.11
19.02
23.83
25.49
18.6
8.655
31.1
39.6
38.67
39.89
41.11
38.53
35.74
34.33
34.62
33.84
33.94
33.74
38.23
40.87
41.11
41.26
24.1
15.28
35.89
33.84
36.18
39.89
32.03
33.15
26.37
15.16
40.97
40.28
38.67
38.67
39.36
40.53
40.97
40.67
40.48
41.46
41.85
40.28
39.79
40.28
40.48
9.802
17.65
28.47
29.39
29.1
28.52
24.51
22.51
23.14
24.17
20.53
8.02
20.39
22.92
29.2
32.52
19.58
33.25
35.21
33.98
28.32
30.18
20.17
23.24
31.88
15.19
27.69
35.64
23.17
38.67
14.45
37.99
37.3
28.66
27.29
30.47
38.82
27.05
28.96
17.29
38.77
27.93
36.52
14.82
0.2605
23.71
40.19
29.1
28.52
30.18
40.33
32.03
31.84
36.33
28.91
7.495
42.19
42.38
42.09
40.62
40.04
40.48
41.16
41.85
40.14
37.99
37.5
34.91
32.42
31.84
31.79
30.22
18.31
16.99
26.42
42.58
40.92
33.2
26.32
25.93
29.2
10.85
41.06
41.94
41.89
41.46
41.41
41.5
41.7
41.99
41.31
40.97
41.36
41.65
41.75
42.19
29.83
26.56
43.85
42.09
39.55
29.93
29.98
27.1
14.43
29.69
41.7
41.5
41.36
41.75
39.75
37.11
35.21
33.74
32.03
30.81
27.98
1.337
16.82
37.7
37.3
37.89
41.16
41.5
41.8
41.7
41.99
41.89
41.41
41.7
41.31
40.92
32.03
40.82
38.92
41.06
34.23
35.6
33.5
22.56
33.5
32.76
13.4
28.56
27.64
23.9
19.68
27.69
28.12
23.39
20.85
27.98
24.51
25.24
28.81
23.71
36.18
28.22
20.68
0.0
22.68
20.56
21.58
21.41
23.93
26.46
35.45
31.25
15.36
21.75
20.24
21.95
24.37
27.2
24.56
8.142
26.22
29.15
30.08
30.03
29.1
28.71
29.59
30.32
31.01
30.13
28.37
27.34
28.03
29.39
29.44
30.03
28.86
28.76
29.54
29.44
29.39
15.26
0.0
29.93
27.98
28.12
29.39
29.79
28.56
28.71
29.35
29.49
29.64
29.79
29.88
29.64
28.03
27.44
26.71
26.95
28.32
29.0
29.2
20.09
28.81
30.42
29.88
0.0
15.82
16.85
3.116
0.1411
0.03977
0.02384
0.02356
10.62
14.26
18.7
15.01
21.85
24.54
24.27
14.09
23.49
25.93
22.58
15.16
15.58
6.628
23.1
24.61
22.39
3.845
0.5569
0.1068
0.02575
0.02394
0.0267
0.0248
0.02747
0.02518
0.02737
0.0246
0.0268
0.0247
0.02689
0.02441
0.02623
0.02451
0.02689
0.02441
0.0268
0.0247
0.02699
0.0247
0.02689
0.02499
0.0267
9.363
9.509
12.67
5.688
0.1545
