0.009155
0.009251
0.009155
0.009155
0.009346
0.009346
0.00906
0.008965
0.008965
0.00906
0.009727
0.009727
0.009251
0.009251
0.009346
0.009346
0.009537
0.009727
0.009346
0.008583
0.009155
0.009251
0.009346
0.008965
0.009155
0.008488
0.008488
0.008488
0.008488
0.008488
0.008488
0.008678
1.355
14.16
21.7
21.9
20.58
20.75
19.85
19.26
17.75
15.92
17.11
17.14
17.8
21.26
10.68
14.06
11.16
18.55
18.26
19.17
18.73
19.6
19.29
17.82
17.68
17.11
19.26
22.41
23.32
12.84
16.53
20.17
22.19
22.07
18.82
18.14
17.29
19.29
15.55
15.36
16.8
17.14
15.14
16.67
15.72
15.53
14.97
11.47
16.36
5.457
6.122
15.14
15.62
16.14
15.67
16.8
15.84
15.77
16.43
17.21
16.55
20.21
20.46
17.55
18.26
15.89
15.04
15.09
11.19
15.26
15.26
14.99
14.75
15.53
11.32
14.7
13.96
13.75
15.04
15.31
15.31
15.14
6.421
17.63
15.89
15.11
17.65
18.31
16.26
16.38
15.19
15.38
14.94
15.31
15.45
14.77
11.89
12.87
15.09
15.23
14.7
14.67
14.92
9.985
13.09
17.65
15.62
16.04
15.6
15.23
15.09
15.11
15.8
15.04
14.99
15.11
16.92
18.58
14.11
14.14
14.92
14.97
15.04
15.38
11.52
15.26
14.48
14.82
14.94
15.09
14.23
11.61
14.87
13.72
11.21
15.6
13.55
14.7
15.21
15.14
14.94
14.45
13.09
14.33
13.48
13.04
13.23
14.48
14.77
13.4
14.4
15.36
15.5
15.23
14.09
13.5
14.23
15.16
14.62
14.84
14.87
10.44
13.7
13.28
11.94
12.07
12.26
13.38
13.16
14.58
14.7
14.75
15.01
14.7
12.57
0.6882
0.3788
0.04005
0.0247
6.189
12.46
12.77
12.48
13.13
14.92
13.38
13.31
12.72
11.55
11.19
0.01879
0.01106
0.01135
0.01078
0.01097
0.01049
0.01078
0.01049
0.01078
0.01097
0.0103
0.01144
0.01144
0.01135
0.01202
0.0123
0.0123
0.01163
0.01173
0.0124
0.0124
0.0123
0.01202
0.01202
0.01154
0.01135
0.01173
0.01183
0.01163
0.01173
0.01106
0.01144
0.01106
0.01163
0.01144
0.01173
0.01221
0.01259
0.01249
0.01268
0.01192
0.01192
0.01202
0.01192
0.01192
0.01192
0.01163
0.01183
0.01192
0.01154
0.0124
0.0124
0.01192
0.01211
0.0124
0.01144
0.01144
0.01249
0.01192
0.01202
0.01183
0.0124
0.01183
0.0124
0.01163
0.01202
0.01173
0.0124
0.0124
0.01202
0.0124
0.01287
0.01278
0.01297
0.01278
0.01297
0.01211
0.01211
0.01249
0.01354
0.01211
0.01154
0.01173
0.01335
0.0123
0.01221
0.01173
0.01221
0.01173
0.01202
0.01192
0.01221
0.01202
0.01183
0.01183
0.01173
0.01173
0.01078
0.01097
0.01154
0.01259
0.01202
0.01221
0.01211
0.01163
0.01154
0.01116
0.01116
0.01144
0.0123
0.01221
0.01097
0.01068
0.01211
0.01183
0.01135
0.01173
0.01106
0.01011
0.0102
0.0104
0.01049
0.0103
0.01125
0.01144
0.01192
0.0123
0.01259
0.01211
0.01125
0.01049
0.01097
0.01116
0.01068
0.01011
0.009918
0.01087
0.01106
0.01154
1.405
15.92
24.9
26.22
26.56
28.66
35.6
41.46
39.94
35.94
33.54
30.52
28.66
30.66
34.42
37.11
35.06
34.86
35.84
28.81
19.82
41.89
39.84
41.46
29.59
31.54
31.35
14.65
22.41
35.69
0.0
15.6
40.38
40.04
37.79
38.53
39.6
39.36
35.74
30.03
28.12
27.54
25.93
24.68
21.26
20.97
22.56
23.12
23.73
23.8
23.71
23.34
12.84
19.12
21.31
22.78
23.29
21.92
22.61
15.87
17.99
18.87
19.9
23.68
14.06
12.84
23.32
22.68
22.9
23.34
24.0
24.85
25.59
26.22
25.93
25.93
25.39
23.02
22.17
22.02
22.24
23.88
23.44
22.85
20.51
17.85
19.29
21.09
20.78
21.97
22.56
20.14
12.1
15.43
17.02
16.7
16.28
16.55
15.62
15.94
16.58
17.24
17.43
15.5
16.53
17.75
17.8
15.04
4.919
20.97
22.17
23.58
23.14
23.8
23.95
23.49
23.8
25.34
24.85
23.83
25.34
25.2
24.51
22.46
20.53
21.17
22.75
22.17
21.14
23.12
25.05
23.85
23.19
23.97
23.12
14.92
11.46
15.97
20.48
22.19
23.63
23.49
23.49
21.44
15.11
15.58
15.58
14.82
14.89
10.97
3.229
18.9
19.82
20.34
20.73
21.31
20.43
19.8
18.77
19.38
21.36
22.53
23.29
21.83
23.73
24.34
24.83
25.63
25.88
25.2
22.0
19.12
18.87
19.38
19.6
19.53
18.29
17.97
17.38
17.94
16.67
9.143
15.65
15.84
16.58
16.24
17.75
17.72
20.14
20.87
20.92
15.97
18.48
31.1
21.7
16.36
36.47
33.11
29.39
31.15
20.58
35.01
31.45
29.35
36.57
28.22
26.37
38.87
38.33
31.35
36.67
14.23
17.65
17.7
17.43
18.33
15.5
18.09
19.46
15.8
32.13
37.79
8.215
27.34
26.03
31.2
31.64
11.58
25.68
27.64
20.53
21.29
27.44
13.33
12.5
37.94
34.03
32.37
22.97
16.48
20.41
22.83
23.14
29.74
25.15
20.09
36.28
33.59
32.03
37.4
38.92
37.65
39.45
40.04
40.62
37.7
35.01
35.94
32.37
29.74
28.52
27.88
26.46
17.02
14.01
18.36
21.36
20.19
19.29
18.8
23.32
28.17
23.34
28.47
27.0
12.62
22.9
39.55
39.94
39.99
39.21
38.72
36.08
36.87
37.89
38.13
40.19
39.21
40.43
37.45
35.35
32.42
28.52
24.24
34.08
33.84
32.96
31.49
30.37
30.91
31.3
30.71
28.81
28.32
27.29
25.05
23.17
21.36
20.26
20.78
29.79
37.35
33.79
23.73
16.94
25.29
27.39
27.0
27.64
28.71
24.44
23.41
23.02
13.87
14.53
16.65
15.36
16.21
16.11
15.33
23.32
26.42
17.09
19.68
18.31
17.6
14.99
15.55
14.33
14.99
6.885
21.46
24.1
24.49
24.22
26.61
28.42
33.11
35.35
33.11
33.3
36.62
34.72
39.55
41.75
39.94
35.11
34.57
35.64
18.82
28.81
40.82
37.84
37.99
31.54
34.33
31.93
19.12
33.64
30.66
8.667
37.45
36.67
35.69
36.67
38.09
39.5
38.18
35.64
35.5
36.18
37.6
37.79
37.84
35.69
35.35
36.67
37.4
17.7
35.01
37.5
34.38
28.96
23.1
23.0
22.51
24.19
14.7
20.39
22.27
22.53
22.88
15.45
16.36
14.99
15.6
17.99
19.41
18.6
7.776
18.02
21.85
22.34
25.15
27.78
29.3
29.88
29.25
29.59
29.69
28.12
28.56
29.0
28.81
28.56
27.69
28.56
34.72
36.47
36.38
36.62
18.8
27.88
39.21
36.87
37.45
29.15
26.56
22.92
21.34
5.292
0.1143
0.04129
0.02346
0.02575
0.02508
0.02766
0.02632
0.02804
0.02508
0.02699
0.02537
0.02766
0.02508
0.02766
0.02537
0.02832
0.0247
0.0267
0.02413
0.0329
20.34
18.58
18.99
8.765
22.61
21.07
20.26
19.63
24.56
28.61
