0.009727
0.01116
0.01125
0.01335
0.01135
0.01326
0.01526
0.02613
0.009918
0.01202
0.01116
0.01345
0.009537
0.01459
0.007439
0.008297
0.01097
0.01192
0.01335
0.008392
0.01383
0.01402
0.01144
0.007915
0.006866
0.007725
0.00906
0.004482
0.01259
0.01011
0.02317
0.01011
0.01183
0.007343
0.008965
0.03176
0.01202
0.01278
0.007439
0.007343
0.007343
0.009823
0.01173
0.009823
0.007439
0.003242
0.005341
0.004959
0.004578
0.008583
0.008678
0.009346
0.009441
0.008011
0.0145
0.01211
0.009537
0.008583
0.008678
0.008583
0.008202
0.01078
0.009251
0.01192
0.009441
0.007248
0.01574
0.01659
0.01106
0.008583
0.01087
0.01154
0.009727
0.01221
0.0103
0.02422
0.008774
0.007057
0.008678
0.006866
0.008583
0.00515
0.007534
0.01078
0.01163
0.009537
0.01163
0.01097
0.01669
0.0145
0.01488
0.01678
0.01183
0.0103
0.01183
0.01316
0.01125
0.01659
0.01183
0.01097
0.01383
0.02012
0.02108
0.01926
0.0186
0.01678
0.0144
0.01211
0.01316
0.01783
0.01316
0.01888
0.0124
0.01621
0.01211
0.01698
0.01278
0.01535
0.01335
0.01326
0.008678
0.01116
0.01564
0.01373
0.02241
0.04463
0.02642
0.01497
0.01431
0.02117
0.01345
0.01192
0.01087
0.009537
0.0103
0.01097
0.01421
0.0103
0.006008
0.00782
0.006199
0.006771
0.01192
0.01097
0.006294
0.00515
0.00906
0.009632
0.01593
0.01373
0.01049
0.008011
0.008583
0.00515
0.006676
0.004482
0.005245
0.007439
0.007343
0.007343
0.008106
0.006676
0.009441
0.007915
0.006866
0.005627
0.008678
0.007439
0.01183
0.01249
0.01011
0.008678
0.037
0.01078
0.01144
0.01812
0.01316
0.01135
0.01659
0.01059
0.01259
0.01431
0.01373
0.01497
0.01211
0.01783
0.0145
0.01554
0.0165
0.0205
0.01869
0.01554
0.01345
0.01431
0.01211
0.007915
0.01774
0.0185
0.01307
0.01745
0.01745
0.01221
0.0123
0.01554
0.008106
0.009251
0.008392
0.005817
0.03424
0.01068
0.007725
0.008202
0.006676
0.00782
0.01783
0.009918
0.01078
0.01631
0.02069
0.01669
0.01926
0.01402
0.008011
0.01106
0.007343
0.01154
0.01097
0.008488
0.005817
0.008965
0.007534
0.005722
0.006104
0.006962
0.003529
0.004387
0.006199
0.004959
0.004864
0.004005
0.003052
0.004768
0.0103
0.007725
0.007057
0.009441
0.007343
0.01116
0.009346
0.006485
0.00639
0.007629
0.00639
0.01974
0.008965
0.01364
0.01574
0.01488
0.01402
0.01268
0.008488
0.01764
0.01211
0.01183
0.009346
0.01173
0.009632
0.007725
0.008583
0.009823
0.01259
0.02098
0.01011
0.009537
0.008869
0.00515
0.006962
0.00782
0.007248
0.008202
0.008106
0.01564
0.008965
0.01192
0.01259
0.01278
0.03223
0.0453
0.02203
0.01221
0.01488
0.01192
0.007725
0.01173
0.01335
0.01621
0.01097
0.0123
0.01307
0.01183
0.01011
0.01583
0.009251
0.01097
0.01459
0.01106
0.01364
0.01307
0.01717
0.0185
0.01411
0.01287
0.0102
0.008678
0.05083
0.02003
0.01259
0.009346
0.01278
0.02079
0.02337
0.02069
0.01421
0.03462
0.01621
0.01945
0.01469
0.01526
0.01326
0.01526
0.01421
0.01163
0.01163
0.0104
0.0103
0.007725
0.007725
0.005436
0.0102
0.01211
0.01221
0.01154
0.01087
0.01364
0.01211
0.01011
0.01621
0.008583
0.008392
0.008583
0.0123
0.01001
0.005627
0.01059
0.009441
0.0145
0.01621
0.01211
0.008106
0.0123
0.01202
0.006676
0.007248
0.008297
0.0124
0.01383
0.01335
0.006676
0.00782
0.009441
0.005245
0.009537
0.007343
0.01421
0.009727
0.007915
0.01297
0.009441
0.01602
0.01459
0.01745
0.01764
0.01593
0.01965
0.01469
0.01955
0.03204
0.02937
0.01173
0.01583
0.01478
0.02098
0.02184
0.01974
0.02193
0.02365
0.01211
0.01087
0.0165
0.01001
0.0103
0.01154
0.007343
0.009155
0.007915
0.01106
0.006962
0.008965
0.01106
0.01116
0.0164
0.01354
0.01106
0.0164
0.0144
0.01383
0.008583
0.008011
0.004959
0.00658
0.004768
0.004673
0.009346
0.005913
0.00639
0.00658
0.004673
0.007725
0.006104
0.006962
0.008297
0.003147
0.004959
0.003338
0.007534
0.006485
0.00782
0.006199
0.009537
0.006199
0.004959
0.005245
0.005722
0.008297
0.008011
0.005531
0.008011
0.00658
0.005436
0.008202
0.007343
0.004768
0.005722
0.007534
0.003338
0.006294
0.005817
0.006962
0.00782
0.008106
0.005436
0.007629
0.00782
0.01106
0.01144
0.01507
0.01268
0.01125
0.01001
0.0186
0.0206
0.01421
0.01478
0.01125
0.01144
0.01268
0.01183
0.01116
0.01192
0.01163
0.01135
0.0144
0.01726
0.01364
0.01011
0.01497
0.02165
0.01373
0.01287
0.01259
0.01287
0.01307
0.0104
0.01631
0.01621
0.01717
0.01965
0.01392
0.009632
0.01068
0.008488
0.0104
0.009727
0.01497
0.006294
0.008297
0.01287
0.01459
0.01564
0.01755
0.01173
0.01974
0.02022
0.01402
0.007629
0.01631
0.007248
0.007343
0.01259
0.004864
0.007153
0.004196
0.006294
0.006294
0.005341
0.006008
0.005627
0.004673
0.005627
0.01097
0.01431
0.0102
0.003624
0.004673
0.009251
0.003815
0.004959
0.005054
0.007057
0.004578
0.005627
0.008202
0.008488
0.009155
0.009823
0.01364
0.01163
0.01097
0.01736
0.01297
0.01049
0.005913
0.00906
0.009537
0.01068
0.0103
0.008678
0.008869
0.01173
0.01163
0.009441
0.008774
0.009155
0.006962
0.008011
0.009727
0.01392
0.009727
0.01097
0.008965
0.01221
0.0102
0.01278
0.01078
0.01316
0.01564
0.01745
0.01974
0.01898
0.02556
0.01907
0.01755
0.01793
0.02623
0.02756
0.0227
0.02174
0.0185
0.01287
0.01974
0.0186
0.01554
0.01173
0.009251
0.008774
0.04654
0.01173
0.01297
0.0144
0.009251
0.0104
0.01059
0.01163
0.0123
0.01497
0.03548
0.01812
0.0185
0.02384
0.01955
0.01183
0.03014
0.01478
0.0186
0.01049
0.008011
0.009632
0.007153
0.008965
0.009632
0.006294
0.007439
0.009632
0.006294
0.007725
0.009632
0.01163
0.01011
0.009918
0.01354
0.01345
0.01593
0.01173
0.009251
0.008488
0.007343
0.01202
0.01202
0.01297
0.01116
0.01144
0.009727
0.01001
0.01163
0.007629
0.005341
0.008583
0.01726
0.01154
0.01421
0.009441
0.01125
0.008297
0.008011
0.0102
0.01106
0.01717
0.01478
0.01259
0.005531
0.006104
0.01621
0.01078
0.01259
0.008488
0.01802
0.0164
0.0104
0.01822
0.02012
0.01106
0.01326
0.01888
0.0205
0.01507
0.01316
0.01078
0.01593
0.0227
0.01602
0.02308
0.0227
0.03872
0.04129
0.0145
0.01907
0.01297
0.01745
0.009441
0.01106
0.01259
0.01059
0.00906
0.006008
0.01049
0.01278
0.006008
0.01068
0.0103
0.01574
0.01287
0.01459
0.01135
0.01736
0.01497
0.01459
0.01106
0.01354
0.008202
0.009346
0.006676
0.008488
0.008011
0.006866
0.005531
0.006199
0.005627
0.008965
0.01183
0.005531
0.005531
0.006294
0.007057
0.009918
0.008965
0.01297
0.00658
0.01078
0.00639
0.01202
0.007057
0.008774
0.008965
0.007725
0.005531
0.005913
0.004959
0.007343
0.007629
0.007057
0.009441
0.006008
0.00515
0.004005
0.006676
0.008011
0.01001
0.0102
0.007153
0.01116
0.00639
0.00906
0.01116
0.01869
0.01307
0.01144
0.009155
0.006008
0.008965
0.02089
0.01431
0.01736
0.01278
0.01297
0.0124
0.01411
0.0164
0.01535
0.01345
0.01535
0.01364
0.01488
0.01411
0.01602
0.01516
0.01478
0.01984
0.01831
0.01078
0.01163
0.009155
0.01049
0.007248
0.0104
0.006485
0.009155
0.008106
0.008583
0.007725
0.008678
0.006962
0.01068
0.007629
0.01955
0.02079
0.0226
0.02117
0.02022
0.01345
0.02718
0.01726
0.01259
0.004768
0.005054
0.005245
0.007248
0.007915
0.007915
0.004578
0.007915
0.00658
0.006294
0.005245
0.006294
0.004673
0.005722
0.005627
0.006485
0.00906
0.006104
0.007343
0.008202
0.008965
0.008106
0.008011
0.005054
0.008869
0.007343
0.009537
0.008011
0.09394
0.009346
0.01116
0.0102
0.009155
0.01354
