0.02346
0.02861
0.02346
0.02604
0.02346
0.02861
0.02604
0.02604
0.02604
0.02604
0.02861
0.02861
0.02604
0.02604
0.02604
0.02604
0.02604
0.02861
0.02346
0.02861
0.02346
0.02861
0.02346
0.02604
0.02604
0.02604
0.02604
0.02604
0.02604
0.02861
0.02346
0.02861
0.02604
3.351
34.42
40.14
39.55
39.11
24.02
18.8
30.52
24.95
8.264
18.97
18.87
20.92
24.17
25.98
28.17
28.47
17.53
21.46
24.34
18.26
14.23
8.728
23.49
23.46
26.17
28.71
31.2
32.13
16.38
29.1
27.34
8.679
23.02
23.61
24.37
26.03
27.1
28.17
23.34
26.9
28.12
12.52
12.65
17.33
20.61
23.39
24.58
26.42
27.0
25.63
17.41
23.61
22.97
14.48
14.97
21.58
21.31
21.46
23.32
25.24
27.05
17.07
24.83
29.39
21.63
28.56
13.62
13.48
15.82
15.38
25.2
40.87
40.82
38.96
35.25
34.91
9.68
40.97
39.4
37.3
30.91
36.28
25.83
18.04
21.24
21.39
19.75
9.351
20.39
37.99
38.38
36.33
27.44
30.81
18.26
22.39
17.36
38.18
39.84
37.35
29.64
39.84
31.2
19.53
34.03
35.01
13.57
25.24
35.79
28.81
9.583
34.38
41.65
39.5
38.13
35.11
34.72
26.32
33.11
25.0
8.85
19.19
24.78
27.15
28.32
28.76
27.78
19.7
17.8
17.21
16.55
16.21
17.5
18.95
18.95
11.88
9.558
0.2098
0.07877
0.02556
0.02813
0.02527
0.02747
0.02441
0.02623
0.02441
0.02651
0.02489
0.02699
0.02422
0.02623
0.02394
0.02584
0.02422
0.02632
0.02489
0.02689
0.0247
0.02689
0.0246
0.02699
0.02489
0.02737
0.0246
0.02766
0.02556
0.0267
0.0247
0.02699
0.02489
0.02737
0.02575
0.02747
0.02537
0.02785
0.02537
0.02718
0.02489
0.02699
0.02556
0.02804
0.02537
0.02832
0.02632
0.02832
0.02623
0.02861
0.02632
0.02861
0.02632
0.02804
0.02584
0.02804
0.02575
0.02785
0.02575
0.02785
0.02584
0.03061
0.02527
0.02785
0.02537
0.02689
0.02537
0.02766
0.02556
0.02813
0.02584
0.03195
0.02584
0.02747
0.02575
0.02747
0.02537
0.02699
0.02489
0.02699
0.0247
0.02737
0.02508
0.02785
0.02604
0.02851
0.02575
0.02813
0.02527
0.0268
0.02441
0.02737
0.02441
0.02604
0.0246
0.02785
0.02508
0.02813
0.02527
0.02747
0.02575
0.02747
0.02508
0.02737
0.02375
0.02766
0.02556
0.02861
0.02584
0.02832
0.02527
0.02699
0.02508
0.02699
0.02489
0.02737
0.02527
0.02699
0.02575
0.02747
0.02508
0.02699
0.02508
0.02718
0.02489
0.02737
0.02508
0.02747
0.02575
0.02766
0.02556
0.02813
0.02556
0.02785
0.02489
0.02699
0.02527
0.02737
0.02537
0.02699
0.0246
0.02651
0.02413
0.02604
0.02422
0.02604
0.02441
0.02785
0.02584
0.02813
0.02623
0.02804
0.02537
0.02766
0.02489
0.02651
0.02441
0.02689
0.02489
0.02689
0.02413
0.02604
0.02527
0.02766
0.02537
0.02718
0.02441
0.02632
0.02413
0.02689
0.02356
0.02766
0.02604
0.02813
0.02575
0.02804
0.02584
0.02747
0.02584
0.02651
0.02499
0.02737
0.02508
0.02651
0.02375
0.02604
0.02413
0.02632
1.14
16.55
36.57
37.5
37.79
39.16
39.36
39.4
37.74
33.79
31.15
29.98
30.62
37.16
36.38
37.11
37.6
37.89
25.93
28.52
37.74
40.62
40.28
30.37
32.67
29.44
13.79
37.01
36.38
0.0
31.74
39.26
38.18
39.01
37.06
35.74
37.89
37.79
34.13
31.35
29.49
28.27
27.15
26.9
24.29
24.12
23.97
24.27
25.83
15.87
19.26
23.02
24.85
19.63
21.14
20.48
21.04
23.29
22.14
21.73
20.8
11.0
22.39
22.41
21.02
20.04
21.17
22.56
24.54
25.0
24.78
24.66
24.78
24.61
26.22
26.17
24.39
23.56
24.05
24.63
25.05
25.63
25.39
26.17
25.49
28.08
18.43
20.92
23.1
24.39
25.05
24.88
25.83
26.42
27.34
28.61
17.72
18.92
21.58
22.14
21.8
23.75
26.22
23.58
21.29
22.05
21.41
20.43
19.17
19.9
21.95
23.93
25.15
26.07
25.24
25.68
25.1
25.68
25.93
26.12
27.73
27.29
18.38
20.46
22.34
23.32
24.83
27.83
28.61
23.75
27.88
27.78
18.65
14.14
22.56
23.71
23.95
23.29
23.71
25.29
26.76
26.42
28.17
28.96
28.08
27.93
28.81
26.61
24.24
24.49
25.1
23.49
24.56
22.85
22.66
22.27
21.34
19.43
14.62
19.9
20.43
20.95
22.71
20.8
20.83
21.46
17.72
14.6
22.9
22.88
23.73
23.22
24.32
23.85
23.17
23.0
23.02
23.1
23.8
23.97
22.31
23.75
23.32
23.19
22.68
25.29
26.32
25.34
27.2
40.23
38.77
19.51
39.65
43.21
42.92
34.47
34.13
31.1
26.07
37.35
20.65
25.54
41.31
40.04
35.89
34.62
5.64
42.82
41.7
32.62
40.14
19.48
35.3
37.99
24.05
29.2
32.67
37.65
37.45
0.0
36.72
27.83
13.99
41.75
35.74
39.7
21.78
40.77
33.79
35.35
25.73
39.5
25.54
39.16
19.09
27.25
23.95
16.33
25.93
27.39
13.33
16.48
23.85
23.46
24.34
25.05
26.17
24.61
29.1
40.92
41.55
38.92
40.43
41.21
38.92
36.04
31.84
29.44
27.98
27.78
23.36
17.11
18.82
19.75
21.88
21.97
16.97
17.07
16.11
13.45
16.63
19.78
18.14
20.04
15.38
15.36
41.55
41.75
42.29
41.02
40.53
40.92
41.6
41.7
42.09
42.58
40.67
39.11
38.72
36.87
39.7
40.04
39.31
39.31
39.89
38.43
35.01
33.45
31.01
27.2
23.29
21.97
19.92
17.26
16.8
15.53
17.75
19.78
18.16
18.04
15.62
16.7
20.51
20.63
19.82
20.34
21.29
18.92
15.33
16.6
18.43
18.58
18.75
25.29
12.29
18.14
21.83
24.24
27.69
24.78
11.95
16.41
13.67
15.33
15.87
14.01
15.09
14.82
16.75
15.19
16.38
17.46
17.7
19.46
17.99
15.06
21.68
21.7
21.34
18.99
19.82
23.51
28.61
27.88
13.94
16.53
23.88
32.47
26.17
18.09
27.98
25.39
18.68
12.62
13.18
14.89
24.88
31.84
29.79
28.56
35.79
33.25
35.16
37.6
35.06
31.93
30.42
28.66
36.67
36.43
33.59
31.05
29.1
26.51
25.63
23.46
19.78
21.48
18.92
20.7
35.74
33.84
22.88
22.63
16.14
16.6
24.22
13.75
11.78
16.77
15.43
21.95
23.14
21.41
12.38
14.75
19.43
23.68
22.0
18.14
15.55
12.11
12.84
15.97
20.73
27.54
25.83
4.871
12.87
11.32
16.11
15.43
13.96
15.11
15.36
22.85
17.02
13.06
13.87
14.45
15.65
15.31
15.31
16.89
13.84
17.04
20.41
22.07
13.65
0.8362
0.3975
0.03128
0.02899
0.0267
0.02928
0.02575
0.02966
0.02604
0.02804
0.02575
0.02899
0.02604
0.02899
0.02632
0.02861
0.2918
16.85
15.11
14.45
14.16
16.6
15.04
15.67
15.97
16.43
15.62
13.09
