4.248
4.187
4.065
4.065
4.065
4.065
4.065
4.065
4.065
4.065
4.102
4.26
4.266
4.26
4.187
4.108
4.065
4.065
4.065
4.102
4.065
4.065
4.065
4.065
4.065
4.065
4.065
4.065
4.065
4.065
4.065
4.065
4.065
4.065
4.065
4.065
4.065
4.065
4.065
4.065
4.065
4.193
4.26
4.266
4.26
4.26
4.266
4.26
4.26
4.266
4.26
4.26
4.26
4.26
4.26
4.26
4.266
4.26
4.26
4.26
4.26
4.26
4.266
4.266
4.266
4.266
4.266
4.266
4.266
4.266
4.266
4.266
4.266
4.266
4.266
4.266
4.266
4.266
4.266
4.266
4.266
4.266
4.266
4.266
4.266
4.266
4.266
4.266
4.266
4.266
4.266
4.266
4.266
4.266
4.266
4.266
4.266
4.266
4.266
4.266
4.266
4.266
4.266
4.266
4.266
4.266
4.266
4.266
4.266
4.266
4.272
4.272
4.272
4.266
4.266
4.266
4.266
4.266
4.266
4.266
4.266
4.266
4.266
4.266
4.266
4.266
4.266
4.272
4.272
4.272
4.266
4.266
4.272
4.266
4.266
4.266
4.205
4.077
4.193
4.254
4.077
4.077
4.077
4.071
4.077
4.077
4.077
4.077
4.077
4.077
4.077
4.071
4.071
4.071
4.071
4.077
4.077
4.071
4.077
4.077
4.071
4.108
4.077
4.071
4.071
4.211
4.193
4.114
4.095
4.071
4.071
4.071
4.071
4.071
4.071
4.071
4.071
4.071
4.071
4.071
4.071
4.071
4.071
4.077
4.266
4.23
4.071
4.071
4.071
4.071
4.071
4.071
4.071
4.15
4.266
4.266
4.083
4.041
4.071
4.01
4.083
4.071
4.071
4.132
4.248
4.211
4.26
4.211
4.163
4.193
4.248
4.156
4.071
4.071
4.071
4.083
4.199
4.095
4.211
4.083
4.126
4.23
4.15
4.071
4.071
4.071
4.071
4.266
4.224
4.218
4.266
4.126
4.156
4.175
4.071
4.071
4.12
4.193
4.266
4.187
4.071
4.071
4.071
4.071
4.071
4.102
4.15
4.071
4.065
4.071
4.071
4.071
4.071
4.071
4.071
4.065
4.071
4.065
4.071
4.071
4.071
4.071
4.071
4.071
4.065
4.065
4.065
4.065
4.065
4.065
4.065
4.065
4.071
4.065
4.071
4.071
4.071
4.071
4.071
4.065
4.065
4.065
4.065
4.065
4.248
4.199
4.077
4.071
4.071
4.071
4.071
4.071
4.071
4.169
4.26
4.26
4.26
4.26
4.26
4.26
4.266
4.26
4.26
4.26
4.26
4.26
4.26
4.266
4.26
4.26
4.193
4.071
4.236
4.266
4.266
4.266
4.266
4.266
4.26
4.26
4.26
4.26
4.26
4.26
4.26
4.26
4.26
4.26
4.26
4.26
4.26
4.26
4.26
4.26
4.26
4.26
4.26
4.26
4.26
4.26
4.266
4.26
4.26
4.26
4.266
4.26
4.266
4.266
4.266
4.266
4.266
4.266
4.266
4.266
4.266
4.266
4.266
4.266
4.266
4.266
4.266
4.266
4.266
4.266
4.266
4.266
4.266
4.266
4.266
4.266
4.272
4.272
4.272
4.272
4.272
4.272
4.272
4.272
4.272
4.266
4.266
4.266
4.266
4.266
4.266
4.266
4.266
4.266
4.266
4.266
4.266
4.266
4.266
4.266
4.266
4.266
4.266
4.266
4.266
4.266
4.266
4.266
4.266
4.266
4.266
4.266
4.266
4.266
4.266
4.266
4.266
4.266
4.266
4.266
4.266
4.266
4.266
4.266
4.266
4.266
4.266
4.26
4.266
4.266
4.266
4.266
4.266
4.266
4.266
4.266
4.266
4.266
4.266
4.266
4.266
4.266
4.266
4.266
4.266
4.266
4.266
4.266
4.266
4.266
4.266
4.077
4.071
4.15
4.266
4.205
4.071
4.156
4.248
4.138
4.114
4.065
4.065
4.071
4.126
4.071
4.071
4.065
4.041
4.077
4.15
4.071
4.077
4.23
4.211
4.065
4.077
4.193
4.187
4.181
4.205
4.126
4.083
4.095
4.102
4.26
4.26
4.248
4.236
4.175
4.218
4.26
4.26
4.205
4.199
4.26
4.26
4.095
4.175
4.126
4.26
4.297
4.15
4.181
4.26
4.236
4.095
4.15
4.071
4.065
4.156
4.071
4.138
4.138
4.138
4.266
4.266
4.266
4.26
4.083
4.065
4.071
4.071
4.071
4.065
4.071
4.071
4.071
4.071
4.071
4.065
4.071
4.071
4.071
4.065
4.071
4.065
4.071
4.065
4.071
4.071
4.071
4.065
4.065
4.065
4.065
4.065
4.065
4.065
4.065
4.065
4.065
4.065
4.065
4.065
4.065
4.065
4.065
4.065
4.065
4.065
4.065
4.065
4.15
4.254
4.254
4.254
4.254
4.254
4.254
4.254
4.254
4.254
4.254
4.254
4.254
4.254
4.254
4.254
4.254
4.254
4.254
4.26
4.254
4.254
4.254
4.254
4.254
4.254
4.254
4.254
4.193
4.071
4.071
4.065
4.065
4.181
4.138
4.065
4.181
4.26
4.163
4.071
4.23
4.26
4.26
4.26
4.26
4.26
4.26
4.26
4.26
4.26
4.26
4.26
4.26
4.26
4.26
4.26
4.26
4.26
4.26
4.266
4.266
4.26
4.266
4.266
4.266
4.26
4.266
4.266
4.26
4.266
4.266
4.266
4.266
4.266
4.279
4.266
4.266
4.266
4.266
4.266
4.266
4.266
4.266
4.266
4.266
4.266
4.266
4.266
4.266
4.266
4.266
4.266
4.266
4.266
4.266
4.266
4.266
4.266
4.266
4.266
4.266
4.266
4.266
4.175
4.077
4.077
4.077
4.114
4.272
4.266
4.077
4.077
4.077
4.266
4.266
4.15
4.193
4.272
4.205
4.077
4.077
4.071
4.077
4.077
4.071
4.077
4.138
4.26
4.26
4.266
4.26
4.26
4.26
4.26
4.26
4.26
4.26
4.26
4.26
4.26
4.26
4.26
4.26
4.26
4.26
4.26
4.26
4.26
4.26
4.26
4.26
4.26
4.26
4.26
4.26
4.26
4.26
4.26
4.26
4.26
4.26
4.26
4.138
4.071
4.071
4.23
4.266
4.266
4.199
4.169
4.266
4.26
4.266
4.236
4.071
4.071
4.163
4.163
4.071
4.071
4.071
4.236
4.23
4.071
4.071
4.071
4.071
4.053
4.071
4.071
4.156
4.108
4.163
4.266
4.26
4.23
4.26
4.26
4.266
4.26
4.163
4.236
4.26
4.175
4.224
4.254
4.248
4.254
4.254
4.254
4.254
4.254
4.254
4.254
4.254
4.211
4.23
4.26
4.254
4.071
4.071
4.071
4.138
4.26
4.26
4.224
4.266
4.26
4.26
4.254
4.26
4.224
4.144
4.242
4.126
4.065
4.175
4.26
4.26
4.211
4.071
4.108
