0.47
0.354
0.6485
0.06542
0.1352
0.2892
0.2598
0.5569
0.2594
0.4166
0.1421
0.1087
0.4608
0.06046
0.0001907
0.0
0.0
0.0
0.0
0.0
0.0007629
0.0
0.0
0.4448
0.1368
0.1156
0.4074
0.06542
0.2377
0.1709
0.2533
0.2281
0.457
0.1427
0.1919
0.3517
0.3403
1.398
1.749
1.74
2.032
2.045
1.886
5.054
1.895
2.402
0.6027
0.753
1.569
1.84
1.926
1.862
1.91
1.999
4.877
1.457
1.981
1.134
0.02174
0.3845
0.1898
0.1604
0.2274
0.2987
0.1987
1.584
1.524
1.788
1.43
1.547
1.443
1.685
4.517
1.755
2.267
0.7385
0.3033
0.2155
0.1471
0.2193
0.3338
0.2533
0.4471
0.1642
1.303
1.648
1.547
1.639
1.459
1.602
1.868
4.211
1.541
1.999
1.094
0.2087
0.1919
0.415
0.4639
0.177
0.1566
0.1291
0.3967
0.2785
0.6004
0.4837
0.4234
0.3151
0.1457
0.1032
0.235
0.2815
0.5592
1.523
1.663
1.639
1.767
1.617
1.999
5.212
1.518
2.426
0.5409
0.47
0.3792
0.544
0.3521
0.1829
0.5432
0.4875
0.5165
0.457
0.2243
0.3822
1.23
2.698
2.402
2.551
2.689
5.121
2.536
0.8652
0.4105
0.5043
0.1831
0.3616
0.5363
0.3555
0.4944
0.4211
0.1574
1.526
1.654
1.816
2.066
2.417
4.803
2.859
2.448
1.021
0.09384
1.344
1.846
2.255
2.359
2.426
5.463
1.581
2.56
0.499
0.6897
0.4478
0.3868
0.3834
0.3716
0.05751
0.1373
0.1051
0.3792
0.3998
0.1429
0.2338
0.267
0.001144
0.0
0.0
0.0
0.0
0.0
0.0
0.0
0.0
0.4349
0.1568
0.173
0.4189
0.3746
0.05856
0.6195
0.388
0.3349
0.6073
0.2377
0.1942
0.3494
0.2708
9.537e-05
0.0
0.0
0.0
0.0
0.0
0.0
0.0
0.0
0.0
0.4311
0.396
0.2789
0.2525
0.2434
0.6088
0.275
0.2327
0.4684
0.3002
0.243
0.2316
0.2449
0.2323
9.537e-05
0.0
9.537e-05
0.0002861
0.0
0.0
0.0004768
0.0
0.0
0.0
0.05713
0.3773
0.2808
0.2151
0.5341
0.4089
0.1303
0.3555
0.2308
0.2556
0.7004
0.6363
0.428
0.153
9.537e-05
0.0
9.537e-05
0.0
0.0
0.0
0.0
0.0
0.0
0.0
0.006485
0.173
0.1308
0.0
0.06227
0.248
0.3407
0.3338
0.1728
1.006
0.7545
0.1804
0.7233
0.1619
0.0
0.0
0.0
0.0
0.0
0.0
0.0
0.0
0.0
0.008202
0.2213
0.3407
0.3391
0.5424
0.3754
0.3429
0.1402
0.243
0.1621
0.4402
0.1289
0.06685
0.3445
0.1919
0.4456
0.00248
0.0001907
0.0
0.0
0.0
9.537e-05
0.0
0.0
0.0
0.0
0.0
0.0
0.0
0.02594
0.156
0.0
0.0
0.0
0.0
0.0
0.0
0.0003815
0.0
0.0
0.0
0.0
0.0
0.0
0.0
0.0
0.0
0.0
0.0
0.0
0.0
0.0
0.0
9.537e-05
0.0
0.0
0.0
0.0
0.0
0.0
0.0
0.0003815
0.0
0.0
9.537e-05
9.537e-05
0.0
0.0
0.0
0.0
0.0
9.537e-05
0.0
0.0
0.108
9.537e-05
0.003719
1.03
1.25
1.337
1.436
1.645
1.724
1.703
1.648
1.608
1.715
1.369
1.84
1.727
1.495
1.831
2.13
3.21
3.006
3.055
2.951
3.424
3.073
5.542
7.764
7.251
8.875
8.167
7.703
5.579
3.906
1.013
1.971
2.921
2.914
3.271
2.893
2.768
2.478
2.438
2.17
2.13
2.414
2.396
2.249
2.557
2.393
2.124
2.148
2.115
2.103
8.484
3.204
5.286
5.023
6.445
5.273
4.694
3.436
5.328
3.253
3.931
2.64
2.2
0.7996
0.5913
1.343
1.566
1.534
1.558
1.593
1.477
1.494
1.614
1.572
1.703
1.328
1.289
1.413
1.352
1.418
1.526
1.46
1.55
1.366
1.34
1.384
1.196
1.517
1.596
1.843
1.468
1.541
1.534
1.375
1.657
1.265
1.398
5.737
5.579
2.335
6.287
5.603
6.982
6.616
6.049
5.56
4.181
4.126
2.902
1.23
0.6882
1.382
1.581
1.471
1.657
1.5
1.727
1.718
1.537
1.447
1.457
1.407
1.414
1.305
1.398
1.311
1.288
1.26
1.154
1.178
1.254
1.132
1.07
1.334
1.465
1.218
1.219
1.35
1.248
1.343
1.317
1.343
3.668
6.653
3.253
5.432
3.223
6.024
6.86
4.846
5.45
4.828
3.012
3.943
2.853
1.724
1.303
0.3178
1.393
1.506
1.611
1.639
1.691
1.66
1.675
1.764
1.392
1.404
1.324
1.321
1.639
1.178
1.077
1.073
1.071
1.237
1.099
0.9338
0.9644
0.946
0.8774
1.022
1.111
1.18
1.025
1.305
1.378
1.057
1.146
1.285
1.294
1.593
9.082
3.229
5.89
7.08
7.434
6.372
7.19
4.926
4.401
1.608
1.094
0.8896
1.189
1.697
3.705
1.483
0.5547
0.5714
0.9033
1.143
1.41
3.036
1.886
0.798
0.1715
0.9064
1.152
3.699
2.472
0.2602
1.871
2.661
3.003
0.3048
1.672
1.874
4.547
1.407
0.2697
1.648
2.438
4.541
0.3784
1.736
2.701
4.852
1.012
0.9918
2.124
4.382
0.824
0.8423
3.259
3.186
3.29
3.29
3.381
3.253
3.326
3.339
3.253
3.235
3.198
3.418
3.387
3.467
6.409
7.397
9.961
10.35
8.276
4.865
5.115
2.13
0.9872
2.567
3.223
3.131
2.988
3.235
3.137
3.259
3.088
3.259
3.085
3.217
3.137
3.186
3.4
3.29
7.068
9.314
9.436
8.997
6.946
5.408
3.784
1.459
1.27
2.866
2.991
2.841
2.939
2.676
2.649
2.875
2.74
3.143
3.067
3.07
3.073
3.485
3.278
3.406
5.67
8.984
9.094
9.656
7.532
5.042
4.175
2.264
0.8224
3.302
2.908
2.866
3.192
3.198
2.78
2.838
2.905
3.076
2.982
3.101
3.375
3.143
3.326
3.217
4.749
9.216
9.875
10.4
7.886
5.414
4.565
2.707
1.231
0.2335
1.262
0.1701
1.614
0.1976
1.572
0.2171
1.418
0.2708
0.3525
0.09918
0.1526
0.3853
0.9399
0.9521
0.8621
0.1034
1.773
2.817
2.591
2.817
2.466
2.57
2.396
2.347
2.115
2.496
2.277
2.209
2.292
2.054
2.209
2.267
2.081
2.084
1.944
2.039
2.048
5.768
5.67
3.015
5.151
6.934
7.141
5.963
5.743
4.987
4.175
3.546
1.672
1.189
1.141
1.66
1.993
2.069
2.075
1.984
2.02
1.883
2.045
2.289
2.466
2.454
2.332
2.261
2.322
2.219
2.179
2.295
2.09
2.197
2.274
2.176
2.341
9.937
7.104
8.765
7.739
7.141
4.877
4.437
1.849
0.001907
0.0001907
0.01726
0.4585
0.8591
0.4852
0.3647
0.4135
0.415
0.6462
0.5074
0.5081
0.6554
0.4509
0.1951
0.4219
0.04101
0.09136
0.6882
0.4509
0.4044
0.2209
0.383
9.537e-05
0.0004768
0.0
0.0
0.0
0.0
0.0001907
0.0
9.537e-05
0.0
0.0
0.0
0.0
0.0
0.0
0.0
0.0
0.0
0.0
9.537e-05
0.01831
0.9094
1.14
0.9552
1.05
1.158
0.1926
0.2571
