26.66
14.43
20.24
13.11
18.36
14.92
25.49
28.22
23.78
17.41
21.17
26.03
26.51
13.48
0.5623
0.1406
0.03128
0.02079
0.02604
0.02604
0.02604
1.198
25.44
29.15
19.8
16.82
17.26
12.55
20.48
30.71
29.83
14.82
17.58
15.45
13.35
17.53
15.21
12.74
25.63
31.15
31.25
32.03
32.91
28.08
29.93
31.3
18.99
9.839
33.15
33.11
35.11
34.38
30.57
31.54
30.13
18.46
15.36
15.5
28.81
32.57
14.18
24.17
31.84
33.98
33.69
34.77
26.03
33.5
22.12
14.28
16.26
16.6
29.15
31.25
9.204
35.84
35.94
32.52
35.01
30.18
34.67
25.05
12.72
23.44
31.4
31.64
28.96
29.79
27.73
34.72
24.73
13.67
32.08
32.08
30.66
31.74
23.07
21.26
27.59
18.14
15.04
16.04
20.95
26.42
10.33
31.01
32.76
32.13
33.64
27.98
17.24
32.37
18.75
14.97
27.78
34.38
36.43
34.52
30.52
30.86
22.66
28.17
27.29
14.53
17.29
13.89
24.68
25.93
26.95
14.14
15.23
15.38
21.07
26.61
28.96
11.08
22.61
34.03
32.03
32.28
32.81
21.41
25.54
27.49
17.5
25.0
27.88
21.22
12.62
31.74
33.89
32.71
30.66
28.17
26.42
29.1
21.58
25.34
24.71
26.07
10.78
29.3
32.03
29.2
27.15
25.98
22.8
15.14
29.25
24.39
11.02
5.096
12.07
20.73
15.87
16.38
21.34
27.29
27.2
18.95
15.65
13.31
0.1719
0.06771
0.02604
0.02604
0.02604
0.02604
0.02604
0.02604
0.02604
9.497
14.31
5.298
14.82
16.55
14.89
15.38
28.32
30.66
19.53
18.16
17.11
15.43
13.28
15.16
0.177
0.09899
0.02604
0.03128
0.02604
0.03128
0.02604
0.02604
0.03128
13.77
15.33
22.0
27.59
25.68
8.96
12.96
13.82
14.38
14.94
17.29
20.36
27.83
28.42
9.692
0.8224
0.2342
0.03128
0.03128
0.02604
0.02604
0.03128
0.02604
0.03128
11.84
13.75
13.77
14.67
15.99
16.97
17.43
15.36
14.82
17.48
16.65
19.51
19.19
20.65
28.96
29.64
14.55
0.7553
0.2865
0.02604
0.02604
0.02604
0.02604
0.02604
0.9171
14.31
5.585
5.005
11.68
18.7
6.274
19.46
14.11
17.07
29.15
27.29
14.11
27.78
28.52
17.65
0.7706
0.3853
0.02604
0.03128
0.02604
0.02604
0.02604
3.351
15.26
25.78
27.54
19.85
15.28
14.84
17.11
23.14
26.42
25.73
14.11
13.99
15.43
15.5
6.232
0.1616
0.05207
0.02604
0.02604
0.03128
0.02079
0.03128
0.02079
0.03128
0.02604
11.27
14.06
16.8
12.34
14.18
10.4
18.7
27.29
27.93
1.99
11.43
0.1719
11.68
9.875
0.1719
0.07811
0.03128
0.02079
0.02604
0.02604
0.02604
0.02604
0.02604
0.02604
0.7347
9.79
18.07
28.76
26.37
1.822
0.531
0.06247
0.03128
0.02079
0.02604
0.02604
0.03128
0.02604
0.02604
0.02604
0.02604
0.02604
0.03128
0.02604
0.02604
0.02604
0.02604
11.12
11.96
12.22
16.8
11.57
11.66
17.9
21.73
23.34
20.9
14.97
27.29
28.66
26.9
24.98
21.02
18.19
15.41
15.99
16.7
17.31
18.77
18.9
19.07
19.41
24.46
32.37
28.42
27.69
27.98
25.68
23.78
21.92
20.19
18.92
19.41
22.07
26.61
10.46
10.07
15.5
16.58
19.29
20.02
21.44
21.14
26.32
18.8
17.58
18.92
17.8
15.89
7.91
9.973
20.83
21.97
21.41
21.39
23.22
34.33
34.28
32.86
33.64
32.08
31.3
33.94
33.79
35.4
32.47
28.91
33.2
34.77
34.72
32.13
10.1
13.55
24.32
32.03
25.39
20.34
31.25
25.68
22.63
20.19
18.7
13.21
3.046
25.68
25.73
27.54
33.64
33.35
31.01
29.64
33.94
33.84
30.32
33.4
31.88
29.98
27.93
27.59
27.34
27.44
27.1
27.54
33.2
22.09
14.62
25.83
36.28
34.62
34.18
28.08
26.66
26.61
24.71
3.436
24.95
33.89
33.06
35.06
34.86
34.28
34.81
35.16
32.32
31.49
31.49
32.62
32.32
33.84
34.08
33.35
33.35
31.35
31.84
10.89
11.93
19.09
32.32
30.42
29.88
29.49
27.15
29.05
25.63
11.87
11.96
32.18
31.4
32.32
32.86
32.67
34.03
33.4
33.74
34.08
34.96
31.49
31.98
32.67
34.18
34.23
34.67
34.86
32.37
16.14
22.49
34.62
30.52
22.14
12.07
9.607
20.04
26.61
24.05
20.73
23.97
3.168
33.25
34.72
33.89
35.21
36.08
35.89
36.23
35.69
35.64
35.89
35.99
33.69
33.01
33.74
33.54
34.13
35.25
20.63
18.07
20.65
19.92
12.6
8.313
7.41
16.04
6.458
11.18
11.41
10.08
16.38
19.51
21.46
17.72
21.02
15.72
35.94
35.21
22.22
25.98
27.78
11.22
21.48
35.21
33.35
21.63
31.4
9.363
26.03
33.59
24.88
28.86
10.1
31.79
34.91
34.38
35.11
34.47
33.79
33.25
34.67
35.01
35.01
31.69
31.84
34.86
35.01
35.01
34.57
34.72
34.96
12.92
11.76
30.08
13.38
12.87
5.774
8.801
17.19
9.583
11.38
9.558
13.18
23.34
20.41
16.85
21.04
9.07
24.83
36.62
36.47
36.62
36.67
35.89
35.16
35.21
34.52
35.6
35.16
33.84
33.4
32.37
32.18
33.64
33.74
30.13
15.65
32.08
29.05
14.23
19.58
15.89
14.45
18.99
31.49
19.82
22.12
13.18
23.58
34.33
34.03
34.08
33.94
31.84
34.23
36.13
36.87
35.5
33.69
32.08
31.54
34.33
35.06
35.79
34.81
32.37
24.24
14.82
30.22
32.42
30.47
31.64
30.42
24.93
26.17
29.59
9.326
22.05
29.74
25.2
31.49
31.54
17.97
16.6
15.06
26.42
19.26
31.45
19.41
28.47
20.39
22.14
22.44
30.57
29.35
21.34
27.93
31.49
30.42
15.45
25.05
23.93
22.9
22.24
22.44
35.25
35.55
36.47
35.64
35.94
35.99
36.28
35.16
32.67
34.91
33.2
30.13
32.76
33.74
33.74
34.67
35.3
20.61
28.08
36.62
34.28
32.47
32.37
31.64
28.47
21.29
14.6
21.95
27.34
31.79
29.2
17.19
28.37
31.15
20.56
21.34
22.34
18.24
21.09
20.02
19.24
18.68
22.49
29.15
30.71
22.22
29.15
30.52
21.48
26.51
29.39
26.86
14.65
19.29
25.54
30.91
29.39
17.19
17.48
14.99
16.11
22.73
33.89
30.52
33.69
34.28
34.03
34.33
34.23
33.45
33.94
33.98
34.23
34.18
33.25
33.84
34.23
34.81
35.11
31.59
13.35
21.9
21.85
13.23
4.706
8.765
3.18
8.264
9.973
8.24
5.878
5.951
8.008
6.885
6.006
4.663
5.634
7.422
5.06
7.239
6.86
3.534
14.45
11.51
9.497
17.94
1.819
0.09899
0.02604
0.02604
0.02604
0.02604
0.02079
0.02604
0.02079
18.24
19.46
19.75
19.7
19.68
4.871
0.1667
12.89
