10.91
10.85
10.85
10.89
10.69
10.88
10.86
10.6
10.66
10.66
10.38
10.27
9.924
10.05
10.11
10.28
10.28
10.51
10.46
10.51
10.64
10.29
10.11
10.08
10.08
10.08
10.08
10.24
10.42
10.51
10.35
10.46
10.47
10.64
10.86
10.85
10.88
10.96
10.94
11.07
11.22
11.06
11.17
11.3
11.28
11.49
11.04
11.08
11.15
11.06
11.06
11.24
11.16
11.32
11.36
11.63
11.47
11.04
10.85
10.99
11.34
11.54
11.38
11.44
11.34
11.52
10.96
10.77
10.93
11.05
11.32
11.16
10.53
10.47
10.55
10.68
10.67
10.57
10.57
10.55
10.8
10.86
11.05
11.06
11.06
11.06
11.21
11.29
11.21
11.06
11.15
11.07
11.06
11.06
11.13
11.24
11.3
11.24
11.28
11.57
11.5
11.36
12.44
11.82
11.6
10.9
10.86
10.97
11.07
10.9
11.05
10.93
11.02
10.68
10.61
10.51
10.67
10.72
10.47
10.52
10.8
10.17
9.998
9.985
10.13
10.47
10.53
10.5
10.77
10.55
10.28
10.79
10.21
10.19
10.11
10.25
10.22
10.19
10.39
10.1
10.29
10.23
10.33
10.39
10.35
10.31
10.36
10.5
10.53
10.47
10.62
10.66
10.68
10.82
10.85
10.91
10.9
12.19
11.18
10.88
11.24
10.82
10.71
10.79
10.61
10.67
10.77
10.85
11.01
11.3
11.15
10.88
10.4
10.52
10.73
11.01
11.17
10.82
10.86
10.86
11.04
10.67
10.71
10.85
11.6
11.16
10.78
10.23
10.13
10.3
10.38
10.49
10.5
10.57
10.67
10.41
10.45
10.35
10.47
11.96
11.12
11.25
11.12
10.88
10.88
11.05
11.25
11.12
11.1
11.11
10.94
10.9
11.04
11.4
11.67
11.27
11.11
11.54
11.49
11.56
11.66
11.68
11.63
12.55
11.66
11.58
11.28
10.67
10.75
11.05
11.1
11.21
11.19
11.29
11.12
11.13
11.16
11.24
11.02
10.5
10.61
10.67
10.79
10.83
10.88
10.93
10.74
10.82
10.68
10.34
10.17
10.08
10.34
10.5
10.35
10.27
10.24
10.41
10.42
10.74
10.21
10.14
10.17
10.1
10.38
10.47
10.68
10.41
10.51
10.42
10.5
10.73
10.77
11.04
10.94
10.8
10.67
10.77
10.86
11.02
11.29
11.43
11.15
11.21
11.23
11.23
11.35
11.44
11.47
11.29
11.35
11.33
11.32
11.13
11.1
11.27
11.25
11.46
11.19
10.99
10.86
10.86
10.86
11.01
11.13
11.38
11.16
11.06
11.25
10.91
10.73
10.67
10.77
10.57
10.75
11.28
11.73
11.45
11.45
11.47
11.5
11.45
11.57
11.61
11.46
11.65
11.65
11.78
11.6
10.56
9.741
9.705
9.9
9.79
9.534
9.619
9.705
9.705
9.851
9.57
9.509
9.57
9.705
9.924
9.839
9.558
9.753
9.741
9.656
9.717
9.705
9.79
10.16
10.17
10.11
10.14
10.1
10.28
10.11
9.729
9.888
9.949
9.924
10.18
10.29
10.38
9.9
9.888
9.961
9.705
9.509
9.497
9.546
9.705
10.38
9.692
9.692
9.729
9.167
8.948
9.07
9.192
9.436
9.68
9.692
9.692
9.766
9.692
10.07
9.558
9.143
9.106
9.387
9.57
9.595
9.387
9.509
9.717
9.778
10.02
10.07
9.949
9.888
9.998
10.08
10.13
10.13
10.1
10.19
10.13
10.1
10.4
10.31
10.35
10.36
10.35
10.55
10.42
10.31
10.27
10.31
10.39
10.4
10.46
10.56
10.46
10.08
10.08
10.17
10.31
10.6
10.3
10.4
10.29
10.3
10.34
11.21
10.62
9.985
10.19
10.36
10.36
10.46
10.51
9.863
9.631
9.692
10.31
10.21
10.19
9.753
9.766
10.86
10.21
10.12
10.31
10.21
10.11
10.19
10.27
10.27
10.34
10.62
10.55
10.55
10.44
10.18
10.44
10.73
10.66
10.64
10.53
10.44
10.39
10.62
12.1
12.13
10.94
10.88
10.86
10.9
10.91
11.01
11.1
10.82
10.71
10.75
10.71
10.91
10.88
11.05
11.36
11.21
11.19
10.58
10.64
10.67
10.36
10.28
10.47
10.56
10.36
10.29
10.62
10.6
10.11
10.29
10.6
10.28
10.17
10.21
10.33
10.16
10.06
10.21
10.47
10.51
10.47
10.49
10.61
10.66
10.4
9.888
10.1
10.23
10.33
10.11
10.07
10.25
10.19
10.39
10.62
10.39
10.35
10.31
10.46
10.47
10.6
10.68
10.86
10.82
10.66
10.78
10.95
10.73
10.86
10.94
11.15
11.23
10.57
10.68
10.73
10.85
11.04
11.07
11.22
10.88
10.8
11.07
10.33
10.31
10.39
10.47
10.49
10.72
10.57
10.67
10.63
10.47
10.68
10.38
10.34
10.39
10.63
10.45
10.53
10.71
10.68
15.77
16.04
16.06
16.06
16.09
16.09
16.09
16.09
16.09
15.75
15.53
15.58
15.7
16.09
16.09
16.11
16.09
16.09
15.62
15.58
15.72
15.11
14.18
14.16
14.18
14.36
14.36
14.36
14.36
13.96
13.89
13.87
13.96
14.09
13.57
13.48
13.01
13.01
13.13
13.4
13.38
13.38
13.43
13.5
13.21
13.11
13.18
12.84
12.7
12.79
12.82
12.96
12.99
13.11
12.38
10.8
10.33
10.28
10.39
10.79
10.88
11.06
11.05
11.06
10.95
11.05
11.17
10.49
10.46
10.46
10.5
10.47
10.66
10.97
11.01
11.25
12.04
11.06
11.15
10.93
11.05
11.05
11.19
11.24
11.12
11.16
11.43
11.24
11.3
11.51
11.62
11.76
11.24
11.33
11.3
11.15
11.24
11.46
11.63
11.41
11.17
11.4
11.58
11.19
11.23
11.13
12.21
12.37
11.44
11.12
11.16
11.33
11.24
11.5
11.1
10.67
10.51
10.56
10.27
9.705
9.888
9.949
10.1
10.24
10.08
10.34
10.29
10.27
10.08
10.24
10.28
10.39
10.62
10.5
10.63
10.47
10.68
10.82
10.93
11.12
10.95
10.68
10.77
10.85
11.04
