24.49
26.46
22.78
10.89
15.8
12.16
15.87
17.21
24.73
25.54
14.09
21.53
24.17
24.29
8.643
0.7477
0.2628
0.02861
0.02346
0.02861
0.02604
0.02861
0.02346
0.02861
0.02604
11.93
0.1328
0.1068
9.058
3.217
0.1303
1.552
8.948
18.53
30.22
32.23
31.74
31.79
29.88
18.9
29.1
25.78
18.6
14.7
31.05
31.64
32.57
33.06
30.86
25.83
31.35
23.0
12.99
23.32
27.39
23.88
20.43
28.03
27.54
14.36
16.48
13.53
17.24
31.98
33.3
33.4
32.76
24.73
31.74
28.56
17.04
13.11
16.48
14.33
33.74
34.52
34.38
31.98
28.96
33.06
24.46
14.84
9.839
30.71
30.76
30.76
29.93
31.4
28.27
31.93
19.63
18.36
33.64
31.93
32.81
33.4
27.78
31.25
16.99
8.777
25.63
34.23
33.74
34.52
27.54
32.52
27.69
9.021
27.59
32.67
32.71
34.28
31.64
33.5
27.44
17.75
20.31
18.04
24.68
30.08
24.95
6.384
30.91
33.11
34.57
34.03
28.91
29.39
26.9
17.09
18.55
16.94
17.09
18.92
4.474
24.19
31.69
31.59
32.08
32.42
25.1
33.3
27.88
18.73
19.04
14.72
19.82
24.0
28.76
25.68
20.78
27.88
26.71
14.75
25.78
28.17
23.34
9.973
29.79
30.71
31.49
30.91
30.08
19.36
28.86
25.15
14.99
16.6
17.53
17.26
16.92
17.33
17.65
17.63
18.31
17.77
14.75
16.41
15.23
16.21
18.36
6.042
0.1667
0.06247
0.02604
0.02604
0.02604
8.203
16.65
15.94
17.04
15.16
7.092
11.47
15.11
12.35
10.5
15.48
15.67
16.6
19.9
23.19
21.66
19.9
15.09
15.6
0.2552
0.1406
0.02604
0.03128
0.02604
6.494
15.92
15.09
16.14
16.63
14.11
15.31
14.21
11.6
13.96
10.77
10.36
12.48
12.5
11.65
15.7
14.48
14.45
16.55
21.17
9.167
0.75
0.2762
0.02604
6.531
12.21
10.08
14.48
13.48
13.72
12.96
12.34
12.46
12.89
13.26
14.06
14.5
18.14
21.41
21.02
10.22
17.46
14.45
17.24
23.07
22.58
19.75
1.25
7.812
15.7
13.18
0.2342
6.006
11.68
19.85
15.06
9.839
11.58
17.14
19.82
20.8
22.07
12.01
12.94
12.7
12.55
8.643
0.2083
0.07811
0.03128
0.03643
0.03128
5.798
12.65
16.28
16.77
18.14
20.61
9.778
16.04
12.89
14.97
14.26
14.23
16.14
18.58
10.57
14.75
17.77
17.26
19.09
19.21
5.841
0.6874
0.1823
0.02604
5.524
13.5
12.38
13.92
10.71
13.89
13.04
16.65
19.38
20.09
21.24
10.75
14.45
13.04
13.67
14.99
19.78
20.56
22.29
11.79
0.7858
0.349
0.02604
0.02604
6.506
12.77
15.26
17.68
17.33
15.8
11.66
11.72
15.06
14.48
15.82
15.04
15.45
15.21
12.43
12.4
4.34
12.05
9.387
0.2342
0.09375
0.02604
0.03128
0.02604
7.886
15.38
14.72
13.06
15.43
14.77
12.39
14.62
17.8
6.885
29.54
30.27
31.35
32.37
33.01
33.01
33.06
31.05
32.28
33.5
33.2
30.81
30.13
31.1
31.88
31.3
31.74
33.01
33.11
29.54
20.97
33.79
33.84
32.86
32.08
22.41
22.95
26.32
24.34
6.348
18.46
31.69
27.88
27.78
31.69
33.64
33.35
31.3
30.27
29.74
31.25
30.62
30.62
30.76
31.93
33.98
32.86
31.88
32.52
33.69
25.34
12.01
24.66
32.57
25.39
24.98
31.45
25.15
27.73
28.17
22.49
5.975
31.2
27.88
32.03
33.89
33.98
30.66
30.57
31.05
31.4
33.79
33.54
33.35
32.76
31.59
31.45
30.91
31.54
32.03
30.81
20.36
22.78
33.35
32.76
31.54
27.98
19.73
22.14
25.44
25.78
11.29
15.23
29.15
30.42
30.52
30.47
30.57
31.05
31.15
30.76
31.45
30.42
31.25
31.88
31.1
29.35
29.44
30.18
30.27
30.47
29.25
31.01
18.29
22.31
31.49
30.32
30.91
30.62
22.97
22.41
20.17
21.83
18.46
3.284
17.41
28.96
30.37
29.49
28.37
30.71
30.18
27.93
27.59
27.83
28.32
29.05
27.54
29.98
29.93
30.81
29.93
29.15
29.44
29.25
29.83
30.62
16.94
15.87
27.34
25.83
28.66
29.54
30.18
19.24
24.07
26.17
18.87
8.252
8.423
28.52
29.39
31.3
30.91
30.62
29.2
28.47
27.54
28.22
28.27
28.56
29.15
29.69
30.57
30.86
30.27
29.69
26.76
29.35
30.08
30.08
22.05
19.68
27.39
27.29
26.86
24.83
26.17
24.07
22.56
23.34
24.29
13.99
1.219
23.66
28.47
29.1
27.29
24.32
27.78
21.29
17.5
28.61
28.56
23.95
27.93
20.07
24.17
24.95
17.46
22.73
21.8
24.44
17.31
23.36
23.05
23.36
11.71
27.34
23.85
22.88
23.46
24.29
19.12
23.07
22.53
15.77
14.06
23.54
27.25
20.53
22.07
24.51
11.43
22.19
20.51
19.78
14.18
20.21
26.22
4.388
26.9
27.59
28.61
26.56
28.27
27.88
29.93
26.66
26.07
27.98
27.34
30.03
28.47
30.37
28.47
30.96
31.3
30.81
31.54
31.05
31.64
27.78
21.22
32.96
32.71
32.23
30.91
24.54
24.41
25.44
24.19
9.192
20.87
31.45
29.39
32.81
32.96
33.3
32.57
31.84
32.23
33.11
33.4
33.94
34.18
33.98
34.42
33.69
32.52
33.45
32.37
18.24
29.98
34.18
32.71
32.47
28.03
26.76
29.93
26.27
5.273
28.22
31.05
32.81
32.32
34.62
33.64
31.69
31.4
31.15
32.32
31.74
32.18
32.62
32.76
31.69
33.54
32.96
33.64
33.25
19.95
11.77
29.2
32.96
30.18
30.91
28.22
26.17
28.66
26.03
10.18
19.8
27.1
29.0
18.9
22.63
25.88
26.86
22.68
5.792
32.57
32.37
31.74
31.98
32.28
32.52
32.81
33.01
33.35
33.64
33.2
33.06
33.25
33.69
32.91
32.47
32.52
32.81
31.84
18.87
33.3
32.13
32.28
32.42
28.17
28.47
27.88
22.29
4.999
30.96
31.45
28.71
28.32
28.86
29.3
32.03
31.2
28.66
28.81
30.22
31.54
31.69
31.74
30.18
29.69
31.3
31.4
31.4
31.59
31.05
14.18
26.56
29.39
31.45
30.27
27.98
15.41
18.95
25.54
26.22
18.07
16.31
20.87
25.83
24.49
13.28
13.48
21.9
25.54
26.66
19.26
5.493
27.78
30.91
31.01
31.05
31.49
30.66
30.32
30.66
30.47
29.59
30.22
30.32
31.45
31.3
30.91
30.08
29.79
29.54
30.08
31.1
26.03
19.82
31.54
31.84
30.91
29.25
26.56
22.58
24.32
26.03
13.57
0.1406
0.06247
0.02604
0.02604
0.02604
0.02604
0.02604
0.02604
0.03128
0.02079
0.02604
0.02604
0.02604
0.02604
0.02604
0.02604
17.97
15.77
17.48
18.21
19.46
19.34
16.43
19.29
20.43
11.46
11.18
