6.024
6.024
6.024
6.024
6.024
6.024
6.024
6.024
6.024
6.024
6.024
6.024
6.024
6.024
6.024
6.024
6.024
6.024
6.024
6.024
6.024
6.024
6.024
6.024
6.024
6.024
6.024
6.024
6.024
6.024
6.024
6.024
6.116
8.862
14.75
16.36
17.04
17.53
17.87
18.16
18.31
15.62
14.36
12.87
11.17
9.924
15.14
16.33
16.94
17.46
17.72
18.07
17.9
15.38
14.48
12.77
10.66
8.667
8.447
9.937
15.14
16.38
16.99
17.55
17.9
18.29
17.04
14.58
12.99
10.46
9.131
16.92
20.85
20.46
16.72
9.009
14.14
16.09
16.87
17.43
17.72
18.09
17.97
15.41
14.04
12.87
9.985
14.87
16.28
17.02
17.53
17.8
18.16
15.99
14.53
13.38
11.11
9.875
8.728
8.74
8.85
8.899
10.52
18.51
20.83
20.75
18.55
18.12
10.97
8.948
14.62
16.21
16.85
17.43
17.82
18.16
16.21
14.45
13.87
12.67
9.558
9.705
9.192
8.74
9.46
9.058
9.314
9.79
8.862
9.839
10.88
18.55
20.78
19.85
18.41
17.55
16.75
16.99
17.63
18.02
18.24
15.82
14.5
13.84
10.78
9.363
9.412
13.43
20.31
20.65
18.29
18.04
11.52
16.58
20.73
20.19
11.56
9.558
12.21
15.72
16.6
17.11
17.58
17.82
18.19
16.75
14.38
12.74
10.67
8.936
8.838
8.96
8.911
8.997
9.29
12.84
20.04
20.85
20.09
17.92
12.74
8.386
6.213
6.219
6.219
6.219
6.219
6.219
8.789
9.106
16.63
20.83
20.39
18.48
10.06
8.789
9.241
8.508
8.838
8.936
9.094
9.143
9.082
8.899
8.911
8.936
6.396
6.219
6.219
6.219
6.219
6.219
8.74
8.899
9.155
16.85
20.8
20.31
18.16
15.82
8.911
13.87
20.34
20.85
19.97
17.92
14.89
8.838
8.936
11.89
19.07
20.75
20.48
16.24
6.628
6.262
8.594
9.375
16.99
20.78
20.7
17.58
13.45
19.87
20.85
19.65
17.99
9.692
8.948
8.887
9.363
9.338
12.7
19.9
20.85
19.82
13.43
6.677
6.25
6.219
8.252
9.265
8.936
9.045
13.28
20.17
20.83
18.8
12.5
9.692
8.704
8.728
9.656
8.936
15.21
20.63
20.85
19.85
14.65
6.653
6.262
6.219
6.219
6.219
8.582
8.667
8.96
9.045
9.363
8.923
8.85
9.131
9.204
9.302
11.78
18.97
20.75
20.78
19.53
18.46
12.02
8.508
6.421
6.226
6.219
6.219
6.219
6.219
8.154
8.752
8.472
8.557
8.667
9.143
8.997
9.082
8.533
8.447
11.13
19.14
20.83
20.83
18.58
16.24
12.94
20.24
20.85
19.95
11.67
6.592
6.238
6.219
6.689
8.521
9.277
16.43
20.7
20.75
19.85
17.82
9.534
10.96
19.04
20.85
20.83
18.77
10.3
8.618
9.045
10.12
18.82
20.85
20.34
12.6
6.616
6.311
7.275
9.094
8.984
14.45
20.53
20.85
19.9
11.01
9.277
14.92
16.72
17.38
17.87
18.09
18.43
18.73
18.95
19.04
19.31
19.36
19.36
19.43
19.51
19.68
19.7
19.9
19.9
19.95
20.12
20.17
20.31
20.34
20.43
18.58
20.48
20.83
20.85
20.73
19.38
17.53
17.33
17.11
11.84
14.38
16.46
17.16
17.68
18.07
18.29
18.65
18.97
19.09
19.17
19.36
19.46
19.53
19.65
19.73
19.87
19.92
19.97
20.21
20.31
20.51
18.99
19.65
20.29
20.68
20.75
20.68
20.65
19.87
17.68
17.63
17.6
16.38
11.02
16.11
17.26
17.87
18.29
18.58
18.9
19.09
19.24
19.36
19.53
19.56
19.7
19.73
19.85
19.92
20.12
20.24
20.36
19.26
19.95
20.78
20.8
20.46
19.51
18.38
18.33
13.26
14.11
17.16
18.02
18.46
18.87
19.07
19.26
19.48
19.53
19.68
19.85
19.92
20.02
20.19
20.34
20.51
20.21
18.92
20.83
20.85
20.8
18.85
17.24
17.24
12.74
14.36
17.14
17.9
18.29
18.73
19.02
19.21
19.36
19.43
19.56
19.65
19.78
19.92
19.97
20.12
20.24
20.39
20.51
20.17
19.04
20.8
20.78
20.65
19.65
18.58
18.53
16.43
12.21
16.72
17.68
18.14
18.48
18.92
19.14
19.29
19.43
19.56
19.7
19.73
19.85
19.92
20.0
20.12
20.29
20.48
19.7
19.41
20.85
20.85
20.85
19.31
17.63
17.63
12.7
15.06
17.14
17.85
18.26
18.68
19.04
19.17
19.34
19.51
19.58
19.73
19.82
19.92
20.09
20.12
20.24
20.41
20.51
18.6
20.07
20.83
20.61
20.43
19.02
18.02
18.02
17.48
11.13
16.11
15.55
13.21
13.55
19.63
19.17
12.11
15.16
16.58
17.14
14.14
13.89
10.8
12.7
16.43
14.92
13.09
10.46
14.77
16.46
15.84
13.01
12.96
12.84
16.8
19.9
19.29
13.26
12.4
16.46
15.14
13.06
11.11
12.89
16.41
15.31
13.26
9.961
14.31
17.14
17.99
18.33
18.75
19.04
19.21
19.36
19.53
19.7
19.73
19.85
20.0
20.12
20.17
20.31
20.41
20.51
20.46
18.21
20.83
20.78
20.29
19.82
16.77
16.04
15.14
10.61
16.6
17.7
18.26
18.7
19.04
19.31
19.34
19.46
19.63
19.78
19.92
19.92
20.07
20.24
20.46
20.46
18.82
20.78
20.58
19.87
18.48
17.02
16.82
11.45
15.97
17.58
18.24
18.7
19.02
19.29
19.41
19.53
19.68
19.82
19.92
20.12
20.31
20.41
20.51
18.33
20.7
20.75
20.46
19.46
17.92
16.65
16.24
8.618
13.09
12.6
9.814
12.12
10.14
13.65
12.52
18.99
20.09
19.36
11.27
12.29
10.12
12.82
11.22
12.1
9.753
10.89
10.01
10.03
10.93
11.39
9.631
12.01
9.204
12.04
8.911
14.06
17.26
17.97
18.33
18.7
19.04
19.29
19.38
19.53
19.65
19.75
19.92
19.92
20.12
20.12
20.19
20.36
20.51
20.56
18.82
19.95
20.85
20.85
20.85
19.68
17.31
17.24
17.24
13.01
10.08
10.06
9.265
9.399
9.595
9.082
14.53
20.83
19.6
14.92
15.43
16.89
17.58
18.12
18.41
18.7
18.97
19.14
19.34
19.46
19.53
19.53
19.56
19.73
19.82
19.92
19.92
20.04
20.12
20.12
20.12
20.43
20.48
20.48
18.75
19.95
20.09
20.53
20.85
20.85
20.85
19.65
18.6
17.58
17.43
12.84
9.265
11.23
16.11
19.97
20.34
19.24
11.35
9.424
9.058
9.192
9.314
9.216
9.253
9.106
11.5
19.87
20.83
19.12
16.04
10.25
18.58
20.85
19.95
10.78
6.592
6.421
6.409
6.409
6.409
6.409
6.409
6.409
6.409
6.409
6.409
6.409
6.409
6.409
6.409
6.409
6.409
6.409
7.019
9.326
9.692
9.998
15.55
20.8
16.63
10.01
9.961
11.84
20.19
