29.64
34.03
19.29
26.95
32.52
20.7
21.12
17.87
24.71
31.88
27.64
17.7
14.4
12.44
0.1965
0.07687
0.02804
0.0247
0.02804
0.02413
2.551
17.99
9.497
0.2045
14.36
15.48
23.0
33.89
27.25
18.65
24.17
32.23
27.49
26.32
33.35
22.19
28.37
33.59
18.77
0.9186
0.4349
0.03128
0.02804
9.741
12.87
15.43
1.373
7.703
7.385
26.22
34.23
22.58
32.32
31.25
16.75
15.89
15.77
17.97
12.84
19.97
31.88
28.12
33.64
37.6
36.96
36.72
34.67
33.98
9.875
27.2
39.26
39.6
38.92
38.09
38.28
39.16
38.13
34.52
36.18
38.33
39.16
39.21
34.62
33.74
32.18
31.93
31.01
30.42
31.88
33.15
31.35
32.52
32.96
31.54
33.01
34.03
33.89
36.43
32.32
11.21
10.89
10.67
10.47
8.398
15.67
11.19
18.21
4.303
3.851
3.192
5.383
31.35
36.96
37.01
33.94
34.42
35.25
35.06
33.64
7.703
34.42
38.04
36.67
37.3
38.96
37.94
36.62
34.86
34.38
35.5
35.64
35.55
36.08
35.01
35.64
36.23
36.91
35.4
33.94
34.28
34.42
35.25
35.25
35.11
34.18
35.45
35.55
36.13
26.56
11.24
10.95
10.77
9.961
7.361
16.43
19.82
7.422
4.352
3.4
3.882
21.56
38.04
37.01
35.79
35.25
34.72
31.84
32.23
16.87
17.58
39.16
37.55
37.5
37.06
36.62
36.43
36.52
33.54
32.96
34.96
36.77
37.4
36.23
36.47
37.99
37.35
37.26
35.64
34.03
34.96
35.11
34.42
34.77
33.4
32.91
33.89
34.81
33.94
17.99
10.6
10.34
10.31
9.888
6.958
16.41
19.19
7.874
4.388
3.436
3.821
15.62
35.01
35.06
36.33
37.6
36.52
35.55
33.59
25.1
8.765
37.65
37.16
35.79
35.01
35.01
33.98
34.38
35.11
34.28
34.13
35.5
36.38
35.45
35.16
34.52
35.25
35.4
35.06
33.01
30.76
31.84
32.42
32.13
30.76
30.22
29.64
30.52
31.49
32.52
33.35
30.27
10.52
10.6
10.71
10.67
8.789
14.45
9.412
20.85
4.425
4.083
3.03
3.259
16.55
37.74
38.09
37.74
37.84
35.6
34.28
35.25
8.081
35.4
39.45
36.62
36.72
35.74
35.3
35.3
36.04
33.15
33.2
31.88
31.2
30.03
31.01
30.91
30.22
31.15
31.49
31.4
31.05
29.05
27.83
27.25
28.37
28.61
29.39
29.15
30.37
28.37
29.1
30.37
30.57
24.0
10.41
10.05
9.851
9.79
8.228
9.583
13.23
14.14
11.22
3.68
2.975
3.455
1.901
0.4478
0.08726
0.02604
0.02346
0.02604
0.0247
0.02737
0.02346
0.02604
0.02213
0.02604
0.02346
0.02604
0.02346
0.0247
0.0247
0.02537
0.02279
0.0247
0.02604
0.02604
0.0247
0.02737
0.02346
0.02604
0.02346
0.02604
0.02346
0.02604
0.0247
0.02737
0.0247
0.02737
0.0247
0.02737
0.02604
0.02604
0.02346
0.02737
0.02346
0.0247
0.0247
0.02604
0.02346
0.02604
0.02604
0.02737
0.02604
0.02737
0.0247
0.02604
0.0247
0.02604
0.02346
0.02861
0.02346
0.02604
0.02346
0.02737
0.0247
0.02737
0.0247
0.02604
0.0247
0.02737
0.02346
0.02604
0.02213
0.02604
0.0247
0.02604
0.0247
0.02737
0.02604
0.02737
0.0247
0.02604
0.02346
0.0247
0.0247
0.02737
0.02346
0.02604
0.0247
0.02737
0.0247
0.02861
0.0247
0.02737
0.0247
0.02737
0.02346
0.0247
0.02346
0.02737
0.0247
0.0247
0.02346
0.02604
0.0247
0.02604
0.0247
0.02861
0.0247
0.02604
0.02346
0.02604
0.0247
0.0247
0.02346
0.02737
0.02346
0.02737
0.0247
0.02737
0.0247
0.02861
0.02604
0.02737
0.02346
0.02604
0.02346
0.02737
0.02604
0.02737
0.02604
0.02737
0.0247
0.02737
0.02346
0.0247
0.02346
0.02604
0.02604
0.03128
1.898
7.007
39.65
37.55
37.45
35.74
34.72
36.62
35.55
36.67
38.33
37.65
36.91
33.06
34.47
37.45
38.33
33.94
33.5
33.64
35.01
33.89
32.32
32.91
34.72
33.5
33.45
35.45
36.04
35.84
16.87
10.55
9.68
9.302
9.412
10.47
15.28
12.6
23.83
3.906
1.721
0.3204
0.06514
0.02737
0.0247
0.02861
0.0247
0.02604
0.0247
0.02737
0.02213
0.0247
0.02213
0.02604
0.0247
0.02737
0.02346
0.02604
0.02346
0.02604
0.02346
0.02604
0.02346
0.02604
0.02346
0.02604
0.0247
0.02737
0.02346
0.02604
0.0247
0.02737
0.02346
0.02604
0.02346
0.02604
0.0247
0.02737
0.0247
0.02737
0.0247
0.02737
0.02604
0.02737
0.02346
4.962
35.5
37.94
36.72
34.72
32.91
33.64
35.21
35.11
36.08
36.72
36.52
33.59
30.81
31.84
34.28
33.79
35.45
35.4
34.33
35.11
33.98
31.05
31.45
31.54
31.49
31.54
30.71
32.76
33.06
33.35
15.8
10.72
10.23
10.3
10.73
10.83
18.58
14.89
15.77
2.982
2.243
17.75
37.21
36.33
37.16
35.99
31.93
32.13
33.2
34.03
35.6
34.23
33.89
33.3
33.2
32.76
33.64
33.45
33.3
32.71
32.03
33.25
30.37
28.47
27.34
30.52
31.2
30.66
32.86
33.5
33.01
35.25
25.05
10.94
10.16
10.14
10.46
11.46
18.92
12.74
18.99
3.204
0.3906
0.1471
0.02213
0.02604
0.02346
0.02604
0.02346
0.0247
0.02346
0.02604
0.0247
0.02737
0.02346
0.02737
0.02346
0.02604
0.02213
0.02604
0.0247
0.02604
0.02346
0.02737
0.02346
0.02737
0.0247
0.02737
0.02346
0.02604
0.02346
0.02604
0.02213
0.02604
0.02346
0.02737
0.02346
0.02737
0.02604
0.0247
0.02346
0.3647
0.1484
0.1171
0.02346
0.02604
0.02213
0.02737
0.0247
0.3529
0.1381
0.1028
0.02346
0.02604
0.0247
0.02737
0.0247
0.02737
0.0247
0.02737
0.0247
0.02737
0.0247
0.02604
0.02346
0.02604
0.0247
0.02604
0.0247
0.02604
0.0247
0.02737
0.02604
5.658
36.52
37.26
36.91
34.18
32.52
33.25
34.86
31.79
35.16
32.47
34.08
33.89
32.57
35.01
33.98
32.57
32.96
34.77
34.08
33.11
33.89
33.98
33.25
32.42
33.25
33.89
35.11
34.03
33.79
32.76
12.87
10.4
10.11
10.17
11.4
12.99
18.09
23.05
4.028
1.341
0.2487
0.05598
0.0247
0.0247
0.0247
0.02737
0.02346
0.02604
0.0247
0.02604
0.0247
0.02737
0.0247
0.02737
0.0247
0.02737
0.0247
0.02604
0.02346
0.02604
0.02346
0.02604
0.02346
0.02604
0.0247
0.02737
0.0247
0.02604
0.0247
0.02861
0.02346
0.02604
0.02346
0.02604
0.02346
0.02604
0.02346
0.02737
0.0247
0.02604
0.0247
0.02604
0.02346
0.02737
0.0247
0.02604
0.02346
0.02604
0.0247
0.02604
0.02346
0.02737
0.0247
0.02604
0.02346
0.02737
0.02346
0.0247
0.0247
0.02604
0.02346
0.02737
0.02346
0.02604
0.02213
0.0247
0.02213
0.0247
0.02346
0.02604
0.02346
0.02604
0.0247
0.02604
0.02346
0.02604
0.0247
0.02604
0.0247
0.02604
0.0247
0.02604
0.02346
0.02737
0.0247
0.02604
0.02346
0.02737
0.02346
0.02604
0.02346
0.0247
0.02346
0.02604
0.02346
0.02737
0.02346
0.02604
0.02346
0.02737
0.0247
0.02737
0.02604
