0.02489
0.02375
0.02527
0.02251
0.02785
0.02337
0.03176
0.02241
0.03014
0.02346
0.0205
0.02718
0.02346
0.01822
0.03214
0.02537
0.02594
0.03262
0.03834
0.04139
0.3113
0.02346
0.02689
0.02804
0.02117
0.02222
0.04625
0.02537
0.02155
0.04854
0.04053
0.04044
0.0493
0.05102
0.03834
0.02413
0.05064
0.05016
0.08612
0.03252
0.0433
0.04044
0.04616
0.03099
0.04511
0.03662
0.02642
0.03195
0.02995
0.01917
0.06542
0.02928
0.02069
0.01717
0.02623
0.05541
0.02241
0.02346
0.01812
0.02098
0.02241
0.02193
0.0206
0.02718
0.02108
0.01707
0.01545
0.01755
0.01488
0.01364
0.01612
0.01678
0.01354
0.01688
0.01726
0.01316
0.01154
0.01354
0.01497
0.01421
0.01163
0.01287
0.0124
0.01554
0.01631
0.01268
0.04826
0.01822
0.0124
0.01421
0.01383
0.009632
0.05608
0.01173
0.01068
0.01278
0.01011
0.01183
0.05207
0.01297
0.01583
0.01011
0.03147
0.01049
0.01612
0.009727
0.01154
0.008392
0.01059
0.007915
0.01078
0.05207
0.006771
0.008488
0.00782
0.007439
0.01078
0.009251
0.008202
0.008297
0.00906
0.00906
0.01144
0.008678
0.007534
0.008202
0.007153
0.009441
0.01087
0.01202
0.009823
0.008869
0.009632
0.008678
0.0103
0.01125
0.008869
0.008678
0.008392
0.009251
0.0494
0.009251
0.009537
0.009251
0.008488
0.006294
0.0124
0.0123
0.01936
0.01268
0.01173
0.0164
0.009823
0.01421
0.01202
0.0123
0.0144
0.01287
0.01516
0.01593
0.01316
0.01392
0.01211
0.01574
0.01841
0.01659
0.01431
0.01373
0.01802
0.01507
0.01421
0.01631
0.01879
0.05798
0.01974
0.01545
0.01659
0.01698
0.01688
0.02031
0.0164
0.01888
0.02127
0.01926
0.01898
0.05322
0.01545
0.01898
0.02222
0.01841
0.01945
0.0226
0.01783
0.01707
0.01936
0.01888
0.02413
0.01726
0.02317
0.02041
0.3021
0.02842
0.01974
0.0267
0.02184
0.03424
0.01936
0.0227
0.01926
0.01717
0.01945
0.02661
0.02518
0.02308
0.01879
0.0226
0.02899
0.03242
0.0246
0.02346
0.02289
0.03319
0.04377
0.03605
0.05808
0.07696
0.04759
0.05617
0.1291
0.06533
0.03376
0.04053
0.03767
0.03834
0.03252
0.03881
0.03548
0.04196
0.03576
0.03147
0.03862
0.02947
0.03777
0.0289
0.03853
0.0329
0.02699
0.04301
0.04025
0.04015
0.03452
0.03624
0.02775
0.0433
0.03281
0.03424
0.03405
0.0267
0.02966
0.03767
0.02804
0.03986
0.03109
0.03233
0.03071
0.02813
0.0309
0.03309
0.03357
0.02928
0.02432
0.02136
0.0246
0.0206
0.02823
0.02441
0.02127
0.02565
0.02804
0.02241
0.04683
0.3166
0.02871
0.02718
0.02651
0.02184
0.0308
0.02394
0.02174
0.02508
0.04091
0.03595
0.02632
0.02604
0.0371
0.03386
0.02985
0.03405
0.02699
0.02928
0.08841
0.03166
0.03319
0.03185
0.02508
0.04225
0.03214
0.04282
0.02251
0.04568
0.03071
0.02527
0.02308
0.03138
0.0288
0.04082
0.04368
0.04616
0.03252
0.03395
0.04168
0.03147
0.04826
0.03395
0.02584
0.03891
0.02937
0.02356
0.02995
0.02728
0.02613
0.02871
0.02384
0.02441
0.02365
0.02012
0.02213
0.0206
0.02327
0.01659
0.01497
0.02203
0.02022
0.0186
0.02069
0.01888
0.01774
0.01774
0.0144
0.01554
0.02022
0.01154
0.01926
0.01698
0.01431
0.01249
0.01059
0.01106
0.01259
0.01307
0.01097
0.01278
0.01068
0.01411
0.02041
0.00906
0.01278
0.01116
0.01307
0.009346
0.01431
0.007534
0.0103
0.009918
0.009441
0.006676
0.02899
0.008392
0.007629
0.01163
0.0103
0.007534
0.007534
0.008106
0.009251
0.009918
0.05713
0.008583
0.009441
0.009727
0.006962
0.009823
0.007534
0.007725
0.008869
0.0124
0.009823
0.01221
0.01507
0.008869
0.0102
0.01116
0.007915
0.01144
0.0103
0.01383
0.01211
0.009155
0.008202
0.01307
0.01097
0.01116
0.008678
0.009155
0.009727
0.008869
0.009537
0.00906
0.009441
0.01011
0.009537
0.01144
0.009918
0.01173
0.01202
0.01163
0.01659
0.00906
0.01335
0.01049
0.01631
0.01535
0.01297
0.01373
0.01268
0.01364
0.0104
0.02203
0.01163
0.01717
0.0186
0.01402
0.01488
0.01698
0.0145
0.01688
0.01535
0.01373
0.01631
0.01736
0.01984
0.01478
0.01669
0.01783
0.01411
0.01431
0.01936
0.01535
0.01936
0.01383
0.01955
0.01478
0.0185
0.02518
0.3033
0.02499
0.02155
0.03052
0.02604
0.02785
0.03347
0.02441
0.02241
0.01984
0.0268
0.02451
0.03138
0.03719
0.02594
0.03262
0.02832
0.04063
0.02842
0.02985
0.03815
0.03071
0.03471
0.02575
0.02193
0.02575
0.02041
0.02222
0.02108
0.02127
0.02642
0.03004
0.02451
0.03319
0.02699
0.03805
0.03347
0.04005
0.03462
0.02441
0.03786
0.0349
0.03147
0.03843
0.03424
0.02632
0.03147
0.02289
0.03271
0.02728
0.02136
0.0267
0.0268
0.02899
0.01869
0.02928
0.02375
0.02861
0.02518
0.02975
0.02527
0.02851
0.02899
0.03834
0.04444
0.02794
0.03328
0.03147
0.03757
0.03309
0.0329
0.02947
0.03643
0.03328
0.03576
0.03386
0.03567
0.03099
0.02728
0.02756
0.03061
0.02308
0.03395
0.0227
0.02031
0.02251
0.03567
0.0515
0.04196
0.3014
0.03538
0.04282
0.03376
0.02203
0.03986
0.02346
0.03595
0.02966
0.02556
0.02956
0.035
0.03233
0.03557
0.09232
0.03605
0.02146
0.04749
0.03157
0.04425
0.04044
0.03948
0.04244
0.03576
0.03891
0.03052
0.03147
0.02985
0.03214
0.03786
0.0309
0.03481
0.0351
0.04168
0.02813
0.02918
0.02937
0.02632
0.02136
0.0288
0.02747
0.03414
0.02966
0.03157
0.03395
0.02642
0.02375
0.02956
0.03109
0.02489
0.02766
0.02394
0.02623
0.02928
0.03033
0.01812
0.02155
0.02728
0.02651
0.03052
0.02937
0.02937
0.0226
0.02327
0.01659
0.02098
0.0247
0.02604
0.0227
0.02031
0.0206
0.01755
0.02193
0.02041
0.01831
0.01755
0.01755
0.01822
0.0164
0.01383
0.01192
0.0123
0.0145
0.0104
0.01898
0.01898
0.02146
0.01783
0.01659
0.01707
0.01955
0.02317
0.01917
0.01802
0.01764
0.01469
0.02279
0.02146
0.01593
0.01678
0.01974
0.01678
0.04101
0.0227
0.01736
0.008965
0.01326
0.01469
0.02708
0.01326
0.07153
0.01707
0.01421
0.01364
0.01545
0.02098
0.01764
0.0165
0.01526
0.008202
0.01783
0.02232
0.008488
0.00906
0.01001
0.009251
0.0226
0.01955
0.01917
0.02098
0.01745
0.01516
0.01507
0.01984
0.01297
0.01802
0.01621
0.01755
0.01078
0.01011
0.01135
0.01059
0.008774
0.01087
0.01068
0.01078
0.01202
0.01268
0.0164
0.01059
0.01593
0.01411
0.01459
0.01059
0.01936
0.01059
0.0145
0.01364
0.01202
0.0144
0.01545
0.01669
0.0164
0.01297
0.01984
0.02222
0.02251
0.01993
0.3033
0.0288
0.02422
0.03519
0.02842
0.02661
0.02031
0.03576
0.02022
0.04253
0.02413
0.09336
0.04129
0.03328
0.02508
0.03366
0.02346
0.02995
0.0289
0.03071
0.03433
0.03643
0.03233
0.0349
0.03242
0.03786
0.03719
0.04673
0.02508
0.02728
0.02232
0.02813
0.0308
0.03052
0.02174
0.03271
0.03271
0.03004
0.03281
0.01984
0.03176
0.03166
0.02394
0.02279
0.02222
0.01793
0.02289
0.02337
0.02365
0.02022
0.02699
0.01707
0.02298
0.02804
0.02832
0.02823
0.02193
0.02728
0.02451
0.03319
0.02995
0.033
0.03548
0.03166
0.03462
0.03538
0.02794
0.02537
0.03986
0.03376
0.03996
0.02728
0.02842
0.02823
0.03519
0.03033
0.02356
0.02451
0.01755
