23.51
19.56
23.36
20.61
22.02
16.58
19.26
16.6
20.19
16.7
19.63
16.33
18.8
15.8
19.46
17.97
17.99
15.58
16.33
15.38
18.41
16.99
18.63
15.11
18.55
17.82
20.63
14.84
17.55
14.14
12.87
16.99
14.87
16.46
13.99
16.65
15.8
16.21
13.82
16.26
13.75
16.04
17.38
19.9
16.85
26.66
15.67
16.02
13.67
13.65
17.29
14.16
17.09
15.62
18.38
16.33
20.07
16.28
14.7
17.53
23.78
14.55
18.04
15.97
18.9
15.53
20.92
20.97
14.89
18.9
15.19
16.97
13.62
4.492
16.72
13.96
17.8
13.6
19.02
16.6
13.33
16.92
16.09
13.57
16.8
18.26
14.43
14.23
16.48
20.75
14.33
25.54
17.97
13.67
16.8
16.09
13.16
13.48
16.43
13.45
16.36
13.55
16.75
13.35
15.36
22.34
12.62
15.67
12.82
15.87
12.87
17.14
12.65
15.75
12.84
15.72
12.82
14.84
13.26
16.11
12.67
16.75
17.5
15.84
13.13
15.04
12.17
12.62
16.8
13.53
12.87
11.19
12.45
15.26
12.22
15.53
12.52
15.75
16.19
17.48
12.57
16.94
13.11
15.94
13.21
15.62
14.16
15.38
12.48
16.36
13.99
18.51
15.48
16.99
13.55
18.99
15.53
26.46
16.06
15.01
16.33
19.92
17.9
19.21
20.19
16.31
19.8
16.5
19.04
16.77
19.34
18.53
21.46
18.92
21.02
16.87
20.24
18.36
20.34
17.63
20.0
18.63
21.26
17.63
20.43
19.6
21.34
17.87
21.78
19.04
22.0
19.09
20.92
18.12
20.58
17.92
22.97
17.19
19.92
17.85
21.83
20.31
17.11
20.46
16.89
20.41
19.24
19.75
18.68
21.58
20.85
18.21
21.88
21.26
20.53
17.87
20.78
18.29
20.46
18.24
20.75
17.63
21.31
18.92
21.04
18.8
24.12
19.75
20.63
21.7
17.8
22.49
17.55
18.92
16.82
18.53
19.43
15.87
19.97
19.24
19.73
15.8
21.56
21.46
17.53
16.82
20.53
18.95
17.33
20.34
16.19
19.58
16.92
16.31
20.41
18.19
16.94
20.97
17.7
21.56
18.38
19.24
16.8
21.73
22.39
20.85
18.92
23.66
19.19
24.15
19.34
23.0
20.7
23.61
18.48
18.73
17.21
20.14
18.7
20.19
25.1
19.14
23.17
21.66
18.41
21.31
20.26
23.75
20.78
20.65
19.31
21.09
17.07
19.58
17.43
19.95
17.75
20.29
17.85
20.09
18.41
22.14
18.16
22.49
21.02
25.0
22.12
23.9
21.34
25.78
22.49
26.95
23.0
23.68
23.19
25.98
22.27
25.49
21.07
23.27
23.0
27.39
23.93
24.76
19.65
22.14
20.51
24.95
21.48
23.12
20.56
23.36
21.53
24.93
20.65
23.73
20.7
23.24
20.48
23.63
21.36
23.46
21.85
20.97
21.66
21.7
18.85
24.07
21.22
21.61
18.82
22.97
19.75
24.49
18.85
21.61
20.19
22.53
19.65
23.05
19.58
23.02
19.73
21.9
20.85
23.02
18.31
21.07
17.33
17.8
20.7
19.95
21.29
22.0
20.9
25.29
20.58
19.58
16.94
19.41
17.72
19.34
18.63
16.28
19.17
18.12
20.78
17.8
17.43
21.97
24.07
18.65
20.29
21.22
17.85
22.0
17.99
21.24
17.85
20.24
17.75
20.48
17.19
19.29
17.04
18.85
17.24
19.68
17.21
20.83
17.99
29.74
22.49
23.58
21.02
20.53
17.85
20.31
19.02
20.95
18.77
19.9
17.94
19.21
18.46
18.77
21.7
21.36
18.97
21.56
16.82
17.9
15.65
18.14
15.62
16.21
19.56
16.65
19.29
17.58
18.95
16.97
18.41
17.92
19.17
16.85
18.09
16.82
18.77
17.21
19.46
19.85
19.87
18.24
19.04
17.48
19.38
18.12
20.04
20.83
19.82
19.63
17.7
19.17
19.34
23.75
18.82
19.17
18.48
20.21
17.6
17.29
22.71
23.36
19.34
20.02
18.43
21.41
22.09
21.78
21.63
26.56
23.97
25.05
25.39
20.41
18.02
19.82
17.85
19.78
20.04
19.6
17.94
20.65
17.65
19.6
16.92
19.43
18.41
20.17
19.9
21.07
19.51
20.09
21.19
22.75
21.09
23.66
20.34
21.14
21.09
22.8
19.12
22.17
21.48
21.09
19.68
21.02
19.19
20.53
19.58
21.31
21.8
20.7
18.99
20.36
22.14
21.04
19.65
21.73
20.19
19.51
19.75
20.14
21.04
25.83
22.56
21.7
19.73
20.0
20.51
23.36
21.46
23.44
22.12
25.49
22.39
22.66
20.73
26.9
24.51
24.29
21.17
21.53
20.9
24.22
22.19
23.85
20.68
23.39
21.61
24.44
22.41
25.24
21.78
25.29
21.53
27.49
22.63
23.83
21.75
24.71
22.8
24.29
21.02
24.78
22.46
26.17
25.59
25.59
21.61
23.78
21.39
23.88
21.73
25.93
27.39
26.51
23.54
25.93
24.73
25.44
23.44
24.98
23.9
24.76
23.95
25.44
22.27
25.15
24.73
25.88
24.29
22.49
22.05
24.78
21.51
22.36
18.19
19.38
17.55
27.15
20.21
17.8
25.98
18.97
18.09
16.53
19.04
19.78
16.26
18.19
21.14
22.71
22.31
25.39
24.61
26.32
23.78
26.66
24.19
27.25
24.58
26.51
26.9
27.98
23.32
26.17
27.0
29.54
23.02
24.66
22.36
22.75
19.63
22.12
19.68
20.46
18.19
20.48
19.34
19.7
18.14
20.14
17.7
22.8
22.31
24.49
21.22
18.99
18.97
20.56
18.02
22.8
17.97
19.92
17.75
21.39
19.07
21.61
19.19
19.7
22.44
20.43
23.29
22.27
19.56
21.04
18.73
21.22
18.92
22.39
22.58
23.39
22.61
23.61
16.99
19.6
21.19
23.19
21.56
20.48
16.11
18.68
16.14
22.92
13.94
14.99
15.06
14.36
15.62
18.36
15.23
23.85
18.33
17.9
19.14
20.07
16.89
20.8
16.75
22.63
20.9
22.24
20.12
18.58
15.62
18.95
17.46
19.31
15.28
20.36
15.8
13.72
17.07
25.39
18.8
17.24
15.6
18.55
15.48
18.19
15.99
18.9
16.19
18.51
15.31
18.53
20.41
17.48
19.95
21.73
17.46
18.14
16.41
19.53
17.19
21.22
20.0
19.7
18.12
19.97
17.7
21.31
17.41
22.29
20.73
19.8
18.19
21.29
19.38
21.12
18.6
20.63
18.02
19.19
15.87
18.46
16.06
18.24
15.55
18.58
14.4
21.66
24.98
15.58
15.99
18.51
15.43
18.41
16.41
19.41
15.14
17.36
15.11
19.87
15.8
19.46
16.41
18.24
18.55
21.58
18.19
21.61
18.6
21.9
19.12
20.65
17.09
20.02
17.09
25.59
17.68
17.82
20.0
14.28
16.19
18.8
25.73
20.29
20.41
17.8
20.14
16.99
21.88
18.12
18.9
16.02
18.63
16.6
18.95
12.6
14.45
18.29
15.09
17.72
24.93
18.68
18.99
16.53
18.41
14.4
15.23
18.87
20.75
16.41
20.73
25.44
18.07
21.07
16.82
20.17
17.63
20.29
20.04
20.04
16.55
19.14
16.48
17.99
15.7
18.95
15.16
16.72
15.67
20.29
17.29
19.63
17.65
20.75
17.21
20.34
17.19
19.75
20.73
24.46
20.75
22.61
19.53
21.41
19.31
22.29
18.6
23.41
21.58
25.05
21.7
24.1
18.53
20.51
17.63
21.39
18.04
21.26
21.63
22.61
20.51
22.68
18.97
22.31
19.95
23.27
21.14
23.17
19.78
22.85
23.07
23.14
20.07
22.14
16.09
26.86
24.46
25.88
22.34
24.27
24.83
27.49
23.27
28.86
23.75
19.63
18.48
22.61
17.65
20.8
17.29
21.09
18.51
21.58
19.09
21.02
19.31
21.58
20.24
21.31
18.43
20.63
18.36
21.17
18.26
21.73
17.99
