0.679
0.4646
0.6081
0.589
0.6989
0.6325
0.7828
0.6683
0.5531
0.3952
0.6248
0.602
0.4761
0.3483
0.2991
0.5562
0.4311
0.6126
0.5692
0.7584
0.6256
0.4433
0.6462
0.4692
0.6683
0.5966
0.5264
0.5852
0.6027
0.5829
0.4623
0.6264
0.346
0.5524
0.5219
0.7133
0.7759
0.7996
0.6798
0.7935
0.705
0.7462
0.798
0.8301
0.6767
0.6653
0.6897
0.5554
0.5699
0.4311
0.499
0.4471
0.6622
0.5371
0.3853
0.6195
0.7172
0.6035
0.7729
0.6805
0.9369
0.5554
0.6828
0.7202
0.705
0.5913
0.6966
0.6432
0.3082
0.5905
0.6638
0.5791
0.7439
0.7225
0.6081
0.4448
0.3284
0.2892
0.5783
0.9964
0.04759
0.0
