43.12
42.77
42.04
35.94
33.3
31.3
30.42
29.74
29.25
22.05
12.77
12.65
14.23
26.76
28.66
22.36
12.04
11.06
10.93
10.93
10.93
10.93
10.93
10.93
10.93
15.99
27.98
23.1
12.87
11.1
10.93
11.13
12.57
18.63
28.66
24.37
14.65
13.92
10.97
10.93
10.93
10.93
10.93
11.58
13.33
16.75
28.32
28.71
22.97
14.65
13.21
13.26
13.28
19.36
32.08
32.03
32.37
32.37
32.62
32.47
29.44
27.39
27.29
27.34
21.73
18.65
36.38
41.55
42.72
42.24
42.19
42.19
42.19
42.19
42.19
42.19
42.19
42.29
42.19
42.19
42.19
42.14
42.19
42.43
42.58
42.58
42.58
42.58
42.97
43.07
43.12
43.16
43.21
43.21
43.16
43.21
43.21
42.92
42.72
42.29
42.19
42.04
41.94
41.89
41.85
39.65
37.06
36.04
33.69
28.03
23.14
15.65
14.21
13.06
13.13
26.22
34.38
32.18
32.42
32.32
32.47
32.08
30.47
29.44
29.44
20.87
28.03
38.04
42.09
43.07
42.97
42.97
42.97
42.97
42.97
42.97
42.97
42.97
42.97
42.97
42.97
42.97
42.97
42.97
42.97
43.02
43.12
43.07
43.16
43.12
43.12
43.16
43.16
43.16
43.16
43.16
43.26
43.31
43.31
43.26
42.58
41.65
40.43
35.79
33.98
32.37
31.2
30.76
30.62
29.88
23.61
12.7
12.82
21.68
32.18
32.13
32.23
32.32
32.47
30.57
27.59
27.1
23.78
24.98
38.82
42.58
43.07
43.07
43.07
43.07
43.07
43.07
43.07
43.07
43.07
43.07
43.07
43.07
43.07
43.12
43.21
43.21
43.21
43.26
43.21
43.07
43.07
42.92
42.92
42.92
42.92
43.02
43.02
42.97
29.98
17.09
18.43
17.94
18.02
17.5
18.19
16.6
16.46
14.97
12.65
12.13
18.36
30.57
31.45
31.84
31.84
29.49
28.12
25.15
22.34
20.31
38.72
42.43
43.16
42.92
42.77
42.77
42.77
42.77
42.77
42.72
42.77
42.77
42.77
42.77
42.77
43.02
43.07
43.12
43.12
43.12
43.12
43.21
43.16
43.21
43.21
43.21
43.21
43.21
43.16
43.07
42.63
36.72
16.5
18.02
17.85
16.85
18.51
20.12
19.46
18.92
13.7
12.22
10.91
10.93
10.93
10.93
10.93
10.93
10.93
10.93
10.93
10.93
10.93
10.93
10.93
10.93
10.93
10.93
10.93
10.93
10.93
10.93
10.93
10.93
10.93
10.93
10.93
10.93
10.93
10.93
10.93
10.93
10.93
10.93
10.93
10.93
10.93
10.93
10.93
10.93
10.93
10.93
10.93
10.93
10.93
10.93
10.93
10.93
10.93
10.93
10.93
10.93
10.93
10.93
10.93
10.93
10.93
10.93
10.93
10.93
10.93
10.93
10.93
10.93
10.93
10.93
10.93
10.93
10.93
10.93
10.93
10.93
10.93
10.93
10.93
10.93
10.93
10.93
10.93
10.93
10.93
10.93
10.93
10.93
10.93
10.93
10.93
10.93
10.93
10.93
10.93
10.93
10.93
10.93
10.93
10.93
10.93
10.93
10.93
10.93
10.93
10.93
10.93
10.93
10.93
10.93
10.93
10.93
10.93
10.93
10.93
10.93
10.93
10.93
10.93
10.93
10.93
10.93
10.93
10.93
10.93
10.93
10.93
10.93
10.93
10.93
10.93
10.93
10.93
10.93
10.93
10.93
10.93
10.93
10.93
10.93
10.93
10.93
10.93
10.93
11.43
17.19
40.67
43.07
43.07
43.16
43.16
43.12
43.12
43.07
43.12
43.12
43.12
43.07
43.12
43.12
43.12
43.07
43.07
43.07
43.07
43.12
43.12
43.16
43.16
43.21
43.21
43.21
43.16
43.07
43.12
37.16
16.26
17.63
18.99
17.58
18.68
18.82
15.23
11.45
10.93
12.49
24.78
41.6
43.12
43.21
43.26
43.26
43.21
43.16
43.21
43.21
43.21
43.16
43.21
43.21
43.21
43.21
43.16
43.16
43.16
43.21
43.21
43.21
43.26
43.31
43.31
43.31
43.26
43.31
43.31
43.41
43.41
41.89
18.87
19.19
19.19
19.65
19.46
13.4
11.78
16.21
37.3
43.07
43.12
43.31
43.31
43.31
43.26
43.21
43.26
43.26
43.26
43.26
43.26
43.26
43.26
43.26
43.21
43.21
43.26
43.26
43.26
43.36
43.31
43.31
43.31
43.36
43.36
43.36
43.36
43.46
26.42
16.16
18.63
19.34
17.53
18.8
18.26
12.57
11.17
13.82
36.52
43.12
43.16
43.26
43.26
43.26
43.26
43.21
43.21
43.21
43.21
43.21
43.21
43.21
43.21
43.21
43.21
43.16
43.16
43.21
43.21
43.21
43.26
43.26
43.31
43.31
43.31
43.31
43.26
43.31
43.36
41.41
18.26
18.6
19.53
20.97
20.39
12.19
11.1
12.49
27.2
42.38
43.16
43.21
43.26
43.26
43.26
43.26
43.21
43.21
43.21
43.21
43.21
43.16
43.21
43.21
43.21
43.21
43.21
43.16
43.16
43.16
43.21
43.21
43.21
43.31
43.31
43.31
43.31
43.31
43.31
43.36
43.31
40.62
16.77
18.14
18.51
19.48
20.9
16.55
12.07
11.21
11.15
10.91
10.91
10.93
10.93
10.93
10.93
10.93
10.93
10.93
10.93
12.39
23.32
42.33
43.16
43.16
43.26
43.26
43.26
43.21
43.21
43.21
43.21
43.21
43.21
43.21
43.21
43.21
43.21
43.21
43.21
43.02
43.12
43.02
43.07
43.02
43.07
43.07
43.12
43.07
43.12
43.12
43.16
43.12
32.52
16.53
19.29
18.85
20.51
19.31
13.23
12.21
20.36
39.26
43.12
43.21
43.26
43.26
43.26
43.26
43.21
43.21
43.21
43.21
43.21
43.16
43.21
43.21
43.21
43.21
43.16
43.16
43.21
43.16
43.26
43.21
43.26
43.26
43.31
43.31
43.31
43.31
43.36
43.36
43.36
36.82
16.21
18.7
19.09
20.34
17.26
13.99
12.01
12.84
29.49
43.07
43.16
43.21
43.26
43.26
43.26
43.21
43.16
43.21
43.21
43.21
43.21
43.21
43.21
43.21
43.21
43.21
43.21
43.16
43.21
43.16
43.21
43.21
43.26
43.26
43.26
43.31
43.31
43.31
43.36
43.41
43.36
42.68
20.56
18.73
18.75
19.78
19.04
13.94
11.63
12.17
25.24
42.82
43.12
43.16
42.97
42.63
42.63
42.43
42.48
42.77
42.77
42.77
42.77
42.77
42.77
42.82
42.97
42.97
43.12
43.12
43.12
43.16
43.21
43.16
43.21
43.21
43.26
43.26
43.26
43.26
43.36
43.31
43.36
39.94
19.51
18.14
20.51
0.0
16.97
40.92
43.12
43.16
43.26
43.26
43.26
43.21
43.16
43.26
43.26
43.26
43.21
43.21
43.21
43.21
43.21
43.21
43.16
43.21
43.21
43.21
43.26
43.31
43.31
43.31
43.31
43.31
43.31
43.31
43.07
22.44
16.65
19.6
19.78
20.7
14.11
10.86
10.88
