0.005722
0.2968
0.2544
0.006104
0.02098
0.1904
0.2026
0.2048
0.2678
9.537e-05
0.01764
0.2201
0.0
0.0002861
0.0
0.0
0.0
0.0
0.0003815
0.0
0.0
0.0
0.0
0.0
0.0
0.0
0.0
0.0007629
0.0
0.0
0.0
0.0
0.01011
0.0003815
0.7935
1.505
1.73
1.88
1.538
0.9705
1.198
3.204
5.505
3.656
3.876
1.227
0.1863
1.314
1.477
1.63
1.926
1.968
1.843
5.908
2.859
3.558
1.788
0.5531
0.1434
0.2659
0.1886
0.1423
0.5722
1.306
1.137
1.895
1.578
1.343
1.271
1.834
6.11
1.55
3.51
2.332
0.5157
0.0
0.1465
0.3311
0.1795
0.1375
0.09899
0.3593
0.149
0.1328
0.3399
0.1764
0.1017
0.05751
0.1736
0.2361
0.1789
0.7141
1.913
1.346
1.764
1.981
1.538
5.377
3.143
3.394
1.636
0.2605
1.251
1.724
1.346
1.373
1.736
1.599
4.785
3.394
2.85
2.728
0.8438
0.6012
1.17
1.907
1.721
1.797
1.913
1.794
5.994
1.767
2.319
2.466
0.8255
0.4738
0.03901
1.091
1.5
1.505
1.311
1.144
1.141
1.329
3.87
4.547
3.766
2.032
0.7874
0.0001907
0.9857
1.941
1.965
1.953
1.617
2.048
5.518
3.174
3.424
1.208
0.4433
0.2361
0.592
0.2579
0.1221
0.07725
0.132
0.3586
0.1041
0.9659
1.089
1.898
1.871
1.3
1.3
1.389
2.267
5.212
1.715
2.405
2.576
1.221
0.4295
0.3281
0.5714
0.1715
0.3841
0.5569
0.3094
0.05903
0.1041
0.08049
0.2838
0.1579
0.001049
0.0003815
9.537e-05
0.00267
0.3944
0.473
0.2762
0.2903
0.2892
0.2296
0.1057
0.05789
0.2453
0.3391
0.3605
0.3525
0.4013
0.1364
0.08221
0.3052
0.2155
0.2781
9.537e-05
0.0
0.0
0.0
0.0
0.006676
0.4936
0.4501
0.4128
0.4211
0.3571
0.3815
0.4349
0.5936
0.4417
0.2205
0.2052
0.2342
0.2014
0.3975
0.04826
0.09089
0.06208
0.2102
0.2651
0.001431
9.537e-05
9.537e-05
0.0
0.007915
0.2464
0.415
0.2239
0.2655
0.3304
0.05941
0.0946
0.06428
0.2621
0.2937
0.386
0.2335
0.4379
0.2499
0.1108
0.05531
0.1568
0.2995
0.0009537
9.537e-05
0.0
0.0
0.0
0.003242
0.5226
0.1764
0.5417
0.1825
0.1606
0.1308
0.2808
0.243
0.388
0.1259
0.1068
0.2777
0.1743
0.3651
0.2346
0.1028
0.06733
0.2304
0.1951
0.0
0.0
0.0
9.537e-05
0.003529
0.795
0.1032
0.2346
0.3471
0.3223
0.3471
0.4196
0.3422
0.3914
0.09937
0.1011
0.1749
0.3521
0.161
0.5516
0.2163
0.3929
0.05388
0.112
0.09508
0.3647
0.01879
9.537e-05
0.0
0.1598
0.1677
0.1524
0.1238
0.3647
0.1314
0.102
0.08001
0.2415
0.4784
0.1669
0.128
0.09823
0.3235
0.4532
0.07486
0.08841
0.1696
0.288
0.02241
0.0009537
0.0
0.0
0.0
0.4463
0.1001
0.07906
0.1789
0.3498
0.19
0.1204
0.2403
0.1406
0.1284
0.4829
0.05884
0.1171
0.07133
0.2178
0.3632
0.2296
0.1104
0.05913
0.1829
0.2052
0.1352
9.537e-05
0.0
0.01316
0.07458
0.6706
0.3223
0.1331
0.1406
0.2518
0.2151
0.3647
0.04711
0.102
0.2007
0.2323
0.165
0.4204
0.5424
0.2525
0.2472
0.2323
0.04234
0.5386
0.8331
0.9827
0.9857
0.9232
0.9644
1.173
1.221
1.332
1.215
1.242
1.193
1.117
1.134
1.17
1.199
1.094
1.263
1.276
1.303
1.32
1.384
1.349
1.892
1.736
1.537
1.233
1.036
0.9659
0.9933
1.096
1.042
1.128
1.263
1.852
6.25
7.275
5.505
4.596
4.724
9.131
5.182
6.653
5.267
7.312
6.458
5.627
3.375
3.558
2.448
2.798
1.941
0.4128
1.527
1.779
1.526
1.135
1.144
1.123
1.421
1.816
1.913
1.855
1.877
1.666
1.495
1.402
1.715
1.566
1.453
1.433
1.54
1.292
1.694
1.523
1.329
1.416
1.843
2.063
1.558
1.645
3.998
3.717
6.067
10.93
6.244
6.677
5.853
5.768
4.694
5.64
3.912
5.78
6.116
3.607
3.04
1.904
2.686
2.737
0.07763
0.9933
1.259
1.3
1.17
1.535
1.48
1.299
1.132
1.279
1.192
0.9888
0.9918
0.9216
0.8362
1.36
1.308
1.411
1.202
1.025
1.16
1.427
1.282
1.178
1.07
1.324
1.678
1.672
1.834
1.73
1.685
1.494
2.985
4.651
5.542
7.019
4.517
3.918
8.044
8.142
6.799
7.629
6.909
6.311
5.194
5.756
3.094
3.857
2.509
1.077
0.7172
1.25
1.537
1.578
1.611
1.337
1.263
1.031
1.096
1.097
1.682
1.651
1.697
1.688
1.749
1.636
1.181
1.328
1.18
1.114
1.421
1.685
1.782
1.846
1.561
1.299
1.344
2.991
6.689
9.375
7.617
9.607
7.837
8.899
7.166
7.581
5.701
4.541
3.558
4.218
2.618
0.1894
0.7904
0.7729
0.9903
2.963
2.921
1.158
1.067
0.1892
0.07496
0.0761
0.47
0.1375
0.6607
0.6905
0.7378
0.6737
3.259
3.967
2.036
1.491
0.2125
0.1396
0.1184
0.4196
0.1129
0.5638
0.5966
0.7637
2.151
4.126
1.404
1.006
0.7149
1.036
0.6958
2.814
2.823
1.454
0.7904
0.4822
1.62
1.944
1.907
1.819
1.767
1.675
1.508
1.306
1.254
1.404
1.268
1.831
1.314
1.123
1.161
1.219
1.37
1.285
1.575
1.465
2.066
2.124
1.941
1.871
2.139
1.469
1.746
5.072
7.117
7.068
6.433
5.402
9.619
7.104
7.91
9.119
9.058
7.861
4.895
4.114
2.994
1.358
1.929
1.913
2.234
2.045
1.669
1.257
1.498
1.384
1.222
1.263
1.184
1.271
1.094
0.9399
0.9872
1.17
1.332
1.111
1.096
1.051
1.163
1.248
1.302
1.228
1.141
0.9079
1.242
1.215
1.282
1.428
1.55
1.81
6.567
8.008
7.727
4.907
8.337
5.78
6.555
7.483
5.804
7.495
5.42
3.735
3.241
3.009
3.638
1.382
0.2853
0.08945
0.1011
0.07782
0.2659
0.1724
0.312
1.454
0.2499
1.546
0.2319
0.3021
0.09241
0.08039
0.1173
0.3639
0.9613
0.2842
0.2747
0.09375
0.1072
0.09861
0.333
0.589
0.5829
1.073
0.5455
0.6409
1.318
0.9567
0.4265
0.161
0.123
0.135
0.301
0.399
0.1278
0.1038
0.09689
0.2747
0.5539
0.1135
1.024
0.3529
0.1053
0.1112
0.07114
0.2136
0.2594
0.5226
0.5615
0.753
0.3761
0.2941
0.08612
0.0824
0.09232
0.3815
0.1032
0.7858
0.2926
0.05302
0.1017
0.1183
0.3395
0.1995
0.3414
0.1131
0.0742
0.2338
0.2842
0.7767
0.2293
0.6729
1.178
1.096
1.596
1.874
1.855
1.134
1.295
1.332
1.404
1.176
1.099
1.251
1.047
1.192
0.9995
1.562
1.396
1.416
1.169
1.617
1.675
1.553
1.404
1.17
1.27
1.199
1.378
1.453
1.537
3.564
6.219
8.423
8.118
9.204
7.007
5.304
9.302
7.629
7.08
6.836
4.999
2.759
3.18
1.947
2.28
0.0
0.0
0.0
0.0
0.0
0.0
0.0
0.0
0.0
0.07582
1.244
0.3265
0.08993
0.08564
0.1984
0.2369
0.4066
0.544
0.2403
0.07763
