0.946
0.943
0.8072
1.221
0.6119
1.678
1.1
4.706
4.315
0.4265
1.384
2.127
0.8591
1.137
1.411
0.943
0.9293
1.324
3.253
2.008
1.648
0.8652
1.201
1.268
1.657
1.155
2.655
5.566
0.663
0.56
1.074
4.175
1.822
2.011
2.728
3.448
1.044
2.469
1.247
2.069
4.462
3.76
0.3254
0.0
0.0
0.0
0.0
0.0
0.0
0.0
9.537e-05
9.537e-05
0.0
0.0
0.001717
0.0
0.0
0.0
0.0
0.0
0.0
0.0
0.0
0.0
0.0
0.0
0.0
0.0
0.0
0.0007629
0.0
0.0
0.0
0.0
0.0
0.0
0.0
0.0
0.0
0.0
0.0
0.0
0.0
0.0
0.0002861
0.0
0.0
0.0
0.0
0.0
0.0
0.0
0.0
0.0
0.0
0.0
0.0
0.0
0.0
0.0
0.0
0.0
0.0
0.0
0.0
0.0
0.0
0.0
0.0
0.0
0.0
0.0
0.0
0.0
0.0
0.0
0.0
0.0
0.0
0.0
0.0
0.0
0.0
0.0
0.0002861
0.0
0.0
0.0
0.0
0.0
0.0
0.0
0.0
0.0
0.0
0.0
0.0
0.0
0.0
0.0
0.0
0.0
0.0
0.0
0.0
0.0
0.0
0.0
0.0
0.0
0.0
0.0
0.0
0.0
0.0
0.0
0.0
0.0
0.0
0.0
9.537e-05
0.0
0.0
0.0
0.0
0.0
0.0
0.0
0.0
0.0
0.0
0.0
9.537e-05
0.0
0.0
0.003147
0.1869
0.3124
0.2487
0.3937
0.3494
0.1589
4.047
5.048
0.6516
0.7126
0.8011
1.895
5.591
1.067
0.6874
0.5791
0.7164
3.906
4.193
0.7095
0.2159
0.2365
0.341
0.3525
0.341
3.784
4.584
0.4082
1.18
1.935
2.261
1.534
1.419
1.859
5.06
2.106
0.6325
0.7889
3.149
3.009
0.6332
1.208
1.036
0.9552
4.541
4.144
0.2918
0.6561
1.201
0.8041
1.118
0.0
0.001907
0.2213
1.366
2.435
2.829
1.083
2.219
2.359
2.383
0.8636
1.366
2.319
0.9613
0.5615
3.217
5.164
1.392
1.065
0.8209
1.167
0.647
0.5859
0.2464
4.718
2.133
0.7179
0.6264
0.547
0.9995
5.231
3.76
0.6454
0.1381
0.1835
0.1657
0.1419
0.1604
0.1612
0.1625
0.1699
0.1228
0.1326
0.1261
0.02575
2.527
5.292
3.986
0.9018
1.378
1.031
1.212
1.352
2.46
1.163
2.457
0.8545
1.244
1.149
0.9247
1.118
1.381
5.505
1.546
2.438
3.29
0.8896
2.515
1.384
2.133
5.408
1.968
1.337
1.248
0.6645
0.5806
3.711
3.253
1.105
1.981
5.402
2.185
0.5188
0.7706
1.431
1.03
3.162
5.164
1.547
0.75
1.413
1.645
0.4509
1.575
1.189
3.204
5.865
1.196
0.6592
2.466
1.39
1.572
4.901
4.62
0.7935
0.1194
0.132
0.1406
0.1413
0.1345
0.1019
0.1055
0.1213
0.135
0.1371
0.1276
2.896
2.017
3.754
2.859
1.5
1.605
0.7584
2.094
4.688
0.5028
1.312
1.114
2.585
5.231
1.672
0.5508
0.2758
0.2804
0.1905
1.91
0.2605
0.1081
0.106
0.1343
0.1183
0.1232
0.1348
0.1038
0.1152
0.1183
2.774
3.589
2.896
1.184
0.9735
0.8194
1.115
0.9979
0.4372
1.404
0.9872
1.785
5.573
2.393
0.5951
0.3807
0.4417
0.3357
4.663
3.381
0.4478
1.323
0.9903
0.795
1.178
1.019
1.274
3.815
1.491
1.874
1.898
0.7721
1.1
5.231
3.156
0.9796
0.6889
4.413
2.863
0.5516
1.422
1.077
1.482
4.773
1.474
2.734
0.9644
1.602
1.53
3.625
5.609
1.669
0.6271
1.657
1.396
1.166
0.5974
0.4242
0.528
0.4662
3.79
5.463
0.8118
1.018
1.834
4.968
0.7103
1.192
0.7904
1.385
1.605
0.7019
1.639
1.128
3.766
5.341
0.9109
0.3983
0.4723
0.4478
4.572
4.181
0.4745
0.6241
0.8896
0.6363
1.978
4.919
0.8011
1.088
3.705
5.493
0.8713
0.2068
0.03452
1.21
0.5417
0.06294
0.06771
1.277
0.7469
1.093
4.718
4.614
0.4204
0.1066
0.1762
1.53
1.021
1.154
1.06
1.408
1.088
0.5127
0.2998
1.295
0.04873
0.09642
0.7622
1.071
1.43
1.411
0.1846
0.01583
1.405
0.4372
1.381
0.7874
0.766
0.1482
0.1108
0.1392
0.1356
0.1781
0.1671
0.1379
0.1171
0.1091
0.1135
0.1728
2.393
3.07
5.615
4.095
0.2331
1.472
1.474
0.7683
1.468
0.8926
1.154
1.323
0.6027
0.6119
0.3887
3.333
5.084
0.9399
1.183
0.8652
1.381
0.2781
1.617
1.483
1.34
0.8163
2.261
4.633
1.193
3.589
1.074
2.161
3.217
1.581
1.605
0.8759
1.085
1.129
1.009
3.674
2.692
3.351
2.551
1.996
0.7172
1.263
1.228
0.8408
0.8026
1.34
1.303
1.05
0.6615
1.328
0.3216
1.19
0.679
1.749
1.187
0.4745
1.274
0.4318
0.9521
1.34
0.8499
2.115
6.134
1.324
0.7042
1.234
0.9628
2.725
5.908
0.795
3.241
3.149
1.463
1.877
0.7248
1.001
1.118
1.361
1.801
5.676
2.347
1.172
3.748
1.196
2.243
0.8041
1.411
0.3719
1.123
0.0
0.5852
1.111
1.35
1.184
1.414
0.5783
1.355
0.4745
0.5264
0.9583
5.676
3.006
0.6561
1.279
0.7576
1.053
0.7538
1.396
5.426
2.225
0.3597
0.1188
0.2251
0.1154
0.1112
0.1022
0.1083
0.1091
0.1097
0.1062
0.1186
2.759
4.498
1.993
0.9979
1.349
0.7111
0.6111
5.542
3.192
0.4768
1.198
0.4822
1.282
0.4059
1.549
1.176
1.088
0.6935
0.2785
0.3799
0.2625
1.147
1.28
0.6538
0.9964
0.7149
4.382
1.651
0.5646
1.195
1.071
3.851
2.06
0.3819
1.212
0.853
1.312
1.654
5.518
2.579
0.5302
0.4021
0.4501
0.3559
4.761
3.375
0.9567
1.288
4.675
0.7378
1.663
0.1247
0.1196
0.1223
0.1175
0.1112
0.1097
0.1062
0.1184
0.102
0.106
2.524
3.564
2.722
1.102
1.187
0.8987
0.8621
0.349
0.4128
0.515
1.189
4.773
3.412
0.7553
0.8041
0.5424
1.201
0.3891
0.131
0.1493
0.1368
0.1347
0.1553
0.1719
0.1432
0.132
0.04377
0.4761
4.321
4.919
2.02
1.019
0.7141
0.6332
4.492
4.144
0.4486
1.276
1.224
2.856
1.112
1.321
2.051
0.8987
1.712
5.634
1.642
0.5768
1.361
0.007248
0.0
0.1137
0.4715
0.4364
0.6447
5.225
1.112
2.655
2.13
1.761
1.804
1.218
1.561
3.583
1.297
2.271
0.8652
0.9079
1.593
1.268
4.303
4.358
0.4501
3.729
2.133
2.258
0.8194
1.202
1.337
4.034
1.752
2.185
3.455
1.996
1.981
2.115
1.244
1.45
1.285
0.8545
1.082
4.254
4.358
1.071
4.199
1.118
2.454
1.047
0.6668
1.163
0.09842
0.1423
0.1143
0.107
0.1085
0.0905
0.1034
0.1131
0.09079
0.1127
0.4066
2.191
4.968
2.527
1.031
1.344
0.795
1.012
1.031
1.138
0.9888
1.904
1.068
1.314
0.3349
0.3635
0.3807
1.234
5.646
1.941
0.6554
1.566
1.476
5.139
3.168
0.6386
1.44
