0.0103
0.01278
0.0124
0.01125
0.01278
0.01059
0.01125
0.01316
0.01268
0.01421
0.01621
0.01192
0.01469
0.0164
0.01516
0.01478
0.01287
0.01287
0.01192
0.01183
0.01259
0.01755
0.01278
0.01163
0.008583
0.01268
0.01936
0.01783
0.01774
0.01755
0.01602
0.01545
0.02127
0.01183
0.0145
0.01421
0.01698
0.01011
0.01373
0.01173
0.01307
0.01326
0.01163
0.01478
0.01612
0.009251
0.01268
0.01583
0.009537
0.01335
0.01173
0.01364
0.01383
0.01316
0.01774
0.01202
0.009823
0.05245
0.01373
0.01135
0.007534
0.007725
0.008297
0.008678
0.01163
0.01163
0.01602
0.0144
0.007534
0.009632
0.007725
0.009346
0.01249
0.009441
0.009441
0.01259
0.01116
0.0124
0.01116
0.009632
0.006199
0.01383
0.006676
0.01364
0.01335
0.01259
0.01497
0.009537
0.01087
0.007248
0.008869
0.008965
0.0104
0.009918
0.01287
0.01497
0.01183
0.01545
0.01011
0.01488
0.0165
0.01507
0.02098
0.008965
0.00906
0.008774
0.008774
0.01307
0.01459
0.0145
0.01402
0.01459
0.01373
0.009632
0.0144
0.0124
0.01287
0.01192
0.01659
0.1911
0.04425
0.06332
0.06571
0.06342
0.01392
0.01659
0.01669
0.01459
0.01192
0.01221
0.01593
0.01421
0.01364
0.01459
0.01564
0.01097
0.01631
0.01392
0.01793
0.01793
0.01001
0.01411
0.01411
0.02069
0.01593
0.01793
0.01326
0.01383
0.01335
0.01364
0.01936
0.0206
0.01621
0.01812
0.01574
0.01621
0.01612
0.01984
0.02384
0.0226
0.01793
0.02136
0.02069
0.02031
0.01488
0.0227
0.02365
0.02375
0.01793
0.0227
0.0185
0.02441
0.02012
0.02069
0.02003
0.02098
0.02079
0.02089
0.02117
0.02174
0.02241
0.0205
0.02069
0.01993
0.0186
0.01688
0.02127
0.02041
0.01936
0.02489
0.02089
0.02375
0.01593
0.01774
0.02337
0.02441
0.02365
0.01936
0.01488
0.008392
0.0145
0.01287
0.01173
0.01268
0.01383
0.01917
0.01211
0.01183
0.0186
0.01888
0.01698
0.02441
0.01926
0.01755
0.01678
0.01926
0.01192
0.02012
0.01993
0.02575
0.01793
0.02432
0.02584
0.02432
0.02136
0.01717
0.02413
0.02556
0.01612
0.02012
0.02384
0.02136
0.02117
0.01898
0.01984
0.02155
0.02003
0.0205
0.02089
0.02651
0.0185
0.01974
0.01974
0.01965
0.01898
0.02298
0.01774
0.02108
0.01783
0.01812
0.01888
0.01354
0.02022
0.01831
0.01411
0.02613
0.0206
0.02298
0.01154
0.0165
0.01526
0.01593
0.01726
0.01783
0.0186
0.0165
0.01793
0.0206
0.01802
0.01583
0.01545
0.01669
0.01888
0.01879
0.01411
0.0185
0.0186
0.01974
0.01841
0.02527
0.01554
0.01774
0.01478
0.01879
0.02117
0.01965
0.0164
0.01192
0.01507
0.01593
0.01507
0.01287
0.01287
0.01202
0.01898
0.01135
0.01316
0.02317
0.01087
0.01392
0.009155
0.01631
0.01488
0.01516
0.01698
0.02337
0.01755
0.01755
0.01602
0.01602
0.01993
0.01125
0.01049
0.01345
0.01602
0.01774
0.01345
0.01421
0.02003
0.01154
0.0206
0.01211
0.01888
0.01564
0.02098
0.01898
0.01211
0.01841
0.01307
0.01602
0.01574
0.01192
0.01097
0.01221
0.01402
0.01326
0.01278
0.01316
0.0103
0.01392
0.01736
0.01631
0.0206
0.01421
0.01631
0.0103
0.01068
0.01097
0.04234
0.01202
0.01078
0.01173
0.01144
0.01163
0.01411
0.008869
0.0103
0.01106
0.01106
0.01173
0.0145
0.01583
0.01345
0.01659
0.01688
0.01545
0.009918
0.01078
0.01154
0.01507
0.0123
0.01078
0.01259
0.0102
0.01059
0.01183
0.01202
0.01869
0.0104
0.01049
0.0124
0.01059
0.01764
0.01097
0.01392
0.01087
0.01411
0.01478
0.01001
0.01354
0.01125
0.0164
0.01307
0.009441
0.01364
0.01383
0.01278
0.01535
0.01011
0.01812
0.02337
0.01488
0.01316
0.01526
0.02193
0.07429
0.2022
0.05045
0.05751
0.05951
0.08326
0.03986
0.01431
0.01698
0.0185
0.01907
0.01144
0.01831
0.01488
0.01326
0.01898
0.01364
0.01364
0.0205
0.01459
0.01755
0.01554
0.01879
0.01764
0.02146
0.02413
0.01688
0.01917
0.01993
0.01554
0.01936
0.02251
0.02003
0.02117
0.0165
0.01688
0.01888
0.01507
0.01812
0.01812
0.0206
0.01535
0.02298
0.01554
0.02356
0.01755
0.02365
0.0247
0.02108
0.02251
0.02451
0.02594
0.02003
0.02518
0.02241
0.02375
0.02241
0.02842
0.02317
0.02422
0.02289
0.02432
0.02623
0.02594
0.01926
0.0289
0.02432
0.0227
0.02918
0.0247
0.01307
0.01764
0.02518
0.02737
0.02699
0.01974
0.01593
0.01955
0.02804
0.01936
0.0268
0.02499
0.02213
0.0246
0.01698
0.02155
0.02718
0.02565
0.02623
0.02499
0.02079
0.01659
0.03233
0.02813
0.02785
0.02346
0.01926
0.02298
0.02975
0.02384
0.02031
0.02394
0.02127
0.01812
0.02327
0.02251
0.01717
0.02117
0.0227
0.01802
0.02384
0.02251
0.02098
0.01793
0.02079
0.02146
0.02127
0.01917
0.02375
0.02708
0.01898
0.02527
0.01812
0.02289
0.02222
0.02346
0.02451
0.02432
0.01707
0.02203
0.02661
0.0164
0.0226
0.02632
0.02041
0.01707
0.01698
0.01783
0.01936
0.01621
0.02222
0.02031
0.02108
0.01974
0.02127
0.01869
0.01631
0.02003
0.02146
0.0206
0.01717
0.02327
0.0268
0.02375
0.01602
0.01764
0.01526
0.01564
0.01554
0.01354
0.01564
0.01574
0.01926
0.01316
0.01564
0.01469
0.01688
0.01411
0.01726
0.01287
0.01249
0.0123
0.01135
0.01383
0.01707
0.009155
0.01345
0.01383
0.009441
0.01001
0.01001
0.0102
0.01373
0.01106
0.01221
0.01097
0.01192
0.0102
0.01192
0.008106
0.01478
0.01183
0.01326
0.01736
0.01497
0.01354
0.01316
0.01125
0.009537
0.01478
0.01049
0.01612
0.01249
0.01049
0.01402
0.01106
0.0104
0.01402
0.0124
0.01554
0.01516
0.01259
0.009632
0.009441
0.009346
0.01278
0.008869
0.01144
0.01173
0.01106
0.01135
0.01135
0.01125
0.01659
0.01364
0.01383
0.0102
0.009823
0.005817
0.009727
0.01211
0.008583
0.01469
0.01307
0.07124
0.01316
0.009727
1.114
0.7324
0.004101
0.00391
0.003719
0.001907
0.002098
0.00248
0.00248
0.003529
0.003529
0.00391
0.003242
0.005627
0.003147
0.003242
0.00391
0.003433
0.003624
0.005341
0.006866
0.004959
0.004864
0.003529
0.003624
0.003242
0.002384
0.002861
0.002766
0.004959
0.003242
0.004578
0.002956
0.004005
0.002766
0.004005
0.003052
0.007057
0.005436
0.002861
0.004768
0.004387
0.006008
0.003433
0.005436
0.005341
0.004482
0.003624
0.004768
0.003052
0.07153
0.07591
0.02508
0.02213
0.02327
0.0227
0.01173
0.005722
0.005722
0.01974
0.004005
0.003338
0.003815
0.003719
0.00515
0.004005
0.004005
0.006485
0.00267
0.004196
0.002384
0.004292
0.004768
0.00782
0.004387
0.003529
0.004292
0.004387
0.00639
0.006294
0.005722
0.00515
0.004578
0.005245
0.006866
0.004578
0.005341
0.005913
0.005722
0.004673
0.005531
0.006008
0.004673
0.006104
0.003815
0.007629
0.006294
0.006866
0.008392
0.004768
0.005245
0.005531
0.004482
0.00782
0.005054
0.00658
0.008106
0.006676
0.005913
0.008392
0.01183
0.005627
0.00639
0.004673
0.006008
0.005436
0.004768
0.003815
0.004578
0.005436
0.00639
0.00515
0.007534
0.005913
0.006485
0.005817
0.007057
0.006485
0.005245
0.006866
0.006199
0.008583
0.006199
0.00639
0.00658
0.008202
0.007534
0.006104
0.005722
0.007629
0.008297
0.008106
0.006962
0.006485
0.01183
0.006771
0.006485
0.00782
0.005817
0.008965
0.00658
0.009155
0.007915
0.01011
0.005722
0.008583
0.00906
0.005627
0.009346
0.006676
0.0123
0.007439
0.01097
0.005817
0.00639
0.008297
0.007153
0.00782
0.009441
0.008202
0.008011
0.006485
0.008106
0.005436
0.00782
0.006771
0.008106
0.009346
0.007343
0.006676
0.008106
0.004482
0.008392
0.007439
0.005436
0.006771
0.006104
0.007153
0.006771
0.00639
0.005054
0.005245
0.00782
