17.16
14.89
17.6
14.82
18.26
18.58
15.01
22.46
18.99
18.9
14.36
19.65
19.14
18.31
22.31
21.29
16.77
18.09
14.87
18.68
15.53
15.21
17.41
18.02
19.53
18.07
16.63
16.97
13.5
12.92
17.65
16.36
16.28
20.46
18.9
14.67
19.02
20.29
18.9
14.62
16.55
13.72
15.28
16.8
16.24
17.48
15.31
14.11
14.75
18.87
18.87
19.04
21.41
14.31
16.21
16.99
13.94
16.11
17.38
21.56
18.48
23.93
22.51
19.87
17.09
13.38
17.11
15.06
22.17
15.06
13.84
15.67
21.95
12.32
17.53
17.68
22.02
13.26
11.47
16.33
12.57
14.62
17.31
15.06
15.01
20.61
11.3
14.43
17.92
14.55
14.99
11.83
13.7
11.58
19.14
18.97
19.26
14.55
13.87
15.16
17.8
12.7
14.82
12.6
12.65
15.72
13.99
12.65
15.99
17.09
18.75
16.16
15.45
18.46
15.28
17.87
15.04
22.83
19.46
17.55
21.8
19.95
15.41
16.85
16.28
21.34
18.82
16.26
14.62
24.17
20.83
25.0
14.87
16.6
14.4
13.84
16.58
14.31
16.53
13.96
16.89
14.4
17.97
15.97
18.65
16.65
18.43
16.24
16.58
19.02
16.36
16.26
18.6
16.26
18.46
17.6
24.05
22.12
17.75
20.43
18.26
21.46
21.29
20.07
18.55
20.51
18.38
20.02
20.75
20.73
17.43
20.31
16.7
20.61
21.68
19.14
16.02
20.12
17.63
20.48
19.58
20.39
17.6
20.19
17.65
20.19
18.14
20.12
19.8
20.41
18.58
20.83
19.09
20.83
18.46
21.53
18.33
20.97
18.53
20.14
21.63
24.12
19.58
24.29
20.21
24.46
20.51
21.7
20.7
21.31
20.09
23.24
21.83
25.24
22.73
25.24
21.78
22.56
19.92
22.68
19.46
21.78
20.51
22.05
18.51
20.56
18.31
21.17
18.29
20.17
20.17
25.24
21.51
20.65
18.51
21.0
20.09
22.61
23.34
23.41
24.71
24.41
17.14
20.24
17.48
20.75
18.19
21.8
21.26
21.31
17.36
19.63
17.87
18.68
20.0
25.78
17.68
19.09
16.92
19.36
17.31
19.02
17.65
21.68
17.26
20.85
17.19
19.73
19.12
22.92
17.5
22.58
22.71
25.15
20.26
22.97
17.85
19.48
16.38
18.33
19.56
20.09
24.22
22.51
18.85
20.14
18.24
21.63
22.66
22.19
19.65
18.82
15.48
20.17
16.19
18.8
19.65
22.12
19.41
21.56
18.48
23.63
21.09
21.24
18.87
20.83
23.44
18.48
21.92
24.29
20.75
22.39
20.56
23.07
20.58
23.02
21.02
22.85
24.63
25.29
20.04
21.68
19.63
23.05
19.17
21.92
19.48
21.61
19.51
22.39
20.36
22.75
20.0
23.17
23.22
24.1
20.24
23.41
17.33
20.87
17.8
17.24
23.19
20.34
19.6
22.97
21.39
23.12
22.61
22.39
18.6
21.04
18.77
18.38
22.56
21.44
18.58
22.09
19.97
22.63
18.29
20.95
18.19
20.92
17.68
27.44
20.29
17.8
21.29
24.29
22.58
20.8
18.73
22.53
20.56
23.58
17.48
20.14
17.63
21.19
19.12
21.24
19.68
25.05
19.56
20.0
17.7
21.14
20.78
24.1
18.7
23.17
19.36
23.24
18.51
23.17
17.26
20.12
17.55
19.19
17.53
17.33
23.41
19.24
20.85
19.02
18.6
18.53
17.09
19.73
17.46
18.75
17.11
18.99
19.97
19.78
16.41
17.6
16.58
20.51
16.87
16.58
18.85
20.21
18.63
19.68
16.53
17.8
16.65
22.34
16.46
16.43
16.48
21.14
15.82
15.48
17.21
16.41
17.04
17.36
15.82
17.63
15.94
13.77
17.36
16.31
15.7
17.94
16.5
18.9
14.53
15.58
18.55
18.41
16.14
19.02
19.12
17.43
18.95
15.7
20.39
15.01
13.55
19.41
19.48
22.02
20.31
25.39
19.31
15.97
16.16
15.6
19.95
23.0
22.17
19.97
23.61
23.61
24.68
23.36
25.2
24.27
16.48
19.04
20.92
17.55
22.27
20.78
21.19
21.12
20.51
16.92
17.99
16.58
19.31
17.53
20.0
18.65
21.73
20.7
20.61
19.9
22.31
22.49
22.19
21.02
23.1
20.07
21.61
21.61
22.95
21.12
22.92
21.66
22.9
20.97
22.17
21.34
25.98
26.42
26.51
25.05
26.03
23.17
25.54
25.39
27.54
25.29
27.59
23.63
22.9
24.51
26.27
24.98
26.22
26.32
29.05
27.83
28.17
27.54
29.49
27.78
30.52
29.79
31.2
27.69
31.25
30.62
32.81
27.78
28.81
26.51
27.29
25.44
28.27
25.29
28.66
25.68
28.12
25.59
27.93
26.76
28.76
26.51
27.1
25.54
27.05
26.17
28.32
26.51
27.88
25.54
28.32
26.37
28.96
25.0
30.42
27.54
27.34
25.73
28.86
28.56
28.47
24.58
25.1
23.41
25.68
25.54
26.22
23.41
28.27
24.46
27.78
27.93
26.71
25.39
27.1
23.68
23.71
22.12
25.1
23.41
26.51
23.14
22.97
24.78
26.32
22.07
24.76
22.36
22.53
17.36
19.53
17.68
23.32
19.78
19.31
22.75
23.49
23.1
25.29
26.37
27.15
25.49
28.27
25.24
27.05
25.15
28.22
26.07
28.47
27.2
30.32
26.66
28.17
26.27
30.03
22.92
24.37
23.93
25.98
23.24
25.29
23.85
26.32
21.14
24.8
21.51
22.49
21.39
23.68
20.21
22.14
20.12
20.92
19.17
23.51
21.68
22.56
19.78
21.95
20.14
22.49
19.82
24.39
25.05
26.12
20.56
22.12
20.41
21.61
19.51
22.19
18.51
20.97
18.99
21.04
19.24
21.41
19.6
22.07
22.05
26.51
22.95
25.15
19.31
21.63
19.21
22.05
19.36
20.68
18.31
21.97
19.19
22.85
19.65
22.19
18.53
22.71
20.63
23.54
22.58
25.34
21.09
23.8
22.68
20.87
17.29
20.83
16.16
18.99
16.94
19.7
16.97
20.29
15.7
18.31
15.21
23.46
15.55
15.41
14.43
17.09
24.46
16.63
15.8
18.95
14.5
16.02
21.63
14.65
16.04
20.41
18.26
18.6
15.14
17.9
15.82
21.53
23.29
19.85
16.43
19.19
16.46
18.53
16.94
20.8
17.5
19.53
16.33
19.8
16.67
19.38
16.97
19.58
17.38
19.41
17.65
20.34
17.6
19.92
17.6
20.29
19.51
24.12
19.46
21.17
17.53
20.56
18.09
20.73
17.99
21.78
19.82
21.34
18.85
21.14
18.31
20.75
18.97
21.41
17.87
20.29
19.14
21.04
20.56
18.8
21.88
22.9
17.14
18.33
20.58
24.49
22.07
24.49
21.07
24.76
19.53
22.56
22.83
21.66
19.04
22.49
22.29
23.51
19.31
23.49
19.43
21.56
19.75
22.02
21.63
22.63
20.29
21.92
21.04
22.19
20.0
22.97
21.19
21.63
19.7
21.85
19.92
22.46
20.26
22.36
20.75
23.19
20.53
22.88
20.12
22.73
19.87
22.71
22.36
27.44
24.54
22.44
19.04
21.83
19.95
22.95
20.61
24.02
20.87
23.8
21.61
22.95
21.12
22.46
21.39
24.17
20.02
24.15
22.34
23.93
21.66
24.12
22.85
23.46
19.9
23.44
21.02
24.24
23.63
27.39
22.27
22.49
19.78
20.24
18.36
22.05
20.02
20.02
17.75
20.34
14.38
21.36
19.31
21.39
18.07
21.8
16.63
19.19
16.97
22.27
23.46
24.1
21.7
22.39
18.53
21.56
17.97
20.97
17.9
20.75
18.29
20.92
18.26
21.12
18.12
20.92
18.65
20.24
19.6
24.12
21.51
24.54
16.97
