4.059
4.059
4.059
4.059
4.059
4.059
4.059
4.059
4.059
4.071
4.242
4.242
4.242
4.181
4.059
4.059
4.059
4.059
4.059
4.224
4.242
4.242
4.242
4.248
4.248
4.242
4.242
4.242
4.242
4.242
4.242
4.242
4.236
4.236
4.242
4.242
4.242
4.242
4.242
4.242
4.242
4.242
4.242
4.242
4.242
4.242
4.242
4.242
4.242
4.242
4.242
4.242
4.242
4.242
4.242
4.242
4.242
4.242
4.242
4.242
4.242
4.242
4.242
4.242
4.242
4.242
4.242
4.242
4.242
4.242
4.242
4.242
4.242
4.242
4.242
4.242
4.242
4.242
4.242
4.242
4.242
4.242
4.242
4.242
4.224
4.065
4.15
4.248
4.248
4.248
4.248
4.248
4.248
4.248
4.248
4.248
4.248
4.248
4.248
4.248
4.248
4.248
4.248
4.248
4.248
4.248
4.248
4.248
4.248
4.248
4.248
4.248
4.248
4.248
4.248
4.248
4.248
4.248
4.248
4.248
4.248
4.248
4.248
4.248
4.15
4.065
4.065
4.211
4.26
4.26
4.26
4.26
4.26
4.26
4.26
4.26
4.26
4.26
4.26
4.26
4.26
4.26
4.26
4.26
4.26
4.26
4.26
4.26
4.26
4.26
4.26
4.26
4.26
4.26
4.26
4.26
4.26
4.26
4.26
4.26
4.26
4.26
4.254
4.26
4.26
4.26
4.26
4.26
4.26
4.254
4.26
4.26
4.26
4.26
4.254
4.26
4.26
4.26
4.26
4.26
4.26
4.26
4.254
4.26
4.26
4.26
4.26
4.254
4.254
4.254
4.254
4.254
4.254
4.254
4.254
4.254
4.254
4.254
4.193
4.059
4.053
4.065
4.028
4.065
4.065
4.175
4.242
4.242
4.236
4.224
4.181
4.236
4.181
4.175
4.236
4.254
4.26
4.254
4.254
4.254
4.254
4.254
4.254
4.144
4.059
4.108
4.095
4.26
4.254
4.218
4.218
4.26
4.254
4.254
4.089
4.199
4.218
4.26
4.254
4.254
4.254
4.254
4.254
4.254
4.248
4.254
4.254
4.254
4.089
4.059
4.248
4.254
4.26
4.254
4.254
4.254
4.254
4.254
4.248
4.254
4.254
4.254
4.254
4.254
4.254
4.254
4.254
4.254
4.254
4.254
4.254
4.254
4.248
4.254
4.254
4.254
4.059
4.059
4.059
4.059
4.059
4.059
4.059
4.059
4.059
4.059
4.059
4.059
4.059
4.059
4.059
4.059
4.059
4.138
4.205
4.059
4.138
4.236
4.242
4.242
4.242
4.242
4.236
4.236
4.236
4.236
4.236
4.236
4.236
4.236
4.236
4.236
4.236
4.236
4.236
4.236
4.236
4.236
4.236
4.236
4.236
4.236
4.236
4.236
4.236
4.236
4.236
4.272
4.437
4.437
4.437
4.437
4.437
4.431
4.431
4.254
4.254
4.254
4.254
4.254
4.254
4.248
4.254
4.254
4.248
4.254
4.254
4.254
4.254
4.254
4.254
4.254
4.254
4.254
4.254
4.254
4.254
4.254
4.254
4.254
4.254
4.254
4.254
4.254
4.254
4.254
4.26
4.254
4.254
4.254
4.254
4.254
4.254
4.254
4.254
4.254
4.254
4.254
4.254
4.254
4.254
4.254
4.254
4.26
4.254
4.254
4.26
4.26
4.26
4.254
4.254
4.254
4.254
4.254
4.26
4.26
4.26
4.26
4.26
4.26
4.26
4.26
4.26
4.26
4.26
4.26
4.26
4.26
4.254
4.254
4.254
4.254
4.26
4.26
4.26
4.26
4.254
4.254
4.254
4.254
4.26
4.254
4.254
4.254
4.26
4.26
4.26
4.26
4.254
4.26
4.254
4.254
4.254
4.26
4.26
4.26
4.26
4.26
4.26
4.26
4.26
4.254
4.26
4.26
4.26
4.26
4.254
4.254
4.254
4.254
4.254
4.254
4.254
4.254
4.254
4.254
4.254
4.254
4.254
4.254
4.254
4.254
4.26
4.254
4.266
4.254
4.254
4.254
4.254
4.254
4.254
4.211
4.169
4.059
4.059
4.144
4.144
4.077
4.254
4.254
4.254
4.254
4.248
4.254
4.254
4.236
4.059
4.248
4.254
4.248
4.254
4.254
4.254
4.254
4.248
4.254
4.254
4.248
4.272
4.254
4.254
4.248
4.218
4.15
4.254
4.254
4.254
4.254
4.236
4.199
4.193
4.254
4.254
4.254
4.254
4.254
4.193
4.077
4.187
4.254
4.254
4.26
4.254
4.254
4.248
4.254
4.254
4.071
4.193
4.254
4.15
4.144
4.218
4.065
4.059
4.059
4.059
4.059
4.059
4.059
4.059
4.059
4.059
4.059
4.059
4.059
4.059
4.187
4.26
4.26
4.254
4.254
4.254
4.248
4.254
4.248
4.248
4.248
4.248
4.248
4.248
4.254
4.248
4.248
4.248
4.254
4.248
4.254
4.254
4.248
4.254
4.248
4.248
4.254
4.248
4.254
4.248
4.254
4.254
4.254
4.254
4.254
4.254
4.248
4.254
4.254
4.211
4.059
4.059
4.059
4.059
4.065
4.211
4.26
4.26
4.254
4.254
4.254
4.254
4.254
4.254
4.254
4.254
4.254
4.254
4.254
4.254
4.254
4.254
4.248
4.248
4.254
4.254
4.248
4.395
4.449
4.376
4.254
4.352
4.443
4.449
4.449
4.449
4.449
4.449
4.449
4.449
4.449
4.449
4.449
4.449
4.449
4.449
4.449
4.449
4.449
4.382
4.26
4.254
4.254
4.26
4.26
4.26
4.26
4.26
4.279
4.437
4.443
4.309
4.26
4.26
4.388
4.443
4.437
4.443
4.437
4.291
4.26
4.26
4.26
4.26
4.26
4.26
4.26
4.26
4.26
4.26
4.26
4.26
4.26
4.26
4.26
4.26
4.382
4.443
4.437
4.443
4.437
4.437
4.437
4.437
4.443
4.443
4.321
4.26
4.26
4.26
4.26
4.26
4.26
4.26
4.26
4.26
4.26
4.26
4.26
4.26
4.26
4.26
4.26
4.26
4.26
4.26
4.26
4.26
4.26
4.26
4.26
4.26
4.26
4.26
4.26
4.26
4.26
4.26
4.26
4.26
4.26
4.26
4.26
4.26
4.26
4.26
4.26
4.26
4.26
4.26
4.26
4.26
4.26
4.26
4.26
4.26
4.26
4.26
4.254
4.26
4.26
4.254
4.254
4.254
4.26
4.254
4.254
4.254
4.114
4.187
4.26
4.26
4.26
4.254
4.169
4.254
4.254
4.181
4.059
4.059
4.114
4.169
4.126
4.163
4.254
4.254
4.254
4.254
4.254
4.254
4.224
4.193
4.254
4.254
4.254
4.254
4.254
4.254
4.23
4.254
4.26
4.254
4.254
4.254
4.254
4.248
4.425
4.321
4.254
4.254
4.254
4.254
4.254
4.218
4.26
4.26
4.254
4.254
4.254
4.254
4.254
4.254
4.254
4.254
4.254
4.254
4.254
4.254
4.254
4.254
4.254
4.254
4.254
4.254
4.199
