0.02098
0.0246
0.004292
0.03347
0.02222
0.0004768
0.02813
0.01802
0.02899
0.03004
0.04034
0.02327
0.02241
0.03052
0.02851
0.02565
0.02775
0.02594
0.03366
0.02604
0.02975
0.03128
0.05226
0.05531
0.02756
0.03128
0.02327
0.02718
0.02146
0.02651
0.02346
0.02642
0.02375
0.02499
0.02489
0.03176
0.02575
0.02184
0.02298
0.02766
0.05531
0.02632
0.02308
0.02623
0.02928
0.03157
0.02518
0.0309
0.02432
0.03242
0.02699
0.0309
0.0288
0.02861
0.0351
0.02499
0.02403
0.02546
0.02842
0.01717
0.01793
0.02136
0.02193
0.01707
0.01535
0.01688
0.01507
0.01984
0.01955
0.01755
0.01841
0.0186
0.01631
0.02031
0.03862
0.02861
0.01974
0.02022
0.02861
0.01659
0.01688
0.01984
0.01802
0.01545
0.01507
0.01965
0.007153
0.02308
0.0226
0.01554
0.0007629
0.01907
0.01554
0.02031
0.02003
0.01755
0.01602
0.01831
0.01917
0.01488
0.0
0.01869
0.01621
0.01545
0.01793
0.01936
0.02136
0.01593
0.02232
0.01392
0.02098
0.02193
0.02356
0.01688
0.102
0.008202
0.01926
0.02785
0.0248
0.0
0.03128
0.02556
0.02451
0.01841
0.02241
0.02041
0.01593
0.01812
0.0009537
0.01926
0.01583
0.01669
0.01535
0.02604
0.01583
0.02089
0.01993
0.02718
0.01545
0.01659
0.01965
0.01669
0.01936
0.01526
0.0164
0.0006676
0.02346
0.01736
0.02575
0.02041
0.02222
0.01907
0.01822
0.02003
0.01717
0.0145
0.01936
0.01354
0.01583
0.01907
0.0186
0.01822
0.01373
0.02279
0.01936
0.02422
0.02384
0.02728
0.02489
0.02804
0.01984
0.02127
0.02098
0.02489
0.02584
0.0227
0.02661
0.02289
0.02623
0.06065
0.0289
0.02604
0.0329
0.02537
0.02594
0.02918
0.02432
0.02422
0.02871
0.02356
0.02193
0.02422
0.02365
0.02384
0.02279
0.03643
0.03033
0.02794
0.02127
0.02546
0.0205
0.04959
0.03462
0.0288
0.02508
0.02384
0.02708
0.03061
0.02546
0.02193
0.02508
0.02165
0.02365
0.02174
0.02623
0.02518
0.02632
0.02308
0.02556
0.02947
0.02966
0.02871
0.03567
0.02928
0.04063
0.03223
0.02508
0.03214
0.03023
0.02851
0.02508
0.03195
0.02718
0.02975
0.0226
0.04568
0.02117
0.05627
0.02279
0.02565
0.02127
0.02851
0.0289
0.05503
0.04396
0.02451
0.0268
0.02518
0.02632
0.0226
0.02995
0.02642
0.03462
0.05274
0.02995
0.03119
0.03309
0.03128
0.03481
0.03443
0.03281
0.0309
0.0309
0.0329
0.02975
0.03195
0.04015
0.0206
0.02823
0.03347
0.03071
0.02775
0.02775
0.02632
0.03147
0.03052
0.03672
0.02499
0.03519
0.03252
0.03138
0.03653
0.03157
0.03605
0.03433
0.03281
0.02861
0.03271
0.02718
0.0329
0.03166
0.03099
0.03538
0.03366
0.03414
0.03233
0.03786
0.03901
0.03796
0.03233
0.03214
0.02975
0.0268
0.03281
0.02995
0.03519
0.03405
0.03242
0.02718
0.03347
0.02947
0.033
0.03176
0.03071
0.04358
0.02308
0.02584
0.05999
0.02766
0.03777
0.03853
0.02794
0.02937
0.03853
0.02956
0.03138
0.03128
0.03366
0.03252
0.03767
0.02804
0.01812
0.01936
0.02661
0.02747
0.02413
0.02718
0.02012
0.02794
0.02346
0.0309
0.03395
0.0844
0.02403
0.1204
0.02766
0.03061
0.0349
0.03891
0.02604
0.06475
0.02384
0.0248
0.02651
0.02546
0.02632
0.02155
0.02031
0.02489
0.02613
0.02069
0.02728
0.02642
0.02728
0.02279
0.01879
0.02193
0.02613
0.02174
0.02441
0.0205
0.03557
0.02003
0.02127
0.02432
0.02489
0.02289
0.02565
0.02117
0.01869
0.0268
0.01812
0.02003
0.02651
0.02232
0.02508
0.01879
0.0205
0.02155
0.0226
0.02174
0.02031
0.02241
0.01822
0.02422
0.01993
0.02337
0.02136
0.01974
0.02375
0.02308
0.01879
0.02337
0.02213
0.02127
0.01907
0.02384
0.02451
0.0246
0.02203
0.02069
0.02213
0.02747
0.02584
0.02165
0.02079
0.01869
0.02222
0.02508
0.04244
0.02832
0.0289
0.02165
0.02556
0.02041
0.02012
0.0246
0.02499
0.02308
0.02785
0.01774
0.02375
0.01736
0.02537
0.02747
0.02851
0.02108
0.02642
0.02203
0.01955
0.02155
0.02155
0.02527
0.02279
0.01726
0.01984
0.01879
0.02441
0.0186
0.02384
0.02184
0.02127
0.01898
0.01974
0.02213
0.03443
0.02069
0.0186
0.05922
0.02041
0.0226
0.02909
0.02966
0.01593
0.02079
0.01669
0.02127
0.0165
0.02003
0.02127
0.02146
0.01698
0.02165
0.02108
0.01612
0.01774
0.01984
0.01755
0.01774
0.02241
0.01717
0.02689
0.01955
0.02251
0.02613
0.01822
0.01678
0.01917
0.01936
0.01564
0.01869
0.01421
0.01631
0.01774
0.02041
0.02041
0.01688
0.01574
0.02031
0.01888
0.0205
0.02813
0.0205
0.02174
0.02193
0.01583
0.0205
0.01526
0.01841
0.01812
0.02117
0.01764
0.02031
0.02184
0.0186
0.01669
0.02031
0.01688
0.02041
0.01993
0.01593
0.0206
0.01612
0.02022
0.01659
0.0185
0.01659
0.01764
0.01726
0.01688
0.01421
0.01945
0.01602
0.02003
0.01755
0.01898
0.01841
0.0185
0.02804
0.01698
0.03977
0.08945
0.01898
0.01564
0.0474
0.03672
0.02089
0.01602
0.01736
0.01898
0.0206
0.02155
0.0185
0.01469
0.01802
0.02031
0.01564
0.01564
0.01802
0.02251
0.03147
0.0165
0.01822
0.01554
0.01583
0.01793
0.01469
0.01593
0.01831
0.01707
0.01602
0.0185
0.01955
0.01793
0.02098
0.01984
0.01917
0.0185
0.02155
0.02365
0.01888
0.02069
0.01974
0.02117
0.02213
0.07229
0.02527
0.02317
0.02337
0.01783
0.02413
0.02165
0.01755
0.02203
0.02003
0.02012
0.02089
0.0205
0.0227
0.02089
0.02041
0.02136
0.02317
0.01945
0.02041
0.02613
0.02079
0.01793
0.02165
0.02422
0.01783
0.0227
0.0165
0.0227
0.0227
0.02127
0.02127
0.02098
0.05016
0.0227
0.02279
0.01898
0.01755
0.02041
0.01993
0.0205
0.02127
0.0227
0.0247
0.02518
0.02174
0.0205
0.02098
0.01974
0.02441
0.02174
0.02136
0.01841
0.02546
0.02737
0.03204
0.02203
0.02432
0.0205
0.02871
0.02213
0.02775
0.01869
0.02489
0.02613
0.02317
0.03233
0.02766
0.02851
0.03004
0.02251
0.02527
0.02346
0.02184
0.0226
0.02527
0.01755
0.0206
0.02203
0.02155
0.02041
0.01965
0.01812
0.02136
0.01574
0.0227
0.1617
0.01707
0.01669
0.02089
0.0186
0.0205
0.02451
0.02556
0.02155
0.07172
0.02136
0.02117
0.02146
0.02041
0.01383
0.02422
0.02241
0.02289
0.01879
0.02089
0.01659
0.0226
0.0206
0.02241
0.0205
0.0164
0.02337
0.02117
0.01764
0.02575
0.02165
0.02098
0.02127
0.02394
0.01726
0.0185
0.02403
0.02222
0.02203
0.02213
0.02155
0.02012
0.02375
0.02251
0.01783
0.02069
0.02537
0.02747
0.01936
0.02174
0.02203
0.0349
0.08421
0.02289
0.02499
0.02565
0.02184
0.01926
0.0248
0.02251
0.03519
0.05636
0.02508
0.01745
0.01907
0.0247
0.02127
0.02108
0.02279
0.0267
0.0227
0.01917
0.0165
0.01678
0.02327
0.02165
0.01793
0.02232
0.02241
0.02232
0.01869
0.01936
0.02356
0.01945
0.01736
0.02975
0.02337
0.02079
0.02327
0.02413
0.02241
0.02327
0.01631
0.02623
0.01831
0.02451
0.02317
0.02289
0.02146
0.01717
0.02136
0.01888
0.02022
0.02337
0.01612
0.02289
0.02604
0.01717
0.0227
0.0227
0.02136
0.02213
0.01812
0.02089
0.02365
0.02213
0.02079
0.02394
0.02098
0.01965
0.01898
0.02279
0.01831
0.02432
0.02327
0.0247
0.02079
0.02651
0.02146
0.02003
0.07744
0.02041
0.02174
0.02213
0.02365
0.03271
0.02079
0.02604
0.02337
0.02432
0.02108
0.01545
0.03147
0.02251
0.01717
0.02069
0.02003
0.0185
0.01793
0.01993
0.01926
0.02089
0.02031
0.02699
0.01793
0.01488
0.02193
0.01736
0.01841
0.02031
0.01497
0.0246
0.02079
0.02098
0.02193
0.01898
0.01793
0.02031
0.01783
0.01965
0.0205
0.01869
0.01755
0.02041
0.01707
0.02098
0.01926
0.01974
0.01879
0.01955
0.02251
0.01736
0.02203
0.02022
0.01698
0.01688
0.01841
0.01984
0.0005722
0.02079
0.03004
0.01993
0.01965
0.01984
0.02117
0.03023
0.02775
0.01631
0.02546
