14.77
14.62
16.19
16.8
16.09
16.09
14.94
17.36
15.14
15.87
15.41
10.99
0.573
6.128
0.1146
0.0885
0.02604
0.02861
0.02346
0.02604
0.02604
0.02604
11.54
13.04
16.16
15.7
15.99
16.24
15.65
11.9
13.16
12.48
13.43
15.8
15.67
15.19
15.55
11.8
15.14
16.31
15.16
15.94
15.5
15.38
15.92
16.6
17.7
20.83
18.29
16.85
17.38
17.97
18.53
11.77
15.09
14.04
16.75
16.09
16.75
16.67
8.435
19.43
16.99
15.97
16.94
16.82
17.11
18.09
18.95
18.7
16.28
16.04
18.43
22.36
14.67
15.19
19.92
20.07
21.78
22.05
19.95
19.9
19.9
16.38
16.38
18.26
16.53
16.02
12.57
18.02
16.46
17.58
20.7
19.75
20.31
19.53
17.11
16.7
16.24
16.97
12.57
15.23
18.87
18.92
20.68
20.41
21.07
22.31
20.8
16.99
20.02
18.26
14.84
11.32
18.99
17.75
16.94
15.77
17.72
18.73
18.33
18.33
16.16
16.67
15.89
18.19
10.73
13.67
15.16
14.26
12.72
15.65
13.75
14.77
16.06
16.8
16.67
15.77
10.52
15.55
18.97
19.21
17.99
18.29
20.02
16.82
16.77
17.9
17.65
18.97
17.68
14.36
15.41
13.45
13.4
11.33
16.21
16.67
15.6
15.16
15.58
15.84
16.8
17.04
16.92
16.28
15.11
17.82
19.34
19.41
12.52
15.53
14.48
16.55
16.26
18.75
19.29
13.06
15.21
17.65
16.5
15.36
16.24
5.56
0.5081
0.1459
0.02604
0.02604
0.02346
0.02861
0.02346
10.41
14.28
15.7
16.38
16.85
16.97
12.13
13.89
14.33
10.05
16.43
13.7
7.935
15.62
17.21
15.41
15.53
12.79
0.7133
0.388
0.03128
0.02604
0.02861
0.02346
13.75
21.58
21.34
18.26
11.46
12.72
12.5
12.82
13.04
14.23
13.65
11.73
16.7
14.04
6.213
0.1537
0.06514
0.02861
0.02861
0.02604
0.02861
0.02604
0.02861
0.02604
8.13
18.63
17.21
19.38
14.75
17.26
15.21
14.99
15.41
16.04
9.265
12.82
17.19
13.67
10.62
0.1354
0.0885
0.02346
0.02861
0.02346
0.02861
0.02604
0.02604
0.02346
0.02861
11.0
15.38
9.106
9.18
10.13
19.78
17.09
18.53
17.85
14.38
19.34
21.09
17.6
15.04
1.286
0.4272
0.05989
0.02861
0.02346
0.02861
0.02604
0.02604
0.05207
9.253
15.67
10.51
0.211
5.292
14.31
15.23
15.14
15.6
15.45
15.36
16.14
13.84
17.29
16.48
15.33
16.11
7.996
0.7034
0.2163
0.02861
0.02346
0.02861
0.02346
0.02861
5.048
20.97
21.26
19.95
12.29
10.12
1.944
18.7
21.53
20.07
17.48
1.378
0.4974
0.06247
0.02604
0.02604
0.02604
0.02604
0.02604
0.02604
0.02346
0.02861
0.02346
0.02861
0.4684
9.143
0.1354
0.08078
0.02346
0.02861
0.02346
0.02604
0.02346
0.02604
0.02604
0.02861
0.02861
0.02861
0.02604
0.03128
0.02604
0.02861
0.02604
0.02604
0.02604
0.02604
0.02346
12.27
7.349
11.04
7.8
11.39
18.46
18.41
19.53
20.02
20.85
22.44
23.88
24.95
22.22
17.09
17.99
18.33
16.77
15.5
16.72
17.48
17.6
18.19
21.34
22.14
24.24
25.98
26.17
25.24
23.66
22.51
23.1
24.49
24.88
25.24
15.01
18.16
19.85
21.9
20.31
24.1
24.93
22.07
15.55
16.16
17.87
18.53
19.36
13.67
3.223
20.0
21.9
21.56
20.97
22.14
24.15
26.42
26.46
26.61
25.78
25.93
24.88
25.93
25.78
24.78
24.88
24.88
26.22
26.86
26.17
27.0
26.95
26.76
26.61
25.59
14.26
21.56
21.88
23.46
21.56
22.31
20.19
23.14
19.58
16.55
16.58
16.06
17.46
16.63
8.167
19.46
21.24
22.02
22.56
22.85
24.98
26.22
25.15
24.34
23.63
22.9
22.97
22.29
22.24
20.14
17.85
18.73
18.63
18.14
16.97
17.53
18.8
19.43
18.87
18.04
20.73
20.09
21.39
22.05
22.05
7.336
12.87
16.41
20.43
17.9
17.77
15.36
16.33
15.67
16.72
16.21
17.36
16.7
21.73
21.0
13.53
3.265
22.92
22.41
21.95
22.07
22.95
22.63
24.98
24.24
23.41
22.14
21.31
21.53
22.95
22.83
23.36
22.73
21.34
21.17
21.48
18.9
20.17
22.24
23.07
23.95
21.92
23.1
23.56
23.9
14.67
17.29
18.65
20.8
22.51
21.83
22.95
22.8
18.95
16.41
17.65
19.6
20.73
15.77
2.954
18.92
22.49
23.1
24.32
25.2
24.44
23.88
22.92
23.97
24.34
24.73
23.61
20.83
20.19
21.31
23.46
23.66
22.07
23.39
21.51
22.46
22.58
23.71
23.68
22.19
22.66
20.53
18.65
15.6
18.24
20.0
19.8
19.04
18.85
21.26
19.75
14.77
16.31
17.16
20.0
21.02
13.45
6.848
20.04
22.34
22.19
18.63
18.38
20.31
17.31
16.16
16.41
18.21
17.9
8.167
22.75
22.02
23.36
18.85
16.48
18.38
11.93
20.09
19.7
19.56
18.63
17.02
22.14
17.8
20.21
19.43
19.46
13.65
17.11
23.58
21.66
22.88
21.88
22.36
22.63
23.56
21.46
22.49
21.41
21.8
22.8
22.31
23.63
24.76
26.9
27.34
26.37
26.46
27.73
26.81
26.71
28.56
28.61
28.22
12.62
16.58
17.63
17.04
17.41
19.73
19.51
16.67
16.92
17.19
19.29
19.75
22.29
23.97
5.475
18.85
23.44
24.73
23.95
25.39
24.63
23.61
25.24
24.46
25.98
25.68
24.63
24.98
22.85
23.58
24.78
24.51
24.98
23.93
22.63
20.87
20.95
20.65
20.85
19.31
19.87
19.7
16.02
18.77
21.34
23.0
22.58
19.7
20.41
20.73
19.41
23.22
22.53
20.51
21.92
5.463
22.05
20.56
16.41
15.58
16.75
20.09
18.02
15.77
15.14
16.43
16.11
15.72
15.65
17.77
14.55
17.33
15.23
18.38
15.75
16.65
16.82
16.46
19.26
20.29
21.44
14.38
16.19
15.89
16.21
16.87
17.04
18.16
16.02
17.26
18.75
21.29
16.7
15.26
13.92
14.53
11.01
21.26
19.63
18.7
18.12
16.7
17.48
18.82
20.26
21.29
20.92
20.29
20.68
19.97
17.75
18.21
19.43
22.53
23.39
22.56
22.95
23.29
22.58
19.85
18.97
20.04
21.97
23.44
24.15
24.22
24.29
14.7
21.95
23.58
26.27
23.14
25.34
24.71
16.43
16.46
17.6
20.17
22.02
13.7
11.72
15.28
16.97
17.04
18.58
16.97
1.057
0.4326
0.04692
6.653
13.84
14.77
16.33
16.36
15.92
17.02
12.96
13.5
14.89
14.55
14.55
17.63
22.63
24.78
16.58
18.24
16.24
16.02
15.82
14.94
0.9735
0.3803
0.04692
0.03128
0.02604
0.02604
0.02604
0.03128
0.02079
0.03128
0.02079
0.03128
0.02079
0.03128
0.02079
0.02604
0.02604
0.02604
0.02604
0.02604
14.26
16.04
15.16
14.84
5.988
6.409
12.87
13.96
