0.02537
0.02413
0.0267
0.02346
0.02604
0.02346
0.0267
0.02346
0.02604
0.02413
0.02604
0.02413
0.02604
0.02413
0.02604
0.0247
0.02604
0.02413
0.0267
0.0247
0.0267
0.02537
0.02804
0.02413
0.0267
0.02346
0.0267
0.0247
0.0267
0.02346
0.0267
0.0247
0.06514
12.21
33.11
34.47
34.72
33.11
29.44
31.93
26.61
16.5
24.32
33.94
32.37
31.74
31.35
28.76
29.44
26.61
13.77
16.43
8.008
16.26
32.37
32.23
33.3
34.23
29.79
31.98
25.34
25.63
26.32
21.95
17.5
32.03
33.06
32.47
31.45
29.35
30.08
24.98
22.68
24.78
25.59
22.97
26.66
25.05
13.28
17.75
10.77
28.37
31.15
33.35
32.37
29.64
30.08
25.39
10.95
31.88
32.62
33.15
32.03
28.08
30.47
25.83
13.35
14.5
15.09
19.63
24.61
23.88
18.14
14.01
20.48
28.27
29.83
27.1
28.47
26.76
28.86
22.61
3.687
0.1667
22.36
29.0
27.29
25.39
26.76
23.75
25.1
23.17
19.04
13.82
12.34
19.97
22.9
21.88
20.04
18.7
7.642
24.22
26.37
27.83
28.32
27.54
23.46
27.83
24.07
17.46
16.72
17.41
17.19
15.16
20.19
19.8
23.29
23.95
14.79
21.97
24.98
26.61
14.48
22.07
25.0
27.39
16.5
13.99
20.68
27.05
27.54
24.41
27.39
27.0
28.52
27.34
19.09
17.82
18.41
15.89
15.82
13.28
24.76
23.27
27.34
26.42
26.76
24.68
25.2
27.98
27.44
26.95
25.2
23.9
24.58
24.66
23.71
24.27
26.66
25.73
26.86
24.29
26.37
21.44
21.31
20.75
21.68
25.98
23.19
23.29
25.54
25.59
25.88
24.37
22.63
18.77
15.48
0.2201
0.1093
0.02346
0.02737
0.0247
13.82
14.43
17.19
18.21
23.56
25.2
16.06
12.89
12.55
14.79
12.04
14.65
15.8
14.14
16.19
18.21
14.16
10.4
0.2045
0.07162
0.02604
0.0247
0.02604
0.0247
12.6
12.96
17.02
20.63
23.02
21.46
16.99
15.06
15.7
16.65
16.99
16.65
20.83
24.88
24.71
14.77
19.24
10.96
0.1875
0.07811
0.02604
0.0247
0.02737
0.02346
15.09
12.39
15.62
16.06
20.68
25.24
24.9
12.65
11.29
13.84
13.48
13.79
13.7
18.43
20.31
24.88
25.98
12.77
0.7111
0.2407
0.02604
0.02346
0.02604
0.0247
6.287
12.57
9.937
17.63
20.09
18.19
25.2
20.09
17.48
16.89
18.8
14.84
17.43
17.92
15.33
13.94
18.8
15.06
0.2514
0.1303
0.02737
0.02346
0.02737
0.0247
0.7408
20.85
27.64
27.78
16.67
15.48
18.33
10.82
12.48
22.02
27.98
31.45
18.04
23.1
29.74
26.12
15.11
7.336
0.1797
0.05856
0.0247
0.02346
0.02604
0.02346
0.0247
13.87
14.82
17.04
18.24
17.8
14.84
17.9
18.73
26.61
21.95
27.64
29.54
15.11
16.94
15.14
14.43
8.252
0.2071
0.07687
0.02604
0.02346
0.02737
0.02213
0.6813
15.21
15.33
13.94
18.48
26.27
29.0
16.67
21.75
28.12
23.12
18.19
16.26
27.78
27.59
15.43
25.88
27.88
18.38
16.89
30.37
32.32
32.03
32.03
33.11
33.06
33.45
32.08
32.76
31.3
30.62
30.47
29.44
31.05
29.59
32.08
31.4
31.64
24.05
32.47
31.59
32.67
30.52
27.83
28.32
26.95
18.12
13.28
20.36
20.56
21.78
24.0
23.22
22.19
20.63
21.29
21.02
21.22
25.98
25.05
24.29
26.46
25.83
24.1
22.36
19.24
16.31
15.11
15.33
16.41
16.7
17.19
17.11
23.0
27.2
17.75
24.58
25.44
26.42
25.88
25.68
22.56
23.88
26.42
26.56
10.07
28.12
28.42
25.2
25.93
21.56
20.09
18.99
28.61
30.32
26.95
26.51
25.73
24.83
27.2
26.42
27.0
26.86
26.51
26.32
25.44
27.05
23.95
26.46
20.24
27.0
28.71
26.56
24.05
24.88
24.29
23.05
24.44
20.04
9.473
26.71
26.22
26.22
24.51
21.88
20.09
19.09
18.73
16.67
15.8
17.43
17.77
17.63
17.6
15.67
15.45
15.7
16.14
15.58
14.99
17.41
17.58
17.46
17.41
18.33
18.77
18.68
17.97
15.72
15.43
21.0
26.71
13.43
26.12
27.05
27.49
23.17
22.56
19.65
20.78
18.21
15.87
14.62
14.75
6.921
16.33
15.06
14.16
14.23
14.48
15.04
16.65
15.43
14.43
14.43
14.65
14.84
16.26
17.68
17.36
15.6
15.84
16.89
16.92
16.46
16.53
16.02
16.75
16.65
16.72
16.8
17.5
17.72
18.29
17.16
15.33
15.01
16.58
21.58
23.8
25.34
17.36
24.1
27.25
26.66
26.71
30.62
26.42
27.05
25.73
26.66
22.44
26.12
26.71
13.48
30.86
31.05
30.66
25.39
26.71
22.29
17.58
29.15
29.69
24.71
24.07
27.73
28.32
30.76
27.98
29.49
24.85
26.46
27.34
28.91
31.35
32.42
31.84
27.25
27.54
25.39
25.34
23.39
17.21
15.31
17.77
20.61
22.71
22.14
19.82
20.24
18.9
18.16
18.58
18.63
16.14
12.32
10.02
18.58
18.24
18.41
18.65
19.43
21.34
21.26
22.29
21.46
21.22
20.8
20.46
19.9
20.41
21.12
21.04
19.85
18.87
16.97
17.33
16.38
15.92
16.09
15.09
15.75
16.7
15.87
15.97
17.38
18.7
18.68
15.77
15.38
15.65
15.58
17.33
18.38
20.04
22.49
23.05
23.54
23.68
23.95
18.19
15.82
20.97
22.29
24.22
25.49
25.24
26.07
26.42
26.27
25.93
24.78
24.51
25.24
24.58
24.76
24.58
23.85
29.44
31.35
31.74
27.44
25.73
26.56
22.56
22.22
29.0
23.71
25.93
21.56
21.07
23.61
20.14
23.12
21.07
16.89
2.875
0.09375
16.19
22.12
24.71
23.9
24.0
22.31
22.14
21.17
25.0
25.15
22.24
21.34
20.24
17.7
17.36
18.43
17.19
17.31
17.75
18.6
19.58
19.31
17.75
16.55
15.89
15.16
14.89
15.14
17.38
18.29
17.04
15.38
10.75
19.92
19.6
19.04
17.8
17.07
16.67
16.46
17.29
18.09
20.19
18.8
18.31
16.53
13.38
11.66
13.38
15.67
14.36
14.21
15.41
14.94
15.55
16.58
18.82
19.97
15.21
16.19
17.11
16.7
16.02
11.06
15.82
13.13
12.48
14.7
16.33
17.16
14.89
18.68
18.99
13.09
12.15
14.75
11.73
10.47
14.45
13.01
14.28
13.84
15.58
16.48
16.04
15.45
14.92
11.9
15.04
14.79
14.09
15.04
14.58
14.94
9.509
15.8
13.62
15.11
14.6
14.84
15.26
14.09
10.55
14.23
13.43
14.89
14.89
15.62
14.79
14.55
15.23
4.248
0.5524
0.1276
0.02604
0.03386
0.02604
0.02604
0.02861
0.02604
0.02604
0.02861
0.02346
0.02861
0.02346
0.02604
0.02346
0.02861
0.02346
0.02861
2.701
15.72
14.4
14.89
15.43
16.09
14.94
12.65
13.43
14.11
13.65
