20.65
15.06
9.277
8.801
9.241
8.862
9.021
18.6
20.29
10.46
9.265
12.52
20.73
16.38
7.214
6.714
6.653
6.653
6.653
6.653
6.653
6.653
7.263
12.55
20.73
14.65
8.862
8.325
8.911
9.18
8.63
8.643
9.07
9.241
15.82
17.43
18.14
18.65
17.21
14.06
11.71
12.41
16.97
17.97
18.53
17.72
14.48
11.67
9.058
9.485
16.16
17.63
18.29
18.21
15.55
13.67
8.618
8.862
14.5
17.38
18.14
18.7
16.5
13.04
10.01
14.79
17.38
18.14
18.58
15.62
13.43
13.84
20.73
16.97
10.89
16.38
17.65
18.29
17.85
14.84
11.39
8.936
13.57
17.16
18.02
18.51
15.62
12.18
9.912
16.19
17.6
18.24
17.77
14.92
11.29
10.13
20.26
17.5
9.424
13.94
17.19
18.04
18.63
16.11
13.79
11.65
20.34
19.07
9.155
9.338
11.35
16.55
17.75
18.36
18.51
15.87
12.79
10.44
9.338
9.485
14.23
20.78
16.65
9.436
9.827
9.448
9.387
8.801
12.11
16.89
17.99
18.6
17.43
14.11
10.39
13.21
17.21
18.14
18.7
17.02
14.01
10.86
8.997
9.753
18.65
19.68
9.619
9.766
16.26
17.77
18.46
17.97
14.94
11.74
11.25
16.77
17.9
18.43
17.33
13.82
11.33
11.95
16.75
17.82
18.41
17.99
15.11
13.21
9.082
9.387
9.082
13.89
20.83
17.65
9.351
9.424
10.95
20.43
19.73
9.399
8.887
9.155
6.677
6.604
6.604
6.604
6.604
6.604
6.604
6.604
6.604
7.214
16.41
20.83
16.09
9.277
8.13
9.314
8.704
8.972
9.229
8.752
8.63
8.655
9.167
6.799
6.604
6.604
6.604
6.604
6.604
6.604
6.604
6.604
6.604
6.934
13.94
20.83
15.21
18.65
20.12
10.08
8.85
8.704
8.801
8.728
17.9
20.36
18.19
15.65
8.96
6.604
6.604
6.604
6.604
6.604
6.604
6.604
6.604
6.628
8.752
9.351
19.34
19.48
9.363
9.448
18.9
19.97
14.11
20.75
13.21
9.436
8.875
8.203
6.604
6.604
6.604
6.604
6.604
6.604
6.604
6.604
6.604
6.604
7.971
8.484
8.289
9.277
8.606
8.948
9.119
8.667
9.021
17.19
20.56
11.54
9.644
19.31
19.43
7.263
6.824
6.604
6.604
6.604
6.604
6.604
6.604
8.997
20.17
16.72
9.314
9.119
8.838
8.447
8.325
8.643
13.79
20.73
13.92
9.204
8.63
8.569
6.665
6.604
6.604
6.604
6.604
6.604
6.604
6.604
6.604
6.604
6.604
6.604
6.604
6.812
8.13
6.604
6.604
6.604
6.604
6.604
6.604
6.604
6.604
6.604
6.604
6.604
6.604
6.604
6.604
6.604
6.604
6.604
6.604
6.604
6.604
6.604
6.604
6.604
6.604
6.604
6.604
6.604
6.604
6.604
6.604
6.604
6.604
6.604
6.604
6.604
6.604
6.604
6.604
6.604
6.604
6.604
6.604
6.616
7.996
7.751
6.604
8.533
13.62
17.55
18.41
18.85
19.29
19.51
19.7
19.85
19.92
20.12
20.19
20.31
20.46
20.7
20.7
18.97
20.61
20.83
20.43
20.31
18.41
17.9
12.37
15.28
16.97
15.8
14.21
13.28
13.43
16.31
17.14
14.33
13.89
10.96
14.62
17.48
18.31
18.68
19.12
19.46
19.63
19.75
19.85
20.0
20.14
20.19
20.34
20.34
20.51
20.61
20.7
20.7
19.6
20.04
20.83
20.85
20.85
20.7
18.07
17.8
16.46
10.97
16.89
17.9
18.51
18.82
19.26
19.46
19.56
19.73
19.92
19.92
20.12
20.19
20.31
20.36
20.51
20.65
20.65
18.95
20.85
20.87
20.85
20.83
20.0
18.58
18.43
12.19
15.48
17.8
18.55
19.02
19.46
19.65
19.82
19.95
20.09
20.26
20.34
20.48
20.61
20.7
20.8
18.92
20.83
20.8
20.63
19.97
18.95
18.77
10.66
16.53
18.04
18.6
19.09
19.43
19.63
19.8
19.92
20.0
20.19
20.31
20.39
20.53
20.7
20.7
18.85
20.7
20.8
20.63
19.82
18.58
18.41
12.79
16.11
17.99
18.63
19.09
19.48
19.7
19.78
19.92
20.07
20.21
20.31
20.34
20.61
20.7
20.41
19.09
20.85
20.83
20.78
17.85
17.41
13.45
14.55
17.48
18.29
18.6
18.99
19.31
19.53
19.68
19.85
19.92
20.12
20.12
20.24
20.31
20.48
20.58
20.7
20.7
20.65
19.07
20.8
20.87
20.87
20.87
20.85
20.68
19.07
18.24
18.19
15.8
11.68
15.94
16.99
16.02
13.31
11.35
10.93
15.31
16.48
17.16
14.84
13.87
13.31
10.01
14.7
16.43
16.89
13.21
13.06
12.24
19.36
19.41
10.73
14.58
16.19
16.94
17.19
13.92
13.77
13.31
9.851
14.58
16.6
13.7
10.42
14.82
16.19
13.26
9.595
15.87
17.77
18.53
18.82
19.34
19.51
19.73
19.85
20.04
20.14
20.29
20.43
20.48
20.63
20.78
20.83
19.56
19.85
20.8
20.78
20.75
18.65
17.92
17.48
10.46
16.65
18.07
18.68
19.12
19.43
19.65
19.75
19.8
19.95
20.12
20.21
20.31
20.43
20.61
20.7
20.39
19.17
20.85
20.58
20.24
18.7
17.68
17.11
11.02
16.67
17.99
18.55
18.92
19.36
19.58
19.73
19.85
20.07
20.14
20.31
20.39
20.51
20.51
20.7
20.7
18.85
20.78
20.83
20.63
20.61
18.38
17.33
16.94
11.24
16.67
17.99
18.58
18.99
19.41
19.7
19.8
19.92
20.09
20.29
20.34
20.51
20.63
20.7
19.9
19.8
20.85
20.7
20.43
19.51
18.24
18.02
11.24
12.82
10.68
12.82
9.033
11.24
12.39
10.86
12.6
12.74
10.45
9.668
12.08
9.973
12.18
9.619
12.02
9.607
12.39
9.387
14.4
17.14
18.04
18.63
18.99
19.34
19.56
19.65
19.75
19.8
19.95
20.09
20.21
20.31
20.34
20.51
20.65
20.7
20.26
19.73
20.85
20.83
20.63
17.8
16.63
16.63
10.42
9.705
9.607
9.558
9.277
16.24
17.82
18.46
18.87
19.29
19.53
19.73
19.85
20.12
20.21
20.31
20.41
20.58
20.7
20.7
19.41
20.39
20.83
20.51
20.46
17.85
17.6
15.87
9.448
9.851
18.92
20.02
10.46
9.326
9.57
16.11
20.7
12.48
9.412
9.314
9.253
9.448
9.009
9.253
9.436
15.38
20.61
13.67
9.18
9.326
18.6
20.26
8.398
6.897
6.628
6.604
7.41
9.351
9.033
9.192
9.192
9.631
9.021
9.216
10.4
19.97
19.04
9.485
9.534
9.131
8.911
9.387
17.92
20.7
12.82
7.361
6.775
6.604
6.604
6.604
6.604
6.604
6.604
6.604
6.604
6.604
6.604
6.604
6.604
6.604
6.604
6.604
6.604
6.604
6.604
6.604
6.604
8.118
9.68
9.778
9.705
9.961
9.9
9.534
9.314
