20.8
19.73
15.75
9.07
15.01
20.78
20.51
18.51
12.89
8.899
8.813
8.911
9.094
7.056
6.604
6.458
6.409
6.409
6.409
6.824
8.801
8.948
14.77
20.7
20.8
19.12
14.6
8.984
8.972
8.838
8.911
9.045
12.84
20.31
20.8
19.17
12.7
19.87
20.85
19.9
18.33
14.92
16.21
16.99
17.48
18.04
18.31
18.65
18.82
17.07
15.26
14.62
13.96
9.009
8.899
11.91
20.17
20.83
20.07
15.97
9.094
8.923
9.143
14.82
16.55
17.29
17.9
18.24
18.58
18.7
16.24
14.92
13.7
10.83
9.204
9.961
17.8
20.83
20.85
19.58
17.82
9.29
8.948
15.38
20.8
20.83
18.68
14.14
15.97
16.92
17.53
17.99
18.33
18.58
16.82
14.84
14.23
13.48
10.77
19.48
20.83
20.46
18.9
16.5
9.277
9.277
9.119
10.29
16.06
17.26
17.99
18.36
17.9
15.23
14.21
9.241
15.14
17.14
17.92
18.41
18.07
15.53
14.04
11.62
10.23
9.106
15.58
17.26
18.04
18.58
17.68
15.01
13.84
9.436
9.119
15.84
17.53
18.16
18.65
17.11
14.99
14.01
9.717
9.705
10.95
16.65
17.75
18.36
18.75
16.48
15.55
12.55
9.436
8.984
9.79
18.9
20.31
11.79
14.55
16.72
17.5
18.14
18.55
17.53
14.92
13.55
9.119
9.204
16.46
20.73
18.29
14.55
9.131
9.741
17.48
20.8
19.46
17.92
12.22
9.106
9.07
8.923
6.995
6.604
6.604
6.604
6.604
6.604
6.604
6.604
8.63
8.936
8.789
8.813
9.253
9.058
8.997
11.79
20.58
20.0
16.63
9.973
9.033
9.229
8.679
8.557
6.604
6.604
6.604
6.604
6.604
6.604
6.604
6.604
8.569
8.752
9.302
9.045
9.375
9.741
18.21
20.8
19.56
18.38
12.34
9.009
9.033
9.106
8.948
7.031
6.604
6.604
6.604
6.604
6.604
6.604
6.604
6.604
8.228
9.424
9.07
8.948
14.4
20.26
20.83
20.21
14.04
18.85
20.56
15.41
18.99
20.58
18.26
9.253
6.628
6.604
6.604
6.604
6.604
6.604
6.604
6.604
7.41
9.143
8.96
8.374
8.911
8.862
8.765
8.923
9.607
9.009
8.752
14.7
20.29
20.83
19.82
14.97
7.275
6.738
6.604
6.604
6.604
6.604
6.604
6.958
8.984
9.18
9.448
9.131
9.448
15.11
20.73
20.83
18.43
9.875
9.229
9.094
8.972
9.363
8.704
8.105
6.604
6.604
6.604
6.604
6.604
6.604
6.604
6.604
7.3
9.082
9.241
15.82
20.78
20.61
17.82
11.83
8.899
8.472
9.265
8.826
10.89
20.12
20.73
16.6
7.263
6.75
6.604
6.604
6.604
6.604
6.604
6.604
6.604
8.289
8.728
10.01
19.12
20.83
19.02
14.28
20.75
19.68
13.35
9.106
8.826
8.069
9.033
7.446
6.604
6.604
6.604
6.604
6.604
6.604
6.604
6.604
9.558
17.77
20.83
20.61
13.13
9.802
9.412
15.36
17.21
17.92
18.46
18.73
19.12
19.34
19.46
19.6
19.73
19.9
19.92
20.12
20.29
20.31
20.31
20.36
20.63
20.7
20.7
20.7
18.51
20.58
20.87
20.85
20.85
20.85
20.65
18.29
17.6
17.6
15.14
11.94
16.5
17.48
18.07
18.43
18.65
19.02
19.34
19.38
19.53
19.7
19.75
19.92
20.07
20.12
20.14
20.31
20.31
20.43
20.56
20.7
20.7
19.38
19.9
20.87
20.87
20.87
20.87
20.87
20.7
20.68
18.9
17.6
17.43
17.38
13.82
12.82
16.58
17.5
18.09
18.46
18.58
18.92
19.17
19.41
19.6
19.7
19.82
19.97
20.09
20.14
20.26
20.26
20.46
20.46
20.63
20.85
20.85
18.68
20.34
20.83
20.83
20.8
20.8
20.48
19.73
19.43
19.34
13.67
8.74
11.74
16.6
17.65
18.24
18.6
18.82
19.21
19.43
19.56
19.7
19.73
19.85
20.02
20.09
20.14
20.29
20.29
20.29
20.43
20.56
20.65
20.68
20.8
20.85
19.95
18.9
20.53
20.85
20.85
20.83
20.85
20.14
19.36
18.14
17.99
17.87
10.67
15.8
17.24
18.02
18.51
18.75
19.19
19.38
19.6
19.73
19.73
19.85
19.92
20.02
20.12
20.12
20.31
20.31
20.31
20.43
20.51
20.56
20.68
20.68
19.9
19.07
20.63
20.68
20.83
20.85
20.73
20.34
19.46
17.11
17.04
17.04
17.04
10.82
15.21
17.16
17.87
18.46
18.65
18.97
19.17
19.34
19.41
19.53
19.7
19.78
19.92
19.97
20.12
20.17
20.31
20.31
20.36
20.53
20.65
20.68
20.7
20.83
20.04
18.85
20.85
20.85
20.85
20.63
20.46
19.12
18.16
17.99
17.97
14.28
12.28
15.7
16.55
17.14
17.07
13.77
13.35
10.83
14.87
16.77
16.19
13.4
12.96
10.35
14.84
16.5
16.65
13.21
13.11
9.753
14.36
16.46
16.85
13.38
11.74
10.56
16.19
17.53
18.21
18.6
18.85
19.24
19.46
19.63
19.78
19.82
19.97
20.12
20.21
20.29
20.43
20.51
20.51
20.63
20.7
20.7
20.39
18.29
20.56
20.48
20.8
20.85
20.78
20.65
20.68
18.51
18.02
17.85
17.82
12.89
14.06
16.97
18.04
18.55
18.9
19.29
19.46
19.6
19.78
19.92
19.92
20.12
20.17
20.31
20.31
20.46
20.56
20.7
20.7
20.0
19.17
20.8
20.8
20.65
20.09
19.46
17.9
17.53
17.43
12.04
15.82
17.19
18.09
18.58
18.9
19.26
19.48
19.63
19.73
19.82
19.92
20.04
20.12
20.12
20.24
20.31
20.34
20.48
20.48
20.63
20.7
20.7
20.7
18.63
20.34
20.85
20.85
20.83
20.65
20.65
19.31
18.19
18.21
18.21
18.21
18.21
13.57
12.44
9.802
11.33
11.06
12.87
14.82
20.12
19.87
13.35
10.77
12.19
12.55
17.77
19.92
18.65
11.07
13.99
16.72
17.55
18.09
18.48
18.68
19.02
19.34
19.43
19.53
19.68
19.73
19.87
19.92
20.09
20.12
20.12
20.12
20.24
20.31
20.39
20.51
20.58
20.7
20.7
20.7
18.53
20.46
20.63
20.85
20.85
20.85
20.87
20.31
18.73
18.38
18.38
18.38
11.39
9.607
16.16
20.8
20.75
15.92
12.62
14.21
19.95
20.02
15.67
9.668
9.216
13.01
20.53
20.78
19.12
17.87
11.84
9.241
9.656
9.326
9.448
17.04
20.8
20.46
15.04
6.995
6.677
7.788
9.57
11.1
19.17
20.8
20.65
17.53
9.619
9.595
9.485
9.485
9.473
9.521
9.216
10.23
18.14
20.83
19.41
10.49
7.19
6.665
6.604
6.604
6.604
6.604
6.604
6.604
6.604
6.604
6.604
6.604
6.604
6.604
6.604
6.604
6.604
6.604
6.604
6.604
6.604
10.38
17.94
20.75
19.82
15.72
11.33
17.94
20.63
20.78
