0.0
0.0
3.296
1.102
0.00248
0.001526
0.001335
0.002003
0.001907
0.04139
2.625
0.618
0.0
0.0
4.919
1.035
0.001049
0.0008583
0.0008583
0.0009537
0.0008583
0.001049
0.0009537
0.0007629
0.0007629
0.0007629
0.0009537
0.0009537
0.0007629
0.00124
0.0006676
0.0008583
0.0007629
0.00124
0.0007629
0.001144
0.0007629
0.0009537
0.0007629
0.0007629
0.0009537
0.0009537
0.0007629
0.0009537
0.0009537
0.001144
0.0007629
0.0007629
0.0007629
0.0008583
0.001144
0.0008583
0.0008583
0.0008583
0.0008583
0.0009537
0.0007629
0.0007629
0.0008583
0.0008583
0.0008583
0.001812
0.0
0.003529
0.0
