0.0
0.0
0.0
0.0
0.0
0.0
0.0
0.0
0.0
0.0
0.0
0.0
0.0
0.0
0.0
0.0
0.0
0.0
0.0
0.0
0.0
0.0
0.0
0.0
0.0
0.0
0.0
0.0
0.0
0.0
0.0
0.0
0.0
0.01183
0.518
0.8438
0.9232
0.8911
0.7935
0.676
0.8972
5.78
3.333
3.036
1.118
0.2964
0.8392
0.8408
0.7378
0.6187
0.7454
0.7248
2.362
3.516
2.374
2.676
1.332
0.5043
0.04663
0.4974
0.5646
0.6454
0.6653
0.7996
0.8621
0.9827
5.2
2.237
3.943
1.202
0.2457
0.1463
0.6897
1.126
1.033
1.138
2.249
4.578
2.31
2.631
0.5516
0.2991
0.1348
0.2838
0.1568
0.1524
0.07811
0.5463
0.9415
0.9216
0.9384
0.853
0.9689
6.445
3.857
2.188
0.2331
0.1625
0.2335
0.1951
0.0001907
0.2205
0.2434
0.5142
0.7591
0.8133
0.9262
0.7553
1.06
6.641
4.364
1.057
0.2251
0.8682
0.8057
0.9186
0.9888
3.43
4.01
3.638
0.4532
0.4204
0.3609
0.2434
0.1564
0.5569
0.2987
0.0968
0.08793
0.08373
0.3345
0.1627
0.6424
0.4456
0.4128
0.1217
0.1141
0.3845
0.05112
0.5898
0.602
0.6912
0.7042
0.8026
0.8057
0.9048
5.347
3.735
1.968
0.8713
0.1122
0.12
0.2106
0.2254
0.5043
0.2678
0.1905
0.4684
0.2441
0.6538
0.7126
0.856
0.8011
0.6622
0.6874
5.2
1.472
2.841
2.567
0.9613
0.272
0.06886
0.312
9.537e-05
0.001621
0.0
0.0
0.001144
0.0
0.0
0.0
0.0
0.0
0.0
0.0
9.537e-05
0.0
0.0
0.0
0.0
0.0
0.0003815
0.0
0.0
0.0
0.0
0.0
0.0
0.0
0.0
0.0
0.0
9.537e-05
0.0
0.0
0.0
0.0
0.0
0.0
0.0
0.0
0.0
0.0
9.537e-05
0.0
0.0
0.0
0.0
0.0
0.0
0.0
0.0
0.0
0.0
0.0
0.0
0.0
0.0
0.0
0.0
0.0
0.0
0.0
0.0
0.0
0.0
0.0
0.0
0.0
0.0
0.0
0.0
0.0
0.0
0.0
9.537e-05
0.0
0.0
0.0
0.001144
0.0
0.0
0.0
0.0
0.0
9.537e-05
0.0
9.537e-05
0.0
9.537e-05
0.0
0.0
0.0
0.0
0.0
9.537e-05
0.0
9.537e-05
0.0
9.537e-05
0.0
0.0
0.0
0.0
0.0
0.0
9.537e-05
0.0
0.0
0.0
0.0
0.0
0.0
0.0
0.0
0.0
0.0
0.0
0.0
0.0
0.0
9.537e-05
0.0
9.537e-05
0.0
0.0
0.0
0.0
0.0
0.0
0.0
0.0
0.0
0.0
0.0
0.0
0.0
0.0
0.0
0.0
0.0
0.0
0.0
0.0
0.0
0.0
0.0
0.0
0.0
0.0
0.0
0.0
0.0
0.0
0.0
0.0
0.0
0.0
0.0
0.0
0.0
0.0
0.0
0.0
0.0
9.537e-05
0.0
0.0
0.001812
0.0
0.0
0.0
0.0
0.0
0.0
0.0
0.0
0.0
0.0
0.0
0.0
0.0
0.0
0.0
0.0
0.0
0.0
0.0
0.0
0.0
0.0
0.0
0.0
0.02756
0.05312
0.602
0.5867
0.7919
0.9888
0.9583
0.9247
0.8575
0.5959
0.4898
0.4822
0.5142
0.5066
0.5501
0.5264
0.4913
0.5447
0.5829
0.634
0.5905
0.724
0.6683
0.6798
0.7919
0.9399
0.8911
0.7484
0.8163
0.7065
0.766
3.534
8.447
7.678
5.585
8.472
9.656
7.678
8.24
6.061
5.17
4.797
2.85
2.145
2.103
1.825
0.2361
0.6828
0.7538
0.6851
0.692
0.6912
0.8804
0.8301
0.7767
0.882
0.7538
0.6386
0.7057
0.6226
0.6302
0.7233
0.7172
0.7889
0.6859
0.621
0.5798
0.7004
0.7828
0.6424
0.6187
0.6226
0.7103
0.798
0.7996
3.247
8.057
3.491
5.31
4.803
6.531
7.239
7.764
6.897
7.227
5.713
4.492
4.01
2.856
1.947
2.512
0.1032
0.6119
0.6302
0.544
0.6111
0.6218
0.6927
0.6889
0.795
0.9186
0.7576
0.779
0.737
0.6447
0.7721
0.766
0.721
0.6561
0.5959
0.6607
0.6271
0.5653
0.6615
0.6851
0.6363
0.6622
0.6142
0.7965
0.8881
1.575
7.056
9.29
10.86
7.556
8.582
10.41
5.017
9.912
5.115
3.632
2.496
2.286
0.4417
0.7423
0.7675
0.7019
0.8408
0.8347
0.795
0.7484
0.7477
0.6783
0.7164
0.6546
0.6439
0.6226
0.7347
0.6851
0.7568
0.9094
0.8072
0.753
0.8362
0.824
0.7645
0.7545
0.7179
0.6348
2.496
6.494
7.117
3.741
5.548
8.459
4.791
5.286
6.628
5.817
5.817
4.755
3.442
3.638
2.594
2.103
2.563
0.3132
0.5653
0.6912
0.666
0.7172
0.737
0.6943
0.7309
0.6653
0.7019
0.6905
0.6744
0.5669
0.5936
0.5554
0.7599
0.8713
0.9293
0.9415
0.8026
0.885
0.9171
0.7263
0.7812
0.8743
0.7431
0.7027
0.7744
4.175
8.105
8.313
9.387
7.544
9.485
7.471
9.485
4.376
3.839
3.085
2.664
0.5203
0.4799
0.6767
2.377
3.821
0.972
0.1266
0.4974
0.647
1.828
4.156
1.469
0.1314
0.6104
0.7233
4.413
1.703
0.3754
0.4082
0.6279
2.512
3.113
1.411
0.1961
0.5707
0.6775
3.784
2.17
0.6844
0.4295
0.9201
1.038
1.118
1.019
0.7668
0.8408
0.7889
0.9048
0.8759
0.8286
0.7164
0.7431
0.5463
0.5096
0.5318
0.5074
0.5211
0.5074
0.5836
0.5226
0.576
0.486
0.5745
0.4761
0.4768
0.5699
0.692
0.6958
0.7057
3.345
7.056
5.267
2.557
7.19
4.614
7.3
6.097
6.152
6.11
9.375
5.273
5.072
2.554
1.797
0.4524
0.7599
0.946
0.7805
0.856
0.9262
0.885
0.7874
0.8286
0.7797
0.8118
0.798
0.5768
0.5028
0.4044
0.4402
0.5371
0.5356
0.5745
0.5836
0.473
0.7042
0.7904
0.8911
0.824
0.9354
0.943
1.039
9.814
7.446
7.251
10.05
8.386
7.837
7.544
3.735
4.395
2.365
2.896
0.3407
1.16
0.2502
0.3128
0.112
0.08488
0.2258
0.1581
1.089
0.1055
1.193
0.2338
1.053
0.2155
0.4868
0.7286
0.7164
0.7576
0.7141
0.8163
0.8316
0.7217
0.7797
0.7607
0.8255
0.8316
0.7553
0.7103
0.721
0.7446
0.7721
0.7843
0.8041
0.7408
0.9155
0.8713
0.798
0.9338
0.9277
0.8636
0.9521
6.958
8.289
5.908
8.411
6.641
8.13
7.751
8.289
5.511
4.492
1.205
3.333
0.4761
0.1991
0.5386
0.7538
0.246
0.09575
0.09584
0.2968
0.1091
0.7179
0.4608
0.3712
0.2182
0.6012
0.3883
0.2151
0.2537
0.4227
0.4601
0.09251
0.4227
0.3693
0.3593
0.2258
0.1453
0.3376
0.399
0.4654
0.4837
0.5302
0.515
0.4593
0.502
0.5447
0.5035
0.502
0.5898
0.5539
0.5264
0.5219
0.4974
0.5402
0.4494
0.56
0.5226
0.5692
0.5798
0.5325
0.5257
0.4768
0.4715
0.5356
0.5142
0.5219
0.544
0.5432
0.5112
0.5676
0.5226
0.5928
0.6081
0.5898
0.5455
0.5035
0.5074
0.5867
3.024
6.848
6.946
4.919
4.12
5.078
7.507
4.712
5.646
5.762
5.792
6.506
4.065
4.401
3.04
2.374
1.868
2.435
9.537e-05
0.0005722
0.0
0.0
0.0
0.0
0.0
