0.0
0.0
0.0
0.0
0.0
0.0
0.0
0.0
0.0
0.0
9.537e-05
9.537e-05
0.0001907
9.537e-05
0.0
0.0
0.0001907
0.0
0.0
0.0
0.0
0.0001907
0.0
0.0
0.0
0.0008583
0.0
0.0
0.0
0.0
0.0
0.0
0.0
0.03862
1.895
2.597
2.344
2.371
1.987
5.853
5.701
3.906
0.9842
0.4959
2.402
2.341
2.603
2.872
4.486
5.487
4.932
1.147
0.9308
1.981
2.423
2.188
2.664
6.824
5.06
3.024
0.2995
1.81
1.956
2.496
2.341
4.181
6.482
4.749
1.48
0.486
0.1755
0.359
0.2266
0.4601
2.216
2.451
2.414
1.971
6.219
5.621
2.875
0.5615
0.1467
0.3662
0.08535
0.8743
1.331
1.332
1.804
2.188
1.865
6.36
3.07
3.461
0.8026
0.2262
0.5135
0.08497
0.1354
0.3422
0.1568
0.3704
0.351
0.5722
0.1106
0.1322
0.3731
0.2502
0.6142
0.4333
0.7156
1.822
2.124
2.219
1.627
1.767
4.376
3.979
2.792
3.394
0.7393
0.2789
0.9216
1.889
2.09
1.971
2.225
2.975
3.467
4.901
4.321
2.673
0.1852
1.758
1.984
2.048
2.036
1.874
1.849
1.816
1.904
2.139
2.444
2.496
2.478
2.704
2.728
2.548
2.67
2.731
2.484
4.633
4.144
5.322
9.9
7.324
9.241
9.387
5.383
5.701
9.265
4.059
3.741
2.072
0.9338
0.4814
0.6905
0.6798
0.5074
0.5363
0.1688
0.285
0.1991
0.4524
0.4211
0.0
0.0
9.537e-05
0.0
0.0
0.0
0.0
0.0
9.537e-05
0.0
0.0
0.0
0.0
0.0
0.0
0.0
0.0
0.0
9.537e-05
0.0
0.0
0.0
0.0
0.0
0.0
0.0
0.0
0.0
0.0
0.0
0.0
0.0
0.0
0.0
0.0
0.0
0.0
0.0
9.537e-05
0.0
9.537e-05
0.0
0.0
0.0
0.0
0.0
0.0
0.0
0.0
0.0
0.0001907
0.0001907
0.0
0.0
0.0
0.0
0.0
0.0
0.0
0.0
0.0
0.0
0.0
0.0
0.0
0.0
0.0
0.0
0.0
0.0
0.0
0.0
0.0001907
0.0
0.0
0.0
0.0
0.0
0.0002861
0.0
9.537e-05
0.0
0.0
0.0001907
0.0001907
0.0
0.0
0.0
0.0
0.0
0.0
0.0
0.0
0.0
0.0
0.0
0.0
0.0
0.0
0.0
0.0
0.0
0.0
0.0
0.0
0.0
0.0
0.0
0.0
0.0
0.0
0.0
9.537e-05
0.0
0.0
0.0
0.0
0.0
0.0
0.0
0.0
0.0
0.0002861
0.0
0.0
0.0
0.0
0.0
0.0
0.0
9.537e-05
0.0
0.0
0.0
0.0
0.0
0.0
0.0
9.537e-05
0.0
0.0
0.0
0.0
0.0
0.0
0.0
0.0
0.0
0.0
0.0
0.0001907
0.0
0.0002861
0.0
0.0
0.0
0.0
0.0
0.0
0.0
0.0001907
0.0
0.0
0.0
9.537e-05
0.0
0.0004768
0.0
0.0
0.0
0.0002861
0.0
0.0
0.0
0.0
0.0
0.0003815
0.0
0.0
0.0
0.0
0.0
0.0
0.0
0.0
0.0
0.0
0.0
0.01221
0.02079
0.7309
0.8881
1.073
1.28
1.491
1.21
1.318
1.346
1.07
1.379
1.457
1.044
0.972
1.274
1.37
1.418
1.256
1.256
1.335
1.512
1.395
1.328
1.408
1.402
1.547
1.254
2.451
5.64
10.17
4.504
7.593
8.35
7.056
7.007
7.764
6.677
4.041
2.277
2.429
1.749
0.3613
1.001
0.8621
1.155
1.123
1.53
1.35
1.344
1.273
1.483
1.442
1.466
1.834
1.608
1.721
1.454
1.265
1.349
1.427
1.364
1.506
1.263
0.9842
0.9048
1.01
1.202
1.387
1.099
4.724
5.377
8.716
3.68
4.797
8.582
7.385
6.665
8.142
5.89
5.994
4.26
2.942
2.985
2.054
1.543
1.012
1.265
1.357
1.268
1.39
1.486
1.608
1.366
1.015
1.03
1.019
1.392
1.401
1.282
1.466
1.285
1.167
1.285
1.25
1.439
1.73
1.678
1.599
1.233
1.593
4.724
5.927
7.629
5.432
4.333
9.9
10.99
4.999
8.728
6.982
4.529
3.302
4.01
4.211
3.448
1.5
1.941
1.122
1.627
1.48
1.401
1.639
1.559
1.184
1.309
1.225
1.454
1.497
1.611
1.718
1.743
2.017
1.77
1.477
1.523
1.225
1.201
1.077
1.474
3.29
3.528
5.011
6.982
6.085
4.382
6.262
6.946
10.35
6.885
7.288
4.419
4.7
5.804
5.615
2.618
2.264
0.3136
0.8987
0.7889
0.8362
0.8377
1.044
1.216
1.407
1.43
1.596
1.537
1.381
1.328
1.474
1.807
1.871
1.479
1.596
1.508
1.682
1.448
1.492
1.636
1.654
1.578
3.558
7.507
7.935
5.786
10.02
8.105
12.15
8.032
7.532
4.016
4.315
2.051
0.7408
0.7011
0.9995
1.1
4.156
2.951
1.402
0.2728
0.1488
0.4463
0.2708
1.189
1.37
3.503
2.621
1.526
0.4456
0.589
0.7187
0.7736
2.463
4.401
1.715
0.2277
0.6081
0.7736
1.068
3.467
4.34
3.104
1.418
0.5081
1.332
3.467
3.949
2.087
0.1947
1.181
1.48
4.163
3.296
0.605
1.05
1.788
1.92
1.978
1.718
1.538
1.706
2.133
2.081
1.755
1.63
1.562
1.497
1.715
2.289
2.045
1.968
2.112
2.341
2.423
2.573
6.921
11.36
5.261
9.619
7.52
7.153
7.898
8.911
3.412
2.094
3.479
1.266
0.9308
0.5119
1.926
1.779
1.953
2.026
2.359
2.472
2.695
2.444
2.469
2.515
1.865
2.292
1.849
1.843
2.081
2.234
2.228
1.956
1.691
3.864
6.311
11.95
9.363
10.27
6.543
7.727
7.922
6.677
5.548
2.502
4.083
1.868
0.2552
0.0
1.074
1.497
1.736
1.846
2.06
2.283
2.06
2.094
1.959
1.892
2.1
2.048
1.7
1.608
1.779
1.941
1.95
1.703
1.663
1.286
1.324
1.14
0.9293
1.028
3.912
6.714
6.183
6.049
4.169
7.629
6.75
6.262
7.141
10.57
4.022
4.211
3.253
2.115
0.3876
0.1312
0.3929
0.1925
0.9918
1.085
0.544
1.286
0.5272
1.538
1.089
1.172
0.4807
0.1638
0.2697
0.1984
0.8911
0.1736
1.074
0.1196
1.26
1.349
1.343
1.251
1.451
1.797
1.657
1.251
1.205
1.289
1.134
1.308
1.294
1.044
0.9933
0.9384
1.073
0.9384
2.032
2.277
1.813
1.52
1.425
1.599
1.521
3.992
7.178
7.092
4.706
4.358
9.241
4.645
6.97
4.95
4.797
4.987
4.254
4.23
3.168
1.938
2.365
1.889
0.4265
0.56
1.385
1.373
1.367
1.265
1.196
1.228
1.236
0.9186
1.091
1.079
1.227
1.239
1.108
1.024
1.073
0.9827
1.05
1.343
1.271
1.151
1.36
1.323
1.486
1.236
1.114
1.137
1.125
1.23
1.302
1.262
3.333
6.311
7.544
5.164
3.467
9.68
4.242
7.874
7.239
7.898
4.565
6.409
1.727
3.067
1.804
2.96
1.468
0.0003815
0.0
0.0
0.01612
0.5577
0.2937
0.6546
0.8621
0.3151
