8.899
9.009
9.033
9.082
8.923
8.667
8.044
8.093
8.142
8.582
9.265
8.179
7.849
7.8
8.008
8.337
8.179
8.118
8.13
8.215
7.959
7.983
8.13
8.044
8.264
8.362
8.398
8.374
8.582
8.521
8.337
8.679
8.533
8.435
8.325
8.496
8.557
9.082
8.643
8.472
8.447
8.643
8.313
8.325
8.435
9.216
8.533
8.252
8.228
8.582
8.35
8.386
9.265
8.374
8.313
8.472
8.557
8.716
8.862
8.337
8.362
8.521
8.337
8.533
8.02
7.91
7.8
7.764
8.154
8.032
8.093
8.13
8.252
9.717
15.67
16.06
16.06
16.06
16.09
16.06
16.09
16.06
16.09
16.09
16.06
16.06
16.06
16.09
16.09
16.09
16.09
16.06
16.06
15.72
15.7
15.77
15.62
15.62
15.41
15.31
15.45
15.31
15.43
16.02
15.6
15.62
15.8
15.45
15.11
14.5
14.58
14.55
14.26
14.14
14.14
14.14
14.21
14.06
14.04
14.09
14.11
14.06
14.14
14.28
14.4
13.96
14.33
14.11
14.04
13.99
14.06
14.11
13.62
13.55
13.55
13.77
13.79
13.96
13.75
13.75
13.75
13.65
13.55
13.57
13.26
13.18
13.35
13.72
13.72
13.26
13.33
13.48
13.6
13.57
13.62
13.31
12.84
12.77
12.82
12.74
12.29
12.39
12.29
12.43
12.48
12.67
12.99
12.57
12.27
12.11
12.01
12.23
11.89
11.8
11.87
11.95
11.96
11.82
11.13
10.69
10.34
9.46
9.412
10.02
9.595
9.485
9.485
9.558
8.96
8.96
10.18
9.351
9.216
9.119
9.082
8.899
9.094
8.752
8.923
9.07
8.557
8.557
8.191
8.313
8.313
8.325
8.545
8.142
7.703
7.556
8.545
8.167
7.886
8.13
8.228
8.276
8.13
7.959
7.874
8.679
7.996
7.971
7.837
7.91
8.081
8.032
8.337
8.228
8.313
8.447
8.179
8.081
8.02
7.983
8.13
8.032
8.984
8.337
8.337
8.313
8.203
8.545
8.545
8.374
8.435
8.374
8.447
8.533
8.313
8.02
8.118
8.118
8.313
8.496
8.887
8.594
8.582
8.582
8.362
8.337
8.691
8.374
8.325
8.362
8.533
8.521
8.728
8.862
8.484
8.594
8.826
8.655
8.337
8.386
8.765
8.362
8.252
8.301
8.435
8.533
8.862
8.423
7.849
7.678
7.739
7.8
8.35
8.069
7.935
7.971
8.118
8.032
8.191
8.13
8.215
8.167
8.167
8.203
8.032
8.289
9.351
8.484
8.472
8.191
8.337
8.704
8.386
8.472
8.411
8.13
8.032
8.02
8.899
8.508
8.069
8.154
8.179
9.033
8.533
8.032
8.215
8.167
8.044
8.508
8.63
7.935
7.947
7.471
7.617
7.556
7.947
7.959
7.739
7.776
9.18
15.99
15.94
15.99
16.06
15.97
15.97
15.97
15.97
16.04
16.02
15.99
15.72
14.92
14.7
14.82
14.82
14.82
14.89
15.01
14.92
14.94
14.94
15.38
14.89
15.01
15.11
15.19
15.11
15.36
14.97
14.84
14.82
14.82
14.26
14.43
14.5
14.48
14.43
14.45
14.26
14.58
14.79
14.23
14.45
14.75
14.53
14.43
14.33
14.28
14.45
14.38
14.38
14.06
14.04
14.06
14.11
14.09
13.77
13.6
13.4
13.55
13.75
14.18
13.75
13.16
12.96
13.06
13.23
13.26
12.62
12.57
12.6
12.65
12.65
12.39
12.24
12.22
12.08
12.19
12.16
12.01
12.1
12.21
12.52
12.39
12.7
12.17
12.13
11.8
11.82
12.62
11.87
11.93
12.01
11.98
12.04
12.17
11.74
11.61
11.16
11.01
10.71
10.82
10.64
11.35
10.83
10.71
10.71
10.84
10.84
10.89
12.02
10.58
9.961
9.924
9.875
9.863
9.766
9.68
10.12
10.67
9.875
9.839
9.363
9.509
9.485
9.607
9.631
9.326
8.179
8.875
8.936
7.959
8.081
7.874
7.898
8.081
8.118
8.118
8.057
7.861
7.605
8.35
8.008
7.947
9.143
8.948
8.264
8.118
8.118
8.13
8.24
8.398
8.264
8.142
8.13
8.032
8.057
8.435
8.386
8.228
8.24
8.459
8.521
8.35
8.337
8.435
8.191
8.191
8.142
8.154
8.337
8.215
8.228
8.423
8.521
8.545
8.643
9.009
8.459
8.521
8.643
8.557
8.374
8.411
8.313
8.447
8.521
8.85
8.704
8.716
8.508
8.716
8.545
8.411
8.411
8.386
8.521
8.752
9.668
8.655
8.105
7.983
8.13
8.228
8.313
8.63
8.105
7.69
7.788
7.922
8.02
8.337
7.971
7.935
8.167
8.093
8.057
8.008
8.118
8.044
7.959
7.983
8.423
8.411
8.643
8.325
8.313
9.119
8.325
8.154
8.118
8.179
8.484
9.021
8.899
8.435
8.582
8.264
8.154
8.167
8.13
8.862
8.362
8.081
7.959
7.935
8.179
8.044
8.789
8.569
8.167
8.313
8.374
8.325
8.484
8.301
8.423
8.728
8.044
7.959
7.3
7.239
7.349
7.495
7.727
7.788
7.947
7.886
7.8
8.777
9.326
16.06
16.06
16.06
16.06
16.09
16.06
16.09
16.09
16.06
16.06
16.04
15.11
14.92
14.92
14.92
14.92
14.77
14.75
14.79
14.79
14.72
14.72
15.7
14.94
15.04
14.94
14.99
15.23
14.92
14.55
14.18
14.16
14.01
13.53
13.21
13.33
13.57
13.75
13.62
13.72
13.6
13.96
13.33
13.26
13.43
13.38
13.5
13.55
13.77
13.67
13.6
13.75
13.62
13.4
13.04
13.01
13.35
13.48
12.84
12.67
12.6
12.72
13.31
13.38
13.21
12.57
12.17
12.0
12.01
12.21
12.27
11.84
11.6
11.46
11.66
11.17
10.93
11.04
10.99
11.04
11.07
11.51
10.52
10.55
10.84
11.68
11.05
10.71
10.73
10.61
10.3
10.25
11.08
10.62
10.56
10.64
10.78
10.85
10.72
11.44
10.19
9.485
9.436
9.29
9.29
9.375
9.094
9.644
9.912
9.448
9.521
9.106
9.241
9.253
9.314
9.338
8.972
8.74
8.508
8.423
8.691
8.704
8.215
8.069
7.947
7.874
7.983
8.264
8.35
8.313
7.935
7.959
8.691
8.032
8.484
9.155
8.484
8.142
8.215
8.154
8.459
8.508
8.374
8.313
8.301
8.179
8.13
8.191
8.313
9.18
8.594
8.411
8.179
