0.02604
0.0247
0.02604
0.0247
0.02604
0.02604
0.02737
0.0247
0.02604
0.0247
0.02737
0.02604
0.02737
0.0247
0.02737
0.0247
0.02737
0.0247
0.02737
0.02604
0.02604
0.0247
0.02737
0.0247
0.02604
0.0247
0.0247
0.02346
0.02604
0.02346
0.02604
0.02346
1.486
14.48
23.39
25.34
25.34
24.49
24.51
25.78
17.68
20.75
23.22
24.24
6.787
22.29
22.53
23.95
24.76
24.44
26.22
22.46
16.99
19.17
22.36
16.09
20.7
41.75
41.65
41.6
32.37
34.47
25.63
10.86
21.17
23.97
27.1
28.86
28.47
24.19
20.26
21.0
18.51
9.705
22.49
22.58
24.56
24.95
24.27
25.49
22.34
23.73
24.41
17.82
8.679
21.83
21.92
21.95
23.1
24.58
27.25
20.68
17.53
18.77
19.34
14.38
13.89
14.89
15.87
17.02
18.12
15.48
15.26
17.07
19.31
20.0
21.53
15.19
16.89
17.77
17.48
13.33
12.77
22.09
22.12
25.34
27.15
27.59
23.44
19.63
22.66
21.73
15.82
15.41
16.92
17.14
18.14
16.87
13.23
11.32
17.09
20.73
22.68
22.58
22.22
22.17
26.27
16.99
19.85
22.8
16.99
17.77
14.77
15.72
16.06
16.65
18.24
15.43
14.58
15.87
17.53
19.85
21.53
14.67
13.77
14.77
14.77
14.67
9.631
19.43
20.02
21.46
22.05
21.34
20.21
20.58
14.18
17.09
23.24
23.83
10.69
15.87
16.14
16.19
19.34
17.9
16.67
12.96
13.04
14.79
15.92
15.65
15.48
20.04
17.21
18.16
6.921
10.45
16.11
19.12
19.34
19.02
13.48
13.48
13.53
8.276
11.55
14.84
14.01
13.38
10.24
9.082
13.96
13.75
13.79
13.92
15.87
19.85
19.14
18.21
5.835
9.314
13.96
14.11
15.77
16.16
24.8
23.85
14.94
14.82
15.48
15.26
16.33
15.99
13.06
16.67
18.19
18.46
19.87
14.75
17.43
17.72
17.7
14.58
1.019
10.73
14.84
14.77
18.87
22.31
25.39
15.67
16.21
14.45
13.55
14.4
17.14
14.48
16.38
16.36
14.55
13.96
15.89
14.79
15.28
17.5
19.97
21.02
11.71
9.656
15.36
16.38
15.89
19.97
20.17
16.02
16.24
14.77
12.55
15.62
14.45
12.57
26.03
26.22
24.61
13.31
15.92
21.58
25.34
27.54
8.228
0.7607
0.2342
8.411
14.89
14.48
16.28
17.14
11.47
10.47
17.07
6.012
13.33
23.36
21.97
23.54
15.75
16.19
14.43
16.8
15.67
19.58
23.68
25.44
16.89
0.9323
0.4219
8.582
14.79
12.87
15.48
15.19
14.48
13.82
11.02
19.17
25.93
28.71
15.99
14.53
14.33
15.8
14.5
13.84
12.65
10.27
26.27
28.76
21.09
0.8484
0.4143
8.191
16.28
17.58
15.6
19.34
14.33
12.6
14.53
16.11
12.29
17.04
13.89
18.26
18.43
16.21
16.89
16.63
22.22
28.03
12.32
0.8041
0.3124
0.02604
0.02604
9.509
14.33
12.52
16.85
16.06
16.85
19.85
21.39
12.04
16.67
11.04
14.04
14.26
10.21
19.17
23.46
24.49
24.9
26.42
26.51
23.49
22.53
22.68
22.53
39.99
39.26
38.62
40.23
37.11
36.38
35.74
33.3
32.47
31.45
14.33
11.9
21.29
23.24
25.49
35.4
37.35
25.29
23.29
20.85
11.93
18.12
39.5
37.55
37.99
38.57
38.43
38.18
35.55
34.28
34.52
35.21
35.5
35.06
33.15
33.11
33.06
32.13
21.97
16.19
21.46
24.44
23.44
19.63
21.56
19.51
18.41
22.51
23.68
19.46
17.48
5.139
22.8
22.07
22.09
22.07
19.26
19.65
23.41
25.73
23.71
24.61
26.07
24.85
25.93
25.93
26.95
26.71
26.12
27.0
26.56
25.68
25.1
22.85
21.12
21.83
23.9
13.79
14.89
22.29
24.07
26.9
28.52
27.73
25.1
29.98
28.17
18.65
4.456
23.41
23.19
22.61
22.58
24.22
24.44
24.15
24.71
26.37
26.81
25.59
24.02
24.88
24.22
24.22
24.05
24.63
23.39
22.8
21.14
19.82
19.48
21.36
21.83
23.39
17.63
11.3
18.48
22.36
22.88
21.68
22.68
23.66
20.78
22.9
23.02
20.95
16.46
2.707
7.361
23.68
25.54
27.1
28.08
29.15
29.54
27.78
26.81
22.46
20.97
22.17
20.73
20.17
19.9
20.85
19.7
17.02
18.65
19.8
19.04
20.26
20.51
20.65
20.29
20.34
20.41
19.24
15.14
11.94
16.11
19.85
21.75
20.51
19.14
20.63
21.58
14.77
17.7
21.14
21.58
17.31
6.909
14.72
22.07
21.39
22.31
22.05
23.27
24.71
26.61
25.63
25.24
22.73
24.0
24.32
24.51
23.32
22.71
24.19
24.85
25.49
23.88
24.19
23.24
24.1
25.44
26.22
20.9
11.54
13.82
19.51
22.71
24.68
25.05
19.6
21.29
21.07
15.38
16.53
16.99
16.82
10.35
21.83
22.05
21.39
16.41
18.24
16.75
20.26
14.23
16.41
20.85
22.78
21.68
16.55
15.87
17.33
10.36
19.19
23.02
23.95
25.88
25.29
24.1
24.22
24.19
23.97
23.78
23.54
25.39
24.95
23.58
24.34
26.12
26.81
27.1
27.25
28.12
27.05
26.51
26.61
26.76
15.6
17.72
21.85
24.93
25.34
27.2
23.32
21.29
19.34
17.6
19.82
16.87
4.724
17.72
22.68
23.51
26.17
26.71
29.49
27.05
24.93
21.92
20.7
23.73
23.58
22.78
22.78
20.24
19.43
20.41
20.46
21.09
20.21
20.31
21.19
19.48
18.43
18.04
19.58
19.9
19.19
17.6
18.65
19.9
21.34
21.22
18.77
18.8
20.9
19.36
21.31
18.6
16.92
16.5
14.14
17.58
20.41
21.14
19.73
11.74
21.51
18.65
15.33
17.7
17.07
18.02
18.26
16.82
13.21
16.41
13.89
15.7
15.23
15.31
17.29
19.38
20.07
12.52
18.48
13.55
14.45
15.8
14.43
17.14
9.119
19.38
17.21
16.14
16.87
18.73
12.72
17.07
17.75
16.31
17.02
18.9
17.41
17.29
12.99
12.87
15.99
14.97
18.21
18.41
18.33
15.11
17.21
15.6
15.99
16.02
17.26
13.11
15.01
15.6
15.06
15.97
15.43
15.26
11.36
16.63
14.89
14.36
11.88
15.38
14.4
15.7
15.8
15.89
15.99
16.06
15.21
15.06
15.55
15.6
18.24
16.16
14.94
15.82
18.21
19.97
16.19
14.28
13.5
13.16
13.99
14.31
9.521
19.17
20.73
17.94
16.43
18.36
15.72
15.38
15.72
15.75
16.92
17.29
16.97
15.84
16.77
16.38
16.97
17.99
16.24
16.04
17.99
16.97
16.7
17.46
16.77
18.46
19.73
20.51
20.02
20.9
21.63
23.88
23.07
20.58
13.57
19.53
21.17
19.92
19.21
21.63
22.02
23.29
17.09
18.38
20.09
19.17
17.87
8.24
0.09899
18.53
18.26
16.24
15.58
11.91
16.7
16.77
14.92
14.38
13.82
15.58
