0.4066
0.2106
0.547
0.157
0.1278
0.3296
0.5569
0.1575
0.3056
0.2907
0.4875
0.3437
0.2602
0.1276
0.3021
0.1284
0.0007629
9.537e-05
0.0
0.02098
0.2125
0.499
0.1528
0.1619
0.2838
0.428
0.1928
0.1492
0.3677
0.2647
0.3361
0.2041
0.1905
0.3025
0.3151
0.1482
0.3723
0.1379
0.7317
0.7027
0.9766
1.073
0.9827
1.082
1.038
1.027
6.274
2.658
2.982
3.461
0.8102
0.211
0.1951
0.1432
0.9933
1.302
1.593
1.614
1.782
1.578
1.691
5.707
2.249
3.967
1.804
0.4265
1.039
1.289
1.196
1.457
1.443
1.569
4.407
3.186
3.815
2.347
0.6439
0.1139
0.1228
0.37
0.1472
0.4326
0.3643
0.1934
0.1163
0.4311
0.09432
0.09508
0.3044
0.1446
0.6721
1.344
1.537
1.132
1.21
1.448
1.553
5.475
2.588
2.78
2.902
0.9064
0.267
0.2995
0.3448
0.322
0.3223
0.5386
0.07133
0.1301
0.2659
0.2041
0.5943
1.642
1.431
1.411
1.642
1.541
1.904
6.006
2.057
3.729
2.069
0.9399
0.5653
0.3086
0.2029
0.4158
0.4623
0.2075
0.1255
0.08583
0.5768
0.5096
0.1532
0.1064
0.248
0.174
0.4967
1.074
1.227
1.297
1.469
1.497
1.581
1.442
5.408
2.35
4.102
1.868
0.4662
0.007915
0.108
1.205
1.413
1.442
1.392
1.642
1.608
3.235
4.932
1.624
4.083
1.23
0.3677
0.4219
0.3727
0.2281
0.4066
0.6218
0.4738
0.4532
0.4128
0.4089
0.3529
0.1825
0.6844
0.08726
0.5508
0.3662
0.367
0.4082
0.0004768
0.0
0.0005722
0.0
0.0
9.537e-05
0.0
0.0
0.2628
0.3609
0.0947
0.08078
0.1848
0.2884
0.4456
0.28
0.2884
0.3502
0.3796
0.2815
0.2304
0.6409
0.3208
0.383
9.537e-05
0.0
0.0
0.0
0.0
0.0
0.0
0.0
0.2716
0.3197
0.1108
0.3468
0.544
0.1614
0.03767
0.4044
0.5325
0.3372
0.144
0.0638
0.1904
0.2659
0.3075
0.1991
0.0008583
0.0
9.537e-05
0.0
0.0
0.0
0.0
0.0
0.0741
0.4791
0.1366
0.1215
0.07744
0.2296
0.2762
0.2922
0.6081
0.3929
0.2823
0.2014
0.3498
0.6058
0.2735
0.1253
0.08402
0.2419
0.2087
0.0001907
0.0
0.0
0.0
0.0
0.01602
0.2701
0.2903
0.2243
0.8728
0.2903
0.2846
0.1228
0.09212
0.301
0.1459
0.214
0.2373
0.3834
0.4692
0.2041
0.1179
0.2308
0.2998
0.0006676
0.0001907
0.0
9.537e-05
0.0102
0.3357
0.7454
0.425
0.08926
0.07696
0.1747
0.2594
0.2346
0.201
0.2991
0.2716
0.1131
0.07296
0.2209
0.2548
0.1804
9.537e-05
0.0
0.0
0.0
0.0
0.0
0.0
0.0
0.005245
0.4173
0.1631
0.1171
0.115
0.3422
0.2003
0.1783
0.5196
0.1297
0.12
0.3815
0.1511
0.1759
0.4585
0.1301
0.0003815
9.537e-05
0.0
0.0
0.0
0.0
0.0
0.0
0.0
0.1444
0.1629
0.2129
0.1123
0.6691
0.515
0.2724
0.1265
0.08783
0.3178
0.1745
0.3792
0.0823
0.1396
0.3365
0.1003
0.07019
0.1745
0.3254
0.0124
0.0006676
0.0
0.0
0.4181
0.6119
0.2399
0.1337
0.09699
0.3242
0.0988
0.8911
1.146
1.239
1.497
1.572
1.593
1.651
1.859
1.465
1.306
1.251
1.045
0.9842
0.9018
1.06
1.105
1.128
1.231
1.038
1.344
1.234
1.224
1.26
1.479
1.476
1.16
1.27
1.154
1.225
3.308
7.666
8.936
5.469
9.558
7.373
10.13
8.35
6.018
6.348
6.219
4.761
3.485
4.254
0.9949
2.505
0.6905
1.347
1.338
1.265
1.343
1.376
1.518
1.472
1.947
1.889
1.596
1.733
1.721
1.422
1.682
1.544
1.562
1.34
1.19
1.498
1.569
1.727
1.392
1.381
1.376
1.624
1.874
1.981
4.602
8.557
6.567
5.823
6.689
8.264
6.567
5.933
4.828
9.143
8.423
7.397
8.325
3.992
4.932
1.416
1.425
1.416
0.8331
0.9857
1.106
1.309
1.491
1.538
1.633
1.657
2.512
2.231
2.634
2.417
2.411
2.408
2.167
2.222
2.09
2.551
2.49
2.466
4.071
6.665
12.22
14.16
15.65
11.52
10.03
7.703
5.066
1.173
1.608
0.7042
1.627
2.032
2.505
2.728
2.567
2.243
1.813
2.386
2.243
1.642
2.118
1.877
2.252
2.487
2.634
2.969
5.542
10.55
13.13
15.04
11.79
10.33
9.155
6.836
2.249
2.411
0.4364
2.127
2.182
1.883
1.761
1.797
2.133
2.438
2.46
2.463
2.441
1.846
2.075
2.591
2.612
2.521
2.426
5.542
5.371
12.96
13.45
13.89
12.21
10.67
5.981
4.071
2.28
0.8316
1.816
1.917
1.974
2.298
2.441
2.563
2.823
2.771
2.231
2.347
2.365
2.429
2.539
2.747
2.893
5.066
10.1
12.82
14.62
11.23
11.67
7.568
4.834
2.542
0.3563
1.758
1.862
5.182
5.872
1.268
0.248
0.3315
0.9766
1.785
4.144
4.785
0.6416
1.538
3.558
3.656
0.4211
1.587
2.011
5.438
1.608
0.4555
1.479
2.539
4.773
1.917
0.2541
0.3464
0.1148
1.111
1.434
5.267
3.033
0.4257
1.45
2.469
4.443
1.225
0.7149
2.332
2.411
2.579
2.576
2.686
2.414
2.496
2.298
2.09
1.962
2.084
2.237
2.57
2.115
2.231
1.932
1.755
3.943
8.862
6.287
3.314
5.963
6.836
8.215
7.19
5.542
4.584
3.485
1.337
8.13
6.445
3.009
3.235
2.429
1.286
1.41
0.5562
1.033
1.057
1.064
0.9888
1.199
1.381
1.482
1.703
1.846
1.749
1.871
1.794
1.608
1.642
1.727
1.981
1.971
2.496
3.009
2.731
2.545
3.259
3.11
7.166
6.689
3.613
5.92
5.17
7.568
7.043
6.763
7.104
3.589
7.812
6.775
3.079
4.022
3.65
1.59
3.094
1.247
0.7523
2.277
0.6477
0.5791
2.383
0.6088
0.1871
1.41
0.2262
1.405
0.2815
0.37
0.07019
0.09604
0.07076
0.1976
0.3754
0.2106
0.1427
0.09651
0.07114
0.2205
0.2594
0.6134
1.541
0.1976
1.599
0.312
0.3498
0.1133
0.1116
0.396
0.8591
0.8774
0.827
0.7492
0.8591
0.8118
0.9766
0.9109
0.5714
0.7652
0.2007
0.2964
0.2647
0.9521
0.8469
0.8316
0.7965
1.013
0.3338
0.1503
0.2617
0.1825
0.8209
1.201
2.231
2.46
2.744
2.542
1.776
1.923
1.923
2.335
2.414
2.304
1.904
1.776
2.118
2.396
2.368
2.859
4.718
9.57
4.755
8.008
12.16
11.19
9.302
8.679
5.719
6.787
2.585
2.307
0.3853
0.4662
0.3178
0.1379
0.4112
0.3548
0.1732
0.3731
0.2743
0.08926
0.3048
0.3147
0.3075
0.7401
0.1957
0.3708
0.2937
0.0003815
0.0
9.537e-05
0.0145
0.3212
0.4112
0.2525
0.388
0.3319
0.3857
0.5402
0.3204
0.2167
0.5432
0.4219
0.349
0.4234
0.3525
0.5844
0.4227
0.1436
0.3078
0.1183
9.537e-05
0.002384
0.0
0.0
0.0
0.001335
0.0
0.0
0.0
0.0
0.0
0.0
0.0006676
0.0001907
0.0
0.0001907
0.0
0.001526
0.0
0.0
1.201
0.3613
0.3223
0.8453
0.2579
0.07601
0.08135
0.1022
0.3464
