0.02346
0.02346
0.02346
0.02346
0.02346
0.02346
0.02079
0.02604
0.02079
0.02604
0.02079
0.02604
0.02346
0.02604
0.02346
0.02346
0.02346
0.02604
0.02079
0.02346
0.02346
0.02346
0.02079
0.02604
0.02079
0.02604
0.02346
0.02346
0.02346
0.02346
0.02079
0.02604
2.783
19.78
23.58
23.05
20.58
19.56
17.7
16.65
17.6
18.31
16.7
16.36
15.48
20.7
23.66
22.8
15.55
14.4
15.5
13.89
13.57
13.84
15.58
13.43
20.41
19.73
21.68
18.09
20.24
22.41
21.85
17.5
17.26
16.63
15.21
19.41
21.24
24.24
19.97
12.52
16.8
16.33
16.58
17.21
18.77
19.07
17.04
19.7
19.78
17.77
12.11
17.65
18.85
18.41
15.82
12.55
21.07
17.8
17.53
18.16
19.21
16.94
17.94
17.31
17.14
16.97
17.21
18.8
24.44
23.02
11.83
19.31
17.75
17.9
18.65
18.04
19.53
17.24
16.53
16.24
16.77
17.02
23.51
25.63
21.24
13.23
16.31
16.16
17.02
15.75
16.53
16.53
14.28
10.86
13.43
19.19
17.68
20.95
17.82
16.99
16.09
17.94
16.11
16.06
15.97
15.72
24.41
20.65
18.99
10.74
17.48
15.82
15.16
14.82
13.53
18.02
21.68
20.09
21.17
17.82
15.77
15.82
15.72
18.33
20.63
15.89
16.19
17.85
15.58
14.53
14.26
10.49
14.45
13.23
17.26
12.21
15.67
14.18
14.09
13.55
16.36
13.5
18.14
15.8
16.14
15.89
16.43
16.06
15.65
12.65
16.6
15.72
15.16
15.97
15.11
11.82
16.24
15.84
15.48
12.29
14.89
9.949
16.09
7.434
16.48
16.36
15.31
15.72
13.16
15.8
15.58
14.53
14.31
15.41
15.16
15.38
15.21
13.04
0.6615
13.62
14.89
14.48
15.26
15.8
14.92
14.77
14.87
14.21
10.55
9.302
17.21
9.656
15.26
15.92
15.16
14.09
13.77
17.87
15.84
15.31
15.58
19.41
14.36
13.45
9.021
0.1745
4.248
15.16
17.02
16.5
15.67
15.99
14.87
17.75
16.77
16.6
15.23
15.62
17.11
15.92
16.09
14.58
17.33
18.46
17.29
16.24
11.56
14.5
15.41
14.82
14.5
13.65
12.74
16.48
15.23
22.8
27.34
22.41
13.28
14.4
13.82
14.26
14.11
14.87
15.89
16.24
17.65
21.22
22.27
21.85
2.109
14.43
15.33
14.31
15.19
14.99
13.11
10.08
16.75
20.78
23.75
24.15
15.45
14.89
14.06
15.09
14.33
14.36
14.84
16.28
17.31
18.33
16.92
16.7
12.94
13.04
16.99
23.71
21.17
20.46
15.72
13.96
16.24
16.24
16.48
16.85
18.38
14.04
17.46
19.97
24.78
20.85
15.72
16.31
16.8
18.77
16.92
13.26
0.6729
11.85
15.36
14.6
14.53
12.29
15.11
14.43
16.58
16.38
16.67
17.5
14.82
15.5
16.85
19.85
17.94
16.21
15.53
16.7
21.8
18.92
18.75
12.32
0.6927
10.62
15.62
18.85
17.33
16.94
13.06
18.24
14.26
12.7
16.06
16.97
11.61
17.21
14.92
16.85
18.97
16.97
15.94
16.67
13.77
14.23
17.09
16.21
21.44
22.63
17.8
16.97
18.68
23.8
25.68
27.98
25.1
23.02
27.49
28.61
28.96
28.12
27.2
21.36
19.7
21.44
23.19
23.02
20.7
20.19
16.31
16.53
19.6
19.63
20.46
16.63
16.16
16.89
17.16
16.41
18.6
12.72
13.75
16.63
18.58
15.75
6.653
15.94
9.607
12.35
7.41
10.47
15.28
16.46
16.19
17.75
16.21
18.33
15.16
9.692
6.873
7.996
14.21
8.167
0.1381
0.09632
2.841
22.78
26.27
25.73
25.83
24.68
20.73
21.24
25.88
24.83
23.24
19.68
16.06
16.28
17.02
16.41
21.0
21.17
21.22
25.39
24.98
21.51
18.51
17.43
17.46
20.53
21.63
19.58
20.19
21.22
18.97
21.0
23.75
21.7
17.46
15.6
17.07
7.715
7.874
13.5
10.49
9.473
7.837
13.31
6.995
11.06
6.995
8.899
8.276
9.399
10.83
11.36
12.55
13.99
13.26
14.77
6.946
8.374
10.11
8.948
14.79
5.011
10.33
11.15
9.668
0.1823
2.686
19.34
24.1
23.12
21.0
21.46
19.09
21.51
23.8
24.41
26.76
25.98
25.93
28.32
25.39
20.17
21.24
24.76
21.17
22.17
17.55
18.26
22.05
22.53
18.7
16.75
16.28
17.19
18.99
19.41
20.12
19.87
22.66
24.34
27.1
20.85
2.798
15.53
17.53
10.12
11.11
12.43
11.05
13.18
10.74
14.18
13.38
15.38
15.6
19.19
14.33
16.8
17.04
8.423
7.8
7.922
8.972
15.45
7.178
1.083
18.38
26.51
32.28
31.69
23.78
13.45
15.7
16.31
5.096
5.798
6.0
11.05
16.14
25.49
22.22
21.78
22.51
19.53
16.89
17.77
19.6
15.41
12.6
15.21
25.63
27.49
25.54
16.99
21.53
20.48
17.75
23.07
23.32
16.67
19.51
20.53
18.73
18.77
17.8
14.87
17.82
15.5
10.86
17.8
16.94
21.07
24.56
12.72
21.9
24.12
21.58
17.87
17.97
20.92
23.02
22.24
20.63
17.11
17.63
18.55
23.17
27.64
23.44
22.34
17.8
20.19
20.51
24.19
26.86
25.93
24.51
19.75
20.87
18.38
19.95
23.85
20.73
23.19
24.58
24.17
18.65
23.17
17.11
13.31
20.04
18.48
16.11
16.75
16.41
18.36
20.04
17.9
21.39
18.9
17.5
13.99
15.75
16.04
17.82
13.04
12.87
3.137
22.19
22.49
24.15
26.9
27.25
27.83
27.2
28.91
32.37
28.42
29.69
32.47
32.96
29.83
27.98
32.37
31.84
30.18
30.32
32.18
31.15
29.93
27.1
27.83
28.91
26.61
22.49
5.615
16.6
17.72
18.63
16.11
17.87
17.16
16.85
10.72
6.482
11.0
14.48
15.84
9.192
18.19
15.41
14.89
14.92
15.38
11.49
14.55
6.531
13.43
10.42
21.73
19.65
24.0
27.64
25.1
23.83
24.68
28.52
28.27
32.18
29.69
28.03
30.18
30.18
31.45
30.71
30.66
30.37
29.88
26.17
25.73
23.44
21.85
23.07
25.15
26.32
26.51
27.1
22.88
8.13
10.75
17.77
14.92
5.92
12.46
9.509
9.949
11.71
11.96
9.998
13.89
11.76
7.947
14.26
13.65
10.47
9.656
7.91
6.555
10.99
14.79
6.775
6.335
9.412
13.7
6.238
0.1654
6.482
15.16
13.92
16.33
19.68
22.39
23.95
20.17
14.14
15.53
14.01
16.06
16.14
17.26
19.02
18.65
13.79
14.89
18.24
18.09
21.51
19.41
14.67
16.55
13.53
14.55
15.58
17.53
21.36
22.88
18.19
15.58
14.55
13.28
19.8
17.26
20.02
16.36
8.252
0.6767
0.2136
0.03128
0.02604
0.03128
0.02079
0.03128
0.02079
0.02604
0.02604
0.02604
0.02079
0.02604
1.109
18.51
15.65
16.24
15.6
17.29
17.53
16.92
15.94
15.21
12.7
16.38
