16.6
14.36
16.48
13.53
16.7
14.33
17.72
19.41
18.14
14.6
17.14
12.84
15.94
14.38
17.8
13.84
15.19
13.65
15.04
13.53
15.75
13.75
16.02
12.92
16.33
13.62
17.99
15.19
16.6
12.87
15.48
14.43
18.02
12.65
14.97
13.67
15.26
15.55
20.14
13.11
17.33
17.82
18.48
16.63
13.65
12.01
16.14
14.11
20.34
17.63
17.46
17.02
15.48
17.58
14.23
17.14
15.04
19.53
19.43
20.61
15.58
20.48
15.77
17.21
14.92
17.29
18.97
15.84
17.04
17.94
14.31
23.22
15.53
15.28
16.85
14.87
17.75
21.92
19.02
16.55
15.75
17.8
20.8
17.6
24.0
16.04
19.19
14.79
17.26
19.14
18.16
22.88
18.12
17.21
15.5
18.14
16.55
15.82
17.53
18.16
15.43
17.94
17.16
15.28
22.68
18.7
17.48
17.11
15.01
17.41
15.99
18.82
16.75
18.41
16.85
18.41
16.11
18.51
16.02
19.09
18.19
18.6
15.16
17.16
14.94
18.31
17.04
17.58
15.6
15.99
20.87
16.02
14.26
16.38
14.01
16.31
14.28
15.75
15.06
16.36
13.7
17.33
13.72
16.92
14.82
16.75
14.99
16.14
13.62
18.65
17.48
18.33
14.53
16.87
14.36
15.21
16.7
13.57
17.04
14.75
13.62
16.89
14.84
19.46
19.68
22.12
18.33
17.46
19.48
15.92
18.33
16.67
16.21
18.87
16.63
18.75
23.27
21.12
19.53
17.19
18.46
17.33
16.06
19.36
17.82
15.45
19.7
17.21
16.67
27.34
18.7
16.16
18.29
18.6
16.53
16.16
23.63
23.49
18.7
16.87
20.14
17.26
18.41
15.33
20.31
15.75
17.43
15.06
17.7
15.11
19.09
13.92
17.31
16.55
18.19
18.26
18.24
16.31
16.55
18.21
16.72
18.7
18.6
19.07
19.87
16.5
20.34
22.58
20.73
18.12
17.7
21.14
20.65
24.37
17.38
21.34
17.8
19.34
21.41
17.48
16.72
16.82
17.87
17.92
19.26
22.97
17.07
19.48
23.17
25.68
21.46
16.97
18.7
17.8
15.89
18.55
17.7
17.04
18.38
16.53
17.48
19.75
15.43
17.75
15.23
17.02
16.09
17.53
15.7
17.68
15.89
20.46
20.21
20.87
18.73
21.41
18.95
24.85
19.87
17.77
19.41
19.31
16.53
17.72
16.85
15.28
23.24
20.14
18.77
16.6
21.14
16.48
21.22
19.29
23.27
25.63
20.61
22.49
21.97
19.09
20.14
15.5
18.68
16.65
18.07
17.58
17.87
24.24
22.97
23.51
24.19
19.04
23.75
18.77
23.66
22.97
25.49
23.85
27.83
25.54
27.2
24.29
24.58
22.78
25.73
23.51
27.78
26.56
27.44
24.76
26.9
26.12
28.42
24.46
27.15
25.34
28.22
25.78
27.83
25.88
28.08
26.42
29.83
25.88
27.73
25.83
26.61
26.07
27.44
24.98
28.03
24.07
27.0
25.39
26.46
23.39
26.17
23.51
27.29
28.12
26.76
24.95
26.51
24.39
25.93
22.46
26.27
23.41
25.34
23.36
25.98
22.17
23.95
21.68
24.24
23.29
26.12
23.71
25.98
23.56
24.98
23.78
24.07
22.24
24.83
22.56
26.07
22.17
22.78
19.68
23.73
19.75
22.34
22.22
24.12
20.53
22.88
21.02
23.0
20.43
26.03
20.43
26.27
22.56
23.22
22.97
26.9
21.36
23.34
20.83
21.9
20.48
22.88
20.07
21.14
22.88
21.66
20.24
21.8
19.92
22.09
21.78
22.19
21.85
24.15
20.73
20.68
18.97
19.97
19.92
20.36
18.92
23.71
19.51
19.97
19.26
21.24
19.63
20.36
19.41
20.56
19.82
19.75
17.53
18.82
19.26
19.12
18.65
17.99
16.92
19.21
18.6
15.89
17.9
16.11
20.04
15.01
16.58
14.97
16.53
16.06
23.51
20.36
17.43
16.43
17.9
16.92
16.02
16.65
22.61
16.09
15.89
18.99
18.53
17.9
16.24
18.38
18.92
14.62
17.6
16.87
15.84
18.53
17.92
15.36
17.43
15.97
21.88
14.04
16.09
14.99
14.92
16.99
17.41
19.04
16.36
21.83
16.94
16.97
17.68
18.24
17.55
17.29
15.45
17.77
20.34
18.85
18.43
16.31
17.97
17.26
16.09
16.19
17.21
17.14
18.04
16.5
19.31
14.84
18.07
17.99
20.73
20.04
19.09
19.78
20.68
18.82
20.39
19.34
20.43
19.36
23.73
21.9
23.14
22.73
24.83
23.56
22.17
19.31
21.44
19.7
21.26
20.58
22.05
20.87
21.46
23.32
26.27
23.34
26.95
23.97
25.1
24.63
25.2
19.58
21.36
20.24
21.78
20.41
25.39
20.51
22.29
21.02
23.63
24.88
26.56
21.12
23.14
22.73
23.14
23.71
22.39
18.77
21.12
22.02
22.22
19.75
22.31
20.29
21.63
21.12
25.68
22.39
20.02
18.38
21.83
18.38
21.24
17.58
20.09
18.38
20.36
19.7
19.43
20.34
22.56
19.8
19.8
17.48
20.19
17.31
19.85
17.02
20.73
18.33
17.9
14.75
21.66
22.71
16.02
17.11
19.38
17.82
20.29
16.75
19.46
15.65
23.22
17.85
15.04
16.24
17.87
23.78
16.63
22.27
30.71
19.8
17.04
21.17
17.82
21.19
17.09
18.68
17.29
26.03
23.24
22.8
18.24
18.04
18.95
17.99
22.92
21.75
20.65
24.78
22.8
25.29
22.14
25.39
26.66
24.76
23.73
28.81
26.95
25.54
21.29
24.19
21.44
27.0
25.59
26.66
25.73
25.88
24.66
26.42
22.02
20.53
21.9
22.46
18.55
20.34
18.07
19.56
16.97
20.17
18.21
17.31
21.8
19.97
18.04
18.41
18.19
20.92
19.95
21.78
18.12
22.46
20.43
20.68
18.43
20.34
16.82
20.75
17.31
19.34
15.82
16.02
17.77
16.02
20.41
18.8
16.33
22.0
19.21
20.53
20.41
19.56
17.58
18.95
15.58
17.7
18.21
17.46
13.55
25.49
19.95
15.38
18.41
24.02
19.82
20.7
17.38
20.95
23.17
24.34
20.65
22.44
18.31
21.36
22.88
25.54
19.68
21.92
18.19
22.09
20.48
21.56
21.02
23.05
19.09
21.36
21.9
21.48
16.46
19.07
16.7
20.92
20.36
19.17
15.75
18.19
16.06
23.58
17.26
15.92
17.7
16.43
17.92
15.09
19.19
15.97
18.68
14.72
17.36
18.73
15.72
17.97
15.16
18.16
16.33
26.27
20.41
14.6
16.92
18.21
15.94
18.7
15.94
19.78
15.7
19.38
15.6
27.64
17.97
15.94
19.36
15.5
15.65
22.83
15.33
18.02
18.33
17.19
16.82
21.48
15.8
16.67
18.26
14.06
15.8
18.58
15.23
17.82
17.11
16.63
24.78
17.48
15.19
18.41
16.48
18.21
16.77
19.58
15.77
20.97
17.41
24.34
16.6
16.58
19.29
18.21
19.36
16.97
18.92
17.21
18.9
13.96
18.51
16.63
24.54
20.21
21.36
17.8
20.63
17.6
21.17
19.29
19.53
18.16
23.97
16.82
14.04
16.46
18.82
16.82
23.83
17.53
17.5
17.8
19.87
17.46
19.26
17.19
18.55
16.41
20.51
19.04
21.83
16.38
18.87
17.19
22.24
19.68
20.51
17.85
20.53
18.95
20.12
18.51
21.26
17.38
19.58
19.21
23.17
20.61
23.02
19.31
23.95
19.19
22.29
19.65
21.61
19.09
23.0
22.8
24.1
21.02
21.44
24.07
25.24
18.24
20.41
20.58
22.88
19.12
21.61
18.55
20.31
17.68
20.02
17.19
19.75
17.94
20.97
18.04
20.39
16.87
21.44
19.24
20.78
18.73
21.34
17.82
21.44
19.73
21.0
18.7
20.78
15.82
30.52
22.46
19.73
22.27
19.09
21.12
18.41
21.78
18.68
22.34
20.39
20.68
18.04
20.29
18.36
21.48
18.33
21.24
18.26
20.34
18.9
21.26
19.7
21.56
18.65
21.26
18.8
20.19
19.41
22.22
19.09
21.22
18.09
