5.249
5.249
5.249
5.249
5.249
5.249
5.249
5.249
5.249
5.249
5.249
5.249
5.249
5.249
5.249
5.249
5.249
5.249
5.249
5.249
5.249
5.249
5.249
5.249
5.249
5.249
5.249
5.249
5.249
5.249
5.249
5.249
5.304
7.764
13.94
15.36
15.97
16.58
16.87
17.11
17.41
16.33
14.14
12.55
10.69
8.313
12.04
15.09
15.97
16.5
16.82
17.16
17.46
15.97
13.96
11.99
11.1
8.484
8.435
16.99
20.73
20.8
18.95
7.69
13.53
15.43
16.19
16.72
17.07
17.38
17.7
16.92
14.55
12.96
10.6
7.983
8.228
8.569
16.63
20.8
20.8
16.09
9.412
8.704
16.85
20.83
20.83
16.99
9.863
14.65
15.67
16.31
16.85
17.31
17.6
16.41
14.26
13.18
11.19
8.557
8.435
8.655
8.325
10.49
15.19
16.5
17.14
17.63
14.94
13.65
9.9
8.923
14.75
16.43
17.14
17.65
15.01
13.55
10.5
8.655
9.29
9.18
8.704
11.21
15.21
16.5
17.16
17.63
14.77
13.79
11.77
8.826
9.57
8.618
14.31
16.02
16.77
17.16
17.58
14.7
13.5
9.851
9.534
8.691
8.948
11.87
15.87
16.85
17.38
16.6
14.4
12.67
8.777
12.82
15.65
16.67
17.29
17.68
14.77
12.62
11.12
8.337
14.28
15.99
16.8
17.21
17.55
14.79
13.31
10.8
8.179
14.48
20.12
19.68
11.89
9.082
11.88
19.82
19.46
12.89
13.89
20.43
19.09
8.142
5.597
5.438
5.444
5.444
8.508
9.216
17.55
20.65
14.55
8.789
8.984
8.521
8.557
17.29
20.51
18.41
9.802
8.777
8.716
8.447
8.386
8.411
5.438
5.438
5.444
5.444
5.444
5.444
7.959
8.704
10.24
20.04
19.87
12.3
8.923
8.557
8.594
8.655
8.545
8.704
8.496
8.569
8.545
8.655
8.655
7.153
5.524
5.438
5.438
5.438
5.438
5.438
8.167
8.203
16.8
20.36
18.58
10.55
15.16
20.09
20.58
16.89
9.18
8.862
8.521
14.72
20.07
20.48
15.06
8.569
5.634
5.53
5.438
5.438
5.438
5.438
8.337
8.911
8.118
8.337
8.142
12.84
19.7
20.68
14.79
9.399
8.508
8.691
9.326
8.972
8.569
8.606
8.545
7.727
5.634
5.53
5.438
5.438
5.438
5.438
8.679
9.094
8.838
8.667
8.557
8.777
9.155
9.155
8.521
9.265
17.92
20.34
19.46
13.43
8.667
8.606
8.704
6.335
5.634
5.634
5.634
5.634
5.634
5.634
7.397
8.862
8.203
8.63
8.398
8.362
8.508
16.94
20.75
20.07
14.01
8.728
9.131
18.6
20.83
16.75
9.314
8.02
5.646
5.634
5.634
5.634
5.634
5.634
6.122
8.398
8.594
8.508
8.435
9.18
16.75
20.61
20.85
19.02
10.46
8.313
9.192
9.448
17.7
20.75
20.85
19.75
9.412
5.829
5.652
5.634
5.634
5.634
6.592
9.229
8.484
8.875
9.668
10.38
18.16
20.83
18.29
11.07
19.7
20.73
15.31
12.21
19.87
20.83
20.21
12.89
9.412
16.94
20.75
20.83
19.48
9.668
14.62
16.09
16.67
17.21
17.53
17.65
17.87
18.16
18.38
18.48
18.65
18.77
18.77
18.77
18.82
18.95
18.99
19.14
19.19
19.29
19.31
19.34
19.53
19.53
19.65
19.92
19.97
17.16
16.02
17.99
19.58
19.87
19.87
19.85
18.68
17.9
17.48
16.63
11.77
11.9
15.8
17.02
17.58
17.92
18.24
18.53
18.65
18.85
18.95
19.02
19.14
19.29
19.34
19.34
19.46
19.53
19.63
19.73
19.9
19.92
19.92
18.97
15.77
17.31
17.8
19.56
19.85
19.7
19.65
19.65
19.63
18.48
16.53
16.11
15.84
15.7
9.375
14.4
16.09
16.77
17.31
17.58
17.75
17.99
18.21
18.46
18.53
18.68
18.75
18.95
19.12
19.12
19.21
19.31
19.34
19.41
19.53
19.53
19.78
19.92
19.92
19.8
16.11
16.99
19.87
20.26
20.29
20.29
20.29
20.29
20.26
18.16
16.31
16.04
15.87
15.75
14.87
8.606
14.67
16.04
16.67
17.02
17.38
17.6
17.77
17.99
18.26
18.48
18.58
18.77
18.77
18.95
19.04
19.14
19.19
19.34
19.34
19.41
19.53
19.53
19.73
19.87
19.92
19.87
16.02
16.72
18.6
20.46
20.46
20.46
20.46
20.46
20.39
19.14
17.41
16.02
15.8
15.7
15.58
9.668
10.82
15.53
16.36
16.8
17.24
17.58
17.77
17.97
18.19
18.38
18.55
18.58
18.77
18.95
18.95
19.07
19.19
19.34
19.36
19.51
19.6
19.78
19.9
19.92
16.77
16.99
18.9
20.65
20.65
20.65
20.53
18.99
17.7
17.19
13.87
10.51
14.89
16.06
16.92
14.43
13.06
12.82
9.265
14.4
16.5
14.5
12.67
11.41
16.14
19.26
18.77
13.35
16.8
19.17
14.45
10.41
15.43
16.92
14.53
13.28
9.436
14.11
16.28
17.26
17.77
18.16
18.53
18.68
18.87
18.99
19.17
19.26
19.38
19.48
19.58
19.58
19.78
19.8
19.92
19.92
19.58
16.21
17.02
19.17
19.43
19.51
19.51
19.51
19.51
19.51
19.21
16.28
15.87
15.87
15.82
13.62
10.02
15.43
16.55
17.16
17.58
17.77
18.09
18.26
18.46
18.58
18.73
18.8
18.97
19.14
19.14
19.34
19.41
19.53
19.6
19.82
19.9
18.24
17.16
19.51
20.65
20.63
20.65
18.51
17.99
16.53
10.05
16.06
17.19
17.75
18.24
18.51
18.65
18.85
18.95
19.09
19.26
19.36
19.36
19.48
19.58
19.73
19.9
19.92
19.68
16.43
18.29
20.85
20.85
20.85
20.17
17.63
16.67
16.36
11.04
9.607
13.28
10.49
10.25
9.265
10.16
10.97
11.16
13.04
19.48
19.58
12.79
11.69
9.607
10.31
10.68
16.09
17.04
17.65
17.99
18.38
18.68
18.8
18.95
19.04
19.14
19.31
19.36
19.53
19.68
19.73
19.82
19.95
20.12
20.07
16.65
17.97
19.97
20.63
20.63
20.65
19.14
16.75
16.26
15.6
9.583
8.643
9.106
8.862
9.399
10.53
9.058
17.31
20.53
15.75
9.729
8.875
8.777
9.326
9.326
17.97
20.56
18.51
9.875
9.131
9.155
9.424
9.888
11.5
11.28
18.16
19.73
19.48
13.99
10.96
18.51
20.7
20.8
18.12
9.094
9.106
9.277
9.656
18.77
20.83
18.87
9.741
9.07
10.47
12.3
20.02
20.34
16.11
9.448
8.838
9.106
9.399
17.55
20.73
20.83
17.82
8.496
17.19
20.7
20.85
18.6
9.375
8.948
9.436
9.363
13.57
19.46
20.26
18.97
9.387
6.006
5.835
5.829
5.829
5.829
5.829
5.829
5.829
5.829
5.829
5.829
5.829
5.829
5.829
5.829
6.519
9.082
10.03
9.119
9.058
9.79
12.01
20.29
19.65
11.8
9.802
