21.66
17.77
14.87
18.14
19.63
19.07
19.82
19.92
12.39
21.8
14.26
16.75
15.16
13.26
17.21
15.41
13.45
13.43
16.72
13.89
17.26
13.89
15.7
25.15
18.82
14.33
14.01
20.43
18.07
17.19
14.26
17.24
12.99
17.07
12.99
16.87
13.18
16.19
12.55
12.57
22.14
22.14
14.04
17.8
16.33
11.45
16.36
16.24
20.17
17.26
13.01
21.34
16.87
14.48
18.95
15.89
17.97
17.14
13.7
11.3
15.06
18.68
26.95
17.19
21.75
17.14
16.31
16.36
22.0
16.38
20.56
17.21
20.46
14.92
20.04
16.28
17.31
13.82
18.26
15.92
17.82
14.62
17.65
13.43
16.6
18.09
17.14
16.26
16.77
10.56
17.41
13.45
11.98
15.89
15.41
11.94
15.6
11.82
16.72
12.84
16.28
12.77
24.8
21.29
13.38
21.36
16.16
20.65
15.45
19.14
18.65
13.35
16.8
13.21
16.6
13.57
16.77
15.99
17.29
14.04
20.73
19.17
19.24
16.31
18.9
16.02
28.17
17.94
18.38
18.46
15.43
15.16
19.12
15.41
19.29
21.41
20.87
15.65
22.78
19.8
19.92
16.94
20.24
20.61
23.07
20.36
21.78
17.31
23.19
16.5
19.95
17.24
22.07
19.26
24.54
21.09
23.05
21.12
25.24
21.41
22.68
24.95
24.07
20.46
23.39
20.14
21.63
16.77
20.97
17.16
22.85
21.9
25.2
16.87
20.87
20.17
22.22
17.04
20.26
17.48
21.58
17.75
21.75
18.51
22.85
19.07
23.71
19.26
21.02
17.7
21.34
18.41
22.09
17.65
22.71
18.14
21.46
18.48
23.07
17.24
21.04
18.9
20.61
17.7
26.71
26.12
27.59
20.21
23.61
22.27
24.0
19.04
23.46
21.53
23.29
20.29
25.2
24.49
31.4
23.29
25.59
22.07
25.29
21.29
24.78
24.93
27.93
27.59
26.81
22.95
26.03
27.59
27.05
21.7
24.58
21.14
24.49
21.34
26.12
24.71
25.93
22.71
23.66
19.78
22.51
22.51
23.32
20.02
22.05
18.09
24.0
19.63
24.05
18.55
22.0
19.26
22.63
18.97
24.27
21.36
22.41
17.72
23.56
19.85
21.9
17.97
21.92
18.92
21.85
18.77
22.34
17.87
21.85
20.97
23.93
20.31
22.02
20.12
20.73
17.87
22.95
21.19
24.63
19.26
23.41
21.39
26.71
24.56
28.81
24.88
25.1
21.17
24.22
20.29
24.39
21.78
25.93
22.88
25.88
22.05
31.54
27.1
29.25
24.37
27.2
28.76
29.64
23.66
25.34
23.85
27.69
22.85
25.88
20.85
23.8
21.58
27.05
24.61
28.56
23.51
27.05
23.36
28.71
22.68
29.83
23.75
27.69
19.24
22.07
19.7
26.66
23.83
24.22
20.63
27.25
20.83
25.39
21.92
24.63
18.12
25.68
18.12
25.73
20.51
21.7
19.24
22.92
18.16
21.88
17.58
19.63
15.45
19.19
15.38
19.85
18.85
17.9
15.14
16.06
23.71
26.56
18.82
24.56
16.04
23.17
23.46
19.65
15.99
19.58
20.43
17.21
15.33
22.09
16.31
20.97
16.19
16.63
27.15
20.36
20.43
19.95
19.21
23.66
14.26
20.7
15.5
15.94
14.79
15.77
19.43
16.31
19.17
19.14
22.22
20.78
16.89
19.29
20.02
19.29
16.16
16.97
15.53
16.97
22.44
14.84
18.12
16.21
19.46
20.68
31.74
24.63
21.39
22.92
20.65
22.12
18.14
17.11
14.43
18.24
17.46
15.84
19.04
21.19
17.72
18.51
17.63
19.82
20.07
20.04
20.34
21.04
18.9
20.19
16.19
20.51
22.07
22.83
18.58
18.46
17.07
19.19
17.48
18.75
17.65
21.29
18.02
20.26
18.82
19.92
17.26
19.53
19.43
20.51
18.55
24.8
21.34
20.21
19.38
21.07
18.87
20.24
18.33
19.02
22.53
20.36
22.24
23.75
19.34
20.53
17.8
19.51
18.02
19.7
18.31
25.78
24.12
21.12
21.34
24.88
25.1
25.49
24.19
26.56
23.56
28.03
29.35
28.37
25.93
25.44
21.75
23.85
21.44
22.8
20.14
22.92
18.97
22.41
20.29
20.41
19.43
25.05
19.73
20.73
19.04
23.39
19.6
21.48
20.29
21.02
19.78
22.78
19.75
22.56
24.15
22.61
19.51
21.66
19.8
21.95
19.97
23.14
21.85
30.47
23.68
23.8
21.8
29.64
27.1
28.42
21.7
26.46
24.34
28.08
27.44
29.2
21.8
26.12
26.56
25.0
21.44
25.73
21.41
23.61
22.68
25.59
21.7
24.83
21.34
24.54
22.0
24.83
21.63
24.15
20.73
23.07
21.58
23.85
20.41
28.42
21.56
23.66
21.61
27.78
24.15
27.54
25.63
28.37
23.34
24.56
22.07
27.88
20.14
22.92
20.92
26.51
23.61
22.9
20.78
24.85
22.19
26.51
23.9
25.68
24.32
24.44
21.31
23.88
20.61
22.8
22.95
22.78
19.07
22.02
22.83
27.64
24.37
25.0
25.93
27.88
25.54
28.17
26.46
33.01
25.15
29.54
26.51
28.96
23.17
27.2
26.46
26.51
22.85
27.73
24.39
27.15
22.34
29.39
22.97
24.46
22.36
26.9
24.68
24.34
18.53
23.32
19.9
26.76
23.66
24.39
21.73
20.17
17.75
21.83
18.16
22.34
23.19
25.88
20.92
27.59
22.83
26.32
23.8
23.8
19.43
24.17
21.75
24.95
20.73
24.73
18.82
22.71
20.87
23.24
21.34
25.88
18.38
21.7
21.12
21.83
18.87
25.63
24.85
25.88
21.07
19.97
20.65
22.56
17.43
21.29
18.7
22.51
19.95
24.61
24.66
21.61
19.34
23.17
22.75
27.0
17.43
21.14
17.82
20.56
17.16
20.65
18.38
21.61
21.02
25.34
18.73
18.02
15.77
24.88
21.12
20.51
14.89
20.48
22.68
19.92
18.16
22.17
17.99
19.46
16.31
18.9
14.31
16.82
15.89
24.27
28.61
13.72
12.26
15.62
18.63
16.24
17.16
14.6
21.31
13.23
14.75
17.87
14.92
18.7
15.28
15.62
18.51
16.41
24.0
18.33
19.82
17.43
21.9
17.21
19.53
16.53
19.04
15.72
16.94
27.98
19.17
15.28
18.26
16.21
19.53
16.06
18.12
14.89
18.07
16.21
24.58
21.0
19.85
18.31
20.19
16.26
25.59
17.77
17.6
23.17
20.65
24.27
18.46
19.31
16.24
20.26
17.09
24.56
15.06
19.41
18.75
22.63
19.85
23.88
18.8
22.83
20.21
24.58
23.27
27.73
22.24
25.05
21.07
28.71
25.29
26.56
22.17
23.36
22.0
24.9
21.97
25.39
21.07
24.19
21.88
28.86
24.41
24.15
18.14
25.05
18.95
25.88
25.05
26.12
20.58
20.7
22.22
25.2
17.38
20.61
22.46
22.58
20.36
27.93
23.36
27.83
23.51
22.19
18.97
21.83
20.39
23.66
20.07
24.93
22.19
24.85
24.66
25.59
22.22
26.37
25.0
27.93
20.19
25.59
22.12
26.56
21.39
25.83
24.17
24.05
20.87
26.37
22.17
25.63
20.04
23.29
18.85
21.68
19.95
19.41
19.53
26.71
23.29
21.44
23.14
25.93
15.41
23.1
19.78
19.95
17.87
19.8
15.72
22.22
19.43
23.27
21.0
20.78
17.94
21.58
21.66
22.0
17.94
21.07
17.58
20.48
19.63
20.68
17.85
20.95
17.85
20.73
17.77
20.51
18.14
24.78
22.78
24.83
20.7
