23.75
20.14
25.88
24.98
22.41
15.53
15.14
14.23
16.99
22.95
21.73
19.12
13.01
11.18
21.9
21.95
25.05
6.799
0.7446
10.14
14.48
20.48
24.22
26.37
15.28
12.92
13.67
20.41
25.1
21.41
13.6
14.67
13.6
15.23
14.58
23.29
24.56
22.53
9.448
18.9
18.12
21.26
22.97
23.39
24.93
24.49
24.32
25.0
29.2
23.71
13.84
10.67
27.39
29.39
27.98
27.59
31.93
26.32
19.82
19.75
23.46
15.7
18.26
24.32
24.63
25.78
26.07
31.4
26.71
26.56
25.73
18.87
17.31
29.98
29.05
17.72
22.83
22.39
21.48
4.248
13.11
20.31
21.53
24.98
25.98
25.24
23.68
21.19
20.29
27.29
23.71
14.06
14.6
13.11
15.7
17.68
14.38
12.89
17.33
25.29
26.07
21.26
14.31
17.63
21.22
22.97
22.83
22.92
26.76
25.88
13.77
21.17
23.73
17.26
13.89
17.75
18.8
21.09
19.97
19.56
25.44
27.0
10.29
26.46
26.17
14.67
15.19
12.6
12.52
15.01
11.99
13.18
14.84
15.41
20.09
23.93
22.49
9.802
19.29
30.71
28.22
26.66
25.1
31.74
16.11
21.88
22.12
14.82
17.87
15.09
20.78
23.05
22.02
22.68
21.66
22.8
19.95
16.89
17.31
17.11
15.67
8.203
15.14
18.9
18.8
17.8
20.61
26.46
25.2
26.66
13.4
16.58
17.68
21.83
14.43
15.5
14.53
13.43
11.52
16.09
14.58
4.974
0.1537
0.05989
0.03128
0.03386
0.03128
0.03643
0.02861
8.936
13.57
13.75
6.946
14.53
15.65
16.14
15.43
19.75
16.94
14.04
14.65
16.09
19.53
22.19
21.58
3.894
0.6767
0.1146
0.02861
0.03643
0.03128
0.03386
0.02604
10.71
13.23
13.75
13.18
14.01
14.45
11.3
13.75
14.89
14.87
15.09
15.6
15.36
12.3
12.7
3.564
4.114
0.1562
0.05989
0.02604
0.02861
0.02861
0.02861
0.02604
6.787
13.67
13.33
13.57
11.67
14.87
11.91
14.75
13.35
11.11
14.33
15.09
14.53
14.87
14.89
14.79
2.878
0.547
0.1041
0.02604
0.02861
0.02861
0.02861
1.042
5.432
0.07296
7.288
13.4
14.4
15.41
16.04
16.31
15.53
11.3
12.77
13.53
11.1
15.41
13.01
14.53
16.06
15.26
17.24
19.29
1.923
0.6226
0.08335
0.02861
9.961
12.43
7.373
11.18
12.02
6.36
11.02
10.45
13.35
15.92
17.21
17.19
21.85
19.82
13.38
12.82
6.628
0.1926
0.08078
0.02604
0.03128
0.02604
0.02861
0.02604
0.4951
14.75
15.5
15.94
16.09
16.04
12.1
12.24
16.92
16.7
16.21
24.83
13.38
12.44
14.82
19.58
22.73
21.75
6.616
0.7133
0.1823
0.02604
0.02861
0.02604
0.02604
9.961
14.06
18.48
21.51
22.73
16.21
14.16
16.04
18.9
21.66
21.78
11.11
22.92
24.19
23.97
18.9
1.094
0.5341
0.04168
0.02861
0.02604
0.02861
0.02604
2.789
24.78
29.0
25.05
17.97
17.41
15.84
15.36
15.65
16.02
10.73
13.48
13.77
16.16
18.31
20.58
13.89
13.5
11.83
15.82
20.95
20.61
20.63
20.56
21.44
24.34
25.44
24.88
24.95
24.29
25.24
23.8
23.36
23.34
23.36
23.46
23.14
23.58
25.83
31.2
28.66
24.63
23.95
26.12
26.32
24.95
14.11
8.264
8.923
17.99
22.95
23.27
28.12
28.52
25.29
16.31
16.67
17.87
20.29
17.68
9.717
9.351
19.21
19.43
19.95
28.08
26.81
26.17
24.07
23.9
23.49
20.65
18.95
22.66
30.91
25.98
22.34
20.31
19.92
19.07
18.19
18.97
20.61
20.73
26.56
25.73
24.19
24.95
22.73
20.87
21.0
4.974
11.02
15.65
17.82
20.53
21.04
16.97
16.36
19.09
20.34
18.55
14.77
19.04
22.92
21.41
9.375
9.583
21.26
23.75
23.58
22.44
21.7
22.19
21.17
21.07
21.56
20.78
21.41
24.46
23.85
23.07
21.36
25.78
28.66
27.29
26.27
24.61
23.1
21.41
20.68
20.34
20.97
19.95
19.75
18.92
19.58
5.579
11.83
16.72
19.8
22.88
22.44
22.12
22.75
22.9
20.87
16.58
19.73
20.78
18.99
3.918
4.742
21.63
22.75
22.97
22.88
22.66
22.46
24.54
28.47
25.54
24.07
22.56
21.92
21.02
25.2
22.36
22.44
20.51
22.0
22.36
22.92
23.05
23.93
23.51
21.48
21.02
20.83
21.34
21.19
22.17
11.18
12.37
14.99
16.36
17.72
17.04
18.92
17.58
18.92
20.87
21.41
19.7
18.97
20.02
19.29
7.385
10.94
20.36
20.53
21.85
22.9
19.26
17.99
28.52
22.8
11.98
20.68
25.78
25.05
27.29
21.12
27.34
26.9
3.577
13.89
21.97
22.34
21.58
21.36
16.87
23.71
24.44
19.7
13.33
18.77
18.9
19.09
15.09
21.36
25.05
12.05
18.14
21.58
23.66
21.51
15.26
22.71
21.78
9.07
19.29
18.63
21.24
21.12
16.55
21.56
19.75
10.77
23.32
22.92
21.88
21.48
26.81
27.25
27.59
25.29
24.0
24.05
23.12
23.27
23.95
23.27
22.8
24.46
24.54
29.35
26.56
24.51
24.39
25.59
27.64
34.33
34.81
15.92
11.85
22.39
24.05
25.34
31.98
30.27
19.12
15.36
16.77
15.99
15.45
20.95
5.505
11.93
23.14
28.17
33.94
33.11
31.93
30.42
29.83
27.2
25.44
28.32
25.63
23.29
22.97
24.39
27.2
27.59
27.44
27.39
27.59
28.37
26.95
25.59
24.46
14.4
14.4
24.44
27.69
26.71
23.66
21.88
21.83
17.31
20.02
24.22
25.44
16.87
8.667
20.63
15.53
16.94
9.68
24.46
22.61
12.94
19.82
15.28
12.57
16.82
18.46
16.55
18.85
20.02
15.26
15.43
14.01
16.38
14.6
15.01
15.09
21.39
19.9
21.63
21.63
20.26
25.83
15.09
25.44
18.07
17.65
16.11
15.82
15.99
16.99
16.8
16.67
14.94
17.68
20.92
14.28
15.82
15.58
17.16
17.04
17.16
12.52
15.21
18.58
16.72
18.65
21.75
20.14
17.5
12.55
17.5
15.72
18.21
21.19
19.68
12.17
12.99
13.4
24.24
23.97
22.83
21.22
19.85
22.88
27.64
27.05
26.56
24.41
21.7
19.95
19.26
26.17
25.54
22.58
25.78
24.19
23.54
23.36
22.68
22.73
22.9
21.22
17.9
16.8
23.8
23.49
12.22
8.655
14.89
21.02
21.17
20.36
20.7
22.12
22.24
19.41
17.65
17.97
18.82
22.73
16.16
6.97
13.65
12.96
13.84
13.82
13.94
19.09
19.36
18.38
13.31
14.55
18.85
21.46
17.41
16.55
9.619
0.724
0.3178
0.02604
0.03128
0.02604
0.03128
0.02604
0.03128
0.02604
0.03128
0.02604
0.02604
0.02604
0.03128
0.02079
0.03128
0.02604
0.02604
0.02604
0.02604
16.26
15.72
14.23
19.34
17.48
19.63
21.95
19.14
12.94
14.36
