0.02346
0.02346
0.02079
0.02604
0.02079
0.02604
0.02346
0.02346
0.02346
0.02346
0.02079
0.02604
0.02079
0.02346
0.02346
0.02346
0.02079
0.02604
0.02079
0.02604
0.02079
0.02604
0.02079
0.02604
0.02346
0.02346
0.02346
0.02346
0.02079
0.02604
0.02079
0.02604
2.173
17.99
40.62
41.85
33.64
40.19
34.96
17.63
42.19
26.95
8.191
38.43
39.65
37.26
38.82
40.23
24.17
25.54
33.4
12.7
27.69
25.29
30.37
41.65
37.7
34.03
23.49
40.14
23.1
14.48
19.9
31.98
38.28
38.82
34.52
32.67
16.5
41.02
27.15
15.82
33.69
38.72
35.11
34.86
33.2
19.24
30.13
26.42
6.604
21.26
20.14
22.53
26.32
29.98
35.6
32.71
17.02
34.18
24.98
14.58
17.38
15.01
18.24
16.82
19.31
31.69
30.37
14.55
14.55
18.19
16.06
15.8
17.11
21.58
26.17
18.43
18.46
14.21
34.13
35.94
38.96
38.62
34.91
21.19
22.29
22.78
13.09
21.17
16.14
17.55
18.9
21.02
14.84
6.982
17.75
15.26
17.55
30.81
28.12
16.33
14.94
12.52
39.84
39.75
40.09
37.45
30.52
14.97
30.91
27.78
17.33
32.67
29.39
18.82
21.61
16.14
16.77
16.5
15.53
18.31
21.07
24.39
16.26
15.97
13.21
18.02
15.92
22.0
23.88
28.37
37.99
35.01
27.59
15.67
18.31
20.02
18.82
9.949
3.741
5.219
16.58
15.31
12.82
9.607
14.28
16.65
18.55
14.48
14.72
12.77
27.83
27.34
21.07
1.105
0.4791
8.875
13.89
8.606
12.16
15.09
15.94
17.75
16.92
18.24
13.6
15.75
14.48
9.705
20.92
19.73
21.8
15.5
15.55
13.89
21.31
25.44
22.0
14.09
0.6851
10.24
14.84
5.548
17.8
15.5
15.41
15.55
15.38
13.82
14.26
16.97
15.55
18.07
19.12
15.31
13.48
13.87
14.55
14.62
19.56
22.19
22.02
5.402
0.5569
10.21
13.89
13.57
14.58
14.38
13.87
14.48
13.26
13.94
13.13
14.94
12.27
15.48
14.16
14.87
14.87
15.04
16.5
19.56
22.88
21.66
3.894
0.5936
0.09117
11.46
15.41
8.606
12.99
16.89
3.4
13.5
13.09
13.99
15.28
13.79
16.63
16.99
18.38
20.29
13.72
6.934
13.18
14.45
17.46
16.7
16.55
17.21
8.728
10.36
6.091
7.043
14.43
11.12
5.835
14.23
23.07
33.01
19.73
16.43
16.11
14.43
15.5
18.77
17.29
17.29
17.7
20.92
38.72
34.33
1.234
0.6592
0.06247
13.65
18.58
17.02
20.02
36.82
24.41
22.36
15.94
9.485
26.03
38.09
25.44
16.97
13.23
15.75
17.8
38.92
29.3
22.27
32.86
29.49
0.9979
0.5463
0.05732
10.13
13.13
19.26
15.77
27.88
28.22
14.48
13.45
19.6
24.78
28.27
40.19
33.2
13.38
14.06
17.82
12.84
14.94
38.53
31.69
3.558
0.5783
0.07296
13.65
19.65
21.78
19.8
26.51
11.8
18.97
12.08
10.75
16.48
10.12
17.07
32.28
38.04
18.53
11.63
31.1
37.26
22.0
22.97
39.11
28.32
25.05
39.7
39.06
38.62
40.23
42.14
41.85
40.82
40.19
40.38
38.57
38.43
36.04
36.04
36.52
36.33
35.99
36.91
37.26
23.46
1.932
5.45
10.49
12.11
16.94
5.75
9.851
6.738
3.857
5.713
5.56
5.377
12.39
5.157
8.984
6.824
12.15
15.45
14.11
14.21
12.24
12.94
13.89
12.72
8.508
14.06
14.48
0.5257
19.14
25.34
34.47
39.89
38.33
41.94
40.33
40.67
38.67
36.43
39.36
39.45
38.82
35.21
32.91
37.55
37.16
37.16
37.26
34.28
12.15
1.813
6.836
10.12
8.228
9.607
9.412
9.058
13.21
10.89
15.33
11.29
10.28
14.23
12.44
16.6
11.3
13.43
19.41
20.8
5.353
4.98
10.55
11.65
11.16
0.2239
2.78
31.15
34.08
35.99
36.47
37.26
35.45
34.38
35.11
33.45
34.72
34.77
31.74
35.16
35.06
34.03
29.15
34.13
33.2
31.98
28.03
27.29
28.22
9.729
1.364
9.79
8.972
10.51
9.033
7.031
1.63
12.07
10.47
6.592
4.028
10.33
11.9
9.265
13.13
14.58
15.48
20.63
14.84
20.51
15.99
9.973
15.45
16.77
0.2968
21.73
39.21
36.91
38.18
35.69
36.18
37.89
37.11
36.77
38.23
36.47
36.57
35.25
36.77
36.87
34.42
35.01
34.33
30.42
31.2
31.69
9.021
1.974
8.057
11.34
6.604
8.594
10.41
9.106
13.94
11.54
11.63
13.11
14.11
10.73
5.487
8.02
5.737
20.78
20.9
15.58
20.68
9.692
15.65
17.63
4.309
39.84
39.75
21.17
36.52
30.76
38.82
28.91
31.64
39.45
40.19
24.9
31.05
26.42
10.86
18.8
40.28
32.52
12.92
14.92
17.9
16.14
17.53
36.18
28.32
14.06
17.92
21.48
25.05
21.8
16.09
17.9
18.58
16.38
24.1
22.68
19.38
12.21
20.78
21.09
21.92
23.34
15.26
17.77
16.94
14.11
20.41
20.9
26.07
16.16
18.04
23.61
25.1
25.93
25.0
23.29
23.14
22.22
25.34
22.88
25.0
26.46
28.32
25.44
25.93
23.88
24.02
24.54
22.36
19.56
18.04
21.85
20.92
23.24
29.64
29.88
30.22
29.74
29.25
25.39
6.836
11.13
10.55
6.531
8.862
13.53
15.87
14.04
16.21
17.38
15.8
16.36
18.65
15.11
15.04
15.06
16.09
16.33
11.13
13.11
14.45
0.3647
8.813
16.89
20.87
24.88
23.88
23.88
23.54
20.24
16.31
15.8
19.87
17.5
16.92
16.24
16.24
16.41
16.46
15.92
16.43
16.14
17.55
15.89
16.11
16.97
16.72
20.34
23.51
23.95
20.24
23.36
25.93
22.19
17.72
19.14
16.8
15.43
17.26
18.26
16.72
17.09
2.441
6.604
11.87
11.47
15.5
12.52
13.38
14.18
14.04
14.14
15.33
14.77
14.58
14.72
15.19
12.44
15.99
13.75
15.58
9.167
9.924
12.67
0.2762
0.1823
12.6
10.47
16.85
20.02
20.65
20.19
14.18
15.23
14.5
15.87
15.33
15.8
17.29
18.73
20.63
16.99
12.92
15.55
16.77
17.38
16.63
17.41
10.34
14.82
16.48
16.85
16.8
20.56
17.87
15.6
16.55
20.58
20.68
23.75
21.0
18.87
17.38
12.16
31.98
31.45
17.82
16.19
17.82
24.17
31.2
26.42
19.68
10.23
36.18
31.01
19.85
33.25
31.79
22.29
0.7759
0.4425
17.21
14.06
15.43
17.94
34.38
31.49
23.1
36.91
30.37
19.7
24.1
34.91
30.57
15.53
14.97
15.65
16.31
16.04
16.28
33.01
30.52
15.38
0.708
0.3178
0.02604
0.02604
0.02604
0.02079
0.02079
0.02604
0.02079
0.02079
0.02604
0.02079
0.02604
0.02079
0.02604
0.02079
21.31
22.36
18.43
20.83
18.85
12.27
19.8
24.83
23.85
21.58
16.97
