32.28
37.4
18.09
18.99
24.46
34.86
27.98
17.82
27.93
35.45
25.88
16.63
18.68
21.07
35.45
31.2
1.385
0.6256
0.0596
12.5
23.12
33.98
28.27
17.24
29.25
35.79
20.48
17.24
13.99
14.33
16.19
19.34
34.81
32.52
17.38
16.53
19.41
12.17
30.81
37.65
37.79
37.06
33.69
35.64
31.64
19.02
31.1
35.99
16.77
16.7
14.92
23.93
33.69
29.79
14.33
11.17
32.62
40.09
39.7
39.45
35.06
33.89
25.24
32.91
31.25
13.77
36.91
37.06
36.13
37.84
36.04
33.89
21.12
15.23
12.7
41.75
42.04
39.06
35.5
41.46
27.59
17.31
27.25
33.89
23.34
29.83
29.93
20.87
18.6
39.4
38.53
39.65
35.6
35.21
22.31
23.51
39.94
41.5
39.84
37.16
35.3
10.85
37.26
38.82
38.43
36.13
40.04
28.81
17.46
17.65
24.44
41.65
42.38
42.29
27.98
29.3
21.68
15.36
19.46
19.02
20.21
16.89
20.17
27.29
16.19
18.02
18.85
17.43
16.94
21.9
37.89
39.26
39.55
26.27
37.89
30.47
5.963
26.51
36.18
36.67
37.55
35.6
36.18
25.29
21.88
19.73
23.56
35.21
34.72
20.9
15.53
36.72
34.18
33.2
33.3
22.17
19.73
20.21
20.92
10.73
21.09
24.07
27.25
28.52
29.54
23.95
28.91
30.91
20.85
11.15
5.054
14.33
29.44
35.16
23.63
15.23
18.31
13.21
13.28
15.31
14.4
17.33
16.99
17.21
16.06
0.7904
0.4532
0.04301
3.333
14.4
20.78
31.74
26.46
16.5
14.6
16.28
32.42
28.47
15.97
19.26
15.19
17.82
18.29
20.46
16.63
13.79
0.1888
0.08793
0.02537
0.02928
0.02804
0.02928
7.727
15.19
20.73
30.57
30.62
13.77
20.04
13.18
16.14
15.72
11.4
15.11
15.55
14.55
15.8
27.78
27.73
7.349
0.8545
0.2075
0.02737
0.03061
0.02804
0.03061
11.28
15.45
15.84
14.75
15.04
15.84
15.7
14.48
15.8
16.06
16.7
18.07
17.11
21.78
25.15
24.49
15.82
6.14
0.2892
0.05407
0.0247
0.02804
0.02537
0.02861
9.802
15.43
15.06
15.11
21.12
24.78
21.04
11.96
16.55
14.75
19.46
25.49
27.25
14.77
15.33
15.36
14.65
6.097
0.1524
0.05207
0.02537
0.0267
0.02537
0.02737
6.299
14.36
14.99
21.07
20.97
23.39
20.12
14.62
15.92
17.53
17.55
16.33
14.53
15.58
16.5
22.34
23.71
23.95
16.46
0.8331
0.4051
0.02861
0.0247
0.02737
0.0247
10.44
12.52
11.78
16.31
14.84
13.75
21.12
23.58
24.37
14.5
12.43
16.26
23.54
22.44
22.46
15.38
20.02
23.95
23.66
2.081
0.5547
0.07029
0.02737
0.02346
6.543
13.45
16.48
16.87
19.48
17.21
17.19
16.41
14.4
18.87
26.42
26.86
16.82
12.35
16.16
13.33
11.38
0.2434
0.1303
0.02604
0.03128
0.0247
0.02861
0.02604
14.97
21.19
14.84
18.29
18.95
13.48
18.55
10.79
27.98
28.32
29.59
31.69
32.08
31.64
31.01
28.81
26.86
25.63
25.15
26.66
26.56
24.29
24.0
22.92
22.36
23.44
24.44
23.9
22.75
22.22
22.46
13.21
15.82
16.33
17.38
18.51
20.0
21.97
22.39
20.53
19.09
18.31
19.48
12.77
10.61
19.53
18.07
16.26
15.58
16.21
16.36
16.75
20.39
26.9
25.98
25.44
24.51
24.46
24.56
24.34
21.31
19.24
17.46
16.33
18.21
18.07
18.87
17.92
17.87
17.53
22.19
22.17
23.19
23.68
21.83
15.36
16.85
17.85
19.82
21.36
20.36
21.0
18.9
16.75
15.8
14.97
14.65
15.23
14.67
8.508
14.65
18.48
19.46
20.21
19.7
20.34
20.0
20.53
20.43
20.95
21.36
20.95
20.97
20.26
20.51
20.17
21.73
23.49
23.66
26.07
30.32
30.32
28.61
23.93
22.0
22.14
22.36
22.41
13.4
15.53
24.46
25.83
24.76
26.07
25.24
25.49
26.32
23.14
22.53
13.75
10.86
28.76
29.59
30.32
30.81
29.39
28.37
31.1
30.52
28.47
28.03
28.22
28.76
29.49
29.74
30.13
30.13
30.86
29.88
29.49
28.42
18.46
7.397
13.75
28.81
31.2
30.66
28.27
27.29
25.1
24.05
21.22
11.46
20.19
29.79
29.15
29.2
28.47
29.74
31.1
30.52
28.86
28.47
26.76
27.0
27.15
27.54
28.66
28.86
31.2
31.4
30.37
29.59
28.08
21.09
15.23
27.83
31.01
29.98
29.69
27.93
27.05
24.24
23.85
12.49
18.73
28.61
29.2
26.42
27.98
15.89
30.08
29.54
26.71
27.05
16.31
28.96
25.98
27.78
25.88
28.12
22.63
16.5
27.69
27.83
28.96
24.85
28.08
21.53
20.0
29.64
28.91
22.68
27.0
14.09
30.03
27.83
22.44
26.22
16.6
27.15
28.56
23.56
28.08
20.87
19.43
23.14
21.75
13.13
20.85
27.88
28.71
22.68
25.1
17.65
21.78
21.88
20.56
20.09
23.32
25.24
10.07
28.17
30.13
30.71
28.03
26.9
27.34
27.88
29.74
28.71
29.25
28.76
29.64
29.25
28.96
28.81
27.98
29.25
29.93
29.54
29.64
29.44
22.49
31.01
29.88
27.88
29.93
25.0
25.44
25.73
24.54
9.497
21.02
29.83
30.62
28.86
28.76
28.12
29.05
29.59
29.88
31.05
31.2
31.45
30.03
27.78
29.54
30.52
31.05
30.91
30.71
30.96
21.02
24.02
33.01
32.67
31.93
27.34
23.9
23.17
26.07
22.29
12.52
30.42
27.73
27.39
27.25
28.42
27.59
28.61
28.37
29.54
30.13
30.81
30.71
30.57
29.35
30.18
30.18
30.18
29.25
28.47
27.73
23.97
23.1
32.76
30.13
28.86
25.54
18.33
14.92
14.89
14.72
15.23
14.82
14.82
7.605
16.94
18.43
25.93
11.85
28.91
29.64
30.13
30.13
31.1
31.93
31.49
31.35
31.64
31.45
31.3
30.03
29.69
30.22
29.79
29.59
29.49
25.49
22.83
21.51
17.75
20.43
20.29
19.75
19.6
17.99
17.21
17.11
16.82
16.75
15.84
16.33
17.43
16.8
10.05
14.11
13.89
14.18
15.62
14.92
14.84
14.75
13.26
13.67
12.7
14.16
14.16
11.17
14.62
14.55
15.04
14.82
14.94
15.36
13.09
14.09
15.23
15.31
15.09
14.97
11.65
12.45
14.48
15.06
14.72
14.84
14.55
15.26
11.72
14.11
12.55
13.21
14.77
15.33
15.5
16.04
16.75
16.94
13.01
13.55
12.52
14.09
14.5
13.13
13.92
15.31
15.09
15.53
15.75
11.02
14.5
15.09
15.62
16.36
15.5
13.04
0.9979
0.3944
0.04816
0.0247
0.0247
0.02861
0.0247
0.02737
0.02604
0.02737
0.02604
0.02737
0.0247
0.02737
0.0247
0.02737
0.0247
0.02604
0.0247
0.6691
17.53
14.38
15.23
15.23
16.67
16.63
17.36
13.79
18.04
19.97
