19.31
26.51
32.71
17.53
24.95
31.2
15.92
17.41
16.21
17.16
19.46
25.24
26.17
10.5
0.7774
0.3159
0.02537
0.02861
0.02604
0.9109
17.65
14.23
12.62
12.3
16.04
16.85
15.16
13.55
13.67
15.62
15.26
13.35
19.17
14.5
34.67
36.08
33.89
33.69
31.93
30.66
29.98
18.63
19.19
37.65
36.33
34.91
34.91
28.32
34.13
24.8
26.17
31.15
17.31
13.16
15.26
13.72
16.6
25.2
31.45
21.41
12.4
13.89
20.85
33.89
33.3
34.52
34.47
31.05
32.03
22.83
11.28
19.43
12.99
16.09
14.38
15.55
16.04
26.95
31.98
18.41
26.95
30.52
21.29
13.5
13.35
20.34
31.05
33.54
36.23
36.96
29.15
32.18
18.19
19.92
23.56
24.88
17.36
14.28
13.67
26.9
31.4
19.51
14.11
15.84
14.72
11.25
35.25
33.5
33.69
33.2
28.22
34.38
24.46
17.6
36.57
36.47
35.3
32.42
34.57
26.76
16.72
13.43
16.72
11.88
17.63
28.12
32.71
12.65
17.65
16.8
8.337
31.64
35.89
32.71
35.74
32.76
36.47
24.54
12.35
36.62
38.87
36.57
32.52
37.99
27.05
17.63
17.65
16.99
7.666
20.51
20.43
20.92
28.91
28.12
26.71
21.68
23.63
24.78
15.7
20.53
29.35
34.77
35.16
33.25
26.61
28.81
20.68
18.87
24.12
26.46
20.51
12.79
5.194
0.2617
15.33
17.19
16.67
13.77
14.87
0.2407
5.2
5.798
0.1392
0.06638
0.02604
0.02861
0.02604
2.286
16.43
13.43
13.7
18.09
14.58
6.628
17.85
12.39
15.77
17.21
22.78
30.86
22.49
16.24
16.11
26.95
29.0
21.63
2.39
0.5989
0.1003
0.02861
0.02737
1.46
17.31
17.24
27.2
30.76
15.19
14.31
18.16
15.06
15.58
15.7
10.83
13.65
17.07
18.09
14.94
14.11
18.09
8.557
0.1823
0.06638
0.02737
0.02861
0.02604
1.497
5.09
10.24
22.83
26.51
20.31
16.85
24.1
28.96
14.33
27.78
31.49
19.53
13.11
15.31
15.04
13.65
18.53
6.897
0.1823
0.07029
0.02604
0.02995
0.02737
0.9094
19.63
23.78
26.9
31.15
13.48
18.38
16.14
15.62
20.41
15.58
12.57
14.04
13.65
14.53
17.21
16.19
18.04
15.82
0.2396
0.1406
0.02861
0.02995
0.0247
1.068
14.26
19.53
15.33
15.43
20.63
32.08
28.86
20.58
31.15
28.27
8.801
14.23
22.56
28.56
25.1
15.48
26.86
32.03
23.68
1.846
0.5898
0.07296
0.02737
0.8026
19.04
27.34
30.27
19.17
13.26
17.5
17.55
16.65
17.02
13.99
16.55
13.13
14.16
15.38
16.26
13.13
16.33
5.902
0.1875
0.0638
0.02737
0.02861
0.02604
0.8286
15.5
15.01
17.14
15.33
15.94
13.99
27.59
32.71
16.06
27.98
32.52
13.99
17.38
16.7
13.28
15.62
19.02
27.34
29.44
8.96
0.7797
0.2201
0.02604
0.798
22.73
28.86
29.15
18.09
22.34
16.14
13.96
13.77
16.24
30.03
31.79
14.01
5.536
19.87
12.74
14.28
14.16
12.62
13.21
11.54
20.56
20.02
26.66
34.18
31.2
34.13
34.57
30.57
35.89
37.89
38.62
38.38
37.35
36.28
31.3
33.89
36.18
34.42
25.29
32.86
39.84
38.87
37.5
33.06
28.96
30.08
9.204
31.1
35.35
37.21
36.08
32.86
35.84
34.08
36.18
35.4
37.3
37.4
35.11
33.4
30.86
28.56
26.86
26.12
26.42
19.78
29.0
31.69
29.93
28.71
26.56
26.22
22.19
25.88
23.95
13.21
35.69
35.45
35.25
37.06
36.67
35.45
35.84
35.99
35.21
34.81
31.74
32.86
34.96
30.27
31.05
31.01
31.59
20.95
31.45
34.72
32.76
29.2
25.24
22.22
20.14
19.58
20.34
10.1
18.31
18.12
16.24
16.7
17.29
18.68
18.65
17.29
15.87
14.94
14.75
14.99
14.7
14.75
15.5
15.28
15.19
15.01
15.48
14.92
15.5
15.33
16.02
16.19
17.02
15.84
14.92
15.21
14.94
14.99
14.87
15.01
15.43
15.31
15.31
15.21
15.41
16.63
17.33
15.14
16.16
19.04
20.92
21.34
19.41
20.09
21.24
20.92
19.34
18.21
17.04
15.41
16.06
11.91
3.601
31.45
30.47
32.52
31.4
30.62
26.32
24.51
24.9
26.56
34.91
35.84
32.37
33.69
33.89
33.11
32.57
31.74
31.88
28.56
28.96
17.31
33.15
34.81
31.3
36.87
30.42
31.1
30.13
15.82
24.15
29.2
30.96
27.83
26.42
27.88
31.93
33.15
34.72
33.35
34.18
28.86
26.27
24.1
24.44
22.92
21.07
20.34
21.53
21.78
24.46
33.11
22.88
24.39
34.47
33.94
32.76
30.22
27.88
27.0
26.56
11.84
27.25
27.54
29.25
28.22
26.42
29.15
19.97
24.98
32.13
29.59
35.35
23.93
30.08
24.34
12.12
32.03
32.76
26.95
25.24
17.97
23.32
30.66
15.23
26.03
33.89
29.79
33.01
15.6
32.37
31.4
24.71
26.12
6.799
31.05
33.54
34.38
33.74
34.62
30.32
36.18
36.33
37.16
35.06
29.93
24.73
21.7
19.7
17.97
15.58
14.92
15.04
15.31
15.14
15.09
15.01
14.92
15.16
15.33
15.28
14.23
15.94
15.75
18.12
18.51
20.07
21.46
19.53
19.65
18.77
17.02
17.29
17.31
16.26
11.82
14.6
18.21
17.48
15.41
15.36
15.72
15.43
15.09
15.06
15.01
15.84
15.48
16.41
16.16
15.45
16.36
16.38
15.19
15.41
15.23
15.14
15.72
15.53
15.89
15.33
15.04
14.99
15.14
14.99
15.14
15.11
15.09
15.26
15.21
14.84
14.99
14.92
15.09
14.67
14.53
14.36
14.92
15.33
15.62
15.5
15.28
15.33
15.45
15.31
15.58
14.6
14.92
14.75
14.72
15.04
14.7
14.75
15.89
10.67
15.11
12.92
16.36
15.19
13.38
13.23
14.97
14.58
14.82
14.75
15.67
12.15
15.75
13.94
15.7
15.31
15.7
15.23
14.6
11.34
15.19
15.11
15.7
16.06
14.77
15.09
13.33
7.092
20.12
17.9
17.11
17.07
16.72
16.48
16.67
17.24
18.97
17.72
16.26
15.92
16.58
15.67
15.97
16.24
15.77
16.11
16.21
14.82
14.82
14.97
14.97
15.19
15.26
15.6
15.06
14.99
15.43
15.14
14.89
15.06
14.65
15.06
15.14
15.01
15.31
14.94
15.8
15.6
15.41
15.19
15.6
17.04
16.02
15.48
15.58
15.62
15.65
16.97
18.07
17.87
15.04
15.26
15.09
15.89
17.58
15.26
13.11
13.62
14.4
15.04
15.97
15.11
14.7
14.5
12.15
13.65
9.143
0.1823
0.08078
0.02604
0.02861
0.02346
0.03128
0.02604
0.03128
0.02604
0.03128
0.02604
0.03128
0.02604
0.02861
0.02604
0.02861
0.02604
0.03128
0.02604
10.27
15.58
14.94
15.16
15.77
14.26
13.79
15.89
13.65
14.87
14.58
