10.71
10.18
10.16
10.25
10.28
10.35
10.4
10.47
10.34
10.35
10.5
10.66
10.74
11.15
11.21
11.12
11.05
11.05
10.85
10.86
10.95
11.1
11.23
11.25
11.25
11.16
11.18
11.13
10.73
10.78
10.88
11.06
10.93
10.86
10.85
10.71
10.83
11.27
11.24
11.25
11.25
11.25
11.21
11.24
10.97
11.05
11.06
10.95
11.17
10.83
10.89
11.08
11.27
11.36
10.6
10.73
10.91
10.91
10.93
10.74
11.44
11.27
11.28
11.06
10.88
11.13
11.07
11.25
11.39
10.94
10.12
10.28
10.42
10.05
10.01
9.973
9.9
9.534
9.692
9.851
9.888
9.973
10.08
10.08
10.12
9.985
9.729
10.05
9.961
10.14
10.13
10.03
9.9
9.973
9.888
9.985
10.06
10.02
10.24
10.08
10.22
10.52
10.73
11.04
10.5
10.22
9.973
9.937
9.937
9.68
9.595
9.607
9.863
9.961
9.949
9.875
9.839
10.19
10.31
10.4
10.35
10.21
10.05
10.05
9.619
9.753
9.814
9.937
10.16
10.16
10.28
10.1
10.23
10.21
10.3
10.45
10.27
10.36
10.38
10.14
10.4
10.51
10.71
11.08
11.23
11.23
11.16
11.01
10.72
10.34
10.31
10.41
10.66
10.8
10.66
10.66
10.68
10.77
10.71
11.01
11.05
10.96
10.71
10.73
10.94
11.04
11.21
11.21
11.01
10.94
10.61
10.89
10.94
10.85
10.85
10.84
10.78
10.47
10.63
10.84
10.95
11.02
10.97
10.72
10.72
10.57
10.85
10.94
11.22
11.07
11.01
10.99
10.68
10.58
10.78
11.04
10.82
10.51
9.985
10.22
10.24
10.17
10.36
10.31
9.985
9.924
9.973
10.27
10.19
10.18
10.08
10.24
10.22
10.69
10.47
10.24
9.961
10.02
10.13
10.3
10.35
10.63
10.85
10.75
10.66
10.66
10.67
10.84
10.99
11.02
11.05
10.97
10.6
10.47
10.33
10.4
10.49
10.5
10.56
10.31
10.28
10.28
10.28
10.46
10.67
10.82
10.64
10.66
10.66
10.69
10.55
10.94
10.62
10.77
10.41
10.28
10.45
10.46
10.56
10.39
10.72
10.9
10.61
10.6
10.71
11.01
11.13
11.0
10.85
10.82
11.01
11.07
11.13
11.43
11.44
11.28
11.16
11.39
11.41
10.86
11.13
11.0
10.77
10.68
10.82
10.99
11.36
11.41
11.25
11.17
11.06
11.07
11.36
11.47
11.21
10.96
10.82
11.1
11.16
11.29
11.33
11.05
10.89
10.88
10.89
11.06
11.32
11.41
11.3
11.28
10.99
11.17
11.05
10.86
11.04
11.13
11.16
11.24
11.36
10.88
10.08
10.3
10.08
11.72
11.9
12.01
12.05
12.06
11.91
12.05
12.07
12.3
12.15
12.11
12.04
12.02
12.23
11.91
12.11
11.84
12.01
12.02
11.98
11.83
11.91
12.01
12.01
12.15
12.18
12.16
12.22
12.29
12.22
12.37
12.4
12.43
12.6
12.6
12.57
12.55
12.29
12.06
12.02
12.02
12.08
12.02
12.13
12.22
12.13
12.15
12.21
12.22
12.15
12.21
12.21
12.02
12.22
12.28
12.39
12.6
12.41
12.41
12.27
11.47
11.44
11.38
11.4
11.82
12.04
11.11
10.8
10.4
10.45
10.39
10.57
10.6
10.71
10.79
10.85
11.0
10.74
10.86
11.08
11.34
11.35
10.69
10.66
10.67
10.63
10.62
11.01
11.05
10.79
10.94
11.21
11.36
11.47
11.21
11.17
11.33
11.32
11.05
11.06
11.15
11.32
11.32
10.99
10.85
10.96
10.99
10.91
10.85
10.97
11.02
10.97
11.0
11.06
11.02
10.67
10.88
11.0
11.0
11.19
11.29
10.72
10.47
10.46
9.961
10.3
10.41
10.51
10.38
9.985
9.839
10.19
10.6
10.58
10.51
10.47
10.68
10.47
10.31
10.49
10.46
10.52
10.49
10.5
10.39
10.41
11.15
11.04
10.94
11.08
10.97
10.96
11.06
10.97
11.1
11.24
11.56
11.32
11.0
10.75
10.84
11.17
10.57
10.64
10.86
10.97
11.06
11.05
11.08
11.05
11.13
11.07
11.06
11.11
11.05
11.19
11.4
11.05
11.06
11.16
11.05
10.97
10.78
10.91
11.08
11.05
11.22
11.23
11.05
11.01
11.5
11.44
11.32
11.34
11.47
11.45
11.24
11.38
11.74
11.76
11.91
11.83
11.57
11.49
11.49
11.56
11.74
11.83
11.24
11.1
11.25
11.33
11.51
11.47
11.44
11.44
11.44
11.44
11.63
11.56
11.63
11.69
11.89
11.84
11.8
11.73
11.8
11.8
11.73
11.47
11.44
11.44
11.54
11.52
11.58
11.46
11.11
11.28
11.47
11.63
11.55
11.55
11.67
11.24
11.1
10.88
11.01
10.86
11.15
11.46
11.52
10.89
10.58
10.14
10.08
10.11
9.973
9.607
9.839
9.827
9.778
10.1
9.949
9.912
10.01
10.07
10.21
10.3
10.25
9.949
9.9
10.08
10.12
9.998
10.63
10.74
10.74
10.67
10.85
10.88
10.89
10.94
11.33
11.57
11.44
11.68
11.15
11.05
10.69
10.73
10.85
11.06
10.74
10.86
10.86
11.07
11.08
11.11
11.06
11.08
11.12
11.06
11.06
11.22
11.08
11.15
10.75
10.83
10.73
10.71
10.67
10.89
11.04
11.19
11.12
11.06
11.06
11.21
11.35
11.51
11.4
11.39
11.27
11.4
11.46
11.57
11.69
11.89
11.9
11.35
10.88
11.07
11.12
11.15
11.29
11.33
11.22
11.06
11.29
11.36
11.44
11.5
11.49
11.55
11.57
11.3
11.44
11.36
11.6
11.43
11.43
11.56
10.8
10.9
10.97
11.04
11.04
10.79
10.95
10.9
11.19
11.27
11.13
11.32
11.24
10.86
10.89
11.05
11.13
11.16
10.89
10.77
10.3
10.18
10.45
10.17
10.17
10.28
10.41
10.41
10.21
10.28
10.41
10.51
10.56
10.67
10.79
11.0
10.78
10.56
10.46
10.47
10.75
10.66
10.52
10.53
10.67
10.69
10.85
10.94
11.12
11.24
11.18
11.29
11.24
