1.724
0.2857
1.259
1.323
0.3632
1.326
1.262
1.675
0.0741
0.1003
0.1127
0.1076
0.1043
0.1049
0.08011
0.102
0.1066
0.1019
0.1011
0.09336
2.289
3.363
3.864
1.419
0.6699
0.7713
1.283
0.2396
0.2148
0.2598
0.3922
1.077
1.186
1.923
3.821
0.8957
2.228
0.4814
2.884
3.821
1.013
2.332
0.6119
0.0
0.0
0.0
0.0
0.0008583
0.0
0.0
0.0
0.0
0.0
0.0
0.0009537
9.537e-05
0.0
0.0
0.0
0.0
0.0
0.0
0.0
0.0
0.0
0.0
0.0
0.0
0.0
0.0
0.0
0.0
0.0
0.0
0.0006676
0.0
0.0
0.0
0.0
0.0
0.0
0.0
0.0
0.0
0.0
0.0
0.0
0.0
0.0
0.0
0.0
0.0
0.0
0.0
0.0
0.0
0.0
0.0
0.0
0.0
0.0
0.0
0.0
0.0
0.0
0.0
0.0
0.0
0.0
0.0
0.0
0.0
0.0
0.0
0.0
0.0
0.0
0.0
0.0
0.0
0.0
0.0
0.0
0.0
0.0
0.0
0.0
0.0
0.0
0.0
0.0
0.0
0.0
0.0
0.0
0.0
0.0
0.0
0.0
0.0
0.0
0.0
0.0
0.0
0.0
0.0
0.0
0.0
0.0
0.0
0.0
0.0
0.0
0.0
0.0
0.0
0.0
0.0
0.0
0.0
0.0
0.0
0.0
0.0
0.0
0.0
0.0
0.0
0.0
9.537e-05
0.0
0.0
0.0
0.0
0.0
0.1776
1.555
1.718
1.476
0.3529
0.3532
0.3632
0.1511
0.01497
3.638
3.113
0.4967
0.5539
0.5173
2.078
6.091
1.688
1.279
3.131
1.688
1.657
1.743
0.07639
0.09995
0.116
0.1095
0.1055
0.09546
0.1143
0.09899
0.1175
0.1034
0.8057
2.298
4.01
1.46
0.8591
1.395
1.228
0.6615
0.7828
0.5867
4.218
4.205
0.7294
0.7843
1.382
0.547
1.7
0.2701
0.0
0.01431
0.2331
0.002193
0.3803
1.195
0.2987
1.344
0.4959
0.4555
1.807
4.993
0.6294
0.8499
1.389
0.8759
4.272
3.339
0.6462
0.5928
0.4433
0.2151
0.2167
0.0638
0.02527
4.187
4.803
0.5325
0.5844
1.234
0.05789
0.07486
0.06838
0.07191
0.07572
0.08106
0.08755
0.08688
0.09089
0.08841
0.06285
0.09708
0.07229
0.06971
0.01631
2.722
4.23
2.115
0.7889
0.9308
0.8469
3.754
4.535
0.7347
0.9094
0.8331
1.974
6.042
1.352
0.6393
1.306
0.9186
0.7736
0.9888
0.8316
1.488
1.337
5.383
3.046
0.946
1.192
3.168
3.778
2.963
2.46
3.723
1.123
2.258
0.663
1.193
1.291
0.8331
2.084
4.993
0.6668
0.6775
1.086
0.4463
0.5562
1.27
5.426
2.908
0.602
0.8362
3.424
3.68
0.4906
1.43
0.7278
1.015
0.7538
1.129
1.633
1.95
1.654
1.155
5.103
2.158
0.1965
0.1089
0.1234
0.1183
0.1305
0.1253
0.1024
0.1343
0.0948
0.14
0.1402
1.283
3.308
4.59
3.583
1.337
1.027
0.6905
1.794
0.8209
1.344
1.375
1.279
0.4883
1.103
0.6805
1.401
1.302
0.3952
0.3468
0.2934
0.4547
2.478
4.15
1.106
2.582
1.283
1.889
5.511
1.143
1.024
0.8362
1.331
0.2705
0.3036
0.4333
1.198
0.4944
1.401
1.3
1.529
0.6111
1.66
1.279
4.437
4.449
2.234
0.6432
1.46
1.155
4.309
4.272
0.6981
0.5638
2.078
0.473
1.335
0.172
0.1965
0.164
1.318
1.103
2.02
2.597
2.542
2.286
1.5
0.4707
1.25
1.183
2.475
4.584
2.179
0.7217
1.718
1.154
1.752
2.09
0.8606
1.575
0.6996
1.527
1.208
0.8072
1.483
1.128
1.917
1.253
1.205
0.7492
1.433
2.924
2.713
2.515
0.3654
0.3796
1.25
0.9995
1.167
1.001
4.15
4.614
0.8087
1.033
2.029
5.28
2.454
0.4951
1.389
0.441
1.3
0.8789
2.704
5.432
0.6554
0.4585
0.102
0.676
0.6828
0.1772
0.01097
0.1066
1.035
0.3365
1.494
1.07
0.6371
0.6866
0.04187
0.07877
0.009918
0.01221
1.562
0.3662
1.276
0.9323
2.731
0.9872
0.2728
1.155
0.4677
1.288
1.137
0.7523
1.822
0.7332
0.06466
0.05426
0.8713
0.5386
0.09127
0.3197
1.541
1.228
1.596
2.1
2.643
3.052
2.618
1.178
1.387
3.082
3.29
1.233
0.6569
1.332
0.5295
1.357
1.242
1.378
1.299
0.9033
0.5028
1.28
0.2888
0.753
0.7317
0.2647
1.44
2.524
1.166
1.468
1.996
1.617
1.578
1.205
1.91
1.73
0.7378
0.9781
1.112
2.335
2.628
1.923
0.9415
1.076
2.484
2.286
2.444
2.332
1.062
0.9705
1.323
2.42
2.612
2.28
1.776
0.7523
0.9216
1.1
1.099
1.459
1.21
1.953
1.418
1.439
2.078
2.521
2.509
0.7523
1.018
0.6645
1.349
0.6187
1.306
0.4372
1.276
0.6119
1.271
1.505
2.383
2.39
2.71
2.115
1.006
1.367
0.9918
1.962
1.468
0.8469
1.044
0.6752
1.025
1.146
0.8102
1.323
0.6798
1.251
0.5913
1.222
1.109
0.8148
1.372
1.074
1.871
1.761
1.337
1.103
1.021
1.993
1.227
1.129
1.849
2.341
2.78
2.539
1.448
0.1289
0.1484
0.1579
0.1436
0.1436
0.1574
0.1326
0.1598
0.1532
0.1595
0.185
2.527
2.429
2.789
2.737
2.521
0.3788
1.537
0.7149
1.045
1.45
0.6294
0.7271
0.8636
1.859
2.661
2.588
2.988
0.6447
3.049
3.43
0.8377
2.097
0.3853
1.059
0.08945
0.09317
0.1328
0.1581
0.1795
0.144
0.1871
0.153
0.1663
0.1287
0.1005
0.1112
0.1186
2.512
3.778
5.206
4.138
0.1841
1.736
1.291
2.905
4.877
2.615
0.6439
1.437
0.6889
1.059
1.332
1.245
0.4532
1.274
0.5852
1.19
0.5486
1.39
0.2407
0.256
0.2411
1.443
0.5035
1.546
1.149
4.462
3.607
0.4959
0.8194
1.077
1.414
0.6752
1.837
4.535
0.7416
0.4204
0.5989
0.4639
0.304
4.98
4.053
0.605
0.6981
1.457
0.8972
0.8652
1.627
3.912
0.7965
1.898
0.7996
1.128
0.6416
0.5142
3.076
3.851
0.4547
1.213
1.035
2.002
2.441
1.054
1.92
0.3132
0.5791
0.8163
0.7248
5.481
4.065
0.7225
1.009
0.4265
5.084
3.906
0.798
0.7729
0.7515
0.6615
1.381
0.5455
0.5455
0.9766
5.396
3.577
0.7469
0.9094
0.4051
2.289
5.426
2.499
0.5661
0.005245
0.01488
0.01755
0.03567
0.02785
0.03967
0.02127
0.03805
0.9857
0.3262
1.166
0.1942
0.08507
0.1062
0.1072
0.1162
0.106
0.09785
0.1043
0.08202
0.104
0.1116
0.1154
0.1062
0.1114
2.478
3.595
5.212
3.87
0.2605
1.506
0.9064
1.907
5.914
3.186
0.6195
1.308
0.5898
2.524
3.65
1.373
1.88
1.813
0.7301
1.268
1.837
2.002
1.99
0.9979
0.1348
0.1434
0.144
0.1383
0.1324
0.1404
0.1198
0.1205
0.1329
0.1347
0.1297
0.135
1.715
1.169
2.081
2.136
1.794
1.645
1.694
0.425
1.457
1.282
1.237
2.109
2.112
2.09
1.855
1.886
0.6599
1.234
0.7294
1.225
0.9888
1.105
