0.02346
0.02127
0.02356
0.02823
0.0206
0.0206
0.02041
0.02584
0.02794
0.02165
0.01774
0.01774
0.01497
0.01974
0.02508
0.01936
0.01707
0.01736
0.02146
0.02222
0.0248
0.0268
0.02766
0.01993
0.03395
0.01898
0.01822
0.01345
0.02069
0.01984
0.02384
0.03071
0.02623
0.01831
0.01116
0.04997
0.02499
0.02508
0.02251
0.01106
0.01202
0.01459
0.01917
0.01659
0.01421
0.00782
0.01106
0.009632
0.01125
0.02222
0.02565
0.02127
0.02403
0.02432
0.01945
0.01402
0.02489
0.01745
0.02327
0.02432
0.0186
0.02995
0.01669
0.01612
0.02031
0.01688
0.02518
0.0205
0.0185
0.0205
0.0288
0.02241
0.02327
0.02155
0.01583
0.02222
0.02232
0.02298
0.02041
0.02737
0.01421
0.01411
0.01822
0.02241
0.01841
0.02441
0.01192
0.02422
0.06971
0.02747
0.01612
0.02403
0.02289
0.02642
0.02775
0.03033
0.02441
0.02966
0.02337
0.02365
0.02937
0.03328
0.03576
0.03796
0.03824
0.03548
0.02842
0.02518
0.02928
0.02985
0.02546
0.02089
0.02213
0.02232
0.01984
0.0206
0.0226
0.02842
0.02413
0.02127
0.01678
0.02193
0.02089
0.0248
0.02451
0.02956
0.03586
0.0329
0.03109
0.01993
0.02193
0.01545
0.01478
0.0185
0.01659
0.01612
0.009537
0.01717
0.01326
0.01593
0.01307
0.01192
0.01183
0.01249
0.009441
0.01812
0.0205
0.02108
0.01965
0.02365
0.0248
0.01869
0.01345
0.01106
0.009823
0.01011
0.008678
0.01812
0.01593
0.01698
0.01364
0.02022
0.01736
0.0165
0.0103
0.01221
0.01345
0.01106
0.0123
0.01602
0.01516
0.01774
0.01583
0.01612
0.02251
0.02174
0.01974
0.01478
0.03185
0.02708
0.02403
0.02537
0.02403
0.02556
0.02966
0.02937
0.03252
0.02899
0.02737
0.04101
0.02632
0.03538
0.02117
0.02565
0.02584
0.02737
0.02956
0.0186
0.02384
0.03424
0.02518
0.02117
0.02546
0.02012
0.01688
0.01945
0.01669
0.01154
0.01373
0.01469
0.01287
0.01392
0.02069
0.01898
0.02508
0.01907
0.02327
0.03738
0.03452
0.03347
0.05426
0.0411
0.01755
0.02499
0.03958
0.01564
0.02041
0.01459
0.01259
0.01717
0.007343
0.01106
0.01087
0.01211
0.008774
0.009632
0.05054
0.006676
0.004387
0.008965
0.00782
0.008392
0.01745
0.01049
0.01221
0.01364
0.01402
0.0186
0.01745
0.01144
0.01688
0.01364
0.01345
0.02785
0.01945
0.01917
0.02947
0.02289
0.02518
0.008488
0.03424
0.02451
0.02365
0.01278
0.01221
0.01144
0.01154
0.01287
0.01173
0.01507
0.01888
0.0248
0.009441
0.0165
0.0103
0.01125
0.0145
0.01059
0.01268
0.01011
0.01669
0.01726
0.0164
0.01945
0.01488
0.01383
0.0102
0.01659
0.01583
0.0205
0.02527
0.03195
0.02565
0.02089
0.03424
0.02823
0.03071
0.0289
0.02928
0.02508
0.02184
0.02108
0.02623
0.01583
0.0186
0.01402
0.02031
0.02337
0.01736
0.03338
0.03414
0.03481
0.04301
0.02108
0.02413
0.03452
0.0309
0.02108
0.01659
0.01726
0.01755
0.01431
0.01307
0.05779
0.02031
0.03281
0.02584
0.02508
0.02098
0.02079
0.01831
0.01011
0.02508
0.01335
0.01411
0.01068
0.01574
0.01431
0.01688
0.01917
0.02041
0.01402
0.02089
0.02909
0.01802
0.02432
0.02127
0.02089
0.01602
0.0246
0.02241
0.02146
0.01926
0.02289
0.02298
0.01469
0.02737
0.02508
0.02069
0.02556
0.01554
0.01564
0.02079
0.02413
0.03424
0.02708
0.02069
0.0185
0.02642
0.02232
0.02098
0.02384
0.01698
0.02794
0.02213
0.02394
0.03195
0.02241
0.04196
0.03204
0.0247
0.03014
0.0248
0.05922
0.02346
0.03576
0.0596
0.05417
0.03443
0.03262
0.03748
0.03538
0.03452
0.03948
0.03729
0.0493
0.03014
0.0392
0.04015
0.04139
0.04168
0.08926
0.0206
0.02069
0.01917
0.01421
0.01707
0.0308
0.01974
0.01392
0.02022
0.02337
0.01621
0.01965
0.01659
0.02413
0.02222
0.01736
0.01535
0.01526
0.01154
0.009918
0.01583
0.007629
0.01612
0.007629
0.01469
0.0186
0.01516
0.01364
0.01259
0.007725
0.007153
0.005913
0.01736
0.01926
0.02193
0.01745
0.01307
0.01125
0.007057
0.01307
0.01526
0.01564
0.02022
0.01011
0.01888
0.01001
0.009155
0.0102
0.009346
0.01602
0.01154
0.0144
0.01125
0.008106
0.01221
0.02203
0.02604
0.01593
0.0145
0.01726
0.01898
0.02155
0.02384
0.02165
0.02079
0.0205
0.03452
0.04158
0.05169
0.03328
0.03061
0.02346
0.0226
0.08135
0.03061
0.02918
0.02546
0.02728
0.03128
0.02289
0.03242
0.02928
0.03548
0.0268
0.03777
0.03691
0.02832
0.02966
0.03386
0.02842
0.02394
0.02813
0.02403
0.03242
0.03853
0.03138
0.02213
0.02432
0.01879
0.02489
0.09146
0.01879
0.02003
0.01211
0.02279
0.03357
0.04368
0.04072
0.03881
0.03672
0.03443
0.02909
0.02079
0.02127
0.01621
0.01335
0.01326
0.01898
0.007534
0.01221
0.01373
0.01268
0.01268
0.01307
0.009823
0.01631
0.01068
0.01106
0.0164
0.01459
0.009727
0.02146
0.01717
0.01564
0.01354
0.01183
0.01097
0.0124
0.0123
0.01736
0.02069
0.02432
0.02289
0.02594
0.01888
0.02956
0.02804
0.03729
0.02232
0.02079
0.02451
0.02375
0.02584
0.02031
0.02031
0.02251
0.01783
0.02432
0.01955
0.01631
0.02012
0.01554
0.01869
0.02031
0.02422
0.02193
0.02985
0.01612
0.02146
0.02146
0.02127
0.01993
0.02642
0.03147
0.03176
0.0391
0.04711
0.04568
0.05569
0.03624
0.05312
0.05484
0.06037
0.05016
0.04854
0.03548
0.0329
0.03958
0.0392
0.03853
0.05703
0.03643
0.04015
0.03386
0.03071
0.02756
0.02441
0.02518
0.02155
0.02213
0.02565
0.02747
0.02012
0.02308
0.02089
0.02155
0.03443
0.02432
0.02127
0.05589
0.03271
0.0351
0.02241
0.01793
0.01402
0.01812
0.02098
0.02041
0.01221
0.01469
0.01354
0.01898
0.01936
0.02413
0.01583
0.01926
0.01984
0.02022
0.0205
0.0226
0.01945
0.02174
0.01669
0.01755
0.01545
0.03242
0.02928
0.05178
0.04206
0.01936
0.06227
0.04282
0.02155
0.02594
0.0246
0.03424
0.02365
0.02909
0.02413
0.0288
0.01497
0.01736
0.02432
0.01755
0.03214
0.03672
0.02308
0.01497
0.03195
0.0309
0.03786
0.01469
0.008774
0.03347
0.03872
0.01965
0.03862
0.03414
0.02422
0.02699
0.02794
0.03805
0.02365
0.02756
0.02146
0.02794
0.04158
0.03357
0.04692
0.03977
0.03614
0.035
0.02546
0.02661
0.01926
0.02966
0.0185
0.02136
0.01364
0.01564
0.01459
0.01602
0.01316
0.02174
0.01326
0.01554
0.02031
0.02165
0.02127
0.02136
0.01926
0.02165
0.02069
0.02108
0.02232
0.01831
0.01488
0.01278
0.01335
0.01192
0.0103
0.00639
0.01268
0.01411
0.01316
0.009537
0.01507
0.01488
0.006294
0.01059
0.01793
0.02375
0.01612
0.01326
0.01745
0.01698
0.01163
0.009727
0.01268
0.01326
0.01459
0.01726
0.01507
0.01383
0.01554
0.01087
0.009918
0.01516
0.01307
0.009441
0.009441
0.0103
0.01154
0.01497
0.02193
0.02098
0.01612
0.01822
0.01793
0.01898
0.02851
0.0267
0.02174
0.01574
0.01802
0.02155
0.01936
0.03109
0.02365
0.01936
0.0227
0.02308
0.02861
0.02813
0.02909
0.02384
0.02184
0.02308
0.02413
0.02403
0.02489
0.02985
0.02632
0.01869
0.02432
0.02937
0.03214
0.01812
0.03529
0.03672
0.0351
0.02432
0.02565
0.02079
0.01717
0.01793
0.01659
0.01678
0.01488
0.01507
0.01812
0.02575
0.03071
0.02403
0.03185
0.01926
0.01411
0.035
0.02499
0.01841
0.01392
0.01564
0.008011
0.01087
0.01402
0.0144
0.0104
0.008678
0.01068
0.009537
0.007248
0.01163
0.006962
0.006485
0.006008
0.01106
0.00906
0.01001
0.008869
0.009632
0.01535
0.01812
0.008774
0.01507
0.009441
0.01135
0.01354
0.01431
0.01469
0.01526
0.01841
0.01478
0.01297
0.02003
