17.29
17.82
17.04
12.6
11.87
16.5
14.21
13.01
15.72
14.4
13.6
12.72
16.31
4.352
0.1537
0.05074
0.02604
0.0247
0.02604
0.0247
0.02861
0.0247
6.207
14.5
13.72
12.99
16.48
17.21
17.7
18.68
12.06
14.26
13.23
3.333
2.731
21.61
18.99
17.48
18.73
17.55
18.09
17.77
16.33
15.94
15.94
17.6
19.97
23.17
18.26
17.36
18.04
17.8
14.7
12.89
15.43
15.26
16.02
16.48
18.26
13.26
14.99
10.35
17.65
20.09
17.46
17.53
16.85
18.31
17.14
17.19
18.14
17.43
18.43
18.24
20.95
14.53
14.58
15.94
19.78
20.78
16.19
13.55
13.79
14.53
13.31
12.22
14.7
17.7
16.26
17.48
17.94
24.22
31.4
25.98
23.22
22.29
18.19
5.859
0.1602
7.019
14.48
21.22
23.12
24.58
25.39
23.07
24.17
21.92
24.15
19.43
9.509
22.78
29.44
28.61
27.39
26.95
23.54
24.51
26.22
15.97
17.19
21.12
22.41
25.88
12.6
15.82
16.14
13.33
13.6
13.28
15.21
13.33
13.21
12.27
2.759
25.63
27.83
27.78
27.54
27.0
22.78
24.41
25.78
17.9
18.36
20.87
17.87
27.29
14.65
18.31
16.33
21.51
27.73
22.63
7.104
16.21
14.23
15.33
17.38
18.82
20.39
21.0
22.61
21.31
24.41
23.24
23.95
24.19
16.75
16.89
14.5
17.77
23.46
23.1
18.82
15.16
22.44
19.97
18.09
15.62
15.55
15.53
17.94
15.8
0.7126
0.3738
0.03519
0.02346
0.02737
0.0247
0.02604
8.789
10.11
11.67
12.22
13.43
13.21
13.75
13.89
14.33
9.961
13.99
11.71
17.16
13.77
7.227
0.1745
0.06123
0.02737
0.0247
0.02737
0.0247
0.02737
0.02346
0.02737
3.729
14.43
10.3
15.16
11.49
12.49
12.94
18.8
18.41
17.92
14.99
12.23
14.36
14.53
5.884
0.168
0.05856
0.02737
0.0247
0.02737
0.02346
0.02737
0.0247
0.02861
2.826
14.01
11.36
13.23
9.216
15.31
17.24
15.7
16.24
16.97
13.09
15.06
15.26
16.26
18.09
16.31
0.8102
0.4532
0.03643
0.02861
0.02604
0.02737
0.02604
0.02861
0.0247
10.47
14.67
14.53
15.48
16.6
16.8
11.32
15.11
16.97
18.09
16.8
15.14
12.38
8.984
0.2968
0.08459
0.02737
0.0247
0.02861
0.0247
0.02604
0.02346
0.02737
6.458
9.973
13.06
5.542
11.56
11.25
10.74
12.6
12.57
11.0
15.31
18.33
26.86
29.2
7.166
0.6233
0.1341
0.02737
0.02604
0.02861
0.02604
0.02737
0.02346
0.02604
0.02604
0.02604
10.79
0.1354
10.75
11.45
0.4517
0.1106
0.02995
0.02737
0.02346
0.02604
0.02346
0.02737
0.02346
0.02861
0.0247
0.02737
0.02346
0.02604
0.0247
0.02604
0.02346
0.02604
0.02346
0.02604
0.02604
0.02861
0.02346
0.02861
0.02346
0.02737
0.02346
0.02737
0.02346
0.02737
0.0247
0.02737
0.02604
0.02737
0.02604
0.02737
0.0247
0.02737
0.02604
0.02737
0.0247
0.02737
0.7607
11.01
12.08
9.155
11.33
17.97
22.09
26.51
32.37
31.64
30.71
29.83
29.3
29.2
29.64
28.42
26.12
25.59
25.44
25.29
24.71
24.73
23.78
22.34
23.78
25.44
25.15
19.85
16.48
18.33
21.36
21.85
22.46
20.34
22.31
21.9
21.68
24.37
23.95
12.26
18.41
23.34
28.03
34.23
30.62
28.86
30.91
30.62
28.27
27.69
32.67
34.03
35.45
34.18
32.52
31.93
31.3
28.42
28.47
27.15
16.7
20.97
22.44
21.26
21.19
19.07
18.95
21.04
21.48
19.82
20.07
26.37
6.006
27.49
30.86
29.54
29.05
29.25
27.69
27.15
27.54
27.15
28.47
33.3
30.18
28.56
32.37
32.32
29.64
26.37
25.68
28.86
32.86
21.78
17.04
24.44
29.2
28.56
28.96
29.05
26.32
24.71
22.58
18.8
28.12
34.38
33.2
32.08
31.69
30.47
27.44
25.15
23.97
24.54
24.68
28.91
30.13
30.27
33.84
32.57
30.66
31.3
30.37
31.74
19.78
30.71
28.32
26.46
25.15
23.66
26.61
24.56
23.32
23.75
11.84
17.87
32.91
31.1
31.74
29.39
27.54
25.2
30.37
29.39
28.32
29.79
35.01
33.3
30.03
28.22
27.44
33.01
29.64
27.0
28.61
23.56
23.22
24.9
25.29
24.88
24.22
22.9
22.58
21.39
21.12
20.8
22.51
12.33
21.46
24.44
29.69
28.27
26.42
25.98
26.12
26.17
25.05
24.61
23.78
22.71
21.58
19.02
17.7
18.87
17.53
18.12
17.41
16.72
16.99
18.9
20.63
21.04
19.31
27.15
35.84
16.7
34.08
38.38
39.99
33.01
28.17
31.88
28.56
18.38
34.13
32.47
31.05
21.66
3.51
27.54
33.35
36.23
33.35
35.69
15.06
35.35
32.52
30.47
19.46
26.22
36.08
33.98
32.62
36.77
34.47
35.79
37.01
35.25
36.18
37.11
35.06
32.47
32.23
34.13
32.13
35.4
32.91
23.19
32.03
38.38
39.06
37.11
28.47
31.69
31.4
8.557
23.78
33.15
31.64
26.71
34.91
35.45
38.53
38.23
38.92
37.06
36.28
37.4
36.47
32.08
30.32
27.54
24.98
22.71
22.31
20.41
17.48
22.61
26.37
24.88
24.66
25.05
23.1
23.73
23.61
25.34
17.68
16.55
20.34
20.24
20.43
19.97
21.0
20.0
19.97
20.07
20.24
21.44
21.75
21.7
20.12
27.34
40.92
40.67
40.77
40.92
40.43
38.13
40.04
26.07
35.99
39.65
38.87
34.13
33.15
30.52
26.37
11.96
18.29
15.7
16.31
15.94
15.87
16.36
16.63
15.6
16.41
18.58
16.97
16.06
16.04
17.92
19.8
20.83
21.39
23.49
37.06
33.98
32.13
31.01
29.25
28.22
26.03
23.02
24.12
27.29
28.17
33.54
28.96
26.42
26.95
23.68
19.04
26.86
29.39
16.72
21.19
15.72
18.04
14.7
16.6
13.72
17.09
16.75
22.46
21.78
21.7
27.98
33.74
24.02
26.81
30.96
30.22
21.14
18.95
18.48
20.46
38.48
35.89
34.86
36.33
35.11
33.35
33.45
29.98
26.56
26.71
28.27
28.32
28.17
30.32
29.25
29.15
25.73
32.32
35.69
22.78
39.55
34.86
36.77
32.76
32.71
30.22
27.73
19.58
16.72
20.26
16.8
21.61
28.27
18.99
19.02
19.07
31.1
33.45
32.03
33.11
32.47
31.59
30.62
30.32
31.54
27.1
21.51
19.53
18.53
17.41
17.36
17.99
19.21
19.31
27.25
31.69
31.49
30.47
22.53
26.27
32.03
29.1
30.62
25.29
21.31
19.41
18.26
18.24
19.63
14.77
16.19
15.43
15.26
18.46
18.82
16.63
19.75
24.63
25.83
6.909
0.6638
0.1667
0.02604
0.02346
0.02861
0.02346
0.02861
0.02604
0.02861
0.02346
0.02861
0.02346
0.02861
0.02346
0.02604
0.02604
0.02604
0.02604
0.02861
0.02346
0.02604
0.02604
10.64
10.86
17.16
14.55
15.45
16.19
16.53
17.5
