27.49
28.12
15.58
0.9369
8.582
25.2
24.54
22.22
14.11
16.8
14.43
15.38
22.92
24.22
24.07
4.315
0.5966
0.1354
0.02861
7.935
11.99
11.71
26.27
25.15
19.17
14.11
13.13
12.39
17.11
25.88
27.78
11.84
14.5
13.18
15.48
15.82
14.82
19.7
25.68
19.51
11.6
26.71
29.0
27.88
24.98
23.19
21.8
29.54
32.67
24.76
13.11
10.19
16.19
21.85
27.69
29.15
25.93
28.86
26.42
24.66
26.56
16.19
15.45
17.82
18.36
25.44
29.74
28.96
27.05
21.63
24.58
26.37
17.16
19.82
28.47
18.46
23.46
26.76
19.26
14.65
15.11
25.49
26.71
16.97
14.82
17.19
17.11
16.97
18.73
18.65
13.33
26.12
28.17
24.54
23.73
29.79
23.29
22.19
20.53
17.19
13.16
17.65
27.98
30.27
28.81
27.39
23.66
15.11
20.83
20.8
15.58
16.46
27.25
30.27
28.27
28.61
25.34
24.78
28.27
16.38
17.48
17.72
16.02
19.31
18.51
20.14
13.21
17.16
5.09
13.99
15.14
13.6
13.7
15.87
17.72
17.97
22.85
22.58
7.703
22.07
28.42
26.9
28.27
27.54
27.0
26.61
27.2
17.68
16.24
16.85
21.73
23.63
25.24
13.57
21.26
27.59
26.81
8.459
26.81
24.58
21.04
20.02
26.03
28.61
24.56
30.03
24.9
13.75
15.16
13.82
16.41
15.97
18.31
24.51
25.68
14.87
19.31
15.5
13.57
16.24
18.63
16.72
0.2186
0.1249
0.03128
0.02079
0.03128
0.02079
0.03128
8.081
16.14
17.46
15.14
0.7553
11.15
13.92
12.12
16.21
15.58
13.75
12.15
15.14
16.14
13.82
15.5
14.87
0.2449
0.1303
0.02604
0.02604
0.03128
0.02604
0.02604
13.13
25.68
27.0
16.24
16.33
12.77
15.33
12.5
12.33
13.84
8.936
14.4
13.65
13.45
14.26
17.09
15.7
18.02
21.26
4.028
0.708
0.1354
0.02604
0.03128
6.287
14.23
13.72
13.38
14.48
16.58
18.43
17.82
16.8
12.04
13.87
14.77
25.15
25.63
21.9
14.33
6.482
0.1875
0.05207
0.03128
0.02079
0.03128
0.02604
0.03128
13.38
11.94
12.0
15.6
17.14
18.43
21.14
13.5
13.53
14.48
12.74
14.01
15.38
14.99
19.56
18.82
3.766
0.5936
0.1093
0.03128
0.02604
0.02604
0.02604
0.03128
10.44
12.74
13.82
14.5
14.87
15.06
17.21
17.26
12.62
14.58
15.41
15.65
16.02
15.28
15.19
11.79
3.528
0.1823
0.03643
0.03128
0.02079
0.03128
0.02604
0.03128
0.3231
12.38
16.92
22.75
20.43
17.94
13.13
10.79
13.35
12.65
13.57
12.35
13.62
13.4
12.67
14.11
12.55
0.2136
0.1093
0.03128
0.02604
0.02604
0.02604
0.02604
0.02604
7.703
12.7
14.31
16.38
15.06
15.26
15.31
15.65
12.87
15.28
21.83
26.17
17.21
14.55
16.5
18.95
24.19
7.141
0.7187
0.1667
0.03128
0.02079
0.03128
5.634
14.14
13.38
17.43
13.53
15.92
17.09
19.51
19.65
13.28
14.45
13.45
7.739
14.79
11.9
13.28
15.97
13.7
9.558
23.34
26.27
26.07
27.93
25.73
24.66
27.44
25.34
23.93
26.12
28.71
27.39
27.73
26.07
22.97
23.51
27.34
27.29
27.49
26.9
25.0
23.24
22.66
24.85
15.41
16.97
24.63
23.93
22.46
22.24
24.56
19.19
22.09
22.66
18.95
17.87
9.802
11.16
27.2
27.2
24.9
23.29
26.37
27.0
27.73
26.32
24.0
22.53
21.0
24.24
27.44
22.78
19.56
23.36
25.24
25.0
22.14
26.71
26.81
26.03
25.54
31.69
18.99
24.44
24.58
22.68
22.78
23.51
22.78
19.92
21.46
25.93
27.83
16.06
13.04
25.39
24.9
27.1
31.01
29.79
28.32
26.66
25.0
27.05
28.91
27.2
27.25
27.98
28.27
28.22
28.81
27.69
27.54
29.25
26.71
28.12
26.46
16.67
18.75
24.51
22.07
26.42
22.17
23.73
22.41
20.12
22.75
22.88
19.07
1.323
3.21
29.1
25.83
24.22
27.69
27.98
28.32
26.66
26.61
29.54
29.69
27.59
25.59
27.0
26.95
25.05
23.54
26.61
25.54
27.34
30.52
29.35
27.34
18.73
9.497
18.12
29.54
27.44
26.42
23.73
25.05
24.02
22.63
19.41
20.19
6.14
22.71
30.76
29.3
27.15
26.86
25.98
25.05
23.41
23.36
23.27
20.7
19.7
17.5
16.89
17.24
17.11
18.99
18.53
19.26
19.21
17.63
16.26
16.89
17.87
18.41
18.75
17.7
16.6
16.65
16.26
13.04
17.11
17.19
20.02
21.92
20.36
20.8
21.14
17.97
16.63
19.53
31.2
27.69
3.143
39.65
38.87
31.69
33.25
33.15
18.82
38.87
39.55
29.1
27.29
28.37
13.26
19.9
22.71
23.78
19.26
38.09
19.53
38.33
32.13
32.71
22.58
32.71
38.28
28.03
31.01
32.81
31.98
14.28
26.51
37.26
36.04
37.7
38.87
38.77
39.16
39.84
38.77
37.26
36.77
37.94
37.21
37.45
38.77
39.75
39.01
16.53
26.66
26.03
24.19
24.58
26.81
25.44
24.54
31.84
30.62
7.922
32.28
40.23
39.65
39.84
40.23
40.58
39.94
40.43
40.72
39.55
39.11
38.43
40.67
40.09
39.7
32.08
14.62
37.21
41.85
41.46
35.79
28.91
27.34
26.03
4.272
27.69
40.09
40.19
39.65
38.53
38.13
36.43
35.5
36.77
37.74
39.45
39.21
39.36
38.48
37.99
38.77
29.49
29.93
36.08
35.79
35.06
32.67
23.58
23.22
24.71
20.19
3.473
22.71
18.63
16.5
16.16
17.04
19.43
19.65
38.23
40.92
41.16
37.79
39.45
40.23
39.99
39.5
38.18
36.77
37.35
35.06
30.81
16.36
20.63
20.56
21.83
23.58
22.17
20.14
19.95
22.92
29.25
27.15
19.97
20.7
19.04
27.73
19.65
18.97
26.22
33.64
31.93
32.67
33.4
32.62
32.28
33.06
33.06
31.59
32.32
32.32
30.18
28.17
27.88
27.78
27.93
27.44
28.17
29.35
14.65
23.85
25.59
25.63
24.78
23.14
23.97
21.7
22.22
22.63
21.88
15.77
13.92
14.01
14.48
12.27
17.55
14.43
15.04
15.38
16.04
18.6
22.44
15.45
13.94
12.96
19.9
19.8
19.43
20.24
18.92
18.8
18.16
17.87
16.65
15.53
15.62
15.33
15.36
15.31
15.8
15.6
15.53
15.33
15.19
15.28
15.43
15.45
15.72
15.75
15.67
15.33
15.33
15.36
15.38
15.33
15.65
15.41
15.58
16.02
15.43
15.6
15.36
15.26
13.43
18.09
18.07
16.99
16.53
18.68
16.09
18.38
19.02
15.94
15.82
16.02
17.02
18.99
19.51
3.116
0.1093
0.04168
0.02604
0.02604
0.03128
0.02604
0.02604
0.02604
0.03128
0.02604
0.03128
0.02604
0.02604
0.02604
11.0
15.06
14.7
15.5
12.99
15.65
16.14
14.89
13.84
15.09
