0.0
0.3574
0.2674
0.3944
0.5989
0.7477
0.7774
0.6027
0.6065
0.6264
0.6332
0.6096
0.576
0.6729
0.5775
0.6676
0.5844
0.5775
0.6882
0.7713
0.721
0.6012
0.7149
0.6073
0.6287
0.6248
0.6264
0.6142
0.676
0.6187
0.5783
0.6699
0.7713
0.666
0.5768
0.6477
0.7301
0.6363
0.5768
0.6332
0.621
0.7141
0.6546
0.5768
0.5768
0.6401
0.708
0.6042
0.6729
0.679
0.6264
0.621
0.6271
0.6142
0.6332
0.5966
0.8408
0.6149
0.5905
0.8041
0.7935
0.7706
0.75
0.7042
0.7996
0.7706
0.6866
0.7072
0.6844
0.6477
0.6836
0.6233
0.6554
0.6363
0.6508
0.7027
0.7355
0.7324
0.5966
0.737
0.6187
0.5791
0.6149
0.6683
0.5768
0.7065
0.6073
0.6485
0.6767
0.5989
0.7141
0.7095
0.676
0.7103
0.6004
0.6454
0.6554
0.6622
0.8026
0.9048
0.7889
0.7118
0.6989
0.6454
0.7492
0.6851
0.7126
0.8804
0.8408
0.9293
0.7683
0.769
0.7713
0.7233
0.7332
0.8469
0.7713
0.7706
0.65
0.6691
0.6783
0.7652
0.8041
0.7812
0.6935
0.7698
0.7713
0.8286
0.9262
0.7874
0.7736
0.9079
0.7729
0.6866
0.5936
0.7637
0.7523
0.8377
0.7698
0.7706
0.7706
0.7599
0.5852
0.5936
0.618
0.6546
0.5783
0.5898
0.5951
0.7225
0.753
0.8575
0.8072
0.769
0.7797
0.7729
0.7812
0.8255
0.7706
0.7706
0.7858
0.8713
0.7706
0.7706
0.6729
0.7721
0.7721
0.7713
0.7561
0.7423
0.6546
0.6416
0.6966
0.695
0.6126
0.7271
0.6691
0.7713
0.7858
0.7713
0.6844
0.7645
0.7706
0.7332
0.618
0.7378
0.7706
0.7698
0.753
0.7423
0.7576
0.7584
0.7454
0.7652
0.6721
0.7233
0.7446
0.6599
0.7477
0.6142
0.6317
0.695
0.589
0.5836
0.7195
0.7553
0.5966
0.4608
0.5791
0.576
0.5753
0.5753
0.576
0.5753
0.5875
0.6355
0.6416
0.7538
0.5753
0.6142
0.7301
0.6493
0.5928
0.5775
0.589
0.7416
0.7378
0.7027
0.6149
0.6859
0.7698
0.7698
0.737
0.7629
0.6058
0.621
0.7454
0.5783
0.5783
0.6348
0.5783
0.5775
0.6577
0.7706
0.6767
0.5943
0.6271
0.6287
0.6569
0.5898
0.5783
0.6172
0.631
0.621
0.602
0.6027
0.6378
0.7263
0.6851
0.7111
0.7286
0.75
0.6744
0.5898
0.7019
0.7713
0.7843
0.7713
0.7416
0.6699
0.6721
0.6996
0.6325
0.6409
0.798
0.7706
0.724
0.7599
0.7401
0.6805
0.6035
0.7133
0.6981
0.6989
0.7698
0.7698
0.6706
0.7378
0.7675
0.7675
0.7675
0.0
0.0
