0.0
0.5684
0.9521
3.253
18.77
12.94
18.33
17.21
15.97
15.6
17.58
17.8
12.34
15.09
18.09
18.07
19.58
18.14
17.75
17.94
17.5
17.58
17.24
15.48
18.09
18.8
18.6
17.68
19.68
18.04
19.75
19.24
19.17
18.46
18.63
19.36
18.7
16.31
16.85
16.38
17.65
18.7
19.38
18.82
18.85
18.21
17.41
18.24
16.58
18.36
18.9
17.48
16.65
18.9
18.87
16.06
16.24
17.26
19.21
18.87
19.04
18.21
18.48
17.11
18.97
18.65
18.58
18.38
15.7
17.72
15.01
16.43
17.75
19.02
13.72
15.31
17.55
19.19
18.99
18.75
17.07
14.5
18.43
18.63
16.58
14.97
16.92
14.01
16.48
16.92
16.02
15.41
17.38
16.31
14.94
16.19
13.65
16.43
18.24
17.14
15.87
17.07
17.36
16.99
17.14
12.7
16.02
17.99
17.41
16.24
17.68
16.99
15.82
17.58
18.48
15.36
17.85
14.11
16.21
14.4
14.43
16.97
17.97
16.02
13.79
16.82
17.85
14.82
15.01
16.89
15.31
17.8
14.11
17.72
14.21
13.01
17.72
15.31
13.55
16.31
17.7
16.11
15.65
13.99
16.87
17.29
17.9
14.06
15.41
13.26
16.8
14.79
17.02
14.26
14.65
14.36
16.19
15.26
11.99
16.24
14.62
16.89
16.72
17.24
15.94
13.18
16.53
15.75
17.99
17.68
16.55
14.11
14.09
16.09
18.77
16.11
14.43
17.75
16.75
18.19
14.55
16.41
16.33
