28.03
27.83
27.93
28.08
27.93
27.83
27.88
27.73
27.83
27.93
27.98
27.93
27.88
28.47
27.83
28.37
27.73
28.22
28.17
27.64
27.69
27.69
27.69
27.83
27.83
28.56
28.52
28.17
27.93
27.78
27.83
27.78
27.69
27.98
27.88
27.93
28.56
27.83
28.03
27.54
27.98
27.54
27.73
27.83
27.64
27.49
27.83
27.93
26.81
26.17
25.78
25.63
24.83
24.0
23.51
22.53
22.17
22.09
23.02
22.61
23.29
23.14
22.61
21.9
21.46
20.97
21.0
20.41
19.73
18.73
19.24
18.95
14.31
14.92
16.87
17.26
17.63
15.97
15.04
13.6
12.67
12.48
13.5
13.13
13.72
14.18
13.28
12.55
11.05
10.27
9.912
9.875
9.155
9.851
9.778
9.521
9.888
9.778
10.01
9.741
9.741
8.74
9.204
9.46
10.72
10.83
10.05
9.119
8.093
9.131
9.106
8.582
8.484
7.593
8.936
9.839
10.29
10.67
10.73
9.229
9.595
10.38
9.045
7.275
10.25
10.57
10.22
9.875
9.607
8.057
9.607
9.814
9.888
8.96
8.85
9.155
9.375
9.729
10.02
10.42
9.46
10.44
10.74
10.64
11.44
12.07
9.631
12.07
11.98
11.89
12.38
11.69
12.11
12.67
12.84
12.79
13.75
13.48
14.6
14.67
15.09
15.21
15.19
15.38
16.02
15.38
16.11
15.97
15.94
15.99
16.8
17.41
18.02
21.61
22.39
23.07
23.19
23.63
21.85
23.58
23.73
25.44
27.1
27.98
27.88
28.47
28.66
28.81
28.52
28.61
28.27
28.42
28.22
28.17
28.47
28.27
28.42
28.03
28.03
27.88
27.98
27.49
27.44
27.39
27.98
27.93
28.08
28.32
28.81
28.81
28.86
28.91
28.81
29.15
29.0
28.76
28.81
28.86
28.61
28.61
28.86
28.91
28.76
28.66
29.0
28.71
28.42
29.15
28.71
29.2
28.42
28.17
28.27
28.96
28.17
27.98
27.83
27.93
27.93
27.44
27.64
27.64
27.59
27.73
27.78
27.64
28.37
27.93
27.88
27.93
27.93
27.78
27.83
27.93
28.03
28.17
28.08
28.08
27.88
28.27
28.12
28.32
27.93
27.98
27.88
28.66
28.61
28.27
27.98
28.22
28.22
28.22
28.47
28.71
28.32
28.37
28.37
28.42
28.17
28.37
28.66
28.91
28.03
28.27
28.22
28.22
28.81
28.96
28.22
28.52
28.91
28.81
28.91
28.52
29.1
29.0
29.0
28.56
29.3
28.32
28.27
28.66
28.37
28.56
28.37
28.42
27.98
28.81
28.37
28.47
28.91
28.52
28.32
29.15
29.35
28.17
28.17
28.32
28.17
28.03
28.42
28.47
28.08
28.32
28.52
28.03
27.1
27.73
27.39
27.1
27.73
26.17
26.46
26.27
25.93
25.29
25.34
24.9
24.51
24.05
23.22
23.02
22.73
21.75
21.61
20.29
19.63
18.6
18.31
17.43
15.5
14.31
14.21
13.82
13.5
13.26
13.21
12.7
12.84
12.52
11.54
11.45
11.43
12.16
12.4
12.41
10.79
10.57
10.63
10.52
10.53
9.863
9.045
8.826
10.21
10.89
10.84
10.89
11.17
11.28
6.604
8.679
8.594
8.289
8.362
8.203
8.215
8.337
9.326
10.6
10.57
10.44
10.11
10.42
10.74
10.84
10.6
9.497
9.668
11.02
11.43
11.55
10.79
9.253
9.607
11.18
11.21
11.52
11.69
11.4
10.01
11.79
11.44
11.12
12.77
11.07
13.28
12.57
10.56
10.44
12.99
13.92
14.7
13.92
15.65
16.36
16.41
17.46
18.55
18.04
19.04
19.26
17.99
17.14
18.75
20.61
22.24
23.14
25.98
26.17
27.44
27.83
27.78
27.78
28.12
27.83
27.54
27.93
27.64
28.08
28.17
27.98
27.83
27.64
27.39
28.27
28.08
27.39
27.0
27.0
27.44
27.83
27.34
27.73
27.44
27.59
27.93
27.59
27.93
29.1
28.37
28.47
28.27
28.08
27.98
28.22
28.03
28.08
28.27
28.22
28.61
28.56
28.08
28.56
28.32
28.32
28.27
28.17
28.08
28.08
28.17
27.59
28.47
27.83
28.32
27.98
27.83
28.08
27.78
27.88
27.88
27.69
28.12
27.83
27.64
28.03
27.78
28.08
28.03
28.08
28.03
28.17
28.12
28.27
28.27
28.03
28.37
28.61
29.25
28.76
28.96
28.52
28.27
28.37
28.17
28.27
27.83
29.3
28.66
28.96
29.2
29.0
28.47
28.91
28.56
28.76
28.42
28.27
28.27
28.52
28.32
28.17
28.32
29.0
28.27
27.98
28.86
29.35
29.15
28.81
28.96
28.27
28.22
28.17
28.27
28.37
28.27
28.22
28.32
28.32
28.66
29.1
29.1
29.39
29.44
29.79
29.44
28.81
28.66
29.05
28.81
28.71
28.08
28.17
28.56
28.03
28.12
28.47
28.91
29.0
29.44
29.3
29.15
28.71
28.17
28.17
28.47
28.61
28.52
28.66
28.32
28.12
27.98
27.73
27.44
27.34
26.81
26.22
25.78
25.63
25.63
24.85
24.12
23.46
22.78
22.0
21.24
20.95
20.58
19.29
18.6
17.94
17.29
16.65
16.41
16.16
17.19
15.23
16.77
16.02
15.5
14.79
13.13
12.7
13.21
12.84
12.79
12.5
12.01
11.93
11.29
11.65
10.11
10.9
11.39
11.05
10.68
10.28
10.33
10.88
10.25
10.66
10.23
9.827
9.46
8.777
8.508
7.129
7.336
9.998
9.607
10.03
8.838
8.057
9.058
9.216
8.704
8.765
8.142
7.959
8.179
8.032
8.582
7.825
7.568
8.167
8.801
8.972
9.192
9.644
9.387
9.924
10.01
9.497
10.27
10.06
9.497
9.9
9.998
8.777
8.655
8.606
8.655
9.009
11.25
10.99
10.58
11.34
12.11
12.79
13.79
13.84
13.75
13.57
13.38
13.18
13.31
14.62
14.94
14.67
11.82
16.6
16.31
16.43
16.8
16.43
17.29
18.36
19.21
19.43
20.29
21.29
22.27
23.02
22.61
23.32
25.2
26.95
27.44
28.12
28.27
27.98
28.12
28.47
28.12
28.22
28.03
28.08
28.32
28.56
28.17
28.17
28.27
28.22
28.56
28.42
28.47
28.56
28.37
28.96
28.66
27.88
28.81
28.32
28.27
28.42
28.37
28.32
28.37
28.56
28.37
28.32
28.12
28.27
28.37
28.17
28.37
28.22
28.37
28.12
28.17
28.12
27.64
28.91
29.44
29.54
29.25
28.76
28.86
28.32
28.03
28.22
28.22
28.52
28.86
28.76
28.47
28.56
28.17
28.56
29.3
28.96
28.32
28.91
28.76
28.32
28.37
28.47
28.61
