5.829
5.829
5.829
5.829
5.829
5.829
5.829
5.829
5.829
5.829
5.829
5.829
5.829
5.829
5.829
5.829
5.829
5.829
5.829
5.829
5.829
5.829
5.829
5.829
5.829
5.829
5.829
5.829
5.829
5.829
5.829
5.829
5.829
7.019
13.48
16.53
17.31
17.72
17.41
14.48
11.93
9.094
15.09
16.72
17.43
17.99
15.55
13.18
9.607
8.325
9.534
19.9
16.82
8.997
8.545
15.14
16.92
17.65
17.7
14.55
12.1
8.35
11.82
15.99
16.92
17.5
17.92
16.8
13.89
10.96
11.06
20.68
15.31
9.937
19.82
19.9
10.77
15.01
16.26
17.16
17.77
17.6
14.99
12.67
9.399
8.496
12.4
16.33
17.24
17.8
16.46
13.13
10.68
8.594
8.704
17.48
20.31
12.52
17.46
20.83
20.02
12.74
9.155
9.033
8.96
8.63
8.728
8.923
8.875
8.838
13.89
20.43
17.65
10.53
15.38
16.72
17.58
17.43
14.72
12.57
9.07
9.058
8.728
12.48
20.46
20.78
14.23
9.949
10.12
19.34
18.73
9.192
9.094
10.08
8.264
8.496
14.18
16.06
16.77
17.33
17.55
17.99
16.02
12.84
9.265
13.65
15.89
16.63
17.16
17.48
17.63
17.82
18.12
17.33
14.99
13.18
10.44
8.35
9.875
15.11
16.28
16.77
17.21
17.48
17.63
17.85
17.99
15.6
13.94
11.52
11.23
8.875
6.036
5.994
5.829
5.829
5.829
5.829
5.829
5.829
5.829
5.829
5.829
5.829
5.829
5.829
5.829
5.829
5.829
5.829
5.829
5.829
5.829
5.829
5.829
5.829
5.829
5.829
5.829
5.829
5.829
5.829
5.829
5.829
5.829
5.829
5.829
5.829
5.829
5.829
5.829
5.829
5.829
5.829
5.829
5.829
5.829
5.829
5.829
5.829
5.829
5.829
5.829
5.829
5.829
5.829
5.829
5.829
5.829
5.829
5.829
5.829
5.829
5.829
5.829
5.829
5.829
5.829
5.829
5.829
5.829
5.829
5.829
5.829
5.829
5.829
5.829
5.829
5.829
5.829
5.829
5.829
5.829
5.829
5.829
5.829
5.829
5.829
5.829
5.829
5.829
5.829
5.829
5.829
5.829
5.829
5.829
5.829
5.829
5.829
5.829
5.829
5.829
5.829
5.829
5.829
5.829
5.829
5.829
5.829
5.829
5.829
5.829
5.829
5.829
5.829
5.829
5.829
5.829
5.829
5.829
5.829
5.829
5.829
5.829
5.829
5.829
5.829
5.829
5.829
5.829
5.829
5.829
5.829
5.829
5.829
5.829
5.829
5.829
5.829
5.829
5.829
5.829
5.829
5.829
5.829
5.829
5.829
5.829
5.829
5.829
5.829
5.829
5.829
5.829
5.829
5.829
5.829
5.829
5.829
5.829
5.829
5.829
5.829
5.829
5.829
5.829
5.829
5.829
5.829
5.829
5.829
5.829
5.829
5.829
5.829
5.829
5.829
5.829
5.829
5.829
5.829
5.829
5.829
5.829
5.829
5.829
5.829
5.829
5.829
5.829
5.829
5.829
5.981
10.28
16.19
17.21
17.72
17.97
18.31
18.6
18.63
18.77
18.85
19.02
19.09
19.17
19.31
19.43
19.56
19.6
19.8
20.04
19.07
19.38
20.87
20.78
20.31
18.99
17.41
17.43
11.52
12.24
16.09
16.7
13.89
13.11
9.827
16.21
17.38
17.87
18.19
18.51
18.73
18.87
19.07
19.17
19.36
19.48
19.53
19.65
19.82
20.04
20.12
18.19
20.46
20.85
20.83
19.73
17.63
17.6
11.55
11.89
16.28
17.16
17.68
17.94
18.33
18.58
18.73
18.82
18.97
19.12
19.17
19.24
19.36
19.36
19.53
19.56
19.56
19.73
19.75
19.95
20.09
20.12
18.85
18.92
20.8
20.04
19.85
18.33
16.48
15.87
10.73
13.53
16.21
16.82
17.36
17.77
17.9
18.02
18.33
18.63
18.75
18.87
18.95
18.95
19.14
19.14
19.17
19.31
19.31
19.38
19.53
19.56
19.56
19.56
19.56
19.73
19.95
20.12
19.26
18.53
19.87
20.85
20.39
20.0
19.56
19.24
13.82
10.85
16.53
17.58
18.07
18.55
18.77
18.97
19.04
19.17
19.36
19.43
19.56
19.58
19.75
19.8
20.04
20.12
18.14
19.26
20.09
20.48
20.85
20.48
19.92
19.26
17.75
17.6
17.55
9.521
15.31
17.07
17.87
18.33
18.75
18.92
18.99
19.17
19.34
19.41
19.56
19.68
19.75
19.75
19.82
19.95
20.02
20.12
19.02
18.7
20.12
20.83
20.43
19.6
17.63
17.43
16.97
8.252
8.948
15.77
17.24
17.92
18.46
18.73
18.92
18.97
19.17
19.36
19.36
19.56
19.56
19.58
19.75
19.82
19.95
19.95
20.09
20.14
20.14
18.51
18.99
19.95
20.87
20.87
20.43
19.9
19.75
18.9
17.43
17.43
17.43
12.89
13.16
15.87
16.58
13.55
12.62
11.87
13.53
19.19
19.65
16.14
10.69
16.31
16.21
13.11
11.72
16.04
19.85
15.5
11.78
16.48
14.09
12.94
9.583
14.11
16.11
16.89
16.14
13.65
9.656
13.99
16.94
17.77
18.14
18.65
18.9
19.12
19.21
19.36
19.36
19.53
19.56
19.65
19.75
19.85
19.92
20.12
20.12
18.29
19.43
20.7
20.85
20.85
20.58
18.21
16.7
14.89
11.78
15.77
16.63
17.14
17.53
17.87
17.99
18.14
18.38
18.6
18.77
18.92
19.17
19.26
19.36
19.53
19.58
19.75
19.85
20.04
20.12
19.65
18.24
20.51
20.7
20.09
19.8
16.53
16.02
13.48
12.74
15.94
16.7
17.14
17.58
17.8
17.92
18.02
18.33
18.53
18.6
18.73
18.8
18.97
18.97
18.99
19.17
19.17
19.31
19.36
19.36
19.36
19.51
19.56
19.56
19.56
19.56
19.73
19.75
19.75
19.78
19.95
20.14
20.14
20.14
18.16
19.6
19.9
20.58
20.87
20.85
20.09
20.0
19.63
17.26
15.94
15.67
15.67
15.67
9.998
9.399
12.96
19.9
20.85
20.12
11.79
12.27
9.338
10.99
9.631
8.984
10.93
9.558
9.094
9.863
11.27
19.04
20.75
20.26
12.55
12.37
16.09
16.97
17.46
17.85
18.29
18.73
18.95
19.12
19.31
19.38
19.53
19.53
19.56
19.65
19.73
19.87
19.95
19.95
20.12
20.14
20.14
20.34
20.21
17.94
19.38
19.92
20.87
20.87
20.87
20.87
20.73
19.58
17.46
17.07
17.04
17.02
9.485
8.96
9.229
9.9
18.53
20.85
20.0
10.95
8.948
7.251
6.024
6.024
6.024
6.024
6.024
6.024
7.715
8.789
16.19
20.75
20.41
13.7
8.203
9.216
9.167
6.018
6.024
6.024
6.024
6.024
6.024
6.024
6.024
6.024
6.024
6.024
6.024
6.024
6.024
6.024
6.024
6.024
6.024
6.024
6.024
6.024
6.024
6.024
6.024
6.024
6.024
6.024
6.024
6.024
6.024
6.024
6.024
6.024
6.024
6.024
6.024
6.024
