5.829
5.829
5.829
5.829
5.829
5.829
5.829
5.829
5.829
5.829
5.829
5.829
5.829
5.829
5.829
5.829
5.829
5.829
5.829
5.829
5.829
5.829
5.829
5.829
5.829
5.829
5.829
5.829
5.829
5.829
5.829
5.829
5.829
6.677
12.11
16.21
17.14
17.58
18.09
16.48
13.21
11.18
9.607
15.53
16.8
17.43
17.87
17.38
14.89
13.21
9.9
10.38
20.17
19.68
11.43
14.75
16.55
17.31
17.8
18.09
15.28
13.26
11.39
9.399
14.82
16.16
16.82
17.31
17.6
17.99
16.31
13.77
11.71
9.998
8.472
9.131
14.7
16.04
16.65
17.24
17.55
17.72
17.94
15.28
14.14
12.87
10.33
12.3
15.53
16.43
16.99
17.48
17.82
17.33
14.82
13.11
11.79
8.582
9.363
17.04
20.68
20.7
16.63
9.131
8.984
9.045
14.67
16.02
16.63
17.09
17.43
17.68
17.92
16.48
14.21
11.82
10.66
8.96
9.607
9.753
8.789
9.094
9.717
9.314
8.813
9.497
10.63
17.87
20.43
20.14
13.33
9.167
9.167
9.143
11.45
15.97
17.19
17.85
17.77
15.01
12.82
9.839
9.338
9.229
8.96
9.18
9.131
10.06
19.78
19.21
9.937
15.09
16.24
16.89
17.33
17.8
17.46
14.89
13.33
8.508
14.31
15.97
16.7
17.24
17.5
17.9
18.04
16.11
14.33
12.26
10.79
7.458
7.739
6.018
5.884
5.829
5.829
5.829
5.829
5.829
5.829
5.829
5.829
5.829
5.829
5.829
5.829
5.829
5.829
5.829
5.829
5.829
5.829
5.829
5.829
5.829
5.829
5.829
5.829
5.829
5.829
5.829
5.829
5.829
5.829
5.829
5.829
5.829
5.829
5.829
5.829
5.829
5.829
5.829
5.829
5.829
5.829
5.829
5.829
5.829
5.829
5.829
5.829
5.829
5.829
5.829
5.829
5.829
5.829
5.829
5.829
5.829
5.829
5.829
5.829
5.829
5.829
5.829
5.829
5.829
5.829
5.829
5.829
5.829
5.829
5.829
5.829
5.829
5.829
5.829
5.829
5.829
5.829
5.829
5.829
5.829
5.829
5.829
5.829
5.829
5.829
5.829
5.829
5.829
5.829
5.829
5.829
5.829
5.829
5.829
5.829
5.829
5.829
5.829
5.829
5.829
5.829
5.829
5.829
5.829
5.829
5.829
5.829
5.829
5.829
5.829
5.829
5.829
5.829
5.829
5.829
5.829
5.829
5.829
5.829
5.829
5.829
5.829
5.829
5.829
5.829
5.829
5.829
5.829
5.829
5.829
5.829
5.829
5.829
5.829
5.829
5.829
5.829
5.829
5.829
5.829
5.829
5.829
5.829
5.829
5.829
5.829
5.829
5.829
5.829
5.829
5.829
5.829
5.829
5.829
5.829
5.829
5.829
5.829
5.829
5.829
5.829
5.829
5.829
5.829
5.829
5.829
5.829
5.829
5.829
5.829
5.829
5.829
5.829
5.829
5.829
5.829
5.829
5.829
5.829
5.829
5.829
5.829
5.829
5.829
5.829
5.829
5.829
5.829
8.008
8.24
8.228
8.643
8.35
8.386
8.655
8.423
9.009
12.19
20.65
18.82
9.143
8.533
11.56
16.14
16.94
17.6
17.9
18.21
18.6
18.77
18.9
19.09
19.17
19.36
19.36
19.48
19.56
19.56
19.73
19.9
20.07
20.12
17.7
20.43
20.85
20.65
20.19
17.07
16.31
10.86
15.26
17.07
17.8
18.19
18.51
18.8
19.02
19.17
19.29
19.36
19.53
19.56
19.75
19.97
20.12
20.02
18.09
20.85
20.78
20.65
19.58
18.6
17.8
9.985
15.94
17.19
17.8
18.21
18.63
18.8
18.97
19.17
19.17
19.29
19.41
19.56
19.6
19.73
19.85
20.09
20.12
17.87
19.43
20.68
20.75
20.63
18.9
17.5
17.16
11.11
15.92
17.38
17.99
18.46
18.82
18.99
19.17
19.29
19.46
19.53
19.68
19.73
19.87
20.04
20.26
20.14
18.04
20.61
20.85
20.85
20.85
20.43
19.02
18.41
18.38
14.72
11.82
16.24
17.21
17.72
18.07
18.48
18.75
18.9
18.97
19.17
19.31
19.36
19.51
19.6
19.73
19.75
19.97
20.12
20.19
18.24
19.8
20.78
20.73
20.41
18.92
18.38
18.38
11.21
12.06
16.65
17.58
18.04
18.46
18.7
18.9
19.02
19.17
19.29
19.36
19.48
19.56
19.6
19.75
19.75
19.78
19.95
19.95
20.04
20.14
20.14
19.65
18.21
20.12
20.34
20.85
20.78
20.21
20.07
17.9
17.43
17.43
17.43
17.43
13.45
12.57
16.06
16.92
17.58
17.82
18.04
18.38
18.6
18.77
18.8
18.97
18.99
19.17
19.17
19.19
19.36
19.36
19.56
19.56
19.56
19.68
19.75
19.85
19.95
20.07
20.12
20.12
17.7
19.29
19.73
20.63
20.87
20.8
20.12
20.09
18.63
16.5
16.46
16.28
15.87
0.0
11.28
15.11
8.301
15.01
16.48
17.14
17.48
17.99
18.24
18.38
18.55
18.7
18.85
18.92
19.12
19.12
19.26
19.36
19.56
19.7
18.43
19.26
19.87
20.46
20.65
20.65
20.65
20.68
20.46
18.16
17.04
17.04
16.87
11.52
12.04
16.21
17.11
17.6
18.09
18.33
18.55
18.6
18.85
18.95
19.12
19.14
19.26
19.41
19.68
19.68
16.6
17.21
19.63
20.83
20.85
19.58
17.72
17.09
11.01
14.5
16.53
17.24
17.58
18.07
18.29
18.38
18.55
18.65
18.77
18.95
19.07
19.14
19.19
19.34
19.46
19.73
19.58
17.55
20.21
20.85
20.85
20.85
18.92
17.53
16.92
16.48
10.24
15.16
16.38
16.99
17.33
17.58
17.97
18.19
18.43
18.58
18.73
18.85
18.95
19.07
19.14
19.17
19.17
19.31
19.51
19.73
19.73
18.24
18.85
20.56
20.85
20.85
20.87
20.9
20.31
18.26
17.43
17.43
17.38
16.87
11.11
12.02
8.899
10.12
10.78
12.05
17.38
18.65
17.11
15.89
15.23
10.91
8.801
13.18
16.06
16.89
17.31
17.6
18.04
18.29
18.51
18.55
18.65
18.92
18.95
19.12
19.14
19.19
19.34
19.34
19.56
19.73
18.85
18.77
20.63
20.85
20.85
20.41
17.24
16.99
16.75
9.729
8.887
8.875
8.826
9.143
8.765
9.717
9.155
8.813
8.887
9.558
11.36
13.33
18.75
19.19
17.48
9.912
8.679
9.094
8.435
9.229
16.75
20.21
20.78
19.41
10.73
8.862
8.752
9.302
8.826
8.679
8.252
13.96
19.85
20.68
19.56
11.25
8.777
9.119
10.29
18.33
20.65
20.31
15.87
9.119
8.875
8.801
8.74
8.801
8.923
8.801
9.106
8.85
8.655
6.238
5.438
5.438
5.444
5.444
5.444
5.444
5.444
5.444
5.444
5.444
5.444
5.444
5.444
5.444
5.444
5.444
5.444
5.444
5.444
5.444
5.444
5.444
8.801
8.643
9.363
9.607
8.606
9.631
8.716
8.813
