18.87
18.8
19.85
19.29
20.02
19.56
17.9
19.31
19.51
19.38
19.48
18.97
18.85
19.29
19.41
20.09
19.46
18.8
18.02
19.07
19.29
19.02
18.33
17.85
18.82
19.73
19.51
19.68
20.09
19.78
19.65
19.92
18.41
19.29
19.21
19.24
10.13
0.0639
0.0
0.01554
21.24
22.71
22.95
23.44
23.46
23.32
23.12
23.44
23.27
23.24
22.85
22.95
22.92
23.19
14.26
0.3574
0.0
0.0
0.9171
17.41
17.7
17.33
17.77
17.53
17.94
12.99
18.6
18.51
18.7
18.48
18.7
18.82
18.77
18.6
18.55
18.43
16.85
17.72
1.291
0.002766
0.002575
0.03128
9.537e-05
0.002766
0.00248
5.902
18.19
18.07
17.99
18.29
18.24
18.68
17.99
18.41
18.31
17.92
17.31
17.07
17.24
17.46
17.8
18.19
17.97
18.43
18.31
18.58
18.55
17.9
18.41
18.26
18.09
18.07
17.65
17.75
18.29
17.85
14.36
17.29
17.65
17.19
17.63
17.65
17.55
17.38
9.18
0.05474
0.0
