5.829
5.829
5.829
5.829
5.829
5.829
5.829
5.829
5.829
5.829
5.829
5.829
5.829
5.829
5.829
5.829
5.829
5.829
5.829
5.829
5.829
5.829
5.829
5.829
5.829
5.829
5.829
5.829
5.829
5.829
5.829
5.829
5.829
6.592
12.21
16.36
17.31
17.8
18.14
15.19
14.26
13.79
8.972
14.72
16.63
17.41
17.97
17.21
14.99
13.57
10.83
8.411
10.45
15.87
16.92
17.55
18.02
16.36
14.6
13.48
10.84
15.75
16.87
17.5
17.94
16.58
14.26
13.79
13.99
20.58
19.9
18.33
15.11
12.84
16.19
17.11
17.68
18.02
15.19
14.18
12.13
14.36
16.6
17.38
17.77
17.75
14.82
14.06
12.26
11.38
16.09
17.14
17.65
17.6
14.89
14.04
10.3
12.74
16.31
17.24
17.72
16.92
14.65
13.6
10.3
8.972
9.29
8.826
8.667
13.28
20.68
18.48
14.11
16.16
17.19
17.75
17.6
15.01
13.96
12.15
20.31
17.63
10.42
15.82
16.94
17.63
18.04
15.62
14.23
12.82
9.094
13.31
16.31
17.11
17.65
18.04
15.7
14.14
12.89
8.899
15.28
16.7
17.46
18.04
16.48
13.92
11.67
10.71
15.72
16.7
17.36
17.7
18.07
15.8
14.36
13.65
12.72
9.338
12.89
15.6
16.67
17.5
18.02
16.67
14.62
13.33
9.814
8.716
8.948
8.899
8.887
8.691
6.012
6.012
6.018
6.018
6.018
6.018
6.018
6.018
6.018
6.018
6.018
6.018
6.018
6.018
6.018
6.018
6.018
6.018
6.018
6.018
6.018
6.018
6.018
6.018
6.018
6.018
6.018
6.018
6.018
6.018
6.018
6.018
6.018
6.018
6.018
6.018
6.018
6.018
6.018
6.018
6.018
6.018
6.018
6.018
6.018
6.018
6.018
6.018
6.018
6.018
6.018
6.018
6.018
6.018
6.018
6.018
6.018
6.018
6.018
6.018
6.018
6.018
6.018
6.018
6.018
6.018
6.018
6.018
6.018
6.018
6.018
6.018
6.018
6.018
6.018
6.018
6.018
6.018
6.018
6.018
6.018
6.018
6.018
6.018
6.018
6.018
6.018
6.018
6.018
6.018
6.018
6.018
6.018
6.018
6.018
6.018
6.018
6.018
6.018
6.018
6.018
6.018
6.018
6.018
6.018
6.018
6.018
6.018
6.018
6.018
6.018
6.018
6.018
6.018
6.018
6.018
6.018
6.018
6.018
6.018
6.018
6.018
6.018
6.018
6.018
6.018
6.018
6.018
6.018
6.018
6.018
6.018
6.018
6.018
6.018
6.018
6.018
6.018
6.018
6.018
6.018
6.018
6.018
6.018
6.018
6.018
6.018
6.018
6.018
6.018
6.018
6.018
6.018
6.018
6.018
6.018
6.018
6.018
6.018
6.018
6.018
6.018
6.018
6.018
6.018
6.018
6.018
6.018
6.018
6.018
6.018
6.018
6.018
6.018
6.018
6.018
6.018
6.018
6.018
6.018
6.018
6.018
6.018
6.018
6.018
6.018
6.018
6.018
6.018
6.018
6.018
6.018
7.91
14.09
20.78
19.75
16.85
8.63
13.5
20.31
20.56
17.85
13.35
20.14
19.63
16.19
14.84
16.92
17.68
18.04
18.46
18.87
18.95
19.17
19.31
19.41
19.53
19.7
19.7
19.82
19.9
20.09
20.19
18.99
17.26
19.48
19.87
19.87
19.87
19.9
19.92
18.77
17.31
16.67
16.46
15.55
7.996
14.11
16.19
16.77
17.16
17.6
17.8
17.97
18.24
18.48
18.7
18.77
18.95
18.97
19.14
19.14
19.21
19.34
19.43
19.58
19.73
19.73
19.73
19.87
20.0
20.12
20.21
20.24
19.73
17.5
19.7
20.09
20.87
20.85
20.39
20.29
20.26
19.29
18.24
16.28
16.26
16.26
15.99
11.85
11.84
15.87
16.82
17.36
17.77
17.94
18.16
18.48
18.73
18.77
18.82
18.95
19.02
19.14
19.14
19.14
19.31
19.34
19.34
19.51
19.53
19.53
19.58
19.73
19.73
19.78
19.92
20.02
20.09
20.09
20.12
20.29
20.21
17.14
17.11
18.73
19.75
20.83
20.63
20.24
20.07
20.02
19.92
18.8
16.46
16.46
15.97
12.57
9.912
15.43
16.58
17.21
17.7
17.92
18.16
18.55
18.6
18.75
18.92
18.95
19.04
19.14
19.31
19.34
19.41
19.53
19.53
19.53
19.53
19.7
19.73
19.78
19.9
20.09
20.09
20.21
20.26
17.53
18.24
19.43
19.68
19.87
19.87
19.82
19.56
19.31
19.19
17.65
17.33
16.94
16.28
12.34
11.88
15.84
16.65
17.14
17.68
17.82
18.04
18.31
18.58
18.77
18.95
19.14
19.21
19.38
19.51
19.65
19.75
19.9
20.07
20.24
16.97
18.68
20.53
20.63
20.39
19.65
18.29
13.53
7.642
13.28
16.8
14.7
13.33
9.924
16.19
16.58
13.6
10.82
12.1
16.46
14.23
12.77
9.949
15.97
16.02
13.33
9.497
13.53
17.09
17.9
18.36
18.73
18.9
19.09
19.21
19.34
19.53
19.68
19.73
19.82
19.92
20.07
20.24
19.85
17.09
20.34
20.58
20.41
20.19
19.92
17.9
16.85
10.12
16.16
17.5
18.09
18.58
18.82
18.95
19.14
19.34
19.34
19.53
19.58
19.73
19.73
19.73
19.9
20.09
20.19
20.31
18.51
18.16
19.53
20.78
20.85
20.46
19.6
18.02
16.14
15.99
9.424
14.92
17.26
17.94
18.43
18.8
19.04
19.14
19.26
19.51
19.58
19.73
19.8
20.12
20.29
18.9
17.58
20.46
20.63
20.29
19.41
17.8
16.89
10.66
14.4
17.16
17.92
18.46
18.75
19.04
19.17
19.34
19.34
19.53
19.68
19.73
19.82
20.09
20.29
18.53
19.02
20.83
20.31
20.0
19.75
18.97
18.77
16.14
10.13
10.33
10.86
10.44
10.57
10.58
10.39
11.0
9.766
15.48
16.67
17.24
17.72
17.97
18.26
18.65
18.92
19.12
19.29
19.46
19.51
19.7
19.82
19.95
20.14
20.29
19.73
18.46
20.63
20.83
20.83
20.68
20.51
20.41
10.67
9.387
9.802
9.29
16.14
17.53
18.14
18.53
18.9
19.04
19.14
19.31
19.46
19.7
19.7
19.87
19.9
20.12
20.29
20.21
17.55
20.14
20.7
20.56
20.21
19.14
18.65
12.92
9.033
9.021
9.131
10.01
9.277
16.41
20.51
18.55
14.06
9.119
9.106
9.058
9.473
18.38
20.56
17.63
13.94
14.16
20.73
19.09
9.778
8.862
8.826
8.911
16.53
20.8
18.24
13.13
7.361
6.14
6.018
6.018
6.024
6.024
6.024
6.024
6.616
9.155
8.96
8.679
6.213
6.03
6.024
6.024
6.024
6.024
6.024
6.024
6.024
6.024
6.024
6.024
6.024
6.024
6.024
6.024
6.024
6.024
6.024
6.024
6.024
6.024
6.024
6.024
6.024
6.024
6.024
6.024
6.024
6.024
6.024
6.024
6.024
6.024
6.024
6.024
6.024
6.024
6.024
6.024
6.024
