27.69
15.6
26.71
25.24
24.41
17.87
23.75
25.59
18.04
20.26
20.24
21.85
23.54
5.829
0.7401
0.1413
0.02861
0.0247
0.02804
0.02537
4.688
16.89
16.11
26.17
26.42
21.07
6.726
14.48
26.22
26.22
24.83
11.68
14.36
9.119
33.11
35.79
33.94
33.59
28.86
14.65
17.43
19.87
23.61
13.94
14.77
16.85
18.7
20.29
18.24
12.77
13.35
12.96
13.16
14.67
15.62
18.31
19.73
19.73
12.43
13.01
14.84
8.911
21.51
21.02
21.63
22.73
22.44
20.46
21.66
21.02
18.04
18.46
19.56
16.87
11.58
20.73
22.02
23.0
22.68
23.56
24.58
22.85
16.63
17.14
17.21
18.24
4.48
0.1894
10.39
21.48
23.71
24.17
23.24
22.34
22.0
18.65
19.12
22.73
21.78
10.47
15.14
13.18
13.77
16.43
16.58
17.77
19.9
17.02
24.56
25.2
23.17
12.77
32.96
33.69
29.39
31.15
31.93
34.28
26.95
13.94
14.21
14.09
18.63
31.15
32.96
33.25
28.03
18.92
13.18
26.61
22.22
11.73
18.6
17.72
7.727
26.9
28.96
27.88
29.44
29.59
25.34
23.63
27.73
21.14
18.7
15.43
18.31
19.24
18.29
20.58
19.97
9.607
29.44
30.96
30.76
31.59
30.62
23.05
24.54
20.63
9.534
27.25
31.88
29.83
28.71
29.59
18.29
16.36
27.39
22.09
10.53
17.53
16.99
15.92
16.67
17.5
26.07
23.32
21.97
16.58
14.72
6.689
0.1667
0.05798
0.02804
0.02537
0.02861
0.02537
0.02804
0.02537
7.568
24.98
25.98
19.9
16.11
5.64
10.86
14.94
19.53
26.07
25.98
17.48
17.38
14.48
17.6
4.736
0.1745
0.05207
0.02995
0.03128
0.03061
0.02604
0.03128
0.02604
0.9262
16.16
17.65
15.19
16.43
18.41
20.12
21.12
13.75
10.68
15.21
20.63
23.27
25.29
15.92
12.79
0.444
0.116
0.02861
0.02604
0.02928
0.0267
0.02928
0.0267
1.131
20.36
16.75
14.82
15.33
14.82
14.36
14.89
15.58
21.53
24.85
24.76
16.46
18.09
19.73
18.6
0.2228
0.1328
0.03061
0.02537
0.02861
0.0267
0.02928
0.0267
0.02995
14.28
19.36
25.88
27.15
19.78
13.21
15.19
26.07
26.86
20.24
14.58
17.41
25.29
26.32
23.32
1.418
0.6187
0.07296
0.02604
0.02995
0.02604
0.02995
0.02737
12.13
12.94
16.36
17.75
15.99
16.09
16.58
21.17
22.29
22.58
18.31
22.97
24.51
26.22
15.65
5.505
0.2785
0.05856
0.02861
0.02737
0.02995
0.02604
0.02861
0.02604
0.02861
10.93
14.14
21.53
23.0
26.37
14.21
16.55
16.43
24.95
25.39
24.88
13.01
7.434
0.2266
4.724
0.1381
0.1211
0.03386
0.03252
0.03519
0.02604
0.02995
0.0247
0.02995
0.0247
11.84
14.43
14.67
15.04
15.48
13.31
12.87
16.38
14.82
15.45
16.09
21.0
11.07
5.682
0.2827
0.06638
0.02995
0.02604
0.02995
0.02604
0.02995
0.02604
5.67
16.26
15.84
27.64
28.27
12.7
3.851
18.48
21.36
24.32
18.29
15.84
12.99
22.09
24.51
27.25
17.5
9.961
21.88
26.76
28.61
28.22
28.42
26.56
28.27
27.88
26.9
25.54
24.27
24.73
23.19
22.0
20.21
19.97
20.48
20.43
20.43
21.7
21.31
22.12
21.48
19.78
18.63
17.38
17.16
16.24
8.862
12.72
17.43
16.04
15.82
16.58
18.14
18.97
24.73
24.39
22.51
21.07
20.12
18.02
10.88
7.385
18.77
19.75
21.09
22.39
21.36
20.26
20.58
23.44
24.56
23.83
22.61
21.53
23.54
22.88
21.66
21.29
21.31
23.36
23.24
21.85
21.24
21.24
22.49
21.51
21.09
19.87
18.55
15.5
15.23
16.5
12.57
11.4
15.06
18.53
20.87
23.24
24.22
23.8
22.19
16.46
15.41
17.48
16.09
16.28
16.65
2.338
2.811
17.26
28.08
30.08
28.08
29.05
29.1
29.35
29.1
28.66
29.25
28.56
30.03
28.86
31.79
30.47
29.83
28.71
30.32
28.52
25.98
25.1
26.42
23.1
13.33
24.51
30.62
28.66
26.61
29.1
24.9
22.27
23.39
23.68
12.89
10.35
29.05
28.32
31.05
31.05
29.88
29.79
29.0
28.37
27.98
27.73
30.03
29.3
31.05
29.69
30.76
29.93
27.54
27.78
28.61
32.03
32.18
16.14
17.72
28.03
27.49
32.13
31.05
29.74
24.22
22.34
22.41
19.92
3.699
13.77
29.15
32.52
30.96
30.62
30.66
26.86
25.68
25.24
26.27
26.51
26.95
27.25
26.95
25.83
23.44
25.68
25.24
25.34
24.54
25.54
27.83
28.32
28.27
15.94
19.65
27.54
27.25
26.81
24.44
23.46
21.34
22.41
23.85
24.05
12.11
24.37
33.01
26.81
28.61
19.41
27.59
30.47
30.42
27.69
29.35
29.79
14.26
25.83
28.17
27.73
19.8
28.47
10.75
28.32
27.83
29.49
30.52
29.49
28.81
28.47
28.22
24.9
23.29
27.44
27.78
22.9
20.26
19.43
19.21
17.11
26.27
25.63
25.54
24.8
23.75
21.83
19.85
18.07
16.75
12.82
15.41
16.06
16.87
21.02
18.99
17.72
17.58
17.94
17.24
16.46
19.65
18.31
17.38
18.36
7.898
14.18
18.95
16.28
15.58
16.99
17.43
17.75
18.38
19.56
19.73
20.63
19.56
19.41
25.24
26.71
25.49
28.17
29.0
26.42
23.71
20.19
19.07
17.75
16.38
16.06
15.21
15.26
15.65
16.92
17.55
18.14
18.36
15.77
15.53
19.58
19.36
18.07
17.87
19.12
19.19
18.16
17.04
14.84
14.38
14.87
15.55
15.16
14.94
9.619
12.08
19.51
15.38
14.01
14.55
12.62
16.94
17.43
16.02
13.7
18.75
15.7
10.88
20.51
16.94
13.53
15.48
13.45
15.72
14.99
15.31
14.92
15.26
14.79
11.79
13.43
15.45
13.13
14.94
13.01
16.58
15.16
9.009
20.31
20.41
21.85
22.53
23.14
21.8
20.21
19.63
20.14
20.78
20.85
21.22
20.29
20.87
20.02
20.02
19.92
29.3
30.42
27.64
26.37
24.98
21.75
19.9
20.8
21.24
22.05
22.0
15.43
15.45
17.58
20.61
21.53
19.36
18.21
20.31
15.97
14.67
17.21
19.17
17.33
17.11
15.89
5.164
13.7
12.44
13.16
13.33
21.56
21.26
20.39
23.27
29.15
27.54
25.68
24.02
23.12
21.97
21.29
20.36
19.26
19.75
21.44
22.34
21.7
20.09
20.34
20.68
18.43
17.24
16.33
16.85
18.33
17.92
18.07
18.29
18.9
19.21
7.898
17.24
17.48
17.92
16.6
16.87
17.46
18.53
18.38
18.63
18.97
18.53
18.73
18.95
18.24
3.955
0.2563
0.04425
0.03128
0.02737
0.0247
0.02861
0.0247
0.02737
0.0247
0.02861
0.0247
0.02861
0.02604
0.02737
0.02604
0.02737
0.0247
0.02861
0.0247
0.02995
8.74
15.67
14.92
13.72
14.5
15.7
17.8
15.41
15.01
