18.38
20.92
15.82
20.24
16.24
18.82
16.31
19.75
17.68
18.38
31.01
31.4
24.19
31.74
30.86
2.225
0.6119
0.07687
0.02995
0.0247
2.2
18.7
27.54
29.3
18.14
10.73
16.28
14.48
15.48
19.97
30.08
30.62
15.11
28.47
30.37
19.12
20.48
34.67
32.76
35.11
35.25
33.15
36.08
25.88
13.72
34.33
35.21
35.89
37.79
35.01
33.2
24.1
15.31
22.09
30.08
32.62
14.82
13.38
18.97
38.09
38.38
37.06
33.69
38.18
28.76
10.3
33.01
33.59
34.86
34.57
31.79
32.81
26.86
17.21
29.64
28.76
10.34
34.86
35.25
33.94
34.13
31.49
34.47
25.29
15.97
11.94
18.7
27.64
34.13
36.87
34.42
32.96
30.76
19.43
10.57
19.38
26.51
26.32
29.59
29.3
29.69
32.28
23.1
15.97
14.18
11.28
25.49
31.98
32.81
32.08
32.18
30.66
30.66
14.26
26.81
33.64
35.16
34.03
29.59
29.0
27.73
14.09
25.15
33.69
29.1
33.59
32.81
31.98
30.42
17.99
17.65
21.22
19.21
11.01
33.01
37.45
34.18
35.5
31.54
35.3
23.83
19.29
19.87
19.09
5.64
17.11
13.99
31.93
33.94
34.81
37.7
32.18
29.98
22.31
15.97
19.04
18.63
13.7
22.63
30.91
30.52
32.08
29.25
26.95
27.25
22.17
8.875
25.59
23.58
29.74
34.42
31.98
24.66
23.73
15.06
13.06
12.55
13.13
12.16
15.58
15.67
10.36
0.2342
0.1068
0.02737
0.02346
0.02737
0.02346
0.02737
0.0247
1.852
16.41
16.38
14.92
4.016
16.16
18.33
19.34
16.58
20.61
12.84
13.04
16.7
15.31
21.95
20.48
17.55
1.556
0.5615
0.06905
0.02995
0.0247
0.02861
0.0247
0.8591
16.48
14.43
19.26
23.22
23.39
13.96
10.84
16.33
13.35
18.9
23.14
24.76
19.73
15.6
11.83
0.1915
0.09117
0.02861
0.0247
0.02861
0.02604
0.02737
0.0247
0.647
14.67
12.57
14.23
14.31
13.96
15.45
13.35
16.04
13.72
19.7
15.67
19.53
19.68
16.7
13.23
0.1991
0.08202
0.02737
0.02604
0.02861
0.02604
0.02995
0.0247
0.02861
11.83
24.56
27.69
25.05
16.48
12.08
17.33
29.59
28.37
14.58
14.31
18.19
12.7
19.68
7.568
0.1837
0.06905
0.02737
0.0247
0.02861
0.02737
0.02737
0.0247
9.778
25.1
32.47
22.09
16.14
17.5
16.31
16.97
14.18
17.63
17.5
6.653
16.21
33.74
33.35
2.478
0.6653
0.06905
0.02604
0.0247
0.02737
0.0247
0.02604
0.02346
0.02737
8.411
13.62
11.65
13.28
14.38
11.76
13.72
14.14
11.34
10.85
11.4
12.29
14.92
11.91
4.095
0.1484
0.0495
0.02737
0.02346
0.02737
0.02346
0.02737
0.0247
0.02737
0.02346
9.839
14.79
13.11
12.96
11.4
9.644
11.3
9.106
24.68
28.91
20.48
0.914
10.02
8.606
0.1745
0.0638
0.02604
0.02346
0.02604
0.0247
0.02604
0.0247
5.597
18.92
15.89
11.82
11.39
16.09
14.79
31.45
32.08
31.25
30.62
31.01
29.88
32.62
35.11
31.93
36.13
32.62
35.21
35.6
32.28
31.25
32.91
30.57
33.74
23.44
40.09
35.6
29.93
26.9
23.63
22.14
23.51
23.75
16.77
17.31
28.17
26.81
34.86
34.52
35.79
38.72
35.55
29.1
25.88
22.85
22.0
20.41
18.46
16.53
17.38
18.87
20.83
18.48
18.33
19.46
19.9
19.73
19.07
21.68
15.97
16.8
17.68
18.07
16.21
16.7
19.04
19.21
22.44
20.95
19.82
19.53
23.17
8.35
22.73
19.85
17.46
16.48
15.89
16.48
16.5
20.02
18.41
18.51
17.6
15.99
16.31
16.67
18.46
20.21
21.29
20.29
19.9
18.95
20.14
20.46
20.83
20.65
19.02
19.38
19.31
17.16
17.04
15.45
15.38
16.14
14.62
16.82
17.04
17.9
18.82
18.99
17.58
16.43
16.41
15.06
15.04
16.46
15.82
15.75
15.55
16.19
5.774
18.48
19.46
16.8
15.55
16.24
15.6
15.28
15.11
15.41
15.33
15.82
15.53
15.31
15.04
15.36
15.21
15.09
15.58
16.31
17.85
15.62
15.45
15.97
16.36
17.7
15.45
15.31
15.31
15.53
15.82
15.43
15.7
17.55
15.7
15.38
15.48
15.67
16.14
15.72
14.89
15.48
15.65
15.6
15.72
15.89
16.31
16.38
16.7
17.53
15.8
15.72
16.04
15.8
16.28
15.58
12.72
16.19
19.95
18.31
18.16
15.67
15.48
15.33
15.38
15.33
15.16
15.87
15.7
15.55
16.92
18.7
21.92
36.77
35.4
36.28
35.79
34.77
32.57
35.25
34.28
34.28
34.38
30.03
28.56
40.97
38.38
38.53
33.5
32.71
32.71
17.31
26.51
38.18
35.6
33.3
37.11
16.85
33.25
35.21
31.54
29.93
23.49
35.99
32.57
37.6
18.7
38.28
32.81
35.84
23.05
26.51
36.62
31.69
35.79
15.7
36.38
37.21
34.03
26.9
28.76
39.11
33.59
23.93
20.87
36.91
34.08
34.86
34.38
37.06
38.72
38.62
39.11
39.55
38.72
38.48
38.28
37.94
36.96
36.28
34.72
26.46
38.09
37.99
40.82
32.96
33.11
34.18
14.01
32.32
39.7
39.94
39.31
37.4
36.62
37.3
35.69
38.18
40.04
40.67
39.89
39.99
40.58
39.6
35.21
33.15
41.11
36.13
37.35
32.62
34.86
34.08
13.77
39.6
37.74
34.57
33.84
35.89
39.99
38.48
37.79
37.45
36.96
38.33
40.43
40.38
39.5
39.99
37.5
30.47
40.97
41.7
39.7
32.57
33.11
31.74
11.13
36.72
39.65
38.77
37.45
38.53
38.43
39.01
39.55
37.26
38.72
39.6
36.28
36.47
35.16
38.04
37.5
30.18
41.36
39.79
37.4
34.96
28.56
25.83
22.85
15.65
16.41
16.36
22.39
20.21
26.81
26.56
24.05
19.9
16.48
18.65
18.21
19.78
37.5
38.23
39.36
37.16
38.53
37.35
37.84
38.23
39.89
39.21
38.48
37.26
38.82
39.21
25.98
42.09
39.45
39.94
35.84
30.96
34.28
26.51
28.56
28.56
27.78
21.78
23.46
22.24
22.12
21.07
21.26
21.61
30.47
25.93
14.01
24.98
29.93
30.86
19.78
27.64
28.91
20.85
19.85
16.38
20.0
25.24
26.32
17.97
19.82
19.53
17.9
18.07
18.6
17.77
17.38
17.21
30.81
31.4
16.11
23.0
25.93
27.05
20.78
17.11
18.38
32.42
34.23
35.01
32.42
32.18
31.05
29.74
27.54
28.91
28.12
27.0
28.42
28.22
28.08
29.44
33.2
35.45
35.35
37.7
29.74
38.28
38.67
38.18
36.18
32.76
31.54
29.88
0.4791
0.1041
0.03128
0.02346
0.02604
0.02604
0.02861
0.02604
0.02861
0.02346
0.02861
0.02346
0.02861
0.02346
0.02861
0.02346
0.02861
0.02346
0.02861
0.02346
0.02861
7.605
20.97
17.77
15.09
21.88
19.31
18.53
19.9
19.82
