0.02346
0.02861
0.02346
0.02604
0.02604
0.02604
0.02604
0.02861
0.02604
0.02861
0.02604
0.02861
0.02604
0.02861
0.02604
0.02604
0.03128
0.02604
0.02604
0.02861
0.02346
0.02861
0.02604
0.02604
0.02604
0.02861
0.02346
0.02861
0.02346
0.02861
0.02346
0.02861
1.044
12.89
20.26
20.43
19.51
19.19
21.75
20.78
19.65
19.9
17.26
16.99
20.34
22.44
18.82
16.11
15.94
19.21
19.51
16.06
5.261
22.24
21.75
21.44
22.83
23.34
23.95
24.44
18.7
18.8
19.34
21.7
11.28
19.24
19.6
20.68
20.8
21.24
22.46
21.63
19.82
16.26
16.31
16.53
17.36
9.961
20.26
21.0
22.39
23.32
22.68
22.53
21.75
15.41
19.43
17.92
20.68
15.75
16.92
19.41
19.58
20.73
20.51
21.68
22.12
20.58
16.48
18.97
21.26
17.58
15.55
14.97
17.48
18.36
19.04
13.65
12.74
14.97
14.89
18.12
19.87
20.53
10.13
13.92
19.53
20.73
21.66
23.1
22.17
22.07
18.95
16.16
17.02
19.24
14.97
15.28
10.96
14.38
14.55
14.23
16.16
16.58
18.87
17.63
6.824
19.24
19.8
20.9
20.87
21.39
21.61
21.97
20.21
17.65
16.53
19.31
18.04
15.7
0.2762
4.73
8.96
14.33
19.6
20.68
21.88
21.7
20.19
20.51
20.85
17.43
17.36
19.36
20.04
15.43
12.94
15.67
13.57
13.87
13.4
13.67
13.65
13.4
14.21
16.36
13.87
13.99
16.02
15.43
15.01
15.09
14.87
3.998
0.56
0.1276
0.02604
5.963
12.7
16.41
16.26
15.62
8.447
10.33
13.38
13.99
15.26
15.21
15.23
15.33
14.75
12.65
13.72
11.76
19.68
26.61
22.17
2.756
0.5913
0.1041
0.02604
5.64
10.9
12.12
16.94
16.85
15.94
14.97
14.94
10.3
14.06
15.04
14.77
14.65
14.67
14.45
13.11
15.04
14.62
15.45
14.77
11.94
0.737
0.3929
0.03386
5.304
12.18
12.72
13.13
13.53
13.72
13.6
13.96
12.23
14.79
15.5
14.89
14.97
15.38
11.52
15.89
14.26
13.65
12.48
0.1848
0.1093
0.02604
0.02861
0.02604
6.158
11.18
17.5
15.62
15.75
15.65
16.04
13.89
16.65
15.7
15.23
15.65
13.09
15.14
15.23
14.99
15.67
14.45
12.32
2.771
0.1719
0.04692
0.02861
0.02604
4.706
12.12
13.18
14.45
7.373
13.57
12.65
14.79
13.53
13.4
14.36
15.67
15.72
14.97
15.11
13.21
13.23
14.62
15.45
17.04
15.72
14.43
5.42
0.6432
5.499
13.01
13.43
16.94
16.67
15.21
15.09
11.07
9.351
14.79
15.09
15.65
17.82
12.99
6.897
4.15
12.48
12.08
10.63
0.2163
0.1146
0.03128
0.03386
0.03128
5.792
13.04
12.08
12.01
16.31
11.18
11.45
13.82
13.96
14.99
17.48
17.65
17.72
11.73
16.46
17.94
19.26
17.87
1.669
0.4242
0.04168
0.02861
0.02346
5.89
14.33
15.62
16.58
17.85
17.29
15.38
15.55
21.12
20.61
19.17
12.33
19.34
19.8
20.83
12.01
15.7
17.09
17.92
18.16
16.43
8.813
19.12
18.02
19.12
19.82
19.58
17.41
19.26
21.9
22.27
20.92
21.97
23.68
24.0
24.15
23.41
22.24
22.0
21.92
23.07
21.7
21.66
20.0
19.78
22.0
22.66
21.34
19.73
18.19
18.29
19.7
16.11
13.92
16.36
16.21
17.58
17.94
19.36
19.7
18.92
19.73
23.46
26.32
27.25
24.02
3.503
19.63
21.53
21.83
21.75
21.07
20.8
19.7
21.12
21.61
21.39
21.41
20.41
19.24
19.48
21.0
21.73
21.58
21.26
21.0
20.8
20.61
20.09
20.83
19.9
19.04
20.04
20.83
20.75
21.36
20.48
17.09
13.33
15.62
15.82
18.04
17.8
17.41
16.19
15.48
17.5
18.19
16.63
15.41
15.72
17.07
17.41
13.26
6.073
17.19
18.41
16.87
15.82
15.55
16.63
15.58
15.19
17.04
22.14
21.92
20.9
20.34
19.85
18.24
17.46
16.21
14.97
15.19
15.75
15.48
16.82
29.54
26.9
22.71
20.34
19.12
18.63
17.11
17.02
17.7
17.02
17.85
18.48
18.58
13.23
15.21
17.48
15.97
15.65
15.58
15.48
17.29
18.12
16.41
16.04
15.33
15.6
17.11
17.63
17.43
13.55
3.204
19.78
21.7
22.29
21.12
20.21
19.29
18.85
20.48
19.58
18.77
18.46
18.53
17.8
17.97
17.85
18.38
18.24
19.41
20.34
19.95
19.65
19.9
20.26
19.36
20.04
20.39
19.24
17.75
18.21
17.77
17.19
15.7
15.8
15.53
14.04
17.43
17.82
17.75
17.68
16.24
16.87
16.58
16.19
16.65
15.82
16.63
17.24
17.75
17.21
15.62
7.349
18.9
17.6
17.46
16.53
14.99
15.41
15.45
14.45
16.55
15.8
15.04
14.89
14.48
14.4
17.92
17.46
15.87
15.14
15.14
17.55
16.46
15.53
15.92
10.12
18.07
18.7
19.53
19.26
16.5
17.29
17.58
15.77
18.21
16.67
17.09
11.66
11.17
19.53
15.84
17.14
15.77
17.07
18.29
16.99
17.58
17.77
15.72
15.26
15.6
15.45
15.16
15.41
15.26
15.45
15.28
15.77
15.26
15.21
15.28
15.41
16.21
15.7
15.5
16.36
15.6
15.16
15.87
15.87
15.8
16.36
16.58
17.92
16.16
18.48
16.63
17.31
14.6
16.67
16.53
17.19
16.19
17.36
20.36
21.0
19.82
18.14
23.95
24.58
23.0
12.6
17.55
21.85
19.95
16.31
15.26
15.62
16.41
16.06
15.82
15.89
15.94
15.28
15.7
15.62
16.6
17.6
18.36
16.31
18.53
15.72
16.11
19.82
17.97
18.85
18.02
19.51
19.09
17.75
18.02
17.11
19.46
18.33
20.02
18.63
19.38
20.97
13.96
18.29
20.31
21.14
20.73
18.92
18.09
20.83
20.87
21.36
24.15
25.93
22.46
11.43
14.87
14.11
15.5
16.65
17.46
17.75
15.21
15.8
16.6
18.48
18.48
16.02
12.72
15.38
15.62
13.18
15.89
17.24
18.95
19.41
8.936
15.28
20.73
19.8
18.77
17.72
18.63
19.87
20.07
21.53
21.66
20.85
21.66
22.41
22.53
23.32
22.56
22.92
21.51
20.83
21.07
21.36
21.73
22.78
23.07
21.29
19.9
18.16
18.07
17.87
18.36
19.51
17.55
17.85
22.51
21.88
20.85
18.53
19.78
20.07
19.73
18.02
19.53
18.53
20.53
22.41
8.899
16.21
29.15
27.34
16.16
1.068
0.4639
13.6
13.55
14.36
14.97
17.5
17.11
18.51
15.41
11.32
13.79
14.4
14.18
13.82
17.85
17.48
17.29
15.43
12.48
9.692
0.2785
0.09117
0.02604
0.02604
0.02604
0.02861
0.02604
0.02604
0.02604
0.02861
0.02604
0.02604
0.02604
0.02861
0.02604
0.02861
0.02346
0.02861
0.02604
14.06
14.87
14.67
14.82
14.77
14.5
13.18
16.65
14.16
8.923
12.89
