14.77
14.84
13.72
15.43
17.68
19.12
20.63
15.19
15.8
12.33
17.75
18.87
21.14
16.38
0.7607
0.4242
0.02861
0.02346
0.02861
0.02604
0.02861
0.02604
6.036
14.09
12.55
13.11
14.18
11.63
13.62
13.13
14.31
12.84
12.87
17.33
16.92
19.87
21.63
14.89
11.23
28.42
30.03
29.0
31.74
31.69
25.44
24.05
23.54
15.92
16.87
23.56
26.27
26.51
25.1
27.2
26.9
25.15
24.98
20.65
14.5
11.18
19.8
23.83
25.59
25.49
26.37
27.44
24.24
23.88
22.85
19.24
17.6
18.7
20.53
17.21
12.65
15.28
13.92
13.18
15.75
12.87
10.23
10.61
14.5
12.5
15.82
15.72
17.38
18.21
11.62
18.65
21.19
23.02
25.49
25.24
24.93
22.97
27.39
25.44
15.65
13.06
13.72
15.87
14.18
14.01
12.96
10.05
0.2136
8.704
35.5
35.64
35.3
30.76
23.85
27.2
25.59
15.38
15.53
14.4
15.8
21.36
22.71
20.17
7.629
21.97
20.68
21.66
34.81
34.18
32.71
35.4
24.9
21.36
14.09
13.7
31.79
37.5
36.43
36.33
33.59
34.42
22.63
16.94
20.36
22.85
17.72
2.353
31.59
34.28
33.79
35.3
32.76
34.81
22.0
25.44
31.49
28.37
7.751
0.6195
10.16
17.21
26.61
25.0
10.8
17.21
22.9
26.71
29.3
32.28
28.32
33.15
28.66
22.34
30.91
28.81
15.38
17.99
17.99
17.07
18.82
21.24
16.14
10.08
0.198
0.07029
0.02604
0.02346
0.02604
0.02346
0.02604
0.02604
0.02604
15.82
31.88
24.02
5.591
0.6409
11.12
14.65
16.38
23.39
27.15
30.18
8.459
15.89
16.58
6.799
0.2029
0.05732
0.02604
0.02604
0.02604
0.02604
0.02604
0.02604
0.02604
6.152
30.71
33.15
16.41
14.72
10.82
28.42
29.0
18.95
23.14
30.57
29.3
23.27
33.11
26.56
1.016
0.6119
0.03386
0.02346
0.02861
0.02346
0.02861
0.02604
0.02861
4.37
19.53
16.8
26.32
30.66
21.07
20.75
29.25
32.37
19.24
15.94
19.24
23.34
22.02
27.78
30.86
22.22
0.9903
0.4814
0.03128
0.02346
0.02861
0.02346
0.02861
0.02346
11.51
15.45
8.081
29.98
29.98
18.33
15.77
24.12
27.73
28.37
12.74
15.7
16.41
9.204
0.1667
0.06514
0.02861
0.02079
0.02861
0.02346
0.02604
0.02346
0.02604
9.167
19.04
33.5
28.17
15.53
15.62
13.72
11.84
16.92
19.7
29.69
34.08
19.38
32.57
29.93
5.78
0.737
0.1303
0.02346
0.02861
0.02604
0.02861
0.02346
0.02604
0.02346
0.02861
11.15
0.1459
11.57
11.47
0.2029
0.09375
0.02346
0.02604
0.02346
0.02604
0.02346
0.02604
0.02346
0.02861
0.02346
0.02604
0.02346
0.02604
0.02346
0.02861
0.02346
0.02861
0.02346
0.02861
0.02346
0.02604
0.02604
0.02604
0.02346
0.02861
0.02604
0.02604
0.02346
0.02604
0.02604
0.02861
0.02346
0.02861
0.02604
0.02604
0.02604
0.02604
0.02346
0.02346
0.02346
0.02604
0.6538
11.22
8.948
8.545
9.778
13.06
19.97
20.14
23.46
22.95
23.68
23.41
22.8
21.92
22.31
24.78
26.22
24.37
27.69
31.3
29.83
29.79
36.33
38.04
38.48
39.6
38.23
19.48
23.95
40.43
38.87
35.99
32.62
32.08
31.35
10.41
39.16
39.55
35.79
36.91
38.04
38.38
37.7
37.4
37.89
36.52
35.16
36.87
35.64
35.99
35.35
36.43
25.93
37.84
38.28
38.77
33.01
32.81
32.96
15.23
26.17
37.4
37.65
36.57
35.01
35.21
35.5
35.3
33.94
36.91
36.87
35.6
35.4
35.74
35.11
36.72
35.5
27.59
34.91
36.18
32.08
31.2
31.54
33.01
25.15
13.23
34.86
34.86
31.35
31.01
33.79
36.04
36.57
33.01
31.3
36.72
37.01
34.57
34.91
33.11
31.4
31.69
31.2
24.49
16.75
17.38
23.29
38.18
36.91
31.3
29.88
27.49
24.12
20.46
37.65
35.3
33.35
33.84
37.06
38.18
36.96
37.55
35.4
36.67
32.91
29.15
34.77
35.16
35.69
32.32
28.03
31.88
32.23
34.38
34.86
30.03
27.78
30.22
29.0
11.88
31.93
33.64
34.28
32.57
34.42
34.38
36.57
34.38
33.79
36.96
36.77
36.96
35.16
33.15
33.59
34.47
35.21
29.35
27.54
37.65
33.74
31.49
27.2
24.07
21.02
19.07
16.77
18.97
10.27
20.9
21.53
20.63
21.53
23.14
25.78
27.93
28.12
28.03
28.91
28.86
29.05
28.47
28.22
27.2
27.98
28.08
28.61
29.93
29.15
29.44
29.49
25.34
16.46
19.95
22.27
22.51
23.29
24.15
24.66
24.37
25.83
26.76
27.49
12.99
19.09
21.17
22.66
19.92
21.22
20.17
17.77
24.66
31.79
30.27
25.68
29.59
34.67
31.49
29.64
25.1
36.43
29.3
35.11
16.02
34.96
33.94
34.03
26.66
31.49
29.49
13.89
36.23
34.38
33.84
22.71
28.71
35.5
29.79
35.06
18.16
36.23
29.83
31.15
22.27
16.43
31.79
30.32
35.4
11.44
30.32
36.43
36.77
35.45
35.64
36.77
37.89
36.62
36.28
33.94
36.28
34.03
32.71
28.61
24.9
21.92
20.12
19.14
18.38
17.72
16.02
16.16
15.89
16.55
18.85
18.26
16.5
15.94
17.16
20.46
20.02
19.14
23.41
25.29
10.67
32.67
38.43
37.45
38.57
37.4
37.45
37.94
38.57
37.26
34.77
33.25
32.08
28.47
29.2
28.52
28.86
30.52
28.52
16.82
21.39
25.29
29.2
27.73
27.59
24.8
24.71
24.02
24.19
9.106
22.97
18.43
16.16
15.92
15.6
15.82
16.72
17.09
16.21
15.89
17.99
20.29
18.75
17.99
15.62
15.6
15.38
15.38
15.48
15.14
15.21
15.55
15.31
15.7
15.55
15.14
15.11
15.31
15.31
17.19
23.51
25.54
23.36
22.14
22.31
17.29
16.7
16.09
16.99
16.5
15.99
20.61
23.83
23.58
27.34
29.05
27.73
17.99
21.73
10.58
23.41
24.95
28.71
33.54
35.45
33.94
34.81
33.94
35.45
34.67
32.08
33.11
36.87
36.08
34.23
31.49
30.66
33.59
29.0
17.9
28.47
28.17
28.91
29.25
27.39
24.17
26.37
25.54
19.9
16.26
9.949
20.78
22.51
25.24
25.44
26.22
25.34
26.27
26.46
26.61
25.0
25.49
27.88
31.79
30.66
30.18
30.66
30.96
30.03
25.49
24.88
23.75
24.9
24.8
23.49
28.96
28.56
28.66
29.25
28.03
27.05
27.05
27.93
18.58
0.1667
5.487
14.82
15.14
15.23
19.48
21.8
21.85
13.72
13.84
15.01
14.65
14.79
15.87
19.19
22.34
22.24
13.62
12.29
8.337
0.1875
0.07296
0.03128
0.02079
0.02604
0.02604
0.03128
0.02079
0.03128
0.02079
0.03128
0.02079
0.02604
0.02604
0.02604
0.02604
0.02604
0.02604
0.02604
0.02604
0.02604
0.02604
11.18
14.67
15.8
17.38
17.8
18.53
12.77
17.41
