5.829
5.829
5.829
5.829
5.829
5.829
5.829
5.829
5.829
5.829
5.829
5.829
5.829
5.829
5.829
5.829
5.829
5.829
5.829
5.829
5.829
5.829
5.829
5.829
5.829
5.829
5.829
5.829
5.829
5.829
5.829
5.829
6.262
10.06
14.94
15.97
16.5
16.97
17.21
17.48
17.7
17.82
17.99
18.14
17.87
14.79
14.28
12.0
11.12
10.45
7.922
13.38
15.53
16.24
16.63
17.11
17.33
17.55
17.82
17.87
17.99
16.43
14.45
12.99
11.4
10.51
8.459
13.09
15.5
16.21
16.63
17.02
17.29
17.53
17.8
17.9
16.75
14.5
12.89
11.01
8.667
8.63
14.43
15.67
16.28
16.67
17.11
17.31
17.5
17.8
17.87
16.7
14.48
12.87
11.24
10.03
8.777
16.31
20.63
20.73
18.21
9.973
17.5
20.61
20.83
18.82
8.777
13.18
15.41
16.11
16.58
16.97
17.29
17.5
17.77
17.85
16.67
14.36
12.94
10.79
8.228
8.777
9.29
11.29
18.87
20.41
20.51
18.38
10.21
9.961
8.643
10.64
9.277
9.106
12.46
19.34
20.53
20.41
15.99
9.497
14.7
15.89
16.48
16.85
17.21
17.38
17.6
17.87
17.99
15.62
14.21
12.02
11.01
10.02
9.497
8.386
13.7
15.55
16.26
16.65
17.04
17.33
17.53
17.72
17.92
18.04
17.94
14.62
13.89
11.95
10.41
8.484
7.971
14.04
19.82
20.43
20.21
17.16
9.473
16.04
20.24
20.7
19.07
12.08
6.073
5.859
5.829
7.605
8.533
13.31
19.68
20.56
20.26
17.24
6.982
9.082
9.241
8.899
8.777
8.777
8.911
8.96
8.923
9.094
9.302
8.85
8.875
15.53
20.17
20.63
19.95
17.33
10.45
8.789
15.19
20.02
20.61
19.21
16.94
15.97
9.436
8.777
8.997
9.082
9.045
9.045
8.777
14.92
20.0
20.48
20.21
17.7
8.777
6.03
5.853
7.397
9.033
8.777
11.23
18.38
20.36
20.61
18.46
15.87
8.96
9.033
10.55
17.77
20.36
20.58
18.77
14.82
8.911
9.912
9.485
15.45
20.09
20.51
20.21
17.94
14.01
9.29
8.887
8.728
8.545
8.35
8.398
11.35
18.95
20.8
20.65
18.12
9.229
15.45
20.09
20.46
20.21
17.85
12.52
10.62
16.53
19.58
19.75
19.12
16.89
10.58
9.241
9.119
9.485
15.87
20.07
20.43
19.38
17.11
13.6
8.557
9.021
9.314
10.28
17.29
20.34
20.51
19.12
16.87
6.702
6.012
5.872
7.41
8.618
8.679
8.582
9.119
8.582
8.936
13.57
18.65
20.58
19.92
18.21
15.04
8.765
9.558
17.94
20.61
20.21
17.14
12.13
19.68
20.68
18.46
9.949
7.642
9.021
9.851
17.38
20.61
20.7
19.26
13.53
8.789
9.192
16.28
20.48
20.68
18.95
15.48
10.3
8.179
8.679
9.07
15.36
20.56
20.73
19.46
10.67
7.715
9.143
8.85
8.948
16.6
20.73
19.85
13.96
8.496
8.459
12.26
15.99
16.82
17.38
17.8
18.07
18.41
18.63
18.82
18.82
19.02
19.02
19.02
19.19
19.21
19.38
19.38
19.51
19.65
19.78
19.78
19.78
19.85
20.12
20.17
20.17
18.95
16.6
18.07
19.7
20.51
20.53
20.53
20.53
20.36
18.51
17.29
17.29
17.04
16.24
10.1
12.08
16.09
16.94
17.53
17.82
18.04
18.41
18.65
18.77
18.85
19.09
19.14
19.26
19.36
19.53
19.53
19.68
19.73
19.75
19.92
20.09
20.12
19.36
16.89
18.99
20.85
20.8
20.68
20.48
18.92
18.38
17.9
14.43
12.6
16.48
17.36
17.92
18.16
18.55
18.77
18.99
19.09
19.19
19.31
19.36
19.56
19.7
19.75
19.73
19.8
20.02
20.09
20.29
20.29
16.94
17.19
19.68
20.46
20.26
20.02
19.85
17.48
15.7
15.62
15.48
9.351
12.43
16.38
17.29
17.82
18.24
18.58
18.75
18.87
19.02
19.14
19.29
19.36
19.53
19.58
19.73
19.73
19.75
19.95
20.12
20.12
20.17
20.31
17.38
16.63
18.07
20.85
20.75
20.65
20.65
20.48
19.34
18.21
18.02
17.16
9.68
13.26
16.5
17.31
17.87
18.09
18.46
18.65
18.8
18.97
19.09
19.19
19.36
19.34
19.53
19.53
19.68
19.73
19.82
19.92
19.92
20.12
20.31
19.87
15.89
16.87
17.87
19.56
20.83
20.83
20.48
20.19
19.07
17.82
17.55
16.09
7.422
13.13
16.06
16.85
17.46
17.99
18.36
18.7
18.87
18.97
19.14
19.24
19.38
19.53
19.6
19.65
19.73
19.82
19.97
20.19
20.29
19.68
17.82
18.09
20.65
20.83
20.78
20.43
18.8
18.21
18.07
12.72
12.99
16.5
14.7
12.82
9.424
14.99
16.87
15.6
13.04
12.94
9.485
13.11
15.82
16.5
16.82
13.33
13.09
9.534
14.4
16.38
17.26
17.92
18.14
18.46
18.82
18.97
19.17
19.17
19.36
19.48
19.53
19.56
19.75
19.75
19.75
19.8
19.95
19.95
19.95
19.95
19.97
20.14
20.19
20.34
20.31
18.92
16.72
17.7
19.14
19.85
19.92
19.9
19.92
19.92
19.78
18.85
16.77
15.11
14.97
14.82
14.62
13.57
8.008
14.43
16.21
16.87
17.24
17.7
17.92
17.99
18.43
18.75
18.95
19.12
19.24
19.34
19.46
19.58
19.73
19.73
19.9
20.04
20.12
20.21
16.67
16.85
18.85
19.87
20.07
19.31
19.09
18.48
17.24
16.82
14.89
14.45
9.106
14.31
16.31
16.94
17.41
17.75
17.85
18.02
18.24
18.46
18.7
18.77
18.97
18.97
19.17
19.17
19.31
19.36
19.36
19.56
19.56
19.56
19.73
19.75
19.75
19.75
19.75
19.9
20.07
20.12
20.12
20.17
19.92
16.19
16.65
17.43
20.0
20.68
20.68
20.53
20.26
19.6
17.85
16.38
15.94
12.02
11.65
16.06
16.99
17.58
17.97
18.16
18.48
18.75
18.85
18.97
19.02
19.07
19.17
19.29
19.36
19.36
19.53
19.56
19.56
19.68
19.75
19.75
19.75
19.87
19.92
20.09
20.12
20.31
17.55
16.6
18.6
19.78
20.85
20.65
20.09
20.09
20.02
18.07
17.63
17.63
17.16
15.94
9.985
11.77
16.55
19.36
19.51
17.46
9.326
9.082
8.765
16.19
20.78
15.45
9.058
8.862
8.899
9.07
8.704
8.887
9.241
8.533
8.923
9.131
10.82
20.17
19.58
11.51
17.02
20.78
16.82
9.229
9.29
8.643
9.021
9.338
8.74
8.691
8.862
8.813
9.314
8.582
8.826
14.11
20.75
17.33
8.875
9.058
9.204
9.363
16.55
20.63
15.72
6.458
6.287
6.219
6.219
6.219
6.219
6.219
6.116
6.024
6.024
6.024
6.024
6.024
6.024
6.024
6.03
9.412
9.29
9.253
9.924
11.47
19.14
20.61
18.75
11.23
9.717
9.961
