21.19
17.31
21.14
16.21
20.58
16.11
20.58
20.92
23.24
17.33
20.29
17.02
20.78
17.29
21.61
16.6
21.19
20.73
24.0
20.41
21.46
16.7
20.14
16.6
22.29
17.99
25.49
18.36
22.36
21.7
21.97
17.75
20.43
15.89
19.51
15.87
19.75
16.11
21.19
17.75
22.68
18.58
22.53
19.87
23.93
18.6
21.85
16.06
21.04
17.7
23.34
21.02
21.29
19.19
21.22
16.7
24.78
18.51
19.41
16.41
20.14
15.58
18.48
15.53
17.77
14.36
16.99
22.44
13.16
18.29
23.0
15.09
18.41
13.6
20.61
18.38
20.56
14.5
25.63
14.72
11.63
15.65
12.05
16.89
12.16
17.11
19.09
13.48
28.71
16.24
26.27
12.99
16.55
12.84
16.77
12.62
16.36
12.6
24.78
15.58
11.98
13.79
15.75
17.8
17.19
19.92
18.09
17.99
13.43
17.53
13.04
16.14
12.21
23.32
14.48
11.83
27.88
14.48
17.5
19.09
12.34
12.49
19.87
15.23
20.56
24.68
16.55
18.87
13.82
19.92
17.16
18.85
13.11
19.07
21.56
14.09
13.23
20.83
16.28
18.99
15.23
23.71
18.92
16.75
14.97
16.5
15.55
13.48
17.9
14.5
29.35
17.19
14.31
21.66
17.58
23.19
18.09
21.53
20.43
22.88
19.46
23.41
19.31
22.56
19.63
23.07
19.17
24.15
21.17
24.17
19.34
25.1
19.48
25.63
20.56
25.59
21.07
24.68
21.63
24.51
22.68
24.29
24.1
27.83
19.29
22.39
18.16
21.31
18.95
21.56
19.43
25.05
21.36
25.0
20.68
22.78
18.92
24.22
19.53
22.09
15.82
20.21
20.0
16.97
21.7
17.19
22.97
16.24
20.7
16.94
22.05
16.04
20.75
17.72
23.0
18.48
23.07
18.85
24.44
18.21
20.61
20.14
24.93
19.6
22.29
18.24
21.17
21.8
23.54
20.07
23.36
17.63
20.24
17.07
24.56
19.73
24.78
18.31
22.17
18.53
21.51
17.72
21.83
20.56
24.19
21.66
24.63
21.85
25.24
22.95
26.17
25.34
27.83
25.1
28.52
25.24
28.03
24.73
26.76
24.15
29.44
26.12
25.78
21.31
25.15
24.37
28.42
23.63
25.54
22.49
25.78
22.71
28.32
25.24
30.27
25.73
26.71
23.24
27.29
24.56
27.25
25.83
27.0
26.61
30.86
22.9
29.54
25.63
26.86
22.85
29.0
24.54
27.54
23.0
28.91
26.76
26.51
24.49
26.95
21.56
24.93
23.34
26.86
21.41
25.59
23.41
26.07
23.19
23.88
22.02
25.63
22.78
22.09
18.82
24.12
19.48
22.05
21.12
22.46
22.83
25.93
24.41
27.64
23.29
25.34
23.46
25.15
19.85
23.44
18.29
21.53
17.87
25.34
20.73
26.17
21.68
21.61
19.85
23.1
17.85
19.53
15.87
19.9
21.29
19.41
25.63
27.15
21.48
26.71
23.46
22.49
20.58
23.75
17.85
26.27
23.46
24.37
16.77
20.51
18.12
27.34
19.34
25.73
22.75
22.27
20.46
20.83
17.8
20.7
17.68
23.34
16.5
21.34
20.04
23.19
22.75
23.39
19.95
23.95
20.48
23.14
20.14
23.36
23.93
25.78
20.61
24.34
22.68
25.63
22.31
23.27
22.49
24.8
22.56
23.73
20.53
24.61
23.58
23.78
21.56
23.46
22.56
23.95
24.8
24.56
25.44
24.44
22.12
24.02
22.9
23.32
21.0
23.8
24.17
24.93
23.61
26.22
25.0
25.24
22.14
26.37
21.53
26.81
25.34
22.97
20.07
21.34
22.36
24.58
23.05
25.44
26.66
29.0
26.95
29.25
26.46
30.03
27.44
22.8
23.95
21.75
20.58
22.53
20.51
22.22
23.36
24.46
21.88
24.88
19.75
20.14
18.14
21.92
19.7
21.58
20.14
22.63
19.43
22.88
20.0
21.0
19.56
24.49
22.95
22.92
19.6
22.14
19.97
22.27
21.41
23.54
25.44
25.59
19.51
22.05
23.02
23.78
20.97
21.63
19.29
22.14
19.56
21.56
19.9
21.9
20.83
25.34
21.7
22.8
21.92
22.8
23.54
26.07
26.17
29.3
23.61
26.07
25.05
27.25
24.73
30.22
21.7
26.42
22.24
24.93
23.39
26.12
21.44
25.54
21.83
26.03
24.58
25.78
21.78
25.68
22.24
26.07
21.09
22.41
22.83
27.29
24.02
26.51
23.41
26.03
22.02
26.61
21.92
24.56
21.09
24.27
21.31
25.68
23.51
24.46
21.14
25.93
21.12
26.17
21.51
25.05
22.34
25.29
24.49
27.25
26.46
27.49
23.22
26.27
22.95
23.93
20.36
24.34
18.75
20.87
19.04
24.51
23.97
22.46
18.68
21.9
18.51
21.92
19.12
22.73
20.61
21.58
18.7
21.73
18.92
22.29
20.41
23.12
22.8
30.81
26.03
24.98
21.63
25.34
22.27
25.83
22.22
25.34
26.03
29.2
22.44
25.78
21.75
26.07
20.73
23.83
20.78
26.07
22.75
25.29
23.68
23.41
20.39
23.88
21.14
24.15
20.95
22.0
18.43
22.02
18.14
21.36
18.97
20.34
18.8
23.8
23.39
25.78
22.17
25.98
21.44
25.59
21.24
27.44
22.53
26.86
20.48
23.0
21.34
24.73
19.9
24.29
19.53
24.32
19.65
22.51
19.58
23.97
20.39
24.71
21.34
24.95
20.61
24.71
21.02
23.32
20.09
24.41
21.19
25.93
21.92
27.34
21.68
26.46
24.71
30.03
26.03
29.98
22.36
23.78
23.27
25.83
21.31
25.39
17.97
22.34
18.24
21.39
17.82
21.66
17.7
22.51
18.04
21.02
17.75
21.8
17.82
21.51
18.51
22.58
19.6
22.07
18.33
21.97
19.04
21.88
18.82
25.59
20.68
22.44
21.97
23.56
19.31
25.29
20.14
21.7
19.58
20.61
17.58
21.63
20.02
22.66
18.38
22.34
19.53
22.34
18.14
22.12
18.82
24.39
23.39
24.49
21.14
26.32
22.39
24.73
21.36
24.24
20.17
23.78
20.51
24.05
20.8
23.56
20.8
24.0
17.6
20.8
18.09
25.78
20.39
23.41
21.56
25.59
19.17
21.39
20.56
23.12
17.85
20.34
16.75
20.24
14.7
19.53
17.07
20.92
17.07
21.36
17.55
22.56
19.29
21.7
18.75
21.19
18.95
26.46
20.58
25.1
17.87
22.22
19.46
24.76
19.12
20.9
19.24
23.78
20.63
26.22
21.34
26.27
19.34
22.49
20.36
23.39
18.87
22.0
18.26
21.92
19.68
19.14
21.02
20.17
15.58
20.97
16.87
21.53
19.56
23.97
16.55
26.86
19.07
20.34
20.09
22.41
18.21
22.85
18.51
23.49
19.78
23.05
19.85
24.41
19.82
24.37
28.12
23.56
17.09
25.05
22.19
22.29
18.31
23.19
20.19
21.88
18.26
20.97
18.87
23.17
22.95
22.0
18.09
24.22
18.9
22.36
19.8
24.78
25.05
24.51
19.31
22.97
16.87
24.9
19.73
26.22
20.21
25.29
25.29
24.41
20.36
26.07
21.88
24.73
19.68
21.56
18.43
22.92
21.92
26.12
22.19
27.0
22.83
25.29
18.09
20.73
16.94
20.61
16.89
20.43
19.14
20.75
15.89
20.41
16.65
