5.835
5.835
5.835
5.835
5.835
5.835
5.835
5.835
5.835
5.835
5.835
5.835
5.835
5.835
5.835
5.835
5.835
5.835
5.835
5.835
5.835
5.835
5.835
5.835
5.835
5.835
5.835
5.835
5.835
5.835
5.835
5.835
6.287
12.67
16.89
18.12
18.97
19.46
19.95
20.24
20.53
20.8
20.83
20.83
20.48
19.87
19.53
17.26
15.06
9.924
14.7
17.48
18.77
19.6
20.07
20.48
20.78
20.8
20.75
20.39
19.63
19.24
17.29
15.99
10.51
15.84
17.29
18.16
18.95
19.56
20.12
20.63
20.85
20.83
20.58
19.53
17.53
14.79
11.01
14.43
16.58
17.63
18.63
19.43
19.92
20.39
20.73
20.83
20.83
20.87
19.9
19.04
16.06
12.96
12.46
16.28
17.46
18.68
19.73
20.43
20.78
20.8
20.78
19.95
19.51
16.8
14.36
10.06
9.46
8.813
14.79
17.38
18.77
19.7
20.12
20.51
20.78
20.78
20.85
20.04
19.12
17.82
14.97
13.6
10.38
9.753
9.827
11.01
8.862
11.12
9.705
10.84
10.62
18.53
20.75
20.65
19.29
18.63
17.82
18.02
18.92
19.56
20.17
20.68
20.73
20.24
19.65
19.53
17.68
15.72
11.21
10.9
15.77
17.41
18.53
19.53
20.19
20.73
20.8
20.78
19.75
19.09
18.51
14.82
11.17
9.607
10.13
9.265
9.204
12.74
20.29
20.8
20.75
20.56
19.48
15.75
12.74
20.36
20.75
20.75
20.75
19.02
14.33
19.82
20.8
20.75
20.73
20.02
19.36
13.89
9.595
17.7
20.8
20.78
20.65
20.04
15.62
17.19
20.8
20.75
20.78
20.09
18.48
10.45
9.07
9.045
14.04
20.63
20.8
20.75
20.8
19.24
15.92
9.729
9.216
8.911
9.351
8.862
9.241
9.277
10.53
19.02
20.8
20.75
20.8
20.19
16.31
17.24
20.83
20.78
20.75
20.02
15.77
6.024
6.03
7.605
8.875
10.16
9.729
9.387
18.53
20.78
20.78
20.24
18.53
13.45
20.56
20.75
20.73
20.41
19.41
12.89
11.83
9.326
11.62
20.34
20.78
20.75
20.19
16.87
12.38
10.99
19.19
20.83
20.75
20.9
20.56
16.36
10.63
11.54
10.8
9.241
9.302
9.424
9.314
9.46
9.546
11.39
19.97
20.75
20.87
20.17
12.26
7.568
9.412
10.41
13.01
20.75
20.75
20.85
20.43
17.31
10.58
10.34
19.38
20.8
20.75
20.8
20.19
18.14
10.68
8.533
14.4
20.7
20.8
20.78
20.8
20.19
14.36
8.801
8.655
8.594
8.899
11.55
19.9
20.78
20.8
20.7
19.68
12.17
8.606
13.89
20.68
20.8
20.75
20.78
20.31
10.29
6.036
6.03
6.03
8.081
8.582
9.07
8.521
8.667
8.618
9.937
19.14
20.83
20.8
20.83
17.58
10.28
14.94
20.83
20.78
20.9
20.73
14.28
13.55
20.73
20.75
20.85
16.58
7.886
8.984
10.14
10.4
10.03
8.435
8.459
8.704
8.301
11.74
20.46
20.83
20.92
20.73
15.82
9.204
10.08
9.265
9.045
8.887
10.31
19.38
20.8
20.78
20.87
20.8
20.31
20.14
19.75
19.63
19.6
20.07
20.48
20.73
20.85
20.85
20.83
20.83
20.83
20.83
20.83
20.83
20.8
20.8
20.83
20.83
20.83
20.8
20.8
20.8
20.8
20.8
20.8
20.8
20.8
20.8
20.8
20.8
20.83
20.83
20.83
20.8
20.8
20.8
20.8
20.8
20.83
20.8
20.83
20.8
20.83
20.83
20.83
20.9
21.12
21.04
21.0
21.04
21.04
21.02
21.04
21.02
21.02
21.02
21.02
21.02
21.04
21.07
21.04
21.07
21.07
21.07
21.09
20.92
20.63
15.53
14.65
16.99
18.07
18.85
19.58
20.07
20.43
20.78
20.85
20.85
20.83
20.83
20.83
20.83
20.83
20.85
20.85
20.85
20.85
20.85
20.85
20.83
20.83
20.83
20.83
20.83
20.83
20.83
20.83
20.83
20.83
20.83
20.83
20.83
20.83
20.8
20.83
20.83
20.83
20.83
20.83
20.83
20.83
20.8
20.8
20.8
20.83
20.83
20.8
20.8
20.9
20.97
20.87
20.83
20.87
20.9
20.85
20.83
20.83
20.85
20.83
20.85
20.83
20.85
20.85
20.83
20.87
20.85
20.8
20.63
20.51
20.53
20.58
13.18
14.82
17.48
18.48
19.24
19.8
20.29
20.61
20.85
20.85
20.83
20.83
20.85
20.83
20.83
20.83
20.83
20.83
20.83
20.83
20.83
20.83
20.83
20.83
20.83
20.83
20.83
20.8
20.8
20.8
20.83
20.83
20.83
20.8
20.8
20.8
20.8
20.83
20.8
20.8
20.8
20.8
20.83
20.8
20.8
20.8
20.83
20.8
20.95
20.87
20.83
20.83
20.85
20.83
20.8
20.83
20.83
20.8
20.83
20.85
20.85
20.85
20.85
20.85
20.87
20.85
20.68
20.41
20.36
16.63
13.06
17.24
18.12
18.41
18.51
17.77
16.87
16.82
15.06
12.33
16.58
17.8
18.29
18.51
18.43
17.6
17.02
16.89
13.79
17.87
20.73
20.8
20.78
19.73
16.72
9.033
14.94
17.16
18.19
19.09
19.75
20.17
20.53
20.85
20.85
20.85
20.85
20.83
20.85
20.83
20.85
20.83
20.83
20.83
20.83
20.83
20.83
20.83
20.83
20.83
20.83
20.83
20.83
20.83
20.83
20.83
20.83
20.83
20.83
20.83
20.83
20.83
20.83
20.83
20.83
20.83
20.83
20.83
20.8
20.8
20.83
20.83
20.83
21.02
21.09
21.02
20.83
20.85
20.85
20.85
20.83
20.83
20.83
20.83
20.83
20.85
20.87
20.85
20.85
20.87
20.73
20.7
20.61
19.14
12.99
14.62
12.46
16.11
15.99
20.73
20.75
20.75
19.48
19.36
17.85
15.72
15.11
20.17
20.8
20.78
20.75
19.51
19.09
18.77
14.89
15.19
17.8
20.8
20.8
20.78
20.0
18.99
19.14
20.78
20.8
20.78
20.63
19.65
19.46
15.84
13.45
11.18
12.92
12.3
11.56
11.93
11.78
10.39
12.84
20.26
20.83
20.78
20.78
19.85
19.58
14.7
13.31
20.31
20.8
20.78
20.8
20.39
19.34
17.02
12.02
12.1
19.73
20.83
20.78
20.8
20.36
19.85
16.21
12.96
11.32
10.82
12.74
20.19
20.83
20.75
20.78
20.65
20.12
14.11
15.97
20.83
20.78
20.78
20.53
19.87
17.43
12.57
11.32
10.66
9.412
10.56
10.67
10.18
12.38
12.16
19.65
20.8
20.75
20.68
19.6
18.82
12.44
18.55
20.83
20.75
20.75
20.56
20.09
12.92
10.07
9.534
9.558
9.546
9.668
9.619
8.838
13.67
20.61
20.8
20.78
20.75
20.31
13.33
6.25
6.226
6.226
6.226
6.226
6.226
6.226
6.226
6.226
6.226
6.226
6.226
6.226
10.06
9.497
10.34
11.01
8.85
9.741
11.45
11.39
10.28
11.15
19.19
