35.11
34.47
34.81
31.98
31.3
30.18
30.08
31.1
29.74
30.57
26.46
27.0
19.19
9.973
10.17
10.11
9.46
8.643
14.62
19.92
6.384
3.149
3.082
11.16
13.96
18.68
17.24
16.38
34.67
35.3
15.33
23.22
36.67
23.46
17.11
19.26
14.89
21.66
30.76
30.22
9.143
0.6744
0.1797
9.497
27.54
34.86
25.98
18.58
15.26
17.31
16.92
14.26
14.11
24.0
33.35
35.01
37.4
36.72
36.38
35.06
32.62
31.88
9.302
24.05
37.35
33.01
33.45
30.76
31.45
33.45
36.28
35.16
34.47
35.64
36.08
36.38
35.6
32.42
33.64
33.84
35.99
36.08
27.83
26.37
26.51
25.59
25.2
27.59
30.52
31.4
29.79
31.15
31.4
22.9
27.1
29.25
28.61
13.33
9.363
10.18
10.24
7.532
13.87
14.79
13.89
4.303
2.667
3.0
15.21
9.387
3.345
18.19
36.38
30.52
11.04
36.87
37.74
37.11
38.13
35.45
32.57
31.74
22.39
6.555
38.04
39.11
36.57
33.89
32.71
32.47
32.57
32.62
32.86
31.69
33.98
33.89
34.62
34.18
33.84
34.77
33.84
35.35
34.62
33.94
32.18
33.89
33.3
33.15
33.15
33.79
33.01
32.91
29.39
31.4
31.45
10.85
10.47
10.56
9.143
9.338
13.79
20.43
4.486
4.486
2.765
3.04
9.705
32.67
32.32
32.28
34.18
34.67
33.94
33.79
33.25
22.71
16.04
36.38
32.32
34.13
32.62
35.84
36.13
36.04
35.69
35.01
35.16
36.28
35.74
36.67
35.94
34.77
31.3
32.76
30.08
33.3
31.74
33.2
34.23
34.28
33.25
33.5
30.52
31.3
33.01
33.59
30.96
21.56
9.949
9.277
9.412
9.155
6.58
14.62
9.326
19.65
3.998
3.302
1.411
3.162
5.817
31.64
27.34
29.49
31.15
29.35
30.91
32.18
30.91
30.76
19.51
16.8
37.3
35.99
35.6
34.33
32.86
31.84
29.54
28.22
29.74
29.69
27.93
26.71
28.91
28.81
29.25
31.98
32.96
33.15
32.67
30.66
33.45
33.5
31.45
31.54
30.57
28.52
26.61
24.24
26.81
27.64
28.47
30.13
31.45
31.59
21.44
10.88
11.0
10.63
7.996
14.26
12.5
17.41
4.297
3.32
3.296
1.691
0.4814
0.09375
0.02861
0.02861
0.02604
0.03128
0.03128
0.03128
0.02861
0.03128
0.02604
0.03128
0.02861
0.03128
0.02861
0.03128
0.02861
0.03128
0.02861
0.03128
0.02861
0.03128
0.02861
0.03128
0.02604
0.03128
0.02861
0.03128
0.02861
0.03128
0.02604
0.03128
0.02861
0.03128
0.02604
0.03128
0.02861
0.03128
0.02861
0.02861
0.02604
0.02604
0.02604
0.02604
0.02604
0.02861
0.02604
0.02861
0.02604
0.02861
0.02861
0.02861
0.02604
0.02861
0.02604
0.02861
0.02604
0.02604
0.02346
0.02861
0.02604
0.02604
0.02604
0.02861
0.02346
0.02604
0.02604
0.02604
0.02604
0.02861
0.02861
0.02861
0.02604
0.03128
0.02604
0.02861
0.02861
0.02861
0.02604
0.02604
0.02346
0.02604
0.02604
0.02604
0.02604
0.02861
0.02604
0.02861
0.02604
0.02861
0.02346
0.02604
0.02346
0.02604
0.02604
0.02861
0.02346
0.02604
0.02604
0.02861
0.02346
0.02861
0.02604
0.02861
0.02346
0.02604
0.02346
0.02604
0.02346
0.02604
0.02346
0.02861
0.02604
0.02861
0.02604
0.02861
0.02346
0.02861
0.02346
0.02861
0.02604
0.02604
0.02604
0.02861
0.02604
0.02861
0.02604
0.02861
0.02861
0.02861
0.02346
0.02861
0.02346
0.02604
0.02604
0.02604
0.02604
0.02604
0.02604
0.02604
0.02346
0.02861
0.02346
0.02861
0.02604
0.02604
0.02604
0.02604
0.02604
0.02604
0.02604
0.02861
0.02346
0.02604
0.02604
0.02604
0.02604
0.02861
0.02346
0.02604
0.1093
10.62
36.13
33.5
35.11
35.69
33.98
32.18
32.62
35.79
37.5
36.82
36.77
32.91
31.2
33.74
35.89
37.01
36.13
30.96
31.01
31.79
32.91
31.15
29.88
31.59
31.69
31.98
32.96
31.49
33.4
33.64
26.71
10.69
9.399
9.656
10.52
10.22
17.99
16.63
14.75
3.064
0.3567
0.1511
0.02346
0.02861
0.02346
0.02861
0.02861
0.02861
0.02861
0.02861
0.02604
0.02861
0.02346
0.02861
0.02861
0.02861
0.02346
0.03128
6.445
31.93
30.03
32.91
32.13
33.01
32.62
32.81
33.94
35.01
35.21
35.01
33.69
34.72
32.91
34.13
35.4
31.98
32.03
31.59
32.03
30.66
32.91
33.4
32.32
30.66
30.32
29.74
31.3
33.4
32.76
32.03
26.76
11.33
9.033
8.74
8.496
9.912
10.24
17.85
11.62
19.26
2.356
0.3723
0.1171
0.02861
0.02604
0.02861
4.193
28.37
34.03
34.47
31.05
31.69
31.01
30.57
32.28
34.13
35.25
36.72
34.47
34.47
32.23
32.18
32.71
33.45
33.15
30.18
33.54
33.5
34.13
33.89
32.57
32.37
32.86
33.3
32.57
28.81
28.81
30.18
26.27
12.74
9.412
9.143
9.583
10.46
10.24
15.41
19.92
7.227
2.46
0.362
2.628
18.9
34.47
32.18
33.54
33.11
29.15
28.27
33.98
35.11
35.99
33.54
33.84
33.4
31.49
29.15
31.69
33.25
34.72
36.13
35.4
35.4
35.64
31.98
30.42
30.52
32.08
33.98
31.1
30.66
30.03
29.05
30.91
21.97
10.71
10.39
10.46
11.63
11.24
16.58
18.7
1.898
0.3098
0.09632
0.02346
0.02861
0.02346
0.02861
0.02346
0.02604
0.02604
0.02604
0.02604
0.02604
0.02604
0.02861
0.02604
0.02604
0.02604
0.02604
0.02346
0.02604
0.02604
0.02604
0.02604
0.02604
0.02346
0.02861
0.02346
0.02604
0.3777
0.1589
0.1171
0.02604
0.02346
0.02861
0.02604
0.02861
4.468
9.045
10.84
10.94
10.38
8.582
2.71
0.1823
0.05989
0.02861
0.02346
0.02861
4.083
31.98
39.75
39.45
38.18
35.5
35.5
32.62
33.3
32.91
33.4
32.23
33.98
33.25
34.18
34.38
34.18
34.18
35.3
34.77
31.74
31.79
30.13
28.96
29.2
30.47
33.69
31.84
32.52
32.62
34.13
32.52
12.82
10.64
10.84
12.67
18.65
14.48
17.38
2.094
0.3075
0.09375
0.02604
0.02604
0.02604
0.02604
0.02604
0.02604
0.02604
0.02604
0.02079
0.02604
0.02604
0.02604
0.02604
0.02604
0.02079
0.03128
0.02604
0.02604
0.02079
0.02604
0.02604
0.02604
0.02604
0.02604
0.02604
0.02604
0.02604
0.02604
0.02604
0.02604
0.02604
0.02604
0.02604
0.02604
0.02604
0.02604
0.02604
0.03128
0.02079
0.02604
0.02604
0.02604
0.02604
0.02604
0.02604
0.02604
0.02079
0.03128
0.02604
0.02604
0.02604
0.02604
0.02604
0.02604
0.02604
0.03128
0.02079
0.02604
0.02604
0.02604
0.02604
0.02604
0.02604
0.02604
0.02604
0.02604
0.02604
0.02604
0.02604
0.02604
0.02604
0.02604
0.02604
0.02604
0.02604
0.02604
0.02604
0.02604
0.02604
0.02604
0.02604
0.02604
0.02604
0.02604
0.02604
0.03128
0.02079
0.03128
0.02604
0.02604
0.02604
0.03128
0.02604
0.02604
0.02604
0.03128
0.02604
0.02604
0.02604
0.03128
0.02604
0.02604
0.02604
0.02604
0.02604
0.03128
0.02604
0.02604
0.02604
0.03128
0.02604
0.03128
0.02604
0.03128
