22.34
18.95
24.63
20.0
18.16
13.65
17.65
14.16
17.94
15.8
13.55
17.77
14.97
22.97
26.51
16.67
21.24
16.8
20.34
15.72
18.19
15.01
18.92
15.06
19.04
15.53
19.48
15.23
19.56
16.21
19.56
16.85
15.33
23.39
16.63
15.82
19.56
15.26
19.48
16.06
19.31
15.23
18.53
15.41
18.68
15.53
28.52
18.7
18.58
23.54
15.41
15.36
20.09
17.24
20.02
16.87
19.31
18.87
20.43
17.46
20.97
17.02
20.19
14.97
17.68
13.28
20.51
16.53
20.61
18.55
20.83
13.6
17.53
14.26
16.21
22.22
14.77
18.55
15.19
18.65
14.45
19.97
16.46
22.71
16.11
19.04
15.82
18.51
14.04
19.68
14.77
17.63
14.84
17.77
14.58
17.99
15.01
18.55
16.41
19.97
16.8
21.34
17.31
19.82
16.8
19.82
16.5
20.78
16.58
20.04
16.6
20.36
16.94
21.07
17.21
21.51
19.95
25.1
16.72
19.75
19.73
23.22
19.87
19.6
16.48
20.07
16.38
19.92
16.31
19.24
22.09
16.26
15.38
15.6
21.22
18.07
21.73
18.8
23.02
17.16
20.53
19.17
22.88
18.02
20.39
16.99
22.83
14.11
18.21
14.11
17.36
23.29
13.79
14.48
18.36
13.62
21.24
16.7
20.17
15.62
16.33
12.84
19.21
20.85
15.53
18.6
14.99
15.16
18.85
26.71
20.46
16.87
13.06
26.46
20.63
15.72
14.38
17.5
13.65
17.55
14.36
19.21
13.62
17.68
22.29
23.97
16.75
19.02
22.34
15.5
22.14
16.06
20.95
15.48
19.7
16.28
18.14
16.26
20.53
16.38
18.29
21.17
14.28
17.63
14.94
17.72
14.04
17.94
14.75
20.19
16.85
15.04
18.48
14.84
19.21
18.6
15.89
16.31
18.82
15.7
19.51
15.33
18.55
16.72
23.27
18.8
21.09
16.31
20.43
17.92
21.9
16.33
19.95
16.06
19.92
15.5
18.55
15.62
18.63
14.92
18.85
15.67
19.95
16.82
20.61
16.33
19.97
21.58
18.9
18.14
22.31
16.26
20.07
16.21
18.7
15.77
19.51
15.33
21.75
16.36
20.26
19.63
21.7
17.9
27.25
22.56
24.78
19.24
23.68
23.17
24.98
17.68
21.31
16.85
19.6
17.99
21.12
17.31
19.6
16.97
24.66
22.83
22.07
16.85
21.75
19.34
22.02
19.85
21.0
22.27
25.59
21.29
24.85
20.31
26.76
19.95
23.68
21.02
30.22
25.29
22.92
20.04
24.17
20.29
22.51
21.31
28.81
20.53
22.83
19.92
23.46
19.58
24.32
19.65
24.73
19.73
21.26
20.02
23.17
19.41
25.44
18.77
22.68
19.19
22.24
18.73
21.7
19.24
25.44
22.85
24.51
19.07
23.39
20.21
21.97
19.36
23.0
19.26
23.39
18.68
22.58
20.75
23.93
20.31
23.68
20.8
23.9
22.44
24.76
22.51
28.32
24.17
28.66
22.61
24.34
19.43
23.8
19.29
22.61
20.12
21.97
19.09
23.32
20.12
21.07
19.51
27.49
20.65
21.48
17.16
22.53
19.75
23.12
19.17
23.32
17.9
20.53
17.38
22.92
17.94
21.88
19.73
21.73
18.77
20.65
18.8
23.51
21.85
20.53
19.29
21.14
19.21
20.19
17.82
19.8
18.41
19.9
20.41
24.0
21.9
23.73
19.51
20.46
18.63
19.53
17.6
18.63
18.82
19.29
18.31
19.63
16.94
18.6
17.55
19.6
18.58
21.0
17.43
19.36
18.04
20.19
21.68
21.07
19.68
23.68
21.26
23.17
21.51
22.88
20.24
21.73
18.87
20.17
18.63
21.58
19.68
20.34
18.16
18.85
17.68
19.65
17.14
20.92
19.63
21.07
18.85
21.02
19.56
20.39
16.82
18.95
18.29
21.26
19.6
21.31
19.36
21.85
19.14
20.73
19.31
21.73
17.85
20.58
18.77
21.53
20.85
22.83
20.61
22.41
24.02
23.85
21.66
22.95
20.58
22.02
21.51
22.71
21.36
23.1
21.14
23.1
21.63
22.71
20.0
22.44
21.29
23.44
21.68
23.78
22.34
27.1
26.42
25.68
22.41
25.24
24.0
23.66
25.05
25.93
21.51
21.88
21.07
22.71
20.02
21.78
20.39
24.49
23.1
26.27
24.15
25.83
19.92
22.85
21.36
24.37
22.12
26.12
21.34
24.61
22.44
23.9
19.9
22.8
20.24
27.73
20.7
23.41
20.95
26.37
24.02
25.78
23.73
25.39
19.8
22.95
22.68
27.39
23.19
26.22
21.88
23.78
20.58
22.56
20.26
23.66
21.88
24.76
21.39
28.12
23.12
26.61
21.07
22.51
21.58
25.29
20.56
26.27
20.95
23.27
19.26
20.87
18.33
19.17
16.6
19.19
17.36
18.26
16.31
23.12
20.97
22.88
20.95
23.05
15.89
19.19
18.02
22.0
23.14
23.66
18.38
20.85
20.85
24.34
22.12
27.64
24.61
26.17
25.24
28.52
24.51
26.37
23.27
24.73
20.87
24.02
22.14
28.32
19.36
22.53
18.46
20.02
16.97
18.53
16.38
22.02
19.07
19.92
14.65
17.99
15.94
23.71
19.65
16.21
16.04
18.7
16.65
20.14
19.87
22.78
16.99
17.09
16.04
19.58
15.7
16.48
33.45
25.34
15.36
19.38
20.58
16.31
20.12
17.48
18.95
15.67
19.48
20.31
24.22
18.33
23.63
19.95
22.9
18.07
18.68
16.28
19.73
15.23
21.02
22.34
14.92
17.6
20.17
19.95
21.44
18.38
23.22
17.29
20.51
17.21
21.12
19.34
23.17
15.55
18.92
16.28
19.65
22.51
18.7
19.65
22.88
19.21
22.83
17.75
20.0
16.26
20.46
16.24
21.17
16.43
20.36
17.75
20.56
16.06
20.31
16.55
20.26
16.63
20.0
16.21
25.24
19.26
19.53
16.63
19.43
18.04
23.0
18.92
22.83
19.07
21.41
19.34
22.12
19.04
25.34
20.65
24.17
20.73
25.05
24.34
24.85
19.51
23.32
20.68
23.39
19.14
21.85
18.77
23.83
21.56
23.46
18.92
22.51
19.9
23.22
20.41
25.59
20.61
26.46
25.1
25.44
21.85
24.07
23.39
25.98
23.14
26.66
22.34
22.53
20.61
23.56
20.02
24.63
21.9
25.44
26.46
27.54
25.98
24.07
17.8
23.22
19.41
22.46
18.97
22.61
19.12
22.71
19.17
22.29
15.72
20.39
19.75
24.56
21.34
24.44
22.53
26.22
21.58
23.63
21.26
29.05
21.34
25.29
22.12
27.1
25.93
26.56
20.0
23.27
20.0
22.75
18.95
23.73
18.7
24.41
19.82
22.24
18.33
26.51
20.14
22.31
19.68
22.49
18.53
21.48
19.53
23.14
18.92
23.66
20.41
22.46
20.53
22.29
19.31
22.49
18.43
22.78
18.63
21.17
18.12
21.14
18.12
21.78
18.33
22.41
19.8
23.56
20.63
24.49
21.07
23.56
20.53
23.14
19.97
24.02
20.92
25.49
20.95
24.41
21.12
25.78
20.95
24.12
25.15
26.46
20.95
26.46
19.73
23.07
19.82
24.44
20.53
24.32
22.49
24.12
20.0
23.54
16.24
25.24
21.48
24.02
20.07
22.73
19.26
23.34
19.75
24.0
23.0
24.19
19.7
23.39
20.75
23.39
19.36
22.61
19.21
22.75
19.38
22.53
19.26
23.27
24.9
21.97
18.9
22.12
18.68
22.71
19.7
23.9
18.31
