5.64
5.64
5.64
5.64
5.64
5.64
5.64
5.64
5.64
5.64
5.64
5.64
5.64
5.64
5.64
5.64
5.64
5.64
5.64
5.64
5.64
5.64
5.64
5.64
5.64
5.64
5.64
5.64
5.64
5.64
5.64
5.64
5.981
8.484
13.82
15.41
16.06
16.5
16.92
17.11
17.41
17.63
17.82
17.36
14.92
14.36
14.01
11.93
8.264
12.65
15.48
16.28
16.85
17.21
17.46
17.75
16.33
14.4
13.4
12.41
9.644
7.898
12.77
15.11
15.82
16.28
16.67
17.09
17.24
17.5
17.68
17.8
15.16
14.01
12.99
12.05
10.57
8.362
10.49
14.89
15.92
16.53
16.97
17.26
17.68
17.75
14.72
13.94
12.99
11.28
9.021
14.45
15.75
16.41
16.85
17.14
17.46
17.6
16.09
14.11
13.38
12.44
9.485
16.63
20.61
20.78
18.36
14.7
18.85
20.56
17.97
17.38
16.92
16.65
17.14
17.58
17.53
15.21
14.21
13.67
11.57
8.508
12.67
15.53
16.48
17.24
17.68
15.43
14.4
11.63
8.765
17.99
20.29
12.04
12.65
16.21
17.07
17.68
16.85
14.75
13.45
8.679
9.155
9.033
8.96
8.911
8.887
11.96
16.31
17.29
17.87
16.14
14.53
14.18
9.79
9.082
9.253
8.362
13.96
15.7
16.33
16.87
17.26
17.43
17.75
17.82
15.53
14.06
14.16
12.55
9.351
8.972
8.887
8.911
8.875
8.838
15.77
20.34
20.14
17.5
17.24
11.23
6.763
5.829
5.634
5.64
5.64
6.702
9.082
8.398
9.094
8.691
8.667
8.618
9.155
8.557
9.045
8.374
8.96
9.155
7.825
16.11
20.07
20.17
17.99
11.18
5.896
5.713
5.64
5.64
5.64
6.653
8.85
8.972
8.923
8.875
8.716
8.911
8.813
12.7
19.68
20.24
18.21
17.11
9.399
8.63
12.08
19.95
20.36
17.65
14.16
5.89
5.829
5.829
5.829
6.75
8.459
8.63
8.667
8.716
8.691
8.667
8.643
12.16
18.87
20.14
19.75
17.41
13.62
17.97
20.17
20.12
17.38
17.46
8.85
10.05
17.07
19.9
19.7
17.31
16.85
13.75
8.789
8.301
8.313
8.459
8.557
9.375
8.472
8.533
9.241
8.337
8.521
8.484
8.887
8.618
8.582
9.839
18.19
20.36
19.07
17.94
9.875
6.836
8.923
12.18
19.9
20.24
16.99
11.4
9.131
8.447
8.948
8.752
8.838
8.862
9.265
17.8
20.51
18.7
12.74
18.29
20.58
18.46
9.973
6.073
5.829
6.775
8.521
8.899
10.11
19.34
20.46
17.82
15.55
13.65
20.61
19.07
17.04
9.106
8.545
8.777
15.87
20.65
20.02
17.53
8.228
6.183
5.829
5.829
5.829
6.738
9.033
8.679
8.203
11.66
19.02
20.58
20.04
17.38
16.21
8.923
8.289
8.35
9.07
8.301
11.73
19.21
20.68
20.58
18.33
12.92
6.409
5.914
5.829
6.702
10.85
9.143
17.31
20.7
19.31
12.87
18.41
20.39
17.82
16.38
8.862
8.752
8.191
15.45
20.8
20.83
19.21
9.46
11.76
20.75
19.43
11.24
15.23
16.67
17.5
17.87
18.21
18.53
18.75
18.87
18.95
19.09
19.14
19.24
19.34
19.51
19.53
19.58
19.73
19.82
20.0
20.12
20.12
17.94
17.09
19.04
20.68
20.68
20.68
20.68
20.7
20.7
19.26
18.8
18.8
18.8
18.29
11.57
12.74
16.02
16.89
17.36
17.7
17.97
18.24
18.41
18.58
18.58
18.77
18.87
18.97
18.97
19.17
19.17
19.34
19.51
19.53
19.58
19.73
19.78
19.92
19.95
20.12
19.78
16.75
17.36
19.24
19.85
20.12
20.12
20.0
19.9
19.78
19.73
19.24
18.43
17.97
17.33
13.53
11.78
16.24
17.02
17.53
17.87
18.09
18.36
18.6
18.75
18.85
18.97
18.97
19.12
19.17
19.21
19.36
19.51
19.56
19.56
19.56
19.56
19.73
19.75
19.8
19.95
20.02
20.14
20.12
17.19
17.29
19.6
20.68
20.68
20.63
20.29
20.29
19.43
18.04
17.85
17.36
10.8
14.7
16.6
17.24
17.72
17.92
18.24
18.53
18.75
18.85
18.97
19.09
19.17
19.19
19.36
19.36
19.53
19.63
19.73
19.75
19.75
19.9
19.95
20.02
20.14
20.14
19.19
16.92
18.55
19.34
20.24
20.51
20.48
20.48
20.51
20.53
20.53
19.36
17.97
17.82
17.82
17.68
11.74
13.5
16.04
16.82
17.36
17.82
17.94
18.16
18.41
18.65
18.8
18.8
18.92
18.99
18.99
18.99
19.04
19.19
19.19
19.19
19.21
19.38
19.43
19.56
19.58
19.58
19.6
19.7
19.75
19.75
19.9
19.95
19.97
20.14
19.41
17.26
18.73
20.19
20.51
20.48
20.48
20.48
20.07
19.73
19.36
18.48
17.24
16.85
16.67
16.67
16.58
11.69
13.18
15.82
16.41
16.67
15.09
12.79
12.77
12.17
14.09
18.43
19.21
18.82
16.75
14.5
13.43
15.65
16.41
16.8
15.87
12.84
12.87
12.67
12.89
18.19
19.29
18.95
16.94
13.5
13.99
16.06
16.7
17.02
17.46
17.68
17.85
18.02
18.07
18.29
18.48
18.6
18.7
18.8
18.8
18.92
18.99
18.99
18.99
19.17
19.19
19.19
19.19
19.29
19.38
19.43
19.58
19.58
19.58
19.56
19.58
19.58
19.7
19.75
19.78
19.82
20.02
20.14
20.14
20.14
20.14
19.58
16.6
18.41
19.97
20.24
20.09
20.09
20.12
20.12
20.04
19.17
18.02
17.6
16.72
16.48
16.04
11.19
13.62
15.8
16.46
16.89
17.26
17.55
17.77
17.97
18.12
18.46
18.63
18.75
18.95
18.99
19.14
19.17
19.34
19.34
19.46
19.53
19.53
19.53
19.65
19.75
19.75
19.75
19.78
19.95
20.02
20.14
20.14
20.14
20.12
20.02
16.99
18.53
19.26
20.58
20.87
20.87
20.78
20.65
20.68
19.34
16.19
15.55
15.5
15.5
11.84
9.656
9.888
9.766
8.765
14.53
16.16
16.72
17.14
17.46
17.72
17.85
18.02
18.14
18.36
18.51
18.6
18.68
18.8
18.85
18.99
18.99
18.99
18.99
19.12
19.19
19.19
19.26
19.38
19.38
19.51
19.58
19.58
19.58
19.58
19.58
19.78
19.78
19.78
19.78
19.92
19.97
20.02
20.14
20.14
20.14
20.14
17.04
16.89
18.99
19.6
19.92
19.92
19.92
19.92
19.92
19.92
19.82
19.68
17.7
17.16
17.04
16.85
16.65
16.06
9.558
9.167
8.887
9.021
9.46
8.887
9.204
11.35
19.12
20.43
20.26
17.72
16.55
13.16
9.07
8.875
9.729
10.66
16.94
19.75
19.87
18.55
12.82
6.262
6.024
6.024
6.024
6.024
6.024
6.024
6.024
6.024
6.024
6.024
6.024
6.024
6.024
8.826
9.033
9.814
10.62
17.65
20.09
19.97
17.94
12.4
12.7
18.77
