19.46
17.36
28.91
31.79
19.73
18.33
15.55
18.77
19.31
16.11
22.05
27.73
29.1
12.74
0.9247
0.3098
0.02861
0.02861
0.02604
8.972
15.67
16.72
17.14
14.65
24.29
31.45
27.69
26.22
33.64
20.29
16.38
16.58
16.63
11.66
31.4
38.09
37.7
35.79
34.47
14.72
26.42
31.01
13.48
23.75
34.03
35.6
36.38
36.72
25.68
34.77
28.03
13.77
13.57
16.77
16.16
15.28
17.07
13.5
16.28
14.79
16.67
8.179
33.59
35.89
36.23
33.54
31.88
32.62
26.61
19.21
18.97
15.01
30.13
31.84
22.88
30.76
29.64
16.85
17.55
15.11
35.94
35.74
33.06
31.98
24.22
33.35
26.42
14.72
19.36
35.3
36.67
37.16
33.89
32.32
28.22
19.04
17.77
15.5
17.97
17.77
14.72
18.51
12.5
36.18
35.21
34.72
34.33
24.61
35.4
28.86
8.362
35.74
36.47
36.08
34.96
33.5
34.33
18.8
20.19
17.36
18.85
15.21
24.0
33.5
34.28
32.23
29.93
28.56
31.35
24.51
14.16
17.5
16.04
15.45
22.58
31.93
31.01
31.3
31.1
28.52
34.03
27.0
22.53
29.64
27.34
18.77
2.682
0.7812
34.28
34.08
34.91
35.35
26.32
33.4
29.74
17.53
14.6
13.4
31.05
33.79
33.25
35.25
30.18
31.49
27.54
16.55
24.46
32.37
30.47
29.0
31.2
25.1
24.07
30.27
20.51
15.14
18.46
17.48
11.16
24.15
24.83
27.1
4.181
0.6798
0.09632
0.02861
0.02604
0.02861
0.02604
6.628
20.63
29.25
30.13
16.72
17.19
16.19
12.28
29.64
27.34
16.55
17.04
19.31
17.11
16.06
27.54
29.35
20.29
0.9247
0.4555
0.03128
0.02604
0.03128
0.02604
10.57
15.7
23.95
26.81
24.39
18.02
10.21
15.92
18.92
13.35
14.4
17.85
18.12
14.87
15.67
15.89
12.79
0.2213
0.09375
0.02604
0.02861
0.02861
0.02861
0.02861
8.191
18.36
14.72
15.65
16.5
12.92
14.87
18.82
16.46
14.53
15.26
15.01
15.5
16.99
19.63
20.34
16.04
0.7683
0.4272
0.03128
0.02861
0.02604
0.03128
0.02604
8.948
12.67
13.13
15.84
16.31
18.53
19.31
12.99
13.16
12.99
13.79
14.6
14.7
16.06
17.29
19.48
18.53
2.896
0.5569
0.1068
0.03386
0.03386
0.0391
0.03386
10.79
12.74
11.52
16.77
14.82
16.99
13.96
16.14
17.11
17.9
18.24
15.67
15.99
24.22
27.39
26.37
5.377
0.7523
0.1354
0.02861
0.03128
0.02861
0.02861
0.02861
0.03128
14.45
27.29
26.9
18.8
26.56
28.42
23.83
11.4
25.29
30.08
25.29
13.13
16.7
14.14
18.02
29.3
29.15
7.141
0.7263
0.1537
0.02604
0.03128
0.02861
0.03128
10.1
20.85
20.24
18.73
12.4
12.34
13.82
15.11
13.82
3.754
14.89
10.42
19.56
12.24
16.6
10.29
0.2968
0.1354
0.02604
0.03128
0.02861
0.02861
0.02861
4.553
15.36
12.37
16.87
13.57
11.47
14.38
19.78
19.36
25.98
13.94
16.46
14.45
2.725
10.38
14.92
14.62
16.63
24.83
25.29
28.37
10.89
31.35
33.94
34.13
34.77
34.72
35.74
34.57
33.64
34.52
34.57
31.35
32.32
34.42
35.25
36.91
35.45
35.5
35.16
26.95
15.04
35.45
35.55
34.81
29.74
24.68
25.63
24.22
24.37
14.79
3.497
31.59
34.62
34.72
31.25
34.23
35.4
33.54
33.94
33.89
33.94
34.81
30.76
32.13
30.66
33.11
31.54
33.45
34.57
31.74
20.73
24.44
34.77
35.45
30.66
29.64
24.1
26.95
29.79
23.49
12.19
34.62
31.4
32.23
28.47
33.5
32.03
31.98
31.69
35.3
34.38
34.18
33.74
30.03
27.49
31.01
32.47
31.25
31.69
30.18
29.98
12.57
26.03
33.5
33.84
35.89
31.54
26.61
30.03
26.32
8.215
19.41
34.77
33.25
29.69
33.45
30.66
34.33
33.3
35.21
31.74
27.15
27.1
27.29
27.25
26.32
22.56
21.14
21.58
21.17
19.7
19.12
18.19
19.14
20.73
19.34
11.52
19.21
21.56
21.48
22.17
22.44
20.07
19.63
19.34
18.33
19.14
18.7
22.41
7.349
2.609
19.36
31.79
33.89
33.59
33.25
34.72
31.01
31.25
31.45
29.74
31.35
34.33
33.74
33.64
32.18
33.98
31.98
31.1
31.49
28.47
15.89
23.07
30.13
28.76
32.67
31.49
29.39
24.95
29.98
25.83
7.361
23.22
32.42
33.11
32.23
31.69
34.91
32.28
32.76
33.11
33.64
31.25
28.71
30.76
31.01
31.49
32.18
33.98
33.64
34.08
33.06
16.33
29.25
33.2
34.81
29.98
25.83
25.88
26.95
24.63
13.65
27.64
35.6
34.67
29.79
35.84
17.77
30.66
34.57
34.62
29.98
32.62
23.41
25.54
31.2
24.73
27.34
19.95
23.58
34.86
28.96
28.66
25.2
18.6
31.54
30.86
24.34
28.71
20.63
29.74
29.79
17.11
34.72
31.3
32.08
18.87
19.58
31.45
34.72
34.86
36.33
35.64
33.64
34.81
32.67
33.01
34.57
34.91
34.57
33.45
30.91
25.83
18.12
15.19
15.26
15.38
15.43
15.45
15.33
12.6
17.09
15.8
15.6
16.04
15.8
15.99
16.24
15.77
15.84
15.89
15.94
16.43
15.26
16.14
19.17
15.58
10.39
34.96
32.18
34.47
37.6
37.7
37.5
38.48
34.38
33.84
33.45
31.54
33.45
36.04
37.11
36.91
33.11
29.39
32.71
22.9
37.89
32.42
28.86
25.88
23.29
20.85
19.21
19.56
16.87
16.33
2.869
12.92
17.11
15.72
15.62
17.16
15.28
15.58
17.36
18.85
18.16
18.48
20.29
20.0
19.85
19.31
19.02
21.56
30.18
33.06
31.49
26.37
22.75
22.0
21.24
21.53
20.85
19.36
17.82
17.38
16.58
17.29
25.59
16.02
21.61
21.36
19.8
18.65
22.92
26.9
28.32
29.49
29.88
20.73
19.56
20.17
8.85
23.02
27.0
25.44
25.68
18.07
19.46
19.85
22.73
26.17
27.05
25.0
19.9
20.14
25.93
28.42
20.41
22.39
15.16
21.85
21.63
14.62
20.87
22.44
25.1
26.71
14.16
22.31
26.03
23.71
24.58
27.15
26.86
25.68
23.75
23.83
21.83
24.15
27.73
30.03
28.08
24.51
25.93
28.96
26.42
28.76
27.49
25.98
25.78
25.44
23.22
23.07
15.97
17.6
17.02
18.77
26.37
28.42
29.15
26.12
22.92
22.09
25.63
21.02
0.3437
0.07811
8.875
13.82
17.68
12.6
18.38
18.07
13.55
14.01
18.63
25.78
27.88
21.48
16.94
17.82
15.06
13.84
15.55
14.84
0.396
0.1303
0.02604
0.02604
0.03128
0.02604
0.03128
0.03128
0.03128
0.02604
0.03128
0.02604
0.03128
0.02604
0.03128
0.02604
0.03128
0.02604
0.03128
0.02604
0.02604
10.12
15.45
15.82
15.62
16.16
18.58
17.41
14.58
14.45
13.38
