0.08717
0.03748
0.01593
0.01955
0.0124
0.09975
0.03033
0.01793
0.01516
0.02069
0.1026
0.03042
0.01287
0.0206
0.0164
0.09708
0.02203
0.01459
0.01431
0.02203
0.09689
0.09451
0.04807
0.01497
0.0267
0.1017
0.09098
0.02279
0.01078
0.04177
0.09975
0.03109
0.01411
0.01659
0.04234
0.1095
0.06685
0.01812
0.01154
0.05417
0.08125
0.01144
0.01078
0.01326
0.0617
0.09031
0.01249
0.0124
0.01469
0.07105
0.06704
0.01421
0.0123
0.01726
0.06838
0.07
0.01106
0.01841
0.01192
0.08459
0.05264
0.01717
0.02165
0.0185
0.09804
0.09708
0.01326
0.0186
0.01421
0.09861
0.08392
0.01545
0.01726
0.01755
0.09995
0.0947
0.01173
0.01431
0.01402
0.1038
0.06771
0.01907
0.01316
0.01726
0.1001
0.0577
0.01411
0.01907
0.01831
0.1066
0.0392
0.01202
0.01488
0.02708
0.09451
0.02022
0.01211
0.01364
0.02689
0.1019
0.05846
0.01402
0.0124
0.04005
0.06304
0.03967
0.01011
0.01373
0.05646
0.09184
0.01965
0.0144
0.01307
0.04559
0.1081
0.02193
0.01297
0.01764
0.08106
0.08049
0.01001
0.01354
0.02661
0.08135
0.037
0.01373
0.01116
0.03672
0.08621
0.01593
0.01211
0.01507
0.05102
0.07277
0.01144
0.01173
0.01535
0.07057
0.03977
0.01202
0.01287
0.01392
0.08831
0.02165
0.01144
0.01564
0.0391
0.06466
0.01001
0.01783
0.01001
0.05989
0.07029
0.01612
0.01459
0.01402
0.06819
0.05112
0.009727
0.01745
0.02823
0.0988
0.03366
0.01478
0.0123
0.06218
0.05884
0.01373
0.01116
0.01307
0.08535
0.04826
0.01078
0.01221
0.04616
0.1009
0.01745
0.0144
0.01488
0.09079
0.05407
0.01421
0.0165
0.04025
0.09289
0.01822
0.0102
0.0123
0.08211
0.04501
0.01335
0.0165
0.04978
0.0761
0.01173
0.01307
0.0123
0.09565
0.03328
0.01307
0.01011
0.06752
0.07553
0.01411
0.01307
0.02041
0.09613
0.02747
0.0123
0.01774
0.0617
0.08698
0.01287
0.01793
0.01907
0.09632
0.02241
0.01516
0.008488
0.05636
0.07563
0.01898
0.01373
0.01917
0.09594
0.02232
0.01116
0.01907
0.05236
0.07029
0.01383
0.01497
0.0206
0.08793
0.01392
0.01717
0.01497
0.0679
0.06638
0.009537
0.01564
0.0246
0.09394
0.02613
0.01087
0.01631
0.05312
0.07315
0.01249
0.01755
0.0227
0.09012
0.01268
0.01316
0.01345
0.05074
0.05789
0.00248
0.007248
0.005627
0.05684
0.0144
0.01469
0.01688
0.06056
0.07286
0.02356
0.01745
0.02089
0.1038
0.02365
0.02251
0.007439
0.06275
0.1268
0.04921
0.0123
0.01297
0.09165
0.05846
0.0145
0.01535
0.03166
0.09594
0.06561
0.01278
0.02155
0.04711
0.06437
0.01507
0.01698
0.01059
0.07353
0.05283
0.008869
0.02098
0.01574
0.08106
0.05665
0.01583
0.01268
0.02193
0.1055
0.0144
0.01078
0.01554
0.04816
0.08936
0.01373
0.01936
0.01345
0.0453
0.06933
0.01211
0.01383
0.0123
0.06199
0.05541
0.009441
0.0145
0.01211
0.08335
0.02441
0.01841
0.00906
0.03061
0.09146
0.04244
0.04864
0.04787
0.06561
0.08526
0.01268
0.01497
0.01354
0.07915
0.01173
0.01345
0.0124
0.02136
0.07029
0.01793
0.01402
0.01755
0.033
0.06723
0.01564
0.01688
0.01249
0.02394
0.06533
0.01364
0.01211
0.01307
0.01783
0.05941
0.01068
0.009727
0.01268
0.01364
0.08774
0.01507
0.01011
0.01297
0.01287
0.07601
0.02308
0.01326
0.01297
0.01545
0.08678
0.03309
0.01259
0.01507
0.01278
0.05827
0.06275
0.01364
0.01183
0.01354
0.08678
0.01783
0.01097
0.01354
0.01259
0.09804
0.01354
0.01459
0.01574
0.0226
0.09298
0.01459
0.01345
0.01774
0.04148
0.04902
0.01125
0.0104
0.01383
0.05217
0.0411
0.01259
0.009346
0.01717
0.06371
0.0246
0.01259
0.01421
0.01516
0.09565
0.01316
0.01345
0.01183
0.02499
0.06733
0.01545
0.01431
0.01469
0.04625
0.07153
0.01507
0.01106
0.01249
0.06132
0.0473
0.01669
0.01221
0.01707
0.08726
0.02775
0.01707
0.02012
0.02203
0.08783
0.01326
0.01516
0.0123
0.03586
0.05455
0.01802
0.01335
0.01678
0.06828
0.08154
0.02222
0.01936
0.01307
0.1032
0.02794
0.01526
0.01154
0.03033
0.0742
0.01297
0.01087
0.01698
0.05722
0.06247
0.01326
0.01945
0.01783
0.1089
0.03319
0.02003
0.0164
0.04435
0.0926
0.01945
0.01764
0.02289
0.08659
0.0453
0.01831
0.01593
0.03052
0.1091
0.01755
0.01974
0.01822
0.0865
0.05465
0.01764
0.01993
0.02861
0.1326
0.01774
0.01125
0.01602
0.07839
0.07257
0.0124
0.01783
0.033
0.1234
0.01621
0.01535
0.01554
0.09089
0.1043
0.01736
0.01554
0.02747
0.1085
0.01717
0.01345
0.01488
0.05732
0.1244
0.05112
0.02069
0.01173
0.1106
0.02823
0.01345
0.01469
0.05989
0.08249
0.01793
0.01574
0.01574
0.1043
0.02985
0.01154
0.01583
0.06847
0.1617
0.06361
0.01907
0.01345
0.09537
0.02241
0.01965
0.01478
0.05798
0.09956
0.01945
0.01869
0.01917
0.08945
0.06161
0.01593
0.01726
0.03271
0.09317
0.01497
0.01678
0.01326
0.07801
0.06676
0.01554
0.01392
0.01507
0.119
0.03119
0.01488
0.01669
0.05016
0.09212
0.01726
0.02012
0.01726
0.09108
0.03586
0.01764
0.01621
0.037
0.1158
0.01841
0.0123
0.01354
0.06151
0.1032
0.01602
0.01965
0.01621
0.09899
0.06628
0.01535
0.01669
0.01888
0.1123
0.06189
0.0124
0.01497
0.01421
0.1122
0.02737
0.01926
0.01726
0.03233
0.09861
0.01583
0.01345
0.0123
0.04063
0.06685
0.01497
0.01736
0.01335
0.04511
0.06094
0.01297
0.01192
0.01411
0.05903
0.08335
0.01259
0.01507
0.01478
0.06819
0.04282
0.01411
0.01354
0.01268
0.07687
0.03653
0.01354
0.01783
0.02003
0.1204
0.0515
0.01955
0.01812
0.02441
0.1167
0.02012
0.01907
0.02031
0.03738
0.107
0.0164
0.01326
0.01612
0.04587
0.09012
0.01707
0.01507
0.01488
0.06084
0.1047
0.01955
0.0185
0.01326
0.0638
0.06094
0.01888
0.0186
0.01583
0.06742
0.08678
0.01736
0.01612
0.01354
0.07086
0.05264
0.01717
0.01459
0.01726
0.08554
0.0638
0.01583
0.01879
0.01831
0.08259
0.05264
0.01621
0.01249
0.01783
0.09499
0.05112
0.01745
0.01774
0.0123
0.09766
0.06886
0.01402
0.008392
0.009632
0.05627
0.02518
0.008488
0.009727
0.03042
0.1238
0.01841
0.01545
0.01822
0.06104
0.1446
0.02432
0.01211
0.01736
0.04168
0.06771
0.007725
0.01554
0.01278
0.07181
0.005054
0.009632
0.009727
0.01593
0.0659
0.07563
0.03252
0.01106
0.05951
0.08354
0.01106
0.0104
0.006485
0.06275
0.05665
0.01163
0.01068
0.009537
0.0742
0.07839
0.01717
0.01545
0.01926
0.07248
0.01364
0.01192
0.009441
0.03281
0.05646
0.01554
0.008202
0.01116
0.0679
0.05569
0.006104
0.009918
0.01726
0.06742
0.02184
0.01116
0.008202
0.0473
0.08993
0.07954
0.01268
0.009823
0.06704
0.04053
0.009632
0.01202
0.02584
0.06828
0.03881
0.009155
0.01192
0.07133
0.05999
0.01307
0.01316
0.03719
0.07372
0.01392
0.01097
0.01278
0.07477
0.04768
0.01173
0.01116
0.05054
0.1141
0.03004
0.01488
0.01287
0.07496
0.02108
0.01326
0.01001
0.05274
0.07668
0.01364
0.0104
0.01326
0.08869
0.04406
0.008297
0.01478
0.04826
0.08297
0.0721
0.01183
0.01879
0.08707
0.0268
0.0104
0.01097
0.05341
0.06304
0.00782
0.01078
0.02289
0.08707
0.03185
0.01287
0.01488
0.05789
0.04206
0.01087
0.01354
0.01392
0.09193
0.05178
0.01211
0.0103
0.05083
0.04616
0.01354
0.01163
0.01802
0.08898
0.01965
0.01354
0.02165
0.04673
0.05388
0.01669
0.01621
0.006962
0.07334
0.02556
0.01431
0.01183
0.03729
0.04826
0.01488
0.008106
0.01135
0.06332
0.03099
