9.082
8.801
13.75
20.75
19.65
10.97
8.789
8.813
8.997
8.826
8.85
8.875
16.41
20.83
19.14
13.96
6.665
6.421
6.409
7.104
8.948
8.85
8.765
8.948
8.521
8.85
8.862
11.45
20.51
19.9
17.97
10.36
8.997
8.716
14.31
16.99
17.8
18.21
18.6
17.92
15.26
14.11
13.16
10.58
9.326
18.14
20.83
18.82
13.33
16.02
17.07
17.9
18.33
18.7
17.07
14.97
13.75
9.351
8.679
8.887
14.23
16.77
17.58
18.12
18.51
17.8
15.45
14.11
12.6
8.96
11.5
20.68
19.36
17.11
9.607
14.97
17.07
17.82
18.19
18.6
16.82
14.33
13.31
9.851
8.911
9.033
13.48
16.24
17.14
17.85
18.31
17.55
15.04
13.43
10.95
9.07
9.07
8.63
9.167
8.826
8.862
9.302
10.33
20.04
20.0
18.58
13.38
9.094
9.143
9.07
8.911
15.38
17.24
17.99
18.43
18.21
15.43
13.75
10.74
9.302
9.399
9.326
9.338
12.67
16.24
17.36
17.97
18.26
18.63
16.41
15.01
13.79
11.82
9.631
8.752
14.79
16.94
17.75
18.21
18.65
16.89
14.92
14.23
9.851
9.009
9.509
16.41
20.8
16.89
12.26
16.8
17.72
18.19
18.51
17.41
14.89
13.18
9.949
14.23
16.67
17.38
17.99
18.31
18.24
15.38
14.55
14.33
10.25
9.399
9.241
9.509
17.8
20.83
20.12
17.6
11.79
9.29
9.045
9.314
16.24
20.8
19.14
9.192
6.702
6.604
6.604
6.604
6.604
6.604
6.738
8.972
8.545
8.972
8.972
9.131
9.338
9.607
19.19
20.83
18.14
9.229
9.045
9.058
8.899
8.899
8.069
6.604
6.604
6.604
6.604
6.604
6.604
6.604
7.166
8.948
9.363
8.838
8.948
8.948
12.38
20.43
20.46
15.82
9.277
8.972
8.972
14.82
20.73
20.09
13.99
6.848
6.604
6.604
6.604
6.604
6.604
6.604
6.616
8.899
8.838
9.009
8.948
8.96
8.948
9.119
9.155
9.119
8.923
9.058
9.265
9.509
9.68
9.204
9.253
6.604
6.604
6.604
6.604
6.604
6.604
6.604
6.604
8.24
12.12
20.63
19.29
9.119
8.752
8.862
8.875
8.752
8.569
8.765
8.887
9.448
9.485
9.058
8.35
6.604
6.604
6.604
6.604
6.604
6.604
6.604
7.336
9.021
9.155
8.984
8.887
9.045
9.229
8.984
9.937
18.43
20.83
17.33
9.631
17.53
20.83
18.75
14.45
6.714
6.604
6.604
6.604
6.604
6.604
6.604
6.604
8.374
8.557
8.643
8.752
8.923
8.85
8.85
9.009
8.777
9.18
8.728
8.984
16.65
20.85
19.58
12.92
7.263
6.726
6.604
6.604
6.604
6.604
6.604
6.604
6.726
8.752
8.447
8.594
8.459
8.398
9.998
19.82
20.14
11.68
8.789
8.337
8.435
8.264
8.74
7.788
6.604
6.604
6.604
6.604
6.604
6.604
6.604
6.689
9.375
8.972
9.363
10.18
17.72
20.83
20.85
19.6
15.55
9.277
16.31
20.8
20.83
18.65
17.43
11.25
18.7
20.85
20.8
19.17
17.99
13.84
16.31
17.5
18.19
18.65
18.99
19.26
19.43
19.53
19.73
19.85
19.92
19.92
19.95
20.12
20.12
20.19
20.31
20.31
20.39
20.56
20.7
20.7
20.73
17.65
17.65
19.43
20.73
20.85
20.85
20.85
20.87
20.39
18.09
17.53
16.94
11.35
13.53
17.16
18.07
18.51
18.82
19.12
19.36
19.48
19.56
19.73
19.85
20.0
20.12
20.12
20.26
20.31
20.39
20.51
20.58
20.7
20.7
20.02
17.65
20.17
20.85
20.85
20.85
20.87
20.58
19.31
18.65
18.07
17.65
13.01
14.6
17.29
17.94
18.36
18.73
19.02
19.34
19.46
19.58
19.73
19.73
19.78
19.92
19.97
20.12
20.26
20.29
20.31
20.39
20.48
20.63
20.68
20.7
20.68
17.87
18.63
20.73
20.85
20.85
20.85
20.87
20.87
18.63
17.63
17.53
17.11
16.87
9.119
14.72
17.04
17.77
18.29
18.6
18.85
19.24
19.43
19.56
19.73
19.73
19.92
19.92
20.07
20.14
20.31
20.31
20.46
20.51
20.61
20.7
20.7
20.7
19.53
18.36
18.36
19.75
20.56
20.68
20.65
20.68
20.68
20.58
20.14
19.58
17.72
17.48
9.497
11.98
16.8
17.77
18.38
18.68
18.99
19.34
19.36
19.53
19.68
19.75
19.8
19.92
20.0
20.12
20.26
20.31
20.31
20.46
20.68
20.7
20.7
19.95
17.63
19.82
20.68
20.87
20.75
20.65
20.68
20.34
18.65
18.6
17.55
14.4
9.119
14.82
16.53
17.29
14.65
13.48
13.6
9.778
15.43
16.85
13.72
12.6
15.99
20.36
16.89
9.119
9.314
11.57
16.16
16.89
13.62
12.5
14.65
20.21
18.48
11.13
15.36
16.89
14.26
13.18
9.888
14.92
16.75
15.53
13.11
12.05
10.08
15.8
16.94
13.65
12.96
12.29
18.9
20.02
15.45
10.69
16.63
17.7
18.41
18.73
19.21
19.48
19.63
19.68
19.82
19.87
19.95
20.09
20.12
20.31
20.31
20.41
20.51
20.7
20.7
20.7
20.65
17.8
20.34
20.85
20.85
20.85
20.87
18.87
17.8
17.24
15.89
10.85
16.43
17.53
18.12
18.55
18.85
19.26
19.36
19.51
19.73
19.9
19.92
20.02
20.12
20.24
20.31
20.34
20.51
20.53
20.7
20.7
18.65
18.92
20.85
20.85
20.85
20.73
19.85
19.17
19.19
19.19
18.55
10.28
15.31
16.89
17.43
17.72
18.04
18.31
18.43
18.6
18.75
19.02
19.17
19.26
19.36
19.41
19.58
19.6
19.7
19.75
19.85
19.95
19.95
19.95
19.95
20.09
20.17
20.31
20.31
20.34
20.51
20.58
20.7
20.7
20.7
18.41
18.82
20.7
20.78
20.85
20.85
20.73
19.87
18.38
18.12
17.75
11.99
9.644
9.961
9.412
9.717
10.02
9.875
10.63
9.509
10.36
9.766
9.521
10.61
12.65
20.39
19.97
11.87
16.77
20.75
19.51
17.43
13.96
16.8
17.5
17.92
18.31
18.6
18.82
19.09
19.34
19.38
19.58
19.73
19.73
19.87
20.0
20.12
20.21
20.31
20.31
20.31
20.31
20.41
20.51
20.51
20.68
20.7
20.7
20.7
18.43
18.29
20.8
20.85
20.85
20.85
20.9
20.65
18.63
18.41
18.07
17.82
12.79
14.06
20.7
20.73
18.07
12.57
9.241
8.276
6.616
6.604
6.604
8.35
9.106
11.07
20.14
20.75
16.77
9.644
16.7
20.83
19.53
14.5
9.033
9.094
9.204
9.119
9.363
16.67
20.83
19.51
11.88
6.848
6.628
6.604
6.604
6.604
6.604
6.604
6.604
6.604
6.604
6.604
6.604
6.604
6.604
6.604
6.604
6.604
6.604
6.604
7.446
9.448
9.656
10.03
10.17
9.57
9.851
10.14
17.53
20.73
