0.0
0.0
0.0
0.0
0.0
0.0
0.0
0.0
0.0
0.0
0.0
0.0
0.0
0.0
0.0
0.0
0.0
0.0
0.0
0.0
0.0
0.0
0.0
0.0
9.537e-05
0.0
0.0
0.0
0.0
0.0
0.0002861
0.0
0.0
0.01764
1.164
2.017
2.267
2.71
2.768
5.316
1.941
2.405
0.7889
0.8331
2.243
2.222
2.271
2.451
2.17
5.328
2.707
2.014
0.2544
1.543
2.643
2.737
2.692
2.628
5.194
2.954
0.5798
0.2026
0.293
0.1976
1.132
1.816
2.554
2.606
2.423
5.365
3.247
1.648
0.1339
0.1572
1.112
2.222
2.75
2.643
2.393
4.944
1.669
2.661
0.7004
0.1762
0.1925
0.1221
0.4959
1.501
1.709
1.639
1.874
2.402
4.926
2.118
2.057
0.3777
0.1019
1.003
1.602
1.831
1.624
1.981
2.826
4.633
2.551
0.6317
0.2514
0.1471
0.09556
0.3059
0.1175
1.189
1.813
1.95
1.575
1.602
2.133
4.828
1.534
2.286
0.9064
0.2094
1.27
1.675
1.437
1.584
2.551
2.811
5.072
2.28
0.2579
0.8072
0.211
0.2808
0.165
0.8438
1.657
2.481
2.921
2.695
5.511
2.579
1.913
0.5539
0.4074
0.5219
0.5661
0.04768
0.0
0.6432
1.651
1.724
1.59
1.965
2.109
1.935
4.871
2.505
1.678
0.2846
1.694
2.264
2.744
2.762
2.972
4.565
2.216
0.9201
0.3216
0.08154
0.09594
0.1652
0.2754
0.00267
0.0002861
0.0
0.0
0.0
9.537e-05
0.0
0.0
0.0
0.0
0.0
0.0
0.0
0.0
0.0
9.537e-05
0.0
0.0
0.0
0.0
0.0
0.0
0.0
0.0
0.0
0.0
0.0
0.0
0.0
0.0
0.0
0.0
9.537e-05
0.0
0.0
0.0
0.0
0.0
0.0
0.0
0.0
0.0
0.0
0.0
0.0
0.0
0.0
0.0
0.0
0.0
0.0
0.0002861
0.0
9.537e-05
0.0
0.0
0.0
0.0
0.0
0.0
0.0
0.0
0.0
0.0
0.0
9.537e-05
0.0
0.0
0.0
0.0
0.0
0.0
0.0
0.0
0.0
0.0
0.0
0.0
0.0
9.537e-05
0.0
9.537e-05
0.0
0.0
0.0
0.0
0.0
0.0
0.0
0.0
0.0
0.0
0.0
0.0
0.0
0.0
0.0
0.0
0.0
0.0
0.0
0.0
0.0
0.0
0.0
0.0
0.0
0.0
0.0
0.0
0.0
0.0
0.0
0.0004768
0.0001907
0.0
0.0
0.0
0.0
0.0
0.0
0.0
0.0
0.0
0.0
9.537e-05
0.0
0.0
0.0
0.0
0.0
0.0
0.0
0.0
0.0
0.0
0.0008583
0.0
0.0
0.0
0.0
0.0
0.0001907
0.0
0.0
0.0
0.0
0.0
0.0
0.0
0.0
0.0
0.0
9.537e-05
0.0
0.0
0.0
0.0
0.0
0.0
0.0
0.0
0.0
9.537e-05
0.0
0.0
0.0
0.0
0.0
0.0
0.0
0.0001907
0.0
0.0
0.0
0.0
0.0
0.0
0.0
0.0003815
0.0
0.0
0.0
0.0
0.0
0.0
0.0
0.0
0.0
0.0
0.01116
0.5333
2.487
2.585
2.725
2.42
2.557
2.521
2.716
3.192
3.18
2.521
3.088
3.381
3.43
3.387
3.552
3.418
3.473
8.13
4.327
6.738
7.214
7.202
5.188
4.266
3.479
1.495
0.362
2.063
2.194
0.3937
1.265
2.921
3.021
3.235
2.966
3.168
2.917
3.131
3.265
3.21
2.89
3.055
2.994
3.314
3.198
3.278
3.253
8.569
6.848
7.739
8.35
6.836
5.804
3.491
1.297
0.5783
2.658
3.149
3.296
2.841
2.93
2.707
2.643
3.052
3.271
3.058
2.551
3.049
3.061
2.719
2.893
2.542
6.592
6.421
6.494
8.313
7.202
5.707
3.961
2.469
0.4776
0.0001907
2.448
3.168
3.0
3.11
2.972
3.503
3.369
3.339
3.29
3.192
3.235
2.698
2.527
2.386
2.374
3.156
3.394
4.614
7.751
6.482
9.497
6.689
5.06
4.132
3.241
1.596
0.4753
2.371
2.878
2.78
3.137
3.339
3.253
3.271
3.015
3.339
3.052
2.85
3.033
2.747
2.692
2.811
2.673
5.518
8.398
6.03
8.813
7.837
6.207
4.517
2.322
1.195
1.999
2.713
2.481
2.811
2.985
2.872
3.082
3.006
3.101
3.168
3.137
2.875
2.728
2.875
2.911
2.652
4.791
8.606
7.056
8.667
7.361
5.713
4.193
1.813
0.5913
2.472
2.823
3.18
3.296
2.771
2.792
2.774
3.369
3.552
3.412
3.198
3.32
3.18
3.265
3.116
4.016
6.146
2.679
4.779
4.718
7.532
6.628
6.0
4.706
3.845
3.174
1.393
0.2476
0.9979
1.498
3.772
2.567
0.3914
1.929
2.432
3.448
0.8484
1.329
2.026
4.199
1.43
0.4944
1.801
3.149
2.664
0.6813
1.843
2.008
4.578
3.394
0.9674
1.358
1.938
2.393
5.182
2.182
0.3036
1.688
2.136
4.266
1.175
0.9308
1.996
3.589
3.699
0.8194
0.2087
0.3078
0.1013
0.9705
2.017
4.224
1.381
0.6004
2.097
3.778
2.554
0.3166
1.761
2.853
3.638
0.4395
1.099
2.646
2.713
2.838
3.064
3.021
3.079
3.07
2.93
2.646
2.994
2.924
2.71
2.451
2.17
2.039
2.084
1.974
5.548
4.553
2.139
4.492
3.18
5.09
4.315
4.962
4.456
4.785
3.571
3.21
3.027
2.982
1.651
1.265
1.648
2.902
3.085
2.96
3.085
3.094
3.027
3.247
3.049
3.012
2.954
2.325
2.109
1.639
1.556
1.384
1.675
1.289
1.463
1.285
1.384
4.132
5.762
2.148
4.816
3.68
4.73
6.158
3.961
3.796
4.584
4.272
3.516
2.997
2.563
2.194
0.7141
0.8743
1.172
1.175
1.085
1.213
1.357
1.149
1.158
1.228
1.201
1.208
1.282
1.361
1.213
1.184
1.129
1.115
1.12
1.031
1.184
1.105
1.105
1.175
1.079
1.033
1.08
1.038
1.163
1.201
1.109
1.094
1.064
0.9476
1.137
1.147
1.207
1.277
1.132
1.073
1.392
6.86
3.912
2.725
4.193
4.602
5.92
5.621
4.895
4.498
4.81
3.192
3.406
2.972
1.706
0.9171
0.8316
0.6737
0.6866
0.1007
0.943
1.207
1.266
1.074
1.07
1.215
1.236
1.135
1.163
1.305
1.204
1.199
1.137
1.077
1.178
1.357
1.294
1.36
1.309
1.302
1.341
1.161
1.18
1.103
1.048
1.247
1.181
1.271
1.208
1.163
1.263
1.173
1.349
1.163
1.317
1.396
1.224
1.199
1.271
6.085
4.401
2.081
4.889
3.412
5.469
5.151
4.755
3.943
3.833
5.237
2.631
3.729
2.573
2.579
1.022
1.404
0.2907
0.3201
0.2804
0.3181
0.1087
0.112
0.09842
0.3025
0.002766
9.537e-05
0.0
0.0
0.0
0.0
0.0
0.0
9.537e-05
0.0
0.0
0.0
0.0
0.0
0.0
0.0
0.0
0.0
0.0
0.0
0.0
0.0
0.0
0.0
0.0
0.0
0.0
0.0003815
0.0001907
0.0
0.0
0.0
0.0
0.0
0.0
0.0
